2018
7
26
10
1
41.6
0.024938
0.024938
0.024913
0.024888
0.024888
0.024888
0.024864
0.024839
0.024839
0.024839
0.024814
0.02479
0.024765
0.024765
0.024741
0.024741
0.024716
0.024716
0.024691
0.024691
0.024667
0.024642
0.024618
0.024593
0.024593
0.024568
0.024568
0.024544
0.024519
0.024519
0.024519
0.024494
0.02447
0.024445
0.024421
0.024396
0.024371
0.024322
0.024297
0.024297
0.024199
0.024174
0.024174
0.02415
0.024125
0.024101
0.024101
0.024076
0.024076
0.024027
0.024027
0.024002
0.024002
0.023977
0.023953
0.023928
0.023928
0.023904
0.023879
0.023854
0.023854
0.02383
0.02383
0.023805
0.023781
0.023756
0.023756
0.023731
0.023707
0.023682
0.023657
0.023657
0.023657
0.023657
0.023657
0.023657
0.023682
0.023633
0.023584
0.02346
0.023165
0.02314
0.02314
0.023165
0.023165
0.02319
0.023165
0.023165
0.023165
0.023165
0.023165
0.023165
0.023165
0.023165
0.023165
0.023165
0.023165
0.02319
0.02319
0.023214
0.023214
0.02319
0.02319
0.023214
0.023214
0.023214
0.02319
0.02319
0.02319
0.02319
0.02319
0.023165
0.023165
0.023165
0.023165
0.02314
0.02314
0.023116
0.023116
0.023116
0.023067
0.023067
0.023067
0.023067
0.023067
0.023067
0.023067
0.023067
0.023042
0.023042
0.023042
0.023017
0.023017
0.022993
0.022968
0.022968
0.022944
0.022944
0.022894
0.02287
0.02287
0.022845
0.02282
0.02282
0.022771
0.022771
0.022771
0.022747
0.022697
0.022697
0.022673
0.022673
0.022648
0.022623
0.022623
0.022599
0.022599
0.022574
0.022574
0.02255
0.0225
0.022476
0.022476
0.0225
0.022476
0.022451
0.022427
0.022427
0.022427
0.022427
0.022402
0.022402
0.022402
0.022402
0.022377
0.022377
0.022353
0.022353
0.022328
0.022303
0.022279
0.022254
0.022254
0.02223
0.022205
0.02218
0.022156
0.022131
0.022131
0.022107
0.022107
0.022057
0.022057
0.022057
0.022033
0.022008
0.022008
0.021983
0.022008
0.022008
0.022008
0.021983
0.02191
0.021762
0.021614
0.02154
0.021491
0.021442
0.021442
0.021466
0.021491
0.021516
0.021516
0.021491
0.021491
0.021516
0.021516
0.021516
0.021516
0.021516
0.02154
0.02154
0.02154
0.021565
0.021565
0.02159
0.02159
0.02159
0.021565
0.021565
0.021565
0.02154
0.02154
0.021516
0.021516
0.021491
0.021466
0.021466
0.021466
0.021442
0.021417
0.021417
0.021417
0.021393
0.021393
0.021368
0.021368
0.021393
0.021393
0.021368
0.021368
0.021368
0.021368
0.021368
0.021368
0.021343
0.021343
0.021368
0.021343
0.021343
0.021343
0.021319
0.021319
0.021319
0.021319
0.02127
0.02127
0.02127
0.02127
0.021245
0.021245
0.021245
0.02122
0.021196
0.021196
0.021146
0.021122
0.021146
0.021122
0.021122
0.021073
0.021048
0.021048
0.021048
0.021048
0.021023
0.021023
0.021023
0.021023
0.021023
0.020999
0.020999
0.020999
0.020999
0.020999
0.020999
0.020974
0.020974
0.020999
0.020974
0.020974
0.02095
0.02095
0.020974
0.02095
0.02095
0.02095
0.020925
0.020925
0.020925
0.02095
0.020974
0.020974
0.020999
0.020999
0.020974
0.0209
0.020777
0.020703
0.020679
0.020605
0.020629
0.020629
0.020629
0.020605
0.020605
0.020605
0.020605
0.020605
0.020605
0.020605
0.020605
0.020605
0.020605
0.020605
0.020629
0.020654
0.020654
0.020654
0.020654
0.020679
0.020679
0.020679
0.020679
0.020679
0.020679
0.020679
0.020679
0.020654
0.020654
0.020654
0.020679
0.020654
0.020654
0.020654
0.020654
0.020654
0.020654
0.020654
0.020654
0.020654
0.020654
0.020679
0.020679
0.020679
0.020679
0.020654
0.020654
0.020654
0.020629
0.020629
0.020605
0.020605
0.02058
0.02058
0.020556
0.020531
0.020531
0.020531
0.020506
0.020482
0.020457
0.020457
0.020433
0.020433
0.020383
0.020359
0.020359
0.020359
0.020359
0.020334
0.020309
0.020309
0.020309
0.020309
0.020285
0.020285
0.020285
0.020285
0.02026
0.02026
0.020236
0.020211
0.020211
0.020211
0.020211
0.020211
0.020211
0.020211
0.020211
0.020236
0.020236
0.020236
0.020211
0.020211
0.020211
0.020186
0.020162
0.020162
0.020162
0.020137
0.020137
0.020113
0.020088
0.020113
0.020113
0.020088
0.020088
0.020088
0.020088
0.020088
0.020063
0.020063
0.020039
0.020039
0.020039
0.020063
0.020088
0.020063
0.020088
0.019792
0.019694
0.01962
0.019596
0.019571
0.019571
0.01962
0.019645
0.019645
0.019669
0.019669
0.019669
0.019694
0.019719
0.019719
0.019743
0.019743
0.019768
0.019768
0.019792
0.019817
0.019817
0.019842
0.019842
0.019842
0.019842
0.019842
0.019842
0.019842
0.019817
0.019817
0.019817
0.019817
0.019817
0.019792
0.019792
0.019817
0.019817
0.019817
0.019792
0.019768
0.019768
0.019768
0.019768
0.019768
0.019743
0.019743
0.019743
0.019768
0.019768
0.019743
0.019743
0.019719
0.019743
0.019719
0.019719
0.019694
0.019719
0.019719
0.019694
0.019694
0.019694
0.019694
0.019694
0.019694
0.019669
0.019669
0.019669
0.019669
0.019645
0.01962
0.019596
0.019596
0.019571
0.019571
0.019546
0.019522
0.019522
0.019522
0.019497
0.019472
0.019472
0.019448
0.019448
0.019448
0.019448
0.019448
0.019423
0.019423
0.019423
0.019423
0.019423
0.019399
0.019374
0.019374
0.019374
0.019374
0.019349
0.019349
0.019349
0.019349
0.019325
0.0193
0.0193
0.0193
0.0193
0.0193
0.019276
0.019251
0.019276
0.019276
0.019276
0.019276
0.0193
0.019325
0.019349
0.019349
0.0193
0.019226
0.019103
0.018734
0.018709
0.018734
0.018734
0.018759
0.018759
0.018759
0.018759
0.018759
0.018759
0.018759
0.018759
0.018759
0.018759
0.018759
0.018759
0.018759
0.018783
0.018783
0.018783
0.018783
0.018783
0.018783
0.018783
0.018783
0.018783
0.018783
0.018783
0.018783
0.018783
0.018759
0.018759
0.018759
0.018783
0.018759
0.018759
0.018759
0.018783
0.018783
0.018783
0.018808
0.018783
0.018759
0.018759
0.018759
0.018759
0.018734
0.018709
0.018685
0.018685
0.01866
0.01866
0.018635
0.018635
0.018611
0.018611
0.018586
0.018562
0.018537
0.018537
0.018537
0.018512
0.018488
0.018463
0.018463
0.018439
0.018414
0.018389
0.018389
0.018365
0.018365
0.018365
0.018315
0.018315
0.018315
0.018291
0.018291
0.018266
0.018242
0.018242
0.018217
0.018217
0.018217
0.018217
0.018217
0.018217
0.018192
0.018217
0.018217
0.018192
0.018192
0.018192
0.018192
0.018168
0.018143
0.018118
0.018118
0.018094
0.018094
0.018069
0.018045
0.018045
0.018045
0.01802
0.017995
0.017995
0.017995
0.017971
0.017971
0.017946
0.017946
0.017946
0.017946
0.017946
0.017946
0.017971
0.017971
0.017971
0.017946
0.017872
0.017503
0.017454
0.017478
0.017503
0.017528
0.017552
0.017552
0.017552
0.017577
0.017602
0.017626
0.017626
0.017651
0.017675
0.017675
0.0177
0.0177
0.017725
0.017774
0.017798
0.017798
0.017798
0.017798
0.017798
0.017823
0.017823
0.017823
0.017798
0.017823
0.017823
0.017798
0.017798
0.017798
0.017798
0.017798
0.017798
0.017774
0.017774
0.017774
0.017774
0.017749
0.017725
0.017725
0.0177
0.0177
0.0177
0.0177
0.017675
0.017675
0.017675
0.017675
0.017675
0.017651
0.017626
0.017626
0.017626
0.017602
0.017577
0.017552
0.017577
0.017577
0.017577
0.017552
0.017528
0.017552
0.017552
0.017528
0.017503
0.017478
0.017478
0.017478
0.017454
0.017429
0.017405
0.017405
0.017405
0.01738
0.017355
0.017355
0.017355
0.017355
0.017355
0.017355
0.017355
0.017331
0.017331
0.017331
0.017331
0.017331
0.017331
0.017306
0.017306
0.017306
0.017306
0.017306
0.017281
0.017281
0.017281
0.017281
0.017281
0.017257
0.017257
0.017257
0.017257
0.017232
0.017232
0.017257
0.017257
0.017257
0.017257
0.017281
0.017331
0.017355
0.017355
0.017331
0.017281
0.017183
0.01706
0.016986
0.016912
0.016912
0.016912
0.016912
0.016937
0.016961
0.016961
0.016961
0.016961
0.016961
0.016986
0.016986
0.017011
0.017011
0.017035
0.01706
0.01706
0.01706
0.01706
0.017085
0.017085
0.017109
0.017109
0.017109
0.017109
0.017109
0.017109
0.017109
0.017085
0.017085
0.017109
0.017085
0.017085
0.017085
0.017085
0.017085
0.017109
0.017109
0.017109
0.017134
0.017158
0.017158
0.017158
0.017158
0.017134
0.017134
0.017134
0.017134
0.017134
0.017109
0.017109
0.017109
0.017109
0.017109
0.017085
0.01706
0.01706
0.01706
0.017035
0.017035
0.017011
0.016986
0.016986
0.016986
0.016961
0.016961
0.016937
0.016937
0.016937
0.016937
0.016912
0.016912
0.016912
0.016912
0.016888
0.016888
0.016888
0.016888
0.016888
0.016863
0.016863
0.016888
0.016888
0.016888
0.016912
0.016912
0.016912
0.016912
0.016912
0.016912
0.016912
0.016888
0.016888
0.016863
0.016888
0.016888
0.016863
0.016838
0.016838
0.016838
0.016838
0.016838
0.016814
0.016814
0.016814
0.016814
0.016814
0.016814
0.016814
0.016814
0.016814
0.016789
0.016789
0.016789
0.016789
0.016789
0.016789
0.016789
0.016814
0.016838
0.016838
0.016641
0.016494
0.01642
0.016371
0.016346
0.016371
0.016395
0.016445
0.016469
0.016494
0.016494
0.016518
0.016543
0.016543
0.016543
0.016568
0.016568
0.016568
0.016568
0.016568
0.016617
0.016617
0.016617
0.016617
0.016617
0.016617
0.016641
0.016641
0.016641
0.016641
0.016641
0.016666
0.016666
0.016666
0.016666
0.016666
0.016666
0.016666
0.016641
0.016666
0.016666
0.016666
0.016691
0.016691
0.016691
0.016691
0.016691
0.016691
0.016691
0.016691
0.016691
0.016666
0.016691
0.016691
0.016691
0.016691
0.016715
0.016715
0.016715
0.016715
0.016715
0.016715
0.016715
0.016715
0.016691
0.016666
0.016641
0.016641
0.016641
0.016617
0.016592
0.016568
0.016543
0.016543
0.016543
0.016518
0.016494
0.016494
0.016494
0.016494
0.016469
0.016469
0.016445
0.016445
0.016445
0.016445
0.01642
0.01642
0.016395
0.016395
0.016395
0.016395
0.016371
0.016371
0.016346
0.016346
0.016346
0.016321
0.016321
0.016297
0.016297
0.016297
0.016272
0.016248
0.016272
0.016272
0.016248
0.016248
0.016248
0.016248
0.016248
0.016248
0.016223
0.016198
0.016198
0.016174
0.016174
0.016149
0.016124
0.0161
0.016051
0.016051
0.016051
0.016026
0.016026
0.016001
0.016001
0.016001
0.016026
0.016051
0.016051
0.016051
0.016051
0.016001
0.015928
0.015804
0.015681
0.015608
0.015558
0.015558
0.015558
0.015583
0.015632
0.015657
0.015657
0.015657
0.015681
0.015706
0.015706
0.015706
0.015731
0.015731
0.015755
0.01578
0.015804
0.015804
0.015854
0.015878
0.015878
0.015903
0.015952
0.015928
0.015903
0.015903
0.015903
0.015903
0.015903
0.015928
0.015928
0.015952
0.015928
0.015928
0.015928
0.015928
0.015928
0.015928
0.015928
0.015928
0.015928
0.015928
0.015952
0.015928
0.015928
0.015928
0.015928
0.015928
0.015928
0.015903
0.015903
0.015928
0.015952
0.015928
0.015928
0.015928
0.015928
0.015928
0.015903
0.015903
0.015903
0.015928
0.015878
0.015854
0.015878
0.015878
0.015854
0.015854
0.015854
0.015854
0.015829
0.015804
0.015804
0.01578
0.01578
0.015755
0.015755
0.015731
0.015731
0.015731
0.015731
0.015706
0.015706
0.015706
0.015681
0.015681
0.015657
0.015657
0.015657
0.015657
0.015632
0.015632
0.015608
0.015608
0.015608
0.015583
0.015583
0.015558
0.015558
0.015558
0.015534
0.015534
0.015484
0.015509
0.015534
0.015558
0.015558
0.015534
0.015534
0.015484
0.015361
0.015238
0.015189
0.015164
0.015164
0.015189
0.015189
0.015214
0.015214
0.015238
0.015238
0.015238
0.015238
0.015263
0.015263
0.015263
0.015263
0.015263
0.015287
0.015287
0.015312
0.015312
0.015312
0.015312
0.015337
0.015337
0.015337
0.015337
0.015337
0.015337
0.015361
0.015337
0.015337
0.015337
0.015312
0.015337
0.015337
0.015337
0.015337
0.015337
0.015337
0.015337
0.015337
0.015337
0.015337
0.015337
0.015361
0.015386
0.015386
0.015386
0.015411
0.015411
0.015411
0.015411
0.015411
0.015386
0.015386
0.015386
0.015386
0.015361
0.015361
0.015361
0.015337
0.015337
0.015312
0.015287
0.015287
0.015287
0.015263
0.015263
0.015238
0.015238
0.015214
0.015214
0.015214
0.015189
0.015189
0.015189
0.015189
0.015189
0.015164
0.015164
0.015164
0.015164
0.015164
0.015164
0.01514
0.01514
0.01514
0.01514
0.01514
0.01514
0.01514
0.01514
0.01514
0.01514
0.015164
0.015164
0.015164
0.015189
0.015189
0.015164
0.015164
0.015164
0.015164
0.015164
0.01514
0.01514
0.01514
0.01514
0.01514
0.015115
0.015115
0.01514
0.015164
0.015164
0.015164
0.015164
0.015115
0.015041
0.014918
0.01482
0.014771
0.014746
0.014721
0.014746
0.014771
0.014795
0.014795
0.01482
0.01482
0.014844
0.014869
0.014844
0.014869
0.014869
0.014894
0.014894
0.014894
0.014918
0.014943
0.014967
0.014992
0.015017
0.015017
0.015041
0.015066
0.015066
0.015066
0.015091
0.015091
0.015091
0.015066
0.015066
0.015066
0.015041
0.015041
0.015041
0.015041
0.015041
0.015066
0.015066
0.015066
0.015066
0.015066
0.015066
0.015066
0.015066
0.015091
0.015091
0.015066
0.015066
0.015091
0.015091
0.015091
0.015091
0.015066
0.015066
0.015066
0.015066
0.015041
0.015041
0.015041
0.015017
0.015017
0.014992
0.014992
0.014967
0.014992
0.014967
0.014967
0.014967
0.014943
0.014943
0.014943
0.014918
0.014918
0.014894
0.014894
0.014894
0.014894
0.014869
0.014869
0.014869
0.014869
0.014844
0.014844
0.01482
0.01482
0.014844
0.01482
0.01482
0.01482
0.01482
0.01482
0.014795
0.014795
0.014795
0.014795
0.014795
0.014795
0.014771
0.014771
0.014771
0.014746
0.014746
0.014746
0.014746
0.014746
0.014746
0.014721
0.014721
0.014721
0.014721
0.014721
0.014721
0.014746
0.014746
0.014746
0.014746
0.014746
0.014746
0.014721
0.014721
0.014697
0.014697
0.014697
0.014697
0.014672
0.014647
0.014647
0.014647
0.014647
0.014647
0.014623
0.014623
0.014623
0.014623
0.014623
0.014598
0.014598
0.014623
0.014672
0.014672
0.014672
0.014647
0.014647
0.014574
0.014475
0.014352
0.014278
0.014254
0.014278
0.014303
0.014327
0.014327
0.014327
0.014327
0.014352
0.014377
0.014377
0.014401
0.014401
0.014426
0.014475
0.0145
0.0145
0.014524
0.014524
0.014549
0.014549
0.014549
0.014549
0.014549
0.014549
0.014549
0.014549
0.014524
0.014524
0.014524
0.014524
0.014524
0.014524
0.014524
0.014524
0.014524
0.014524
0.014524
0.014524
0.014524
0.014524
0.014524
0.014524
0.014524
0.014524
0.014524
0.014524
0.014524
0.0145
0.0145
0.014524
0.014524
0.0145
0.0145
0.0145
0.0145
0.014475
0.014475
0.014475
0.014475
0.014475
0.0145
0.0145
0.014475
0.014475
0.014475
0.01445
0.014426
0.014401
0.014401
0.014401
0.014377
0.014377
0.014352
0.014327
0.014327
0.014327
0.014327
0.014303
0.014303
0.014327
0.014327
0.014303
0.014303
0.014303
0.014303
0.014303
0.014303
0.014303
0.014303
0.014278
0.014278
0.014278
0.014278
0.014278
0.014278
0.014254
0.014278
0.014278
0.014254
0.014254
0.014254
0.014254
0.014278
0.014303
0.014303
0.014303
0.014303
0.014254
0.014155
0.014081
0.014032
0.014032
0.014007
0.014007
0.014007
0.014032
0.014032
0.014032
0.014057
0.014032
0.014032
0.014057
0.014057
0.014081
0.014106
0.014106
0.014106
0.01413
0.014155
0.014155
0.01418
0.014155
0.014155
0.01418
0.01418
0.01418
0.01418
0.01418
0.01418
0.01418
0.01418
0.01418
0.014155
0.014155
0.01418
0.014155
0.014155
0.014155
0.014155
0.01418
0.01418
0.01418
0.01418
0.014204
0.014204
0.014229
0.014229
0.014229
0.014254
0.014254
0.014254
0.014254
0.014229
0.014229
0.014204
0.014204
0.014204
0.01418
0.01418
0.01418
0.014155
0.014155
0.01413
0.01413
0.01413
0.01413
0.014106
0.014106
0.014081
0.014081
0.014081
0.014081
0.014057
0.014057
0.014057
0.014057
0.014057
0.014032
0.014032
0.014032
0.014032
0.014032
0.014032
0.014007
0.014007
0.014007
0.014007
0.014007
0.014007
0.014007
0.014007
0.014057
0.014057
0.014057
0.014032
0.014032
0.014032
0.014007
0.014007
0.014007
0.014007
0.014007
0.013983
0.013983
0.013958
0.013983
0.013983
0.013983
0.013958
0.013958
0.013958
0.013983
0.013983
0.013958
0.013958
0.013958
0.013958
0.013983
0.013983
0.014007
0.014007
0.013983
0.013958
0.013909
0.013786
0.013687
0.013613
0.013589
0.013564
0.013564
0.013589
0.013638
0.013663
0.013687
0.013712
0.013712
0.013737
0.013737
0.013761
0.013786
0.013786
0.01381
0.01381
0.013835
0.013835
0.013835
0.013835
0.01386
0.01386
0.01386
0.01386
0.01386
0.01386
0.01386
0.01386
0.01386
0.01386
0.01386
0.01386
0.01386
0.01386
0.01386
0.013884
0.013884
0.013884
0.013884
0.013884
0.013884
0.013884
0.013909
0.013884
0.013909
0.013884
0.013884
0.013884
0.013884
0.013884
0.013884
0.013884
0.013884
0.013884
0.013884
0.013909
0.013884
0.013884
0.013909
0.013909
0.013909
0.013884
0.013884
0.01386
0.01386
0.013835
0.01381
0.01381
0.013786
0.013786
0.013761
0.013761
0.013761
0.013761
0.013761
0.013737
0.013737
0.013737
0.013737
0.013737
0.013737
0.013737
0.013737
0.013737
0.013737
0.013737
0.013737
0.013737
0.013737
0.013737
0.013737
0.013737
0.013737
0.013737
0.013737
0.013737
0.013737
0.013737
0.013712
0.013712
0.013737
0.013737
0.013737
0.013737
0.013761
0.013786
0.013786
0.01381
0.01381
0.01381
0.01381
0.01381
0.013786
0.013786
0.013786
0.013786
0.013786
0.013761
0.013761
0.013761
0.013761
0.013761
0.013761
0.013737
0.013737
0.013737
0.013737
0.013786
0.01381
0.01381
0.013786
0.013761
0.013712
0.013613
0.01349
0.013417
0.013367
0.013367
0.013367
0.013392
0.013417
0.013441
0.013466
0.01349
0.01349
0.01349
0.013515
0.013515
0.01354
0.013564
0.013564
0.013589
0.013613
0.013638
0.013663
0.013687
0.013712
0.013712
0.013737
0.013737
0.013712
0.013712
0.013737
0.013737
0.013737
0.013737
0.013737
0.013737
0.013737
0.013737
0.013737
0.013761
0.013737
0.013761
0.013761
0.013761
0.013761
0.013761
0.013786
0.013786
0.013786
0.013786
0.013786
0.013786
0.013786
0.013786
0.013786
0.013786
0.013786
0.013786
0.013786
0.013761
0.013761
0.013761
0.013761
0.013761
0.013737
0.013737
0.013737
0.013761
0.013761
0.013737
0.013737
0.013737
0.013687
0.013687
0.013687
0.013687
0.013687
0.013663
0.013663
0.013663
0.013663
0.013638
0.013638
0.013638
0.013638
0.013638
0.013638
0.013638
0.013638
0.013638
0.013638
0.013638
0.013638
0.013638
0.013638
0.013638
0.013638
0.013613
0.013638
0.013638
0.013638
0.013613
0.013613
0.013613
0.013613
0.013613
0.013613
0.013589
0.013589
0.013589
0.013589
0.013589
0.013712
0.013712
0.013712
0.013687
0.013613
0.01349
0.013392
0.013318
0.013293
0.013269
0.013293
0.013318
0.013318
0.013343
0.013367
0.013367
0.013367
0.013367
0.013392
0.013417
0.013417
0.013417
0.013441
0.013441
0.013466
0.013466
0.01349
0.013515
0.013515
0.01354
0.01354
0.01354
0.01354
0.01354
0.01354
0.013564
0.01354
0.01354
0.013564
0.013564
0.013589
0.013589
0.013589
0.013613
0.013613
0.013613
0.013638
0.013638
0.013663
0.013663
0.013687
0.013687
0.013712
0.013712
0.013712
0.013712
0.013712
0.013712
0.013712
0.013712
0.013712
0.013712
0.013687
0.013687
0.013687
0.013687
0.013687
0.013687
0.013687
0.013687
0.013687
0.013687
0.013687
0.013687
0.013687
0.013687
0.013687
0.013687
0.013687
0.013687
0.013687
0.013687
0.013712
0.013737
0.013737
0.013761
0.013786
0.01381
0.013835
0.013835
0.01386
0.013884
0.013934
0.013983
0.014007
0.014032
0.014081
0.014106
0.014155
0.01418
0.014204
0.014229
0.014254
0.014254
0.014278
0.014278
0.014278
0.014303
0.014327
0.014352
0.014377
0.014401
0.014426
0.014475
0.0145
0.014524
0.014524
0.014549
0.014598
0.014623
0.014795
0.014869
0.014967
0.015041
0.015091
0.01514
0.015164
0.01514
0.015066
0.015041
0.015066
0.01514
0.015214
0.015312
0.01546
0.015583
0.015681
0.01578
0.015878
0.015977
0.016124
0.016248
0.016395
0.016592
0.016765
0.016986
0.017257
0.017454
0.017552
0.017626
0.017725
0.017798
0.017823
0.017848
0.017872
0.017922
0.017971
0.017995
0.018045
0.018069
0.01802
0.017995
0.017971
0.017946
0.017872
0.017798
0.017725
0.017626
0.017503
0.01738
0.017232
0.017085
0.016961
0.016838
0.01674
0.016617
0.016518
0.016445
0.016395
0.016321
0.016223
0.016149
0.0161
0.016051
0.015928
0.015829
0.015731
0.015657
0.015583
0.015509
0.015411
0.015287
0.015214
0.015164
0.015115
0.014992
0.014869
0.014795
0.014746
0.014697
0.01445
0.014426
0.014352
0.014278
0.014229
0.014204
0.014204
0.014155
0.014057
0.014007
0.014007
0.014007
0.013958
0.013884
0.01381
0.01381
0.01381
0.013737
0.013638
0.013564
0.013564
0.013564
0.01349
0.013367
0.013293
0.013244
0.013269
0.013269
0.013269
0.013318
0.013466
0.013515
0.01349
0.013441
0.013392
0.013417
0.013343
0.013244
0.013146
0.013072
0.012752
0.012653
0.012555
0.012383
0.012112
0.011841
0.011669
0.011546
0.011423
0.011275
0.011152
0.011078
0.011029
0.010906
0.010635
0.010241
0.0097978
0.0093547
0.0089115
0.0084192
0.008173
0.0082715
0.00837
0.0081976
0.0074099
0.0058344
0.0038403
0.0016001
-0.00012309
-0.0009847
-0.0010586
-0.00064006
-7.3853e-05
0.00034465
0.0010093
0.0016986
0.0021417
0.0024618
0.002511
0.0024125
0.0022648
0.0024371
0.0027325
0.0027325
0.0024371
0.0020925
0.0019202
0.0018955
0.0017971
0.001674
0.0015509
0.001674
0.0021417
0.0026833
0.003028
0.0031757
0.0034957
0.0040619
0.0047019
0.0052189
0.0056374
0.0061298
0.006499
0.0068191
0.0070898
0.0072868
0.0074837
0.007656
0.0080253
0.0082223
0.0082961
0.0084684
0.0087885
0.0092316
0.0095516
0.0097978
0.010167
0.010758
0.011226
0.011398
0.012358
0.01258
0.012826
0.013269
0.013934
0.014647
0.015189
0.01578
0.016494
0.017232
0.017774
0.018118
0.018463
0.018709
0.019054
0.019497
0.019546
0.01962
0.019522
0.019349
0.018709
0.016691
0.014106
0.011669
0.0095762
0.00837
0.0070652
0.0075083
0.0081976
0.010315
0.014377
0.016248
0.01802
0.022057
0.026021
0.03055
0.034588
0.039486
0.043376
0.047487
0.052657
0.056054
0.058639
0.059821
0.061938
0.065556
0.071145
0.072548
0.07208
0.075403
0.080327
0.078702
0.06984
0.063439
0.059353
0.063587
0.066738
0.069372
0.06723
0.055389
0.050195
0.047143
0.042588
0.043647
0.043031
0.038699
0.034908
0.03215
0.0322
0.03055
0.037443
0.040397
0.042514
0.045222
0.044902
0.045887
0.05086
0.054011
0.057113
0.056817
0.064252
0.064547
0.064326
0.063513
0.064326
0.06536
0.065286
0.064892
0.066812
0.069028
0.070283
0.070874
0.072129
0.073902
0.073729
0.071711
0.070997
0.070603
0.070923
0.070751
0.070209
0.06952
0.069544
0.070258
0.072326
0.073483
0.07304
0.071563
0.070948
0.070751
0.069815
0.069052
0.068043
0.067526
0.067181
0.066713
0.06696
0.067132
0.06696
0.067083
0.067452
0.067427
0.066295
0.065089
0.064695
0.064424
0.063981
0.063316
0.062627
0.062036
0.061445
0.060214
0.05886
0.057876
0.057014
0.056571
0.056349
0.055611
0.055168
0.054577
0.05374
0.052534
0.051697
0.051894
0.052534
0.053248
0.054676
0.05662
0.057039
0.056965
0.056497
0.056226
0.056079
0.05566
0.055291
0.055266
0.057088
0.058934
0.058639
0.057974
0.058023
0.057507
0.057137
0.057113
0.056596
0.055463
0.054626
0.054552
0.054848
0.054725
0.054355
0.053666
0.053002
0.052903
0.052583
0.051992
0.051426
0.050786
0.050589
0.050466
0.049457
0.0483
0.047143
0.04665
0.04633
0.045567
0.044533
0.043647
0.043327
0.042514
0.04153
0.040422
0.039511
0.03892
0.037911
0.036754
0.035818
0.034908
0.033849
0.032667
0.029566
0.028827
0.027941
0.027079
0.026316
0.025898
0.025258
0.024322
0.023534
0.022894
0.022353
0.021836
0.021146
0.020383
0.019817
0.019399
0.018882
0.018168
0.017429
0.016961
0.016568
0.016001
0.015238
0.014598
0.01418
0.013786
0.013244
0.012604
0.012038
0.011595
0.01125
0.010955
0.010536
0.010118
0.0098962
0.0097732
0.0096008
0.0092808
0.0090592
0.0089608
0.0083207
0.008173
0.0080499
0.0079515
0.0077791
0.0077053
0.0078776
0.0081484
0.0084438
0.0087392
0.0090839
0.009527
0.0099701
0.010462
0.010881
0.01125
0.011718
0.012136
0.012407
0.012555
0.01258
0.012752
0.013023
0.013244
0.01322
0.013146
0.01317
0.013195
0.01317
0.013121
0.012973
0.012752
0.01258
0.012358
0.012063
0.011792
0.011644
0.011472
0.011201
0.01093
