2018
7
26
10
1
41.6
0.014795
0.014771
0.014746
0.014721
0.014721
0.014721
0.014697
0.014672
0.014672
0.014672
0.014647
0.014623
0.014598
0.014598
0.014574
0.014574
0.014549
0.014549
0.014524
0.014524
0.014524
0.0145
0.0145
0.014475
0.014475
0.014475
0.014475
0.014475
0.014475
0.014475
0.014475
0.01445
0.01445
0.014475
0.014475
0.014475
0.01445
0.01445
0.01445
0.014426
0.014377
0.014377
0.014352
0.014352
0.014327
0.014327
0.014303
0.014303
0.014303
0.014278
0.014278
0.014278
0.014278
0.014254
0.014229
0.014229
0.014229
0.014204
0.014204
0.014204
0.01418
0.01418
0.01418
0.01418
0.014155
0.014155
0.014155
0.01413
0.01413
0.01413
0.01413
0.01413
0.014106
0.014057
0.014032
0.014032
0.014057
0.014081
0.014081
0.014106
0.014254
0.014229
0.014229
0.014229
0.014229
0.014229
0.014229
0.014204
0.01418
0.01418
0.014155
0.01413
0.014106
0.014081
0.014057
0.014057
0.014032
0.014007
0.014007
0.013983
0.013958
0.013934
0.013934
0.013934
0.013909
0.013909
0.013884
0.01386
0.01386
0.01386
0.013835
0.013835
0.01381
0.01381
0.01381
0.013786
0.013786
0.013786
0.013786
0.013786
0.013737
0.013737
0.013737
0.013737
0.013712
0.013712
0.013712
0.013712
0.013737
0.013737
0.013737
0.013737
0.013737
0.013712
0.013712
0.013712
0.013712
0.013712
0.013687
0.013687
0.013687
0.013687
0.013687
0.013687
0.013687
0.013687
0.013712
0.013687
0.013687
0.013687
0.013687
0.013687
0.013687
0.013687
0.013663
0.013663
0.013663
0.013663
0.013663
0.013638
0.013613
0.013613
0.013613
0.013613
0.013638
0.013613
0.013613
0.013613
0.013613
0.013613
0.013613
0.013589
0.013589
0.013613
0.013613
0.013589
0.013589
0.013613
0.013638
0.013638
0.013613
0.013613
0.013613
0.013613
0.013613
0.013589
0.013589
0.013589
0.013589
0.013589
0.013589
0.013564
0.013564
0.013564
0.013564
0.013564
0.013564
0.013564
0.013564
0.01354
0.01354
0.013564
0.013589
0.013613
0.013663
0.013687
0.013687
0.013687
0.013663
0.013663
0.013687
0.013687
0.013687
0.013663
0.013663
0.013638
0.013613
0.013589
0.013564
0.01354
0.013515
0.01349
0.013466
0.013441
0.013417
0.013441
0.013417
0.013417
0.013392
0.013392
0.013392
0.013367
0.013367
0.013343
0.013343
0.013318
0.013318
0.013318
0.013293
0.013293
0.013269
0.013269
0.013269
0.013244
0.013244
0.01322
0.01322
0.01322
0.01322
0.01322
0.013195
0.013195
0.013195
0.01317
0.01317
0.01317
0.013146
0.013146
0.013146
0.013146
0.013121
0.013121
0.013121
0.013121
0.013121
0.013097
0.013097
0.013097
0.013097
0.013097
0.013097
0.013097
0.013121
0.013146
0.013146
0.013121
0.013146
0.013146
0.013146
0.013146
0.013146
0.013121
0.013121
0.013121
0.013121
0.013097
0.013097
0.013097
0.013097
0.013072
0.013072
0.013072
0.013072
0.013072
0.013072
0.013047
0.013023
0.013023
0.013023
0.013023
0.012998
0.012998
0.012973
0.012973
0.012973
0.012973
0.012949
0.012949
0.012949
0.012949
0.012924
0.0129
0.0129
0.0129
0.012924
0.012924
0.012949
0.012998
0.013023
0.013047
0.013072
0.013097
0.013097
0.013097
0.013072
0.013072
0.013047
0.013023
0.013023
0.012998
0.012973
0.012973
0.012949
0.012924
0.012924
0.012924
0.0129
0.0129
0.012875
0.012875
0.01285
0.01285
0.012826
0.012826
0.012826
0.012801
0.012801
0.012801
0.012776
0.012776
0.012752
0.012752
0.012752
0.012727
0.012703
0.012703
0.012703
0.012678
0.012678
0.012653
0.012629
0.012629
0.012604
0.012604
0.012604
0.012629
0.012629
0.012629
0.012629
0.012604
0.012604
0.012604
0.012604
0.012604
0.012604
0.012604
0.012604
0.012604
0.012604
0.012604
0.012604
0.012604
0.012604
0.012629
0.012629
0.012604
0.012604
0.012604
0.012604
0.012604
0.012604
0.012604
0.012604
0.01258
0.01258
0.01258
0.012555
0.012555
0.012555
0.012555
0.01253
0.012506
0.012506
0.012506
0.012506
0.012506
0.012481
0.012481
0.012481
0.012481
0.012481
0.012481
0.012481
0.012481
0.012506
0.012506
0.012481
0.012481
0.012481
0.012481
0.012456
0.012456
0.012456
0.012432
0.012432
0.012456
0.012432
0.012432
0.012432
0.012432
0.012432
0.012432
0.012407
0.012432
0.012432
0.012407
0.012383
0.012383
0.012358
0.012383
0.012481
0.012506
0.012506
0.01253
0.012506
0.012506
0.012506
0.012506
0.012506
0.012506
0.012481
0.012481
0.012456
0.012456
0.012432
0.012407
0.012383
0.012358
0.012333
0.012309
0.012309
0.012309
0.012309
0.012284
0.01226
0.01226
0.012235
0.012235
0.012235
0.01221
0.012186
0.012186
0.012186
0.012186
0.012161
0.012161
0.012161
0.012161
0.012161
0.012136
0.012112
0.012112
0.012087
0.012087
0.012087
0.012063
0.012063
0.012063
0.012063
0.012038
0.012038
0.012013
0.012013
0.012013
0.012013
0.012013
0.011989
0.011989
0.011989
0.011989
0.011989
0.011989
0.011989
0.011989
0.012013
0.012013
0.012013
0.012038
0.012038
0.012063
0.012038
0.012038
0.012038
0.012038
0.012038
0.012013
0.012013
0.012013
0.012013
0.011989
0.011964
0.011964
0.011964
0.011939
0.011939
0.011939
0.011939
0.011915
0.011915
0.011915
0.011915
0.01189
0.01189
0.011866
0.011866
0.011866
0.011866
0.011841
0.011841
0.011841
0.011841
0.011816
0.011816
0.011792
0.011792
0.011792
0.011792
0.011792
0.011767
0.011767
0.011792
0.011767
0.011767
0.011718
0.011718
0.011743
0.011767
0.011767
0.011792
0.011841
0.011915
0.011915
0.011915
0.011915
0.011915
0.011915
0.011915
0.01189
0.01189
0.011866
0.011841
0.011816
0.011816
0.011792
0.011767
0.011743
0.011743
0.011718
0.011693
0.011669
0.011669
0.011644
0.011644
0.011619
0.011595
0.011595
0.01157
0.01157
0.01157
0.011546
0.011546
0.011546
0.011521
0.011521
0.011496
0.011496
0.011496
0.011496
0.011496
0.011472
0.011472
0.011472
0.011472
0.011472
0.011472
0.011472
0.011472
0.011472
0.011472
0.011472
0.011447
0.011447
0.011447
0.011447
0.011447
0.011447
0.011447
0.011447
0.011447
0.011447
0.011472
0.011447
0.011447
0.011472
0.011472
0.011496
0.011472
0.011472
0.011472
0.011472
0.011472
0.011472
0.011472
0.011447
0.011447
0.011447
0.011447
0.011447
0.011447
0.011447
0.011447
0.011447
0.011447
0.011447
0.011447
0.011447
0.011423
0.011423
0.011423
0.011423
0.011447
0.011472
0.011472
0.011472
0.011472
0.011447
0.011472
0.011472
0.011472
0.011447
0.011447
0.011447
0.011447
0.011447
0.011447
0.011447
0.011447
0.011447
0.011447
0.011447
0.011423
0.011447
0.011447
0.011423
0.011398
0.011398
0.011398
0.011423
0.011447
0.011472
0.011619
0.011595
0.011595
0.011595
0.011595
0.011595
0.011595
0.011595
0.01157
0.01157
0.011546
0.011521
0.011496
0.011496
0.011472
0.011447
0.011423
0.011398
0.011373
0.011373
0.011373
0.011373
0.011349
0.011349
0.011324
0.011324
0.011299
0.011275
0.011275
0.011275
0.011275
0.011275
0.011275
0.011275
0.011275
0.011275
0.011275
0.011275
0.011275
0.011275
0.011275
0.011275
0.01125
0.01125
0.01125
0.01125
0.01125
0.011226
0.011226
0.011226
0.011226
0.011226
0.011226
0.011201
0.011226
0.011226
0.011226
0.011201
0.011201
0.011201
0.011226
0.011226
0.011226
0.011201
0.011201
0.011226
0.011226
0.01125
0.01125
0.01125
0.01125
0.01125
0.011226
0.011226
0.011226
0.011226
0.011226
0.011201
0.011201
0.011201
0.011176
0.011176
0.011176
0.011176
0.011176
0.011176
0.011176
0.011176
0.011176
0.011176
0.011176
0.011176
0.011201
0.011201
0.011201
0.011176
0.011176
0.011201
0.011201
0.011176
0.011176
0.011176
0.011201
0.011201
0.011176
0.011176
0.011176
0.011201
0.011201
0.011176
0.011152
0.011152
0.011152
0.011176
0.011201
0.011226
0.01125
0.011299
0.011324
0.011324
0.011324
0.011299
0.011324
0.011299
0.011299
0.011299
0.011275
0.01125
0.01125
0.011226
0.011226
0.011201
0.011176
0.011176
0.011152
0.011127
0.011102
0.011102
0.011078
0.011078
0.011078
0.011078
0.011053
0.011053
0.011053
0.011053
0.011053
0.011029
0.011029
0.011029
0.011029
0.011029
0.011004
0.011004
0.011004
0.011004
0.010979
0.010979
0.010979
0.010979
0.011004
0.011004
0.011004
0.011004
0.010979
0.010979
0.010979
0.010979
0.010955
0.010955
0.010955
0.010979
0.010979
0.010979
0.010979
0.010979
0.010979
0.010979
0.011004
0.011004
0.011004
0.011004
0.011004
0.011004
0.011004
0.011004
0.011004
0.011004
0.011004
0.011004
0.011004
0.011004
0.011004
0.010979
0.010979
0.010979
0.010979
0.010979
0.010979
0.010955
0.010955
0.01093
0.01093
0.01093
0.01093
0.01093
0.010955
0.010955
0.010979
0.010979
0.010979
0.010955
0.010955
0.010979
0.010955
0.010955
0.010955
0.010955
0.010955
0.010955
0.010955
0.010955
0.010955
0.010955
0.010955
0.010955
0.010955
0.010955
0.010955
0.010955
0.010955
0.010955
0.010955
0.010955
0.010955
0.010955
0.01093
0.010906
0.010906
0.010906
0.011004
0.011029
0.011053
0.011053
0.011053
0.011053
0.011053
0.011053
0.011053
0.011053
0.011053
0.011053
0.011029
0.011004
0.011004
0.011004
0.011004
0.010979
0.010955
0.01093
0.01093
0.010906
0.010881
0.010881
0.010856
0.010856
0.010856
0.010832
0.010832
0.010832
0.010832
0.010832
0.010832
0.010807
0.010807
0.010807
0.010807
0.010807
0.010807
0.010782
0.010782
0.010758
0.010758
0.010758
0.010758
0.010758
0.010733
0.010733
0.010733
0.010733
0.010733
0.010709
0.010709
0.010709
0.010709
0.010684
0.010684
0.010684
0.010684
0.010684
0.010684
0.010709
0.010709
0.010733
0.010733
0.010733
0.010733
0.010733
0.010733
0.010709
0.010709
0.010709
0.010709
0.010709
0.010709
0.010709
0.010709
0.010709
0.010709
0.010684
0.010684
0.010659
0.010659
0.010659
0.010635
0.010635
0.010635
0.010635
0.010635
0.01061
0.01061
0.01061
0.010586
0.010586
0.010586
0.010586
0.010586
0.010586
0.010586
0.010586
0.010586
0.010586
0.010561
0.010561
0.010561
0.010586
0.010561
0.010561
0.010561
0.010561
0.010561
0.010586
0.010586
0.010586
0.010586
0.010586
0.010586
0.010586
0.010586
0.010586
0.010586
0.010586
0.010586
0.010586
0.010561
0.010586
0.010586
0.010561
0.010561
0.010536
0.010536
0.010536
0.010561
0.010586
0.01061
0.010659
0.010709
0.010758
0.010758
0.010758
0.010733
0.010733
0.010758
0.010758
0.010733
0.010733
0.010709
0.010709
0.010684
0.010659
0.010635
0.010635
0.01061
0.010586
0.010561
0.010536
0.010536
0.010512
0.010487
0.010487
0.010487
0.010462
0.010462
0.010462
0.010462
0.010462
0.010438
0.010438
0.010438
0.010438
0.010438
0.010438
0.010438
0.010438
0.010438
0.010438
0.010413
0.010413
0.010413
0.010413
0.010413
0.010413
0.010389
0.010389
0.010389
0.010389
0.010364
0.010364
0.010364
0.010339
0.010339
0.010339
0.010339
0.010339
0.010339
0.010339
0.010339
0.010339
0.010339
0.010364
0.010364
0.010364
0.010364
0.010364
0.010364
0.010364
0.010389
0.010413
0.010413
0.010413
0.010389
0.010389
0.010389
0.010389
0.010389
0.010389
0.010389
0.010389
0.010389
0.010364
0.010364
0.010389
0.010389
0.010364
0.010364
0.010389
0.010389
0.010389
0.010389
0.010389
0.010389
0.010389
0.010389
0.010389
0.010389
0.010389
0.010389
0.010389
0.010389
0.010389
0.010389
0.010364
0.010364
0.010364
0.010339
0.010364
0.010389
0.010413
0.010438
0.010462
0.010487
0.010487
0.010487
0.010487
0.010512
0.010512
0.010512
0.010512
0.010512
0.010487
0.010487
0.010462
0.010462
0.010462
0.010438
0.010413
0.010413
0.010389
0.010389
0.010364
0.010364
0.010364
0.010364
0.010364
0.010339
0.010339
0.010339
0.010339
0.010364
0.010339
0.010339
0.010315
0.010315
0.010315
0.010315
0.01029
0.01029
0.01029
0.010266
0.010266
0.010266
0.010241
0.010241
0.010241
0.010241
0.010241
0.010241
0.010241
0.010241
0.010241
0.010241
0.010266
0.010241
0.010241
0.010266
0.010266
0.010266
0.010266
0.010266
0.010266
0.010266
0.010266
0.010266
0.010266
0.01029
0.01029
0.01029
0.01029
0.01029
0.01029
0.01029
0.01029
0.01029
0.01029
0.010266
0.010266
0.010266
0.010266
0.010266
0.010266
0.010241
0.010241
0.010241
0.010241
0.010241
0.010241
0.010241
0.010241
0.010241
0.010241
0.010216
0.010216
0.010216
0.010216
0.010216
0.010216
0.010216
0.010216
0.010241
0.010241
0.010241
0.010266
0.010241
0.010241
0.010241
0.010241
0.010241
0.010241
0.010241
0.010216
0.010216
0.010192
0.010192
0.010192
0.010192
0.010216
0.010241
0.010266
0.010315
0.010339
0.010339
0.010339
0.010339
0.010339
0.010339
0.010339
0.010339
0.010364
0.010339
0.010339
0.010315
0.010315
0.01029
0.01029
0.010266
0.010241
0.010241
0.010216
0.010216
0.010192
0.010192
0.010167
0.010167
0.010142
0.010142
0.010142
0.010142
0.010142
0.010142
0.010167
0.010142
0.010142
0.010142
0.010118
0.010118
0.010118
0.010118
0.010118
0.010118
0.010118
0.010093
0.010093
0.010093
0.010093
0.010093
0.010093
0.010093
0.010069
0.010069
0.010069
0.010044
0.010044
0.010044
0.010044
0.010044
0.010044
0.010044
0.010044
0.010044
0.010044
0.010044
0.010044
0.010044
0.010044
0.010044
0.010044
0.010044
0.010044
0.010044
0.010044
0.010069
0.010069
0.010093
0.010069
0.010069
0.010069
0.010069
0.010069
0.010069
0.010044
0.010044
0.010044
0.010044
0.010044
0.010019
0.010019
0.010019
0.010019
0.010019
0.010019
0.010019
0.010019
0.010019
0.010019
0.0099947
0.0099947
0.0099947
0.0099947
0.0099947
0.0099947
0.0099947
0.0099947
0.0099947
0.0099947
0.0099701
0.0099701
0.0099701
0.0099701
0.0099701
0.0099701
0.0099701
0.0099701
0.0099701
0.0099701
0.0099701
0.0099701
0.0099701
0.0099701
0.0099701
0.0099947
0.0099947
0.0099947
0.0099701
0.0099701
0.0099701
0.0099701
0.0099701
0.0099701
0.0099701
0.0099701
0.0099701
0.0099455
0.0099455
0.0099455
0.0099455
0.0099701
0.0099701
0.0099701
0.0099455
0.0099455
0.0099209
0.0099209
0.0099455
0.0099455
0.0099701
0.0099947
0.010019
0.010044
0.010069
0.010069
0.010069
0.010069
0.010069
0.010069
0.010044
0.010044
0.010019
0.010019
0.0099947
0.0099701
0.0099701
0.0099455
0.0099455
0.0099209
0.0098962
0.0098962
0.0099209
0.0099209
0.0098962
0.0098962
0.0098962
0.0098962
0.0098962
0.0098716
0.0098716
0.0098716
0.0098716
0.0098716
0.009847
0.009847
0.009847
0.009847
0.009847
0.009847
0.0098224
0.0098224
0.0098224
0.0098224
0.0098224
0.0098224
0.0097978
0.0097978
0.0097732
0.0097978
0.0097732
0.0097732
0.0097732
0.0097732
0.0097732
0.0097732
0.0097485
0.0097485
0.0097485
0.0097485
0.0097485
0.0097485
0.0097485
0.0097485
0.0097485
0.0097732
0.0097732
0.0097732
0.0097732
0.0097978
0.0097978
0.0098224
0.0098224
0.0098224
0.0098224
0.0098224
0.0098224
0.0098224
0.0097978
0.0097978
0.0097978
0.0097978
0.0097978
0.0097978
0.0097978
0.0097978
0.0097978
0.0097978
0.0097978
0.0097732
0.0097732
0.0097732
0.0097732
0.0097732
0.0097732
0.0097732
0.0097732
0.0097732
0.0097732
0.0097732
0.0097732
0.0097732
0.0097732
0.0097732
0.0097732
0.0097732
0.0097485
0.0097485
0.0097485
0.0097485
0.0097485
0.0097732
0.0097978
0.009847
0.009847
0.0098716
0.0098716
0.0098716
0.0098962
0.0098962
0.0098962
0.0099209
0.0099209
0.0098962
0.0098716
0.0098716
0.0098224
0.0097978
0.0097978
0.0097732
0.0097732
0.0097485
0.0097485
0.0097485
0.0097485
0.0097485
0.0097239
0.0097239
0.0097239
0.0097239
0.0096993
0.0096993
0.0096993
0.0096993
0.0096993
0.0096993
0.0096747
0.0096747
0.0096747
0.0096747
0.0096747
0.0096747
0.0096501
0.0096501
0.0096501
0.0096501
0.0096254
0.0096254
0.0096254
0.0096254
0.0096254
0.0096008
0.0096008
0.0096008
0.0096008
0.0096254
0.0096254
0.0096254
0.0096254
0.0096254
0.0096254
0.0096254
0.0096254
0.0096254
0.0096254
0.0096501
0.0096501
0.0096501
0.0096501
0.0096501
0.0096501
0.0096501
0.0096501
0.0096501
0.0096501
0.0096501
0.0096501
0.0096501
0.0096501
0.0096501
0.0096501
0.0096501
0.0096501
0.0096254
0.0096254
0.0096254
0.0096254
0.0096254
0.0096254
0.0096254
0.0096254
0.0096254
0.0096008
0.0096008
0.0096008
0.0096008
0.0096008
0.0096008
0.0096008
0.0096254
0.0096254
0.0096254
0.0096254
0.0096254
0.0096254
0.0096254
0.0096254
0.0096254
0.0096008
0.0096008
0.0096008
0.0096008
0.0096008
0.0096008
0.0096008
0.0096008
0.0096008
0.0096008
0.0096008
0.0096008
0.0096008
0.0096008
0.0096008
0.0095762
0.0095762
0.0095762
0.0096008
0.0096254
0.0096501
0.0096747
0.0096993
0.0097239
0.0097239
0.0097239
0.0097239
0.0097239
0.0097239
0.0097239
0.0096993
0.0096993
0.0096747
0.0096501
0.0096501
0.0096254
0.0096008
0.0096008
0.0096008
0.0096008
0.0095762
0.0095762
0.0095762
0.0095516
0.0095516
0.0095516
0.0095516
0.009527
0.009527
0.009527
0.009527
0.009527
0.009527
0.0095024
0.0095024
0.0095024
0.0095024
0.0095024
0.0095024
0.0095024
0.0095024
0.0095024
0.0095024
0.0095024
0.0094777
0.0094777
0.0094777
0.0094777
0.0094531
0.0094531
0.0094285
0.0094285
0.0094285
0.0094285
0.0094285
0.0094285
0.0094039
0.0094039
0.0094039
0.0094039
0.0094039
0.0094039
0.0094039
0.0094285
0.0094285
0.0094285
0.0094531
0.0094531
0.0094531
0.0094531
0.0094531
0.0094531
0.0094531
0.0094531
0.0094531
0.0094531
0.0094531
0.0094531
0.0094531
0.0094285
0.0094285
0.0094285
0.0094285
0.0094285
0.0094285
0.0094285
0.0094285
0.0094285
0.0094285
0.0094285
0.0094285
0.0094285
0.0094039
0.0094039
0.0094039
0.0094039
0.0094039
0.0094039
0.0094039
0.0094039
0.0094039
0.0094039
0.0094039
0.0094039
0.0094039
0.0094039
0.0093793
0.0093793
0.0093793
0.0093793
0.0093793
0.0093793
0.0093793
0.0094039
0.0094039
0.0094039
0.0094039
0.0094039
0.0094039
0.0094039
0.0094039
0.0093793
0.0093793
0.0093793
0.0093793
0.0093793
0.0093793
0.0093547
0.0093793
0.0093793
0.0093547
0.00933
0.0093547
0.0093547
0.0093547
0.0093793
0.0094285
0.0094531
0.0094777
0.0095024
0.0095024
0.0095024
0.0095024
0.0094777
0.0094777
0.0095024
0.0095024
0.0095024
0.0095024
0.0094777
0.0094531
0.0094531
0.0094285
0.0094285
0.0094039
0.0093793
0.0093793
0.0093793
0.0093547
0.00933
0.00933
0.00933
0.0093547
0.00933
0.00933
0.0093054
0.0093054
0.00933
0.0093054
0.0092808
0.0092808
0.0092808
0.0092808
0.0092808
0.0092808
0.0092808
0.0092808
0.0092808
0.0092808
0.0092808
0.0092808
0.0092562
0.0092562
0.0092562
0.0092562
0.0092562
0.0092562
0.0092562
0.0092562
0.0092562
0.0092316
0.0092316
0.0092316
0.0092316
0.0092316
0.0092316
0.0092316
0.0092316
0.0092316
0.0092316
0.0092316
0.0092316
0.0092316
0.0092316
0.0092316
0.0092316
0.0092562
0.0092808
0.0092808
0.0093054
0.0092808
0.0092808
0.0092808
0.0092808
0.0092808
0.0092808
0.0092808
0.0092808
0.0092808
0.0092808
0.0092808
0.0092808
0.0092808
0.0092808
0.0092562
0.0092562
0.0092562
0.0092562
0.0092562
0.0092562
0.0092562
0.0092562
0.0092562
0.0092562
0.0092562
0.0092562
0.0092562
0.0092316
0.0092316
0.0092562
0.0092562
0.0092562
0.0092316
0.0092316
0.0092562
0.0092562
0.0092562
0.0092316
0.009207
0.009207
0.009207
0.0092562
0.0093054
0.0093793
0.0094039
0.0094285
0.0094285
0.0094285
0.0094039
0.0094039
0.0094285
0.0094285
0.0094285
0.0094039
0.0093793
0.0093547
0.0093547
0.0093547
0.00933
0.0093054
0.0092808
0.0092808
0.0092562
0.0092562
0.0092316
0.009207
0.009207
0.009207
0.009207
0.0091823
0.0091823
0.0091823
0.0091577
0.0091577
0.0091577
0.0091331
0.0091331
0.0091577
0.0091331
0.0091331
0.0091085
0.0091085
0.0091085
0.0091085
0.0091085
0.0091085
0.0091085
0.0090839
0.0090839
0.0090839
0.0091085
0.0091085
0.0091331
0.0091331
0.0091331
0.0091331
0.0091331
0.0091085
0.0091331
0.0091331
0.0091085
0.0091085
0.0091085
0.0091331
0.0091331
0.0091577
0.0091577
0.0091577
0.0091823
0.0091823
0.009207
0.009207
0.009207
0.009207
0.009207
0.009207
0.0091823
0.0091823
0.0091331
0.0091085
0.0091085
0.0090839
0.0090839
0.0090592
0.0090346
0.0090346
0.00901
0.0089854
0.0089854
0.0089608
0.0089608
0.0089362
0.0089362
0.0089362
0.0089115
0.0089115
0.0089115
0.0089115
0.0089115
0.0089362
0.0089608
0.0089854
0.0089854
0.00901
0.00901
0.0090346
0.0090346
0.0090592
0.0090839
0.0091085
0.0091331
0.0091577
0.0091823
0.009207
0.0092316
0.0092562
0.0092808
0.0092808
0.0093547
0.00933
0.00933
0.00933
0.0093547
0.0093793
0.0094039
0.0094285
0.0094531
0.0094777
0.0094777
0.0094777
0.0094285
0.0094039
0.0094039
0.0093793
0.0093793
0.0093547
0.00933
0.0093054
0.0092808
0.0092808
0.0092316
0.0092316
0.009207
0.0091823
0.0091577
0.0091331
0.0091085
0.0091085
0.0091085
0.0091085
0.0091085
0.0091085
0.0090839
0.0091085
0.0091085
0.0090839
0.0090839
0.0091085
0.0091823
0.0092316
0.0092562
0.0093054
0.00933
0.0093793
0.0094039
0.0094531
0.0094777
0.009527
0.0095516
0.0096008
0.0096254
0.0096747
0.0096993
0.0097485
0.0097732
0.0098224
0.0098716
0.0099455
0.0099947
0.010069
0.010118
0.010216
0.01029
0.010364
0.010413
0.010487
0.010536
0.01061
0.010659
0.010709
0.010758
0.010807
0.010856
0.010906
0.01093
0.010955
0.011004
0.011029
0.011029
0.011053
0.011053
0.011029
0.011029
0.011053
0.011102
0.011102
0.011102
0.011102
0.011127
0.011152
0.011127
0.011102
0.011078
0.011078
0.011078
0.011029
0.010979
0.010955
0.01093
0.01093
0.010906
0.010856
0.010832
0.010807
0.010807
0.010782
0.010758
0.010758
0.010782
0.010832
0.010856
0.010881
0.010906
0.010955
0.010979
0.011029
0.011078
0.011152
0.011398
0.011496
0.01157
0.011669
0.011743
0.011841
0.011915
0.011989
0.012038
0.012063
0.012112
0.012186
0.012235
0.012309
0.012383
0.012432
0.012506
0.012555
0.01258
0.012629
0.012653
0.012678
0.012703
0.012727
0.012727
0.012727
0.012727
0.012727
0.012752
0.012752
0.012727
0.012727
0.012752
0.012776
0.012801
0.012826
0.012875
0.0129
0.0129
0.0129
0.012998
0.012998
0.013023
0.013047
0.013047
0.013047
0.013097
0.013146
0.013244
0.013343
0.013417
0.01354
0.013638
0.013786
0.013983
0.01418
0.014426
0.014697
0.015017
0.015337
0.015657
0.016001
0.016346
0.016715
0.01706
0.017405
0.017798
0.018192
0.018562
0.018906
0.019251
0.019645
0.020063
0.020506
0.020974
0.021393
0.021762
0.022156
0.0225
0.022747
0.023387
0.023411
0.02346
0.023608
0.023781
0.024002
0.024224
0.024568
0.025011
0.025455
0.025947
0.026415
0.026833
0.027227
0.02767
0.028039
0.028359
0.028753
0.029098
0.029246
0.028852
0.027769
0.026415
0.02511
0.024076
0.023017
0.022033
0.021171
0.019472
0.017774
0.015804
0.011669
0.0067698
0.0027818
-0.0033726
-0.011816
-0.021811
-0.031757
-0.040939
-0.046158
-0.055709
-0.059057
-0.062602
-0.069126
-0.075428
-0.079318
-0.08594
-0.091897
-0.093694
-0.098593
-0.10416
-0.10974
-0.11565
-0.12306
-0.1288
-0.12518
-0.12336
-0.11811
-0.11238
-0.10709
-0.097953
-0.088426
-0.077077
-0.069569
-0.064867
-0.062282
-0.060362
-0.052361
-0.043918
-0.036015
-0.028704
-0.022107
-0.016765
-0.013934
-0.010906
-0.0082715
-0.0047019
-0.002831
-0.0035203
-0.0033234
0.006179
0.0062282
0.0074099
0.010536
0.011669
0.011767
0.012161
0.014697
0.016789
0.019768
0.023313
0.023781
0.026439
0.029344
0.03183
0.034809
0.037271
0.038428
0.040693
0.043278
0.045838
0.047487
0.050121
0.0531
0.055414
0.057457
0.058073
0.058393
0.059673
0.061347
0.062479
0.062799
0.062184
0.061888
0.061913
0.062282
0.06211
0.061839
0.061396
0.061421
0.061741
0.061913
0.061864
0.061741
0.061691
0.061691
0.061642
0.061741
0.061371
0.060756
0.06019
0.059673
0.059057
0.05763
0.056005
0.054872
0.054331
0.053272
0.051894
0.051106
0.051229
0.050909
0.050343
0.050121
0.050121
0.050589
0.05086
0.05054
0.050687
0.050909
0.051131
0.051204
0.05182
0.052189
0.052632
0.053248
0.05438
0.055365
0.05662
0.057654
0.059304
0.059525
0.059353
0.059279
0.059181
0.059181
0.058885
0.058811
0.058885
0.059181
0.059402
0.059254
0.058885
0.058959
0.059181
0.059205
0.059254
0.059205
0.059082
0.058934
0.058664
0.058393
0.057851
0.057482
0.057285
0.05699
0.056473
0.055931
0.055783
0.055537
0.055119
0.054971
0.054946
0.054823
0.054503
0.054085
0.053789
0.053568
0.0531
0.052337
0.050564
0.049974
0.049383
0.048866
0.048324
0.047807
0.047438
0.047044
0.046699
0.046256
0.045986
0.045862
0.045813
0.045813
0.045838
0.045862
0.045862
0.045838
0.045887
0.045961
0.046035
0.046035
0.045961
0.045813
0.045789
0.045764
0.045764
0.045739
0.045715
0.045665
0.045567
0.045469
0.045345
0.045173
0.044927
0.04473
0.044558
0.044238
0.043918
0.043721
0.042958
0.042834
0.042736
0.042736
0.042761
0.042761
0.042761
0.042761
0.042761
0.042711
0.042613
0.042514
0.042367
0.042219
0.042047
0.041874
0.041653
0.041431
0.041234
0.041013
0.040791
0.04057
0.040348
0.040151
0.039954
0.039831
0.039708
0.03956
0.039339
0.03897
0.038625
0.038502
0.038625
0.038723
0.038674
0.038502
0.038453
0.038477
0.038477
0.038379
