2018
7
26
10
2
52.694
0.037
0.037
0.037
0.037
0.037
0.037
0.037
0.036976
0.037
0.036976
0.036976
0.036976
0.036976
0.036976
0.036976
0.036976
0.036976
0.036976
0.036976
0.036976
0.036976
0.036976
0.037
0.037
0.037025
0.037025
0.037025
0.037025
0.037049
0.037049
0.037025
0.037025
0.037025
0.037025
0.037025
0.037025
0.037025
0.037025
0.037
0.037
0.037
0.037
0.037
0.037
0.037
0.037
0.037
0.037
0.037
0.037
0.037
0.037
0.037
0.037
0.037
0.037025
0.037025
0.037049
0.037049
0.037025
0.037
0.036951
0.036852
0.036803
0.036779
0.036754
0.036754
0.036779
0.036779
0.036803
0.036828
0.036852
0.036877
0.036877
0.036902
0.036926
0.036926
0.036926
0.036926
0.036926
0.036976
0.036976
0.037
0.037
0.037
0.037025
0.037025
0.037025
0.037049
0.037049
0.037049
0.037049
0.037049
0.037049
0.037049
0.037049
0.037049
0.037074
0.037074
0.037074
0.037074
0.037074
0.037074
0.037074
0.037074
0.037074
0.037074
0.037074
0.037074
0.037074
0.037099
0.037099
0.037099
0.037099
0.037099
0.037099
0.037099
0.037123
0.037123
0.037148
0.037172
0.037148
0.037148
0.037148
0.037123
0.037123
0.037123
0.037099
0.037099
0.037099
0.037074
0.037074
0.037074
0.037049
0.037049
0.037049
0.037049
0.037049
0.037049
0.037049
0.037049
0.037049
0.037049
0.037049
0.037049
0.037049
0.037049
0.037049
0.037074
0.037049
0.037074
0.037049
0.037049
0.037049
0.037049
0.037049
0.037049
0.037049
0.037049
0.037049
0.037049
0.037049
0.037074
0.037074
0.037099
0.037099
0.037099
0.037123
0.037123
0.037123
0.037099
0.037099
0.037099
0.037099
0.037099
0.037099
0.037099
0.037099
0.037099
0.037074
0.037074
0.037074
0.037074
0.037074
0.037074
0.037074
0.037074
0.037074
0.037074
0.037074
0.037074
0.037099
0.037123
0.037123
0.037123
0.037099
0.037099
0.037049
0.036976
0.036902
0.036852
0.036852
0.036877
0.036877
0.036877
0.036902
0.036902
0.036926
0.036926
0.036951
0.036976
0.036976
0.037
0.037025
0.037049
0.037074
0.037074
0.037099
0.037099
0.037099
0.037099
0.037099
0.037123
0.037123
0.037123
0.037123
0.037123
0.037123
0.037123
0.037123
0.037123
0.037123
0.037123
0.037123
0.037123
0.037123
0.037123
0.037123
0.037123
0.037123
0.037148
0.037148
0.037148
0.037123
0.037148
0.037148
0.037148
0.037148
0.037148
0.037148
0.037148
0.037148
0.037148
0.037148
0.037148
0.037148
0.037148
0.037148
0.037148
0.037148
0.037172
0.037172
0.037172
0.037172
0.037148
0.037148
0.037123
0.037123
0.037123
0.037099
0.037099
0.037099
0.037099
0.037074
0.037074
0.037074
0.037074
0.037074
0.037074
0.037074
0.037074
0.037074
0.037074
0.037074
0.037074
0.037074
0.037074
0.037074
0.037074
0.037074
0.037074
0.037049
0.037049
0.037049
0.037049
0.037049
0.037049
0.037049
0.037049
0.037049
0.037049
0.037049
0.037049
0.037049
0.037074
0.037074
0.037074
0.037099
0.037099
0.037123
0.037123
0.037123
0.037123
0.037123
0.037123
0.037148
0.037148
0.037148
0.037123
0.037099
0.036877
0.036877
0.036852
0.036852
0.036877
0.036877
0.036902
0.036902
0.036902
0.036926
0.036926
0.036951
0.036951
0.036951
0.036976
0.036976
0.036976
0.037
0.037
0.037025
0.037025
0.037049
0.037049
0.037049
0.037049
0.037049
0.037074
0.037074
0.037074
0.037074
0.037074
0.037099
0.037099
0.037123
0.037123
0.037123
0.037148
0.037148
0.037172
0.037172
0.037172
0.037172
0.037172
0.037172
0.037172
0.037172
0.037172
0.037172
0.037172
0.037172
0.037172
0.037172
0.037172
0.037172
0.037172
0.037172
0.037172
0.037172
0.037172
0.037148
0.037148
0.037148
0.037148
0.037123
0.037123
0.037123
0.037123
0.037123
0.037099
0.037099
0.037099
0.037099
0.037074
0.037074
0.037074
0.037074
0.037074
0.037074
0.037074
0.037074
0.037123
0.037123
0.037123
0.037148
0.037148
0.037148
0.037123
0.037123
0.037123
0.037123
0.037123
0.037123
0.037099
0.037099
0.037099
0.037099
0.037099
0.037099
0.037099
0.037099
0.037099
0.037099
0.037099
0.037099
0.037099
0.037099
0.037099
0.037099
0.037099
0.037099
0.037099
0.037099
0.037099
0.037099
0.037099
0.037099
0.037099
0.037099
0.037099
0.037099
0.037074
0.037074
0.037074
0.037099
0.037099
0.037099
0.037123
0.037123
0.037123
0.037148
0.037148
0.037148
0.037148
0.037148
0.037123
0.037123
0.037123
0.037123
0.037123
0.037123
0.037123
0.037123
0.037099
0.037099
0.037099
0.037099
0.037099
0.037099
0.037099
0.037099
0.037099
0.037099
0.037099
0.037099
0.037099
0.037099
0.037099
0.037099
0.037099
0.037099
0.037123
0.037123
0.037123
0.037123
0.037099
0.037049
0.036951
0.036902
0.036877
0.036852
0.036852
0.036877
0.036902
0.036902
0.036926
0.036951
0.036951
0.036976
0.037
0.037025
0.037025
0.037025
0.037025
0.037025
0.037025
0.037049
0.037074
0.037074
0.037074
0.037074
0.037099
0.037099
0.037099
0.037123
0.037123
0.037123
0.037123
0.037123
0.037123
0.037123
0.037123
0.037148
0.037148
0.037148
0.037123
0.037123
0.037148
0.037148
0.037148
0.037148
0.037148
0.037148
0.037148
0.037148
0.037148
0.037148
0.037148
0.037148
0.037148
0.037148
0.037172
0.037172
0.037197
0.037197
0.037197
0.037222
0.037222
0.037222
0.037197
0.037197
0.037172
0.037172
0.037172
0.037172
0.037148
0.037148
0.037123
0.037123
0.037123
0.037099
0.037099
0.037099
0.037099
0.037099
0.037099
0.037099
0.037099
0.037074
0.037074
0.037074
0.037074
0.037074
0.037074
0.037074
0.037074
0.037074
0.037074
0.037074
0.037074
0.037074
0.037074
0.037074
0.037074
0.037074
0.037074
0.037049
0.037049
0.037074
0.037074
0.037099
0.037123
0.037123
0.037148
0.037148
0.037099
0.037049
0.036976
0.036926
0.036902
0.036902
0.036926
0.036926
0.036926
0.036926
0.036926
0.036951
0.036951
0.036976
0.036976
0.036976
0.037
0.037
0.037025
0.037025
0.037049
0.037049
0.037049
0.037049
0.037074
0.037074
0.037074
0.037099
0.037099
0.037099
0.037099
0.037099
0.037099
0.037099
0.037099
0.037099
0.037099
0.037099
0.037099
0.037099
0.037099
0.037123
0.037123
0.037123
0.037148
0.037148
0.037172
0.037172
0.037172
0.037172
0.037172
0.037172
0.037172
0.037172
0.037172
0.037148
0.037148
0.037148
0.037148
0.037148
0.037123
0.037123
0.037123
0.037123
0.037123
0.037099
0.037099
0.037074
0.037074
0.037074
0.037074
0.037049
0.037049
0.037049
0.037049
0.037049
0.037049
0.037049
0.037025
0.037025
0.037025
0.037025
0.037025
0.037
0.037
0.037
0.037
0.037
0.037025
0.037025
0.037025
0.037025
0.037049
0.037049
0.037049
0.037025
0.037025
0.037025
0.037
0.037
0.037
0.036976
0.036976
0.036976
0.036976
0.036951
0.036951
0.036951
0.036951
0.036951
0.036951
0.036951
0.036951
0.036926
0.036926
0.036926
0.036926
0.036926
0.036926
0.036926
0.036926
0.036926
0.036951
0.036951
0.036951
0.036951
0.036729
0.03668
0.036655
0.036631
0.036631
0.036631
0.036655
0.03668
0.03668
0.036705
0.036729
0.036729
0.036754
0.036779
0.036779
0.036803
0.036803
0.036803
0.036828
0.036828
0.036828
0.036852
0.036852
0.036852
0.036852
0.036852
0.036852
0.036877
0.036877
0.036877
0.036877
0.036877
0.036877
0.036877
0.036877
0.036877
0.036877
0.036902
0.036902
0.036902
0.036902
0.036902
0.036902
0.036902
0.036902
0.036902
0.036902
0.036902
0.036926
0.036926
0.036926
0.036926
0.036926
0.036926
0.036926
0.036926
0.036926
0.036951
0.036951
0.036951
0.036976
0.036976
0.036976
0.036976
0.036951
0.036951
0.036926
0.036926
0.036926
0.036902
0.036902
0.036902
0.036902
0.036877
0.036877
0.036877
0.036877
0.036877
0.036877
0.036877
0.036877
0.036877
0.036877
0.036877
0.036877
0.036877
0.036877
0.036877
0.036877
0.036877
0.036877
0.036877
0.036877
0.036877
0.036877
0.036877
0.036877
0.036877
0.036877
0.036852
0.036852
0.036852
0.036852
0.036877
0.036877
0.036877
0.036902
0.036902
0.036926
0.036926
0.036926
0.036951
0.036926
0.036926
0.036926
0.036926
0.036902
0.036902
0.036902
0.036902
0.036877
0.036877
0.036902
0.036902
0.036902
0.036926
0.036926
0.036926
0.036902
0.036852
0.036779
0.036705
0.03668
0.036655
0.036655
0.036655
0.036655
0.03668
0.03668
0.03668
0.036705
0.036705
0.036705
0.036729
0.036729
0.036729
0.036754
0.036754
0.036779
0.036779
0.036803
0.036828
0.036828
0.036852
0.036877
0.036902
0.036902
0.036926
0.036951
0.036951
0.036951
0.036926
0.036926
0.036926
0.036926
0.036926
0.036926
0.036926
0.036926
0.036926
0.036951
0.036951
0.036951
0.036951
0.036951
0.036951
0.036951
0.036951
0.036951
0.036951
0.036976
0.036976
0.036976
0.036976
0.036951
0.036951
0.036951
0.036951
0.036951
0.036951
0.036951
0.036951
0.036951
0.036926
0.036926
0.036926
0.036926
0.036902
0.036902
0.036902
0.036926
0.036951
0.036951
0.036951
0.036926
0.036926
0.036926
0.036926
0.036902
0.036902
0.036902
0.036902
0.036902
0.036902
0.036902
0.036877
0.036902
0.036902
0.036877
0.036877
0.036877
0.036902
0.036902
0.036902
0.036902
0.036902
0.036902
0.036902
0.036902
0.036902
0.036902
0.036902
0.036902
0.036902
0.036902
0.036902
0.036902
0.036902
0.036902
0.036902
0.036877
0.036877
0.036877
0.036902
0.036902
0.036902
0.036902
0.036926
0.036926
0.036926
0.036951
0.036951
0.036926
0.036926
0.036926
0.036926
0.036926
0.036926
0.036926
0.036926
0.036902
0.036902
0.036902
0.036902
0.036902
0.036902
0.036902
0.036902
0.036902
0.036902
0.036902
0.036902
0.036902
0.036902
0.036902
0.036926
0.036926
0.036926
0.036926
0.036926
0.036655
0.036655
0.036655
0.036655
0.03668
0.03668
0.03668
0.036705
0.036705
0.036729
0.036729
0.036754
0.036779
0.036779
0.036803
0.036828
0.036828
0.036852
0.036877
0.036877
0.036902
0.036902
0.036902
0.036902
0.036902
0.036926
0.036926
0.036926
0.036926
0.036926
0.036926
0.036926
0.036926
0.036926
0.036926
0.036926
0.036926
0.036926
0.036926
0.036926
0.036926
0.036951
0.036951
0.036951
0.036951
0.036951
0.036951
0.036951
0.036951
0.036951
0.036951
0.036951
0.036951
0.036951
0.036951
0.036951
0.036951
0.036951
0.036951
0.036951
0.036976
0.036976
0.036976
0.036976
0.036976
0.036976
0.036976
0.036951
0.036951
0.036951
0.036926
0.036926
0.036926
0.036902
0.036902
0.036902
0.036902
0.036902
0.036902
0.036877
0.036877
0.036877
0.036877
0.036877
0.036877
0.036877
0.036877
0.036877
0.036877
0.036877
0.036877
0.036877
0.036877
0.036877
0.036877
0.036877
0.036877
0.036877
0.036877
0.036877
0.036877
0.036877
0.036877
0.036877
0.036877
0.036877
0.036877
0.036877
0.036877
0.036902
0.036902
0.036926
0.036926
0.036926
0.036926
0.036926
0.036926
0.036926
0.036926
0.036926
0.036902
0.036902
0.036902
0.036902
0.036902
0.036902
0.036902
0.036902
0.036902
0.036877
0.036902
0.036902
0.036926
0.036926
0.036926
0.036926
0.036926
0.036902
0.036828
0.036754
0.036705
0.03668
0.036655
0.036655
0.036655
0.036655
0.03668
0.03668
0.03668
0.036705
0.036705
0.036729
0.036729
0.036754
0.036754
0.036779
0.036803
0.036803
0.036828
0.036852
0.036902
0.036902
0.036902
0.036926
0.036926
0.036926
0.036926
0.036926
0.036926
0.036926
0.036926
0.036926
0.036926
0.036926
0.036926
0.036926
0.036926
0.036926
0.036926
0.036926
0.036926
0.036926
0.036951
0.036951
0.036951
0.036951
0.036951
0.036951
0.036951
0.036951
0.036951
0.036951
0.036951
0.036951
0.036951
0.036951
0.036951
0.036951
0.036951
0.036951
0.036951
0.036951
0.036976
0.036976
0.036976
0.036976
0.036976
0.036951
0.036951
0.036926
0.036926
0.036926
0.036902
0.036902
0.036902
0.036902
0.036877
0.036877
0.036877
0.036877
0.036877
0.036877
0.036877
0.036877
0.036877
0.036877
0.036877
0.036877
0.036877
0.036877
0.036877
0.036877
0.036877
0.036877
0.036877
0.036877
0.036877
0.036877
0.036877
0.036877
0.036877
0.036877
0.036877
0.036877
0.036852
0.036852
0.036877
0.036877
0.036877
0.036902
0.036902
0.036902
0.036926
0.036926
0.036926
0.036926
0.036926
0.036902
0.036902
0.036902
0.036902
0.036902
0.036902
0.036902
0.036877
0.036877
0.036877
0.036877
0.036877
0.036877
0.036877
0.036877
0.036877
0.036877
0.036877
0.036877
0.036877
0.036902
0.036902
0.036902
0.036852
0.036779
0.036705
0.036655
0.036631
0.036631
0.036631
0.036631
0.036655
0.036655
0.03668
0.03668
0.03668
0.036705
0.036705
0.036729
0.036754
0.036779
0.036779
0.036803
0.036828
0.036852
0.036852
0.036877
0.036877
0.036877
0.036877
0.036877
0.036902
0.036902
0.036902
0.036902
0.036902
0.036902
0.036902
0.036902
0.036902
0.036902
0.036902
0.036902
0.036926
0.036926
0.036926
0.036926
0.036926
0.036926
0.036926
0.036926
0.036926
0.036926
0.036951
0.036951
0.036951
0.036951
0.036951
0.036951
0.036951
0.036951
0.036951
0.036951
0.036951
0.036951
0.036951
0.036951
0.036951
0.036951
0.036976
0.036976
0.036976
0.036976
0.036951
0.036951
0.036951
0.036926
0.036926
0.036902
0.036902
0.036902
0.036902
0.036877
0.036877
0.036852
0.036877
0.036852
0.036852
0.036852
0.036852
0.036852
0.036852
0.036852
0.036852
0.036852
0.036852
0.036852
0.036852
0.036852
0.036852
0.036828
0.036828
0.036828
0.036828
0.036828
0.036828
0.036803
0.036803
0.036803
0.036803
0.036803
0.036803
0.036803
0.036803
0.036803
0.036803
0.036828
0.036828
0.036828
0.036828
0.036828
0.036828
0.036828
0.036803
0.036779
0.036779
0.036779
0.036779
0.036754
0.036754
0.036754
0.036754
0.036754
0.036754
0.036729
0.036729
0.036729
0.036729
0.036729
0.036729
0.036729
0.036729
0.036705
0.036705
0.036705
0.036705
0.036705
0.036729
0.036729
0.036729
0.036729
0.036705
0.036655
0.036557
0.036483
0.036459
0.036409
0.036409
0.036409
0.036409
0.036434
0.036434
0.036434
0.036508
0.036532
0.036557
0.036557
0.036557
0.036557
0.036582
0.036582
0.036606
0.036606
0.036606
0.036606
0.036606
0.036606
0.036606
0.036631
0.036631
0.036631
0.036631
0.036631
0.036631
0.036631
0.036631
0.036631
0.036631
0.036631
0.036631
0.036631
0.036631
0.036631
0.036631
0.036631
0.036631
0.036631
0.036631
0.036631
0.036631
0.036631
0.036631
0.036631
0.036631
0.036631
0.036631
0.036655
0.036655
0.036655
0.03668
0.03668
0.03668
0.03668
0.03668
0.03668
0.03668
0.036655
0.036655
0.036631
0.036631
0.036631
0.036606
0.036606
0.036606
0.036582
0.036582
0.036582
0.036582
0.036582
0.036582
0.036557
0.036557
0.036557
0.036557
0.036557
0.036557
0.036557
0.036557
0.036557
0.036557
0.036557
0.036557
0.036557
0.036557
0.036557
0.036557
0.036557
0.036557
0.036532
0.036532
0.036532
0.036532
0.036532
0.036557
0.036557
0.036557
0.036557
0.036582
0.036582
0.036606
0.036606
0.036631
0.036631
0.036606
0.036606
0.036606
0.036606
0.036606
0.036582
0.036582
0.036582
0.036582
0.036582
0.036582
0.036582
0.036582
0.036582
0.036582
0.036582
0.036582
0.036582
0.036582
0.036582
0.036606
0.036606
0.036606
0.036606
0.036606
0.036582
0.036532
0.036459
0.036385
0.03636
0.036335
0.036311
0.036335
0.036335
0.03636
0.03636
0.03636
0.036385
0.036385
0.036409
0.036434
0.036434
0.036459
0.036483
0.036483
0.036508
0.036532
0.036532
0.036557
0.036557
0.036582
0.036582
0.036582
0.036582
0.036582
0.036582
0.036582
0.036582
0.036582
0.036582
0.036606
0.036606
0.036606
0.036606
0.036606
0.036606
0.036606
0.036606
0.036606
0.036631
0.036631
0.036631
0.036631
0.036606
0.036631
0.036631
0.036631
0.036631
0.036631
0.036631
0.036631
0.036631
0.036631
0.036631
0.036631
0.036631
0.036631
0.036655
0.036655
0.036655
0.036655
0.036655
0.036655
0.036655
0.036655
0.036655
0.036631
0.036631
0.036606
0.036606
0.036582
0.036582
0.036582
0.036582
0.036557
0.036557
0.036557
0.036557
0.036582
0.036582
0.036557
0.036557
0.036557
0.036557
0.036557
0.036557
0.036557
0.036557
0.036557
0.036557
0.036557
0.036557
0.036557
0.036557
0.036557
0.036557
0.036557
0.036557
0.036557
0.036557
0.036557
0.036557
0.036557
0.036557
0.036557
0.036557
0.036582
0.036606
0.036631
0.036631
0.036434
0.036409
0.036385
0.03636
0.036385
0.036385
0.036385
0.036385
0.036409
0.036409
0.036409
0.036409
0.036434
0.036434
0.036459
0.036459
0.036459
0.036459
0.036483
0.036508
0.036508
0.036532
0.036532
0.036532
0.036557
0.036557
0.036557
0.036557
0.036582
0.036582
0.036582
0.036582
0.036557
0.036557
0.036557
0.036557
0.036557
0.036557
0.036582
0.036582
0.036606
0.036631
0.036631
0.036655
0.036655
0.036655
0.036655
0.036655
0.036655
0.036655
0.036655
0.036655
0.036655
0.036655
0.036655
0.036655
0.036655
0.036655
0.036631
0.036631
0.036631
0.036631
0.036631
0.036631
0.036631
0.036606
0.036606
0.036606
0.036606
0.036582
0.036582
0.036582
0.036582
0.036557
0.036557
0.036557
0.036557
0.036557
0.036557
0.036532
0.036532
0.036532
0.036532
0.036532
0.036532
0.036557
0.036557
0.036582
0.036582
0.036582
0.036606
0.036606
0.036606
0.036582
0.036582
0.036582
0.036582
0.036582
0.036557
0.036557
0.036557
0.036557
0.036557
0.036557
0.036557
0.036557
0.036557
0.036557
0.036557
0.036557
0.036557
0.036557
0.036557
0.036532
0.036532
0.036532
0.036532
0.036532
0.036557
0.036557
0.036557
0.036532
0.036459
0.03636
0.036311
0.036286
0.036262
0.036262
0.036262
0.036286
0.036311
0.036311
0.036311
0.036335
0.03636
0.036385
0.036385
0.036409
0.036434
0.036434
0.036434
0.036459
0.036459
0.036459
0.036483
0.036483
0.036483
0.036483
0.036483
0.036483
0.036483
0.036483
0.036483
0.036508
0.036483
0.036483
0.036483
0.036483
0.036483
0.036483
0.036508
0.036483
0.036483
0.036483
0.036508
0.036508
0.036508
0.036508
0.036508
0.036483
0.036508
0.036508
0.036483
0.036483
0.036483
0.036483
0.036483
0.036483
0.036483
0.036483
0.036508
0.036508
0.036508
0.036532
0.036532
0.036532
0.036532
0.036508
0.036508
0.036483
0.036483
0.036459
0.036459
0.036459
0.036434
0.036434
0.036409
0.036409
0.036409
0.036409
0.036409
0.036409
0.036409
0.036409
0.036409
0.036409
0.036409
0.036385
0.036385
0.036385
0.036385
0.036385
0.036385
0.036385
0.036385
0.036385
0.036385
0.036385
0.036385
0.036385
0.036385
0.036385
0.036385
0.036385
0.03636
0.03636
0.036385
0.036385
0.036385
0.036409
0.036409
0.036409
0.036434
0.036434
0.036434
0.036434
0.036434
0.036434
0.036409
0.036409
0.036385
0.036385
0.036385
0.036385
0.036385
0.036385
0.036385
0.036385
0.036385
0.036385
0.036385
0.036385
0.036385
0.036385
0.036409
0.036409
0.036409
0.036434
0.036409
0.036409
0.03636
0.036286
0.036212
0.036163
0.036139
0.036139
0.036139
0.036139
0.036163
0.036163
0.036188
0.036188
0.036188
0.036212
0.036212
0.036237
0.036262
0.036286
0.036286
0.036311
0.036385
0.036385
0.036385
0.036385
0.036385
0.036409
0.036409
0.036409
0.036409
0.036409
0.036409
0.036409
0.036409
0.036409
0.036409
0.036409
0.036409
0.036409
0.036409
0.036409
0.036409
0.036409
0.036409
0.036409
0.036434
0.036434
0.036434
0.036434
0.036434
0.036434
0.036434
0.036434
0.036434
0.036434
0.036434
0.036434
0.036434
0.036434
0.036434
0.036434
0.036434
0.036434
0.036459
0.036459
0.036459
0.036459
0.036459
0.036459
0.036434
0.036434
0.036409
0.036409
0.036409
0.036385
0.036385
0.036385
0.036385
0.036385
0.03636
0.03636
0.03636
0.03636
0.03636
0.03636
0.03636
0.03636
0.03636
0.03636
0.03636
0.03636
0.03636
0.03636
0.03636
0.03636
0.03636
0.03636
0.03636
0.03636
0.03636
0.036335
0.036335
0.036335
0.036335
0.036335
0.036335
0.036335
0.036335
0.036335
0.03636
0.03636
0.03636
0.036385
0.036385
0.036409
0.036409
0.036409
0.036385
0.036385
0.036385
0.036385
0.03636
0.03636
0.03636
0.03636
0.03636
0.03636
0.03636
0.03636
0.03636
0.03636
0.03636
0.03636
0.036335
0.036335
0.036335
0.036335
0.036335
0.03636
0.03636
0.036385
0.036286
0.036212
0.036163
0.036114
0.036089
0.036089
0.036089
0.036089
0.036114
0.036114
0.036114
0.036139
0.036139
0.036163
0.036163
0.036188
0.036212
0.036212
0.036237
0.036262
0.036286
0.036311
0.036311
0.036335
0.036335
0.036335
0.036335
0.036335
0.03636
0.03636
0.03636
0.03636
0.03636
0.036335
0.036335
0.03636
0.03636
0.03636
0.03636
0.03636
0.03636
0.03636
0.03636
0.03636
0.036385
0.036385
0.03636
0.036385
0.036385
0.036385
0.036385
0.036385
0.036385
0.036385
0.036385
0.036385
0.036385
0.036385
0.036385
0.036385
0.036385
0.036385
0.036385
0.036385
0.036409
0.036409
0.036409
0.036409
0.036409
0.036409
0.036385
0.036385
0.036385
0.03636
0.03636
0.03636
0.036335
0.036335
0.036335
0.036335
0.036311
0.036335
0.036311
0.036311
0.036311
0.036311
0.036335
0.036335
0.036335
0.036335
0.036335
0.036335
0.036335
0.036335
0.036311
0.036311
0.036311
0.036311
0.036311
0.036311
0.036311
0.036311
0.036311
0.036311
0.036311
0.036311
0.036311
0.036311
0.036311
0.036311
0.036311
0.036335
0.036335
0.036335
0.03636
0.03636
0.03636
0.03636
0.03636
0.03636
0.036335
0.036335
0.036311
0.036311
0.036311
0.036311
0.036311
0.036311
0.036311
0.036286
0.036286
0.036286
0.036286
0.036286
0.036286
0.036311
0.036311
0.036311
0.036311
0.036311
0.036311
0.036262
0.036188
0.036114
0.03604
0.036015
0.035991
0.035991
0.036015
0.036015
0.03604
0.03604
0.03604
0.03604
0.036065
0.036065
0.036089
0.036089
0.036114
0.036114
0.036212
0.036212
0.036237
0.036237
0.036237
0.036237
0.036237
0.036237
0.036237
0.036237
0.036237
0.036237
0.036237
0.036237
0.036237
0.036237
0.036237
0.036237
0.036212
0.036212
0.036212
0.036237
0.036237
0.036237
0.036237
0.036237
0.036237
0.036237
0.036237
0.036237
0.036237
0.036237
0.036237
0.036237
0.036237
0.036237
0.036237
0.036237
0.036237
0.036237
0.036212
0.036212
0.036212
0.036212
0.036237
0.036237
0.036237
0.036237
0.036237
0.036237
0.036237
0.036212
0.036212
0.036188
0.036188
0.036188
0.036188
0.036163
0.036163
0.036163
0.036139
0.036139
0.036139
0.036139
0.036139
0.036139
0.036139
0.036139
0.036139
0.036139
0.036139
0.036139
0.036139
0.036139
0.036139
0.036139
0.036139
0.036139
0.036139
0.036139
0.036114
0.036114
0.036114
0.036114
0.036114
0.036114
0.036114
0.036114
0.036114
0.036114
0.036114
0.036114
0.036139
0.036139
0.036163
0.036163
0.036163
0.036163
0.036163
0.036163
0.036163
0.036163
0.036139
0.036139
0.036139
0.036139
0.036139
0.036139
0.036139
0.036114
0.036114
0.036114
0.036114
0.036114
0.036139
0.036139
0.036114
0.036114
0.036114
0.036114
0.036163
0.036163
0.036139
0.036089
0.036015
0.035942
0.035892
0.035868
0.035868
0.035868
0.035868
0.035892
0.035917
0.035917
0.035917
0.035917
0.035942
0.035942
0.035966
0.035991
0.036015
0.036015
0.03604
0.036065
0.036089
0.036089
0.036114
0.036114
0.036114
0.036114
0.036114
0.036139
0.036139
0.036139
0.036139
0.036139
0.036139
0.036139
0.036139
0.036139
0.036139
0.036139
0.036139
0.036139
0.036139
0.036139
0.036139
0.036163
0.036163
0.036163
0.036163
0.036163
0.036163
0.036163
0.036163
0.036163
0.036163
0.036163
0.036163
0.036163
0.036163
0.036163
0.036163
0.036163
0.036163
0.036163
0.036163
0.036188
0.036188
0.036188
0.036188
0.036188
0.036188
0.036188
0.036163
0.036163
0.036163
0.036139
0.036139
0.036139
0.036089
0.036089
0.036089
0.036089
0.036089
0.036089
0.036089
0.036089
0.036089
0.036089
0.036089
0.036114
0.036114
0.036114
0.036089
0.036089
0.036089
0.036089
0.036089
0.036089
0.036089
0.036089
0.036089
0.036089
0.036089
0.036089
0.036089
0.036089
0.036065
0.036065
0.036065
0.036065
0.036065
0.036089
0.036089
0.036089
0.036114
0.036139
0.036163
0.036163
0.035991
0.035942
0.035917
0.035892
0.035892
0.035892
0.035892
0.035917
0.035917
0.035917
0.035917
0.035942
0.035942
0.035966
0.035966
0.035966
0.035991
0.035991
0.036015
0.036015
0.03604
0.03604
0.036065
0.036065
0.036065
0.036065
0.036089
0.036089
0.036089
0.036089
0.036089
0.036089
0.036089
0.036114
0.036089
0.036089
0.036089
0.036089
0.036089
0.036089
