2018
7
26
9
58
22.602
-0.0095762
-0.0095762
-0.0096008
-0.0096008
-0.0096008
-0.0095762
-0.0095762
-0.0096008
-0.0096008
-0.0096008
-0.0095762
-0.0095762
-0.0096008
-0.0096254
-0.0096254
-0.0096008
-0.0096008
-0.0096008
-0.0096254
-0.0096254
-0.0096008
-0.0096008
-0.0096254
-0.0096254
-0.0096254
-0.0096008
-0.0096008
-0.0096254
-0.0096254
-0.0096254
-0.0096008
-0.0096008
-0.0096254
-0.0096254
-0.0096254
-0.0096008
-0.0096008
-0.0096254
-0.0096254
-0.0096254
-0.0096254
-0.0096254
-0.0096254
-0.0096254
-0.0096254
-0.0096501
-0.0096747
-0.0096501
-0.0096501
-0.0096501
-0.0096747
-0.0096747
-0.0096747
-0.0096747
-0.0096747
-0.0096993
-0.0096993
-0.0096747
-0.0096747
-0.0096747
-0.0096993
-0.0096993
-0.0096747
-0.0096747
-0.0096747
-0.0096993
-0.0096993
-0.0096993
-0.0096993
-0.0096993
-0.0097239
-0.0097239
-0.0096993
-0.0096993
-0.0097239
-0.0097239
-0.0097239
-0.0097239
-0.0096993
-0.0096993
-0.0096747
-0.0097239
-0.0097732
-0.0098224
-0.0098224
-0.009847
-0.009847
-0.009847
-0.0097978
-0.0097732
-0.0097485
-0.0097732
-0.0097732
-0.0097485
-0.0097239
-0.0097485
-0.0097485
-0.0097485
-0.0097239
-0.0097239
-0.0097239
-0.0097239
-0.0097239
-0.0096993
-0.0096747
-0.0096747
-0.0096747
-0.0096993
-0.0096747
-0.0096501
-0.0096501
-0.0096747
-0.0096501
-0.0096501
-0.0096254
-0.0096254
-0.0096501
-0.0096501
-0.0096501
-0.0096254
-0.0096254
-0.0096008
-0.0096008
-0.0096254
-0.0096254
-0.0096008
-0.0095762
-0.0095762
-0.0095762
-0.0095762
-0.0095516
-0.009527
-0.009527
-0.009527
-0.009527
-0.009527
-0.0095024
-0.0095024
-0.009527
-0.009527
-0.009527
-0.0095024
-0.009527
-0.0095516
-0.0095516
-0.0095516
-0.009527
-0.0095516
-0.0095516
-0.0095762
-0.0095516
-0.0095516
-0.0095516
-0.0095762
-0.0095762
-0.0095762
-0.0095516
-0.0095762
-0.0095762
-0.0096008
-0.0096008
-0.0095762
-0.0095516
-0.0095516
-0.0095762
-0.0095762
-0.0095762
-0.0095516
-0.0095516
-0.0095762
-0.0095762
-0.0095516
-0.009527
-0.009527
-0.009527
-0.009527
-0.009527
-0.0095024
-0.0095024
-0.0095024
-0.0095024
-0.0094777
-0.0094777
-0.0094777
-0.0094777
-0.0095024
-0.0094777
-0.0094777
-0.0094777
-0.0095024
-0.0095024
-0.0095024
-0.0094777
-0.0094777
-0.0095024
-0.0095024
-0.0095024
-0.0094777
-0.0094777
-0.0095024
-0.0094777
-0.0094777
-0.0094531
-0.0094531
-0.0094531
-0.0094531
-0.0094777
-0.009527
-0.0095762
-0.0096008
-0.0096254
-0.0096747
-0.0096747
-0.0096501
-0.0096008
-0.0096008
-0.0095762
-0.0095762
-0.0095762
-0.0095516
-0.009527
-0.0095516
-0.0095516
-0.0095516
-0.009527
-0.0095024
-0.0095024
-0.0095024
-0.0094777
-0.0094531
-0.0094285
-0.0094285
-0.0094531
-0.0094531
-0.0094285
-0.0094285
-0.0094531
-0.0094531
-0.0094531
-0.0094285
-0.0094531
-0.0094285
-0.0094285
-0.0094285
-0.0094531
-0.0094531
-0.0094285
-0.0094285
-0.0094531
-0.0094531
-0.0094531
-0.0094285
-0.0094285
-0.0094531
-0.0094531
-0.0094531
-0.0094285
-0.0094285
-0.0094531
-0.0094531
-0.0094531
-0.0094285
-0.0094285
-0.0094531
-0.0094531
-0.0094531
-0.0094285
-0.0094285
-0.0094531
-0.0094531
-0.0094285
-0.0094285
-0.0094039
-0.0094285
-0.0094285
-0.0094039
-0.0094039
-0.0094039
-0.0094039
-0.0094285
-0.0094531
-0.0094777
-0.0094777
-0.0094531
-0.0094531
-0.0094531
-0.0094777
-0.0094777
-0.0094531
-0.0094531
-0.0094777
-0.0094777
-0.0094777
-0.0094777
-0.0094531
-0.0094777
-0.0094777
-0.0094777
-0.0094777
-0.0094777
-0.0094777
-0.0095024
-0.0095024
-0.0094777
-0.0094777
-0.0094777
-0.0095024
-0.0095024
-0.0094777
-0.0094777
-0.0094777
-0.0095024
-0.0095024
-0.0094777
-0.0094531
-0.0094777
-0.0094777
-0.0094777
-0.0094531
-0.0094285
-0.0094039
-0.0094285
-0.0094531
-0.0094285
-0.0094285
-0.0094039
-0.0094285
-0.0094531
-0.0094531
-0.0094531
-0.0094531
-0.0094531
-0.0094777
-0.0094777
-0.0094531
-0.0094531
-0.0094531
-0.0094777
-0.0094777
-0.0094531
-0.0094531
-0.0094531
-0.0094531
-0.0094531
-0.0094285
-0.0094285
-0.0094285
-0.0094777
-0.0095516
-0.0096008
-0.0096008
-0.0096254
-0.0096501
-0.0096501
-0.0096254
-0.0095762
-0.0095762
-0.0095762
-0.0095762
-0.0095516
-0.009527
-0.009527
-0.009527
-0.009527
-0.0095024
-0.0094777
-0.0094285
-0.0094285
-0.0094531
-0.0094531
-0.0094285
-0.0094285
-0.0094285
-0.0094531
-0.0094531
-0.0094531
-0.0094285
-0.0094531
-0.0094531
-0.0094777
-0.0094531
-0.0094285
-0.0094285
-0.0094531
-0.0094531
-0.0094531
-0.0094285
-0.0094285
-0.0094531
-0.0094531
-0.0094285
-0.0094285
-0.0094285
-0.0094531
-0.0094531
-0.0094285
-0.0094285
-0.0094285
-0.0094531
-0.0094531
-0.0094531
-0.0094531
-0.0094531
-0.0094285
-0.0094285
-0.0094531
-0.0094531
-0.0094285
-0.0094039
-0.0094039
-0.0094285
-0.0094285
-0.0094039
-0.0093793
-0.0093793
-0.0094039
-0.0094285
-0.0094039
-0.0094039
-0.0094039
-0.0094285
-0.0094531
-0.0094285
-0.0094285
-0.0094285
-0.0094531
-0.0094531
-0.0094531
-0.0094285
-0.0094285
-0.0094531
-0.0094531
-0.0094531
-0.0094285
-0.0094285
-0.0094531
-0.0094531
-0.0094531
-0.0094285
-0.0094531
-0.0094531
-0.0094531
-0.0094777
-0.0094777
-0.0094777
-0.0094531
-0.0094531
-0.0094531
-0.0094531
-0.0094285
-0.0094039
-0.0094039
-0.0094285
-0.0094531
-0.0094777
-0.0095024
-0.009527
-0.0095762
-0.0095762
-0.0095762
-0.009527
-0.0095024
-0.0095024
-0.0095024
-0.0094777
-0.0094531
-0.0094531
-0.0094777
-0.0095024
-0.0094777
-0.0094777
-0.0094777
-0.0095024
-0.0095024
-0.0094777
-0.0094531
-0.0094531
-0.0094777
-0.0094777
-0.0094531
-0.0094531
-0.0094531
-0.0094285
-0.0094285
-0.0094531
-0.0094531
-0.0094531
-0.0094285
-0.0094285
-0.0094531
-0.0094531
-0.0094531
-0.0094285
-0.0094285
-0.0094285
-0.0094531
-0.0094531
-0.0094285
-0.0094285
-0.0094285
-0.0094285
-0.0094285
-0.0093793
-0.0093793
-0.0094039
-0.0094039
-0.0093793
-0.0093547
-0.0093547
-0.0093547
-0.0093547
-0.00933
-0.00933
-0.00933
-0.0093547
-0.0093547
-0.0093547
-0.0093547
-0.0093547
-0.0093793
-0.0093793
-0.0094039
-0.0094285
-0.0094285
-0.0094039
-0.0094285
-0.0094285
-0.0094531
-0.0094531
-0.0094285
-0.0094285
-0.0094531
-0.0094531
-0.0094531
-0.0094285
-0.0094285
-0.0094531
-0.0094531
-0.0094531
-0.0094285
-0.0094531
-0.0094531
-0.0094531
-0.0094531
-0.0094285
-0.0094285
-0.0094285
-0.0094531
-0.0094531
-0.0094285
-0.0094285
-0.0094285
-0.0094285
-0.0094285
-0.0094039
-0.0093793
-0.0093793
-0.0094039
-0.0093793
-0.0093547
-0.0093793
-0.0093793
-0.0093793
-0.0094039
-0.0094285
-0.0094285
-0.0094039
-0.0094039
-0.0094039
-0.0094285
-0.0094285
-0.0094039
-0.0094039
-0.0094039
-0.0094285
-0.0094039
-0.0093793
-0.0093547
-0.0093793
-0.0093793
-0.0094039
-0.0094039
-0.0094285
-0.0095024
-0.0095762
-0.0095762
-0.0095762
-0.0095762
-0.0095762
-0.0095762
-0.0095516
-0.009527
-0.0095024
-0.0095024
-0.0095024
-0.0095024
-0.0095024
-0.0094777
-0.0094777
-0.0094777
-0.0094285
-0.0094285
-0.0094039
-0.0093793
-0.0093793
-0.0093793
-0.0094039
-0.0093793
-0.0093793
-0.0093547
-0.0093547
-0.0093793
-0.0093793
-0.0093793
-0.0093547
-0.0093793
-0.0093793
-0.0094039
-0.0093793
-0.0093547
-0.0093793
-0.0093793
-0.0093793
-0.0093793
-0.0093547
-0.0093793
-0.0093793
-0.0093793
-0.0093793
-0.0093547
-0.0093793
-0.0093793
-0.0094039
-0.0093793
-0.0093793
-0.0093793
-0.0093793
-0.0093793
-0.0093793
-0.0093547
-0.0093793
-0.0093547
-0.0093793
-0.0093793
-0.0093793
-0.0093547
-0.0093547
-0.0093547
-0.0093547
-0.0093547
-0.0093547
-0.00933
-0.00933
-0.0093547
-0.0093793
-0.0093547
-0.0093547
-0.0093793
-0.0094039
-0.0094039
-0.0094039
-0.0093793
-0.0093793
-0.0094039
-0.0094039
-0.0094039
-0.0093793
-0.0093793
-0.0094039
-0.0094039
-0.0094039
-0.0093793
-0.0094039
-0.0094039
-0.0094039
-0.0094039
-0.0093793
-0.0094039
-0.0094039
-0.0094285
-0.0094285
-0.0094039
-0.0094039
-0.0094039
-0.0094039
-0.0093793
-0.0093793
-0.0093547
-0.0093547
-0.0093793
-0.0094285
-0.0094531
-0.0094777
-0.0095024
-0.009527
-0.009527
-0.0095024
-0.0094531
-0.0094285
-0.0094285
-0.0094531
-0.0094285
-0.0094285
-0.0094285
-0.0094531
-0.0094531
-0.0094531
-0.0094285
-0.0094531
-0.0094531
-0.0094531
-0.0094285
-0.0094039
-0.0094039
-0.0094039
-0.0094285
-0.0094039
-0.0094039
-0.0094039
-0.0094039
-0.0094039
-0.0094285
-0.0094285
-0.0094285
-0.0094039
-0.0094039
-0.0094285
-0.0094285
-0.0094285
-0.0094039
-0.0094039
-0.0094039
-0.0094285
-0.0094039
-0.0093793
-0.0093793
-0.0093793
-0.0094039
-0.0093793
-0.0093547
-0.0093547
-0.0093547
-0.0093547
-0.00933
-0.0093054
-0.0093054
-0.0093054
-0.00933
-0.00933
-0.0093054
-0.0093054
-0.00933
-0.0093547
-0.0093547
-0.0093547
-0.0093547
-0.0093793
-0.0093793
-0.0093793
-0.0093793
-0.0094039
-0.0094039
-0.0094039
-0.0094039
-0.0094285
-0.0094039
-0.0094039
-0.0094039
-0.0094039
-0.0094285
-0.0094285
-0.0094039
-0.0094039
-0.0094285
-0.0094285
-0.0094285
-0.0094285
-0.0094285
-0.0094285
-0.0094531
-0.0094285
-0.0094285
-0.0094285
-0.0094285
-0.0094285
-0.0094285
-0.0093793
-0.0093547
-0.0093793
-0.0093793
-0.0093793
-0.0094039
-0.0094531
-0.0095024
-0.009527
-0.009527
-0.009527
-0.0095024
-0.0095024
-0.0094777
-0.0094777
-0.0094777
-0.0094777
-0.0094531
-0.0094531
-0.0094777
-0.0094777
-0.0094777
-0.0094531
-0.0094285
-0.0094285
-0.0094531
-0.0094531
-0.0094285
-0.0094285
-0.0094285
-0.0094285
-0.0094285
-0.0094285
-0.0094039
-0.0094285
-0.0094531
-0.0094531
-0.0094285
-0.0094285
-0.0094285
-0.0094531
-0.0094531
-0.0094285
-0.0094285
-0.0094285
-0.0094285
-0.0094285
-0.0094039
-0.0094039
-0.0094039
-0.0094039
-0.0093793
-0.0093793
-0.0093547
-0.00933
-0.00933
-0.00933
-0.0093547
-0.0093547
-0.00933
-0.00933
-0.0093547
-0.0093793
-0.0093793
-0.0093793
-0.0093547
-0.0093793
-0.0094039
-0.0094039
-0.0094039
-0.0093793
-0.0094039
-0.0094285
-0.0094285
-0.0094285
-0.0094039
-0.0094285
-0.0094531
-0.0094531
-0.0094285
-0.0094285
-0.0094285
-0.0094531
-0.0094531
-0.0094285
-0.0094285
-0.0094285
-0.0094531
-0.0094531
-0.0094285
-0.0094285
-0.0094285
-0.0094531
-0.0094531
-0.0094285
-0.0094285
-0.0094039
-0.0093793
-0.0093793
-0.0093793
-0.0093793
-0.0093793
-0.0093547
-0.0093547
-0.0093793
-0.0093793
-0.0093793
-0.0093547
-0.0093793
-0.0094039
-0.0094039
-0.0093793
-0.0093793
-0.0093793
-0.0094039
-0.0094039
-0.0093793
-0.0093793
-0.0093793
-0.0094039
-0.0094039
-0.0093793
-0.0093547
-0.0093547
-0.0093793
-0.0093793
-0.0093793
-0.0093793
-0.0094285
-0.0095024
-0.0095516
-0.0095762
-0.0095762
-0.0095762
-0.009527
-0.0095024
-0.009527
-0.009527
-0.0095024
-0.0094777
-0.0094777
-0.0094777
-0.0094777
-0.0094777
-0.0094531
-0.0094531
-0.0094531
-0.0094285
-0.0094039
-0.0093793
-0.0093793
-0.0093793
-0.0094039
-0.0093793
-0.0093547
-0.0093793
-0.0093793
-0.0094039
-0.0093793
-0.0093793
-0.0093793
-0.0094039
-0.0094039
-0.0093793
-0.0093793
-0.0093793
-0.0093793
-0.0094039
-0.0094039
-0.0093793
-0.0093793
-0.0093793
-0.0094039
-0.0093793
-0.0093793
-0.0093793
-0.0093547
-0.0093547
-0.0093793
-0.0093793
-0.0093793
-0.0093547
-0.0093547
-0.0093793
-0.0093793
-0.0093793
-0.0093547
-0.0093547
-0.0093793
-0.0093793
-0.0093547
-0.0093547
-0.0093547
-0.0093547
-0.0093547
-0.00933
-0.00933
-0.00933
-0.0093547
-0.0093547
-0.0093547
-0.0093547
-0.0093547
-0.0093547
-0.0093793
-0.0093793
-0.0093793
-0.0093793
-0.0093793
-0.0094039
-0.0093793
-0.0093547
-0.0093793
-0.0093793
-0.0093793
-0.0093793
-0.0094039
-0.0093793
-0.0093793
-0.0093793
-0.0093793
-0.0094039
-0.0094039
-0.0093793
-0.0093793
-0.0094039
-0.0094039
-0.0094039
-0.0093793
-0.0093793
-0.0094039
-0.0094039
-0.0094039
-0.0093547
-0.0093547
-0.0093547
-0.0093547
-0.0093547
-0.0093793
-0.0094285
-0.0094777
-0.0095024
-0.0095024
-0.0094777
-0.0094777
-0.0094531
-0.0094531
-0.0094285
-0.0094039
-0.0094039
-0.0094285
-0.0094285
-0.0094285
-0.0094039
-0.0094285
-0.0094039
-0.0094039
-0.0094039
-0.0094039
-0.0094039
-0.0093793
-0.0093793
-0.0093793
-0.0094039
-0.0093793
-0.0093793
-0.0093547
-0.0093793
-0.0094039
-0.0093793
-0.0093793
-0.0093793
-0.0093793
-0.0094039
-0.0094039
-0.0093793
-0.0093547
-0.0093793
-0.0093793
-0.0093793
-0.0093547
-0.0093547
-0.0093547
-0.0093547
-0.0093547
-0.00933
-0.0093054
-0.0093054
-0.00933
-0.0093054
-0.0092808
-0.0092562
-0.0092808
-0.0092808
-0.0092808
-0.0093054
-0.0093054
-0.0093054
-0.0093054
-0.0093054
-0.00933
-0.00933
-0.00933
-0.00933
-0.00933
-0.0093547
-0.0093547
-0.0093547
-0.00933
-0.0093547
-0.0093793
-0.0093793
-0.0093547
-0.0093547
-0.0093547
-0.0093793
-0.0093793
-0.0093547
-0.0093547
-0.0093547
-0.0093793
-0.0093793
-0.0093793
-0.0093547
-0.0093547
-0.0093793
-0.0093793
-0.0093547
-0.0093547
-0.0093547
-0.0093793
-0.0093793
-0.0093547
-0.00933
-0.00933
-0.0093054
-0.0093054
-0.00933
-0.0093054
-0.0093054
-0.0093054
-0.0093054
-0.00933
-0.00933
-0.0093054
-0.0093054
-0.00933
-0.00933
-0.00933
-0.00933
-0.00933
-0.00933
-0.0093547
-0.0093547
-0.00933
-0.00933
-0.00933
-0.00933
-0.00933
-0.00933
-0.0093054
-0.0093054
-0.0093054
-0.0093054
-0.0093054
-0.0092808
-0.0093054
-0.0093793
-0.0094285
-0.0094777
-0.0094777
-0.0095024
-0.009527
-0.0095024
-0.0094531
-0.0094531
-0.0094285
-0.0094039
-0.0094039
-0.0094039
-0.0094039
-0.0094039
-0.0093793
-0.0093547
-0.0093547
-0.0093547
-0.00933
-0.0093054
-0.0093054
-0.0093054
-0.00933
-0.0093054
-0.0093054
-0.0093054
-0.0093054
-0.0093054
-0.0093054
-0.0093054
-0.0093054
-0.0093054
-0.0093054
-0.0093054
-0.0092808
-0.0092808
-0.0093054
-0.0093054
-0.0092808
-0.0092808
-0.0092808
-0.0092808
-0.0093054
-0.0092808
-0.0092808
-0.0092808
-0.0092808
-0.0093054
-0.0093054
-0.0093054
-0.0093054
-0.0092808
-0.0093054
-0.0093054
-0.0093054
-0.0093054
-0.0092808
-0.0092808
-0.0093054
-0.0093054
-0.0093054
-0.0092808
-0.0092808
-0.0092808
-0.0092808
-0.0092808
-0.0092562
-0.0092808
-0.0093054
-0.0093054
-0.0093054
-0.0092808
-0.0093054
-0.00933
-0.00933
-0.00933
-0.0093054
-0.00933
-0.00933
-0.0093547
-0.00933
-0.00933
-0.00933
-0.00933
-0.0093547
-0.00933
-0.0093547
-0.0093547
-0.00933
-0.00933
-0.0093547
-0.0093547
-0.0093547
-0.0093547
-0.00933
-0.0093547
-0.0093793
-0.0093547
-0.0093547
-0.0093547
-0.0093547
-0.0093793
-0.0093547
-0.0093547
-0.0093547
-0.0093547
-0.0093547
-0.00933
-0.00933
-0.0093054
-0.00933
-0.00933
-0.0093054
-0.0092808
-0.0092808
-0.0093054
-0.0093054
-0.0093054
-0.0093054
-0.0093054
-0.0093054
-0.00933
-0.00933
-0.0093054
-0.0093054
-0.00933
-0.0093054
-0.00933
-0.00933
-0.0093054
-0.0092808
-0.0092808
-0.0092808
-0.0093054
-0.0093054
-0.00933
-0.0093793
-0.0094531
-0.0094777
-0.0095024
-0.0095024
-0.0094777
-0.0094777
-0.0094777
-0.0094531
-0.0094285
-0.0094285
-0.0094285
-0.0094285
-0.0094285
-0.0094039
-0.0094039
-0.0094039
-0.0094039
-0.0094039
-0.0093793
-0.0093547
-0.0093547
-0.0093547
-0.00933
-0.0093054
-0.0092808
-0.0092808
-0.0092808
-0.0092808
-0.0092808
-0.0093054
-0.0092808
-0.0092808
-0.0093054
-0.0093054
-0.0093054
-0.0092808
-0.0092808
-0.0092808
-0.0093054
-0.0093054
-0.0092808
-0.0092808
-0.0092808
-0.0093054
-0.0092808
-0.0092808
-0.0092808
-0.0092808
-0.0093054
-0.0092808
-0.0092808
-0.0092808
-0.0092808
-0.0092808
-0.0092808
-0.0092808
-0.0092562
-0.0092808
-0.0093054
-0.0093054
-0.0092808
-0.0092562
-0.0092808
-0.0093054
-0.0092808
-0.0092808
-0.0092562
-0.0092562
-0.0092808
-0.0092562
-0.0092808
-0.0092808
-0.0092562
-0.0092562
-0.0092562
-0.0092808
-0.0092808
-0.0092808
-0.0092808
-0.0092808
-0.0093054
-0.0093054
-0.0093054
-0.0092808
-0.0092808
-0.0093054
-0.0093054
-0.0093054
-0.0092808
-0.0093054
-0.0093054
-0.0093054
-0.0093054
-0.0092808
-0.0093054
-0.00933
-0.00933
-0.0093054
-0.0093054
-0.0093054
-0.00933
-0.00933
-0.0093054
-0.0093054
-0.0093054
-0.00933
-0.00933
-0.0093054
-0.0092562
-0.0092808
-0.0093547
-0.0094039
-0.0094285
-0.0094039
-0.0094039
-0.0093793
-0.0093793
-0.0093547
-0.00933
-0.0093054
-0.00933
-0.00933
-0.0093547
-0.00933
-0.00933
-0.00933
-0.0093547
-0.0093547
-0.00933
-0.0093054
-0.0093054
-0.0093054
-0.0093054
-0.0093054
-0.0092808
-0.0092808
-0.0093054
-0.0093054
-0.0092808
-0.0092808
-0.0092808
-0.0093054
-0.0093054
-0.0093054
-0.0092808
-0.0092808
-0.0093054
-0.0093054
-0.0093054
-0.0093054
-0.0093054
-0.0092808
-0.0092562
-0.0092808
-0.0092808
-0.0092562
-0.0092316
-0.0092316
-0.0092316
-0.0092316
-0.0092316
-0.009207
-0.0091823
-0.0091823
-0.009207
-0.0091823
-0.0091823
-0.0091823
-0.0091823
-0.009207
-0.009207
-0.0091823
-0.009207
-0.0092316
-0.0092316
-0.0092316
-0.0092316
-0.0092316
-0.0092562
-0.0092562
-0.0092562
-0.0092562
-0.0092562
-0.0092562
-0.0092808
-0.0092562
-0.0092562
-0.0092562
-0.0092808
-0.0092562
-0.0092808
-0.0092808
-0.0092808
-0.0092562
-0.0092562
-0.0092808
-0.0092808
-0.0092808
-0.0092562
-0.0092562
-0.0092808
-0.0092808
-0.0092808
-0.0092562
-0.0092316
-0.0092316
-0.0092316
-0.009207
-0.0091823
-0.0091577
-0.0091823
-0.0091823
-0.0091823
-0.0092316
-0.0092808
-0.00933
-0.0093793
-0.0093793
-0.0093793
-0.0093547
-0.0093547
-0.0093547
-0.0093547
-0.00933
-0.00933
-0.00933
-0.00933
-0.0093054
-0.0093054
-0.0093054
-0.0092808
-0.0092808
-0.0092808
-0.0092808
-0.0092808
-0.0092808
-0.0092562
-0.0092808
-0.0092808
-0.0092808
-0.0092562
-0.0092562
-0.0092562
-0.0092808
-0.0092808
-0.0092562
-0.0092562
-0.0092562
-0.0092808
-0.0092562
-0.0092316
-0.0092316
-0.0092316
-0.0092316
-0.009207
-0.009207
-0.0091823
-0.0091823
-0.0091823
-0.0091823
-0.0091577
-0.0091577
-0.0091577
-0.0091823
-0.0091577
-0.0091577
-0.0091577
-0.0091823
-0.009207
-0.0091823
-0.009207
-0.009207
-0.009207
-0.0091823
-0.009207
-0.009207
-0.009207
-0.0091823
-0.0091823
-0.009207
-0.0092316
-0.0092316
-0.0092316
-0.0092316
-0.0092316
-0.0092562
-0.0092562
-0.0092316
-0.0092316
-0.0092316
-0.0092562
-0.0092562
-0.0092562
-0.0092316
-0.0092316
-0.0092562
-0.0092562
-0.0092316
-0.0092316
-0.0092316
-0.0092316
-0.0092316
-0.009207
-0.0091823
-0.0091823
-0.009207
-0.0091823
-0.0091577
-0.0091577
-0.0091823
-0.0091577
-0.0091823
-0.009207
-0.009207
-0.009207
-0.0091823
-0.0091823
-0.009207
-0.009207
-0.0091823
-0.0091823
-0.009207
-0.009207
-0.009207
-0.009207
-0.0091823
-0.0091823
-0.0091823
-0.0091577
-0.0091577
-0.0091577
-0.0091823
-0.0092316
-0.0093054
-0.00933
-0.0093547
-0.0093793
-0.0093793
-0.0093793
-0.0093547
-0.00933
-0.0093054
-0.00933
-0.00933
-0.0093054
-0.0092808
-0.0092808
-0.0093054
-0.0092808
-0.0092562
-0.0092316
-0.009207
-0.0091823
-0.0091823
-0.0091823
-0.0091823
-0.0091577
-0.0091823
-0.0091823
-0.009207
-0.0091823
-0.0091823
-0.0091823
-0.009207
-0.009207
-0.009207
-0.0091823
-0.0091823
-0.0091823
-0.009207
-0.0091823
-0.0091823
-0.0091823
-0.0091823
-0.0091823
-0.0091823
-0.0091577
-0.0091577
-0.0091823
-0.0091823
-0.0091823
-0.0091577
-0.0091823
-0.0091823
-0.0091823
-0.0091823
-0.0091577
-0.0091577
-0.0091823
-0.0091577
-0.0091823
-0.0091823
-0.0091577
-0.0091577
-0.0091577
-0.0091577
-0.0091577
-0.0091577
-0.0091331
-0.0091331
-0.0091577
-0.0091577
-0.0091577
-0.0091577
-0.0091577
-0.0091823
-0.009207
-0.009207
-0.0091823
-0.0091823
-0.009207
-0.009207
-0.009207
-0.0091823
-0.0091823
-0.009207
-0.009207
-0.009207
-0.0091823
-0.0091823
-0.0091823
-0.009207
-0.0091823
-0.0091823
-0.0091823
-0.0091823
-0.009207
-0.009207
-0.0091823
-0.0091823
-0.0091823
-0.0091823
-0.0091823
-0.0091823
-0.0091823
-0.0091577
-0.0091823
-0.0091823
-0.0091577
-0.0091085
-0.0091085
-0.0091331
-0.0091085
-0.0091331
-0.0091577
-0.009207
-0.0092316
-0.0092808
-0.0092808
-0.0092562
-0.0092562
-0.0092316
-0.0092316
-0.0092316
-0.009207
-0.009207
-0.009207
-0.0092316
-0.0092316
-0.009207
-0.009207
-0.0092316
-0.0092316
-0.0092316
-0.009207
-0.009207
-0.009207
-0.009207
-0.009207
-0.009207
-0.009207
-0.0091823
-0.0091823
-0.009207
-0.009207
-0.009207
-0.009207
-0.0091823
-0.009207
-0.009207
-0.009207
-0.0091823
-0.0091577
-0.0091823
-0.0091823
-0.0091823
-0.0091577
-0.0091331
-0.0091331
-0.0091577
-0.0091331
-0.0091085
-0.0091085
-0.0090839
-0.0091085
-0.0091085
-0.0090839
-0.0090839
-0.0090839
-0.0091085
-0.0091085
-0.0091085
-0.0091085
-0.0091331
-0.0091577
-0.0091577
-0.0091331
-0.0091331
-0.0091577
-0.0091823
-0.0091823
-0.009207
-0.009207
-0.009207
-0.0091823
-0.009207
-0.0092316
-0.0092316
-0.009207
-0.009207
-0.0092316
-0.0092316
-0.0092316
-0.0092316
-0.009207
-0.0092316
-0.0092316
-0.0092316
-0.0092316
-0.009207
-0.0092316
-0.0092316
-0.0092316
-0.0092316
-0.009207
-0.009207
-0.009207
-0.009207
-0.009207
-0.0091823
-0.0091823
-0.0091823
-0.0091823
-0.0091577
-0.0091577
-0.0091577
-0.0091823
-0.0091823
-0.0091577
-0.0091823
-0.0091823
-0.0091823
-0.0091823
-0.009207
-0.009207
-0.0091823
-0.0091577
-0.0091823
-0.0091823
-0.0091823
-0.0091823
-0.0091577
-0.0091577
-0.0091577
-0.0091577
-0.0091331
-0.0091331
-0.0091331
-0.0091823
-0.0092562
-0.0093054
-0.00933
-0.00933
-0.0093547
-0.0093547
-0.00933
-0.0093054
-0.0092808
-0.0092808
-0.0092808
-0.0092562
-0.0092562
-0.0092562
-0.0092562
-0.0092562
-0.0092316
-0.009207
-0.009207
-0.009207
-0.0091577
-0.0091577
-0.0091577
-0.0091577
-0.0091331
-0.0091331
-0.0091577
-0.0091577
-0.0091577
-0.0091331
-0.0091331
-0.0091577
-0.0091577
-0.0091577
-0.0091331
-0.0091331
-0.0091331
-0.0091331
-0.0091331
-0.0091085
-0.0091085
-0.0091331
-0.0091331
-0.0091085
-0.0091085
-0.0091085
-0.0091085
-0.0091331
-0.0091085
-0.0091085
-0.0091085
-0.0091085
-0.0091085
-0.0091085
-0.0090839
-0.0091085
-0.0091085
-0.0091085
-0.0091085
-0.0090839
-0.0090839
-0.0090839
-0.0090592
-0.0090839
-0.0090839
-0.0090592
-0.0090592
-0.0090592
-0.0090839
-0.0091085
-0.0090839
-0.0090839
-0.0090839
-0.0091085
-0.0091331
-0.0091085
-0.0091085
-0.0091085
-0.0091331
-0.0091331
-0.0091331
-0.0091085
-0.0091085
-0.0091085
-0.0091085
-0.0091085
-0.0091085
-0.0091085
-0.0091085
-0.0091085
-0.0091085
-0.0091085
-0.0091085
-0.0091085
-0.0091331
-0.0091085
-0.0091085
-0.0091085
-0.0091085
-0.0091331
-0.0091085
-0.0091331
-0.0091085
-0.0091085
-0.0090839
-0.0091085
-0.0091085
-0.0090839
-0.0090839
-0.0090592
-0.0090592
-0.0090592
-0.0090592
-0.0090346
-0.0090346
-0.0090346
-0.0090592
-0.0090592
-0.0090346
-0.0090346
-0.0090346
-0.0090592
-0.0090592
-0.0090346
-0.0090592
-0.0090592
-0.0090839
-0.0090592
-0.0090592
-0.0090592
-0.0090592
-0.0090592
-0.0090346
-0.00901
-0.00901
-0.0090346
-0.0090346
-0.0090346
-0.0090839
-0.0091331
-0.009207
-0.009207
-0.009207
-0.0091823
-0.0091577
-0.0091577
-0.0091577
-0.0091577
-0.0091577
-0.0091331
-0.0091331
-0.0091331
-0.0091331
-0.0091085
-0.0090839
-0.0090839
-0.0090839
-0.0090592
-0.0090592
-0.00901
-0.0089854
-0.00901
-0.00901
-0.00901
-0.00901
-0.0089854
-0.00901
-0.00901
-0.0090346
-0.00901
-0.00901
-0.00901
-0.0090346
-0.0090346
-0.00901
-0.00901
-0.00901
-0.0090346
-0.0090346
-0.00901
-0.00901
-0.00901
-0.00901
-0.00901
-0.00901
-0.00901
-0.00901
-0.0090346
-0.0090346
-0.00901
-0.00901
-0.00901
-0.0090346
-0.0090346
-0.00901
-0.00901
-0.00901
-0.0090346
-0.0090346
-0.00901
-0.00901
-0.00901
-0.00901
-0.00901
-0.0089854
-0.0089854
-0.0089854
-0.00901
-0.00901
-0.00901
-0.0089854
-0.00901
-0.0090346
-0.0090346
-0.0090346
-0.0090346
-0.0090346
-0.0090592
-0.0090592
-0.0090346
-0.0090592
-0.0090346
-0.0090346
-0.0090346
-0.0090592
-0.0090346
-0.0090346
-0.0090346
-0.0090346
-0.0090592
-0.0090592
-0.0090346
-0.0090346
-0.0090346
-0.0090592
-0.0090592
-0.0090346
-0.0090346
-0.0090346
-0.0090592
-0.0090592
-0.0090346
-0.00901
-0.00901
-0.00901
-0.00901
-0.00901
-0.0090346
-0.0091085
-0.0091577
-0.0091577
-0.0091577
-0.0091331
-0.0091331
-0.0091085
-0.0090839
-0.0090839
-0.0090592
-0.0090592
-0.0090592
-0.0090592
-0.0090839
-0.0090839
-0.0090592
-0.0090346
-0.0090346
-0.0090346
-0.0090346
-0.0090346
-0.00901
-0.00901
-0.0090346
-0.0090346
-0.00901
-0.00901
-0.00901
-0.00901
-0.0090346
-0.00901
-0.00901
-0.00901
-0.00901
-0.0090346
-0.0090346
-0.00901
-0.00901
-0.00901
-0.0090346
-0.00901
-0.0089854
-0.0089854
-0.0089854
-0.00901
-0.0089854
-0.0089608
-0.0089608
-0.0089608
-0.0089608
-0.0089362
-0.0089362
-0.0089115
-0.0089115
-0.0089115
-0.0089115
-0.0089362
-0.0089362
-0.0089362
-0.0089362
-0.0089608
-0.0089608
-0.0089608
-0.0089362
-0.0089608
-0.0089608
-0.0089854
-0.0089854
-0.0089608
-0.0089854
-0.0089854
-0.00901
-0.0089854
-0.0089854
-0.0089854
-0.00901
-0.00901
-0.00901
-0.0089854
-0.0089854
-0.00901
-0.00901
-0.00901
-0.0089854
-0.0089854
-0.00901
-0.00901
-0.00901
-0.0089854
-0.0089854
-0.0089854
-0.00901
-0.0089608
-0.0089854
-0.0089608
-0.0089608
-0.0089362
-0.0089362
-0.0089115
-0.0088869
-0.0088623
-0.0088623
-0.0088869
-0.0089115
-0.0089608
-0.00901
-0.0090592
-0.0090839
-0.0091085
-0.0091085
-0.0090839
-0.0090592
-0.0090592
-0.0090592
-0.0090346
-0.0090346
-0.00901
-0.0090346
-0.0090346
-0.0090346
-0.00901
-0.00901
-0.0090346
-0.0090346
-0.00901
-0.00901
-0.0089854
-0.00901
-0.00901
-0.00901
-0.0089854
-0.0089854
-0.0089854
-0.0089854
-0.0089854
-0.0089854
-0.0089608
-0.0089608
-0.0089608
-0.0089608
-0.0089608
-0.0089362
-0.0089115
-0.0089115
-0.0089115
-0.0089115
-0.0088869
-0.0088869
-0.0088869
-0.0088869
-0.0088869
-0.0088869
-0.0088869
-0.0088869
-0.0089115
-0.0089115
-0.0089115
-0.0088869
-0.0089115
-0.0089115
-0.0089115
-0.0089115
-0.0089115
-0.0089362
-0.0089362
-0.0089362
-0.0089362
-0.0089362
-0.0089362
-0.0089608
-0.0089608
-0.0089362
-0.0089854
-0.0089608
-0.0089608
-0.0089608
-0.0089854
-0.0089854
-0.0089608
-0.0089608
-0.0089608
-0.0089854
-0.0089854
-0.0089608
-0.0089608
-0.0089608
-0.0089854
-0.0089608
-0.0089608
-0.0089362
-0.0089362
-0.0089362
-0.0089362
-0.0089115
-0.0088869
-0.0089115
-0.0089115
-0.0089362
-0.0089115
-0.0089115
-0.0089115
-0.0089362
-0.0089362
-0.0089362
-0.0089362
-0.0089362
-0.0089608
-0.0089608
-0.0089362
-0.0089362
-0.0089362
-0.0089608
-0.0089362
-0.0089362
-0.0089115
-0.0088869
-0.0088869
-0.0088869
-0.0089115
-0.0089362
-0.0089854
-0.0090346
-0.0090839
-0.0091085
-0.0091331
-0.0091085
-0.0090839
-0.0090592
-0.0090592
-0.0090346
-0.0090346
-0.00901
-0.00901
-0.0090346
-0.00901
-0.0089854
-0.0089854
-0.0089854
-0.0089854
-0.0089608
-0.0089362
-0.0089115
-0.0089115
-0.0089115
-0.0089115
-0.0088869
-0.0088869
-0.0088869
-0.0088869
-0.0089115
-0.0089115
-0.0088869
-0.0089115
-0.0088869
-0.0088869
-0.0088869
-0.0088869
-0.0088869
-0.0088623
-0.0088623
-0.0088869
-0.0088869
-0.0088623
-0.0088623
-0.0088623
-0.0088869
-0.0088869
-0.0088623
-0.0088623
-0.0088623
-0.0088623
-0.0088623
-0.0088623
-0.0088377
-0.0088377
-0.0088623
-0.0088623
-0.0088623
-0.0088377
-0.0088377
-0.0088623
-0.0088623
-0.0088377
-0.0088377
-0.0088377
-0.0088377
-0.0088377
-0.0088131
-0.0088131
-0.0088131
-0.0088131
-0.0088377
-0.0088623
-0.0088623
-0.0088377
-0.0088623
-0.0088623
-0.0088869
-0.0088623
-0.0088377
-0.0088623
-0.0088623
-0.0088623
-0.0088623
-0.0088377
-0.0088377
-0.0088623
-0.0088623
-0.0088623
-0.0088623
-0.0088623
-0.0088623
-0.0088623
-0.0088623
-0.0088623
-0.0088623
-0.0088623
-0.0088623
-0.0088623
-0.0088623
-0.0088623
-0.0088623
-0.0088623
-0.0088623
-0.0088377
-0.0088131
-0.0088131
-0.0088131
-0.0088131
-0.0087885
-0.0087885
-0.0088377
-0.0089362
-0.0089362
-0.0089362
-0.0089115
-0.0088869
-0.0088623
-0.0088623
-0.0088869
-0.0088623
-0.0088623
-0.0088623
-0.0088623
-0.0088869
-0.0088869
-0.0088623
-0.0088623
-0.0088623
-0.0088623
-0.0088377
-0.0088377
-0.0088131
-0.0088377
-0.0088377
-0.0088377
-0.0088131
-0.0088131
-0.0088131
-0.0088131
-0.0088131
-0.0088131
-0.0087885
-0.0088131
-0.0088377
-0.0088131
-0.0088131
-0.0087885
-0.0087885
-0.0088131
-0.0088131
-0.0087885
-0.0087885
-0.0087638
-0.0087392
-0.0087392
-0.0087392
-0.0087392
-0.0087146
-0.0087146
-0.00869
-0.0087146
-0.00869
-0.00869
-0.00869
-0.00869
-0.0087146
-0.0087146
-0.00869
-0.00869
-0.0087146
-0.0087392
-0.0087392
-0.0087392
-0.0087392
-0.0087638
-0.0087638
-0.0087638
-0.0087638
-0.0087638
-0.0087638
-0.0087885
-0.0087885
-0.0087638
-0.0087638
-0.0087638
-0.0087885
-0.0087885
-0.0087638
-0.0087638
-0.0087885
-0.0087885
