2018
7
26
9
48
48.624
0.070406
0.070406
0.070406
0.070406
0.070406
0.070381
0.070381
0.070381
0.070381
0.070381
0.070357
0.070357
0.070357
0.070357
0.070332
0.070332
0.070332
0.070332
0.070308
0.070283
0.070258
0.070234
0.070209
0.070209
0.070185
0.07016
0.07016
0.070135
0.070111
0.070111
0.070111
0.070086
0.070086
0.070061
0.070061
0.070037
0.070037
0.070012
0.070012
0.069988
0.069963
0.069963
0.069963
0.069938
0.069938
0.069938
0.069938
0.069914
0.069914
0.069914
0.069914
0.069914
0.069889
0.069889
0.069889
0.069865
0.069865
0.069865
0.069865
0.069865
0.06984
0.06984
0.06984
0.069815
0.069815
0.069815
0.069791
0.069766
0.069766
0.069741
0.069741
0.069717
0.069717
0.069717
0.069692
0.069692
0.069668
0.069668
0.069668
0.069668
0.069618
0.069643
0.069643
0.069643
0.069618
0.069594
0.069569
0.069495
0.069421
0.069372
0.069323
0.069323
0.069323
0.069323
0.069323
0.069323
0.069323
0.069323
0.069323
0.069323
0.069323
0.069323
0.069323
0.069348
0.069348
0.069348
0.069372
0.069372
0.069372
0.069372
0.069397
0.069397
0.069397
0.069397
0.069397
0.069397
0.069372
0.069372
0.069372
0.069348
0.069323
0.069323
0.069323
0.069298
0.069298
0.069298
0.069298
0.069298
0.069274
0.069274
0.069274
0.069274
0.069274
0.069249
0.069249
0.069249
0.069249
0.069249
0.069224
0.069224
0.069224
0.0692
0.0692
0.069175
0.069175
0.069151
0.069151
0.069126
0.069126
0.069101
0.069101
0.069077
0.069077
0.069052
0.069052
0.069028
0.069028
0.069003
0.069003
0.069003
0.068929
0.068929
0.068904
0.068904
0.068904
0.06888
0.06888
0.068855
0.068855
0.068855
0.068855
0.068855
0.068831
0.068831
0.068831
0.068831
0.068806
0.068806
0.068806
0.068781
0.068781
0.068781
0.068781
0.068757
0.068757
0.068757
0.068757
0.068732
0.068732
0.068732
0.068732
0.068732
0.068707
0.068707
0.068707
0.068683
0.068683
0.068683
0.068658
0.068658
0.068609
0.068609
0.068609
0.068584
0.068584
0.06856
0.068535
0.068535
0.068511
0.068511
0.068511
0.068486
0.068486
0.068461
0.068461
0.068461
0.068461
0.068461
0.068437
0.068437
0.068437
0.068437
0.068412
0.068412
0.068412
0.068412
0.068387
0.068387
0.068387
0.068363
0.068363
0.068363
0.068363
0.068387
0.068363
0.068363
0.068338
0.068314
0.06824
0.068166
0.068067
0.068092
0.068092
0.068092
0.068092
0.068092
0.068092
0.068092
0.068092
0.068092
0.068117
0.068117
0.068117
0.068117
0.068117
0.068117
0.068117
0.068117
0.068117
0.068117
0.068117
0.068117
0.068117
0.068117
0.068117
0.068117
0.068117
0.068117
0.068117
0.068092
0.068092
0.068092
0.068092
0.068067
0.068067
0.068067
0.068067
0.068067
0.068067
0.068067
0.068043
0.068043
0.068043
0.068043
0.068043
0.068043
0.068018
0.068018
0.068018
0.067994
0.067994
0.067994
0.067994
0.067969
0.067969
0.067944
0.067944
0.067944
0.06792
0.067895
0.067895
0.06787
0.067846
0.067821
0.067821
0.067821
0.067797
0.067797
0.067772
0.067772
0.067747
0.067747
0.067747
0.067747
0.067723
0.067723
0.067723
0.067723
0.067698
0.067698
0.067674
0.067674
0.067649
0.067649
0.067649
0.067649
0.067649
0.067624
0.067624
0.067624
0.067624
0.0676
0.0676
0.0676
0.0676
0.067575
0.067575
0.067575
0.06755
0.06755
0.06755
0.06755
0.067526
0.067526
0.067526
0.067526
0.067526
0.067526
0.067501
0.067477
0.067427
0.067354
0.067304
0.067255
0.067206
0.067206
0.067206
0.067206
0.067206
0.067206
0.067206
0.067206
0.067206
0.06723
0.06723
0.067255
0.067255
0.067255
0.067255
0.067255
0.067255
0.06728
0.06728
0.06728
0.06728
0.06728
0.06728
0.06728
0.06728
0.06728
0.06728
0.06728
0.06728
0.06728
0.067255
0.067255
0.067255
0.067255
0.067255
0.067255
0.067255
0.067255
0.067255
0.067255
0.06723
0.06723
0.06723
0.06723
0.067206
0.067206
0.067157
0.067157
0.067132
0.067132
0.067132
0.067107
0.067107
0.067083
0.067083
0.067058
0.067058
0.067033
0.067033
0.067009
0.067009
0.066984
0.066984
0.066984
0.06696
0.06696
0.06696
0.06696
0.066935
0.066935
0.066935
0.066935
0.066935
0.06691
0.06691
0.06691
0.066886
0.066886
0.066886
0.066886
0.066861
0.066861
0.066861
0.066861
0.066861
0.066861
0.066812
0.066812
0.066787
0.066787
0.066763
0.066763
0.066763
0.066738
0.066738
0.066713
0.066713
0.066713
0.066713
0.066713
0.066689
0.066689
0.066689
0.066689
0.066664
0.066664
0.066664
0.066664
0.066664
0.066664
0.06664
0.06664
0.066615
0.066615
0.06664
0.06664
0.06664
0.06664
0.066615
0.06659
0.066541
0.066492
0.066418
0.066369
0.066344
0.066344
0.066344
0.066344
0.066344
0.066344
0.066369
0.066369
0.066393
0.066393
0.066393
0.066393
0.066393
0.066393
0.066393
0.066418
0.066418
0.066418
0.066418
0.066418
0.066418
0.066418
0.066418
0.066418
0.066418
0.066418
0.066393
0.066393
0.066393
0.066393
0.066393
0.066369
0.066369
0.066369
0.066369
0.066369
0.066344
0.066344
0.066344
0.066344
0.066344
0.066344
0.06632
0.06632
0.066295
0.066295
0.066295
0.06627
0.06627
0.06627
0.066246
0.066246
0.066221
0.066221
0.066197
0.066172
0.066147
0.066147
0.066123
0.066123
0.066098
0.066098
0.066073
0.066073
0.066073
0.066049
0.066049
0.066049
0.066049
0.066049
0.066024
0.066024
0.066024
0.066024
0.066
0.066
0.066
0.066
0.065975
0.065975
0.065975
0.065975
0.06595
0.06595
0.06595
0.06595
0.065926
0.065926
0.065926
0.065926
0.065901
0.065901
0.065901
0.065901
0.065876
0.065876
0.065876
0.065876
0.065876
0.065852
0.065852
0.065852
0.065827
0.065827
0.065803
0.065803
0.065778
0.065778
0.065753
0.065753
0.065753
0.065729
0.065729
0.065729
0.065704
0.065704
0.065704
0.065704
0.065704
0.06568
0.06568
0.065655
0.06568
0.06568
0.065655
0.06563
0.065556
0.065483
0.065409
0.06536
0.06536
0.06536
0.06536
0.065384
0.065384
0.065384
0.065384
0.065384
0.065384
0.065409
0.065409
0.065409
0.065433
0.065458
0.065458
0.065458
0.065483
0.065483
0.065507
0.065507
0.065507
0.065507
0.065507
0.065507
0.065507
0.065507
0.065507
0.065507
0.065507
0.065507
0.065507
0.065483
0.065483
0.065483
0.065483
0.065483
0.065483
0.065483
0.065483
0.065483
0.065483
0.065483
0.065483
0.065483
0.065483
0.065483
0.065483
0.065483
0.065483
0.065458
0.065458
0.065458
0.065458
0.065433
0.065433
0.065409
0.065409
0.065384
0.065384
0.06536
0.06536
0.065335
0.065335
0.065335
0.06531
0.06531
0.065286
0.065286
0.065261
0.065261
0.065236
0.065236
0.065187
0.065187
0.065163
0.065163
0.065163
0.065163
0.065138
0.065138
0.065138
0.065138
0.065138
0.065113
0.065113
0.065113
0.065113
0.065089
0.065089
0.065089
0.065089
0.065089
0.065064
0.065064
0.065064
0.065064
0.065039
0.065039
0.065039
0.065039
0.065039
0.065015
0.065015
0.065015
0.06499
0.06499
0.06499
0.06499
0.06499
0.06499
0.06499
0.064966
0.064719
0.064695
0.064695
0.064695
0.064695
0.064695
0.06467
0.06467
0.06467
0.064695
0.064695
0.064719
0.064719
0.064719
0.064744
0.064744
0.064744
0.064769
0.064769
0.064769
0.064793
0.064793
0.064793
0.064793
0.064793
0.064793
0.064793
0.064793
0.064793
0.064793
0.064793
0.064793
0.064769
0.064769
0.064769
0.064769
0.064769
0.064769
0.064769
0.064769
0.064769
0.064744
0.064744
0.064744
0.064744
0.064744
0.064744
0.064744
0.064719
0.064695
0.064695
0.06467
0.06467
0.064646
0.064646
0.064621
0.064596
0.064596
0.064596
0.064572
0.064572
0.064572
0.064547
0.064547
0.064523
0.064523
0.064523
0.064523
0.064498
0.064498
0.064498
0.064498
0.064498
0.064473
0.064473
0.064473
0.064449
0.064449
0.064449
0.064449
0.064424
0.064424
0.064424
0.064424
0.064424
0.064424
0.064399
0.064399
0.064399
0.064399
0.064399
0.064399
0.064399
0.064375
0.064375
0.064375
0.06435
0.064326
0.064326
0.064301
0.064301
0.064301
0.064301
0.064276
0.064276
0.064276
0.064276
0.064252
0.064252
0.064252
0.064252
0.064252
0.064227
0.064227
0.064227
0.064227
0.064202
0.064202
0.064202
0.064178
0.064202
0.064202
0.064178
0.064153
0.064129
0.064104
0.06403
0.063956
0.063932
0.063907
0.063907
0.063907
0.063907
0.063907
0.063907
0.063907
0.063907
0.063907
0.063907
0.063932
0.063932
0.063932
0.063956
0.063956
0.063956
0.063956
0.063956
0.063956
0.063956
0.063981
0.063981
0.063981
0.063981
0.063981
0.063981
0.063981
0.063981
0.063981
0.063956
0.063956
0.063956
0.063956
0.063932
0.063932
0.063932
0.063932
0.063932
0.063932
0.063932
0.063932
0.063907
0.063907
0.063907
0.063907
0.063907
0.063907
0.063907
0.063882
0.063882
0.063882
0.063858
0.063858
0.063833
0.063833
0.063833
0.063809
0.063809
0.063784
0.063784
0.063759
0.063759
0.063735
0.06371
0.063686
0.063686
0.063686
0.063661
0.063661
0.063636
0.063636
0.063612
0.063612
0.063612
0.063612
0.063587
0.063587
0.063587
0.063587
0.063562
0.063562
0.063562
0.063562
0.063562
0.063538
0.063538
0.063538
0.063538
0.063538
0.063513
0.063513
0.063513
0.063513
0.063513
0.063513
0.063513
0.063489
0.063489
0.063489
0.063489
0.063464
0.063464
0.063464
0.063464
0.063464
0.063464
0.063464
0.063439
0.063439
0.063439
0.063415
0.063365
0.063365
0.063365
0.063341
0.063341
0.063341
0.063341
0.063316
0.063316
0.063316
0.063316
0.063292
0.063292
0.063292
0.063292
0.063267
0.063267
0.063292
0.063292
0.063267
0.063267
0.063218
0.063169
0.063095
0.063045
0.062996
0.062996
0.062972
0.062996
0.062996
0.062996
0.062996
0.062996
0.062996
0.062996
0.062996
0.063021
0.063021
0.063045
0.063045
0.063095
0.063095
0.063095
0.063095
0.063095
0.063095
0.063095
0.063095
0.06307
0.06307
0.06307
0.06307
0.06307
0.06307
0.06307
0.06307
0.06307
0.063045
0.063045
0.063045
0.063045
0.063045
0.063045
0.063045
0.063045
0.063045
0.063045
0.063021
0.063021
0.063021
0.063021
0.063021
0.063021
0.063021
0.062996
0.062996
0.062996
0.062972
0.062972
0.062972
0.062898
0.062898
0.062873
0.062873
0.062873
0.062849
0.062849
0.062849
0.062849
0.062824
0.062799
0.062799
0.062775
0.062775
0.06275
0.06275
0.06275
0.062725
0.062725
0.062725
0.062725
0.062725
0.062725
0.062725
0.062701
0.062701
0.062701
0.062701
0.062701
0.062676
0.062676
0.062676
0.062676
0.062676
0.062652
0.062652
0.062652
0.062652
0.062627
0.062627
0.062627
0.062627
0.062627
0.062602
0.062602
0.062602
0.062578
0.062578
0.062578
0.062578
0.062602
0.062602
0.062578
0.062553
0.062504
0.062455
0.062381
0.062332
0.062307
0.062307
0.062282
0.062282
0.062282
0.062282
0.062282
0.062258
0.062282
0.062282
0.062282
0.062282
0.062307
0.062307
0.062332
0.062332
0.062332
0.062356
0.062356
0.062356
0.062356
0.062381
0.062381
0.062381
0.062381
0.062381
0.062356
0.062356
0.062381
0.062381
0.062381
0.062381
0.062381
0.062356
0.062356
0.062356
0.062356
0.062356
0.062356
0.062356
0.062356
0.062332
0.062332
0.062332
0.062332
0.062332
0.062332
0.062332
0.062332
0.062307
0.062307
0.062282
0.062258
0.062258
0.062233
0.062233
0.062208
0.062208
0.062184
0.062184
0.062159
0.062159
0.06211
0.06211
0.06211
0.062085
0.062085
0.062085
0.062085
0.062061
0.062061
0.062061
0.062061
0.062061
0.062036
0.062036
0.062036
0.062036
0.062036
0.062012
0.062012
0.062012
0.062012
0.062012
0.061987
0.061987
0.061987
0.061987
0.061987
0.061987
0.061987
0.061962
0.061962
0.061962
0.061962
0.061962
0.061938
0.061938
0.061913
0.061888
0.061888
0.061888
0.061839
0.061839
0.061839
0.061839
0.061839
0.061839
0.061839
0.061815
0.061815
0.061815
0.06179
0.06179
0.06179
0.061765
0.061765
0.061765
0.061765
0.06179
0.06179
0.061765
0.061765
0.061741
0.061691
0.061618
0.061544
0.061495
0.06147
0.06147
0.06147
0.061495
0.061495
0.061495
0.061495
0.061495
0.061519
0.061519
0.061544
0.061544
0.061568
0.061568
0.061593
0.061593
0.061618
0.061618
0.061618
0.061618
0.061618
0.061642
0.061642
0.061642
0.061642
0.061642
0.061642
0.061642
0.061642
0.061642
0.061642
0.061642
0.061618
0.061618
0.061618
0.061618
0.061618
0.061618
0.061618
0.061618
0.061618
0.061642
0.061642
0.061618
0.061642
0.061642
0.061642
0.061642
0.061642
0.061642
0.061618
0.061618
0.061618
0.061618
0.061568
0.061568
0.061568
0.061544
0.061544
0.061544
0.061519
0.061519
0.061495
0.061495
0.06147
0.06147
0.061445
0.061445
0.061445
0.061421
0.061421
0.061421
0.061421
0.061421
0.061421
0.061421
0.061421
0.061421
0.061421
0.061421
0.061396
0.061396
0.061396
0.061396
0.061396
0.061396
0.061371
0.061371
0.061371
0.061371
0.061371
0.061347
0.061347
0.061347
0.061322
0.061322
0.061298
0.061298
0.061273
0.061273
0.061273
0.061273
0.061248
0.061248
0.061248
0.061248
0.061248
0.061248
0.061224
0.061224
0.061224
0.061199
0.061199
0.061175
0.061175
0.061175
0.06115
0.06115
0.06115
0.06115
0.061125
0.061125
0.061125
0.061125
0.061125
0.061125
0.061125
0.061101
0.061101
0.061101
0.061101
0.061101
0.061101
0.061101
0.060879
0.06083
0.060805
0.060805
0.06083
0.06083
0.06083
0.06083
0.06083
0.06083
0.06083
0.06083
0.060854
0.060854
0.060854
0.060879
0.060879
0.060904
0.060904
0.060928
0.060928
0.060953
0.060953
0.060928
0.060928
0.060928
0.060928
0.060928
0.060928
0.060928
0.060928
0.060928
0.060928
0.060904
0.060904
0.060904
0.060904
0.060904
0.060904
0.060904
0.060904
0.060904
0.060904
0.060879
0.060879
0.060879
0.060879
0.060879
0.060879
0.060879
0.060879
0.060879
0.060879
0.060854
0.060854
0.060854
0.06083
0.06083
0.060805
0.060805
0.060781
0.060781
0.060756
0.060756
0.060731
0.060731
0.060731
0.060731
0.060707
0.060707
0.060682
0.060658
0.060658
0.060658
0.060633
0.060633
0.060633
0.060608
0.060608
0.060608
0.060584
0.060584
0.060584
0.060584
0.060584
0.060559
0.060559
0.060559
0.060559
0.060559
0.060534
0.060534
0.060534
0.060534
0.060534
0.06051
0.06051
0.06051
0.06051
0.06051
0.060485
0.060485
0.060485
0.060485
0.060461
0.060461
0.060461
0.060461
0.060461
0.060461
0.060461
0.060436
0.060387
0.060313
0.060264
0.060214
0.060214
0.06019
0.06019
0.06019
0.060165
0.060165
0.060165
0.060165
0.060165
0.06019
0.06019
0.06019
0.060214
0.060214
0.060214
0.060214
0.060214
0.060214
0.060239
0.060239
0.060239
0.060214
0.060214
0.060214
0.060214
0.060214
0.060214
0.060214
0.060214
0.06019
0.06019
0.06019
0.06019
0.06019
0.06019
0.06019
0.06019
0.06019
0.06019
0.06019
0.06019
0.06019
0.06019
0.06019
0.060165
0.060165
0.060165
0.060165
0.060141
0.060116
0.060116
0.060091
0.060091
0.060067
0.060067
0.060042
0.060042
0.060042
0.060018
0.060018
0.060018
0.060018
0.060018
0.059993
0.059993
0.059993
0.059993
0.059993
0.059993
0.059993
0.059968
0.059968
0.059968
0.059968
0.059968
0.059968
0.059968
0.059968
0.059968
0.059944
0.059944
0.059944
0.059944
0.059944
0.059919
0.059919
0.059919
0.059919
0.059919
0.059919
0.059919
0.059894
0.059894
0.059894
0.059894
0.059894
0.05987
0.05987
0.059845
0.059845
0.059821
0.059821
0.059821
0.059821
0.059821
0.059796
0.059796
0.059796
0.059796
0.059796
0.059796
0.059796
0.059771
0.059771
0.059771
0.059771
0.059771
0.059771
0.059747
0.059747
0.059771
0.059771
0.059771
0.059771
0.059624
0.05955
0.059501
0.059501
0.059501
0.059501
0.059501
0.059501
0.059501
0.059501
0.059525
0.059525
0.059525
0.05955
0.05955
0.05955
0.059574
0.059574
0.059599
0.059599
0.059599
0.059599
0.059599
0.059624
0.059624
0.059624
0.059624
0.059624
0.059624
0.059624
0.059624
0.059624
0.059624
0.059624
0.059624
0.059624
0.059624
0.059624
0.059624
0.059624
0.059624
0.059624
0.059624
0.059624
0.059624
0.059624
0.059624
0.059624
0.059624
0.059624
0.059624
0.059624
0.059599
0.059599
0.059599
0.059599
0.059599
0.059574
0.059574
0.059574
0.05955
0.05955
0.059525
0.059525
0.059525
0.059501
0.059501
0.059476
0.059476
0.059451
0.059451
0.059427
0.059427
0.059427
0.059402
0.059402
0.059402
0.059402
0.059402
0.059402
0.059377
0.059377
0.059377
0.059377
0.059377
0.059353
0.059353
0.059353
0.059353
0.059353
0.059353
0.059353
0.059353
0.059328
0.059328
0.059328
0.059328
0.059328
0.059328
0.059328
0.059328
0.059304
0.059304
0.059304
0.059304
0.059304
0.059304
0.059304
0.059304
0.059304
0.059304
0.059279
0.059279
0.059279
0.059279
0.059279
0.059254
0.059254
0.05923
0.05923
0.059205
0.059205
0.059181
0.059181
0.059181
0.059181
0.059181
0.059181
0.059181
0.059156
0.059156
0.059156
0.059156
0.059156
0.059156
0.059156
0.059156
0.059131
0.059082
0.059008
0.058934
0.058885
0.05886
0.05886
0.05886
0.058885
0.058885
0.058885
0.058885
0.05891
0.05891
0.05891
0.05891
0.058934
0.058934
0.058959
0.058984
0.058984
0.058984
0.059008
0.059033
0.059033
0.059033
0.059033
0.059033
0.059033
0.059033
0.059008
0.059008
0.059008
0.059008
0.059008
0.059008
0.059008
0.059008
0.059008
0.059008
0.059008
0.059008
0.059008
0.059008
0.059008
0.059008
0.059008
0.059008
0.059008
0.059008
0.059008
0.059008
0.059008
0.059008
0.058984
0.058984
0.058984
0.058984
0.058984
0.058959
0.058959
0.058959
0.058934
0.05891
0.058885
0.058885
0.058885
0.05886
0.05886
0.05886
0.058836
0.058836
0.058811
0.058811
0.058811
0.058787
0.058787
0.058787
0.058762
0.058762
0.058762
0.058762
0.058762
0.058762
0.058762
0.058762
0.058762
0.058762
0.058737
0.058737
0.058737
0.058737
0.058737
0.058737
0.058737
0.058737
0.058713
0.058713
0.058713
0.058713
0.058713
0.058688
0.058688
0.058688
0.058688
0.058664
0.058664
0.058688
0.058688
0.058688
0.058664
0.058664
0.058614
0.05854
0.058467
0.058442
0.058417
0.058393
0.058393
0.058393
0.058393
0.058393
0.058393
0.058368
0.058393
0.058393
0.058393
0.058417
0.058417
0.058442
0.058442
0.058467
0.058467
0.058467
0.058491
0.058491
0.058491
0.058516
0.058516
0.058516
0.058516
0.058516
0.058516
0.058516
0.058516
0.058516
0.058516
0.058516
0.058516
0.058516
0.058516
0.058516
0.058516
0.058516
0.058491
0.058491
0.058516
0.058516
0.058516
0.058516
0.058516
0.058516
0.058516
0.058516
0.058516
0.058516
0.058516
0.058491
0.058491
0.058467
0.058467
0.058442
0.058442
0.058417
0.058393
0.058393
0.058368
0.058368
0.058344
0.058344
0.058344
0.058344
0.058319
0.058294
0.058294
0.058294
0.058294
0.058294
0.058294
0.058294
0.05827
0.05827
0.05827
0.05827
0.05827
0.05827
0.05827
0.05827
0.05827
0.05827
0.058245
0.05827
0.05827
0.058245
0.058245
0.058245
0.058245
0.058245
0.058245
0.058245
0.058245
0.05822
0.05822
0.05822
0.05822
0.05822
0.05822
0.05822
0.05822
0.05822
0.058196
0.058171
0.058122
0.057876
0.0579
0.0579
0.0579
0.057925
0.057925
0.057925
0.05795
0.05795
0.05795
0.057974
0.057999
0.057999
0.058023
0.058048
0.058073
0.058073
0.058097
0.058097
0.058122
0.058122
0.058147
0.058147
0.058147
0.058171
0.058171
0.058171
0.058171
0.058171
0.058171
0.058147
0.058171
0.058171
0.058171
0.058171
0.058171
0.058171
0.058171
0.058171
0.058171
0.058171
0.058171
0.058171
0.058171
0.058171
0.058147
0.058147
0.058147
0.058147
0.058147
0.058147
0.058122
0.058122
0.058122
0.058097
0.058097
0.058097
0.058073
0.058073
0.058073
0.058073
0.058073
0.058048
0.058048
0.058048
0.058048
0.058048
0.058023
0.058023
0.058048
0.058048
0.058048
0.058023
0.058023
0.058023
0.058023
0.058023
0.058023
0.058023
0.058023
0.058048
0.058048
0.058023
0.058023
0.058023
0.058023
0.057999
0.057999
0.057999
0.057974
0.057974
0.057974
0.057974
0.05795
0.05795
0.05795
0.05795
0.05795
0.05795
0.05795
0.05795
0.05795
0.057925
0.05795
0.057925
0.057925
0.057925
0.057925
0.057925
0.05795
0.05795
0.05795
0.05795
0.05795
0.057925
0.057851
0.057753
0.057703
0.057679
0.057654
0.057703
0.057703
0.057728
0.057728
0.057753
0.057753
0.057777
0.057802
0.057827
0.057827
0.057851
0.057851
0.057876
0.057876
0.057876
0.057876
0.0579
0.0579
0.0579
0.0579
0.0579
0.0579
0.0579
0.0579
0.0579
0.0579
0.0579
0.0579
0.0579
0.0579
0.0579
0.057876
0.057876
0.057876
0.057876
0.057876
0.057876
0.057851
0.057851
0.057851
0.057827
0.057827
0.057827
0.057827
0.057827
0.057802
0.057802
0.057777
0.057777
0.057753
0.057753
0.057728
0.057728
0.057703
0.057703
0.057679
0.057679
0.057654
0.057654
0.057654
0.05763
0.057605
0.057605
0.05758
0.05758
0.057556
0.057556
0.057556
0.057531
0.057531
0.057531
0.057507
0.057507
0.057507
0.057507
0.057507
0.057482
0.057482
0.057482
0.057482
0.057457
0.057433
0.057433
0.057433
0.057433
0.057433
0.057408
0.057408
0.057408
0.057408
0.057408
0.057408
0.057408
0.057383
0.057383
0.057383
0.057383
0.057359
0.057359
0.057383
0.057383
0.057383
0.057383
0.057359
0.05731
0.057236
0.057186
0.057137
0.057113
0.057088
0.057088
0.057088
0.057088
0.057088
0.057088
0.057088
0.057088
0.057088
0.057113
0.057113
0.057162
0.057162
0.057186
0.057186
0.057211
0.057211
0.057211
0.057211
0.057236
0.057236
0.057236
0.057236
0.057236
0.057236
0.057236
0.057236
0.057236
0.057236
0.057236
0.057236
0.057211
0.057211
0.057211
0.057211
0.057211
0.057211
0.057211
0.057211
0.057211
0.057211
0.057211
0.057211
0.057211
0.057211
0.057211
0.057211
0.057186
0.057186
0.057162
0.057162
0.057113
0.057113
0.057088
0.057088
0.057063
0.057063
0.057063
0.057039
0.057039
0.057039
0.057014
0.057014
0.057014
0.057014
0.05699
0.05699
0.05699
0.05699
0.056965
0.056965
0.056965
0.056965
0.056965
0.056965
0.056965
0.05694
0.05694
0.05694
0.05694
0.05694
0.05694
0.05694
0.056916
0.056916
0.056916
0.056916
0.056916
0.056916
0.056916
0.056916
0.056891
0.056891
0.056866
0.056866
0.056842
0.056842
0.056842
0.056842
0.056842
0.056817
0.056817
0.056817
0.056817
0.056817
0.056817
0.056817
0.056817
0.056793
0.056793
0.056793
0.056793
0.056768
0.056768
0.056768
0.056768
0.056768
0.056768
0.056793
0.056793
0.056768
0.056743
0.056719
0.056645
0.056571
0.056522
0.056497
0.056473
0.056497
0.056497
0.056497
0.056522
0.056522
0.056546
0.056546
0.056571
0.056571
0.056596
0.056596
0.056596
0.056596
0.056596
0.056596
0.056596
0.056596
0.056596
0.056596
0.056596
0.056596
0.056596
0.056596
0.05662
0.056596
0.05662
0.056596
0.056596
0.056596
0.056596
0.056596
0.056596
0.056596
0.056596
0.056596
0.056596
0.056596
0.056596
0.056596
0.056596
0.056596
0.056596
0.056596
0.056596
0.056596
0.056571
0.056571
0.056571
0.056571
0.056546
0.056546
0.056546
0.056522
0.056522
0.056497
0.056497
0.056497
0.056473
0.056448
0.056448
0.056423
0.056423
0.056423
0.056423
0.056399
0.056399
0.056399
0.056374
0.056374
0.056374
0.056374
0.056374
0.056374
0.056374
0.056374
0.056374
0.056349
0.056349
0.056349
0.056349
0.056349
0.056349
0.056349
0.056325
0.056325
0.056325
0.056325
0.056325
0.056325
0.056325
0.056325
0.0563
0.0563
0.0563
0.0563
0.056276
0.056276
0.056276
0.056276
0.056276
0.056276
0.056276
0.056276
0.056276
0.056251
0.056251
0.056251
0.056226
0.056226
0.056202
0.056202
0.056202
0.056177
0.056177
0.056177
0.056177
0.056153
0.056153
0.056153
0.056153
0.056153
0.056153
0.056153
0.056128
0.056153
0.056153
0.056153
0.056128
0.056103
0.056054
0.05598
0.055906
0.055857
0.055833
0.055833
0.055857
0.055857
0.055882
0.055882
0.055882
0.055882
0.055882
0.055882
0.055906
0.055906
0.055931
0.055931
0.055956
0.055956
0.055956
0.05598
0.05598
0.056005
0.056005
0.056005
0.056005
0.056005
0.056005
0.056005
0.056005
0.056005
0.05598
0.05598
0.05598
0.05598
0.05598
0.05598
0.05598
0.05598
0.05598
0.05598
0.05598
0.05598
0.05598
0.05598
0.05598
0.05598
0.05598
0.05598
0.055956
0.055956
0.055956
0.055956
0.055956
0.055956
0.055931
0.055931
0.055931
0.055906
0.055882
0.055882
0.055857
0.055857
0.055857
0.055833
0.055833
0.055833
0.055808
0.055808
0.055808
0.055808
0.055808
0.055783
