2018
8
9
10
42
58.575
0.053051
0.053026
0.053026
0.053075
0.053075
0.053051
0.053026
0.053026
0.053051
0.053051
0.053026
0.053002
0.053026
0.053051
0.053051
0.053026
0.053002
0.053002
0.053026
0.053051
0.053026
0.052977
0.053002
0.053026
0.053026
0.053002
0.052977
0.053002
0.053002
0.053026
0.052977
0.052952
0.052977
0.053002
0.053002
0.052977
0.052952
0.052952
0.052977
0.052977
0.052952
0.052977
0.052952
0.052903
0.052928
0.052952
0.052977
0.052952
0.052928
0.052928
0.052952
0.052952
0.052952
0.052903
0.052903
0.052952
0.052952
0.052928
0.052903
0.052903
0.052928
0.052952
0.052928
0.052878
0.052878
0.052928
0.052928
0.052903
0.052878
0.052878
0.052903
0.052928
0.052903
0.052878
0.052878
0.052903
0.052928
0.052903
0.052878
0.052878
0.052878
0.052903
0.052928
0.052903
0.052854
0.052854
0.052903
0.052928
0.052878
0.052854
0.052854
0.052878
0.052903
0.052878
0.052854
0.052854
0.052878
0.052878
0.052878
0.052854
0.052854
0.052878
0.052878
0.052854
0.052829
0.052829
0.052854
0.052878
0.052854
0.052829
0.052829
0.052878
0.052878
0.052854
0.052829
0.052829
0.052854
0.052878
0.052854
0.052805
0.052829
0.052805
0.052805
0.052829
0.052854
0.052829
0.05278
0.05278
0.052805
0.052829
0.052829
0.052805
0.05278
0.052805
0.052829
0.052805
0.05278
0.05278
0.052805
0.052829
0.052829
0.052805
0.05278
0.052829
0.052854
0.052829
0.052805
0.052805
0.052805
0.052829
0.052805
0.05278
0.05278
0.052805
0.052829
0.052805
0.05278
0.052755
0.05278
0.052805
0.05278
0.052805
0.05278
0.052755
0.052755
0.05278
0.05278
0.05278
0.052731
0.052706
0.052755
0.05278
0.052829
0.052829
0.052854
0.052854
0.052854
0.052657
0.052288
0.052165
0.052214
0.052337
0.052411
0.052435
0.052485
0.052583
0.052657
0.052681
0.052681
0.052681
0.052706
0.052755
0.052755
0.052706
0.052706
0.052731
0.052755
0.052755
0.052706
0.052706
0.052706
0.052706
0.052731
0.052755
0.052755
0.052706
0.052681
0.052706
0.052731
0.052731
0.052706
0.052681
0.052706
0.052731
0.052731
0.052706
0.052681
0.052706
0.052731
0.052731
0.052681
0.052681
0.052706
0.052731
0.052731
0.052681
0.052657
0.052681
0.052706
0.052706
0.052681
0.052657
0.052681
0.052706
0.052706
0.052657
0.052632
0.052657
0.052681
0.052681
0.052657
0.052657
0.052608
0.052583
0.052608
0.052632
0.052632
0.052583
0.052558
0.052583
0.052608
0.052632
0.052608
0.052583
0.052608
0.052632
0.052657
0.052608
0.052608
0.052632
0.052657
0.052632
0.052608
0.052608
0.052632
0.052657
0.052632
0.052608
0.052608
0.052608
0.052632
0.052632
0.052583
0.052583
0.052583
0.052632
0.052632
0.052583
0.052583
0.052608
0.052583
0.052608
0.052632
0.052632
0.052608
0.052583
0.052608
0.052632
0.052632
0.052608
0.052583
0.052608
0.052632
0.052632
0.052608
0.052583
0.052608
0.052632
0.052632
0.052608
0.052583
0.052608
0.052632
0.052632
0.052583
0.052583
0.052583
0.052608
0.052608
0.052583
0.052558
0.052583
0.052608
0.052608
0.052583
0.052558
0.052558
0.052608
0.052608
0.052558
0.052583
0.052558
0.052534
0.052558
0.052583
0.052583
0.052558
0.052534
0.052534
0.052583
0.052583
0.052558
0.052534
0.052534
0.052583
0.052558
0.052534
0.052509
0.052534
0.052558
0.052583
0.052558
0.052558
0.052558
0.052583
0.052583
0.052558
0.052534
0.052534
0.052583
0.052583
0.052558
0.052534
0.052534
0.052558
0.052558
0.052534
0.052509
0.052509
0.052534
0.052509
0.052534
0.052558
0.052534
0.052509
0.052509
0.052534
0.052534
0.052509
0.052485
0.052509
0.052583
0.052632
0.052632
0.052608
0.052608
0.052485
0.052189
0.052017
0.051992
0.052091
0.052214
0.052238
0.052288
0.052337
0.052386
0.05246
0.052485
0.052485
0.05246
0.052485
0.052509
0.052534
0.052509
0.052485
0.052485
0.052534
0.052534
0.052509
0.052485
0.052509
0.052485
0.052485
0.052509
0.052509
0.052485
0.05246
0.05246
0.052509
0.052509
0.052509
0.05246
0.05246
0.052485
0.052509
0.052485
0.05246
0.052485
0.052509
0.052509
0.052509
0.05246
0.05246
0.052485
0.052509
0.052485
0.05246
0.05246
0.052485
0.052509
0.052485
0.05246
0.052435
0.052485
0.052485
0.05246
0.052435
0.052435
0.05246
0.052485
0.052435
0.05246
0.052435
0.052411
0.052411
0.052435
0.05246
0.052435
0.052386
0.052386
0.052435
0.052435
0.052435
0.052411
0.052411
0.052435
0.05246
0.052435
0.052411
0.052411
0.052435
0.052435
0.052435
0.052386
0.052411
0.052435
0.052435
0.052435
0.052386
0.052386
0.052435
0.052435
0.052435
0.052386
0.052386
0.052411
0.052435
0.052411
0.052386
0.052386
0.052361
0.052361
0.052386
0.052411
0.052411
0.052386
0.052361
0.052411
0.052411
0.052411
0.052361
0.052361
0.052386
0.052411
0.052411
0.052386
0.052361
0.052386
0.052411
0.052386
0.052361
0.052361
0.052386
0.052386
0.052386
0.052361
0.052337
0.052361
0.052386
0.052386
0.052337
0.052337
0.052361
0.052386
0.052361
0.052337
0.052337
0.052361
0.052386
0.052361
0.052361
0.052337
0.052312
0.052337
0.052361
0.052361
0.052337
0.052312
0.052337
0.052361
0.052361
0.052312
0.052288
0.052312
0.052337
0.052337
0.052312
0.052312
0.052337
0.052361
0.052361
0.052337
0.052312
0.052337
0.052361
0.052337
0.052312
0.052288
0.052312
0.052337
0.052337
0.052288
0.052288
0.052312
0.052312
0.052312
0.052288
0.052263
0.052288
0.052337
0.052288
0.052312
0.052288
0.052263
0.052238
0.052263
0.052288
0.052312
0.052288
0.052312
0.052361
0.052411
0.052386
0.052288
0.052017
0.051795
0.051771
0.05182
0.051894
0.051943
0.052017
0.052091
0.05214
0.052165
0.052165
0.052189
0.052238
0.052238
0.052214
0.052214
0.052238
0.052263
0.052263
0.052238
0.052214
0.052238
0.052263
0.052263
0.052214
0.052214
0.052189
0.052214
0.052238
0.052238
0.052214
0.052189
0.052214
0.052238
0.052238
0.052214
0.052189
0.052214
0.052238
0.052238
0.052214
0.052189
0.052189
0.052214
0.052214
0.052189
0.052189
0.052189
0.052214
0.052214
0.052189
0.052165
0.052189
0.052214
0.052214
0.052165
0.05214
0.052165
0.052189
0.052189
0.052165
0.05214
0.05214
0.052165
0.052165
0.05214
0.052165
0.052115
0.052091
0.052115
0.05214
0.05214
0.052115
0.052091
0.052115
0.05214
0.052165
0.05214
0.052115
0.052115
0.052165
0.052165
0.05214
0.052115
0.05214
0.052165
0.052165
0.052115
0.052115
0.052115
0.05214
0.05214
0.052115
0.052091
0.052091
0.052115
0.05214
0.052091
0.052066
0.052091
0.052115
0.052115
0.052091
0.052091
0.052091
0.052115
0.052091
0.052115
0.05214
0.052091
0.052091
0.052091
0.052115
0.05214
0.052091
0.052066
0.052091
0.052115
0.052115
0.052091
0.052066
0.052066
0.052091
0.052115
0.052091
0.052066
0.052066
0.052091
0.052091
0.052066
0.052041
0.052066
0.052091
0.052091
0.052066
0.052041
0.052041
0.052091
0.052091
0.052066
0.052041
0.052041
0.052091
0.052091
0.052066
0.052041
0.052066
0.052041
0.052041
0.052066
0.052091
0.052041
0.052041
0.052041
0.052066
0.052066
0.052066
0.052017
0.052041
0.052066
0.052066
0.052041
0.052017
0.052017
0.052066
0.052066
0.052041
0.052041
0.052041
0.052066
0.052091
0.052066
0.052041
0.052041
0.052066
0.052066
0.052041
0.052017
0.052017
0.052041
0.052066
0.052041
0.051992
0.051992
0.052017
0.052041
0.051968
0.051968
0.051992
0.052017
0.051992
0.051968
0.051968
0.052017
0.052066
0.052115
0.052091
0.052091
0.052091
0.051943
0.051623
0.051475
0.051475
0.051598
0.051697
0.051721
0.051771
0.051844
0.051894
0.051943
0.051943
0.051918
0.051943
0.051968
0.051992
0.051968
0.051943
0.051943
0.051968
0.051992
0.051992
0.051943
0.051943
0.051968
0.051992
0.051968
0.051992
0.051968
0.051943
0.051943
0.051968
0.051992
0.051968
0.051943
0.051943
0.051968
0.051992
0.051968
0.051943
0.051943
0.051943
0.051968
0.051968
0.051943
0.051918
0.051968
0.051968
0.051968
0.051943
0.051943
0.051968
0.051992
0.051968
0.051918
0.051918
0.051943
0.051968
0.051943
0.051918
0.051894
0.051918
0.051943
0.051943
0.051894
0.051894
0.051918
0.051869
0.051894
0.051918
0.051894
0.051869
0.051869
0.051894
0.051918
0.051894
0.051869
0.051869
0.051894
0.051918
0.051918
0.051894
0.051869
0.051894
0.051918
0.051918
0.051869
0.051869
0.051894
0.051918
0.051894
0.051869
0.051869
0.051894
0.051894
0.051894
0.051869
0.051844
0.051869
0.051894
0.051894
0.051869
0.051844
0.051869
0.051894
0.051869
0.051844
0.051869
0.051844
0.051844
0.051869
0.051894
0.051894
0.051844
0.051844
0.051869
0.051894
0.051869
0.051869
0.051844
0.051869
0.051894
0.051869
0.051844
0.051844
0.051844
0.051869
0.051869
0.051844
0.05182
0.051844
0.051869
0.051844
0.05182
0.05182
0.051844
0.051844
0.051844
0.05182
0.05182
0.05182
0.051844
0.051844
0.05182
0.051795
0.05182
0.051844
0.051844
0.051844
0.051795
0.051795
0.05182
0.05182
0.05182
0.051795
0.051771
0.051795
0.05182
0.05182
0.051795
0.051771
0.05182
0.05182
0.051844
0.05182
0.051795
0.05182
0.051844
0.051844
0.051795
0.051771
0.051795
0.05182
0.05182
0.051795
0.051771
0.051795
0.051795
0.051795
0.051771
0.051746
0.051746
0.051771
0.051771
0.051746
0.051746
0.051746
0.051721
0.051746
0.051771
0.051771
0.051746
0.051746
0.051795
0.051869
0.051894
0.051844
0.051771
0.051623
0.051352
0.051229
0.051204
0.051278
0.051401
0.051475
0.051549
0.051598
0.051623
0.051672
0.051697
0.051721
0.051697
0.051697
0.051697
0.051746
0.051746
0.051721
0.051697
0.051721
0.051746
0.051746
0.051721
0.051697
0.051721
0.051746
0.051746
0.051721
0.051721
0.051721
0.051697
0.051697
0.051746
0.051721
0.051697
0.051697
0.051697
0.051721
0.051721
0.051697
0.051672
0.051697
0.051721
0.051721
0.051697
0.051672
0.051672
0.051697
0.051721
0.051697
0.051672
0.051672
0.051721
0.051721
0.051697
0.051672
0.051672
0.051697
0.051697
0.051672
0.051648
0.051672
0.051672
0.051697
0.051672
0.051648
0.051648
0.051672
0.051648
0.051672
0.051672
0.051648
0.051623
0.051648
0.051672
0.051672
0.051648
0.051623
0.051648
0.051672
0.051672
0.051648
0.051623
0.051623
0.051648
0.051672
0.051648
0.051623
0.051648
0.051672
0.051672
0.051648
0.051623
0.051623
0.051672
0.051672
0.051648
0.051623
0.051623
0.051648
0.051672
0.051648
0.051623
0.051623
0.051648
0.051648
0.051648
0.051623
0.051648
0.051623
0.051648
0.051672
0.051672
0.051648
0.051623
0.051648
0.051648
0.051672
0.051648
0.051623
0.051623
0.051648
0.051672
0.051648
0.051623
0.051623
0.051648
0.051648
0.051648
0.051598
0.051598
0.051623
0.051648
0.051623
0.051598
0.051598
0.051623
0.051648
0.051623
0.051598
0.051598
0.051623
0.051648
0.051623
0.051598
0.051598
0.051623
0.051648
0.051623
0.051623
0.051623
0.051598
0.051598
0.051623
0.051623
0.051623
0.051574
0.051574
0.051598
0.051623
0.051598
0.051574
0.051574
0.051598
0.051623
0.051623
0.051598
0.051598
0.051623
0.051648
0.051623
0.051598
0.051574
0.051598
0.051623
0.051598
0.051574
0.051574
0.051598
0.051623
0.051598
0.051549
0.051549
0.051574
0.051598
0.051574
0.051549
0.051549
0.051549
0.051549
0.051549
0.051574
0.051549
0.051524
0.051549
0.051598
0.051648
0.051648
0.051623
0.051598
0.051524
0.051254
0.050983
0.050934
0.050983
0.051131
0.051229
0.051278
0.051328
0.051401
0.051451
0.0515
0.0515
0.0515
0.0515
0.051524
0.051549
0.051549
0.051524
0.0515
0.051524
0.051549
0.051549
0.051524
0.0515
0.051524
0.051549
0.051524
0.051524
0.051524
0.0515
0.0515
0.0515
0.051524
0.051524
0.0515
0.051475
0.0515
0.051524
0.0515
0.0515
0.051475
0.0515
0.051524
0.051524
0.0515
0.051475
0.0515
0.051524
0.051524
0.0515
0.051475
0.0515
0.051524
0.051524
0.051475
0.051475
0.0515
0.0515
0.0515
0.051475
0.051451
0.051475
0.0515
0.051475
0.051451
0.051426
0.051451
0.051426
0.051426
0.051451
0.051426
0.051426
0.051401
0.051426
0.051451
0.051451
0.051426
0.051401
0.051426
0.051451
0.051451
0.051426
0.051426
0.051426
0.051451
0.051451
0.051426
0.051401
0.051426
0.051451
0.051426
0.051401
0.051401
0.051401
0.051426
0.051426
0.051401
0.051401
0.051401
0.051426
0.051426
0.051401
0.051377
0.051401
0.051426
0.051426
0.051401
0.051401
0.051377
0.051401
0.051426
0.051426
0.051401
0.051377
0.051401
0.051426
0.051426
0.051401
0.051377
0.051401
0.051426
0.051401
0.051377
0.051377
0.051377
0.051401
0.051401
0.051377
0.051352
0.051377
0.051401
0.051401
0.051352
0.051352
0.051352
0.051377
0.051377
0.051352
0.051328
0.051352
0.051377
0.051377
0.051352
0.051352
0.051352
0.051377
0.051377
0.051377
0.051377
0.051352
0.051328
0.051328
0.051352
0.051352
0.051352
0.051328
0.051328
0.051352
0.051352
0.051328
0.051303
0.051328
0.051352
0.051352
0.051303
0.051303
0.051303
0.051328
0.051352
0.051328
0.051328
0.051328
0.051352
0.051352
0.051328
0.051303
0.051303
0.051328
0.051328
0.051328
0.051303
0.051303
0.051303
0.051303
0.051278
0.051254
0.051278
0.051254
0.051254
0.051303
0.051303
0.051278
0.051254
0.051254
0.051278
0.051278
0.051254
0.051229
0.051254
0.051328
0.051377
0.051377
0.051328
0.051303
0.051204
0.050909
0.050712
0.050687
0.050786
0.050909
0.050983
0.051007
0.051057
0.051131
0.05118
0.051204
0.051204
0.051204
0.051229
0.051254
0.051254
0.051229
0.051229
0.051229
0.051254
0.051254
0.051254
0.051254
0.051229
0.051204
0.051229
0.051254
0.051254
0.051229
0.051204
0.051204
0.051254
0.051254
0.051229
0.051204
0.051204
0.051229
0.051254
0.051229
0.051204
0.051204
0.051229
0.051254
0.051229
0.051204
0.051204
0.051229
0.051254
0.051229
0.051204
0.051204
0.051229
0.051254
0.051229
0.051204
0.051204
0.051229
0.051229
0.051229
0.051204
0.051204
0.051204
0.05118
0.051204
0.051204
0.051204
0.05118
0.051155
0.05118
0.051204
0.05118
0.051155
0.051155
0.05118
0.051204
0.05118
0.051155
0.051155
0.051204
0.051204
0.051204
0.05118
0.05118
0.051204
0.051204
0.05118
0.051155
0.051155
0.051204
0.051204
0.05118
0.051155
0.051155
0.05118
0.051204
0.05118
0.051155
0.051155
0.05118
0.051204
0.05118
0.051155
0.05118
0.051155
0.051155
0.05118
0.051204
0.05118
0.051155
0.051155
0.05118
0.051204
0.05118
0.051155
0.051155
0.05118
0.051204
0.05118
0.051155
0.051155
0.05118
0.05118
0.05118
0.051131
0.051131
0.051155
0.05118
0.051155
0.051131
0.051131
0.051155
0.05118
0.051155
0.051131
0.051131
0.051155
0.05118
0.051155
0.051131
0.051131
0.051155
0.051155
0.051131
0.051155
0.051155
0.051131
0.051106
0.051131
0.051155
0.051131
0.051106
0.051106
0.051131
0.051155
0.051155
0.051106
0.051106
0.051131
0.051155
0.051131
0.051106
0.051106
0.051131
0.051131
0.051131
0.051081
0.051081
0.051081
0.051131
0.051131
0.051106
0.051106
0.051131
0.051155
0.051155
0.051106
0.051106
0.051131
0.051131
0.051131
0.051106
0.051081
0.051081
0.051057
0.051081
0.051106
0.051081
0.051057
0.051032
0.051057
0.051081
0.051081
0.051057
0.051032
0.051057
0.051081
0.051057
0.051032
0.051032
0.051057
0.051106
0.051131
0.051155
0.051131
0.051131
0.051081
0.050811
0.050491
0.050441
0.050491
0.050638
0.050712
0.050761
0.050835
0.050909
0.050983
0.051007
0.050983
0.050983
0.051032
0.051057
0.051057
0.051057
0.051057
0.051032
0.051007
0.051032
0.051057
0.051057
0.051032
0.051007
0.051032
0.051032
0.051032
0.051007
0.051007
0.051032
0.051057
0.051032
0.051007
0.051007
0.051007
0.051032
0.051032
0.051007
0.051007
0.051007
0.051032
0.051032
0.051007
0.051007
0.051007
0.051032
0.051032
0.051007
0.051007
0.051007
0.051032
0.051032
0.051007
0.051007
0.051007
0.050983
0.051007
0.051007
0.050983
0.050958
0.050958
0.050983
0.050983
0.050958
0.050934
0.050934
0.050958
0.050958
0.050934
0.050909
0.050934
0.050958
0.050958
0.050934
0.050934
0.050934
0.050958
0.050958
0.050934
0.050934
0.050934
0.050958
0.050958
0.050934
0.050934
0.050934
0.050958
0.050958
0.050958
0.050934
0.050934
0.050958
0.050958
0.050934
0.050909
0.050934
0.050909
0.050909
0.050934
0.050934
0.050909
0.050909
0.050909
0.050934
0.050934
0.050934
0.050909
0.050909
0.050934
0.050958
0.050934
0.050909
0.050909
0.050934
0.050958
0.050934
0.050909
0.050909
0.050934
0.050934
0.050909
0.050884
0.050884
0.050909
0.050934
0.050909
0.050884
0.050884
0.050909
0.050909
0.050884
0.05086
0.050884
0.050909
0.050909
0.050909
0.050884
0.05086
0.05086
0.050884
0.050909
0.050884
0.050835
0.05086
0.050884
0.050884
0.050884
0.05086
0.050835
0.05086
0.050884
0.05086
0.050835
0.050835
0.05086
0.050884
0.05086
0.050835
0.050835
0.05086
0.050884
0.050884
0.05086
0.05086
0.050884
0.050909
0.050884
0.05086
0.05086
0.05086
0.050884
0.05086
0.050835
0.050835
0.05086
0.050811
0.050835
0.050835
0.050835
0.050811
0.050811
0.050835
0.050835
0.050811
0.050786
0.050786
0.050811
0.050835
0.050811
0.050786
0.050786
0.050835
0.050884
0.050909
0.050909
0.050909
0.050934
0.050835
0.050491
0.050318
0.050294
0.050392
0.050491
0.050515
0.050564
0.050638
0.050712
0.050737
0.050737
0.050737
0.050737
0.050761
0.050786
0.050786
0.050761
0.050786
0.050761
0.050761
0.050786
0.050811
0.050786
0.050761
0.050761
0.050786
0.050786
0.050786
0.050737
0.050737
0.050761
0.050786
0.050786
0.050761
0.050737
0.050761
0.050786
0.050786
0.050761
0.050737
0.050761
0.050786
0.050761
0.050737
0.050737
0.050761
0.050786
0.050761
0.050737
0.050737
0.050761
0.050761
0.050761
0.050737
0.050712
0.050737
0.050761
0.050712
0.050737
0.050737
0.050687
0.050687
0.050712
0.050712
0.050712
0.050687
0.050663
0.050687
0.050712
0.050687
0.050663
0.050663
0.050687
0.050712
0.050687
0.050663
0.050663
0.050687
0.050712
0.050712
0.050687
0.050663
0.050687
0.050712
0.050687
0.050663
0.050663
0.050687
0.050687
0.050687
0.050663
0.050663
0.050663
0.050687
0.050687
0.050663
0.050638
0.050663
0.050638
0.050663
0.050663
0.050663
0.050638
0.050638
0.050663
0.050687
0.050663
0.050638
0.050638
0.050663
0.050687
0.050663
0.050638
0.050638
0.050663
0.050663
0.050663
0.050638
0.050638
0.050663
0.050663
0.050663
0.050638
0.050614
0.050638
0.050663
0.050663
0.050638
0.050614
0.050638
0.050638
0.050638
0.050614
0.050614
0.050638
0.050638
0.050638
0.050638
0.050638
0.050614
0.050614
0.050614
0.050638
0.050638
0.050614
0.050589
0.050614
0.050638
0.050638
0.050614
0.050589
0.050614
0.050638
0.050638
0.050614
0.050589
0.050614
0.050638
0.050638
0.050614
0.050589
0.050614
0.050638
0.050638
0.050614
0.050589
0.050589
0.050614
0.050614
0.050589
0.050589
0.050614
0.050638
0.050638
0.050638
0.050614
0.050614
0.050589
0.050614
0.050614
0.050589
0.050589
0.050589
0.050589
0.050614
0.050589
0.050564
0.050589
0.050589
0.050589
0.050589
0.050564
0.050564
0.050589
0.050589
0.050564
0.05054
0.050564
0.050589
0.050614
0.050638
0.050663
0.050663
0.050589
0.050491
0.050318
0.049974
0.049875
0.049924
0.050047
0.050146
0.05022
0.050318
0.050417
0.050466
0.050491
0.050491
0.050564
0.05054
0.05054
0.050564
0.050589
0.050564
0.050564
0.050564
0.050589
0.050589
0.050564
0.05054
0.050564
0.050564
0.050589
0.050564
0.05054
0.05054
0.050589
0.050589
0.050564
0.05054
0.05054
0.050564
0.050564
0.050564
0.05054
0.05054
0.050564
0.050589
0.050564
0.05054
0.05054
0.050564
0.050589
0.050564
0.05054
0.05054
0.050564
0.050564
0.050564
0.05054
0.050515
0.05054
0.050564
0.050564
0.05054
0.050515
0.050515
0.05054
0.05054
0.050515
0.050491
0.050491
0.050515
0.050515
0.050515
0.050466
0.050491
0.050515
0.050515
0.050491
0.050491
0.050491
0.050515
0.05054
0.050515
0.050491
0.050515
0.050515
0.05054
0.050515
0.050491
0.050491
0.050515
0.050515
0.050515
0.050491
0.050491
0.050491
0.050491
0.050515
0.050515
0.050515
0.050491
0.050491
0.050515
0.050515
0.050491
0.050491
0.050491
0.050515
0.050515
0.050491
0.050491
0.050491
0.050515
0.050515
0.050515
0.050491
0.050491
0.050515
0.05054
0.050515
0.050491
0.050491
0.050515
0.050515
0.050515
0.050491
0.050491
0.050515
0.050515
0.050491
0.050466
0.050466
0.050491
0.050515
0.050491
0.050466
0.050491
0.050466
0.050466
0.050466
0.050491
0.050466
0.050466
0.050466
0.050466
0.050491
0.050491
0.050466
0.050441
0.050466
0.050491
0.050466
0.050441
0.050441
0.050466
0.050491
0.050466
0.050441
0.050441
0.050466
0.050491
0.050466
0.050441
0.050441
0.050466
0.050491
0.050491
0.050466
0.050466
0.050491
0.050491
0.050491
0.050466
0.050441
0.050466
0.050491
0.050466
0.050466
0.050466
0.050441
0.050417
0.050441
0.050441
0.050441
0.050417
0.050417
0.050417
0.050441
0.050441
0.050417
0.050417
0.050417
0.050441
0.050417
0.050392
0.050392
0.050441
0.050491
0.050515
0.05054
0.050515
0.050515
0.050367
0.050047
0.0499
0.0499
0.049998
0.050097
0.050146
0.050195
0.050244
0.050318
0.050343
0.050367
0.050343
0.050343
0.050392
0.050367
0.050392
0.050417
0.050392
0.050392
0.050367
0.050392
0.050417
0.050392
0.050367
0.050367
0.050392
0.050417
0.050392
0.050367
0.050367
0.050367
0.050392
0.050392
0.050367
0.050367
0.050367
0.050367
0.050392
0.050367
0.050367
0.050367
0.050392
0.050392
0.050367
0.050343
0.050367
0.050392
0.050367
0.050367
0.050343
0.050367
0.050392
0.050367
0.050367
0.050367
0.050343
0.050318
0.050343
0.050343
0.050343
0.050318
0.050318
0.050318
0.050343
0.050343
0.050318
0.050294
0.050294
0.050318
0.050318
0.050294
0.050269
0.050294
0.050318
0.050318
0.050294
0.050294
0.050294
0.050318
0.050318
0.050294
0.050269
0.050294
0.050318
0.050318
0.050294
0.050269
0.050269
0.050318
0.050318
0.050269
0.050269
0.050269
0.050269
0.050269
0.050294
0.050269
0.050244
0.050269
0.050269
0.050269
0.050244
0.050244
0.050244
0.050269
0.050269
0.050244
0.050244
0.050244
0.050269
0.050269
0.050244
0.05022
0.050244
0.050269
0.050269
0.050244
0.050244
0.050244
0.050269
0.050269
0.050244
0.050244
0.050244
0.050269
0.050269
0.050244
0.05022
0.05022
0.050244
0.050244
0.05022
0.05022
0.05022
0.050195
0.05022
0.05022
0.050244
0.05022
0.050195
0.05022
0.05022
0.05022
0.05022
0.050195
0.050195
0.05022
0.05022
0.050195
0.050195
0.050195
0.05022
0.05022
0.050195
0.05017
0.050195
0.050195
0.05022
0.050195
0.05017
0.05017
0.05022
0.05022
0.05022
0.050195
0.05022
0.050244
0.050244
0.05022
0.050195
0.050195
0.050195
0.05022
0.050195
0.050195
0.05017
0.050146
0.050146
0.05017
0.05017
0.05017
0.050146
0.050146
0.05017
0.05017
0.050146
0.050121
0.050121
0.050146
0.050146
0.050121
0.050121
0.050121
0.05017
0.05022
0.050244
0.050244
0.05022
0.050195
0.050023
0.049703
0.04958
0.04958
0.049703
0.049801
0.04985
0.0499
0.049974
0.050023
0.050047
0.050047
0.050047
0.050072
0.050097
0.050097
0.050097
0.050121
0.050121
0.050097
0.050097
0.050097
0.050121
0.050097
0.050072
0.050072
0.050097
0.050121
0.050097
0.050072
0.050072
0.050097
0.050097
0.050097
0.050072
0.050072
0.050097
0.050097
0.050097
0.050072
0.050072
0.050097
0.050097
0.050097
0.050072
0.050072
0.050072
0.050097
0.050097
0.050072
0.050072
0.050072
0.050097
0.050072
0.050097
0.050072
0.050047
0.050047
0.050047
0.050072
0.050047
0.050023
0.050023
0.050047
0.050047
0.050023
0.049998
0.049998
0.049998
0.050023
0.049998
0.049998
0.049998
0.049998
0.050023
0.050023
0.049998
0.049974
0.049998
0.050023
0.049998
0.049998
0.049974
0.049998
0.050023
0.050023
0.049974
0.049974
0.049998
0.049998
0.049998
0.049974
0.049974
0.049998
0.049974
0.049974
0.049998
0.049998
0.049974
0.049974
0.049974
0.049998
0.049974
0.049974
0.049974
0.049974
0.049998
0.049974
0.049974
0.049949
0.049974
0.049998
0.049998
0.049974
0.049949
0.049974
0.049998
0.049998
0.049974
0.049949
0.049974
0.049998
0.049974
0.049949
0.049949
0.049974
0.049974
0.049974
0.049949
0.049949
0.049949
0.049974
0.049949
0.049949
