2018
8
9
10
40
46.119
0.047438
0.047389
0.047339
0.047315
0.047266
0.047241
0.047241
0.047266
0.047241
0.047241
0.047216
0.047216
0.047241
0.047241
0.047216
0.047216
0.047216
0.047216
0.047241
0.047216
0.047216
0.047216
0.047216
0.047241
0.047216
0.047216
0.047216
0.047241
0.047241
0.047216
0.047216
0.047216
0.047216
0.047216
0.047216
0.047192
0.047192
0.047192
0.047192
0.047167
0.047167
0.047143
0.047143
0.047143
0.047143
0.047143
0.047143
0.047118
0.047118
0.047143
0.047143
0.047143
0.047118
0.047118
0.047143
0.047143
0.047143
0.047143
0.047143
0.047167
0.047167
0.047167
0.047167
0.047167
0.047167
0.047167
0.047167
0.047167
0.047143
0.047167
0.047167
0.047167
0.047167
0.047167
0.047167
0.047192
0.047192
0.047167
0.047167
0.047192
0.047167
0.047167
0.047167
0.047143
0.047143
0.047167
0.047192
0.047167
0.047167
0.047167
0.047167
0.047192
0.047192
0.047167
0.047167
0.047192
0.047192
0.047192
0.047192
0.047192
0.047192
0.047216
0.047216
0.047192
0.047192
0.047192
0.047216
0.047216
0.047216
0.047216
0.047216
0.047216
0.047216
0.047216
0.047216
0.047216
0.047216
0.047216
0.047192
0.047216
0.047192
0.047192
0.047216
0.047241
0.047241
0.047216
0.047216
0.047216
0.047216
0.047216
0.047216
0.047216
0.047216
0.047241
0.047241
0.047216
0.047216
0.047216
0.047216
0.047216
0.047192
0.047192
0.047216
0.047216
0.047216
0.047216
0.047216
0.047216
0.047216
0.047216
0.047192
0.047192
0.047192
0.047192
0.047192
0.047167
0.047167
0.047167
0.047167
0.047167
0.047167
0.047143
0.047143
0.047143
0.047167
0.047167
0.047143
0.047143
0.047143
0.047167
0.047167
0.047143
0.047143
0.047143
0.047167
0.047143
0.047143
0.047118
0.047143
0.047143
0.047143
0.047143
0.047118
0.047143
0.047143
0.047143
0.047143
0.047143
0.047143
0.047118
0.047093
0.047044
0.046995
0.04697
0.046946
0.046921
0.046921
0.047019
0.04729
0.047536
0.047487
0.047438
0.047364
0.04729
0.047216
0.047192
0.047167
0.047143
0.047118
0.047093
0.047118
0.047118
0.047118
0.047093
0.047093
0.047093
0.047118
0.047118
0.047093
0.047093
0.047093
0.047118
0.047118
0.047093
0.047093
0.047093
0.047118
0.047118
0.047093
0.047093
0.047118
0.047118
0.047118
0.047118
0.047093
0.047093
0.047118
0.047118
0.047118
0.047093
0.047093
0.047093
0.047069
0.047069
0.047069
0.047044
0.047019
0.047019
0.047044
0.047044
0.047019
0.047019
0.047019
0.047019
0.047019
0.046995
0.046995
0.046995
0.046995
0.046995
0.04697
0.046946
0.04697
0.046995
0.046995
0.04697
0.046946
0.04697
0.04697
0.046995
0.04697
0.04697
0.04697
0.046995
0.047019
0.046995
0.046995
0.046995
0.047019
0.047044
0.047044
0.047044
0.047044
0.047044
0.047044
0.047069
0.047044
0.047019
0.047019
0.047044
0.047044
0.047044
0.047019
0.047044
0.047069
0.047093
0.047093
0.047093
0.047093
0.047118
0.047118
0.047118
0.047093
0.047118
0.047118
0.047143
0.047118
0.047118
0.047118
0.047118
0.047118
0.047118
0.047093
0.047093
0.047118
0.047118
0.047118
0.047118
0.047143
0.047143
0.047143
0.047167
0.047167
0.047167
0.047143
0.047143
0.047167
0.047167
0.047167
0.047143
0.047143
0.047167
0.047192
0.047167
0.047167
0.047167
0.047167
0.047192
0.047192
0.047167
0.047167
0.047192
0.047192
0.047192
0.047167
0.047167
0.047167
0.047192
0.047192
0.047167
0.047167
0.047192
0.047192
0.047192
0.047167
0.047167
0.047167
0.047167
0.047167
0.047167
0.047167
0.047167
0.047167
0.047167
0.047167
0.047143
0.047143
0.047143
0.047143
0.047143
0.047118
0.047118
0.047143
0.047143
0.047143
0.047118
0.047118
0.047143
0.047143
0.047143
0.047143
0.047118
0.047143
0.047143
0.047143
0.047143
0.047118
0.047093
0.047069
0.047019
0.04697
0.046946
0.046921
0.046921
0.047044
0.047339
0.047561
0.047635
0.04761
0.047561
0.047339
0.04729
0.047216
0.047192
0.047167
0.047167
0.047167
0.047167
0.047167
0.047167
0.047167
0.047167
0.047167
0.047167
0.047167
0.047167
0.047167
0.047167
0.047143
0.047167
0.047167
0.047167
0.047167
0.047167
0.047192
0.047192
0.047192
0.047192
0.047167
0.047192
0.047192
0.047192
0.047192
0.047192
0.047192
0.047192
0.047192
0.047192
0.047192
0.047192
0.047192
0.047192
0.047216
0.047216
0.047192
0.047192
0.047192
0.047192
0.047192
0.047192
0.047192
0.047192
0.047216
0.047216
0.047192
0.047192
0.047192
0.047216
0.047216
0.047216
0.047192
0.047216
0.047216
0.047216
0.047216
0.047216
0.047216
0.047216
0.047241
0.047241
0.047241
0.047241
0.047266
0.047266
0.04729
0.047266
0.047266
0.04729
0.04729
0.04729
0.04729
0.04729
0.04729
0.04729
0.04729
0.047315
0.04729
0.04729
0.04729
0.047315
0.047315
0.047315
0.04729
0.04729
0.047315
0.047315
0.047315
0.047315
0.047315
0.047339
0.047339
0.047339
0.047315
0.047339
0.047339
0.047339
0.047339
0.047339
0.047339
0.047339
0.047339
0.047339
0.047339
0.047339
0.047364
0.047364
0.047339
0.047339
0.047339
0.047364
0.047339
0.047364
0.047364
0.047364
0.047339
0.047364
0.047364
0.047364
0.047364
0.047364
0.047364
0.047364
0.047389
0.047389
0.047364
0.047364
0.047389
0.047389
0.047389
0.047364
0.047364
0.047389
0.047389
0.047389
0.047389
0.047389
0.047389
0.047389
0.047389
0.047389
0.047389
0.047389
0.047413
0.047389
0.047389
0.047389
0.047413
0.047438
0.047438
0.047413
0.047438
0.047438
0.047438
0.047438
0.047438
0.047438
0.047413
0.047413
0.047438
0.047438
0.047438
0.047438
0.047438
0.047438
0.047463
0.047463
0.047438
0.047438
0.047438
0.047438
0.047438
0.047438
0.047413
0.047413
0.047389
0.047339
0.047266
0.047216
0.047216
0.047216
0.047241
0.047413
0.047733
0.04793
0.047955
0.047906
0.047832
0.047783
0.047733
0.047684
0.047487
0.047487
0.047463
0.047463
0.047438
0.047463
0.047463
0.047463
0.047463
0.047463
0.047463
0.047463
0.047463
0.047463
0.047463
0.047463
0.047487
0.047487
0.047463
0.047463
0.047463
0.047487
0.047487
0.047463
0.047463
0.047487
0.047487
0.047487
0.047463
0.047463
0.047487
0.047487
0.047487
0.047487
0.047487
0.047487
0.047512
0.047512
0.047512
0.047487
0.047512
0.047487
0.047512
0.047512
0.047512
0.047487
0.047487
0.047487
0.047512
0.047487
0.047487
0.047487
0.047487
0.047512
0.047512
0.047487
0.047487
0.047487
0.047512
0.047512
0.047487
0.047487
0.047487
0.047512
0.047512
0.047512
0.047512
0.047512
0.047536
0.047536
0.047536
0.047536
0.047536
0.047561
0.047561
0.047561
0.047561
0.047561
0.047561
0.047586
0.047586
0.047561
0.047561
0.047561
0.047586
0.047586
0.047586
0.047561
0.047586
0.047586
0.047586
0.047586
0.047586
0.047586
0.047586
0.047586
0.047586
0.047586
0.047586
0.047586
0.047586
0.047586
0.047561
0.047586
0.047586
0.04761
0.047586
0.047586
0.047586
0.047586
0.04761
0.047586
0.047586
0.047586
0.04761
0.04761
0.04761
0.047586
0.047586
0.04761
0.04761
0.04761
0.04761
0.04761
0.04761
0.04761
0.04761
0.04761
0.04761
0.047586
0.047586
0.04761
0.04761
0.047586
0.047586
0.04761
0.04761
0.04761
0.04761
0.04761
0.04761
0.04761
0.04761
0.04761
0.04761
0.04761
0.04761
0.04761
0.04761
0.04761
0.047586
0.04761
0.04761
0.04761
0.047586
0.047586
0.04761
0.04761
0.04761
0.04761
0.047635
0.047635
0.047635
0.047635
0.04766
0.047635
0.047635
0.047635
0.047635
0.047635
0.047635
0.04761
0.04761
0.047635
0.047635
0.047635
0.04761
0.04761
0.04761
0.047635
0.04761
0.04761
0.04761
0.04761
0.047635
0.04761
0.047586
0.047561
0.047512
0.047463
0.047413
0.047389
0.047364
0.047413
0.04761
0.047906
0.048053
0.048053
0.048029
0.048004
0.047783
0.047733
0.047709
0.04766
0.047635
0.047635
0.04766
0.047635
0.047635
0.04761
0.047635
0.047635
0.047635
0.047635
0.04761
0.047635
0.047635
0.047635
0.047635
0.047635
0.047635
0.047635
0.047635
0.047635
0.047635
0.047635
0.04766
0.047635
0.047635
0.047635
0.047635
0.04766
0.04766
0.047635
0.047635
0.047635
0.04766
0.04766
0.047635
0.047635
0.047635
0.047635
0.04766
0.04766
0.04766
0.047635
0.047635
0.04766
0.04766
0.04766
0.047635
0.047635
0.047635
0.04766
0.04766
0.047635
0.047635
0.04766
0.04766
0.04766
0.047635
0.047635
0.047635
0.04766
0.04766
0.047635
0.047635
0.04766
0.04766
0.04766
0.04766
0.04766
0.04766
0.047684
0.047684
0.047684
0.047684
0.047684
0.047684
0.047684
0.047684
0.047684
0.047684
0.04766
0.047684
0.047684
0.047684
0.047684
0.04766
0.04766
0.047684
0.047684
0.04766
0.04766
0.047684
0.047684
0.047684
0.047684
0.04766
0.047684
0.047684
0.047684
0.047684
0.04766
0.047684
0.047684
0.047684
0.047684
0.04766
0.047684
0.047684
0.047684
0.047684
0.04766
0.04766
0.047684
0.047684
0.047684
0.047684
0.047684
0.04766
0.047684
0.047684
0.047684
0.04766
0.04766
0.04766
0.047684
0.047684
0.04766
0.04766
0.04766
0.047684
0.047684
0.047684
0.04766
0.047684
0.047684
0.047684
0.047684
0.04766
0.047684
0.047684
0.047684
0.047684
0.04766
0.04766
0.047684
0.047684
0.047684
0.04766
0.04766
0.047684
0.047684
0.04766
0.04766
0.04766
0.04766
0.047684
0.047684
0.047684
0.047684
0.047684
0.047684
0.047684
0.047684
0.047684
0.047684
0.047684
0.047684
0.047684
0.047684
0.047684
0.04766
0.047684
0.047684
0.047684
0.047684
0.047684
0.047684
0.047684
0.047684
0.04766
0.04766
0.047684
0.047684
0.047684
0.04766
0.047635
0.04761
0.047586
0.047512
0.047463
0.047438
0.047438
0.047487
0.047684
0.048004
0.048176
0.048201
0.04798
0.04793
0.047881
0.047807
0.047758
0.047733
0.047733
0.047733
0.047709
0.047709
0.047709
0.047709
0.047733
0.047733
0.047709
0.047709
0.047709
0.047709
0.047709
0.047684
0.047709
0.047709
0.047733
0.047709
0.047709
0.047684
0.047709
0.047709
0.047709
0.047684
0.047684
0.047709
0.047709
0.047709
0.047709
0.047709
0.047709
0.047709
0.047709
0.047709
0.047709
0.047684
0.047709
0.047709
0.047709
0.047709
0.047684
0.047684
0.047684
0.047709
0.047684
0.047684
0.047684
0.047684
0.047709
0.047684
0.047684
0.047709
0.047709
0.047709
0.047709
0.047684
0.047684
0.047684
0.047709
0.047709
0.047709
0.047684
0.047709
0.047709
0.047709
0.047709
0.047709
0.047709
0.047733
0.047733
0.047733
0.047733
0.047733
0.047733
0.047758
0.047758
0.047758
0.047758
0.047758
0.047758
0.047758
0.047758
0.047758
0.047758
0.047758
0.047758
0.047758
0.047758
0.047758
0.047758
0.047783
0.047783
0.047758
0.047758
0.047758
0.047783
0.047783
0.047758
0.047758
0.047758
0.047783
0.047783
0.047758
0.047758
0.047758
0.047758
0.047758
0.047758
0.047758
0.047758
0.047758
0.047758
0.047758
0.047758
0.047758
0.047758
0.047758
0.047783
0.047783
0.047758
0.047758
0.047758
0.047783
0.047783
0.047783
0.047783
0.047783
0.047783
0.047783
0.047783
0.047783
0.047783
0.047783
0.047783
0.047783
0.047783
0.047783
0.047783
0.047783
0.047783
0.047783
0.047783
0.047783
0.047783
0.047783
0.047783
0.047783
0.047783
0.047783
0.047783
0.047783
0.047783
0.047783
0.047783
0.047807
0.047807
0.047783
0.047807
0.047807
0.047832
0.047807
0.047807
0.047807
0.047807
0.047807
0.047807
0.047783
0.047783
0.047807
0.047807
0.047783
0.047783
0.047807
0.047807
0.047832
0.047807
0.047807
0.047807
0.047832
0.047832
0.047807
0.047807
0.047783
0.047758
0.047709
0.04766
0.047586
0.047586
0.047586
0.04761
0.047807
0.048127
0.0483
0.048324
0.048078
0.048053
0.048004
0.04793
0.047881
0.047856
0.047856
0.047832
0.047832
0.047832
0.047832
0.047832
0.047832
0.047832
0.047807
0.047807
0.047832
0.047832
0.047832
0.047807
0.047807
0.047832
0.047832
0.047832
0.047807
0.047832
0.047832
0.047832
0.047832
0.047832
0.047832
0.047832
0.047832
0.047832
0.047832
0.047832
0.047832
0.047832
0.047832
0.047832
0.047832
0.047807
0.047807
0.047832
0.047832
0.047832
0.047807
0.047807
0.047832
0.047832
0.047807
0.047807
0.047807
0.047807
0.047807
0.047807
0.047807
0.047807
0.047807
0.047807
0.047807
0.047807
0.047807
0.047807
0.047807
0.047807
0.047807
0.047807
0.047807
0.047832
0.047807
0.047807
0.047832
0.047832
0.047856
0.047856
0.047856
0.047856
0.047856
0.047856
0.047856
0.047881
0.047881
0.047856
0.047856
0.047881
0.047881
0.047881
0.047856
0.047881
0.047881
0.047881
0.047881
0.047881
0.047881
0.047881
0.047881
0.047881
0.047856
0.047856
0.047881
0.047881
0.047881
0.047856
0.047856
0.047881
0.047881
0.047881
0.047881
0.047856
0.047881
0.047881
0.047881
0.047856
0.047856
0.047881
0.047881
0.047881
0.047856
0.047856
0.047881
0.047856
0.047881
0.047881
0.047881
0.047881
0.047881
0.047881
0.047906
0.047906
0.047881
0.047881
0.047881
0.047906
0.047906
0.047881
0.047881
0.047881
0.047906
0.047906
0.047906
0.047881
0.047906
0.047906
0.047906
0.047906
0.047881
0.047906
0.047906
0.047906
0.047906
0.047881
0.047906
0.047906
0.047906
0.047881
0.047881
0.047906
0.047906
0.04793
0.04793
0.04793
0.047906
0.04793
0.04793
0.04793
0.047906
0.047906
0.047906
0.047906
0.047906
0.047906
0.047881
0.047906
0.047906
0.047906
0.047881
0.047881
0.047881
0.047881
0.047881
0.047881
0.047881
0.047881
0.047856
0.047832
0.047783
0.047733
0.047684
0.04766
0.04766
0.04766
0.047832
0.048127
0.0483
0.048324
0.0483
0.04825
0.048226
0.048176
0.047955
0.04793
0.047906
0.047906
0.047881
0.047881
0.047881
0.047881
0.047881
0.047881
0.047881
0.047906
0.047906
0.047881
0.047881
0.047881
0.047906
0.047906
0.047906
0.047881
0.047881
0.047906
0.047906
0.047906
0.047881
0.047906
0.047906
0.047906
0.047906
0.047881
0.047906
0.047906
0.047906
0.047906
0.047881
0.047881
0.047906
0.047906
0.047906
0.047881
0.047881
0.047881
0.047906
0.047906
0.047881
0.047881
0.047881
0.047906
0.047906
0.047881
0.047881
0.047881
0.047881
0.047906
0.047881
0.047881
0.047881
0.047881
0.047881
0.047881
0.047881
0.047881
0.047881
0.047881
0.047881
0.047881
0.047881
0.047881
0.047906
0.047906
0.047906
0.047906
0.047906
0.047906
0.047906
0.047906
0.047906
0.04793
0.04793
0.04793
0.04793
0.04793
0.047906
0.04793
0.04793
0.04793
0.04793
0.04793
0.04793
0.04793
0.04793
0.04793
0.04793
0.04793
0.04793
0.04793
0.04793
0.047906
0.047906
0.04793
0.04793
0.04793
0.047906
0.04793
0.04793
0.04793
0.04793
0.04793
0.04793
0.04793
0.04793
0.04793
0.04793
0.04793
0.04793
0.04793
0.04793
0.04793
0.04793
0.04793
0.04793
0.047955
0.04793
0.04793
0.04793
0.047955
0.047955
0.047955
0.04793
0.04793
0.04793
0.047955
0.047955
0.04793
0.04793
0.047955
0.047955
0.047955
0.04793
0.04793
0.047955
0.047955
0.047955
0.047955
0.04793
0.04793
0.047955
0.047955
0.04793
0.04793
0.047955
0.047955
0.047955
0.047955
0.047955
0.047955
0.04798
0.04798
0.047955
0.047955
0.047955
0.047955
0.047955
0.04798
0.047955
0.047955
0.047955
0.047955
0.047955
0.047955
0.047955
0.047955
0.047955
0.047955
0.047955
0.047955
0.047955
0.047955
0.047955
0.047955
0.047906
0.047856
0.047832
0.047783
0.047758
0.047709
0.047709
0.047783
0.048053
0.0483
0.048398
0.048373
0.048349
0.048324
0.04825
0.048176
0.048127
0.048103
0.048078
0.048029
0.04798
0.04798
0.04798
0.04798
0.04798
0.04798
0.04798
0.047955
0.047955
0.047955
0.04798
0.04798
0.047955
0.047955
0.04798
0.04798
0.04798
0.04798
0.04798
0.04798
0.048004
0.048004
0.04798
0.04798
0.048004
0.048004
0.048004
0.048004
0.04798
0.048004
0.048004
0.048004
0.048004
0.04798
0.048004
0.048004
0.048004
0.04798
0.04798
0.04798
0.04798
0.04798
0.048004
0.04798
0.04798
0.04798
0.04798
0.04798
0.04798
0.04798
0.04798
0.04798
0.04798
0.04798
0.04798
0.047955
0.047955
0.04798
0.04798
0.04798
0.04798
0.04798
0.048004
0.048004
0.048004
0.048004
0.048004
0.048029
0.048029
0.048029
0.048004
0.048029
0.048029
0.048029
0.048029
0.048029
0.048029
0.048029
0.048053
0.048029
0.048053
0.048029
0.048029
0.048029
0.048029
0.048029
0.048029
0.048029
0.048029
0.048029
0.048029
0.048029
0.048029
0.048029
0.048029
0.048029
0.048029
0.048029
0.048029
0.048029
0.048029
0.048029
0.048029
0.048029
0.048029
0.048029
0.048029
0.048004
0.048029
0.048029
0.048029
0.048029
0.048004
0.048004
0.048029
0.048029
0.048029
0.048029
0.048029
0.048053
0.048029
0.048029
0.048029
0.048029
0.048029
0.048029
0.048053
0.048053
0.048029
0.048029
0.048029
0.048029
0.048053
0.048029
0.048029
0.048029
0.048053
0.048053
0.048029
0.048029
0.048029
0.048029
0.048029
0.048029
0.048029
0.048029
0.048029
0.048029
0.048004
0.048004
0.048004
0.048004
0.048004
0.048004
0.048004
0.048004
0.048029
0.048029
0.048029
0.048029
0.048029
0.048029
0.048029
0.048029
0.048029
0.048029
0.048004
0.048004
0.048004
0.048029
0.048029
0.048029
0.048029
0.048029
0.048053
0.048053
0.048029
0.048029
0.048053
0.048053
0.048053
0.048029
0.048004
0.04798
0.04793
0.047881
0.047832
0.047807
0.047807
0.047881
0.048103
0.048423
0.048546
0.048546
0.048497
0.048447
0.048373
0.048324
0.048275
0.048226
0.048078
0.048078
0.048053
0.048053
0.048053
0.048078
0.048078
0.048053
0.048053
0.048078
0.048078
0.048078
0.048078
0.048053
0.048078
0.048078
0.048078
0.048053
0.048053
0.048078
0.048078
0.048078
0.048078
0.048053
0.048078
0.048078
0.048078
0.048053
0.048053
0.048078
0.048078
0.048078
0.048053
0.048053
0.048078
0.048078
0.048078
0.048053
0.048053
0.048053
0.048053
0.048053
0.048053
0.048053
0.048053
0.048053
0.048053
0.048053
0.048053
0.048029
0.048029
0.048053
0.048053
0.048053
0.048029
0.048029
0.048029
0.048053
0.048053
0.048029
0.048029
0.048029
0.048029
0.048029
0.048029
0.048029
0.048053
0.048053
0.048053
0.048053
0.048053
0.048078
0.048078
0.048078
0.048078
0.048053
0.048078
0.048078
0.048078
0.048078
0.048078
0.048078
0.048053
0.048053
0.048078
0.048078
0.048053
0.048053
0.048078
0.048078
0.048078
0.048053
0.048053
0.048053
0.048053
0.048053
0.048053
0.048053
0.048053
0.048053
0.048053
0.048053
0.048053
0.048053
0.048053
0.048053
0.048053
0.048029
0.048053
0.048053
0.048053
0.048053
0.048029
0.048029
0.048053
0.048053
0.048053
0.048029
0.048053
0.048053
0.048053
0.048053
0.048053
0.048053
0.048053
0.048029
0.048053
0.048053
0.048053
0.048053
0.048053
0.048053
0.048053
0.048053
0.048053
0.048053
0.048053
0.048053
0.048053
0.048053
0.048053
0.048053
0.048053
0.048029
0.048029
0.048029
0.048029
0.048053
0.048053
0.048029
0.048053
0.048053
0.048053
0.048053
0.048053
0.048053
0.048078
0.048078
0.048053
0.048053
0.048053
0.048029
0.048053
0.048053
0.048053
0.048053
0.048053
0.048053
0.048053
0.048053
0.048053
0.048053
0.048053
0.048053
0.048053
0.048053
0.048029
0.04798
0.047955
0.047906
0.047856
0.047832
0.047807
0.047832
0.048029
0.048324
0.048472
0.048497
0.048472
0.048447
0.048373
0.0483
0.04825
0.048201
0.048152
0.048103
0.048078
0.048053
0.048053
0.048053
0.048053
0.048053
0.048029
0.048029
0.048029
0.048029
0.048053
0.048029
0.048029
0.048029
0.048029
0.048029
0.048029
0.048004
0.048004
0.048029
0.048029
0.048004
0.048004
0.048004
0.048004
0.048004
0.048004
0.048004
0.048004
0.048004
0.048004
0.048004
0.048004
0.048004
0.048004
0.048004
0.048004
0.04798
0.04798
0.048004
0.048004
0.04798
0.04798
0.04798
0.047955
0.047955
0.047955
0.047955
0.047955
0.047955
0.047955
0.047955
0.047955
0.047955
0.04793
0.04793
0.047955
0.047955
0.047955
0.04793
0.04793
0.047955
0.047955
0.047955
0.047955
0.047955
0.04798
0.04798
0.04798
0.04798
0.04798
0.04798
0.048004
0.04798
0.04798
0.04798
0.048004
0.048004
0.048004
0.048004
0.048004
0.048004
0.048029
0.048004
0.048004
0.048004
0.048004
0.048004
0.048029
0.048004
0.048004
0.048004
0.048004
0.048029
0.048004
0.048004
0.048004
0.048004
0.048004
0.048004
0.048004
0.04798
0.048004
0.048004
0.048004
0.048004
0.04798
0.048004
0.048004
0.048004
0.048004
0.04798
0.048004
0.048004
0.048004
0.048004
0.048004
0.048004
0.048004
0.048004
0.048004
0.04798
0.048004
0.048004
0.04798
0.048004
0.048004
0.04798
0.04798
0.04798
0.04798
0.04798
0.04798
0.04798
0.04798
0.048004
0.048004
0.04798
0.04798
0.04798
0.04798
0.04798
0.04798
0.04798
0.04798
0.04798
0.04798
0.04798
0.047955
0.04798
0.04798
0.04798
0.04798
0.04798
0.04798
0.04798
0.04798
0.04798
0.04798
0.04798
0.048004
0.048004
0.04798
0.04798
0.047955
0.047955
0.04798
0.04798
0.047955
0.047955
0.047955
0.04798
0.04798
0.047955
0.047955
0.047955
0.047955
0.04793
0.047881
0.047832
0.047783
0.047758
0.047733
0.047733
0.047783
0.048029
0.0483
0.048398
0.048373
0.048349
0.0483
0.04825
0.048201
0.048152
0.048078
0.048053
0.048004
0.04798
0.047955
0.047955
0.047955
0.047955
0.047955
0.047955
0.047955
0.047955
0.047955
0.047955
0.047955
0.047955
0.047955
0.04793
0.04793
0.047955
0.047955
0.04793
0.04793
0.04793
0.047955
0.047955
0.047955
0.04793
0.04793
0.047955
0.047955
0.04793
0.04793
0.04793
0.04793
0.04793
0.04793
0.04793
0.04793
0.04793
0.04793
0.04793
0.047906
0.047906
0.047906
0.04793
0.047906
0.047906
0.047906
0.047906
0.047881
0.047881
0.047906
0.047881
0.047881
0.047881
0.047881
0.047906
0.047881
0.047881
0.047881
0.047881
0.047881
0.047881
0.047881
0.047881
0.047881
0.047906
0.047906
0.047906
0.047906
0.047906
0.04793
0.04793
0.047906
0.047906
0.047906
0.04793
0.04793
0.047906
0.047906
0.04793
0.04793
0.04793
0.04793
0.04793
0.04793
0.04793
0.04793
0.04793
0.04793
0.04793
0.04793
0.04793
0.04793
0.04793
0.04793
0.04793
0.04793
0.04793
0.04793
0.047906
0.047906
0.04793
0.04793
0.04793
0.047906
0.047906
0.047906
0.04793
0.04793
0.047906
0.047906
0.047906
0.04793
0.04793
0.047906
0.047906
0.04793
0.04793
0.04793
0.04793
0.04793
0.04793
0.04793
0.04793
0.04793
0.04793
0.04793
0.047955
0.047955
0.047955
0.047955
0.047955
0.04793
0.047955
0.047955
0.047955
0.047955
0.04793
0.047955
0.047955
0.047955
0.047955
0.047955
0.047955
0.047955
0.047955
0.047955
0.047955
0.047955
0.047955
0.047955
0.047955
0.04793
0.047955
0.047955
0.047955
0.047955
0.04793
0.047955
0.047955
0.047955
0.04793
0.04793
0.047955
0.047955
0.047955
0.047955
0.047955
0.04798
0.047955
0.04798
0.04798
0.04798
0.047955
0.047955
0.047955
0.047955
0.047955
0.047955
0.047955
0.047955
0.047955
0.047955
0.047955
0.04793
0.04793
0.047955
0.047955
0.047955
0.047955
0.047955
0.04793
0.047906
0.047856
0.047807
0.047758
0.047733
0.047733
0.047733
0.047856
0.048176
0.048398
0.048423
0.048398
0.048349
0.0483
0.04825
0.048176
0.048004
0.04798
0.047955
0.047955
0.047955
0.047955
0.047955
0.047955
0.04793
0.04793
0.047955
0.047955
0.047955
0.047955
0.047955
0.047955
0.047955
0.047955
0.047955
0.047955
0.047955
0.047955
0.047955
0.047955
0.04793
0.047955
0.047955
0.047955
0.04793
0.04793
0.047955
0.047955
0.04793
0.04793
0.04793
0.04793
0.04793
0.04793
0.04793
0.04793
0.04793
0.04793
0.04793
0.04793
0.04793
0.047906
0.047906
0.04793
0.04793
0.047906
0.047906
0.047906
0.047906
0.04793
0.047906
0.047906
0.047906
0.047906
0.04793
0.047906
0.047906
0.047906
0.047906
0.047906
0.047906
0.047906
0.047906
0.04793
0.04793
0.04793
0.04793
0.04793
0.047955
0.047955
0.047955
0.047955
0.047955
0.047955
0.04798
0.047955
0.047955
0.047955
0.047955
0.047955
0.047955
0.047955
0.047955
0.047955
0.047955
0.047955
0.047955
0.047955
0.047955
0.047955
0.047955
0.047955
0.047955
0.047955
0.047955
0.047955
0.047955
0.04793
0.04793
0.047955
0.047955
0.047955
0.04793
0.04793
0.04793
0.047955
0.04793
0.04793
0.04793
0.047955
0.047955
0.047955
0.047955
0.04793
0.047955
0.047955
