2018
8
9
10
45
58.908
0.05987
0.05987
0.059894
0.059894
0.059894
0.059894
0.059894
0.059894
0.059894
0.059894
0.05987
0.05987
0.059894
0.059894
0.05987
0.05987
0.05987
0.059894
0.059894
0.059894
0.05987
0.059894
0.059894
0.059894
0.059894
0.05987
0.05987
0.05987
0.059894
0.05987
0.05987
0.05987
0.059894
0.059894
0.059894
0.05987
0.059894
0.059894
0.059894
0.059894
0.059894
0.05987
0.059894
0.059894
0.059919
0.059894
0.059894
0.059894
0.059894
0.059894
0.059894
0.059894
0.059894
0.059894
0.059919
0.059894
0.059894
0.059894
0.059919
0.059919
0.059919
0.059894
0.059919
0.059919
0.059944
0.059919
0.059919
0.059919
0.059944
0.059944
0.059919
0.059919
0.059919
0.059919
0.059919
0.059919
0.059919
0.059894
0.059919
0.059919
0.059919
0.059919
0.059919
0.059894
0.059894
0.059919
0.059919
0.059919
0.059894
0.059894
0.059919
0.059919
0.059894
0.059894
0.059894
0.059894
0.059894
0.059894
0.059894
0.059919
0.059919
0.059919
0.059919
0.059894
0.059845
0.059821
0.059771
0.059697
0.059648
0.059673
0.059697
0.059747
0.059747
0.059771
0.059821
0.059845
0.05987
0.05987
0.059845
0.059845
0.05987
0.05987
0.05987
0.059894
0.05987
0.059845
0.059845
0.05987
0.05987
0.05987
0.059845
0.059845
0.05987
0.05987
0.05987
0.05987
0.05987
0.05987
0.05987
0.05987
0.05987
0.05987
0.05987
0.059894
0.05987
0.05987
0.05987
0.05987
0.059894
0.059894
0.05987
0.05987
0.059894
0.059894
0.059894
0.05987
0.05987
0.05987
0.059894
0.05987
0.05987
0.059894
0.05987
0.05987
0.059894
0.059894
0.059894
0.05987
0.05987
0.059894
0.059894
0.05987
0.05987
0.05987
0.05987
0.059894
0.05987
0.05987
0.059845
0.05987
0.05987
0.05987
0.05987
0.05987
0.05987
0.05987
0.05987
0.059845
0.059845
0.05987
0.05987
0.059845
0.059845
0.059845
0.059845
0.059845
0.059845
0.059845
0.059821
0.059845
0.059845
0.059845
0.059845
0.059821
0.059821
0.059821
0.059821
0.059821
0.059821
0.059796
0.059796
0.059796
0.059796
0.059771
0.059771
0.059771
0.059796
0.059771
0.059771
0.059747
0.059771
0.059771
0.059771
0.059747
0.059722
0.059722
0.059722
0.059722
0.059722
0.059722
0.059722
0.059722
0.059722
0.059697
0.059697
0.059697
0.059697
0.059697
0.059673
0.059673
0.059648
0.059648
0.059648
0.059648
0.059624
0.059624
0.059624
0.059624
0.059624
0.059624
0.059599
0.059624
0.059624
0.059624
0.059624
0.059599
0.059599
0.059624
0.059624
0.059599
0.059574
0.059574
0.059574
0.059574
0.059574
0.059574
0.059574
0.059574
0.059574
0.059574
0.059574
0.059574
0.059599
0.059574
0.059574
0.05955
0.05955
0.05955
0.05955
0.059525
0.059525
0.059525
0.059525
0.059525
0.059525
0.059525
0.059525
0.059501
0.059525
0.059525
0.05955
0.059525
0.059525
0.059525
0.059525
0.059525
0.059525
0.059525
0.059525
0.05955
0.05955
0.05955
0.05955
0.05955
0.05955
0.059574
0.05955
0.05955
0.059525
0.059476
0.059427
0.059353
0.059328
0.059328
0.059353
0.059402
0.059402
0.059451
0.059476
0.059525
0.05955
0.059574
0.05955
0.05955
0.05955
0.05955
0.05955
0.05955
0.059525
0.05955
0.05955
0.05955
0.059525
0.059525
0.059525
0.05955
0.05955
0.059525
0.059525
0.059525
0.059525
0.059525
0.059525
0.059501
0.059501
0.059525
0.059525
0.059525
0.059501
0.059501
0.059525
0.059525
0.059525
0.059501
0.059525
0.059525
0.059525
0.059525
0.059525
0.059525
0.05955
0.05955
0.059574
0.05955
0.05955
0.05955
0.059574
0.059574
0.059574
0.05955
0.05955
0.059574
0.059574
0.059574
0.05955
0.05955
0.059574
0.059574
0.059574
0.05955
0.05955
0.059574
0.059574
0.059574
0.05955
0.05955
0.059574
0.059574
0.05955
0.05955
0.05955
0.05955
0.05955
0.05955
0.059525
0.05955
0.05955
0.05955
0.05955
0.05955
0.05955
0.05955
0.05955
0.05955
0.05955
0.05955
0.059525
0.05955
0.05955
0.059574
0.05955
0.05955
0.05955
0.05955
0.05955
0.05955
0.05955
0.05955
0.05955
0.059574
0.05955
0.05955
0.059574
0.059574
0.059599
0.059574
0.059574
0.059574
0.059599
0.059599
0.059599
0.059574
0.059574
0.059599
0.059599
0.059599
0.059574
0.059574
0.059599
0.059599
0.059574
0.059599
0.059574
0.059574
0.059574
0.059574
0.059574
0.05955
0.05955
0.05955
0.05955
0.05955
0.05955
0.059525
0.059525
0.05955
0.05955
0.059525
0.059525
0.059525
0.059525
0.059525
0.059501
0.059501
0.059476
0.059501
0.059501
0.059476
0.059451
0.059451
0.059451
0.059451
0.059427
0.059377
0.059328
0.059304
0.059304
0.059279
0.059254
0.05923
0.059131
0.059107
0.059082
0.059057
0.059057
0.059033
0.059033
0.059057
0.059057
0.059057
0.059057
0.059057
0.059082
0.059082
0.059082
0.059082
0.059082
0.059082
0.059107
0.059082
0.059082
0.059082
0.059107
0.059107
0.059107
0.059107
0.059131
0.059131
0.059156
0.059156
0.059131
0.059131
0.059107
0.059082
0.059033
0.058959
0.05891
0.05891
0.058959
0.058959
0.059107
0.059107
0.059107
0.059107
0.059131
0.059156
0.059131
0.059131
0.059131
0.059131
0.059156
0.059131
0.059131
0.059131
0.059131
0.059131
0.059131
0.059131
0.059107
0.059107
0.059107
0.059107
0.059082
0.059082
0.059082
0.059107
0.059107
0.059082
0.059082
0.059107
0.059107
0.059107
0.059082
0.059082
0.059107
0.059107
0.059107
0.059107
0.059107
0.059107
0.059107
0.059131
0.059131
0.059131
0.059131
0.059131
0.059156
0.059156
0.059156
0.059156
0.059156
0.059156
0.059156
0.059156
0.059156
0.059156
0.059156
0.059156
0.059156
0.059156
0.059131
0.059156
0.059156
0.059156
0.059156
0.059131
0.059156
0.059156
0.059156
0.059131
0.059131
0.059131
0.059131
0.059131
0.059131
0.059107
0.059131
0.059131
0.059131
0.059131
0.059156
0.059156
0.059156
0.059156
0.059181
0.059181
0.059156
0.059156
0.059156
0.059181
0.059181
0.059156
0.059156
0.059156
0.059181
0.059181
0.059156
0.059131
0.059156
0.059156
0.059156
0.059156
0.059156
0.059156
0.059156
0.059156
0.059156
0.059156
0.059156
0.059181
0.059181
0.059181
0.059156
0.059181
0.059181
0.059181
0.059181
0.059181
0.059181
0.059181
0.059205
0.059181
0.059156
0.059156
0.059156
0.059156
0.059156
0.059156
0.059156
0.059156
0.059156
0.059156
0.059131
0.059131
0.059131
0.059131
0.059131
0.059131
0.059107
0.059131
0.059131
0.059131
0.059131
0.059131
0.059131
0.059156
0.059156
0.059156
0.059156
0.059156
0.059156
0.059156
0.059156
0.059156
0.059156
0.059156
0.059181
0.059156
0.059156
0.059181
0.059156
0.059181
0.059181
0.059181
0.059181
0.059156
0.059156
0.059181
0.059181
0.059181
0.059156
0.059181
0.059181
0.059205
0.059181
0.059181
0.059181
0.059205
0.059205
0.059205
0.059205
0.059205
0.059205
0.05923
0.059205
0.059205
0.059205
0.05923
0.05923
0.059205
0.059205
0.05923
0.05923
0.059254
0.05923
0.05923
0.059205
0.059181
0.059131
0.059057
0.059057
0.059082
0.059107
0.059131
0.059156
0.059181
0.059181
0.059181
0.059181
0.059181
0.059205
0.059181
0.059181
0.059181
0.059181
0.059205
0.059181
0.059181
0.059181
0.059205
0.059205
0.059205
0.059205
0.059205
0.059205
0.059205
0.059205
0.059205
0.059205
0.059205
0.05923
0.059205
0.059205
0.059205
0.059205
0.059205
0.059205
0.059205
0.059205
0.05923
0.059254
0.059254
0.059254
0.059254
0.059279
0.059304
0.059304
0.059304
0.059304
0.059304
0.059328
0.059328
0.059328
0.059328
0.059328
0.059328
0.059353
0.059353
0.059328
0.059328
0.059353
0.059353
0.059328
0.059328
0.059328
0.059328
0.059328
0.059328
0.059304
0.059328
0.059328
0.059328
0.059328
0.059304
0.059304
0.059328
0.059328
0.059304
0.059304
0.059304
0.059304
0.059304
0.059328
0.059328
0.059328
0.059304
0.059328
0.059328
0.059328
0.059328
0.059304
0.059304
0.059328
0.059328
0.059328
0.059328
0.059328
0.059328
0.059328
0.059328
0.059304
0.059304
0.059328
0.059328
0.059328
0.059304
0.059304
0.059328
0.059328
0.059304
0.059304
0.059304
0.059328
0.059328
0.059328
0.059328
0.059328
0.059328
0.059353
0.059328
0.059353
0.059353
0.059328
0.059328
0.059353
0.059353
0.059328
0.059328
0.059328
0.059353
0.059353
0.059353
0.059353
0.059353
0.059353
0.059353
0.059353
0.059353
0.059353
0.059377
0.059377
0.059377
0.059353
0.059353
0.059377
0.059377
0.059377
0.059353
0.059377
0.059377
0.059377
0.059377
0.059377
0.059377
0.059377
0.059377
0.059377
0.059377
0.059377
0.059402
0.059402
0.059402
0.059402
0.059402
0.059402
0.059402
0.059402
0.059402
0.059402
0.059402
0.059402
0.059427
0.059427
0.059427
0.059402
0.059402
0.059427
0.059427
0.059427
0.059427
0.059402
0.059427
0.059427
0.059427
0.059427
0.059427
0.059451
0.059451
0.059451
0.059451
0.059451
0.059476
0.059476
0.059476
0.059476
0.059476
0.059501
0.059501
0.059501
0.059451
0.059279
0.059254
0.059279
0.059304
0.059353
0.059377
0.059402
0.059427
0.059451
0.059451
0.059476
0.059451
0.059451
0.059451
0.059476
0.059476
0.059451
0.059451
0.059451
0.059476
0.059476
0.059476
0.059476
0.059476
0.059476
0.059476
0.059476
0.059476
0.059476
0.059501
0.059501
0.059501
0.059501
0.059501
0.059501
0.059501
0.059501
0.059501
0.059501
0.059525
0.059501
0.059525
0.059525
0.059525
0.059525
0.059525
0.05955
0.05955
0.05955
0.05955
0.05955
0.05955
0.059574
0.05955
0.05955
0.05955
0.059574
0.059574
0.05955
0.05955
0.059574
0.059574
0.059574
0.059574
0.059574
0.059574
0.059574
0.059574
0.059574
0.059574
0.059574
0.059599
0.059599
0.059599
0.059574
0.059599
0.059599
0.059599
0.059599
0.059574
0.059574
0.059599
0.059599
0.059599
0.059574
0.059574
0.059574
0.059599
0.059599
0.059599
0.059599
0.059599
0.059624
0.059624
0.059599
0.059599
0.059599
0.059624
0.059624
0.059599
0.059599
0.059624
0.059624
0.059624
0.059599
0.059599
0.059624
0.059624
0.059624
0.059624
0.059624
0.059624
0.059624
0.059624
0.059624
0.059624
0.059624
0.059624
0.059624
0.059624
0.059648
0.059648
0.059624
0.059648
0.059648
0.059648
0.059648
0.059624
0.059648
0.059648
0.059648
0.059648
0.059648
0.059648
0.059648
0.059648
0.059624
0.059624
0.059624
0.059624
0.059624
0.059624
0.059624
0.059624
0.059624
0.059624
0.059624
0.059624
0.059624
0.059624
0.059648
0.059624
0.059624
0.059624
0.059648
0.059648
0.059648
0.059648
0.059648
0.059673
0.059673
0.059673
0.059673
0.059673
0.059648
0.059673
0.059673
0.059673
0.059673
0.059673
0.059673
0.059697
0.059697
0.059697
0.059673
0.059697
0.059697
0.059697
0.059673
0.059673
0.059673
0.059697
0.059697
0.059697
0.059673
0.059697
0.059697
0.059722
0.059697
0.059697
0.059697
0.059697
0.059697
0.059697
0.059697
0.059697
0.059697
0.059722
0.059697
0.059697
0.059722
0.059722
0.059747
0.059747
0.059747
0.059747
0.059747
0.059722
0.059697
0.059648
0.059574
0.059525
0.059525
0.05955
0.059574
0.059599
0.059624
0.059673
0.059697
0.059697
0.059697
0.059722
0.059747
0.059747
0.059747
0.059722
0.059722
0.059747
0.059747
0.059747
0.059747
0.059747
0.059747
0.059771
0.059771
0.059747
0.059771
0.059771
0.059771
0.059771
0.059796
0.059771
0.059771
0.059771
0.059771
0.059771
0.059771
0.059771
0.059771
0.059771
0.059796
0.059771
0.059771
0.059771
0.059771
0.059796
0.059771
0.059771
0.059771
0.059796
0.059796
0.059796
0.059796
0.059796
0.059821
0.059821
0.059821
0.059821
0.059821
0.059821
0.059845
0.059821
0.059821
0.059821
0.059845
0.059845
0.059845
0.059821
0.059821
0.059845
0.059821
0.059845
0.059845
0.059845
0.059821
0.059821
0.059845
0.059845
0.059845
0.059821
0.059821
0.059845
0.059845
0.059821
0.059821
0.059821
0.059845
0.059845
0.059845
0.059845
0.059845
0.059845
0.059845
0.059845
0.059821
0.059821
0.059845
0.059845
0.059821
0.059821
0.059821
0.059845
0.059845
0.059821
0.059821
0.059821
0.059821
0.059845
0.059845
0.059821
0.059845
0.059821
0.059821
0.059845
0.059845
0.059845
0.059845
0.059821
0.059845
0.059845
0.059845
0.059821
0.059821
0.059821
0.059845
0.059821
0.059821
0.059821
0.059821
0.059821
0.059821
0.059821
0.059821
0.059821
0.059821
0.059821
0.059821
0.059821
0.059821
0.059845
0.059845
0.059845
0.059845
0.059845
0.059845
0.059845
0.059845
0.059845
0.059845
0.059845
0.059845
0.059845
0.059845
0.059845
0.059845
0.059845
0.05987
0.059845
0.059845
0.059845
0.059845
0.05987
0.059845
0.059845
0.059845
0.05987
0.05987
0.05987
0.05987
0.05987
0.05987
0.059894
0.05987
0.05987
0.05987
0.05987
0.059894
0.059894
0.05987
0.05987
0.05987
0.059894
0.059894
0.05987
0.05987
0.059894
0.059894
0.059894
0.059894
0.059894
0.059919
0.059919
0.059919
0.059944
0.059944
0.059919
0.059919
0.059944
0.059944
0.059968
0.059968
0.059944
0.059968
0.059968
0.059968
0.059944
0.059894
0.059845
0.059796
0.059747
0.059722
0.059747
0.059771
0.059821
0.059845
0.05987
0.059894
0.059919
0.059944
0.059944
0.059944
0.059944
0.059968
0.059968
0.059968
0.059968
0.059968
0.059968
0.059968
0.059968
0.059993
0.059993
0.059993
0.059993
0.059993
0.060018
0.060018
0.060018
0.060018
0.060018
0.060042
0.060018
0.060018
0.060018
0.060018
0.060042
0.060018
0.060018
0.060018
0.060018
0.060042
0.060042
0.060042
0.060018
0.060042
0.060067
0.060067
0.060067
0.060067
0.060067
0.060091
0.060091
0.060067
0.060067
0.060067
0.060091
0.060091
0.060091
0.060091
0.060091
0.060091
0.060091
0.060091
0.060116
0.060091
0.060091
0.060091
0.060116
0.060116
0.060091
0.060091
0.060091
0.060091
0.060091
0.060091
0.060091
0.060091
0.060091
0.060091
0.060091
0.060091
0.060091
0.060116
0.060116
0.060116
0.060091
0.060116
0.060116
0.060116
0.060116
0.060116
0.060116
0.060141
0.060141
0.060141
0.060116
0.060141
0.060141
0.060141
0.060141
0.060141
0.060141
0.060141
0.060141
0.060165
0.060141
0.060141
0.060141
0.060141
0.060141
0.060141
0.060141
0.060141
0.060141
0.060165
0.060141
0.060141
0.060165
0.060165
0.060165
0.060165
0.060141
0.060165
0.060165
0.060165
0.060165
0.060141
0.060165
0.060165
0.060165
0.060165
0.060141
0.060165
0.060165
0.060165
0.060141
0.060141
0.060141
0.060165
0.060165
0.060165
0.060165
0.060165
0.060165
0.060165
0.060165
0.06019
0.060165
0.060165
0.060165
0.060165
0.060165
0.060165
0.060165
0.060165
0.06019
0.06019
0.060165
0.060165
0.060165
0.06019
0.06019
0.060165
0.060165
0.060165
0.060165
0.06019
0.06019
0.060165
0.060165
0.06019
0.060165
0.060165
0.060165
0.060165
0.060165
0.060165
0.060165
0.060165
0.060165
0.060165
0.06019
0.06019
0.06019
0.06019
0.06019
0.06019
0.06019
0.060214
0.06019
0.06019
0.06019
0.06019
0.060214
0.06019
0.06019
0.060214
0.060239
0.060239
0.060239
0.060239
0.060239
0.060239
0.06019
0.060141
0.060067
0.060018
0.060018
0.060042
0.060042
0.060067
0.060091
0.060141
0.060165
0.06019
0.06019
0.06019
0.060214
0.060214
0.060214
0.060239
0.060239
0.060214
0.060214
0.060239
0.060264
0.060239
0.060239
0.060264
0.060264
0.060264
0.060264
0.060264
0.060264
0.060288
0.060288
0.060288
0.060264
0.060264
0.060288
0.060288
0.060288
0.060288
0.060288
0.060288
0.060288
0.060288
0.060288
0.060288
0.060288
0.060288
0.060288
0.060288
0.060288
0.060288
0.060313
0.060288
0.060288
0.060288
0.060288
0.060313
0.060313
0.060313
0.060313
0.060313
0.060313
0.060313
0.060313
0.060313
0.060313
0.060313
0.060313
0.060338
0.060313
0.060313
0.060313
0.060313
0.060313
0.060313
0.060313
0.060313
0.060313
0.060313
0.060313
0.060313
0.060313
0.060313
0.060313
0.060313
0.060313
0.060313
0.060338
0.060338
0.060338
0.060313
0.060313
0.060338
0.060338
0.060338
0.060313
0.060338
0.060313
0.060313
0.060313
0.060338
0.060313
0.060313
0.060313
0.060338
0.060338
0.060338
0.060313
0.060338
0.060338
0.060338
0.060338
0.060338
0.060338
0.060338
0.060338
0.060338
0.060338
0.060338
0.060338
0.060338
0.060338
0.060338
0.060338
0.060362
0.060362
0.060362
0.060338
0.060338
0.060362
0.060362
0.060362
0.060338
0.060338
0.060338
0.060338
0.060338
0.060362
0.060362
0.060338
0.060338
0.060362
0.060362
0.060362
0.060338
0.060338
0.060362
0.060362
0.060362
0.060338
0.060338
0.060362
0.060362
0.060362
0.060338
0.060338
0.060362
0.060362
0.060362
0.060362
0.060338
0.060362
0.060362
0.060362
0.060338
0.060338
0.060362
0.060362
0.060362
0.060362
0.060362
0.060362
0.060387
0.060387
0.060362
0.060362
0.060362
0.060362
0.060362
0.060362
0.060362
0.060362
0.060362
0.060387
0.060387
0.060362
0.060362
0.060362
0.060362
0.060362
0.060338
0.060338
0.060362
0.060362
0.060362
0.060338
0.060338
0.060338
0.060362
0.060362
0.060362
0.060362
0.060362
0.060387
0.060387
0.060362
0.060338
0.060313
0.060288
0.060214
0.060165
0.060141
0.060165
0.06019
0.060214
0.060239
0.060362
0.060362
0.060387
0.060387
0.060387
0.060387
0.060387
0.060387
0.060411
0.060411
0.060411
0.060411
0.060411
0.060411
0.060411
0.060411
0.060411
0.060411
0.060436
0.060436
0.060436
0.060411
0.060436
0.060436
0.060436
0.060436
0.060436
0.060436
0.060436
0.060436
0.060436
0.060436
0.060436
0.060461
0.060461
0.060436
0.060436
0.060436
0.060461
0.060461
0.060461
0.060461
0.060461
0.060461
0.060461
0.060485
0.060485
0.060485
0.060461
0.060485
0.060485
0.060485
0.060485
0.060461
0.060485
0.060485
0.060485
0.060485
0.060485
0.060485
0.060485
0.06051
0.06051
0.060485
0.06051
0.06051
0.06051
0.060485
0.060485
0.060485
0.060485
0.06051
0.060485
0.060461
0.060485
0.060485
0.060485
0.060485
0.060485
0.060485
0.060485
0.060485
0.06051
0.060534
0.060534
0.060534
0.060534
0.060534
0.060559
0.060534
0.060534
0.060534
0.060534
0.060559
0.060559
0.060534
0.060534
0.060559
0.060559
0.060559
0.060559
0.060559
0.060559
0.060559
0.060559
0.060559
0.060559
0.060584
0.060584
0.060584
0.060584
0.060584
0.060584
0.060584
0.060584
0.060584
0.060584
0.060608
0.060608
0.060584
0.060608
0.060584
0.060608
0.060608
0.060608
0.060608
0.060584
0.060584
0.060608
0.060608
0.060608
0.060608
0.060608
0.060608
0.060608
0.060608
0.060608
0.060608
0.060608
0.060608
0.060608
0.060608
0.060608
0.060633
0.060633
0.060608
0.060608
0.060608
0.060608
0.060608
0.060608
0.060608
0.060608
0.060608
0.060608
0.060584
0.060584
0.060584
0.060584
0.060584
0.060559
0.060559
0.060559
0.060559
0.060534
0.060559
0.060559
0.060559
0.060534
0.060534
0.060559
0.060559
0.060559
0.060534
0.060534
0.060559
0.060559
0.060559
0.060534
0.060534
0.060559
0.060534
0.060534
0.060534
0.060534
0.060534
0.060534
0.060534
0.060534
0.060534
0.060559
0.060559
0.060534
0.060534
0.060534
0.060534
0.06051
0.060461
0.060387
0.060338
0.060362
0.060411
0.060461
0.060485
0.060485
0.06051
0.06051
0.060534
0.060534
0.060534
0.060534
0.060534
0.060559
0.060559
0.060559
0.060559
0.060559
0.060559
0.060559
0.060559
0.060534
0.060534
0.060559
0.060559
0.060559
0.060559
0.060559
0.060559
0.060559
0.060584
0.060559
0.060559
0.060584
0.060584
0.060559
0.060559
0.060559
0.060559
0.060584
0.060584
0.060584
0.060559
0.060559
0.060559
0.060559
0.060584
0.060559
0.060559
0.060559
0.060559
0.060559
0.060559
0.060559
0.060559
0.060559
0.060559
0.060559
0.060559
0.060559
0.060559
0.060559
0.060559
0.060559
0.060559
0.060559
0.060559
0.060559
0.060559
0.060559
0.060559
0.060584
0.060584
0.060559
0.060559
0.060559
0.060584
0.060559
0.060559
0.060559
0.060559
0.060559
0.060559
0.060559
0.060559
0.060534
0.060559
0.060559
0.060559
0.060559
0.060534
0.060559
0.060559
0.060559
0.060559
0.060534
0.060559
0.060559
0.060559
0.060559
0.060559
0.060584
0.060608
0.060608
0.060608
0.060608
0.060633
0.060633
0.060633
0.060633
0.060633
0.060633
0.060633
0.060633
0.060633
0.060633
0.060658
0.060658
0.060658
0.060658
0.060658
0.060682
0.060682
0.060682
0.060682
0.060682
0.060682
0.060682
0.060682
0.060682
0.060682
0.060682
0.060682
0.060682
0.060707
0.060682
0.060682
0.060682
0.060682
0.060707
0.060707
0.060682
0.060682
0.060707
0.060707
0.060707
0.060707
0.060707
0.060707
0.060707
0.060707
0.060707
0.060707
0.060707
0.060707
0.060707
0.060707
0.060707
0.060707
0.060731
0.060731
0.060731
0.060731
0.060731
0.060707
0.060707
0.060731
0.060707
0.060707
0.060707
0.060707
0.060707
0.060707
0.060707
0.060707
0.060707
0.060707
0.060707
0.060707
0.060707
0.060731
0.060731
0.060731
0.060731
0.060707
0.060731
0.060731
0.060731
0.060731
0.060707
0.060731
0.060731
0.060731
0.060707
0.060731
0.060731
0.060756
0.060756
0.060756
0.060756
0.060756
0.060534
0.060534
0.060534
0.060559
0.060584
0.060608
0.060658
0.060682
0.060682
0.060707
0.060707
0.060731
0.060731
0.060731
0.060731
0.060731
0.060731
0.060756
0.060731
0.060731
0.060731
0.060731
0.060756
0.060731
0.060731
0.060731
0.060756
0.060756
0.060756
0.060731
0.060756
0.060756
0.060756
0.060731
0.060731
0.060756
0.060756
0.060756
0.060756
0.060731
0.060731
0.060756
0.060756
0.060756
0.060756
0.060756
0.060756
0.060756
0.060756
0.060756
0.060756
0.060756
0.060756
0.060781
0.060756
0.060756
0.060781
0.060781
0.060781
0.060756
0.060756
0.060756
0.060781
0.060781
0.060781
0.060781
0.060781
0.060781
0.060781
0.060781
0.060781
0.060805
0.060805
0.060805
0.060781
0.060781
0.060781
0.060805
0.060805
0.060781
0.060805
0.060781
0.060781
0.060781
0.060781
0.060781
0.060781
0.060781
0.060781
0.060781
0.060781
0.060781
0.060781
0.060781
0.060805
0.060781
0.060781
0.060781
0.060781
0.060781
0.060781
0.060781
0.060781
0.060781
0.060805
0.060805
0.060805
0.060781
0.060781
0.060805
0.060805
0.060805
0.060781
0.060805
0.060805
0.060805
0.060805
0.060805
0.060805
0.060805
0.060805
0.060805
0.060805
0.060805
0.060805
0.06083
0.06083
0.060805
0.060805
0.060805
0.06083
0.06083
0.06083
0.060805
0.060805
0.06083
0.06083
0.06083
0.060805
0.060805
0.06083
0.06083
0.060805
0.060805
0.060805
0.06083
0.06083
0.06083
0.06083
0.06083
0.06083
0.06083
0.06083
0.06083
0.06083
0.06083
0.06083
0.06083
0.06083
0.06083
0.06083
0.06083
0.06083
0.060854
0.06083
0.06083
0.06083
0.06083
0.06083
0.06083
0.06083
0.06083
0.06083
0.06083
0.06083
0.06083
0.06083
0.06083
0.060854
0.060854
0.06083
0.06083
0.060854
0.060854
0.060854
0.06083
0.06083
0.060854
0.060854
0.060854
0.06083
0.06083
0.060854
0.060854
0.060854
0.060854
0.060854
0.060879
0.060879
0.060854
0.060854
0.060805
0.060731
0.060658
0.060633
0.060633
0.060658
0.060682
0.060707
0.060756
0.060781
0.060805
0.060805
0.060805
0.060805
0.06083
0.06083
0.06083
0.06083
0.06083
0.06083
0.06083
0.060805
0.060805
0.06083
0.06083
0.06083
0.06083
0.06083
0.06083
0.06083
0.06083
0.06083
0.06083
0.06083
0.060854
0.060854
0.06083
0.06083
0.060854
0.06083
0.06083
0.06083
0.06083
0.06083
0.06083
0.06083
0.06083
0.06083
0.06083
0.06083
0.06083
0.060854
0.060854
0.06083
0.060854
0.060854
0.060854
0.060854
0.060854
0.060854
0.060854
0.060854
0.060854
0.060854
0.060854
0.060854
0.060879
0.060879
0.060854
0.060854
0.060854
0.060879
0.060854
0.060854
0.06083
0.06083
0.060854
0.06083
0.060805
0.060805
0.060805
0.060805
0.060805
0.060805
0.060805
0.060805
0.060781
0.060805
0.060805
0.060805
0.060781
0.060781
0.060781
0.060805
0.060805
0.060781
0.060781
0.060781
0.060805
0.060805
0.060781
0.060781
0.060781
0.060805
0.060781
0.060781
0.060781
0.060781
0.060781
0.060781
0.060781
0.060781
0.060781
0.060781
0.060781
0.060781
0.060781
0.060781
0.060805
0.060781
0.060805
0.060805
0.060781
0.060781
0.060805
0.060805
0.060781
0.060781
0.060781
0.060781
0.060805
0.060805
0.060805
0.060805
0.060805
0.06083
0.06083
0.06083
0.06083
0.06083
0.06083
0.06083
0.06083
0.06083
0.06083
0.060854
0.060854
0.06083
0.06083
0.06083
0.060854
0.060854
0.060854
0.060854
0.060854
0.060854
0.060854
0.060854
0.060854
