2018
8
9
10
40
22.512
0.052066
0.052091
0.052115
0.052091
0.052041
0.052017
0.052041
0.052041
0.052041
0.051992
0.051943
0.051943
0.051968
0.051943
0.051894
0.051894
0.051894
0.051894
0.051869
0.05182
0.051795
0.05182
0.051844
0.05182
0.051771
0.051746
0.051746
0.051746
0.051746
0.051697
0.051672
0.051672
0.051672
0.051648
0.051623
0.051574
0.051598
0.051623
0.051598
0.051549
0.051524
0.0515
0.051475
0.051475
0.0515
0.051475
0.051426
0.051401
0.051426
0.051451
0.051426
0.051401
0.051377
0.051377
0.051401
0.051401
0.051352
0.051328
0.051328
0.051328
0.051303
0.051254
0.051229
0.051254
0.051278
0.051254
0.051229
0.05118
0.05118
0.05118
0.051155
0.051106
0.051081
0.051081
0.051106
0.051106
0.051057
0.051032
0.051057
0.051081
0.051007
0.051032
0.051032
0.050983
0.050983
0.050983
0.051007
0.051007
0.050958
0.050934
0.050934
0.050958
0.050934
0.050884
0.05086
0.05086
0.050884
0.050884
0.050835
0.050811
0.050811
0.050835
0.05086
0.050811
0.050786
0.050786
0.050835
0.050835
0.050786
0.050761
0.050761
0.050786
0.050786
0.050737
0.050712
0.050712
0.050712
0.050712
0.050687
0.050638
0.050614
0.050589
0.050614
0.050638
0.050614
0.050564
0.050564
0.050589
0.050589
0.050564
0.050515
0.05054
0.050564
0.050564
0.050515
0.050491
0.050491
0.050515
0.050515
0.050491
0.050466
0.050441
0.050466
0.050466
0.050417
0.050392
0.050392
0.050417
0.050417
0.050392
0.050367
0.050367
0.050392
0.050392
0.050367
0.050318
0.050318
0.050343
0.050343
0.050318
0.050294
0.050269
0.050244
0.05022
0.050244
0.050244
0.050244
0.05022
0.050244
0.050318
0.050318
0.050294
0.05022
0.050195
0.050269
0.050244
0.050195
0.05017
0.050121
0.050121
0.050146
0.050121
0.050072
0.050047
0.050072
0.050072
0.050047
0.050023
0.049998
0.050023
0.050023
0.050023
0.049998
0.049974
0.049974
0.049974
0.049949
0.049924
0.0499
0.049924
0.0499
0.049924
0.0499
0.049875
0.04985
0.049875
0.049875
0.049875
0.049826
0.049801
0.049826
0.04985
0.049801
0.049777
0.049777
0.049777
0.049777
0.049752
0.049703
0.049678
0.049703
0.049727
0.049727
0.049703
0.049703
0.049727
0.049752
0.049727
0.049703
0.049678
0.049678
0.049703
0.049678
0.049654
0.049629
0.049654
0.049654
0.049629
0.049604
0.049604
0.049555
0.04953
0.049555
0.04958
0.049555
0.04953
0.049506
0.04953
0.04953
0.04953
0.049481
0.049457
0.049457
0.049481
0.049481
0.049432
0.049407
0.049432
0.049432
0.049432
0.049383
0.049358
0.049358
0.049383
0.049358
0.049334
0.049284
0.049309
0.049309
0.049309
0.049284
0.04926
0.049284
0.049284
0.049284
0.049235
0.04921
0.049235
0.04926
0.04926
0.049235
0.04921
0.049161
0.049186
0.049186
0.049186
0.049137
0.049112
0.049112
0.049137
0.049112
0.049063
0.049038
0.049038
0.049063
0.049063
0.049038
0.049013
0.049013
0.049038
0.049038
0.049013
0.048989
0.048989
0.049013
0.049013
0.048964
0.04894
0.04894
0.048964
0.048964
0.04894
0.04894
0.04894
0.048989
0.048964
0.04894
0.048915
0.048915
0.048915
0.04889
0.048915
0.048915
0.04889
0.048866
0.048866
0.04889
0.04889
0.048841
0.048817
0.048817
0.048841
0.048841
0.048792
0.048767
0.048767
0.048792
0.048792
0.048767
0.048718
0.048743
0.048767
0.048767
0.048743
0.048693
0.048693
0.048718
0.048718
0.048693
0.048669
0.048669
0.048693
0.048693
0.048644
0.048595
0.048595
0.04862
0.048644
0.048595
0.04857
0.048546
0.048546
0.048595
0.048595
0.04862
0.048644
0.048644
0.048644
0.04862
0.048546
0.048546
0.048497
0.048472
0.048497
0.048447
0.048398
0.048423
0.048447
0.048472
0.048447
0.048398
0.048398
0.048398
0.048398
0.048373
0.048324
0.048324
0.048349
0.048373
0.048349
0.048324
0.0483
0.048324
0.048324
0.0483
0.04825
0.048226
0.04825
0.048275
0.04825
0.04825
0.048226
0.048201
0.048176
0.048226
0.048226
0.048226
0.048176
0.048176
0.048201
0.048201
0.048176
0.048152
0.048127
0.048152
0.048176
0.048127
0.048103
0.048103
0.048127
0.048127
0.048127
0.048078
0.048053
0.048078
0.048103
0.048103
0.048053
0.048053
0.048078
0.048103
0.048078
0.048053
0.048053
0.048053
0.048053
0.048053
0.048004
0.04798
0.04798
0.04793
0.047955
0.047906
0.047881
0.047856
0.047881
0.047906
0.047856
0.047832
0.047807
0.047832
0.047832
0.047807
0.047783
0.047758
0.047758
0.047783
0.047758
0.047733
0.047733
0.047758
0.047783
0.047783
0.047758
0.047758
0.047783
0.047807
0.047783
0.047758
0.047733
0.047733
0.047758
0.047758
0.047709
0.047684
0.047709
0.047709
0.047709
0.04766
0.047635
0.047635
0.04761
0.047635
0.04766
0.047635
0.04761
0.047586
0.047586
0.04761
0.04761
0.047586
0.047536
0.047536
0.047561
0.047561
0.047536
0.047512
0.047512
0.047536
0.047512
0.047487
0.047463
0.047487
0.047512
0.047487
0.047463
0.047438
0.047438
0.047463
0.047463
0.047438
0.047413
0.047438
0.047438
0.047438
0.047389
0.047364
0.047364
0.047389
0.047389
0.047339
0.047339
0.047315
0.047315
0.047315
0.047339
0.047339
0.04729
0.047266
0.04729
0.04729
0.04729
0.047266
0.047241
0.047266
0.04729
0.047266
0.047216
0.047192
0.047192
0.047216
0.047216
0.047192
0.047143
0.047167
0.047167
0.047167
0.047143
0.047118
0.047118
0.047143
0.047143
0.047118
0.047093
0.047093
0.047118
0.047118
0.047093
0.047069
0.047093
0.047143
0.047143
0.047143
0.047118
0.047143
0.047093
0.047019
0.047093
0.047069
0.047044
0.047019
0.047044
0.047044
0.047044
0.046995
0.04697
0.04697
0.046995
0.046995
0.04697
0.046921
0.046946
0.04697
0.04697
0.046946
0.046921
0.046921
0.046946
0.046946
0.046921
0.046896
0.046896
0.046921
0.046921
0.046896
0.046872
0.046872
0.046896
0.046921
0.046896
0.046896
0.046872
0.046847
0.046847
0.046872
0.046847
0.046823
0.046773
0.046773
0.046773
0.046773
0.046749
0.046724
0.046724
0.046724
0.046749
0.046724
0.046699
0.046699
0.046699
0.046724
0.046699
0.046675
0.046675
0.046699
0.046724
0.046699
0.046675
0.046675
0.046699
0.046699
0.046675
0.04665
0.04665
0.046675
0.046675
0.04665
0.046626
0.046626
0.04665
0.046576
0.046601
0.046601
0.046601
0.046576
0.046552
0.046576
0.046601
0.046576
0.046527
0.046502
0.046527
0.046527
0.046502
0.046453
0.046453
0.046478
0.046502
0.046478
0.046453
0.046453
0.046453
0.046478
0.046453
0.046429
0.046429
0.046429
0.046453
0.046429
0.046404
0.046404
0.046404
0.046429
0.046404
0.046379
0.046355
0.046379
0.046404
0.046379
0.046355
0.046355
0.04633
0.04633
0.046355
0.046355
0.04633
0.046306
0.046306
0.046306
0.04633
0.046306
0.046281
0.046256
0.046281
0.046281
0.046281
0.046256
0.046232
0.046256
0.046281
0.046256
0.046232
0.046207
0.046232
0.046256
0.046232
0.046207
0.046207
0.046207
0.046232
0.046232
0.046207
0.046207
0.046232
0.046232
0.046232
0.046207
0.046182
0.046182
0.046207
0.046133
0.046158
0.046133
0.046109
0.046084
0.046109
0.046133
0.046109
0.046084
0.046059
0.046084
0.046084
0.046084
0.046035
0.04601
0.046035
0.046035
0.046035
0.04601
0.045986
0.045986
0.04601
0.04601
0.045961
0.045936
0.045936
0.045961
0.045936
0.045912
0.045887
0.045887
0.045912
0.045912
0.045887
0.045862
0.045862
0.045862
0.045862
0.045838
0.045838
0.045813
0.045764
0.045789
0.045813
0.045838
0.045813
0.045813
0.045838
0.045912
0.045936
0.045887
0.045862
0.045813
0.045838
0.045887
0.045789
0.045764
0.045764
0.045764
0.045789
0.045764
0.045739
0.045739
0.045764
0.045764
0.045715
0.045715
0.045715
0.045715
0.045715
0.04569
0.045665
0.045665
0.04569
0.04569
0.045665
0.045641
0.045641
0.045665
0.045665
0.045641
0.045641
0.045616
0.045592
0.045616
0.045641
0.045641
0.045616
0.045616
0.045616
0.045616
0.045616
0.045592
0.045567
0.045567
0.045567
0.045567
0.045542
0.045493
0.045493
0.045493
0.045493
0.045444
0.045419
0.045419
0.045469
0.045469
0.045444
0.045444
0.045444
0.045444
0.045469
0.045444
0.045419
0.045419
0.045444
0.045444
0.045419
0.045395
0.045419
0.04537
0.04537
0.04537
0.045395
0.04537
0.045321
0.045321
0.045345
0.045345
0.045321
0.045296
0.045296
0.045296
0.045296
0.045296
0.045247
0.045247
0.045272
0.045272
0.045247
0.045222
0.045222
0.045222
0.045247
0.045222
0.045198
0.045173
0.045198
0.045222
0.045198
0.045173
0.045173
0.045198
0.045198
0.045173
0.045149
0.045149
0.045173
0.045173
0.045173
0.045173
0.045149
0.045124
0.045124
0.045124
0.045149
0.045124
0.045075
0.045075
0.045075
0.045099
0.045075
0.04505
0.045025
0.04505
0.04505
0.04505
0.045025
0.045025
0.045025
0.04505
0.045025
0.045001
0.044976
0.045001
0.045001
0.044976
0.044952
0.044952
0.044952
0.044952
0.044952
0.044927
0.044927
0.044952
0.044976
0.044952
0.044927
0.044902
0.044927
0.044902
0.044927
0.044927
0.044927
0.044902
0.044902
0.044927
0.044927
0.044927
0.044878
0.044878
0.044878
0.044902
0.044878
0.044853
0.044828
0.044853
0.044878
0.044853
0.044828
0.044804
0.044804
0.044828
0.044804
0.044779
0.044755
0.044779
0.044804
0.044804
0.044779
0.044755
0.044779
0.044804
0.044804
0.044779
0.044755
0.044755
0.044779
0.044779
0.044755
0.044755
0.044755
0.04473
0.044755
0.044755
0.044755
0.04473
0.04473
0.044755
0.044804
0.044828
0.044828
0.044804
0.044779
0.044755
0.044755
0.044804
0.04473
0.044755
0.044755
0.04473
0.044705
0.044705
0.044705
0.044705
0.044681
0.044632
0.044607
0.044607
0.044607
0.044607
0.044582
0.044582
0.044582
0.044582
0.044582
0.044558
0.044533
0.044533
0.044558
0.044533
0.044558
0.044558
0.044533
0.044508
0.044508
0.044533
0.044533
0.044508
0.044484
0.044484
0.044484
0.044484
0.044459
0.044435
0.044435
0.044459
0.044459
0.044435
0.04441
0.04441
0.044435
0.044435
0.04441
0.044385
0.044385
0.04441
0.04441
0.044385
0.044361
0.044361
0.044385
0.044385
0.044361
0.044336
0.044336
0.044361
0.044361
0.044336
0.044312
0.044312
0.044287
0.044287
0.044287
0.044287
0.044262
0.044238
0.044238
0.044262
0.044262
0.044238
0.044188
0.044213
0.044213
0.044213
0.044213
0.044188
0.044188
0.044188
0.044213
0.044188
0.044139
0.044139
0.044164
0.044164
0.044139
0.044115
0.044115
0.044139
0.044115
0.04409
0.04409
0.04409
0.04409
0.044115
0.04409
0.044065
0.044065
0.04409
0.04409
0.044065
0.044065
0.044041
0.044016
0.044016
0.044041
0.044065
0.044041
0.044016
0.044016
0.044041
0.044041
0.044016
0.043992
0.043967
0.043992
0.043992
0.043967
0.043942
0.043942
0.043942
0.043942
0.043942
0.043918
0.043918
0.043942
0.043942
0.043942
0.043893
0.043893
0.043918
0.043942
0.043918
0.043893
0.043893
0.043918
0.043918
0.043918
0.043893
0.043893
0.043868
0.043893
0.043893
0.043893
0.043868
0.043844
0.043868
0.043868
0.043844
0.043819
0.043795
0.043819
0.043819
0.043819
0.043795
0.043795
0.043819
0.043844
0.043819
0.04377
0.04377
0.04377
0.043795
0.04377
0.043745
0.043721
0.043745
0.04377
0.043745
0.043721
0.043696
0.043721
0.043721
0.043696
0.043696
0.043671
0.043696
0.043696
0.043671
0.043671
0.043671
0.043647
0.043647
0.043671
0.043696
0.043671
0.043647
0.043671
0.043745
0.043795
0.04377
0.043721
0.043696
0.043671
0.043721
0.043647
0.043622
0.043622
0.043598
0.043647
0.043647
0.043598
0.043598
0.043598
0.043622
0.043622
0.043598
0.043573
0.043573
0.043598
0.043598
0.043598
0.043573
0.043598
0.043622
0.043598
0.043573
0.043548
0.043573
0.043573
0.043548
0.043548
0.043548
0.043524
0.043499
0.043524
0.043524
0.043524
0.043499
0.043475
0.043499
0.043524
0.043499
0.043475
0.04345
0.04345
0.043475
0.04345
0.043425
0.043401
0.043401
0.043425
0.043425
0.043401
0.043376
0.043401
0.043401
0.043401
0.043376
0.043376
0.043351
0.043376
0.043376
0.043351
0.043327
0.043327
0.043351
0.043351
0.043302
0.043302
0.043302
0.043278
0.043302
0.043302
0.043302
0.043278
0.043278
0.043278
0.043302
0.043302
0.043278
0.043253
0.043253
0.043253
0.043253
0.043228
0.043204
0.043204
0.043204
0.043204
0.043179
0.043179
0.043155
0.043179
0.043204
0.043179
0.043155
0.043155
0.043179
0.043179
0.043155
0.04313
0.04313
0.043155
0.043155
0.04313
0.04313
0.04313
0.043155
0.043155
0.043105
0.043105
0.043105
0.043081
0.043081
0.043105
0.043105
0.043105
0.043081
0.043081
0.043081
0.043081
0.043056
0.043031
0.043031
0.043056
0.043056
0.043031
0.043031
0.043031
0.043056
0.043056
0.043031
0.043007
0.043007
0.043031
0.043031
0.043007
0.043007
0.043007
0.043007
0.043007
0.043007
0.042982
0.042982
0.043007
0.043007
0.043007
0.042982
0.042982
0.042982
0.042982
0.043007
0.043007
0.042982
0.042958
0.042958
0.042982
0.042982
0.042982
0.042958
0.042958
0.042958
0.042982
0.042958
0.042933
0.042933
0.042958
0.042958
0.042933
0.042908
0.042908
0.042933
0.042933
0.042908
0.042884
0.042884
0.042908
0.042933
0.042908
0.042884
0.042884
0.042884
0.042884
0.042859
0.042834
0.042834
0.042859
0.042859
0.042834
0.042834
0.042834
0.04281
0.04281
0.04281
0.042834
0.042834
0.04281
0.04281
0.042859
0.042908
0.042908
0.042884
0.042859
0.042834
0.042834
0.042859
0.042761
0.042736
0.042761
0.042761
0.042761
0.042761
0.042761
0.042761
0.042761
0.042761
0.042736
0.042711
0.042711
0.042736
0.042736
0.042711
0.042711
0.042711
0.042736
0.042711
0.042711
0.042687
0.042711
0.042687
0.042711
0.042687
0.042687
0.042662
0.042687
0.042687
0.042687
0.042662
0.042662
0.042662
0.042687
0.042687
0.042662
0.042638
0.042638
0.042662
0.042638
0.042613
0.042588
0.042588
0.042613
0.042613
0.042564
0.042564
0.042564
0.042588
0.042588
0.042564
0.042539
0.042564
0.042564
0.042564
0.042539
0.042539
0.042539
0.042564
0.042564
0.042539
0.042514
0.042514
0.042514
0.042539
0.042539
0.042539
0.042514
0.042539
0.042564
0.042564
0.042514
0.042514
0.042514
0.042514
0.042514
0.04249
0.042465
0.042465
0.04249
0.04249
0.042465
0.042441
0.042441
0.042465
0.042465
0.042441
0.042441
0.042441
0.042465
0.042465
0.042441
0.042441
0.042441
0.042441
0.042441
0.042416
0.042416
0.042416
0.042441
0.042441
0.042416
0.042416
0.042391
0.042367
0.042367
0.042391
0.042391
0.042367
0.042342
0.042342
0.042367
0.042367
0.042342
0.042318
0.042318
0.042342
0.042342
0.042318
0.042293
0.042293
0.042318
0.042318
0.042293
0.042268
0.042268
0.042293
0.042318
0.042293
0.042268
0.042293
0.042318
0.042318
0.042293
0.042268
0.042268
0.042293
0.042293
0.042268
0.042244
0.042268
0.042293
0.042244
0.042268
0.042268
0.042244
0.042219
0.042244
0.042268
0.042268
0.042244
0.042219
0.042219
0.042244
0.042244
0.042244
0.042219
0.042219
0.042219
0.042244
0.042219
0.042194
0.042194
0.042194
0.042194
0.04217
0.042145
0.042145
0.04217
0.04217
0.042145
0.042121
0.042121
0.042145
0.042145
0.042121
0.042096
0.042096
0.042121
0.042121
0.042096
0.042071
0.042071
0.042047
0.042096
0.042145
0.04217
0.04217
0.042145
0.042145
0.042096
0.042096
0.042071
0.042022
0.042047
0.042047
0.042022
0.042022
0.042022
0.042022
0.042047
0.042022
0.041997
0.041997
0.041997
0.041997
0.041997
0.041973
0.041973
0.041973
0.041973
0.041973
0.041948
0.041948
0.041973
0.041973
0.041973
0.041948
0.041924
0.041948
0.041948
0.041948
0.041948
0.041924
0.041899
0.041874
0.041899
0.041924
0.041899
0.041874
0.041874
0.041899
0.041899
0.041899
0.041874
0.04185
0.041874
0.041874
0.041874
0.04185
0.04185
0.04185
0.041874
0.04185
0.041825
0.041801
0.041825
0.04185
0.041825
0.041801
0.041801
0.041801
0.041825
0.041825
0.041801
0.041776
0.041801
0.041825
0.041801
0.041776
0.041776
0.041776
0.041751
0.041776
0.041776
0.041776
0.041751
0.041751
0.041751
0.041751
0.041751
0.041727
0.041702
0.041702
0.041727
0.041702
0.041677
0.041677
0.041677
0.041702
0.041677
0.041677
0.041653
0.041677
0.041702
0.041702
0.041677
0.041677
0.041677
0.041702
0.041702
0.041677
0.041677
0.041677
0.041702
0.041677
0.041653
0.041653
0.041677
0.041702
0.041677
0.041653
0.041628
0.041604
0.041604
0.041628
0.041604
0.041604
0.041579
0.041579
0.041579
0.041579
0.041554
0.041554
0.041554
0.041579
0.041579
0.041579
0.041554
0.041554
0.041579
0.041554
0.04153
0.041505
0.04153
0.04153
0.04153
0.04153
0.04153
0.04153
0.041554
0.041554
0.04153
0.04153
0.04153
0.041554
0.041554
0.04153
0.041505
0.041505
0.04153
0.04153
0.04153
0.04153
0.041505
0.041481
0.041505
0.04153
0.04153
0.041505
0.041505
0.041505
0.041505
0.041505
0.041481
0.041456
0.041456
0.041481
0.041481
0.041481
0.041456
0.041456
0.041481
0.041481
0.041456
0.041431
0.041431
0.041456
0.041456
0.041431
0.041407
0.041407
0.041431
0.041431
0.041407
0.041407
0.041407
0.041407
0.041431
0.041407
0.041382
0.041382
0.041382
0.041382
0.041382
0.041357
0.041357
0.041357
0.041382
0.041382
0.041357
0.041357
0.041357
0.041407
0.041456
0.041481
0.041456
0.041431
0.041407
0.041407
0.041407
0.041333
0.041333
0.041357
0.041382
0.041382
0.041357
0.041357
0.041382
0.041382
0.041357
0.041333
0.041333
0.041333
0.041357
0.041333
0.041333
0.041333
0.041333
0.041333
0.041333
0.041308
0.041333
0.041308
0.041308
0.041308
0.041333
0.041308
0.041284
0.041284
0.041284
0.041308
0.041284
0.041284
0.041284
0.041308
0.041308
0.041308
0.041284
0.041284
0.041284
0.041284
0.041259
0.041234
0.041234
0.041234
0.041234
0.04121
0.041185
0.04116
0.041185
0.041185
0.04116
0.041136
0.041136
0.041136
0.041136
0.041136
0.041111
0.041111
0.041136
0.041136
0.041111
0.041136
0.041136
0.041111
0.041087
0.041111
0.041136
0.041111
0.041111
0.041087
0.041111
0.041111
0.041087
0.041062
0.041062
0.041062
0.041062
0.041062
0.041037
0.041013
0.041037
0.041062
0.041037
0.041013
0.041013
0.041013
0.041013
0.041013
0.040988
0.040988
0.040988
0.041013
0.041013
0.040988
0.040988
0.040988
0.041013
0.040988
0.040988
0.040964
0.040964
0.040939
0.040964
0.040964
0.040964
0.040939
0.040939
0.040939
0.040964
0.040939
0.040914
0.040914
0.040914
0.040914
0.040914
0.04089
0.040865
0.04089
0.04089
0.04089
0.040865
0.04084
0.04084
0.040865
0.040865
0.04084
0.04084
0.04084
0.04084
0.04084
0.040816
0.040816
0.040816
0.04084
0.04084
0.040816
0.040816
0.040816
0.04084
0.04084
0.040816
0.040816
0.040816
0.040791
0.040816
0.04084
0.04084
0.040816
0.040791
0.040816
0.04084
0.04084
0.040816
0.040816
0.040816
0.04084
0.04084
0.040816
0.040816
0.040816
0.04084
0.04084
0.040816
0.040816
0.040816
0.040816
0.040816
0.040791
0.040791
0.040791
0.040816
0.040816
0.040791
0.040767
0.040791
0.040791
0.040791
0.040767
0.040767
0.040767
0.040742
0.040767
0.040791
0.040791
0.040767
0.040742
0.040767
0.040767
0.040767
0.040767
0.040767
0.040767
0.040791
0.040791
0.040791
0.040816
0.04084
0.040865
0.040865
0.04084
0.040791
0.040816
0.04089
0.040865
0.04084
0.040791
0.040767
0.040791
0.040791
0.040742
0.040717
0.040717
0.040717
0.040717
0.040693
0.040668
0.040668
0.040693
0.040693
0.040668
0.040668
0.040644
0.040644
0.040644
0.040644
0.040668
0.040644
0.040619
0.040619
0.040644
0.040644
0.040619
0.040594
0.040619
0.040619
0.040619
0.040619
0.040594
0.040594
0.040619
0.040619
0.040619
0.040594
0.040594
0.040619
0.040619
0.040594
0.04057
0.04057
0.04057
0.04057
0.040545
0.04052
0.04052
0.040545
0.040545
0.040545
0.040496
0.040496
0.04052
0.040496
0.04052
0.040545
0.04052
0.040496
0.040496
0.040496
0.040496
0.040471
0.040471
0.040471
0.040496
0.040496
0.040471
0.040447
0.040447
0.040471
0.040471
0.040471
0.040447
0.040447
0.040471
0.040496
0.040471
0.040447
0.040447
0.040471
0.040471
0.040471
0.040447
0.040447
0.040471
0.040471
0.040447
0.040422
0.040422
0.040447
0.040447
0.040447
0.040422
0.040447
0.040422
0.040397
0.040422
0.040422
0.040422
0.040397
0.040397
0.040397
0.040422
0.040397
0.040373
0.040373
0.040373
0.040397
0.040373
0.040348
0.040348
0.040373
0.040373
0.040348
0.040323
0.040323
0.040323
0.040348
0.040323
0.040323
0.040299
0.040323
0.040348
0.040323
0.040299
0.040299
0.040323
0.040323
0.040323
0.040299
0.040299
0.040299
0.040323
0.040299
0.040299
0.040299
0.040274
0.040274
0.040274
0.040299
0.040299
0.040274
0.040274
0.040274
0.040299
0.040299
0.040274
0.04025
0.040274
0.040274
0.040274
0.04025
0.04025
0.040274
0.040274
0.040274
0.04025
0.040225
0.04025
0.04025
0.04025
0.040225
0.040225
0.040225
0.04025
0.04025
0.040225
0.040225
0.040225
0.04025
0.040225
0.0402
0.0402
0.040176
0.040176
0.040176
0.040176
0.040151
0.040151
0.040151
0.040176
0.040151
0.040151
0.040127
0.040127
0.040151
0.040176
0.040176
0.0402
0.04025
0.04025
0.0402
0.040151
0.040127
0.040176
0.040127
0.040151
0.040127
0.040102
0.040127
0.040151
0.040127
0.040102
0.040077
0.040077
0.040077
0.040077
0.040077
0.040053
0.040053
0.040077
0.040077
0.040053
0.040053
0.040028
0.040003
0.040028
0.040028
0.040053
0.040028
0.040028
0.040028
0.040053
0.040053
0.040028
0.040003
0.040028
0.040053
0.040053
0.040028
0.040028
0.040028
0.040028
0.040028
0.040003
0.040003
0.040003
0.040003
0.040003
0.039979
0.039954
0.039954
0.039979
0.040003
0.039979
0.039954
0.039954
0.039979
0.039979
0.039954
0.03993
0.03993
0.03993
0.03993
0.039954
0.039954
0.03993
0.03993
0.03993
0.039954
0.039954
0.03993
0.039905
0.039905
0.03993
0.03993
0.039905
0.03988
0.03988
0.039905
0.039905
0.03988
0.039856
0.039831
0.039856
0.039856
0.039856
0.039831
0.039831
0.039831
0.039856
0.039831
0.039807
0.039807
0.039831
0.039831
0.039831
0.039807
0.039807
0.039831
0.039831
0.039831
0.039807
0.039807
0.039782
0.039782
0.039807
0.039807
0.039782
0.039782
0.039757
0.039782
0.039782
0.039782
0.039757
0.039757
0.039757
0.039782
0.039757
0.039733
0.039733
0.039733
0.039733
0.039733
0.039708
0.039708
0.039708
0.039708
0.039708
0.039683
0.039683
0.039708
0.039708
0.039708
0.039683
0.039683
0.039708
0.039708
0.039708
0.039683
0.039683
0.039683
0.039708
0.039683
0.039683
0.039683
0.039659
0.039659
0.039683
0.039708
0.039683
0.039683
0.039683
0.039683
0.039683
0.039683
0.039659
0.039634
0.039659
0.039683
0.039659
0.039659
0.039659
0.039659
0.039683
0.039683
0.039659
0.039659
0.039659
0.039683
0.039659
0.039634
0.039634
0.039659
0.039683
0.039659
0.039634
0.03961
0.03961
0.039634
0.039634
0.03961
0.039585
0.03956
0.03956
0.039585
0.03956
0.039536
0.039536
0.039536
0.039536
0.039536
0.039511
0.039486
0.039511
0.039536
0.039585
0.03961
0.03961
0.039585
0.03956
0.039511
0.039511
0.039486
0.039437
0.039486
0.039462
0.039462
0.039462
0.039462
0.039462
0.039462
0.039437
0.039413
0.039413
0.039437
0.039413
0.039388
0.039388
0.039388
0.039413
0.039413
0.039388
0.039388
0.039363
0.039363
0.039363
0.039363
0.039363
0.039339
0.039314
0.039339
0.039339
0.039363
0.039339
0.039314
0.039339
0.039363
0.039363
0.039339
0.039339
0.039339
0.039339
0.039339
0.039314
0.039314
0.039314
0.039314
0.039314
0.03929
0.039265
0.039265
0.03929
0.03929
0.039265
0.03924
0.03924
0.03924
0.039265
0.03924
0.039216
0.039216
0.03924
0.039191
0.039216
0.039216
0.039191
0.039191
0.039191
0.039216
0.03924
0.039216
0.039191
0.039191
0.039216
0.039216
0.039191
0.039166
0.039166
0.039191
0.039191
0.039166
0.039142
0.039142
0.039166
0.039166
0.039142
0.039117
0.039117
0.039142
0.039142
0.039117
0.039093
0.039093
0.039093
0.039093
0.039093
0.039093
0.039093
0.039093
0.039117
0.039093
0.039068
0.039043
0.039043
0.039043
0.039068
0.039043
0.039019
0.039019
0.039043
0.039043
0.039019
0.038994
0.038994
0.039019
0.039019
0.038994
0.03897
0.03897
0.038994
0.038994
0.03897
0.03897
0.038945
0.03897
0.03897
0.03897
0.038945
0.03892
0.038945
0.038945
0.03892
0.03892
0.038896
0.03892
0.03892
0.03892
0.038896
0.038896
0.03892
0.03892
0.038896
