2018
8
17
10
18
39.162
0.015484
0.015484
0.015484
0.015484
0.015484
0.015484
0.015484
0.015484
0.015484
0.015484
0.015484
0.015484
0.015484
0.015484
0.015484
0.015484
0.015484
0.015484
0.01546
0.01546
0.01546
0.015484
0.01546
0.01546
0.01546
0.01546
0.01546
0.01546
0.01546
0.01546
0.015484
0.015484
0.01546
0.01546
0.01546
0.01546
0.01546
0.01546
0.01546
0.01546
0.01546
0.01546
0.01546
0.01546
0.01546
0.015435
0.01546
0.01546
0.01546
0.01546
0.015435
0.01546
0.01546
0.01546
0.01546
0.015435
0.01546
0.01546
0.01546
0.01546
0.015435
0.015435
0.01546
0.01546
0.01546
0.015435
0.015435
0.015435
0.01546
0.015435
0.015435
0.01546
0.01546
0.01546
0.015435
0.015435
0.015435
0.01546
0.01546
0.015435
0.015435
0.015435
0.015411
0.015411
0.015411
0.015411
0.015411
0.015411
0.015411
0.015411
0.015411
0.015411
0.015411
0.015411
0.015411
0.015411
0.015411
0.015386
0.015386
0.015386
0.015386
0.015386
0.015361
0.015361
0.015361
0.015361
0.015386
0.015361
0.015361
0.015337
0.015312
0.015435
0.015484
0.015435
0.015386
0.015361
0.015337
0.015337
0.015337
0.015337
0.015312
0.015312
0.015312
0.015312
0.015287
0.015287
0.015312
0.015312
0.015287
0.015287
0.015287
0.015287
0.015287
0.015287
0.015263
0.015263
0.015263
0.015263
0.015263
0.015238
0.015238
0.015238
0.015238
0.015238
0.015214
0.015214
0.015238
0.015238
0.015214
0.015214
0.015189
0.015189
0.015214
0.015189
0.015189
0.015189
0.015164
0.015164
0.015164
0.01514
0.01514
0.01514
0.01514
0.01514
0.01514
0.015115
0.015115
0.015115
0.015115
0.01514
0.015115
0.015115
0.015115
0.01514
0.01514
0.015115
0.015115
0.015115
0.015115
0.015115
0.015115
0.015091
0.015091
0.015091
0.015091
0.015091
0.015091
0.015091
0.015066
0.015091
0.015091
0.015066
0.015066
0.015066
0.015066
0.015066
0.015066
0.015041
0.015041
0.015066
0.015041
0.015041
0.015041
0.015041
0.015041
0.015041
0.015041
0.015041
0.015041
0.015041
0.015041
0.015041
0.015041
0.015041
0.015041
0.015041
0.015041
0.015041
0.015041
0.015041
0.015041
0.015041
0.015041
0.015041
0.015041
0.015041
0.015041
0.015041
0.015041
0.015041
0.015041
0.015041
0.015041
0.015041
0.015041
0.015041
0.015017
0.015017
0.015017
0.015041
0.015041
0.015041
0.015041
0.015041
0.015041
0.015041
0.015041
0.015041
0.015041
0.015041
0.015017
0.015041
0.015041
0.015041
0.015017
0.015017
0.015017
0.015041
0.015041
0.015017
0.015017
0.015017
0.015017
0.015041
0.015017
0.015017
0.015017
0.015041
0.015041
0.015017
0.015017
0.015041
0.015041
0.015041
0.015041
0.015041
0.015041
0.015041
0.015041
0.015041
0.015041
0.015041
0.015041
0.015041
0.015041
0.015041
0.015041
0.015041
0.015066
0.015066
0.015041
0.015041
0.015066
0.015066
0.015066
0.015066
0.015041
0.015041
0.015041
0.015041
0.015066
0.015091
0.015091
0.015091
0.015017
0.015091
0.015164
0.015164
0.01514
0.015091
0.015066
0.015066
0.015066
0.015066
0.015066
0.015066
0.015066
0.015066
0.015066
0.015041
0.015041
0.015041
0.015041
0.015041
0.015041
0.015041
0.015041
0.015017
0.015017
0.015041
0.015041
0.015017
0.015017
0.015017
0.015017
0.015017
0.015017
0.015017
0.015017
0.015017
0.015017
0.015017
0.015017
0.014992
0.014992
0.015017
0.015017
0.014992
0.014992
0.014992
0.015017
0.014992
0.014992
0.014992
0.014992
0.014992
0.014992
0.014992
0.014992
0.014992
0.014992
0.014992
0.015017
0.014992
0.014992
0.014992
0.014992
0.014992
0.014992
0.014992
0.014992
0.014992
0.015017
0.015017
0.015017
0.015017
0.015017
0.015017
0.015017
0.015017
0.015017
0.015017
0.015017
0.015017
0.014992
0.014992
0.014992
0.014992
0.014992
0.014992
0.014992
0.014992
0.014992
0.014992
0.014992
0.014992
0.014992
0.014992
0.014992
0.014992
0.014992
0.014992
0.014992
0.014992
0.014992
0.014992
0.014992
0.014992
0.014992
0.014992
0.014992
0.014992
0.014992
0.014992
0.014992
0.014992
0.014992
0.014992
0.014992
0.014992
0.014992
0.014992
0.014967
0.014992
0.014992
0.014992
0.014992
0.014992
0.014992
0.014992
0.014992
0.014992
0.014992
0.014992
0.014992
0.014992
0.014992
0.014992
0.014992
0.014992
0.014992
0.014992
0.014992
0.014992
0.014992
0.014992
0.014992
0.014992
0.014992
0.014992
0.014992
0.014992
0.014992
0.014992
0.014992
0.014992
0.014992
0.014992
0.014992
0.014992
0.014992
0.014992
0.014992
0.014992
0.014992
0.014992
0.014992
0.014992
0.014992
0.014992
0.014992
0.014992
0.014992
0.014992
0.014992
0.014967
0.014992
0.014992
0.014967
0.014967
0.014967
0.014967
0.014967
0.014992
0.014992
0.014992
0.014967
0.014967
0.014992
0.014992
0.014967
0.014967
0.014967
0.014943
0.014967
0.014943
0.014967
0.014992
0.014992
0.015017
0.014967
0.014967
0.015066
0.015091
0.015041
0.014992
0.014967
0.014967
0.014967
0.014967
0.014967
0.014967
0.014967
0.014967
0.014967
0.014967
0.014967
0.014967
0.014967
0.014967
0.014943
0.014943
0.014943
0.014943
0.014943
0.014943
0.014943
0.014943
0.014943
0.014943
0.014943
0.014943
0.014943
0.014943
0.014943
0.014943
0.014943
0.014943
0.014943
0.014918
0.014943
0.014943
0.014918
0.014918
0.014918
0.014918
0.014918
0.014918
0.014918
0.014918
0.014918
0.014918
0.014918
0.014894
0.014894
0.014918
0.014918
0.014894
0.014894
0.014894
0.014894
0.014894
0.014918
0.014918
0.014918
0.014918
0.014918
0.014918
0.014918
0.014918
0.014918
0.014918
0.014918
0.014918
0.014918
0.014918
0.014918
0.014918
0.014918
0.014918
0.014918
0.014894
0.014918
0.014918
0.014918
0.014894
0.014894
0.014894
0.014918
0.014894
0.014894
0.014894
0.014894
0.014894
0.014894
0.014894
0.014894
0.014894
0.014894
0.014894
0.014918
0.014894
0.014894
0.014894
0.014894
0.014894
0.014894
0.014894
0.014894
0.014894
0.014894
0.014894
0.014894
0.014894
0.014894
0.014894
0.014894
0.014894
0.014894
0.014894
0.014894
0.014894
0.014894
0.014894
0.014894
0.014894
0.014894
0.014894
0.014894
0.014894
0.014894
0.014894
0.014894
0.014894
0.014894
0.014894
0.014894
0.014894
0.014894
0.014894
0.014894
0.014894
0.014894
0.014894
0.014894
0.014894
0.014894
0.014894
0.014894
0.014894
0.014894
0.014894
0.014894
0.014894
0.014894
0.014894
0.014894
0.014894
0.014894
0.014894
0.014894
0.014894
0.014918
0.014894
0.014894
0.014894
0.014894
0.014894
0.014894
0.014894
0.014894
0.014894
0.014894
0.014894
0.014894
0.014894
0.014918
0.014918
0.014894
0.014894
0.014894
0.014894
0.014894
0.014918
0.014894
0.014894
0.014869
0.014869
0.014869
0.014869
0.014894
0.014918
0.014943
0.014943
0.014943
0.014894
0.014967
0.015017
0.014992
0.014943
0.014918
0.014894
0.014894
0.014918
0.014894
0.014894
0.014894
0.014894
0.014918
0.014894
0.014894
0.014894
0.014894
0.014918
0.014894
0.014894
0.014894
0.014894
0.014918
0.014894
0.014894
0.014894
0.014894
0.014894
0.014894
0.014918
0.014918
0.014894
0.014894
0.014918
0.014918
0.014918
0.014918
0.014918
0.014918
0.014918
0.014918
0.014894
0.014894
0.014894
0.014894
0.014894
0.014894
0.014894
0.014894
0.014894
0.014894
0.014894
0.014894
0.014869
0.014894
0.014894
0.014869
0.014869
0.014869
0.014894
0.014894
0.014894
0.014869
0.014894
0.014894
0.014894
0.014918
0.014918
0.014894
0.014894
0.014918
0.014918
0.014918
0.014918
0.014918
0.014918
0.014918
0.014918
0.014918
0.014918
0.014918
0.014918
0.014918
0.014918
0.014894
0.014894
0.014918
0.014918
0.014894
0.014894
0.014894
0.014918
0.014918
0.014894
0.014894
0.014894
0.014918
0.014918
0.014918
0.014918
0.014918
0.014918
0.014918
0.014918
0.014918
0.014918
0.014918
0.014918
0.014918
0.014918
0.014918
0.014918
0.014918
0.014918
0.014918
0.014918
0.014918
0.014918
0.014918
0.014918
0.014918
0.014918
0.014918
0.014918
0.014918
0.014918
0.014918
0.014918
0.014918
0.014918
0.014918
0.014918
0.014943
0.014943
0.014943
0.014943
0.014943
0.014943
0.014943
0.014943
0.014943
0.014943
0.014943
0.014943
0.014943
0.014943
0.014943
0.014943
0.014918
0.014943
0.014943
0.014943
0.014943
0.014943
0.014943
0.014943
0.014943
0.014943
0.014943
0.014943
0.014943
0.014943
0.014918
0.014943
0.014943
0.014943
0.014943
0.014943
0.014918
0.014943
0.014943
0.014943
0.014943
0.014943
0.014943
0.014943
0.014967
0.014943
0.014943
0.014943
0.014967
0.014967
0.014943
0.014943
0.014918
0.014943
0.014967
0.014992
0.014992
0.014992
0.014943
0.014992
0.015066
0.015066
0.015017
0.014967
0.014967
0.014967
0.014967
0.014943
0.014943
0.014943
0.014967
0.014967
0.014943
0.014943
0.014943
0.014967
0.014967
0.014967
0.014943
0.014943
0.014943
0.014943
0.014943
0.014943
0.014943
0.014967
0.014967
0.014943
0.014943
0.014943
0.014943
0.014967
0.014967
0.014967
0.014967
0.014943
0.014967
0.014967
0.014967
0.014967
0.014967
0.014967
0.014967
0.014967
0.014967
0.014943
0.014943
0.014943
0.014967
0.014967
0.014943
0.014943
0.014943
0.014967
0.014967
0.014967
0.014967
0.014967
0.014967
0.014967
0.014967
0.014967
0.014967
0.014967
0.014967
0.014967
0.014967
0.014967
0.014992
0.014992
0.014967
0.014967
0.014967
0.014967
0.014992
0.014992
0.014992
0.014967
0.014967
0.014992
0.014992
0.014967
0.014967
0.014967
0.014967
0.014967
0.014967
0.014967
0.014967
0.014967
0.014967
0.014967
0.014967
0.014967
0.014967
0.014967
0.014967
0.014967
0.014967
0.014967
0.014967
0.014967
0.014967
0.014967
0.014967
0.014992
0.014992
0.014967
0.014967
0.014992
0.014992
0.014992
0.014992
0.014992
0.014967
0.014967
0.014992
0.014992
0.014967
0.014967
0.014967
0.014992
0.014992
0.014992
0.014967
0.014967
0.014992
0.014992
0.014992
0.014992
0.014992
0.014992
0.014992
0.014992
0.014992
0.014992
0.014992
0.014992
0.014992
0.014992
0.014992
0.014992
0.014992
0.014992
0.014992
0.014992
0.014992
0.015017
0.015017
0.014992
0.014992
0.014992
0.014992
0.014992
0.014992
0.014992
0.014967
0.014967
0.014967
0.014992
0.014992
0.014967
0.014967
0.014967
0.014992
0.014967
0.014967
0.014967
0.014967
0.014992
0.014992
0.014967
0.014967
0.014967
0.014992
0.014967
0.014967
0.014967
0.014967
0.014967
0.014967
0.014943
0.014943
0.014943
0.014967
0.015017
0.015017
0.015017
0.014992
0.014992
0.015066
0.015091
0.014992
0.014967
0.014967
0.014967
0.014967
0.014992
0.014967
0.014967
0.014967
0.014967
0.014992
0.014967
0.014967
0.014967
0.014992
0.014992
0.014967
0.014967
0.014992
0.014992
0.014967
0.014967
0.014967
0.014967
0.014992
0.014992
0.014992
0.014967
0.014992
0.014992
0.014992
0.014992
0.014992
0.014992
0.014992
0.014992
0.014992
0.014992
0.014992
0.014992
0.014992
0.014967
0.014967
0.014967
0.014967
0.014967
0.014992
0.014992
0.014967
0.014967
0.014967
0.014992
0.014992
0.014967
0.014967
0.014992
0.014992
0.014967
0.014967
0.014967
0.014967
0.014992
0.014992
0.014967
0.014967
0.014992
0.014992
0.014992
0.014992
0.014992
0.014992
0.014992
0.014992
0.014992
0.014992
0.014992
0.014992
0.014992
0.014992
0.014992
0.014967
0.014967
0.014967
0.014967
0.014967
0.014967
0.014967
0.014967
0.014967
0.014967
0.014967
0.014967
0.014967
0.014967
0.014967
0.014967
0.014967
0.014967
0.014967
0.014967
0.014967
0.014967
0.014967
0.014967
0.014967
0.014967
0.014967
0.014967
0.014967
0.014967
0.014967
0.014967
0.014967
0.014967
0.014967
0.014967
0.014967
0.014943
0.014967
0.014967
0.014967
0.014967
0.014943
0.014943
0.014943
0.014943
0.014967
0.014943
0.014943
0.014943
0.014967
0.014967
0.014943
0.014943
0.014943
0.014943
0.014943
0.014943
0.014943
0.014943
0.014943
0.014943
0.014943
0.014918
0.014918
0.014918
0.014918
0.014918
0.014918
0.014918
0.014918
0.014918
0.014918
0.014918
0.014918
0.014918
0.014918
0.014918
0.014918
0.014894
0.014894
0.014918
0.014894
0.014894
0.014894
0.014894
0.014894
0.014894
0.014894
0.014894
0.014894
0.014869
0.014869
0.014869
0.014869
0.014869
0.014918
0.014918
0.014943
0.014918
0.014894
0.014992
0.015017
0.014992
0.014943
0.014918
0.014894
0.014894
0.014894
0.014869
0.014869
0.014869
0.014869
0.014869
0.014869
0.014869
0.014869
0.014869
0.014869
0.014844
0.014844
0.014844
0.014844
0.014844
0.014844
0.01482
0.01482
0.01482
0.01482
0.01482
0.01482
0.01482
0.01482
0.01482
0.01482
0.01482
0.01482
0.01482
0.01482
0.01482
0.01482
0.01482
0.01482
0.01482
0.014795
0.014795
0.014795
0.014795
0.014771
0.014771
0.014771
0.014771
0.014746
0.014746
0.014746
0.014746
0.014746
0.014746
0.014746
0.014746
0.014746
0.014746
0.014746
0.014721
0.014721
0.014746
0.014746
0.014746
0.014721
0.014721
0.014746
0.014746
0.014746
0.014721
0.014721
0.014721
0.014721
0.014721
0.014721
0.014721
0.014721
0.014721
0.014721
0.014697
0.014697
0.014721
0.014721
0.014697
0.014697
0.014697
0.014697
0.014697
0.014697
0.014697
0.014697
0.014697
0.014697
0.014697
0.014672
0.014672
0.014672
0.014672
0.014672
0.014672
0.014672
0.014647
0.014647
0.014647
0.014647
0.014647
0.014647
0.014647
0.014647
0.014647
0.014647
0.014647
0.014647
0.014647
0.014647
0.014647
0.014623
0.014623
0.014623
0.014623
0.014623
0.014623
0.014623
0.014623
0.014623
0.014623
0.014623
0.014623
0.014623
0.014623
0.014623
0.014623
0.014598
0.014623
0.014623
0.014623
0.014598
0.014598
0.014598
0.014598
0.014598
0.014598
0.014598
0.014598
0.014598
0.014598
0.014598
0.014598
0.014574
0.014574
0.014598
0.014598
0.014598
0.014598
0.014598
0.014598
0.014598
0.014598
0.014574
0.014574
0.014598
0.014598
0.014598
0.014574
0.014574
0.014574
0.014574
0.014574
0.014574
0.014574
0.014574
0.014574
0.014574
0.014549
0.014549
0.014549
0.014598
0.014574
0.014623
0.014672
0.014672
0.014623
0.014598
0.014574
0.014574
0.014549
0.014549
0.014549
0.014549
0.014549
0.014549
0.014549
0.014549
0.014549
0.014549
0.014549
0.014549
0.014549
0.014549
0.014549
0.014524
0.014524
0.014524
0.014524
0.014524
0.014524
0.014524
0.014524
0.014524
0.014524
0.014524
0.014524
0.014524
0.014524
0.014524
0.014524
0.014524
0.014524
0.0145
0.0145
0.0145
0.0145
0.0145
0.0145
0.0145
0.0145
0.0145
0.0145
0.0145
0.0145
0.0145
0.0145
0.0145
0.0145
0.0145
0.0145
0.0145
0.0145
0.0145
0.0145
0.0145
0.0145
0.0145
0.0145
0.0145
0.0145
0.0145
0.0145
0.0145
0.0145
0.0145
0.0145
0.0145
0.0145
0.0145
0.0145
0.0145
0.0145
0.0145
0.014475
0.0145
0.0145
0.0145
0.014475
0.014475
0.014475
0.014475
0.014475
0.014475
0.014475
0.014475
0.014475
0.014475
0.014475
0.014475
0.014475
0.014475
0.014475
0.014475
0.014475
0.014475
0.014475
0.014475
0.014475
0.014475
0.014475
0.014475
0.014475
0.014475
0.014475
0.014475
0.014475
0.014475
0.014475
0.014475
0.014475
0.014475
0.014475
0.014475
0.014475
0.014475
0.014475
0.014475
0.014475
0.014475
0.014475
0.014475
0.014475
0.014475
0.014475
0.014475
0.014475
0.014475
0.014475
0.014475
0.014475
0.014475
0.014475
0.014475
0.0145
0.014475
0.014475
0.014475
0.0145
0.0145
0.0145
0.014475
0.014475
0.014475
0.014475
0.014475
0.014475
0.014475
0.014475
0.014475
0.014475
0.014475
0.014475
0.014475
0.014475
0.014475
0.014475
0.014475
0.014475
0.014475
0.014475
0.014475
0.014475
0.014475
0.014475
0.014475
0.014475
0.014475
0.01445
0.01445
0.01445
0.014475
0.0145
0.0145
0.014524
0.0145
0.014475
0.014524
0.014598
0.014574
0.014524
0.0145
0.014475
0.014475
0.014475
0.014475
0.014475
0.014475
0.014475
0.014475
0.014475
0.014475
0.014475
0.014475
0.01445
0.014475
0.014475
0.014475
0.01445
0.01445
0.01445
0.014475
0.014475
0.014475
0.01445
0.01445
0.01445
0.014475
0.01445
0.01445
0.01445
0.01445
0.01445
0.014475
0.01445
0.01445
0.014475
0.014475
0.01445
0.01445
0.01445
0.01445
0.014475
0.01445
0.01445
0.01445
0.01445
0.01445
0.01445
0.01445
0.01445
0.01445
0.01445
0.01445
0.01445
0.01445
0.01445
0.01445
0.01445
0.01445
0.01445
0.01445
0.01445
0.014475
0.01445
0.01445
0.01445
0.01445
0.014475
0.01445
0.01445
0.01445
0.01445
0.014475
0.01445
0.01445
0.01445
0.01445
0.01445
0.01445
0.01445
0.01445
0.01445
0.01445
0.01445
0.01445
0.01445
0.01445
0.01445
0.01445
0.01445
0.01445
0.01445
0.01445
0.01445
0.01445
0.01445
0.01445
0.01445
0.01445
0.01445
0.01445
0.01445
0.01445
0.01445
0.01445
0.01445
0.01445
0.01445
0.01445
0.014475
0.014475
0.01445
0.01445
0.01445
0.01445
0.01445
0.01445
0.01445
0.014475
0.014475
0.01445
0.01445
0.01445
0.014475
0.014475
0.014475
0.01445
0.01445
0.014475
0.014475
0.014475
0.014475
0.01445
0.01445
0.01445
0.014475
0.014475
0.01445
0.01445
0.01445
0.01445
0.01445
0.01445
0.01445
0.01445
0.01445
0.01445
0.01445
0.01445
0.014426
0.014426
0.01445
0.01445
0.01445
0.01445
0.01445
0.01445
0.01445
0.01445
0.01445
0.01445
0.01445
0.01445
0.01445
0.01445
0.01445
0.01445
0.01445
0.01445
0.01445
0.014426
0.014426
0.014426
0.014426
0.01445
0.014475
0.014475
0.0145
0.01445
0.0145
0.014549
0.014549
0.014524
0.014475
0.01445
0.01445
0.01445
0.01445
0.01445
0.01445
0.01445
0.01445
0.01445
0.01445
0.01445
0.01445
0.014426
0.01445
0.01445
0.01445
0.014426
0.014426
0.014426
0.014426
0.014426
0.014426
0.014426
0.014426
0.01445
0.01445
0.01445
0.01445
0.01445
0.01445
0.01445
0.01445
0.01445
0.01445
0.01445
0.01445
0.01445
0.01445
0.01445
0.014426
0.014426
0.01445
0.014426
0.014426
0.014426
0.014426
0.014426
0.014426
0.014426
0.014426
0.014426
0.014426
0.014426
0.014426
0.014426
0.014426
0.01445
0.01445
0.01445
0.01445
0.01445
0.01445
0.01445
0.01445
0.01445
0.01445
0.01445
0.01445
0.01445
0.01445
0.01445
0.01445
0.01445
0.014475
0.014475
0.01445
0.01445
0.01445
0.01445
0.01445
0.01445
0.01445
0.01445
0.01445
0.014475
0.01445
0.01445
0.01445
0.01445
0.01445
0.01445
0.01445
0.01445
0.01445
0.01445
0.01445
0.01445
0.01445
0.01445
0.01445
0.01445
0.01445
0.01445
0.01445
0.01445
0.01445
0.01445
0.01445
0.01445
0.01445
0.01445
0.01445
0.01445
0.01445
0.01445
0.01445
0.01445
0.01445
0.01445
0.01445
0.01445
0.01445
0.01445
0.01445
0.01445
0.01445
0.014475
0.014475
0.014475
0.014475
0.014475
0.014475
0.014475
0.014475
0.014475
0.014475
0.014475
0.014475
0.01445
0.014475
0.014475
0.014475
0.014475
0.014475
0.014475
0.014475
0.014475
0.014475
0.014475
0.01445
0.014475
0.014475
0.014475
0.014475
0.01445
0.01445
0.014475
0.014475
0.014475
0.01445
0.014475
0.014475
0.014475
0.014475
0.014475
0.014475
0.014475
0.014475
0.014475
0.014475
0.014475
0.014475
0.014475
0.014475
0.01445
0.01445
0.01445
0.01445
0.01445
0.014475
0.014524
0.014524
0.014524
0.0145
0.0145
0.014574
0.014475
0.014475
0.014475
0.014475
0.014475
0.014475
0.014475
0.014475
0.014475
0.014475
0.014475
0.014475
0.014475
0.014475
0.014475
0.014475
0.014475
0.014475
0.014475
0.014475
0.014475
0.014475
0.014475
0.014475
0.014475
0.014475
0.014475
0.014475
0.014475
0.014475
0.014475
0.014475
0.014475
0.014475
0.014475
0.014475
0.014475
0.0145
0.014475
0.014475
0.014475
0.014475
0.014475
0.014475
0.014475
0.014475
0.014475
0.014475
0.014475
0.014475
0.014475
0.014475
0.014475
0.014475
0.014475
0.014475
0.014475
0.014475
0.014475
0.0145
0.0145
0.014475
0.014475
0.014475
0.0145
0.0145
0.014475
0.0145
0.0145
0.0145
0.0145
0.0145
0.0145
0.0145
0.0145
0.014475
0.014475
0.014475
0.014475
0.0145
0.014475
0.014475
0.014475
0.014475
0.014475
0.014475
0.014475
0.014475
0.014475
0.014475
0.014475
0.014475
0.014475
0.014475
0.014475
0.014475
0.014475
0.014475
0.014475
0.014475
0.014475
0.014475
0.014475
0.014475
0.014475
0.014475
0.0145
0.014475
0.014475
0.014475
0.014475
0.014475
0.014475
0.014475
0.014475
0.014475
0.014475
0.014475
0.014475
0.014475
0.014475
0.014475
0.014475
0.014475
0.014475
0.014475
0.014475
0.014475
0.014475
0.014475
0.014475
0.014475
0.014475
0.014475
0.014475
0.014475
0.014475
0.014475
0.014475
0.0145
0.014475
0.014475
0.014475
0.0145
0.0145
0.0145
0.0145
0.0145
0.0145
0.0145
0.0145
0.0145
0.014475
0.0145
0.014475
0.014475
0.014475
0.014475
0.014475
0.014475
0.014475
0.014475
0.014475
0.014475
0.014475
0.014475
0.014475
0.014475
0.014475
0.0145
0.0145
0.0145
0.0145
0.014475
0.0145
0.0145
0.014475
0.014475
0.01445
0.01445
0.014475
0.014475
0.0145
0.014524
0.014549
0.014549
0.0145
0.014549
0.014598
0.014574
0.014549
0.0145
0.0145
0.014475
0.014475
0.014475
0.014475
0.014475
0.014475
0.014475
0.014475
0.014475
0.014475
0.014475
0.014475
0.014475
0.014475
0.014475
0.014475
0.014475
0.014475
0.014475
0.014475
0.014475
0.014475
0.014475
0.014475
0.014475
0.014475
0.014475
0.014475
0.014475
0.014475
0.0145
0.014475
0.014475
0.0145
0.014475
0.014475
0.014475
0.014475
0.014475
0.014475
0.014475
0.014475
0.014475
0.014475
0.014475
0.014475
0.01445
0.01445
0.01445
0.01445
0.01445
0.01445
0.01445
0.01445
0.01445
0.01445
0.01445
0.01445
0.01445
0.01445
0.01445
0.01445
0.014475
0.014475
0.01445
0.014475
0.014475
0.01445
0.01445
0.01445
0.014475
0.014475
0.014475
0.01445
0.01445
0.01445
0.01445
0.01445
0.01445
0.01445
0.01445
0.01445
0.01445
0.01445
0.01445
0.01445
0.01445
0.01445
0.01445
0.01445
0.01445
0.01445
0.01445
0.01445
0.01445
0.01445
0.01445
0.01445
0.01445
0.01445
0.01445
0.01445
0.01445
0.01445
0.01445
0.01445
0.01445
0.01445
0.01445
0.01445
0.01445
0.01445
0.01445
0.01445
0.01445
0.01445
0.01445
0.01445
0.01445
0.01445
0.01445
0.01445
0.01445
0.01445
0.01445
0.01445
0.01445
0.01445
0.01445
0.01445
0.01445
0.01445
0.01445
0.01445
0.01445
0.014475
0.014475
0.014475
0.01445
0.014475
0.014475
0.014475
0.01445
0.01445
0.01445
0.014475
0.014475
0.01445
0.01445
0.01445
0.01445
0.01445
0.01445
0.01445
0.01445
0.01445
0.01445
0.014426
0.014426
0.014426
0.014426
0.014426
0.014426
0.014426
0.014426
0.014426
0.014426
0.014426
0.014426
0.014426
0.014426
0.014426
0.014426
0.014426
0.014401
0.014401
0.014377
0.014377
0.014377
0.014401
0.014426
0.01445
0.01445
0.014475
0.014426
0.014475
0.014524
0.0145
0.014475
0.014426
0.014401
0.014401
0.014401
0.014401
0.014401
0.014401
0.014401
0.014401
0.014401
0.014401
0.014401
0.014401
0.014401
0.014401
0.014401
0.014377
0.014377
0.014377
0.014377
0.014377
0.014377
0.014377
0.014377
0.014377
0.014377
0.014377
0.014352
0.014352
0.014352
0.014377
0.014352
0.014352
0.014352
0.014352
0.014352
0.014352
0.014352
0.014352
0.014352
0.014352
0.014352
0.014352
0.014327
0.014352
0.014352
0.014327
0.014327
0.014327
0.014327
0.014327
0.014327
0.014327
0.014327
0.014327
0.014327
0.014327
0.014327
0.014327
0.014327
0.014327
0.014327
0.014352
0.014352
0.014352
0.014352
0.014352
0.014352
0.014352
0.014327
0.014327
0.014327
0.014327
0.014327
0.014327
0.014327
0.014327
0.014327
0.014327
0.014327
0.014327
0.014327
0.014327
0.014327
0.014327
0.014303
0.014327
0.014327
0.014303
0.014303
0.014303
0.014303
0.014303
0.014303
0.014303
0.014303
0.014303
0.014303
0.014303
0.014278
0.014278
0.014278
0.014278
0.014278
0.014278
0.014278
0.014278
0.014278
0.014278
0.014278
0.014278
0.014278
0.014278
0.014278
0.014278
0.014278
0.014278
0.014278
0.014278
0.014278
0.014278
0.014278
0.014278
0.014278
0.014278
0.014278
0.014278
0.014278
0.014278
0.014278
0.014278
0.014278
0.014278
0.014278
0.014254
0.014278
0.014278
0.014278
