2018
8
17
10
24
21.405
-0.0058836
-0.005859
-0.005859
-0.0058836
-0.0058836
-0.0058836
-0.0058836
-0.0058836
-0.0058836
-0.0059082
-0.0059082
-0.0059082
-0.0058836
-0.0059082
-0.0059082
-0.0059082
-0.0059082
-0.0059082
-0.0059328
-0.0059328
-0.0059328
-0.0059082
-0.0059082
-0.0059328
-0.0059328
-0.0059328
-0.0059328
-0.0059082
-0.0059328
-0.0059328
-0.0059328
-0.0059328
-0.0059082
-0.0059082
-0.0059082
-0.0059082
-0.0059082
-0.0058836
-0.0058836
-0.0059082
-0.0058836
-0.0058836
-0.0058836
-0.005859
-0.005859
-0.005859
-0.0058836
-0.0058836
-0.005859
-0.005859
-0.005859
-0.005859
-0.0058836
-0.005859
-0.005859
-0.005859
-0.0058836
-0.0058836
-0.005859
-0.005859
-0.005859
-0.0058836
-0.0058836
-0.005859
-0.005859
-0.0058836
-0.0058836
-0.0059082
-0.0058836
-0.0058836
-0.0059082
-0.0059082
-0.0059082
-0.0058836
-0.0058836
-0.0058836
-0.0059082
-0.0058836
-0.0058836
-0.0058836
-0.005859
-0.005859
-0.005859
-0.0058836
-0.0058836
-0.005859
-0.0058344
-0.0058344
-0.005859
-0.005859
-0.0058344
-0.0058344
-0.0058344
-0.005859
-0.005859
-0.0058344
-0.0058344
-0.0058344
-0.0058344
-0.0058344
-0.0058344
-0.0058344
-0.0058344
-0.0058344
-0.0058344
-0.0058344
-0.0058344
-0.0058344
-0.0058344
-0.0058344
-0.0058344
-0.005859
-0.005859
-0.0058836
-0.0058836
-0.0057851
-0.005662
-0.0055882
-0.0055882
-0.005662
-0.0058097
-0.0058836
-0.0058836
-0.0058836
-0.0058836
-0.0058836
-0.0058836
-0.005859
-0.005859
-0.005859
-0.005859
-0.005859
-0.0058344
-0.0058344
-0.0058344
-0.0058344
-0.005859
-0.0058344
-0.0058344
-0.0058344
-0.0058344
-0.0058344
-0.0058344
-0.0058097
-0.0058097
-0.0058344
-0.0058344
-0.0058344
-0.0058097
-0.0058097
-0.0058344
-0.0058344
-0.0058344
-0.0058097
-0.0058097
-0.0058344
-0.0058344
-0.0058344
-0.0058097
-0.0058344
-0.0058097
-0.0058344
-0.0058344
-0.0058344
-0.0058344
-0.0058344
-0.0058344
-0.0058344
-0.0058344
-0.0058344
-0.0058344
-0.0058344
-0.0058344
-0.0058344
-0.0058097
-0.0058097
-0.0058097
-0.0058097
-0.0058097
-0.0058097
-0.0057851
-0.0057851
-0.0058097
-0.0058097
-0.0058097
-0.0057851
-0.0057851
-0.0058097
-0.0058097
-0.0058097
-0.0057851
-0.0057851
-0.0058097
-0.0058097
-0.0058097
-0.0057851
-0.0058097
-0.0058097
-0.0058097
-0.0058097
-0.0058097
-0.0058097
-0.0058097
-0.0058097
-0.0058097
-0.0058097
-0.0058097
-0.0058097
-0.0058097
-0.0058097
-0.0058097
-0.0058097
-0.0058097
-0.0058097
-0.0058097
-0.0058097
-0.0058097
-0.0058097
-0.0058097
-0.0058097
-0.0058097
-0.0058097
-0.0058097
-0.0058097
-0.0058097
-0.0058097
-0.0057851
-0.0058097
-0.0058097
-0.0058097
-0.0058097
-0.0057851
-0.0058097
-0.0058097
-0.0058097
-0.0058097
-0.0057851
-0.0058097
-0.0058097
-0.0058097
-0.0058097
-0.0058097
-0.0058097
-0.0057851
-0.0057851
-0.0058097
-0.0058097
-0.0058097
-0.0057851
-0.0057851
-0.0058097
-0.0058097
-0.0058097
-0.0057851
-0.0057851
-0.0058097
-0.0058097
-0.0058097
-0.0058097
-0.0058097
-0.0058097
-0.0058097
-0.0058097
-0.0058097
-0.0058097
-0.0058097
-0.0058097
-0.0058097
-0.0058097
-0.0058097
-0.0058097
-0.0058097
-0.0058097
-0.0058097
-0.0058097
-0.0058097
-0.0058344
-0.0058097
-0.0058097
-0.0058097
-0.0058097
-0.0058097
-0.0058344
-0.0058344
-0.0058344
-0.0058097
-0.0058344
-0.0058344
-0.0058344
-0.0058344
-0.0058097
-0.0058344
-0.0058836
-0.0058836
-0.0058836
-0.0058097
-0.0056866
-0.0056128
-0.0055882
-0.0056128
-0.0056866
-0.0057113
-0.0057359
-0.0057851
-0.005859
-0.0058836
-0.0058836
-0.0058836
-0.0058836
-0.005859
-0.0058344
-0.0058344
-0.0058344
-0.0058344
-0.0058344
-0.0058097
-0.0058097
-0.0058344
-0.0058344
-0.0058344
-0.0058344
-0.0058344
-0.0058344
-0.0058344
-0.0058344
-0.0058344
-0.0058344
-0.0058344
-0.0058344
-0.0058344
-0.0058344
-0.0058344
-0.0058344
-0.0058097
-0.0058344
-0.0058344
-0.0058344
-0.0058097
-0.0058097
-0.0058344
-0.0058344
-0.0058344
-0.0058097
-0.0058097
-0.0058097
-0.0058344
-0.0058344
-0.0058097
-0.0058097
-0.0058344
-0.005859
-0.005859
-0.0058344
-0.0058344
-0.005859
-0.005859
-0.005859
-0.0058344
-0.0058344
-0.0058344
-0.0058097
-0.0058097
-0.0058097
-0.0058097
-0.0057851
-0.0057851
-0.0057851
-0.0057851
-0.0057851
-0.0057605
-0.0057605
-0.0057605
-0.0057605
-0.0057359
-0.0057359
-0.0057359
-0.0057359
-0.0057359
-0.0057359
-0.0057113
-0.0057113
-0.0057113
-0.0057113
-0.0057113
-0.0057113
-0.0056866
-0.0056866
-0.0057113
-0.0057113
-0.0056866
-0.0056866
-0.0056866
-0.0056866
-0.0056866
-0.0056866
-0.0056866
-0.0056866
-0.0056866
-0.0056866
-0.0056866
-0.0056866
-0.005662
-0.005662
-0.005662
-0.005662
-0.005662
-0.005662
-0.005662
-0.005662
-0.005662
-0.005662
-0.005662
-0.005662
-0.005662
-0.0056866
-0.0056866
-0.005662
-0.005662
-0.0056866
-0.0056866
-0.0056866
-0.0056866
-0.0056866
-0.0056866
-0.0057113
-0.0057113
-0.0057359
-0.0057113
-0.0057359
-0.0057359
-0.0057359
-0.0057113
-0.0057113
-0.0057113
-0.0057113
-0.0057113
-0.0056866
-0.0056866
-0.0056866
-0.0056866
-0.005662
-0.005662
-0.005662
-0.0056374
-0.0056374
-0.0056374
-0.0056374
-0.0056128
-0.0056128
-0.0055882
-0.0055882
-0.0055882
-0.0055882
-0.0055882
-0.0055882
-0.0055882
-0.0055882
-0.0055882
-0.0055636
-0.0055636
-0.0055636
-0.0055882
-0.0055636
-0.0055636
-0.0055636
-0.0055636
-0.0055636
-0.0055636
-0.0055636
-0.0055389
-0.0055389
-0.0055636
-0.0055636
-0.0055389
-0.0055389
-0.0055389
-0.0055389
-0.0055389
-0.0055389
-0.0055389
-0.0055636
-0.0054651
-0.005342
-0.0053174
-0.0053174
-0.0053912
-0.0054405
-0.0054651
-0.0055143
-0.0055882
-0.0056374
-0.0056374
-0.0056374
-0.0056374
-0.0056374
-0.0056128
-0.0056128
-0.0056128
-0.0056128
-0.0055882
-0.0055636
-0.0055636
-0.0055389
-0.0055389
-0.0055389
-0.0055143
-0.0055143
-0.0055143
-0.0055143
-0.0055143
-0.0054897
-0.0054897
-0.0054897
-0.0054897
-0.0054897
-0.0054897
-0.0054651
-0.0054651
-0.0054897
-0.0054897
-0.0054897
-0.0054897
-0.0054651
-0.0054651
-0.0054897
-0.0054897
-0.0054897
-0.0055143
-0.0055143
-0.0055389
-0.0055389
-0.0055389
-0.0055389
-0.0055389
-0.0055389
-0.0055389
-0.0055389
-0.0055389
-0.0055143
-0.0055143
-0.0055143
-0.0055143
-0.0055143
-0.0054897
-0.0054897
-0.0054897
-0.0054897
-0.0054651
-0.0054651
-0.0054651
-0.0054651
-0.0054651
-0.0054405
-0.0054405
-0.0054405
-0.0054405
-0.0054405
-0.0054159
-0.0054159
-0.0054159
-0.0053912
-0.0053912
-0.0054159
-0.0054159
-0.0053912
-0.0053912
-0.0053912
-0.0054159
-0.0054159
-0.0054159
-0.0054159
-0.0054159
-0.0054405
-0.0054405
-0.0054405
-0.0054405
-0.0054405
-0.0054651
-0.0054651
-0.0054651
-0.0054405
-0.0054405
-0.0054651
-0.0054651
-0.0054405
-0.0054405
-0.0054405
-0.0054405
-0.0054405
-0.0054159
-0.0054159
-0.0054159
-0.0054159
-0.0054159
-0.0054159
-0.0053912
-0.0053912
-0.0053912
-0.0053912
-0.0053666
-0.005342
-0.0053174
-0.0052928
-0.0052928
-0.0052928
-0.0052928
-0.0052928
-0.0052681
-0.0052681
-0.0052681
-0.0052681
-0.0052681
-0.0052435
-0.0052435
-0.0052681
-0.0052681
-0.0052681
-0.0052681
-0.0052928
-0.0052928
-0.0053174
-0.0053174
-0.0053174
-0.0053174
-0.005342
-0.0053174
-0.0053174
-0.0053174
-0.0052928
-0.0052928
-0.0052928
-0.0052928
-0.0052681
-0.0052681
-0.0052681
-0.0052681
-0.0052435
-0.0052189
-0.0052189
-0.0052189
-0.0051697
-0.0051697
-0.0051697
-0.0051451
-0.0051451
-0.0051697
-0.0051697
-0.0051451
-0.0051451
-0.0051451
-0.0051451
-0.0051451
-0.0051451
-0.0051451
-0.0051451
-0.0051451
-0.0051451
-0.0051451
-0.0051451
-0.0051451
-0.0051451
-0.0051697
-0.0051451
-0.0051451
-0.0051451
-0.0051697
-0.0051943
-0.0052189
-0.0052189
-0.0052189
-0.0051697
-0.0050712
-0.0049727
-0.0049235
-0.0049481
-0.005022
-0.0050712
-0.0050712
-0.0051204
-0.0051697
-0.0051943
-0.0051943
-0.0051943
-0.0052189
-0.0051943
-0.0051943
-0.0051943
-0.0051943
-0.0051943
-0.0051943
-0.0051697
-0.0051697
-0.0051697
-0.0051697
-0.0051697
-0.0051697
-0.0051697
-0.0051697
-0.0051943
-0.0051697
-0.0051697
-0.0051697
-0.0051697
-0.0051697
-0.0051451
-0.0051451
-0.0051204
-0.0051204
-0.0051204
-0.0050958
-0.0050958
-0.0050712
-0.0050712
-0.0050712
-0.0050712
-0.0050466
-0.0050466
-0.0050466
-0.0050466
-0.0050466
-0.005022
-0.005022
-0.005022
-0.005022
-0.005022
-0.005022
-0.005022
-0.0049974
-0.0049974
-0.0049974
-0.0049974
-0.0049974
-0.0049974
-0.0049974
-0.0049974
-0.005022
-0.005022
-0.005022
-0.005022
-0.005022
-0.0050466
-0.0050466
-0.0050466
-0.0050466
-0.0050466
-0.0050466
-0.0050466
-0.0050466
-0.0050466
-0.0050466
-0.0050466
-0.0050466
-0.005022
-0.005022
-0.005022
-0.005022
-0.005022
-0.005022
-0.0049974
-0.0049974
-0.0049727
-0.0049727
-0.0049727
-0.0049481
-0.0049481
-0.0049235
-0.0049235
-0.0049235
-0.0048989
-0.0048743
-0.0048743
-0.0048743
-0.0048743
-0.0048743
-0.0048497
-0.0048497
-0.0048497
-0.0048497
-0.0048497
-0.004825
-0.004825
-0.004825
-0.0048497
-0.004825
-0.004825
-0.004825
-0.004825
-0.004825
-0.004825
-0.004825
-0.004825
-0.004825
-0.0048497
-0.0048497
-0.0048497
-0.0048497
-0.0048743
-0.0048989
-0.0048989
-0.0048743
-0.0048743
-0.0048743
-0.0048743
-0.0048743
-0.0048743
-0.0048497
-0.0048497
-0.0048497
-0.004825
-0.004825
-0.0048004
-0.0048004
-0.0048004
-0.0047758
-0.0047758
-0.0047512
-0.0047512
-0.0047512
-0.0047512
-0.0047512
-0.0047266
-0.0047266
-0.0047266
-0.0047266
-0.0047266
-0.0047266
-0.0047266
-0.0047266
-0.0047266
-0.0047019
-0.0047019
-0.0047019
-0.0047019
-0.0047019
-0.0047019
-0.0047019
-0.0046773
-0.0047019
-0.0047019
-0.0046773
-0.0046773
-0.0046773
-0.0046527
-0.0046527
-0.0046527
-0.0046773
-0.0046527
-0.0046527
-0.0046527
-0.0046527
-0.0046527
-0.0046527
-0.0046773
-0.0046773
-0.0046773
-0.0046527
-0.0045542
-0.0044312
-0.0043819
-0.0043819
-0.0044558
-0.004505
-0.004505
-0.0045542
-0.0046281
-0.0046527
-0.0046773
-0.0046527
-0.0046527
-0.0046281
-0.0046281
-0.0046281
-0.0046281
-0.0046035
-0.0046035
-0.0046281
-0.0046035
-0.0046035
-0.0046035
-0.0046035
-0.0045789
-0.0045789
-0.0046035
-0.0045789
-0.0045789
-0.0045789
-0.0045789
-0.0045789
-0.0045789
-0.0045789
-0.0045542
-0.0045789
-0.0045789
-0.0045789
-0.0045542
-0.0045542
-0.0045542
-0.0045542
-0.0045542
-0.0045542
-0.0045542
-0.0045542
-0.0045542
-0.0045542
-0.0045542
-0.0045542
-0.0045542
-0.0045542
-0.0045542
-0.0045542
-0.0045542
-0.0045542
-0.0045542
-0.0045542
-0.0045542
-0.0045296
-0.0045296
-0.0045542
-0.0045542
-0.0045296
-0.0045296
-0.0045296
-0.0045296
-0.0045296
-0.0045542
-0.0045296
-0.0045296
-0.0045296
-0.0045296
-0.0045542
-0.0045542
-0.0045296
-0.0045296
-0.0045296
-0.0045296
-0.0045296
-0.0045296
-0.0045296
-0.0045296
-0.0045296
-0.0045296
-0.0045296
-0.0045296
-0.0045296
-0.0045296
-0.0045542
-0.0045296
-0.0045296
-0.0045296
-0.0045296
-0.0045296
-0.0045296
-0.0045296
-0.0045296
-0.0045296
-0.0045296
-0.0045296
-0.0045296
-0.0045296
-0.0045296
-0.0045296
-0.0045296
-0.0045296
-0.0045296
-0.004505
-0.0045296
-0.0045296
-0.0045296
-0.0045296
-0.0045296
-0.0045296
-0.0045296
-0.0045296
-0.0045296
-0.004505
-0.004505
-0.0045296
-0.0045296
-0.004505
-0.004505
-0.004505
-0.0045296
-0.0045296
-0.004505
-0.004505
-0.004505
-0.004505
-0.004505
-0.004505
-0.004505
-0.004505
-0.004505
-0.004505
-0.004505
-0.0044804
-0.004505
-0.004505
-0.004505
-0.004505
-0.0044804
-0.0044804
-0.0044804
-0.004505
-0.004505
-0.004505
-0.0044804
-0.0044804
-0.0044804
-0.004505
-0.004505
-0.004505
-0.0044804
-0.0044804
-0.004505
-0.004505
-0.004505
-0.004505
-0.004505
-0.004505
-0.004505
-0.004505
-0.004505
-0.004505
-0.004505
-0.004505
-0.004505
-0.0044804
-0.0044804
-0.004505
-0.004505
-0.004505
-0.0044804
-0.0044804
-0.004505
-0.004505
-0.004505
-0.0044804
-0.0044804
-0.004505
-0.0045296
-0.0043327
-0.0042588
-0.0042342
-0.0043081
-0.0044065
-0.0044312
-0.0044312
-0.0044804
-0.0045296
-0.0045789
-0.0045542
-0.0045542
-0.0045296
-0.0045296
-0.0045296
-0.0045296
-0.0045296
-0.0045296
-0.0045296
-0.0045296
-0.0045296
-0.0045296
-0.004505
-0.004505
-0.0045296
-0.0045296
-0.0045296
-0.0045296
-0.0045296
-0.0045296
-0.0045296
-0.0045296
-0.0045296
-0.0045296
-0.0045296
-0.0045296
-0.0045296
-0.0045296
-0.0045296
-0.0045296
-0.0045296
-0.0045542
-0.0045542
-0.0045542
-0.0045296
-0.0045542
-0.0045542
-0.0045542
-0.0045542
-0.0045542
-0.0045542
-0.0045542
-0.0045542
-0.0045542
-0.0045296
-0.0045296
-0.0045542
-0.0045542
-0.0045296
-0.0045296
-0.0045296
-0.0045542
-0.0045542
-0.0045542
-0.0045296
-0.0045296
-0.0045542
-0.0045542
-0.0045542
-0.0045542
-0.0045542
-0.0045542
-0.0045542
-0.0045542
-0.0045542
-0.0045542
-0.0045789
-0.0045789
-0.0045789
-0.0045542
-0.0045789
-0.0045542
-0.0045542
-0.0045789
-0.0045789
-0.0045789
-0.0045542
-0.0045542
-0.0045789
-0.0045789
-0.0045789
-0.0045542
-0.0045542
-0.0045789
-0.0045789
-0.0045789
-0.0045542
-0.0045542
-0.0045789
-0.0045789
-0.0045789
-0.0045542
-0.0045542
-0.0045789
-0.0045789
-0.0045789
-0.0045789
-0.0045789
-0.0045789
-0.0045789
-0.0045789
-0.0045789
-0.0045789
-0.0045789
-0.0045789
-0.0045789
-0.0045789
-0.0045789
-0.0045789
-0.0045789
-0.0045789
-0.0045789
-0.0045789
-0.0045789
-0.0045789
-0.0045789
-0.0045789
-0.0045789
-0.0045789
-0.0045542
-0.0045789
-0.0045789
-0.0045789
-0.0045542
-0.0045542
-0.0045542
-0.0045789
-0.0045542
-0.0045542
-0.0045542
-0.0045542
-0.0045789
-0.0045542
-0.0045542
-0.0045542
-0.0045542
-0.0045542
-0.0045542
-0.0045542
-0.0045542
-0.0045542
-0.0045789
-0.0045542
-0.0045542
-0.0045542
-0.0045542
-0.0045542
-0.0045542
-0.0045542
-0.0045542
-0.0045542
-0.0045542
-0.0045542
-0.0045542
-0.0045542
-0.0045542
-0.0045542
-0.0045542
-0.0045542
-0.0045542
-0.0045542
-0.0045542
-0.0045542
-0.0045542
-0.0045542
-0.0045542
-0.0045542
-0.0045542
-0.0045542
-0.0045542
-0.0045542
-0.0045542
-0.0045542
-0.0045789
-0.0046035
-0.0046035
-0.0046035
-0.0045789
-0.004505
-0.0043819
-0.0043081
-0.0042834
-0.0043819
-0.0044804
-0.0044804
-0.0045296
-0.0045789
-0.0046281
-0.0046281
-0.0046281
-0.0046035
-0.0045789
-0.0045789
-0.0045789
-0.0045789
-0.0045789
-0.0045789
-0.0045542
-0.0045542
-0.0045542
-0.0045789
-0.0045542
-0.0045542
-0.0045542
-0.0045542
-0.0045789
-0.0045789
-0.0045542
-0.0045542
-0.0045542
-0.0045789
-0.0045789
-0.0045789
-0.0045542
-0.0045789
-0.0045789
-0.0045789
-0.0045789
-0.0045789
-0.0045789
-0.0045789
-0.0045789
-0.0045789
-0.0045789
-0.0045789
-0.0046035
-0.0046035
-0.0045789
-0.0045789
-0.0046035
-0.0046035
-0.0046035
-0.0046035
-0.0045789
-0.0045789
-0.0046035
-0.0046035
-0.0046035
-0.0046035
-0.0046035
-0.0046035
-0.0046035
-0.0046035
-0.0046035
-0.0046035
-0.0046035
-0.0046281
-0.0046281
-0.0046035
-0.0046035
-0.0046281
-0.0046281
-0.0046281
-0.0046281
-0.0046035
-0.0046281
-0.0046281
-0.0046281
-0.0046281
-0.0046281
-0.0046281
-0.0046281
-0.0046281
-0.0046281
-0.0046281
-0.0046281
-0.0046281
-0.0046281
-0.0046281
-0.0046281
-0.0046281
-0.0046281
-0.0046281
-0.0046527
-0.0046527
-0.0046281
-0.0046281
-0.0046527
-0.0046527
-0.0046527
-0.0046281
-0.0046281
-0.0046281
-0.0046527
-0.0046527
-0.0046281
-0.0046281
-0.0046281
-0.0046527
-0.0046527
-0.0046527
-0.0046281
-0.0046527
-0.0046527
-0.0046527
-0.0046527
-0.0046527
-0.0046527
-0.0046527
-0.0046527
-0.0046527
-0.0046527
-0.0046527
-0.0046527
-0.0046527
-0.0046527
-0.0046527
-0.0046527
-0.0046773
-0.0046773
-0.0046773
-0.0046527
-0.0046527
-0.0046527
-0.0046527
-0.0046773
-0.0046773
-0.0046527
-0.0046527
-0.0046527
-0.0046773
-0.0046773
-0.0046773
-0.0046773
-0.0046773
-0.0046773
-0.0046773
-0.0046773
-0.0046773
-0.0046773
-0.0047019
-0.0047019
-0.0046773
-0.0046773
-0.0046773
-0.0047019
-0.0047019
-0.0047019
-0.0046773
-0.0047019
-0.0047019
-0.0047019
-0.0047019
-0.0047019
-0.0047019
-0.0047019
-0.0047019
-0.0047019
-0.0047019
-0.0047019
-0.0047019
-0.0047019
-0.0047019
-0.0047019
-0.0047019
-0.0047019
-0.0047019
-0.0047266
-0.0047266
-0.0047019
-0.0047019
-0.0047019
-0.0047266
-0.0047266
-0.0047512
-0.0047512
-0.0047512
-0.0047512
-0.0046527
-0.0045296
-0.0044558
-0.0044558
-0.0045542
-0.0046281
-0.0046527
-0.0047019
-0.0047512
-0.0048004
-0.0048004
-0.0048004
-0.0047758
-0.0047758
-0.0047758
-0.0047758
-0.0047512
-0.0047512
-0.0047512
-0.0047512
-0.0047512
-0.0047512
-0.0047512
-0.0047512
-0.0047512
-0.0047512
-0.0047512
-0.0047758
-0.0047512
-0.0047512
-0.0047758
-0.0047758
-0.0047758
-0.0047758
-0.0047758
-0.0047758
-0.0048004
-0.0048004
-0.0048004
-0.0047758
-0.0048004
-0.0048004
-0.0048004
-0.0048004
-0.0048004
-0.0048004
-0.0048004
-0.004825
-0.0048004
-0.0048004
-0.0048004
-0.0048004
-0.0048004
-0.0048004
-0.0048004
-0.0048004
-0.0048004
-0.0048004
-0.0048004
-0.0048004
-0.0048004
-0.0048004
-0.0048004
-0.0048004
-0.004825
-0.0048004
-0.0048004
-0.0048004
-0.004825
-0.004825
-0.004825
-0.004825
-0.004825
-0.0048497
-0.0048497
-0.004825
-0.004825
-0.004825
-0.0048497
-0.0048497
-0.0048497
-0.0048497
-0.0048497
-0.0048497
-0.0048497
-0.0048497
-0.0048497
-0.0048497
-0.0048497
-0.0048743
-0.0048497
-0.0048497
-0.0048497
-0.0048743
-0.0048743
-0.0048743
-0.0048743
-0.0048743
-0.0048743
-0.0048743
-0.0048743
-0.0048743
-0.0048743
-0.0048743
-0.0048743
-0.0048743
-0.0048989
-0.0048743
-0.0048743
-0.0048743
-0.0048989
-0.0048989
-0.0048989
-0.0048743
-0.0048989
-0.0048989
-0.0048989
-0.0048989
-0.0048989
-0.0048989
-0.0048989
-0.0048989
-0.0048989
-0.0048989
-0.0048989
-0.0048989
-0.0048989
-0.0048989
-0.0048989
-0.0048989
-0.0048989
-0.0049235
-0.0048989
-0.0048989
-0.0048989
-0.0049235
-0.0049235
-0.0049235
-0.0049235
-0.0049235
-0.0049235
-0.0049235
-0.0049235
-0.0049481
-0.0049235
-0.0049235
-0.0049235
-0.0049481
-0.0049481
-0.0049235
-0.0049235
-0.0049235
-0.0049481
-0.0049481
-0.0049481
-0.0049235
-0.0049235
-0.0049481
-0.0049481
-0.0049481
-0.0049235
-0.0049235
-0.0049481
-0.0049481
-0.0049481
-0.0049481
-0.0049481
-0.0049481
-0.0049481
-0.0049481
-0.0049481
-0.0049481
-0.0049727
-0.0049727
-0.0049481
-0.0049481
-0.0049727
-0.0049727
-0.0049727
-0.0049727
-0.0049727
-0.0049727
-0.0049727
-0.0049727
-0.0049727
-0.0049727
-0.0049727
-0.0049727
-0.0049727
-0.0049727
-0.0049727
-0.0049727
-0.0049974
-0.005022
-0.005022
-0.005022
-0.0049727
-0.0048497
-0.0047512
-0.0047266
-0.0047758
-0.0048497
-0.0048989
-0.0049235
-0.0049974
-0.0050466
-0.0050712
-0.0050712
-0.0050712
-0.0050712
-0.0050712
-0.0050712
-0.0050712
-0.0050466
-0.0050712
-0.0050712
-0.0050712
-0.0050466
-0.0050466
-0.0050466
-0.0050466
-0.0050466
-0.005022
-0.005022
-0.005022
-0.005022
-0.0050466
-0.005022
-0.005022
-0.005022
-0.005022
-0.0050466
-0.005022
-0.005022
-0.005022
-0.005022
-0.0050466
-0.0050466
-0.005022
-0.005022
-0.0050466
-0.0050466
-0.0050466
-0.0050466
-0.0050466
-0.0050466
-0.0050466
-0.0050466
-0.0050466
-0.0050466
-0.0050466
-0.0050466
-0.0050466
-0.0050466
-0.0050466
-0.0050466
-0.0050466
-0.0050466
-0.0050466
-0.0050466
-0.0050466
-0.0050466
-0.0050712
-0.0050712
-0.0050712
-0.0050712
-0.0050712
-0.0050712
-0.0050958
-0.0050958
-0.0050712
-0.0050712
-0.0050958
-0.0050958
-0.0050958
-0.0050958
-0.0050958
-0.0050958
-0.0050958
-0.0050958
-0.0050958
-0.0050958
-0.0050958
-0.0050958
-0.0050958
-0.0050958
-0.0050958
-0.0050958
-0.0050958
-0.0050958
-0.0050958
-0.0050958
-0.0050958
-0.0050958
-0.0050958
-0.0050958
-0.0050958
-0.0050958
-0.0051204
-0.0051204
-0.0050958
-0.0050958
-0.0050958
-0.0051204
-0.0051204
-0.0051204
-0.0051204
-0.0051204
-0.0051204
-0.0051204
-0.0051204
-0.0051204
-0.0051204
-0.0051204
-0.0051204
-0.0051451
-0.0051451
-0.0051451
-0.0051451
-0.0051451
-0.0051451
-0.0051451
-0.0051451
-0.0051451
-0.0051451
-0.0051697
-0.0051697
-0.0051451
-0.0051451
-0.0051451
-0.0051697
-0.0051697
-0.0051451
-0.0051451
-0.0051697
-0.0051697
-0.0051697
-0.0051697
-0.0051451
-0.0051697
-0.0051697
-0.0051697
-0.0051697
-0.0051697
-0.0051697
-0.0051697
-0.0051697
-0.0051943
-0.0051697
-0.0051697
-0.0051697
-0.0051697
-0.0051697
-0.0051697
-0.0051697
-0.0051697
-0.0051697
-0.0051697
-0.0051697
-0.0051697
-0.0051451
-0.0051697
-0.0051697
-0.0051697
-0.0051697
-0.0051697
-0.0051697
-0.0051697
-0.0051697
-0.0051697
-0.0051697
-0.0051943
-0.0051943
-0.0051943
-0.0051943
-0.0051943
-0.0052189
-0.0052189
-0.0052189
-0.0052189
-0.0052435
-0.0052435
-0.0052681
-0.0052681
-0.0052928
-0.0052928
-0.0052928
-0.0053174
-0.0053174
-0.0053174
-0.0053174
-0.0052435
-0.0051204
-0.0050466
-0.005022
-0.0050712
-0.0051451
-0.0051697
-0.0051943
-0.0052435
-0.0052928
-0.0053174
-0.0052928
-0.0052928
-0.0052928
-0.0052928
-0.0052681
-0.0052681
-0.0052681
-0.0052681
-0.0052681
-0.0052435
-0.0052435
-0.0052435
-0.0052435
-0.0052435
-0.0052189
-0.0052189
-0.0052189
-0.0052435
-0.0052435
-0.0052189
-0.0052435
-0.0052435
-0.0052435
-0.0052435
-0.0052435
-0.0052435
-0.0052435
-0.0052435
-0.0052435
-0.0052435
-0.0052435
-0.0052435
-0.0052435
-0.0052435
-0.0052681
-0.0052435
-0.0052435
-0.0052681
-0.0052681
-0.0052681
-0.0052681
-0.0052681
-0.0052928
-0.0053174
-0.005342
-0.005342
-0.0053666
-0.0053666
-0.0053666
-0.0053666
-0.0053666
-0.0053666
-0.0053666
-0.0053666
-0.0053666
-0.0053666
-0.0053666
-0.0053666
-0.0053666
-0.0053666
-0.005342
-0.005342
-0.005342
-0.0053174
-0.0053174
-0.005342
-0.0053174
-0.0053174
-0.0053174
-0.0053174
-0.0053174
-0.0053174
-0.0053174
-0.0053174
-0.005342
-0.005342
-0.0053666
-0.0053666
-0.0053666
-0.0053912
-0.0054159
-0.0054405
-0.0054159
-0.0054159
-0.0054159
-0.0054405
-0.0054159
-0.0054159
-0.0054159
-0.0054159
-0.0054159
-0.0054159
-0.0053912
-0.0053912
-0.0053912
-0.0053912
-0.0053912
-0.0053666
-0.005342
-0.005342
-0.005342
-0.005342
-0.005342
-0.0053174
-0.0053174
-0.0053174
-0.0053174
-0.0053174
-0.0053174
-0.0053174
-0.0053174
-0.0053174
-0.0053174
-0.0053174
-0.0052928
-0.0053174
-0.0053174
-0.0053174
-0.0053174
-0.0053174
-0.005342
-0.005342
-0.0053666
-0.0053666
-0.0053912
-0.0053912
-0.0054405
-0.0054651
-0.0054651
-0.0054651
-0.0054897
-0.0054897
-0.0055143
-0.0055143
-0.0054897
-0.0055143
-0.0055143
-0.0055143
-0.0055143
-0.0055143
-0.0055389
-0.0055143
-0.0055143
-0.0055143
-0.0055143
-0.0055143
-0.0054897
-0.0054897
-0.0054897
-0.0054897
-0.0054651
-0.0054405
-0.0054405
-0.0054159
-0.0054159
-0.0054159
-0.0053912
-0.0053912
-0.0053912
-0.0053912
-0.0053666
-0.0053666
-0.0053666
-0.0053666
-0.0053666
-0.0053666
-0.005342
-0.005342
-0.005342
-0.005342
-0.005342
-0.0053174
-0.005342
-0.005342
-0.005342
-0.005342
-0.0053174
-0.0053174
-0.0053174
-0.005342
-0.005342
-0.0052681
-0.0051451
-0.0050712
-0.0050466
-0.0051204
-0.0051943
-0.0052189
-0.0052435
-0.0052928
-0.0053666
-0.0053666
-0.0053666
-0.0053666
-0.005342
-0.005342
-0.005342
-0.005342
-0.0053174
-0.0053174
-0.005342
-0.005342
-0.0053174
-0.0053174
-0.0053174
-0.0053174
-0.0053174
-0.0053174
-0.0053174
-0.0053174
-0.0053174
-0.0053174
-0.0053174
-0.0053174
-0.0052928
-0.0053174
-0.0053174
-0.0053174
-0.0052928
-0.0052928
-0.0052928
-0.0052928
-0.0053174
-0.0053174
-0.0053174
-0.0053174
-0.0053174
-0.0053174
-0.005342
-0.005342
-0.0053174
-0.005342
-0.005342
-0.0053666
-0.0053666
-0.0053666
-0.0053666
-0.0053912
-0.0053912
-0.0053912
-0.0053912
-0.0053666
-0.0053666
-0.0053666
-0.0053666
-0.005342
-0.005342
-0.005342
-0.005342
-0.005342
-0.005342
-0.005342
-0.005342
-0.005342
-0.005342
-0.0053174
-0.0053174
-0.0053174
-0.005342
-0.005342
-0.0053174
-0.0053174
-0.0053174
-0.0053174
-0.0053174
-0.005342
-0.005342
-0.005342
-0.005342
-0.005342
-0.005342
-0.005342
-0.005342
-0.005342
-0.0053666
-0.0053666
-0.0053666
-0.0053666
-0.0053912
-0.0053912
-0.0054159
-0.0054159
-0.0054159
-0.0054159
-0.0054405
-0.0054651
-0.0054651
-0.0054651
-0.0054651
-0.0054897
-0.0054897
-0.0054897
-0.0054897
-0.0055143
-0.0055143
-0.0055389
-0.0055389
-0.0055389
-0.0055389
-0.0055636
-0.0055389
-0.0055636
-0.0055636
-0.0055636
-0.0055389
-0.0055389
-0.0055389
-0.0055143
-0.0055143
-0.0054897
-0.0054897
-0.0054651
-0.0054651
-0.0054651
-0.0054405
-0.0054405
-0.0054405
-0.0054405
-0.0054159
-0.0054159
-0.0054159
-0.0054159
-0.0054159
-0.0054159
-0.0053912
-0.0053912
-0.0053912
-0.0053912
-0.0053912
-0.0053912
-0.0053912
-0.0053912
-0.0053912
-0.0053912
-0.0053912
-0.0053912
-0.0053912
-0.0054159
-0.0054159
-0.0053912
-0.0054159
-0.0054159
-0.0054159
-0.0054159
-0.0054159
-0.0054159
-0.0054159
-0.0054159
-0.0054405
-0.0054405
-0.0054405
-0.0054405
-0.0054405
-0.0054405
-0.0054405
-0.0054405
-0.0054405
-0.0054405
-0.0054405
-0.0054405
-0.0054405
-0.0054405
-0.0054159
-0.0054405
-0.0054405
-0.0054405
-0.0054405
-0.0054159
-0.0054405
-0.0054405
-0.0054651
-0.0054651
-0.0054651
-0.0054651
-0.0054159
-0.0053174
-0.0051943
-0.0051697
-0.0052189
-0.0052928
-0.0054651
-0.0054897
-0.0054897
-0.0054897
-0.0054651
-0.0054651
-0.0054651
-0.0054651
-0.0054651
-0.0054651
-0.0054651
-0.0054651
-0.0054651
-0.0054651
-0.0054651
-0.0054651
-0.0054651
-0.0054651
-0.0054651
-0.0054405
-0.0054651
-0.0054651
-0.0054651
-0.0054651
-0.0054651
-0.0054897
-0.0054897
-0.0055143
-0.0055143
-0.0055389
-0.0055636
-0.0056128
-0.0056128
-0.0056128
-0.0055882
-0.0055882
-0.0055882
-0.0055882
-0.0055882
-0.0055882
-0.0055389
-0.0055389
-0.0055389
-0.0055143
-0.0055143
-0.0054897
-0.0054897
-0.0054897
-0.0054651
-0.0054405
-0.0054405
-0.0054159
-0.0054159
-0.0054159
-0.0054159
-0.0053912
-0.0054159
-0.0054159
-0.0054159
-0.0054159
-0.0053912
-0.0054159
-0.0054159
-0.0054159
-0.0054159
-0.0054159
-0.0054159
-0.0054405
-0.0054405
-0.0054405
-0.0054159
-0.0054405
-0.0054405
-0.0054405
-0.0054405
-0.0054405
-0.0054405
-0.0054651
-0.0054651
-0.0054651
-0.0054651
-0.0054651
-0.0054651
-0.0054651
-0.0054651
-0.0054651
-0.0054651
-0.0054651
-0.0054651
-0.0054651
-0.0054897
-0.0054651
-0.0054651
-0.0054651
-0.0054651
-0.0054651
-0.0054651
-0.0054651
-0.0054651
-0.0054651
-0.0054651
-0.0054651
-0.0054651
-0.0054651
-0.0054651
-0.0054897
-0.0054897
-0.0054897
-0.0054897
-0.0055143
-0.0055389
-0.0055389
-0.0055389
-0.0055636
-0.0055636
-0.0055882
-0.0055882
-0.0055882
-0.0055882
-0.0056128
-0.0055882
-0.0055636
-0.0055389
-0.0055143
-0.0055143
-0.0055143
-0.0054897
-0.0054897
-0.0054651
-0.0054651
-0.0054651
-0.0054651
-0.0054651
-0.0054405
-0.0054405
-0.0054651
-0.0054405
-0.0054405
-0.0054405
-0.0054405
-0.0054405
-0.0054405
-0.0054405
-0.0054405
-0.0054405
-0.0054405
-0.0054405
-0.0054405
-0.0054405
-0.0054405
-0.0054651
-0.0054651
-0.0054651
-0.0054405
-0.0054651
-0.0054651
-0.0054651
-0.0054651
-0.0054405
-0.0054405
-0.0054651
-0.0054651
-0.0054651
-0.0054651
-0.0054651
-0.0054405
-0.0054651
-0.0054651
-0.0054651
-0.0054405
-0.0054405
-0.0054405
-0.0054405
-0.0054405
-0.0054405
-0.0054405
-0.0054405
-0.0054897
-0.0054897
-0.0054897
-0.0054405
-0.005342
-0.0052435
-0.0051943
-0.0051697
-0.0052435
-0.0053174
-0.0053174
-0.0053666
-0.0054405
-0.0054897
-0.0054897
-0.0054897
-0.0054897
-0.0054897
-0.0054897
-0.0054897
-0.0054897
-0.0054897
-0.0054897
-0.0055143
-0.0055143
-0.0054897
-0.0054897
-0.0054897
-0.0055143
-0.0055143
-0.0055143
-0.0055143
-0.0055143
-0.0055143
-0.0055143
-0.0055143
-0.0055143
-0.0055143
-0.0055143
-0.0055143
-0.0055143
-0.0055143
-0.0055143
-0.0055143
-0.0055143
-0.0055143
-0.0055143
-0.0055143
-0.0055389
-0.0055389
-0.0055143
-0.0055143
-0.0055389
-0.0055389
-0.0055389
-0.0055389
-0.0055389
-0.0055636
-0.0055636
-0.0055636
-0.0055636
-0.0055636
-0.0055882
-0.005662
-0.0056866
-0.0057113
-0.0057359
-0.0057605
-0.0057851
-0.0058097
-0.0058344
-0.005859
-0.005859
-0.005859
-0.005859
-0.005859
-0.0058344
-0.0058344
-0.0058344
-0.0058344
-0.0058344
-0.0058344
-0.0058097
-0.0058097
-0.0058097
-0.0058097
-0.0058097
-0.0057851
-0.0057851
-0.0057851
-0.0057605
-0.0057113
-0.0056866
-0.005662
-0.005662
-0.0056374
-0.0056374
-0.0056128
-0.0056128
-0.0056128
-0.0056128
-0.0055882
-0.0055882
-0.0055882
-0.0055636
-0.0055636
-0.0055882
-0.0055882
-0.0055882
-0.0055882
-0.0055882
-0.0056128
-0.0056128
-0.0056128
-0.0055882
-0.0056128
-0.0056128
-0.0056128
-0.0056128
-0.0055882
-0.0055882
-0.0055882
-0.0055882
-0.0055882
-0.0055636
-0.0055636
-0.0055636
-0.0055636
-0.0055636
-0.0055636
-0.0055636
-0.0055636
-0.0055882
-0.0055882
-0.0055882
-0.0055882
-0.0056128
-0.0056128
-0.0056374
-0.0056374
-0.005662
-0.0056866
-0.0057113
