2018
8
17
10
28
2.4749
0.022131
0.022131
0.022131
0.022131
0.022156
0.022131
0.022131
0.022131
0.022156
0.022156
0.022131
0.022131
0.022131
0.022156
0.022156
0.022156
0.022131
0.022156
0.022156
0.022156
0.022156
0.022156
0.022156
0.022156
0.022156
0.022156
0.022156
0.022156
0.022156
0.02218
0.022156
0.022156
0.022156
0.02218
0.02218
0.022156
0.022156
0.022156
0.02218
0.02218
0.02218
0.022156
0.022156
0.022156
0.022156
0.022156
0.022156
0.022156
0.022156
0.022156
0.022156
0.022156
0.022131
0.022131
0.022156
0.022156
0.022131
0.022131
0.022131
0.022156
0.022156
0.022156
0.022131
0.022131
0.022156
0.022156
0.022131
0.022131
0.022131
0.022156
0.022156
0.022131
0.022107
0.022107
0.022131
0.022131
0.022131
0.022107
0.022107
0.022131
0.022107
0.022131
0.022131
0.022131
0.022107
0.022107
0.022131
0.022131
0.022107
0.022107
0.022107
0.022107
0.022131
0.022107
0.022082
0.022082
0.022107
0.022131
0.022156
0.022205
0.02223
0.022254
0.02223
0.02223
0.022205
0.02218
0.022156
0.022131
0.022107
0.022107
0.022082
0.022107
0.022107
0.022107
0.022107
0.022107
0.022107
0.022107
0.022107
0.022082
0.022107
0.022107
0.022107
0.022107
0.022107
0.022107
0.022107
0.022107
0.022107
0.022107
0.022107
0.022082
0.022082
0.022107
0.022107
0.022082
0.022082
0.022082
0.022107
0.022107
0.022107
0.022082
0.022107
0.022107
0.022107
0.022107
0.022107
0.022107
0.022107
0.022107
0.022107
0.022107
0.022107
0.022107
0.022107
0.022107
0.022107
0.022107
0.022131
0.022131
0.022107
0.022107
0.022082
0.022082
0.022082
0.022082
0.022082
0.022082
0.022057
0.022057
0.022057
0.022057
0.022057
0.022057
0.022057
0.022057
0.022057
0.022057
0.022057
0.022057
0.022057
0.022057
0.022057
0.022057
0.022057
0.022057
0.022057
0.022057
0.022033
0.022033
0.022033
0.022057
0.022033
0.022033
0.022033
0.022033
0.022033
0.022033
0.022033
0.022033
0.022008
0.022008
0.022033
0.022033
0.022008
0.022008
0.022008
0.022008
0.022008
0.022008
0.021983
0.021983
0.022008
0.022008
0.022008
0.021983
0.021983
0.022008
0.022008
0.021983
0.021983
0.021983
0.021983
0.022008
0.021983
0.021983
0.021983
0.021983
0.021983
0.021983
0.021983
0.021983
0.021983
0.021983
0.021983
0.021983
0.021983
0.021983
0.021983
0.021983
0.021983
0.021959
0.021959
0.021959
0.021983
0.021983
0.021959
0.021959
0.021959
0.021959
0.021959
0.021959
0.021934
0.021934
0.021959
0.021959
0.021959
0.021934
0.021959
0.021959
0.021959
0.021959
0.021934
0.021959
0.021959
0.021959
0.021934
0.021934
0.021934
0.021959
0.021959
0.021959
0.021934
0.021934
0.021934
0.021934
0.021934
0.021934
0.021934
0.021934
0.02191
0.021934
0.021934
0.021934
0.02191
0.02191
0.021934
0.02191
0.02191
0.021885
0.021885
0.02191
0.021934
0.021983
0.022008
0.022033
0.022033
0.022033
0.022008
0.022008
0.021959
0.021934
0.02191
0.02191
0.021885
0.021885
0.02191
0.02191
0.02191
0.021885
0.021885
0.02191
0.02191
0.02191
0.021885
0.021885
0.02191
0.02191
0.021885
0.021885
0.021885
0.021885
0.021885
0.021885
0.021885
0.021885
0.021885
0.021885
0.021885
0.021885
0.021885
0.02186
0.02186
0.021885
0.021885
0.021885
0.02186
0.02186
0.021885
0.021885
0.021885
0.021885
0.021885
0.021885
0.021885
0.021885
0.021885
0.021885
0.021885
0.021885
0.021885
0.021885
0.021885
0.021885
0.021885
0.021885
0.02186
0.02186
0.02186
0.02186
0.02186
0.02186
0.021836
0.021836
0.021836
0.021836
0.021836
0.021836
0.021811
0.021811
0.021811
0.021836
0.021811
0.021811
0.021811
0.021811
0.021836
0.021811
0.021811
0.021811
0.021811
0.021811
0.021811
0.021811
0.021811
0.021811
0.021811
0.021811
0.021787
0.021787
0.021811
0.021811
0.021811
0.021787
0.021787
0.021811
0.021811
0.021811
0.021787
0.021787
0.021787
0.021787
0.021787
0.021787
0.021787
0.021787
0.021762
0.021787
0.021787
0.021787
0.021787
0.021762
0.021787
0.021787
0.021787
0.021762
0.021762
0.021787
0.021787
0.021762
0.021762
0.021762
0.021762
0.021787
0.021762
0.021762
0.021762
0.021762
0.021762
0.021762
0.021762
0.021762
0.021762
0.021787
0.021762
0.021762
0.021762
0.021762
0.021762
0.021762
0.021737
0.021737
0.021737
0.021737
0.021737
0.021737
0.021737
0.021737
0.021737
0.021737
0.021737
0.021713
0.021713
0.021737
0.021737
0.021737
0.021737
0.021737
0.021737
0.021737
0.021737
0.021713
0.021713
0.021737
0.021737
0.021713
0.021713
0.021713
0.021713
0.021713
0.021713
0.021713
0.021688
0.021713
0.021713
0.021713
0.021688
0.021688
0.021688
0.021713
0.021688
0.021713
0.021688
0.021688
0.021688
0.021688
0.021663
0.021663
0.021663
0.021663
0.021713
0.021762
0.021811
0.021811
0.021787
0.021787
0.021787
0.021762
0.021713
0.021688
0.021688
0.021688
0.021663
0.021663
0.021663
0.021688
0.021688
0.021663
0.021663
0.021663
0.021663
0.021663
0.021663
0.021663
0.021663
0.021663
0.021663
0.021663
0.021663
0.021663
0.021663
0.021663
0.021663
0.021663
0.021663
0.021639
0.021639
0.021639
0.021663
0.021639
0.021639
0.021639
0.021639
0.021663
0.021639
0.021639
0.021639
0.021639
0.021639
0.021639
0.021639
0.021639
0.021639
0.021639
0.021639
0.021639
0.021639
0.021639
0.021639
0.021639
0.021614
0.021614
0.021639
0.021639
0.021639
0.021614
0.021614
0.021614
0.021614
0.021614
0.021614
0.02159
0.02159
0.02159
0.02159
0.02159
0.02159
0.021565
0.021565
0.02159
0.02159
0.02159
0.021565
0.021565
0.021565
0.02159
0.021565
0.021565
0.021565
0.021565
0.021565
0.021565
0.02154
0.02154
0.021565
0.021565
0.021565
0.02154
0.02154
0.02154
0.02154
0.02154
0.02154
0.02154
0.02154
0.02154
0.02154
0.02154
0.02154
0.02154
0.02154
0.02154
0.02154
0.021516
0.021516
0.02154
0.02154
0.02154
0.021516
0.021516
0.021516
0.02154
0.021516
0.021516
0.021516
0.021516
0.021516
0.021516
0.021516
0.021516
0.021516
0.021516
0.021516
0.021491
0.021491
0.021491
0.021516
0.021491
0.021491
0.021491
0.021491
0.021491
0.021491
0.021491
0.021491
0.021491
0.021491
0.021491
0.021466
0.021466
0.021466
0.021466
0.021466
0.021491
0.021466
0.021466
0.021466
0.021466
0.021491
0.021466
0.021466
0.021466
0.021466
0.021491
0.021466
0.021466
0.021466
0.021466
0.021466
0.021466
0.021466
0.021442
0.021466
0.021466
0.021466
0.021466
0.021466
0.021466
0.021466
0.021466
0.021466
0.021466
0.021466
0.021466
0.021466
0.021442
0.021442
0.021442
0.021466
0.021466
0.021442
0.021442
0.021417
0.021417
0.021417
0.021442
0.021442
0.021466
0.021516
0.021565
0.021565
0.02154
0.02154
0.021516
0.021516
0.021466
0.021442
0.021417
0.021417
0.021417
0.021417
0.021417
0.021393
0.021393
0.021417
0.021417
0.021417
0.021417
0.021417
0.021417
0.021417
0.021417
0.021417
0.021417
0.021417
0.021417
0.021417
0.021417
0.021417
0.021417
0.021417
0.021417
0.021417
0.021417
0.021417
0.021393
0.021417
0.021417
0.021417
0.021417
0.021393
0.021417
0.021417
0.021417
0.021393
0.021393
0.021417
0.021417
0.021417
0.021417
0.021417
0.021417
0.021442
0.021442
0.021417
0.021417
0.021417
0.021442
0.021417
0.021417
0.021417
0.021417
0.021417
0.021417
0.021393
0.021393
0.021393
0.021393
0.021393
0.021368
0.021368
0.021343
0.021343
0.021368
0.021368
0.021368
0.021343
0.021343
0.021368
0.021368
0.021368
0.021343
0.021343
0.021343
0.021368
0.021368
0.021343
0.021343
0.021343
0.021368
0.021368
0.021343
0.021343
0.021343
0.021368
0.021368
0.021343
0.021343
0.021368
0.021368
0.021368
0.021343
0.021343
0.021343
0.021343
0.021343
0.021343
0.021319
0.021343
0.021343
0.021319
0.021343
0.021319
0.021319
0.021319
0.021319
0.021319
0.021319
0.021319
0.021294
0.021319
0.021319
0.021319
0.021319
0.021294
0.021319
0.021319
0.021319
0.021294
0.021294
0.021294
0.021319
0.021294
0.021294
0.021294
0.021294
0.021294
0.021294
0.02127
0.02127
0.02127
0.021294
0.021294
0.02127
0.02127
0.02127
0.021294
0.02127
0.02127
0.02127
0.02127
0.02127
0.02127
0.021294
0.02127
0.02127
0.02127
0.02127
0.02127
0.02127
0.02127
0.02127
0.02127
0.02127
0.02127
0.02127
0.02127
0.02127
0.02127
0.02127
0.02127
0.021245
0.02127
0.02127
0.02127
0.02127
0.02127
0.02127
0.02127
0.02127
0.02127
0.021245
0.02127
0.02127
0.02127
0.02127
0.021245
0.02127
0.02127
0.02127
0.021245
0.021245
0.02127
0.021294
0.021343
0.021393
0.021368
0.021343
0.021343
0.021343
0.021294
0.02127
0.021245
0.021245
0.02122
0.021245
0.021245
0.02122
0.02122
0.021245
0.021245
0.021245
0.021245
0.02122
0.021245
0.021245
0.021245
0.021245
0.021245
0.021245
0.02127
0.02127
0.021245
0.021245
0.021245
0.02127
0.021245
0.021245
0.021245
0.021245
0.021245
0.021245
0.021245
0.02127
0.021245
0.021245
0.021245
0.021245
0.021245
0.021245
0.021245
0.021245
0.02127
0.021245
0.021245
0.021245
0.021245
0.02127
0.02127
0.021245
0.021245
0.021245
0.02127
0.021245
0.021245
0.021245
0.021245
0.021245
0.021245
0.021245
0.02122
0.02122
0.021245
0.02122
0.02122
0.02122
0.02122
0.02122
0.02122
0.02122
0.02122
0.021196
0.021196
0.021196
0.02122
0.02122
0.021196
0.021196
0.021196
0.02122
0.02122
0.021196
0.021196
0.02122
0.02122
0.02122
0.021196
0.021196
0.021196
0.02122
0.02122
0.021196
0.021196
0.021196
0.021196
0.021196
0.021196
0.021171
0.021196
0.021196
0.021196
0.021196
0.021196
0.021196
0.021196
0.021196
0.021196
0.021196
0.021196
0.021196
0.021196
0.021196
0.021196
0.021196
0.021196
0.021196
0.021196
0.021196
0.021196
0.021196
0.021196
0.021196
0.021196
0.021196
0.021171
0.021171
0.021196
0.021196
0.021171
0.021171
0.021171
0.021196
0.021196
0.021171
0.021171
0.021196
0.021196
0.021196
0.021196
0.021171
0.021196
0.021196
0.021196
0.021171
0.021171
0.021171
0.021196
0.021196
0.021171
0.021171
0.021196
0.021196
0.021196
0.021196
0.021196
0.021171
0.021196
0.021196
0.021196
0.021196
0.021196
0.021196
0.021196
0.021196
0.021196
0.021196
0.021196
0.021196
0.02122
0.021196
0.021196
0.021196
0.021196
0.021196
0.021196
0.021196
0.021196
0.021196
0.021196
0.021196
0.021196
0.021196
0.021196
0.021171
0.021171
0.021171
0.021196
0.02122
0.02127
0.021319
0.021319
0.02127
0.02122
0.021196
0.021196
0.021196
0.021171
0.021171
0.021171
0.021196
0.021196
0.021196
0.021171
0.021196
0.021196
0.021196
0.021196
0.021196
0.021196
0.021196
0.021196
0.021196
0.021196
0.021196
0.021196
0.021196
0.021196
0.021196
0.021196
0.02122
0.02122
0.021196
0.021196
0.021196
0.02122
0.02122
0.02122
0.021196
0.02122
0.02122
0.02122
0.02122
0.02122
0.02122
0.02122
0.02122
0.021245
0.021245
0.02122
0.02122
0.02122
0.021245
0.021245
0.021245
0.02122
0.02122
0.021245
0.021245
0.02122
0.02122
0.02122
0.02122
0.02122
0.02122
0.021196
0.02122
0.02122
0.02122
0.021196
0.021196
0.021196
0.02122
0.02122
0.021196
0.021196
0.021196
0.021196
0.021196
0.021196
0.021196
0.021196
0.021196
0.021196
0.021196
0.021196
0.021196
0.021196
0.021196
0.021196
0.021196
0.021196
0.021196
0.021196
0.021196
0.021196
0.021196
0.021196
0.021196
0.021196
0.021196
0.021196
0.021196
0.021196
0.021196
0.02122
0.021196
0.021196
0.021196
0.021196
0.021196
0.021196
0.021196
0.021196
0.021196
0.021196
0.021196
0.021196
0.021196
0.021196
0.021196
0.021196
0.021196
0.021196
0.021171
0.021196
0.021196
0.021196
0.021196
0.021196
0.021196
0.021196
0.021196
0.021196
0.021196
0.021196
0.021196
0.021196
0.021196
0.021196
0.021196
0.021196
0.021196
0.021196
0.021196
0.021196
0.021196
0.021196
0.021196
0.021196
0.021196
0.021196
0.021196
0.021196
0.021196
0.021196
0.021196
0.021196
0.021196
0.021196
0.021196
0.021196
0.021196
0.021196
0.021196
0.021196
0.021171
0.021196
0.021196
0.021196
0.021171
0.021171
0.021171
0.021196
0.021196
0.021171
0.021171
0.021171
0.021171
0.021196
0.021171
0.021171
0.021171
0.021171
0.021146
0.021146
0.021146
0.021171
0.02122
0.02127
0.021294
0.021294
0.02127
0.021294
0.021294
0.021245
0.021196
0.021171
0.021171
0.021171
0.021146
0.021171
0.021171
0.021146
0.021146
0.021171
0.021171
0.021171
0.021146
0.021171
0.021171
0.021171
0.021171
0.021171
0.021171
0.021171
0.021171
0.021171
0.021171
0.021171
0.021196
0.021171
0.021171
0.021171
0.021171
0.021171
0.021171
0.021171
0.021171
0.021171
0.021196
0.021196
0.021171
0.021171
0.021171
0.021196
0.021196
0.021196
0.021171
0.021171
0.021196
0.021196
0.021196
0.021196
0.021196
0.021196
0.021196
0.021196
0.021196
0.021196
0.021171
0.021171
0.021171
0.021171
0.021171
0.021146
0.021171
0.021171
0.021171
0.021146
0.021146
0.021146
0.021146
0.021146
0.021146
0.021146
0.021146
0.021146
0.021146
0.021146
0.021146
0.021146
0.021146
0.021146
0.021146
0.021146
0.021146
0.021146
0.021146
0.021146
0.021122
0.021146
0.021122
0.021122
0.021146
0.021146
0.021122
0.021122
0.021122
0.021122
0.021146
0.021122
0.021122
0.021122
0.021122
0.021122
0.021122
0.021122
0.021122
0.021122
0.021122
0.021122
0.021122
0.021122
0.021122
0.021122
0.021122
0.021122
0.021122
0.021122
0.021122
0.021122
0.021097
0.021097
0.021122
0.021122
0.021097
0.021097
0.021097
0.021097
0.021097
0.021097
0.021097
0.021073
0.021073
0.021097
0.021097
0.021097
0.021073
0.021073
0.021097
0.021097
0.021097
0.021073
0.021073
0.021097
0.021097
0.021097
0.021097
0.021097
0.021097
0.021097
0.021097
0.021073
0.021073
0.021097
0.021097
0.021073
0.021073
0.021073
0.021097
0.021097
0.021073
0.021073
0.021073
0.021073
0.021073
0.021073
0.021048
0.021048
0.021073
0.021073
0.021073
0.021073
0.021073
0.021073
0.021073
0.021073
0.021048
0.021023
0.021048
0.021073
0.021097
0.021122
0.021171
0.021196
0.021196
0.021196
0.021171
0.021171
0.021146
0.021122
0.021097
0.021073
0.021073
0.021048
0.021073
0.021073
0.021073
0.021073
0.021073
0.021073
0.021073
0.021073
0.021048
0.021073
0.021073
0.021073
0.021073
0.021073
0.021073
0.021073
0.021073
0.021097
0.021097
0.021073
0.021073
0.021073
0.021097
0.021097
0.021073
0.021073
0.021073
0.021097
0.021097
0.021097
0.021073
0.021073
0.021097
0.021097
0.021097
0.021073
0.021073
0.021097
0.021097
0.021097
0.021073
0.021073
0.021097
0.021097
0.021097
0.021097
0.021097
0.021097
0.021097
0.021097
0.021097
0.021073
0.021097
0.021097
0.021097
0.021097
0.021073
0.021073
0.021073
0.021073
0.021073
0.021073
0.021073
0.021048
0.021073
0.021073
0.021073
0.021048
0.021048
0.021073
0.021073
0.021073
0.021048
0.021048
0.021073
0.021073
0.021073
0.021073
0.021073
0.021073
0.021073
0.021073
0.021048
0.021073
0.021073
0.021073
0.021073
0.021048
0.021048
0.021073
0.021073
0.021073
0.021048
0.021048
0.021073
0.021048
0.021073
0.021073
0.021048
0.021048
0.021048
0.021048
0.021048
0.021048
0.021023
0.021023
0.021048
0.021048
0.021048
0.021048
0.021048
0.021048
0.021048
0.021048
0.021048
0.021048
0.021048
0.021048
0.021048
0.021048
0.021048
0.021048
0.021048
0.021048
0.021048
0.021023
0.021048
0.021048
0.021048
0.021048
0.021048
0.021048
0.021048
0.021048
0.021048
0.021048
0.021048
0.021048
0.021048
0.021048
0.021048
0.021048
0.021048
0.021048
0.021073
0.021048
0.021048
0.021048
0.021048
0.021073
0.021048
0.021048
0.021048
0.021048
0.021073
0.021048
0.021048
0.021048
0.021073
0.021073
0.021073
0.021048
0.021048
0.021048
0.021073
0.021048
0.021048
0.021048
0.021048
0.021048
0.021023
0.021023
0.021023
0.021048
0.021073
0.021171
0.021171
0.021171
0.021146
0.021097
0.021073
0.021073
0.021048
0.021048
0.021048
0.021048
0.021048
0.021048
0.021048
0.021048
0.021048
0.021073
0.021048
0.021048
0.021048
0.021048
0.021073
0.021048
0.021048
0.021048
0.021048
0.021073
0.021073
0.021073
0.021073
0.021073
0.021073
0.021073
0.021073
0.021073
0.021073
0.021097
0.021097
0.021073
0.021073
0.021097
0.021097
0.021097
0.021097
0.021097
0.021097
0.021097
0.021097
0.021097
0.021097
0.021097
0.021097
0.021097
0.021122
0.021097
0.021097
0.021122
0.021122
0.021122
0.021097
0.021097
0.021097
0.021122
0.021122
0.021097
0.021097
0.021097
0.021122
0.021097
0.021097
0.021097
0.021097
0.021097
0.021097
0.021097
0.021073
0.021097
0.021097
0.021097
0.021097
0.021097
0.021097
0.021097
0.021097
0.021097
0.021097
0.021097
0.021097
0.021097
0.021122
0.021122
0.021097
0.021097
0.021097
0.021097
0.021097
0.021097
0.021097
0.021097
0.021097
0.021097
0.021097
0.021097
0.021097
0.021097
0.021097
0.021097
0.021097
0.021097
0.021122
0.021097
0.021097
0.021097
0.021122
0.021122
0.021097
0.021097
0.021097
0.021097
0.021097
0.021122
0.021122
0.021122
0.021097
0.021097
0.021097
0.021122
0.021122
0.021097
0.021097
0.021122
0.021122
0.021122
0.021097
0.021097
0.021122
0.021122
0.021122
0.021122
0.021122
0.021122
0.021122
0.021122
0.021122
0.021122
0.021122
0.021122
0.021122
0.021122
0.021122
0.021122
0.021146
0.021122
0.021122
0.021097
0.021122
0.021122
0.021122
0.021122
0.021122
0.021122
0.021122
0.021122
0.021122
0.021122
0.021122
0.021122
0.021122
0.021122
0.021122
0.021122
0.021122
0.021122
0.021122
0.021097
0.021097
0.021097
0.021122
0.021122
0.021146
0.021196
0.021245
0.021245
0.02122
0.02122
0.02122
0.021196
0.021171
0.021146
0.021122
0.021097
0.021122
0.021122
0.021122
0.021122
0.021122
0.021122
0.021122
0.021122
0.021122
0.021122
0.021122
0.021122
0.021122
0.021146
0.021146
0.021122
0.021122
0.021122
0.021122
0.021122
0.021122
0.021122
0.021122
0.021146
0.021122
0.021122
0.021122
0.021122
0.021146
0.021146
0.021122
0.021122
0.021146
0.021146
0.021146
0.021146
0.021122
0.021146
0.021146
0.021146
0.021146
0.021146
0.021146
0.021171
0.021146
0.021146
0.021146
0.021146
0.021171
0.021146
0.021146
0.021146
0.021146
0.021146
0.021146
0.021146
0.021146
0.021122
0.021122
0.021122
0.021146
0.021122
0.021122
0.021122
0.021122
0.021146
0.021122
0.021122
0.021122
0.021122
0.021122
0.021122
0.021122
0.021122
0.021122
0.021146
0.021146
0.021122
0.021122
0.021122
0.021146
0.021146
0.021122
0.021122
0.021122
0.021146
0.021146
0.021122
0.021122
0.021146
0.021146
0.021146
0.021146
0.021146
0.021146
0.021146
0.021146
0.021146
0.021146
0.021146
0.021122
0.021146
0.021146
0.021146
0.021146
0.021146
0.021146
0.021146
0.021146
0.021146
0.021122
0.021146
0.021146
0.021146
0.021146
0.021122
0.021146
0.021146
0.021146
0.021122
0.021122
0.021146
0.021146
0.021146
0.021122
0.021122
0.021146
0.021146
0.021146
0.021146
0.021146
0.021146
0.021146
0.021146
0.021146
0.021146
0.021146
0.021146
0.021146
0.021146
0.021146
0.021146
0.021122
0.021146
0.021146
0.021146
0.021122
0.021146
0.021146
0.021146
0.021146
0.021146
0.021146
0.021146
0.021146
0.021146
0.021146
0.021146
0.021146
0.021146
0.021146
0.021146
0.021146
0.021146
0.021146
0.021146
0.021146
0.021146
0.021146
0.021146
0.02122
0.021245
0.02127
0.021245
0.02122
0.021245
0.02122
0.021196
0.021146
0.021122
0.021146
0.021122
0.021122
0.021122
0.021122
0.021146
0.021146
0.021146
0.021122
0.021122
0.021146
0.021146
0.021146
0.021122
0.021146
0.021146
0.021146
0.021146
0.021122
0.021146
0.021146
0.021146
0.021146
0.021146
0.021146
0.021146
0.021146
0.021146
0.021146
0.021146
0.021146
0.021146
0.021146
0.021146
0.021146
0.021146
0.021146
0.021146
0.021146
0.021146
0.021146
0.021146
0.021146
0.021171
0.021146
0.021146
0.021146
0.021171
0.021171
0.021146
0.021146
0.021171
0.021171
0.021171
0.021171
0.021146
0.021146
0.021146
0.021146
0.021146
0.021122
0.021122
0.021122
0.021122
0.021122
0.021122
0.021122
0.021122
0.021122
0.021122
0.021122
0.021122
0.021122
0.021146
0.021146
0.021122
0.021122
0.021146
0.021146
0.021146
0.021122
0.021122
0.021122
0.021122
0.021122
0.021122
0.021122
0.021122
0.021122
0.021122
0.021122
0.021122
0.021122
0.021122
0.021122
0.021122
0.021122
0.021122
0.021146
0.021146
0.021122
0.021122
0.021122
0.021122
0.021122
0.021122
0.021122
0.021122
0.021146
0.021122
0.021146
0.021146
0.021122
0.021122
0.021122
0.021146
0.021146
0.021122
0.021122
0.021122
0.021146
0.021146
0.021122
0.021122
0.021122
0.021146
0.021146
0.021122
0.021122
0.021146
0.021146
0.021146
0.021146
0.021146
0.021146
0.021146
0.021146
0.021146
0.021146
0.021146
0.021146
0.021146
0.021146
0.021146
0.021146
0.021146
0.021146
0.021146
0.021146
0.021146
0.021146
0.021146
0.021146
0.021146
0.021146
0.021146
0.021146
0.021146
0.021146
0.021146
0.021146
0.021146
0.021146
0.021146
0.021146
0.021146
0.021146
0.021146
0.021146
0.021146
0.021122
0.021122
0.021122
0.021146
0.021171
0.02122
0.02127
0.021294
0.02127
0.021245
0.021245
0.02122
0.021196
0.021171
0.021146
0.021146
0.021146
0.021146
0.021146
0.021146
0.021146
0.021146
0.021146
0.021146
0.021146
0.021146
0.021146
0.021146
0.021146
0.021146
0.021146
0.021146
0.021146
0.021146
0.021146
0.021146
0.021146
0.021146
0.021146
0.021146
0.021146
0.021146
0.021122
0.021146
0.021146
0.021146
0.021146
0.021122
0.021146
0.021146
0.021146
0.021146
0.021146
0.021146
0.021146
0.021146
0.021146
0.021146
0.021146
0.021146
0.021146
0.021146
0.021146
0.021146
0.021146
0.021146
0.021146
0.021146
0.021122
0.021122
0.021122
0.021122
0.021122
0.021122
0.021097
0.021097
0.021097
0.021097
0.021097
0.021097
0.021097
0.021122
0.021122
0.021097
0.021097
0.021097
0.021097
0.021097
0.021097
0.021097
0.021097
0.021097
0.021097
0.021097
0.021097
0.021097
0.021097
0.021122
0.021097
0.021097
0.021097
0.021097
0.021097
0.021097
0.021097
0.021097
0.021097
0.021097
0.021097
0.021097
0.021097
0.021097
0.021097
0.021097
0.021097
0.021097
0.021097
0.021097
0.021097
0.021097
0.021097
0.021073
0.021097
0.021097
0.021097
0.021073
0.021073
0.021073
0.021097
0.021097
0.021097
0.021073
0.021097
0.021097
0.021097
0.021097
0.021097
0.021073
0.021097
0.021073
0.021097
0.021097
0.021097
0.021073
0.021097
0.021097
0.021097
0.021097
0.021097
0.021097
0.021097
0.021097
0.021097
0.021097
0.021097
0.021097
0.021097
0.021097
0.021097
0.021097
0.021097
0.021097
0.021097
0.021073
0.021073
0.021097
0.021097
0.021097
0.021097
0.021097
0.021097
0.021097
0.021097
0.021097
0.021097
0.021097
0.021097
0.021097
0.021073
0.021097
0.021097
0.021097
0.021097
0.021097
0.021073
0.021073
0.021073
0.021097
0.021122
0.021146
0.021196
0.02122
0.02122
0.021196
0.021196
0.021196
0.021171
0.021146
0.021122
0.021097
0.021097
0.021097
0.021097
0.021097
0.021097
0.021097
0.021097
0.021097
0.021097
0.021097
0.021097
0.021122
0.021122
0.021097
0.021097
0.021122
0.021122
0.021122
0.021122
0.021122
0.021122
0.021122
0.021122
0.021122
0.021122
0.021122
0.021122
0.021122
0.021122
0.021122
0.021122
0.021122
0.021146
0.021146
0.021122
0.021122
0.021146
0.021146
0.021146
0.021146
0.021146
0.021146
0.021146
0.021146
0.021146
0.021146
0.021146
0.021146
0.021146
0.021146
0.021146
0.021146
0.021146
0.021146
0.021122
0.021122
0.021122
0.021122
0.021122
0.021122
0.021097
0.021097
0.021122
0.021122
0.021122
0.021097
0.021097
0.021122
0.021122
0.021097
0.021097
0.021097
0.021122
0.021122
0.021122
0.021097
0.021097
0.021122
0.021122
0.021122
0.021097
0.021097
0.021122
0.021122
0.021122
0.021097
0.021097
0.021122
0.021122
0.021122
0.021097
0.021097
0.021122
0.021122
0.021122
0.021097
0.021122
0.021122
0.021122
0.021122
0.021122
0.021122
0.021122
0.021097
0.021122
0.021122
0.021122
0.021097
0.021097
0.021122
0.021122
0.021122
0.021097
0.021097
0.021122
0.021122
0.021122
0.021122
0.021097
0.021122
0.021122
0.021097
0.021097
0.021097
0.021122
0.021122
0.021122
0.021097
0.021097
0.021122
0.021122
0.021122
0.021097
0.021097
0.021097
0.021122
0.021122
0.021097
0.021097
