2018
8
17
10
28
31.393
0.034218
0.034243
0.034243
0.034243
0.034218
0.034218
0.034218
0.034218
0.034218
0.034218
0.034218
0.034218
0.034218
0.034218
0.034218
0.034218
0.034243
0.034218
0.034218
0.034218
0.034218
0.034218
0.034218
0.034218
0.034218
0.034218
0.034218
0.034218
0.034218
0.034218
0.034218
0.034218
0.034218
0.034218
0.034218
0.034218
0.034218
0.034218
0.034218
0.034218
0.034194
0.034194
0.034194
0.034194
0.034194
0.034194
0.034194
0.034194
0.034194
0.034194
0.034194
0.034194
0.034194
0.034194
0.034194
0.034194
0.034194
0.034194
0.034194
0.034169
0.034169
0.034169
0.034194
0.034194
0.034169
0.034169
0.034169
0.034169
0.034169
0.034169
0.034169
0.034169
0.034169
0.034169
0.034169
0.034169
0.034169
0.034169
0.034169
0.034169
0.034169
0.034169
0.034169
0.034169
0.034169
0.034169
0.034169
0.034169
0.034169
0.034169
0.034169
0.034144
0.034144
0.034144
0.034144
0.034144
0.034144
0.034144
0.034144
0.034144
0.034144
0.03412
0.03412
0.03412
0.03412
0.03412
0.03412
0.03412
0.03412
0.034144
0.03412
0.03412
0.03412
0.03412
0.03412
0.03412
0.03412
0.03412
0.03412
0.03412
0.034095
0.034095
0.03412
0.034144
0.034169
0.034169
0.03412
0.03412
0.034169
0.034169
0.034144
0.03412
0.034095
0.034095
0.034095
0.034095
0.034095
0.034095
0.034095
0.034095
0.034095
0.034095
0.034095
0.034095
0.034095
0.034095
0.034095
0.034071
0.034071
0.034071
0.034071
0.034071
0.034071
0.034071
0.034071
0.034071
0.034071
0.034071
0.034071
0.034071
0.034071
0.034046
0.034046
0.034046
0.034046
0.034046
0.034046
0.034046
0.034046
0.034046
0.034046
0.034046
0.034046
0.034046
0.034046
0.034046
0.034046
0.034046
0.034046
0.034021
0.034021
0.034021
0.034021
0.034021
0.034021
0.034021
0.034021
0.033997
0.033997
0.033997
0.033997
0.033997
0.033972
0.033972
0.033972
0.033972
0.033972
0.033948
0.033948
0.033948
0.033948
0.033948
0.033948
0.033948
0.033948
0.033923
0.033923
0.033923
0.033923
0.033923
0.033923
0.033923
0.033923
0.033923
0.033923
0.033923
0.033923
0.033898
0.033898
0.033898
0.033898
0.033898
0.033898
0.033874
0.033898
0.033898
0.033898
0.033898
0.033898
0.033874
0.033898
0.033874
0.033874
0.033874
0.033874
0.033874
0.033874
0.033874
0.033874
0.033849
0.033849
0.033849
0.033849
0.033849
0.033849
0.033849
0.033849
0.033849
0.033849
0.033824
0.033824
0.033824
0.033824
0.033824
0.033824
0.033824
0.033824
0.033824
0.033824
0.033824
0.0338
0.0338
0.0338
0.0338
0.0338
0.0338
0.0338
0.0338
0.0338
0.0338
0.0338
0.0338
0.0338
0.0338
0.0338
0.0338
0.033775
0.033775
0.033775
0.033775
0.033775
0.033751
0.033751
0.033751
0.033751
0.033751
0.033751
0.033751
0.033751
0.033726
0.033726
0.033726
0.033726
0.033726
0.033726
0.033726
0.033726
0.033726
0.033726
0.033726
0.033726
0.033726
0.033726
0.033726
0.033726
0.033701
0.033701
0.033701
0.033701
0.033701
0.033701
0.033677
0.033677
0.033677
0.033677
0.033701
0.033726
0.033701
0.033652
0.033677
0.033628
0.033603
0.033603
0.033603
0.033603
0.033603
0.033603
0.033603
0.033603
0.033578
0.033578
0.033578
0.033578
0.033578
0.033578
0.033578
0.033578
0.033578
0.033578
0.033578
0.033554
0.033578
0.033578
0.033578
0.033554
0.033554
0.033554
0.033554
0.033554
0.033554
0.033554
0.033554
0.033554
0.033554
0.033554
0.033554
0.033554
0.033554
0.033529
0.033529
0.033529
0.033529
0.033529
0.033529
0.033529
0.033529
0.033529
0.033529
0.033529
0.033529
0.033529
0.033529
0.033529
0.033529
0.033529
0.033504
0.033504
0.033504
0.033504
0.033504
0.03348
0.03348
0.03348
0.03348
0.03348
0.03348
0.03348
0.03348
0.03348
0.03348
0.03348
0.03348
0.03348
0.033455
0.033455
0.033455
0.033455
0.033455
0.033455
0.033455
0.033455
0.033455
0.033455
0.033431
0.033455
0.033455
0.033455
0.033431
0.033431
0.033431
0.033431
0.033431
0.033431
0.033431
0.033431
0.033431
0.033431
0.033431
0.033431
0.033431
0.033431
0.033431
0.033431
0.033431
0.033406
0.033406
0.033406
0.033406
0.033406
0.033406
0.033406
0.033406
0.033406
0.033406
0.033406
0.033406
0.033406
0.033406
0.033406
0.033406
0.033381
0.033381
0.033381
0.033381
0.033381
0.033381
0.033381
0.033381
0.033381
0.033357
0.033357
0.033381
0.033381
0.033357
0.033357
0.033357
0.033357
0.033357
0.033357
0.033357
0.033357
0.033357
0.033357
0.033357
0.033357
0.033357
0.033332
0.033332
0.033332
0.033332
0.033332
0.033357
0.033332
0.033332
0.033332
0.033332
0.033332
0.033332
0.033332
0.033332
0.033332
0.033332
0.033332
0.033332
0.033307
0.033332
0.033332
0.033332
0.033332
0.033332
0.033332
0.033332
0.033307
0.033307
0.033307
0.033307
0.033307
0.033307
0.033332
0.033332
0.033307
0.033307
0.033307
0.033307
0.033307
0.033307
0.033357
0.033381
0.033381
0.033332
0.033332
0.033357
0.033381
0.033357
0.033332
0.033307
0.033307
0.033307
0.033307
0.033307
0.033307
0.033307
0.033307
0.033307
0.033307
0.033307
0.033307
0.033307
0.033283
0.033307
0.033307
0.033283
0.033283
0.033283
0.033283
0.033283
0.033307
0.033307
0.033307
0.033307
0.033307
0.033307
0.033283
0.033307
0.033307
0.033307
0.033307
0.033307
0.033307
0.033307
0.033307
0.033307
0.033307
0.033307
0.033307
0.033307
0.033307
0.033307
0.033307
0.033307
0.033307
0.033307
0.033307
0.033283
0.033283
0.033283
0.033283
0.033283
0.033283
0.033283
0.033283
0.033283
0.033283
0.033258
0.033258
0.033258
0.033258
0.033258
0.033258
0.033258
0.033258
0.033258
0.033258
0.033258
0.033258
0.033258
0.033258
0.033258
0.033258
0.033258
0.033258
0.033258
0.033258
0.033258
0.033258
0.033258
0.033258
0.033258
0.033258
0.033258
0.033258
0.033258
0.033258
0.033258
0.033258
0.033258
0.033258
0.033234
0.033234
0.033234
0.033234
0.033234
0.033234
0.033234
0.033234
0.033234
0.033234
0.033234
0.033234
0.033234
0.033234
0.033234
0.033234
0.033234
0.033234
0.033234
0.033234
0.033234
0.033234
0.033234
0.033234
0.033209
0.033234
0.033234
0.033234
0.033209
0.033209
0.033209
0.033209
0.033209
0.033234
0.033234
0.033209
0.033209
0.033234
0.033234
0.033209
0.033209
0.033209
0.033209
0.033209
0.033209
0.033209
0.033209
0.033209
0.033209
0.033209
0.033209
0.033209
0.033209
0.033209
0.033209
0.033209
0.033209
0.033209
0.033209
0.033209
0.033209
0.033209
0.033209
0.033209
0.033209
0.033209
0.033209
0.033209
0.033209
0.033209
0.033184
0.033184
0.033184
0.033184
0.033184
0.033184
0.033184
0.033184
0.033184
0.033184
0.033184
0.033184
0.033184
0.033184
0.033184
0.033184
0.033184
0.033184
0.033184
0.033184
0.033184
0.033184
0.033184
0.03316
0.03316
0.03316
0.033184
0.033209
0.033234
0.033209
0.033184
0.033209
0.033234
0.033234
0.033184
0.03316
0.03316
0.03316
0.03316
0.03316
0.03316
0.03316
0.03316
0.03316
0.03316
0.03316
0.03316
0.03316
0.03316
0.03316
0.03316
0.03316
0.03316
0.03316
0.03316
0.033135
0.033135
0.033135
0.033135
0.03316
0.03316
0.03316
0.03316
0.03316
0.03316
0.03316
0.03316
0.03316
0.03316
0.03316
0.03316
0.03316
0.03316
0.03316
0.03316
0.03316
0.03316
0.03316
0.03316
0.03316
0.03316
0.03316
0.03316
0.03316
0.03316
0.03316
0.033135
0.033135
0.033135
0.033135
0.033135
0.033135
0.033135
0.033135
0.033135
0.033135
0.033135
0.033135
0.033135
0.033135
0.033135
0.033135
0.033135
0.033135
0.033111
0.033111
0.033111
0.033111
0.033135
0.033135
0.033111
0.033111
0.033111
0.033111
0.033111
0.033111
0.033111
0.033111
0.033111
0.033111
0.033111
0.033111
0.033111
0.033111
0.033111
0.033111
0.033111
0.033111
0.033111
0.033111
0.033086
0.033111
0.033111
0.033111
0.033111
0.033111
0.033086
0.033086
0.033086
0.033086
0.033086
0.033086
0.033086
0.033086
0.033086
0.033086
0.033086
0.033086
0.033061
0.033061
0.033061
0.033061
0.033061
0.033061
0.033061
0.033061
0.033061
0.033061
0.033061
0.033061
0.033061
0.033061
0.033061
0.033037
0.033037
0.033037
0.033037
0.033037
0.033037
0.033037
0.033037
0.033037
0.033037
0.033037
0.033037
0.033037
0.033037
0.033037
0.033037
0.033037
0.033037
0.033037
0.033037
0.033037
0.033037
0.033012
0.033012
0.033012
0.033012
0.033012
0.033012
0.033012
0.032987
0.032987
0.032987
0.032987
0.032987
0.032987
0.032987
0.032987
0.032987
0.032987
0.032963
0.032963
0.032938
0.032938
0.032938
0.032938
0.032938
0.032938
0.032938
0.032938
0.032938
0.032938
0.032938
0.032938
0.032938
0.032938
0.032938
0.032938
0.032938
0.032938
0.032938
0.032938
0.032938
0.032914
0.032914
0.032914
0.032938
0.032963
0.032987
0.032987
0.032938
0.032938
0.032987
0.032987
0.032963
0.032938
0.032914
0.032914
0.032914
0.032914
0.032914
0.032914
0.032914
0.032914
0.032914
0.032914
0.032914
0.032914
0.032914
0.032914
0.032914
0.032914
0.032889
0.032889
0.032889
0.032889
0.032914
0.032889
0.032889
0.032889
0.032889
0.032889
0.032889
0.032889
0.032889
0.032889
0.032889
0.032889
0.032889
0.032889
0.032889
0.032889
0.032889
0.032889
0.032889
0.032889
0.032914
0.032914
0.032889
0.032889
0.032889
0.032889
0.032889
0.032889
0.032889
0.032889
0.032889
0.032864
0.032864
0.032864
0.032864
0.032864
0.032864
0.032864
0.032864
0.032864
0.032864
0.032864
0.032864
0.03284
0.03284
0.03284
0.03284
0.03284
0.03284
0.03284
0.03284
0.03284
0.03284
0.03284
0.03284
0.03284
0.03284
0.03284
0.03284
0.03284
0.03284
0.03284
0.03284
0.03284
0.03284
0.03284
0.03284
0.03284
0.03284
0.03284
0.03284
0.03284
0.03284
0.03284
0.03284
0.032815
0.032815
0.032815
0.032815
0.032815
0.032815
0.032815
0.032815
0.032815
0.032815
0.032815
0.032815
0.032815
0.032815
0.032815
0.032815
0.032815
0.032815
0.032815
0.03284
0.032815
0.032815
0.032815
0.032815
0.032815
0.032815
0.032815
0.032815
0.032815
0.032815
0.032815
0.032815
0.032815
0.032815
0.032815
0.032815
0.032815
0.032815
0.032815
0.032815
0.032815
0.032815
0.032815
0.032815
0.032815
0.032815
0.032815
0.032815
0.032815
0.032815
0.032815
0.032815
0.032815
0.032815
0.032815
0.032815
0.032815
0.032815
0.032815
0.032815
0.032815
0.032815
0.032815
0.032815
0.032791
0.032791
0.032791
0.032791
0.032791
0.032791
0.032791
0.032791
0.032791
0.032791
0.032791
0.032791
0.032791
0.032791
0.032791
0.032766
0.032791
0.032791
0.032791
0.032791
0.032791
0.032791
0.032791
0.032791
0.032791
0.032766
0.032766
0.032766
0.032766
0.032766
0.032766
0.032766
0.032766
0.032791
0.032815
0.03284
0.032791
0.032791
0.032815
0.03284
0.03284
0.032815
0.032791
0.032766
0.032766
0.032766
0.032766
0.032766
0.032766
0.032766
0.032766
0.032766
0.032766
0.032766
0.032766
0.032766
0.032766
0.032766
0.032766
0.032766
0.032766
0.032766
0.032766
0.032766
0.032766
0.032766
0.032766
0.032766
0.032766
0.032766
0.032766
0.032766
0.032766
0.032766
0.032766
0.032766
0.032766
0.032766
0.032766
0.032791
0.032766
0.032766
0.032766
0.032791
0.032791
0.032791
0.032791
0.032791
0.032791
0.032791
0.032791
0.032791
0.032791
0.032766
0.032766
0.032766
0.032766
0.032766
0.032766
0.032766
0.032766
0.032766
0.032766
0.032766
0.032766
0.032766
0.032766
0.032766
0.032766
0.032741
0.032741
0.032741
0.032741
0.032741
0.032741
0.032741
0.032741
0.032741
0.032741
0.032741
0.032741
0.032741
0.032741
0.032741
0.032741
0.032741
0.032741
0.032741
0.032741
0.032741
0.032741
0.032717
0.032717
0.032717
0.032717
0.032717
0.032717
0.032717
0.032717
0.032717
0.032717
0.032717
0.032717
0.032717
0.032717
0.032717
0.032717
0.032717
0.032717
0.032717
0.032717
0.032717
0.032692
0.032692
0.032692
0.032692
0.032692
0.032692
0.032692
0.032692
0.032692
0.032692
0.032692
0.032692
0.032692
0.032692
0.032692
0.032692
0.032692
0.032692
0.032692
0.032667
0.032667
0.032667
0.032667
0.032692
0.032667
0.032667
0.032667
0.032667
0.032667
0.032667
0.032667
0.032667
0.032667
0.032667
0.032667
0.032667
0.032667
0.032667
0.032667
0.032667
0.032643
0.032643
0.032643
0.032643
0.032643
0.032643
0.032643
0.032643
0.032643
0.032643
0.032643
0.032618
0.032618
0.032618
0.032618
0.032618
0.032618
0.032618
0.032594
0.032618
0.032618
0.032618
0.032594
0.032594
0.032594
0.032594
0.032594
0.032594
0.032594
0.032594
0.032594
0.032594
0.032594
0.032594
0.032594
0.032594
0.032594
0.032569
0.032569
0.032569
0.032569
0.032569
0.032618
0.032618
0.032618
0.032569
0.032594
0.032643
0.032643
0.032594
0.032569
0.032569
0.032544
0.032544
0.032544
0.032544
0.032569
0.032544
0.032544
0.032544
0.032544
0.032544
0.032544
0.032544
0.032544
0.032544
0.032544
0.03252
0.03252
0.03252
0.03252
0.03252
0.03252
0.03252
0.03252
0.03252
0.03252
0.03252
0.03252
0.03252
0.03252
0.03252
0.03252
0.03252
0.03252
0.03252
0.03252
0.03252
0.03252
0.03252
0.03252
0.032495
0.032495
0.032495
0.032495
0.032495
0.032471
0.032471
0.032471
0.032471
0.032471
0.032446
0.032446
0.032446
0.032446
0.032421
0.032421
0.032397
0.032372
0.032372
0.032347
0.032323
0.032323
0.032323
0.032298
0.032298
0.032298
0.032274
0.032274
0.032274
0.032249
0.032249
0.032249
0.032224
0.032224
0.032224
0.032224
0.0322
0.0322
0.0322
0.032175
0.032175
0.032175
0.03215
0.032126
0.032126
0.032101
0.032101
0.032101
0.032101
0.032101
0.032101
0.032077
0.032077
0.032077
0.032077
0.032052
0.032052
0.032052
0.032052
0.032027
0.032027
0.032027
0.032027
0.032027
0.032003
0.032003
0.032003
0.032003
0.031978
0.031978
0.031978
0.031978
0.031954
0.031954
0.031954
0.031954
0.031954
0.031954
0.031954
0.031954
0.031929
0.031929
0.031929
0.031904
0.031904
0.031904
0.03188
0.03188
0.03188
0.03188
0.031855
0.03188
0.031855
0.031855
0.031855
0.031855
0.031855
0.031855
0.031855
0.03183
0.03183
0.03183
0.03183
0.03183
0.03183
0.031806
0.031806
0.031806
0.031806
0.031806
0.031806
0.031806
0.031806
0.031781
0.031781
0.031781
0.031781
0.031781
0.031781
0.031757
0.031757
0.031757
0.031757
0.031732
0.031732
0.031732
0.031732
0.031732
0.031732
0.031707
0.031707
0.031707
0.031707
0.031707
0.031707
0.031707
0.031707
0.031707
0.031707
0.031707
0.031707
0.031707
0.031707
0.031707
0.031683
0.031683
0.031683
0.031683
0.031707
0.031732
0.031757
0.031707
0.031683
0.031732
0.031757
0.031732
0.031707
0.031683
0.031683
0.031683
0.031683
0.031658
0.031683
0.031683
0.031658
0.031658
0.031658
0.031658
0.031658
0.031658
0.031658
0.031658
0.031658
0.031658
0.031658
0.031658
0.031658
0.031658
0.031658
0.031658
0.031658
0.031658
0.031658
0.031658
0.031658
0.031658
0.031658
0.031658
0.031658
0.031658
0.031658
0.031658
0.031658
0.031658
0.031658
0.031658
0.031658
0.031658
0.031658
0.031658
0.031658
0.031658
0.031658
0.031683
0.031683
0.031658
0.031658
0.031683
0.031683
0.031658
0.031658
0.031658
0.031658
0.031658
0.031658
0.031634
0.031634
0.031634
0.031634
0.031634
0.031634
0.031634
0.031634
0.031634
0.031634
0.031634
0.031634
0.031634
0.031634
0.031634
0.031634
0.031634
0.031634
0.031634
0.031634
0.031634
0.031634
0.031634
0.031634
0.031634
0.031609
0.031609
0.031609
0.031609
0.031609
0.031609
0.031609
0.031609
0.031609
0.031609
0.031609
0.031609
0.031609
0.031609
0.031609
0.031609
0.031609
0.031609
0.031609
0.031609
0.031609
0.031609
0.031609
0.031609
0.031609
0.031609
0.031609
0.031609
0.031609
0.031609
0.031609
0.031609
0.031609
0.031584
0.031609
0.031609
0.031584
0.031584
0.031584
0.031584
0.031584
0.031584
0.031584
0.031584
0.031584
0.031584
0.03156
0.031584
0.031584
0.031584
0.031584
0.031584
0.031584
0.03156
0.03156
0.03156
0.03156
0.03156
0.03156
0.03156
0.03156
0.03156
0.03156
0.03156
0.03156
0.03156
0.03156
0.03156
0.03156
0.03156
0.03156
0.03156
0.03156
0.03156
0.03156
0.03156
0.03156
0.03156
0.03156
0.03156
0.03156
0.03156
0.03156
0.031535
0.031535
0.031535
0.031535
0.031535
0.031535
0.031535
0.031535
0.031535
0.031535
0.031535
0.031535
0.031535
0.031535
0.031535
0.03156
0.03156
0.03156
0.03156
0.031535
0.031535
0.031535
0.031535
0.03156
0.031584
0.031584
0.031584
0.03156
0.03156
0.031609
0.031584
0.03156
0.031535
0.031535
0.031535
0.03151
0.031535
0.031535
0.031535
0.031535
0.031535
0.031535
0.031535
0.031535
0.031535
0.031535
0.031535
0.031535
0.031535
0.031535
0.031535
0.031535
0.03151
0.03151
0.031535
0.031535
0.031535
0.031535
0.031535
0.031535
0.031535
0.031535
0.031535
0.031535
0.031535
0.031535
0.031535
0.031535
0.031535
0.031535
0.031535
0.031535
0.031535
0.031535
0.031535
0.031535
0.031535
0.031535
0.031535
0.031535
0.031535
0.031535
0.031535
0.031535
0.031535
0.031535
0.03151
0.03151
0.03151
0.03151
0.03151
0.03151
0.03151
0.03151
0.03151
0.03151
0.03151
0.03151
0.03151
0.03151
0.03151
0.031486
0.031486
0.031486
0.031486
0.031486
0.03151
0.031486
0.031486
0.031486
0.03151
0.03151
0.03151
0.03151
0.03151
0.03151
0.03151
0.03151
0.03151
0.03151
0.031486
0.031486
0.031486
0.03151
0.031486
0.031486
0.031486
0.031486
0.031486
0.031486
0.031486
0.031486
0.031486
0.031486
0.031486
0.031486
0.031486
0.031486
0.031486
0.031486
0.031486
0.031486
0.031486
0.031486
0.031486
0.031486
0.031486
0.031486
0.031486
0.031486
0.031486
0.031486
0.031486
0.031486
0.031486
0.031486
0.031486
0.031486
0.031486
0.031486
0.031486
0.031486
0.031486
0.031486
0.031486
0.031486
0.031486
0.031461
0.031461
0.031461
0.031461
0.031461
0.031486
0.031486
0.031486
0.031461
0.031461
0.031486
0.031486
0.031486
0.031486
0.031486
0.031486
0.031486
0.031461
0.031486
0.031461
0.031461
0.031486
0.031486
0.031461
0.031461
0.031461
0.031461
0.031461
0.031461
0.031461
0.031461
0.031461
0.031461
0.031461
0.031461
0.031461
0.031461
0.031461
0.031461
0.031461
0.031461
0.031461
0.031461
0.031461
0.031461
0.031461
0.031461
0.031461
0.031461
0.031461
0.031437
0.031437
0.031437
0.031437
0.031461
0.031486
0.03151
0.03151
0.031461
0.031461
0.03151
0.03151
0.031486
0.031461
0.031437
0.031437
0.031437
0.031437
0.031437
0.031437
0.031461
0.031461
0.031461
0.031437
0.031437
0.031437
0.031437
0.031437
0.031437
0.031437
0.031437
0.031437
0.031437
0.031437
0.031437
0.031437
0.031437
0.031437
0.031437
0.031437
0.031437
0.031437
0.031437
0.031437
0.031437
0.031437
0.031437
0.031437
0.031437
0.031437
0.031437
0.031437
0.031437
0.031437
0.031437
0.031437
0.031437
0.031437
0.031437
0.031437
0.031437
0.031437
0.031437
0.031437
0.031437
0.031437
0.031412
0.031412
0.031412
0.031412
0.031412
0.031412
0.031412
0.031412
0.031412
0.031412
0.031412
0.031412
0.031412
0.031412
0.031412
0.031387
0.031387
0.031387
0.031387
0.031387
0.031387
0.031387
0.031387
0.031387
0.031387
0.031387
0.031387
0.031387
0.031387
0.031387
0.031387
0.031387
0.031387
0.031387
0.031387
0.031387
0.031387
0.031387
0.031387
0.031387
0.031387
0.031387
0.031387
0.031387
0.031387
0.031363
0.031387
0.031363
0.031363
0.031363
0.031363
0.031363
0.031363
0.031363
0.031363
0.031363
0.031363
0.031363
0.031363
0.031363
0.031363
0.031363
0.031338
0.031338
0.031338
0.031338
0.031338
0.031363
0.031338
0.031338
0.031338
0.031338
0.031338
0.031338
0.031338
0.031338
0.031338
0.031338
0.031338
0.031338
0.031338
0.031338
0.031338
0.031313
0.031338
0.031338
0.031338
0.031313
0.031338
0.031338
0.031338
0.031313
0.031313
0.031313
0.031313
0.031313
0.031313
0.031313
0.031313
0.031313
0.031313
0.031313
0.031313
0.031313
0.031313
0.031313
0.031313
0.031313
0.031313
0.031313
0.031313
0.031313
0.031313
0.031313
0.031313
0.031313
0.031313
0.031313
0.031289
0.031289
0.031289
0.031289
0.031313
0.031313
0.031313
0.031289
0.031289
0.031313
0.031313
0.031289
0.031289
0.031289
0.031289
0.031289
0.031313
0.031313
0.031338
0.031338
0.031289
0.031313
0.031338
0.031338
0.031313
0.031289
0.031264
0.031264
0.031264
0.031264
0.031264
0.031264
0.031264
0.031264
0.031264
0.031264
0.031264
0.031264
0.031264
0.031264
0.031264
0.031264
0.031264
0.031264
0.031264
0.031264
0.03124
0.03124
0.03124
0.03124
0.03124
0.03124
0.03124
0.03124
0.03124
0.03124
0.03124
0.03124
0.03124
0.03124
0.03124
0.03124
0.03124
0.03124
0.03124
0.03124
0.03124
0.03124
0.03124
0.03124
0.03124
0.03124
0.03124
0.03124
0.031215
0.031215
0.031215
0.031215
0.031215
0.03119
0.03119
0.03119
0.03119
0.03119
0.03119
0.03119
0.03119
0.03119
0.031166
0.031166
0.031166
0.031166
0.031166
0.031166
0.031166
0.031166
0.031166
0.031166
0.031166
0.031166
0.031166
0.031166
0.031166
0.031166
0.031166
0.031141
0.031141
0.031141
0.031141
0.031141
0.031141
0.031141
0.031141
0.031117
0.031117
0.031117
0.031117
0.031117
0.031117
0.031117
0.031117
0.031092
0.031092
0.031092
0.031092
0.031092
0.031092
0.031092
0.031092
0.031092
0.031092
0.031092
0.031092
0.031092
0.031092
0.031092
0.031092
0.031092
0.031067
0.031067
0.031067
0.031067
0.031067
0.031067
0.031067
0.031067
0.031043
0.031043
0.031043
0.031043
0.031043
0.031043
0.031043
0.031043
0.031043
0.031018
0.031018
0.031018
0.031018
0.030993
0.030993
0.030993
0.030993
0.030993
0.030993
0.030993
0.030993
0.030969
0.030969
0.030969
0.030969
0.030969
0.030969
0.030969
0.030969
0.030969
0.030944
0.030944
0.030944
0.030944
0.030944
0.030944
0.03092
0.03092
0.03092
0.03092
0.03092
0.030895
0.03092
0.03092
0.030895
0.030895
0.030895
0.030895
0.030895
0.030895
0.030895
0.030895
0.030895
0.03087
0.03087
0.03087
0.03087
0.03087
0.03087
0.030846
0.030846
0.030846
0.030846
0.030846
0.03087
0.030895
0.030895
0.03087
0.030846
0.030895
0.03092
0.03087
0.030846
0.030821
0.030821
0.030821
0.030821
0.030821
0.030821
0.030821
0.030821
0.030821
0.030821
0.030821
0.030821
0.030821
0.030797
0.030797
0.030797
0.030797
0.030797
0.030772
0.030772
0.030772
0.030772
0.030772
0.030772
0.030772
0.030772
0.030772
0.030772
0.030772
0.030772
0.030772
0.030772
0.030772
0.030772
0.030772
0.030772
0.030772
0.030772
0.030772
0.030797
0.030772
0.030772
0.030772
0.030772
0.030772
0.030772
0.030772
0.030772
0.030772
0.030772
0.030772
0.030772
0.030772
0.030772
0.030772
0.030747
0.030747
0.030747
0.030747
0.030747
0.030723
0.030723
0.030723
0.030723
0.030723
0.030723
0.030723
0.030723
0.030723
0.030723
0.030723
0.030723
0.030723
0.030723
0.030723
0.030698
0.030723
0.030723
0.030723
0.030723
0.030723
0.030723
0.030723
0.030698
0.030698
0.030698
0.030698
0.030698
0.030698
0.030698
0.030698
0.030698
0.030698
0.030698
0.030698
0.030698
0.030698
0.030698
0.030698
0.030698
0.030673
0.030673
0.030673
0.030673
0.030673
0.030673
0.030673
0.030673
0.030673
0.030673
0.030673
0.030673
0.030673
0.030673
0.030673
0.030673
0.030673
0.030673
0.030673
0.030673
0.030673
0.030673
0.030673
0.030673
0.030673
0.030673
0.030649
0.030649
0.030649
0.030649
0.030649
0.030649
0.030649
0.030649
0.030649
0.030649
0.030649
0.030649
0.030649
0.030649
0.030649
0.030649
0.030649
0.030649
0.030649
0.030624
0.030624
0.030624
0.030624
0.030624
0.030624
0.030624
0.030624
0.030624
0.030624
0.030624
0.030624
0.030624
0.030624
0.030624
0.030624
0.030624
0.030624
0.030624
0.030624
0.030624
0.030624
0.030624
0.030624
0.030624
0.030624
0.030624
0.030624
0.030624
0.030624
0.030624
0.030624
0.030624
0.030624
0.030624
0.0306
0.0306
0.0306
0.030624
0.030649
0.030673
0.030673
0.030624
0.030649
0.030673
0.030673
0.030649
0.030624
0.0306
0.0306
0.0306
0.0306
0.0306
0.0306
0.0306
0.0306
0.0306
0.0306
0.0306
0.0306
0.0306
0.0306
0.0306
0.0306
0.0306
0.0306
0.0306
0.0306
0.0306
0.0306
0.0306
0.0306
0.0306
0.030575
0.030575
