2018
8
17
10
26
53.163
0.0020679
0.0020679
0.0020679
0.0020679
0.0020679
0.0020679
0.0020679
0.0020679
0.0020679
0.0020433
0.0020433
0.0020433
0.0020433
0.0020433
0.0020433
0.0020433
0.0020433
0.0020433
0.0020433
0.0020433
0.0020433
0.0020433
0.0020433
0.0020433
0.0020433
0.0020186
0.0020186
0.0020433
0.0020186
0.0020186
0.0020186
0.0020186
0.0020186
0.0020186
0.0020186
0.0020186
0.0020186
0.0020186
0.0020186
0.0020186
0.0020186
0.0020186
0.0020186
0.0020186
0.0020186
0.0020186
0.0020186
0.0020186
0.0020433
0.0020433
0.0020433
0.0020433
0.0020433
0.0020433
0.0020433
0.0020433
0.0020186
0.0020433
0.0020186
0.0020186
0.0020186
0.0020186
0.0020186
0.0020186
0.0020186
0.0020186
0.0020186
0.0020186
0.0020186
0.0020186
0.0020186
0.0020186
0.0020186
0.0020433
0.0020925
0.0021663
0.0022156
0.0022402
0.0022648
0.0022648
0.0019202
0.0019202
0.0019694
0.001994
0.001994
0.0020186
0.0020186
0.0020186
0.0020186
0.0020433
0.0020433
0.0020433
0.0020433
0.0020433
0.0020433
0.0020433
0.0020679
0.0020679
0.0020679
0.0020679
0.0020679
0.0020679
0.0020679
0.0020679
0.0020679
0.0020679
0.0020679
0.0020679
0.0020679
0.0020679
0.0020679
0.0020925
0.0020925
0.0020925
0.0020925
0.0020925
0.0020925
0.0020925
0.0021171
0.0021171
0.0021171
0.0021417
0.0021417
0.0021417
0.0021417
0.0021417
0.0021417
0.0021417
0.0021417
0.0021417
0.0021171
0.0021171
0.0021171
0.0021171
0.0021171
0.0020925
0.0020925
0.0020679
0.0020679
0.0020433
0.0020433
0.0020186
0.0020186
0.0020186
0.0020186
0.001994
0.001994
0.001994
0.001994
0.001994
0.001994
0.0019694
0.0019694
0.0019694
0.0019694
0.0019694
0.0019694
0.0019694
0.0019694
0.0019694
0.0019694
0.0019694
0.0019694
0.0019694
0.0019694
0.0019694
0.0019694
0.0019694
0.0019694
0.0019694
0.0019694
0.0019694
0.0019694
0.0019694
0.0019694
0.0019694
0.0019694
0.0019694
0.0019694
0.0019694
0.0019694
0.0019694
0.0019694
0.0019448
0.0019448
0.0019448
0.0019448
0.0019448
0.0019448
0.0019448
0.0019448
0.0019448
0.0019448
0.0019448
0.0019448
0.0019448
0.0019448
0.0019448
0.0019448
0.0019448
0.0019448
0.0019448
0.0019448
0.0019448
0.0019448
0.0019448
0.0019448
0.0019448
0.0019448
0.0019448
0.0019448
0.0019448
0.0019448
0.0019448
0.0019448
0.0019448
0.0019448
0.0019448
0.0019448
0.0019448
0.0019448
0.0019694
0.0019448
0.0019448
0.0019448
0.0019448
0.0019448
0.0019448
0.0019448
0.0019448
0.0019694
0.0019694
0.0019694
0.0019694
0.0019694
0.0019694
0.0019694
0.0019694
0.0019694
0.0019694
0.0019448
0.0019448
0.0019448
0.0019448
0.0019448
0.0019448
0.0019448
0.0019448
0.0019448
0.0019448
0.0019202
0.0019202
0.0019448
0.001994
0.0020679
0.0021171
0.0021417
0.0021663
0.002191
0.0021663
0.0020679
0.0019202
0.0018463
0.0018463
0.0018709
0.0019202
0.0019202
0.0019448
0.0019448
0.0019448
0.0019448
0.0019694
0.0019694
0.0019694
0.0019694
0.0019694
0.0019694
0.0019694
0.0019694
0.001994
0.001994
0.001994
0.001994
0.001994
0.0020186
0.0020186
0.0020186
0.0020186
0.0020186
0.0020186
0.0020186
0.0020186
0.0020433
0.0020433
0.0020433
0.0020433
0.0020433
0.0020679
0.0020679
0.0020679
0.0020679
0.0020679
0.0020679
0.0020925
0.0020925
0.0020925
0.0020925
0.0020925
0.0020925
0.0020925
0.0020925
0.0020925
0.0020925
0.0020925
0.0020925
0.0020925
0.0020925
0.0020925
0.0020679
0.0020679
0.0020433
0.0020186
0.0020186
0.0020186
0.0020186
0.0020186
0.001994
0.001994
0.001994
0.001994
0.001994
0.001994
0.001994
0.001994
0.001994
0.001994
0.001994
0.001994
0.001994
0.001994
0.001994
0.001994
0.001994
0.001994
0.001994
0.0020186
0.001994
0.001994
0.0020186
0.0020186
0.0020186
0.0020186
0.0020186
0.0020186
0.0020186
0.0020186
0.0020186
0.0020186
0.0020186
0.0020186
0.0020186
0.0020186
0.0020186
0.0020186
0.0020186
0.0020186
0.0020186
0.0020433
0.0020433
0.0020433
0.0020433
0.0020433
0.0020433
0.0020433
0.0020433
0.0020433
0.0020433
0.0020433
0.0020433
0.0020433
0.0020433
0.0020433
0.0020433
0.0020433
0.0020433
0.0020433
0.0020433
0.0020433
0.0020433
0.0020433
0.0020433
0.0020433
0.0020433
0.0020433
0.0020433
0.0020433
0.0020433
0.0020433
0.0020433
0.0020433
0.0020433
0.0020433
0.0020433
0.0020433
0.0020433
0.0020433
0.0020433
0.0020679
0.0020679
0.0020679
0.0020679
0.0020679
0.0020679
0.0020679
0.0020679
0.0020679
0.0020679
0.0020679
0.0020679
0.0020679
0.0020679
0.0020679
0.0020433
0.0020433
0.0020433
0.0020433
0.0020433
0.0020433
0.0020433
0.0020433
0.0020433
0.0020433
0.0020433
0.0020433
0.0020433
0.0020433
0.0020186
0.0020433
0.0020679
0.0021417
0.0022648
0.0022402
0.0021663
0.0020433
0.0019448
0.0019448
0.0019694
0.0020186
0.0020433
0.0020433
0.0020679
0.0020679
0.0020679
0.0020679
0.0020679
0.0020679
0.0020679
0.0020679
0.0020925
0.0020925
0.0020925
0.0020925
0.0020925
0.0020925
0.0020925
0.0020925
0.0020925
0.0020925
0.0020925
0.0020925
0.0020925
0.0020925
0.0020925
0.0020925
0.0021171
0.0021171
0.0021171
0.0021171
0.0021171
0.0021171
0.0021417
0.0021417
0.0021417
0.0021417
0.0021417
0.0021663
0.0021663
0.0021663
0.0021663
0.0021663
0.0021663
0.002191
0.002191
0.002191
0.002191
0.002191
0.002191
0.002191
0.002191
0.002191
0.0021663
0.0021663
0.0021663
0.0021417
0.0021417
0.0021417
0.0021171
0.0021171
0.0021171
0.0020925
0.0020925
0.0020925
0.0020925
0.0020679
0.0020679
0.0020679
0.0020679
0.0020679
0.0020679
0.0020679
0.0020925
0.0020925
0.0020925
0.0020925
0.0020925
0.0020925
0.0020925
0.0020925
0.0020925
0.0020925
0.0020925
0.0020925
0.0020925
0.0020925
0.0020925
0.0020925
0.0020925
0.0020925
0.0020925
0.0020925
0.0020925
0.0020925
0.0020925
0.0020925
0.0020925
0.0020925
0.0020925
0.0020925
0.0020925
0.0020925
0.0020925
0.0020925
0.0020925
0.0020925
0.0020925
0.0020925
0.0020925
0.0020679
0.0020679
0.0020679
0.0020679
0.0020679
0.0020679
0.0020679
0.0020679
0.0020679
0.0020679
0.0020679
0.0020679
0.0020679
0.0020679
0.0020679
0.0020679
0.0020679
0.0020679
0.0020679
0.0020679
0.0020679
0.0020679
0.0020679
0.0020679
0.0020679
0.0020679
0.0020679
0.0020679
0.0020679
0.0020679
0.0020679
0.0020679
0.0020679
0.0020679
0.0020679
0.0020679
0.0020679
0.0020679
0.0020679
0.0020679
0.0020679
0.0020679
0.0020679
0.0020925
0.0020679
0.0020679
0.0020679
0.0020679
0.0020679
0.0020679
0.0020679
0.0020679
0.0020679
0.0020679
0.0020679
0.0020679
0.0020679
0.0020679
0.0020679
0.0020679
0.0020433
0.0020433
0.0020679
0.0020925
0.0021417
0.0022156
0.0022648
0.0022894
0.0022894
0.0022648
0.002191
0.0020433
0.0019694
0.0019694
0.001994
0.0020186
0.0020433
0.0020679
0.0020679
0.0020679
0.0020679
0.0020679
0.0020925
0.0020925
0.0020925
0.0020925
0.0020925
0.0020925
0.0020925
0.0021171
0.0021171
0.0021171
0.0021171
0.0021171
0.0021171
0.0021171
0.0021171
0.0021171
0.0021171
0.0021417
0.0021417
0.0021417
0.0021417
0.0021417
0.0021417
0.0021417
0.0021417
0.0021663
0.0021663
0.0021663
0.0021663
0.0021663
0.002191
0.002191
0.002191
0.002191
0.0022156
0.0022156
0.0022156
0.0022156
0.0022156
0.0022156
0.0022156
0.0022156
0.0022156
0.002191
0.002191
0.002191
0.002191
0.0021663
0.0021663
0.0021663
0.0021417
0.0021417
0.0021417
0.0021417
0.0021417
0.0021417
0.0021417
0.0021171
0.0021171
0.0021171
0.0021417
0.0021171
0.0021171
0.0021171
0.0021417
0.0021417
0.0021417
0.0021417
0.0021417
0.0021417
0.0021417
0.0021417
0.0021417
0.0021417
0.0021417
0.0021417
0.0021417
0.0021417
0.0021417
0.0021417
0.0021417
0.0021417
0.0021417
0.0021417
0.0021417
0.0021417
0.0021417
0.0021417
0.0021417
0.0021417
0.0021417
0.0021417
0.0021417
0.0021417
0.0021417
0.0021417
0.0021417
0.0021417
0.0021417
0.0021417
0.0021417
0.0021417
0.0021417
0.0021417
0.0021417
0.0021417
0.0021417
0.0021417
0.0021417
0.0021417
0.0021417
0.0021417
0.0021417
0.0021417
0.0021417
0.0021417
0.0021417
0.0021417
0.0021417
0.0021417
0.0021417
0.0021417
0.0021663
0.0021663
0.0021417
0.0021417
0.0021417
0.0021663
0.0021663
0.0021663
0.0021663
0.0021663
0.0021663
0.0021663
0.0021663
0.0021663
0.0021663
0.0021663
0.0021663
0.0021663
0.0021663
0.0021663
0.0021663
0.0021663
0.0021663
0.0021663
0.0021417
0.0021417
0.0021417
0.0021417
0.0021417
0.0021417
0.0021417
0.0021417
0.0021417
0.0021417
0.0021417
0.0021417
0.0021417
0.0021417
0.0021417
0.002314
0.0023633
0.0023633
0.0023633
0.0023387
0.0022648
0.0021171
0.0020433
0.0020433
0.0020679
0.0020925
0.0021171
0.0021417
0.0021663
0.0021663
0.0021663
0.0021663
0.0021663
0.0021663
0.0021663
0.0021663
0.0021663
0.002191
0.0021663
0.0021663
0.002191
0.0021663
0.002191
0.002191
0.002191
0.002191
0.002191
0.002191
0.002191
0.002191
0.002191
0.002191
0.002191
0.002191
0.0022156
0.0022156
0.0022156
0.0022156
0.0022156
0.0022156
0.0022402
0.0022402
0.0022402
0.0022402
0.0022402
0.0022402
0.0022402
0.0022402
0.0022648
0.0022402
0.0022402
0.0022648
0.0022648
0.0022648
0.0022402
0.0022402
0.0022402
0.0022402
0.0022402
0.0022156
0.0022156
0.002191
0.002191
0.002191
0.0021663
0.0021663
0.0021663
0.0021663
0.0021663
0.0021417
0.0021417
0.0021417
0.0021417
0.0021417
0.0021417
0.0021417
0.0021417
0.0021417
0.0021417
0.0021417
0.0021417
0.0021417
0.0021417
0.0021417
0.0021417
0.0021417
0.0021417
0.0021417
0.0021417
0.0021417
0.0021417
0.0021417
0.0021417
0.0021417
0.0021417
0.0021417
0.0021417
0.0021417
0.0021417
0.0021417
0.0021417
0.0021417
0.0021417
0.0021417
0.0021417
0.0021417
0.0021417
0.0021171
0.0021171
0.0021171
0.0021171
0.0021171
0.0021171
0.0021171
0.0021171
0.0021171
0.0021171
0.0021171
0.0021171
0.0021171
0.0021171
0.0021171
0.0021171
0.0021171
0.0021171
0.0021171
0.0021417
0.0021417
0.0021417
0.0021417
0.0021417
0.0021417
0.0021417
0.0021417
0.0021417
0.0021417
0.0021417
0.0021417
0.0021171
0.0021417
0.0021171
0.0021171
0.0021417
0.0021417
0.0021417
0.0021417
0.0021417
0.0021417
0.0021417
0.0021417
0.0021663
0.0021417
0.0021663
0.0021417
0.0021417
0.0021417
0.0021417
0.0021417
0.0021417
0.0021417
0.0021417
0.0021417
0.0021417
0.0021171
0.0021417
0.0021417
0.0021417
0.0021417
0.0021417
0.0021417
0.0021417
0.002191
0.0022402
0.002314
0.0023387
0.0023387
0.0023387
0.0022894
0.0022156
0.0020679
0.0020186
0.0020186
0.0020433
0.0020679
0.0020925
0.0021171
0.0021171
0.0021171
0.0021417
0.0021417
0.0021417
0.0021417
0.0021417
0.0021417
0.0021417
0.0021417
0.0021417
0.0021417
0.0021663
0.0021663
0.0021663
0.0021663
0.0021663
0.0021663
0.0021663
0.0021663
0.0021663
0.0021663
0.0021663
0.0021663
0.002191
0.002191
0.002191
0.002191
0.002191
0.002191
0.002191
0.0022156
0.0022156
0.0022156
0.0022156
0.0022156
0.0022402
0.0022156
0.0022402
0.0022156
0.0022156
0.0022402
0.0022402
0.0022402
0.0022402
0.0022156
0.0022156
0.0022156
0.0022156
0.0021663
0.0021663
0.0021417
0.0021417
0.0021417
0.0021171
0.0021171
0.0021171
0.0020925
0.0020925
0.0020925
0.0020925
0.0020925
0.0020925
0.0020925
0.0020925
0.0020679
0.0020679
0.0020679
0.0020679
0.0020679
0.0020679
0.0020679
0.0020679
0.0020679
0.0020679
0.0020679
0.0020679
0.0020679
0.0020679
0.0020679
0.0020679
0.0020679
0.0020679
0.0020679
0.0020433
0.0020433
0.0020679
0.0020433
0.0020433
0.0020433
0.0020433
0.0020433
0.0020433
0.0020433
0.0020433
0.0020433
0.0020433
0.0020433
0.0020433
0.0020433
0.0020433
0.0020433
0.0020433
0.0020433
0.0020433
0.0020186
0.0020186
0.0020186
0.0020186
0.0020186
0.0020186
0.0020186
0.0020186
0.0020186
0.0020186
0.0020186
0.0020186
0.0020433
0.0020186
0.0020186
0.0020186
0.0020186
0.0020186
0.0020186
0.0020186
0.0020186
0.0020186
0.0020433
0.0020186
0.0020186
0.0020433
0.0020433
0.0020433
0.0020433
0.0020433
0.0020433
0.0020433
0.0020433
0.0020433
0.0020433
0.0020186
0.0020186
0.0020186
0.0020186
0.0020186
0.0020186
0.0020186
0.0020186
0.0020186
0.0020186
0.0020186
0.0020186
0.0020186
0.001994
0.001994
0.0020186
0.0020433
0.0020925
0.0021663
0.0022156
0.0022402
0.0022402
0.0022156
0.0021663
0.0020433
0.0019202
0.0019202
0.0019202
0.0019448
0.001994
0.0020186
0.0020186
0.0020186
0.0020186
0.0020186
0.0020186
0.0020186
0.0020186
0.0020186
0.0020186
0.0020186
0.0020186
0.0020186
0.0020186
0.0020186
0.0020186
0.0020186
0.0020433
0.0020186
0.0020186
0.0020433
0.0020433
0.0020433
0.0020433
0.0020433
0.0020433
0.0020433
0.0020433
0.0020433
0.0020433
0.0020679
0.0020679
0.0020679
0.0020679
0.0020679
0.0020679
0.0020679
0.0020679
0.0020679
0.0020679
0.0020679
0.0020679
0.0020679
0.0020679
0.0020679
0.0020679
0.0020679
0.0020433
0.0020433
0.0020433
0.0020186
0.0020186
0.0020186
0.001994
0.001994
0.001994
0.0019694
0.0019694
0.0019694
0.0019694
0.0019448
0.0019448
0.0019448
0.0019448
0.0019448
0.0019448
0.0019448
0.0019448
0.0019448
0.0019448
0.0019202
0.0019202
0.0019202
0.0019202
0.0019202
0.0019202
0.0019202
0.0019202
0.0019202
0.0019202
0.0019202
0.0019202
0.0019202
0.0019202
0.0019202
0.0019202
0.0019202
0.0019202
0.0019202
0.0019202
0.0019202
0.0019202
0.0019202
0.0019202
0.0019202
0.0019202
0.0019202
0.0018955
0.0018955
0.0018955
0.0018955
0.0018955
0.0018955
0.0018955
0.0018955
0.0018955
0.0018955
0.0018955
0.0018955
0.0018955
0.0018955
0.0018955
0.0018709
0.0018709
0.0018709
0.0018709
0.0018709
0.0018709
0.0018709
0.0018709
0.0018709
0.0018709
0.0018709
0.0018709
0.0018709
0.0018709
0.0018709
0.0018709
0.0018709
0.0018709
0.0018709
0.0018709
0.0018709
0.0018709
0.0018709
0.0018709
0.0018709
0.0018709
0.0018709
0.0018709
0.0018709
0.0018463
0.0018463
0.0018463
0.0018463
0.0018463
0.0018463
0.0018463
0.0018463
0.0018463
0.0018463
0.0018463
0.0018463
0.0018463
0.0018463
0.0018709
0.0018955
0.0019694
0.0020186
0.0020433
0.0019694
0.0018217
0.0017478
0.0017478
0.0017725
0.0017971
0.0018217
0.0018463
0.0018463
0.0018463
0.0018463
0.0018463
0.0018463
0.0018463
0.0018463
0.0018463
0.0018709
0.0018709
0.0018709
0.0018709
0.0018709
0.0018709
0.0018709
0.0018709
0.0018709
0.0018709
0.0018709
0.0018709
0.0018709
0.0018709
0.0018709
0.0018709
0.0018709
0.0018955
0.0018955
0.0018955
0.0018955
0.0018955
0.0018955
0.0019202
0.0019202
0.0019202
0.0019202
0.0019202
0.0019202
0.0019448
0.0019448
0.0019448
0.0019448
0.0019448
0.0019448
0.0019448
0.0019448
0.0019448
0.0019448
0.0019448
0.0019448
0.0019202
0.0019202
0.0019202
0.0018955
0.0018955
0.0018955
0.0018709
0.0018709
0.0018463
0.0018463
0.0018463
0.0018463
0.0018463
0.0018463
0.0018217
0.0018217
0.0018217
0.0018217
0.0018217
0.0018217
0.0018217
0.0018217
0.0018217
0.0018217
0.0018217
0.0018217
0.0018217
0.0018217
0.0018217
0.0018217
0.0018217
0.0018217
0.0018217
0.0018217
0.0018217
0.0018217
0.0018217
0.0018217
0.0018217
0.0018217
0.0018217
0.0017971
0.0017971
0.0017971
0.0017971
0.0017971
0.0018217
0.0017971
0.0017971
0.0017971
0.0017971
0.0017971
0.0017971
0.0017971
0.0017971
0.0017971
0.0017971
0.0017971
0.0017971
0.0017971
0.0017971
0.0017971
0.0017971
0.0017971
0.0017971
0.0017971
0.0017971
0.0017971
0.0017971
0.0017971
0.0017971
0.0017971
0.0017971
0.0017971
0.0017971
0.0017971
0.0017971
0.0017971
0.0017971
0.0017971
0.0017971
0.0017971
0.0017971
0.0017971
0.0018217
0.0018217
0.0018217
0.0018217
0.0017971
0.0018217
0.0018217
0.0017971
0.0017971
0.0017971
0.0017971
0.0017971
0.0017971
0.0017971
0.0017971
0.0017725
0.0017971
0.0017971
0.0017725
0.0017725
0.0017725
0.0017725
0.0017971
0.0018217
0.0018955
0.0019694
0.001994
0.0020186
0.0020186
0.0019694
0.0018709
0.0017232
0.001674
0.0016986
0.0017232
0.0017478
0.0017478
0.0017725
0.0017725
0.0017725
0.0017725
0.0017971
0.0017971
0.0017971
0.0017971
0.0017971
0.0017971
0.0017971
0.0017971
0.0017971
0.0017971
0.0018217
0.0017971
0.0017971
0.0017971
0.0018217
0.0018217
0.0018217
0.0018217
0.0018217
0.0018217
0.0018217
0.0018217
0.0018217
0.0018463
0.0018463
0.0018463
0.0018463
0.0018463
0.0018463
0.0018463
0.0018463
0.0018463
0.0018463
0.0018709
0.0018463
0.0018709
0.0018709
0.0018709
0.0018709
0.0018709
0.0018709
0.0018709
0.0018463
0.0018463
0.0018463
0.0018463
0.0018463
0.0018463
0.0018217
0.0018217
0.0017971
0.0017971
0.0017725
0.0017725
0.0017725
0.0017725
0.0017478
0.0017478
0.0017478
0.0017232
0.0017232
0.0017232
0.0017232
0.0017232
0.0017232
0.0017232
0.0017232
0.0017232
0.0017232
0.0017232
0.0017232
0.0017232
0.0017232
0.0017232
0.0017232
0.0017232
0.0017232
0.0017232
0.0017232
0.0017232
0.0017232
0.0017232
0.0017232
0.0017232
0.0017232
0.0017232
0.0017232
0.0017232
0.0017232
0.0017232
0.0016986
0.0016986
0.0016986
0.0016986
0.0016986
0.0016986
0.0016986
0.0016986
0.0016986
0.0016986
0.0016986
0.0016986
0.0016986
0.0016986
0.0016986
0.0016986
0.0016986
0.0016986
0.0016986
0.0016986
0.0016986
0.0016986
0.0016986
0.0016986
0.0016986
0.0016986
0.0016986
0.0016986
0.0016986
0.0016986
0.0016986
0.0016986
0.0016986
0.0016986
0.0016986
0.0016986
0.0016986
0.0016986
0.0016986
0.0016986
0.0017232
0.0017232
0.0017232
0.0017232
0.0017232
0.0017232
0.0016986
0.0016986
0.0016986
0.001674
0.001674
0.001674
0.001674
0.001674
0.001674
0.001674
0.001674
0.001674
0.001674
0.001674
0.001674
0.0016494
0.001674
0.001674
0.0017232
0.0017971
0.0018463
0.0018955
0.0019202
0.0019202
0.0018463
0.0017478
0.0016001
0.0015509
0.0015755
0.0016001
0.0016248
0.0016494
0.0016494
0.0016494
0.0016494
0.0016494
0.001674
0.001674
0.001674
0.001674
0.001674
0.0016986
0.0016986
0.0017232
0.0017232
0.0017232
0.0017232
0.0016986
0.0016986
0.0016986
0.0016986
0.0016986
0.0016986
0.0017232
0.0017232
0.0017232
0.0017232
0.0016986
0.0017232
0.0017232
0.0017232
0.0017232
0.0017232
0.0017232
0.0017232
0.0017478
0.0017478
0.0017478
0.0017478
0.0017478
0.0017478
0.0017478
0.0017478
0.0017725
0.0017478
0.0017478
0.0017478
0.0017478
0.0017478
0.0017478
0.0017478
0.0017232
0.0016986
0.0016986
0.0016986
0.001674
0.001674
0.0016494
0.0016494
0.0016494
0.0016494
0.0016248
0.0016248
0.0016248
0.0016248
0.0016248
0.0016248
0.0016248
0.0016248
0.0016248
0.0016248
0.0016248
0.0016248
0.0016248
0.0016248
0.0016248
0.0016248
0.0016248
0.0016248
0.0016248
0.0016248
0.0016248
0.0016248
0.0016248
0.0016248
0.0016248
0.0016248
0.0016248
0.0016248
0.0016248
0.0016248
0.0016001
0.0016001
0.0016001
0.0016001
0.0016001
0.0016001
0.0016001
0.0016001
0.0016001
0.0016001
0.0016001
0.0016001
0.0016001
0.0016001
0.0016001
0.0016001
0.0016001
0.0016001
0.0016001
0.0016001
0.0016001
0.0016001
0.0016001
0.0015755
0.0015755
0.0015755
0.0015755
0.0015755
0.0015755
0.0015755
0.0015755
0.0015755
0.0015755
0.0015755
0.0015755
0.0015755
0.0015755
0.0015755
0.0015755
0.0015755
0.0015755
0.0015755
0.0015755
0.0015755
0.0015755
0.0015755
0.0015755
0.0016001
0.0015755
0.0015755
0.0015755
0.0015755
0.0015755
0.0015755
0.0015755
0.0015755
0.0015509
0.0015509
0.0015509
0.0015509
0.0015509
0.0015509
0.0015509
0.0015509
0.0015509
0.0015509
0.0015509
0.0015509
0.0015509
0.0015509
0.0015509
0.0015755
0.0016248
0.001674
0.0017232
0.0017725
0.0017971
0.0017971
0.0017232
0.0016001
0.0015017
0.0015017
0.0015263
0.0015509
0.0015509
0.0015509
0.0015509
0.0015509
0.0015509
0.0015509
0.0015509
0.0015509
0.0015509
0.0015509
0.0015509
0.0015509
0.0015509
0.0015509
0.0015509
0.0015509
0.0015509
0.0015509
0.0015509
0.0015755
0.0015755
0.0015755
0.0015755
0.0015755
0.0015755
0.0015755
0.0015755
0.0015755
0.0015755
0.0015755
0.0015755
0.0015755
0.0016001
0.0015755
0.0016001
0.0016001
0.0016001
0.0016001
0.0016001
0.0016001
0.0016001
0.0016001
0.0016001
0.0016001
0.0016001
0.0016001
0.0016001
0.0016001
0.0016001
0.0015755
0.0015755
0.0015755
0.0015509
0.0015509
0.0015263
0.0015263
0.0015017
0.0015017
0.0015017
0.0015017
0.0015017
0.0014771
0.0014771
0.0014771
0.0014771
0.0014771
0.0014771
0.0014771
0.0014771
0.0014771
0.0014771
0.0014771
0.0014771
0.0014771
0.0014771
0.0014771
0.0014524
0.0014524
0.0014524
0.0014524
0.0014524
0.0014524
0.0014524
0.0014524
0.0014524
0.0014524
0.0014524
0.0014524
0.0014278
0.0014278
0.0014278
0.0014278
0.0014278
0.0014278
0.0014278
0.0014278
0.0014278
0.0014278
0.0014278
0.0014278
0.0014278
0.0014278
0.0014278
0.0014278
0.0014278
0.0014278
0.0014032
0.0014032
0.0014032
0.0014032
0.0014278
0.0014278
0.0014032
0.0014032
0.0014032
0.0014032
0.0014032
0.0014032
0.0014032
0.0014032
0.0014032
0.0014032
0.0014032
0.0014032
0.0014032
0.0014032
0.0014032
0.0014032
0.0014032
0.0013786
0.0014032
0.0014032
0.0014032
0.0013786
0.0013786
0.0013786
0.0013786
0.0013786
0.0013786
0.0013786
0.0013786
0.0014032
0.0014032
0.0014032
0.0014032
0.0014032
0.0014032
0.0014032
0.0014032
0.0013786
0.0013786
0.0013786
0.0013786
0.001354
0.001354
0.001354
0.001354
0.001354
0.001354
0.001354
0.001354
0.001354
0.001354
0.0013786
0.0014032
0.0014771
0.0015263
0.0015509
0.0015755
0.0015755
0.0015263
0.0014278
0.0012801
0.0012555
0.0012555
0.0012801
0.0013047
0.0013293
0.0013293
0.001354
0.001354
0.001354
0.001354
0.001354
0.001354
0.001354
0.001354
0.001354
0.001354
0.001354
0.001354
0.001354
0.001354
0.001354
0.001354
0.001354
0.0013786
0.0013786
0.0013786
0.0013786
0.0013786
0.0013786
0.0013786
0.0013786
0.0014032
0.0014032
0.0014032
0.0014032
0.0014032
0.0014032
0.0014032
0.0014032
0.0014032
0.0014032
0.0014032
0.0014032
0.0014032
0.0014032
0.0014032
0.0014032
0.0014032
0.0014032
0.0014032
0.0014032
0.0014032
0.0013786
0.0013786
0.0013786
0.0013786
0.001354
0.001354
0.0013293
0.0013293
0.0013047
0.0013047
0.0013047
0.0012801
0.0012801
0.0012555
0.0012555
0.0012555
0.0012555
0.0012555
0.0012555
0.0012555
0.0012555
0.0012555
0.0012555
0.0012555
0.0012555
0.0012555
0.0012555
0.0012555
0.0012555
0.0012555
0.0012555
0.0012555
0.0012555
0.0012555
0.0012555
0.0012555
0.0012555
0.0012555
0.0012555
0.0012555
0.0012555
0.0012309
0.0012309
0.0012309
0.0012309
0.0012309
0.0012309
0.0012309
0.0012309
0.0012309
0.0012309
0.0012309
0.0012309
0.0012309
0.0012309
0.0012309
0.0012309
0.0012309
0.0012063
0.0012309
0.0012063
0.0012063
0.0012063
0.0012063
0.0012063
0.0012063
0.0012063
0.0012063
0.0012063
0.0012063
0.0012063
0.0012063
0.0012063
0.0012063
0.0012063
0.0012063
0.0012063
0.0012063
0.0012063
0.0012063
0.0012063
0.0012063
0.0012063
0.0012063
0.0012063
0.0012063
0.0012063
0.0012063
0.0012063
0.0012063
0.0012063
0.0012063
0.0012063
0.0012063
0.0012063
0.0012063
0.0012063
0.0012063
0.0012063
0.0012063
0.0012063
0.0012063
0.0012063
0.0012063
0.0012063
0.0012063
0.0012063
0.0011816
0.0011816
0.0011816
0.0011816
0.0011816
0.0011816
0.0011816
0.0011816
0.0011816
0.0011816
0.0011816
0.0011816
0.0011816
0.0011816
0.0011816
0.0012063
0.0012801
0.0013293
0.0013786
0.0014032
0.0014278
0.0013786
0.0013047
0.0011816
0.0011324
0.001157
0.001157
0.0011816
0.0011816
0.0011816
0.0011816
0.0011816
0.0011816
0.0011816
0.0011816
0.0011816
0.0011816
0.0011816
0.0011816
0.0011816
0.0012063
0.0012063
0.0012063
0.0011816
0.0012063
0.0012063
0.0012063
0.0012063
0.0012063
0.0012063
0.0012063
0.0012063
0.0012063
0.0012063
0.0012063
0.0012309
0.0012309
0.0012309
0.0012309
0.0012309
0.0012309
0.0012309
0.0012309
0.0012309
0.0012555
0.0012555
0.0012555
0.0012555
0.0012555
0.0012555
0.0012555
0.0012555
0.0012555
0.0012555
0.0012555
0.0012555
0.0012555
0.0012309
0.0012309
0.0012309
0.0012063
0.0012063
0.0011816
0.0011816
0.0011816
0.001157
0.001157
0.001157
0.001157
0.0011324
0.0011324
0.0011324
0.0011324
0.0011324
0.0011324
0.0011324
0.0011324
0.0011324
0.0011324
0.0011324
0.0011078
0.0011078
0.0011078
0.0011324
0.0011324
0.0011324
0.0011324
0.0011324
0.0011324
0.0011324
0.0011324
0.0011324
0.0011324
0.0011324
0.0011324
0.0011324
0.0011324
0.0011324
0.0011078
0.0011324
0.0011324
0.0011324
0.0011078
0.0011078
0.0011078
0.0011078
0.0011078
0.0011078
0.0011078
0.0011078
0.0011078
0.0011078
0.0011078
0.0011078
0.0011078
0.0011078
0.0011078
0.0011078
0.0011078
0.0010832
0.0010832
0.0010832
0.0010832
0.0010832
0.0010832
0.0010832
0.0010832
0.0010832
0.0010832
0.0010832
0.0010832
0.0010832
0.0010832
0.0010832
0.0010832
0.0010832
0.0010832
0.0011078
0.0010832
0.0010832
0.0011078
0.0011078
0.0011078
0.0011078
0.0010832
0.0010832
0.0010832
0.0010832
0.0010832
0.0010832
0.0010832
0.0010832
0.0011078
0.0011078
0.0011078
0.0011078
0.0011078
0.0011078
0.0011078
0.0011078
0.0011078
0.0010832
0.0010832
0.0010832
0.0010586
0.0010586
0.0010832
0.0010832
0.0010586
0.0010586
0.0010586
0.0010586
0.0010586
0.0010586
0.0010586
0.0010832
0.0011078
0.0011816
0.0012309
0.0012555
0.0012801
0.0012801
0.0012555
0.001157
0.0010339
0.00096008
0.00096008
0.0009847
0.0010093
0.0010339
0.0010586
0.0010586
0.0010586
0.0010586
0.0010832
0.0010832
0.0010832
0.0010832
0.0010832
0.0010832
0.0010832
0.0010832
0.0010832
0.0010832
0.0011078
0.0011078
0.0011078
0.0011078
0.0011078
0.0011078
0.0011078
0.0011078
0.0011078
0.0011078
0.0011324
0.0011324
0.0011324
0.0011324
0.0011324
0.0011324
0.0011324
0.0011324
0.0011324
0.0011324
0.0011324
0.0011324
0.001157
0.0011324
0.0011324
0.001157
0.001157
0.001157
0.001157
0.0011324
0.0011324
0.0011324
0.0011324
0.0011324
0.0011324
0.0011324
0.0011078
0.0011078
0.0010832
0.0010832
0.0010586
0.0010586
0.0010339
0.0010339
0.0010339
0.0010339
0.0010339
0.0010339
0.0010339
0.0010339
0.0010339
0.0010339
0.0010339
0.0010339
0.0010339
0.0010093
0.0010093
0.0010093
0.0010093
0.0010093
0.0010093
0.0009847
0.0009847
0.0009847
0.0009847
0.0009847
0.0009847
0.0009847
0.0009847
0.0009847
0.0009847
0.00096008
0.00096008
0.00096008
0.00096008
0.00096008
0.00096008
0.00093547
0.00093547
0.00093547
0.00093547
0.00091085
0.00091085
0.00091085
0.00091085
0.00091085
0.00091085
0.00091085
0.00091085
0.00091085
0.00091085
0.00091085
0.00091085
0.00088623
0.00088623
0.00088623
0.00088623
0.00086161
0.00086161
0.00086161
0.00086161
0.000837
0.000837
0.000837
0.00081238
0.00081238
0.00081238
0.00081238
0.00078776
0.00078776
0.00078776
0.00078776
0.00078776
0.00078776
0.00078776
0.00078776
0.00078776
0.00078776
0.00078776
0.00078776
