2018
3
20
17
1
28.386
-0.0019448
-0.0019202
-0.0019202
-0.0019202
-0.0019202
-0.0019202
-0.0018955
-0.0018955
-0.0018955
-0.0018955
-0.0019202
-0.0019202
-0.0019202
-0.0019202
-0.0019202
-0.0019448
-0.0019448
-0.0019448
-0.0019448
-0.0019694
-0.0019694
-0.0019694
-0.0019694
-0.0019694
-0.0019694
-0.001994
-0.001994
-0.001994
-0.001994
-0.0020186
-0.0020186
-0.0020186
-0.0020186
-0.0020186
-0.0020186
-0.0020186
-0.0020186
-0.0020186
-0.0020186
-0.0020186
-0.0020186
-0.0020186
-0.0020186
-0.0020186
-0.0020433
-0.0020186
-0.0020186
-0.0020186
-0.0020433
-0.0020433
-0.0020433
-0.0020433
-0.0020433
-0.0020186
-0.0020186
-0.0020186
-0.0020433
-0.0020433
-0.0020433
-0.0020433
-0.0020433
-0.0020433
-0.0020433
-0.0020433
-0.0020433
-0.0020433
-0.0020679
-0.0020679
-0.0020679
-0.0020679
-0.0020679
-0.0020925
-0.0020925
-0.0020925
-0.0020925
-0.0020925
-0.0020925
-0.0020925
-0.0020925
-0.0020925
-0.0021171
-0.0021171
-0.0021417
-0.0021417
-0.0021417
-0.0021417
-0.0021417
-0.0021417
-0.0021417
-0.0021663
-0.0021663
-0.0021663
-0.0021663
-0.0021417
-0.0021417
-0.0021663
-0.0021663
-0.0021663
-0.0021663
-0.0021663
-0.0021663
-0.0021663
-0.0021663
-0.0021663
-0.0021663
-0.0021663
-0.0021663
-0.002191
-0.002191
-0.002191
-0.002191
-0.002191
-0.002191
-0.002191
-0.0022156
-0.0022156
-0.0022156
-0.0022156
-0.0022402
-0.0022402
-0.0022648
-0.0022894
-0.0023387
-0.0023633
-0.0023879
-0.0024618
-0.0025356
-0.002511
-0.0024618
-0.0024618
-0.0025356
-0.0024371
-0.0022156
-0.0020186
-0.001994
-0.0021171
-0.0022156
-0.0022894
-0.002314
-0.0023387
-0.0023633
-0.0023633
-0.0023879
-0.0023879
-0.0024125
-0.0024125
-0.0024371
-0.0024371
-0.0024618
-0.0024618
-0.0024618
-0.0024618
-0.0024618
-0.0024618
-0.0024864
-0.0024864
-0.0024864
-0.0024864
-0.002511
-0.002511
-0.0025602
-0.0025602
-0.0025848
-0.0025848
-0.0026095
-0.0026095
-0.0026341
-0.0026341
-0.0026587
-0.0026587
-0.0026833
-0.0026833
-0.0027079
-0.0027079
-0.0027325
-0.0027325
-0.0027325
-0.0027325
-0.0027325
-0.0027325
-0.0027325
-0.0027325
-0.0027325
-0.0027325
-0.0027325
-0.0027079
-0.0027079
-0.0026833
-0.0026833
-0.0026833
-0.0026587
-0.0026587
-0.0026341
-0.0026341
-0.0026341
-0.0026341
-0.0026341
-0.0026341
-0.0026587
-0.0026587
-0.0026587
-0.0026587
-0.0026587
-0.0026587
-0.0026833
-0.0026833
-0.0026833
-0.0027079
-0.0027079
-0.0027079
-0.0027079
-0.0027079
-0.0027325
-0.0027325
-0.0027325
-0.0027325
-0.0027325
-0.0027572
-0.0027572
-0.0027572
-0.0027818
-0.0027818
-0.0027818
-0.0027818
-0.0027818
-0.0027818
-0.0027818
-0.0027818
-0.0027818
-0.0027818
-0.0028064
-0.0028064
-0.0028064
-0.0028064
-0.0028064
-0.002831
-0.002831
-0.002831
-0.002831
-0.002831
-0.0028556
-0.0028556
-0.0028802
-0.0028802
-0.0028802
-0.0028802
-0.0028802
-0.0029049
-0.0029049
-0.0029049
-0.0029295
-0.0029295
-0.0029295
-0.0029295
-0.0029541
-0.0029541
-0.0029541
-0.0029787
-0.0029787
-0.0029787
-0.0029787
-0.0029787
-0.0029787
-0.0029787
-0.0030033
-0.0030033
-0.0030033
-0.0030033
-0.003028
-0.003028
-0.0030526
-0.0030526
-0.0030526
-0.0030526
-0.0030526
-0.0030772
-0.0030526
-0.0030772
-0.0030772
-0.0030772
-0.0031018
-0.0031018
-0.0031018
-0.0031018
-0.0031264
-0.0031264
-0.0031264
-0.003151
-0.003151
-0.003151
-0.003151
-0.003151
-0.003151
-0.003151
-0.003151
-0.003151
-0.003151
-0.0031757
-0.0031757
-0.0031757
-0.0031757
-0.0032003
-0.0032003
-0.0032003
-0.0032003
-0.0032249
-0.0032249
-0.0032249
-0.0032495
-0.0032495
-0.0032495
-0.0032495
-0.0032741
-0.0032741
-0.0032987
-0.003348
-0.0033726
-0.0033726
-0.0034218
-0.0034957
-0.0034957
-0.0035203
-0.0033726
-0.003151
-0.0030033
-0.0030526
-0.0032003
-0.0032741
-0.0033234
-0.003348
-0.0033726
-0.0033972
-0.0033972
-0.0034218
-0.0034218
-0.0034465
-0.0034465
-0.0034465
-0.0034711
-0.0034711
-0.0034957
-0.0034957
-0.0034957
-0.0034957
-0.0035203
-0.0035203
-0.0035203
-0.0035449
-0.0035449
-0.0035695
-0.0035695
-0.0035695
-0.0035942
-0.0035942
-0.0036188
-0.0036188
-0.0036434
-0.0036434
-0.0036434
-0.003668
-0.0037172
-0.0037172
-0.0037419
-0.0037419
-0.0037665
-0.0037665
-0.0037665
-0.0037911
-0.0037911
-0.0037911
-0.0038157
-0.0038157
-0.0038157
-0.0038157
-0.0038157
-0.0037911
-0.0037911
-0.0037665
-0.0037665
-0.0037419
-0.0037419
-0.0037419
-0.0037172
-0.0037172
-0.0037172
-0.0037172
-0.0037172
-0.0037172
-0.0037172
-0.0037172
-0.0037172
-0.0037172
-0.0037419
-0.0037419
-0.0037419
-0.0037419
-0.0037419
-0.0037419
-0.0037419
-0.0037665
-0.0037665
-0.0037911
-0.0037911
-0.0038157
-0.0038157
-0.0038157
-0.0038157
-0.0038157
-0.0038157
-0.0038403
-0.0038403
-0.0038403
-0.0038403
-0.0038403
-0.0038403
-0.0038403
-0.0038403
-0.003865
-0.003865
-0.003865
-0.003865
-0.003865
-0.0038896
-0.0038896
-0.0038896
-0.0038896
-0.0039142
-0.0039142
-0.0039142
-0.0039388
-0.0039388
-0.0039388
-0.0039388
-0.0039388
-0.0039388
-0.0039388
-0.0039388
-0.0039388
-0.0039634
-0.0039634
-0.003988
-0.003988
-0.0040127
-0.0040127
-0.0040127
-0.0040373
-0.0040373
-0.0040373
-0.0040619
-0.0040619
-0.0040619
-0.0040865
-0.0040865
-0.0040865
-0.0040865
-0.0040865
-0.0041111
-0.0041111
-0.0041111
-0.0041357
-0.0041357
-0.0041357
-0.0041604
-0.0041604
-0.0041604
-0.0041604
-0.0041604
-0.0041604
-0.0041604
-0.0041604
-0.0041604
-0.0041604
-0.0041604
-0.004185
-0.004185
-0.004185
-0.004185
-0.004185
-0.0042096
-0.0042096
-0.0042342
-0.0042342
-0.0042342
-0.0042588
-0.0042588
-0.0042588
-0.0042588
-0.0042834
-0.0042834
-0.0042834
-0.0042834
-0.0042834
-0.0043081
-0.0043081
-0.0043081
-0.0043081
-0.0043081
-0.0043081
-0.0043081
-0.0043327
-0.0043327
-0.0043573
-0.0043573
-0.0043573
-0.0043573
-0.0043573
-0.0043573
-0.0043819
-0.0043819
-0.0043819
-0.0044065
-0.0044065
-0.0044065
-0.0044312
-0.0044804
-0.004505
-0.0045296
-0.0045789
-0.0046527
-0.0047266
-0.0047019
-0.0045789
-0.0043819
-0.004185
-0.004185
-0.0042834
-0.0043819
-0.0044558
-0.0044804
-0.004505
-0.0045296
-0.0045542
-0.0045542
-0.0045542
-0.0045542
-0.0045789
-0.0045789
-0.0045789
-0.0045789
-0.0046035
-0.0046035
-0.0046281
-0.0046281
-0.0046281
-0.0046527
-0.0046527
-0.0046527
-0.0046773
-0.0046773
-0.0046773
-0.0047019
-0.0047019
-0.0047266
-0.0047512
-0.0047512
-0.0047758
-0.0047758
-0.0048004
-0.0048004
-0.004825
-0.0048743
-0.0048989
-0.0048989
-0.0049235
-0.0049235
-0.0049235
-0.0049481
-0.0049481
-0.0049481
-0.0049481
-0.0049481
-0.0049481
-0.0049481
-0.0049481
-0.0049481
-0.0049235
-0.0049235
-0.0048989
-0.0048989
-0.0048743
-0.0048743
-0.0048743
-0.0048743
-0.0048497
-0.0048497
-0.0048497
-0.0048497
-0.004825
-0.0048497
-0.0048497
-0.0048497
-0.0048497
-0.0048743
-0.0048743
-0.0048497
-0.0048743
-0.0048743
-0.0048989
-0.0048989
-0.0048989
-0.0049235
-0.0049235
-0.0049235
-0.0049235
-0.0049235
-0.0049481
-0.0049481
-0.0049481
-0.0049481
-0.0049727
-0.0049727
-0.0049727
-0.0049727
-0.0049727
-0.0049727
-0.0049727
-0.0049974
-0.0049974
-0.0049974
-0.0049974
-0.005022
-0.005022
-0.005022
-0.005022
-0.005022
-0.0050466
-0.0050466
-0.0050466
-0.0050466
-0.0050466
-0.0050712
-0.0050712
-0.0050712
-0.0050712
-0.0050712
-0.0050712
-0.0050712
-0.0050958
-0.0050958
-0.0050958
-0.0051204
-0.0051204
-0.0051204
-0.0051204
-0.0051204
-0.0051204
-0.0051451
-0.0051451
-0.0051451
-0.0051451
-0.0051451
-0.0051451
-0.0051451
-0.0051451
-0.0051451
-0.0051697
-0.0051697
-0.0051697
-0.0051697
-0.0051943
-0.0051943
-0.0051943
-0.0051943
-0.0051943
-0.0052189
-0.0052189
-0.0052189
-0.0052189
-0.0052189
-0.0052189
-0.0052189
-0.0052435
-0.0052435
-0.0052435
-0.0052435
-0.0052435
-0.0052435
-0.0052681
-0.0052681
-0.0052435
-0.0052681
-0.0052681
-0.0052681
-0.0052681
-0.0052681
-0.0052681
-0.0052928
-0.0052928
-0.0052928
-0.0052928
-0.0053174
-0.0053174
-0.0053174
-0.0053174
-0.0053174
-0.005342
-0.005342
-0.005342
-0.005342
-0.005342
-0.005342
-0.005342
-0.0053666
-0.0053666
-0.0053666
-0.0053666
-0.0053666
-0.0053666
-0.0053666
-0.0053666
-0.0053666
-0.0053912
-0.0053912
-0.0053912
-0.0053912
-0.0054405
-0.0054897
-0.0054897
-0.0055143
-0.0055882
-0.0056128
-0.0053912
-0.0051943
-0.0051204
-0.0052189
-0.0053174
-0.0054159
-0.0054405
-0.0054651
-0.0054897
-0.0054897
-0.0055143
-0.0055143
-0.0055143
-0.0055143
-0.0055143
-0.0055389
-0.0055389
-0.0055389
-0.0055636
-0.0055636
-0.0055636
-0.0055636
-0.0055636
-0.0055882
-0.0055882
-0.0055882
-0.0056128
-0.0056128
-0.0056128
-0.0056374
-0.0056374
-0.0056374
-0.005662
-0.005662
-0.005662
-0.0056866
-0.0056866
-0.0056866
-0.0056866
-0.0057359
-0.0057605
-0.0057605
-0.0057851
-0.0057851
-0.0057851
-0.0057851
-0.0057851
-0.0057851
-0.0057851
-0.0057851
-0.0057605
-0.0057605
-0.0057605
-0.0057359
-0.0057359
-0.0057113
-0.0057113
-0.0056866
-0.0056866
-0.005662
-0.005662
-0.005662
-0.0056374
-0.0056374
-0.0056374
-0.0056374
-0.0056374
-0.0056128
-0.0056128
-0.0056128
-0.0056128
-0.0056128
-0.0056128
-0.0056128
-0.0056128
-0.0056128
-0.0056374
-0.0056374
-0.0056374
-0.0056374
-0.0056374
-0.0056374
-0.0056374
-0.0056374
-0.0056374
-0.0056374
-0.0056374
-0.0056374
-0.0056374
-0.0056374
-0.0056374
-0.0056374
-0.0056374
-0.0056374
-0.0056374
-0.0056374
-0.0056374
-0.0056374
-0.0056374
-0.0056374
-0.0056374
-0.0056374
-0.0056374
-0.005662
-0.0056374
-0.0056374
-0.005662
-0.0056374
-0.0056374
-0.0056374
-0.0056374
-0.0056374
-0.0056374
-0.0056374
-0.0056374
-0.0056374
-0.0056374
-0.0056374
-0.0056374
-0.005662
-0.005662
-0.005662
-0.005662
-0.005662
-0.005662
-0.005662
-0.005662
-0.0056866
-0.0056866
-0.0056866
-0.0056866
-0.0056866
-0.0056866
-0.0056866
-0.0056866
-0.0056866
-0.0056866
-0.0056866
-0.0056866
-0.0056866
-0.0056866
-0.0056866
-0.0056866
-0.0056866
-0.0056866
-0.0056866
-0.0056866
-0.0056866
-0.0056866
-0.0056866
-0.0056866
-0.0056866
-0.0056866
-0.0056866
-0.0056866
-0.0056866
-0.0056866
-0.0056866
-0.0056866
-0.0056866
-0.0056866
-0.0056866
-0.0056866
-0.0056866
-0.0056866
-0.0056866
-0.0056866
-0.0057113
-0.0057113
-0.0057113
-0.0057113
-0.0057113
-0.0057113
-0.0057113
-0.0057113
-0.0057113
-0.0057113
-0.0057113
-0.0057113
-0.0057113
-0.0057113
-0.0057113
-0.0057113
-0.0057113
-0.0057113
-0.0057113
-0.0057359
-0.0057359
-0.0057359
-0.0057359
-0.0057359
-0.0057359
-0.0057359
-0.0057359
-0.0057359
-0.0057359
-0.0057359
-0.0057605
-0.0058097
-0.0059574
-0.0059821
-0.0059574
-0.0059082
-0.0059574
-0.0059328
-0.0057605
-0.0055389
-0.0054159
-0.0054897
-0.0056128
-0.0056866
-0.0057359
-0.0057605
-0.0057605
-0.0057605
-0.0057851
-0.0057851
-0.0057851
-0.0057851
-0.0057851
-0.0057851
-0.0058097
-0.0058097
-0.0058097
-0.0058097
-0.0058097
-0.0058097
-0.0058097
-0.0058097
-0.0058097
-0.0058097
-0.0058344
-0.0058344
-0.0058344
-0.005859
-0.005859
-0.005859
-0.005859
-0.005859
-0.0059082
-0.0059082
-0.0059328
-0.0059328
-0.0059328
-0.0059574
-0.0059574
-0.0059574
-0.0059821
-0.0059821
-0.0059821
-0.0059821
-0.0059821
-0.0059821
-0.0059821
-0.0059821
-0.0059574
-0.0059574
-0.0059328
-0.0059328
-0.0059082
-0.0058836
-0.005859
-0.005859
-0.0058344
-0.0058344
-0.0058097
-0.0058097
-0.0058097
-0.0057851
-0.0057851
-0.0057851
-0.0057851
-0.0057851
-0.0057851
-0.0057851
-0.0057851
-0.0057605
-0.0057605
-0.0057605
-0.0057605
-0.0057605
-0.0057605
-0.0057605
-0.0057605
-0.0057605
-0.0057605
-0.0057605
-0.0057605
-0.0057605
-0.0057851
-0.0057851
-0.0057605
-0.0057851
-0.0057851
-0.0057851
-0.0057851
-0.0057851
-0.0057851
-0.0057851
-0.0057851
-0.0057851
-0.0057851
-0.0057851
-0.0057851
-0.0057605
-0.0057605
-0.0057605
-0.0057605
-0.0057605
-0.0057605
-0.0057605
-0.0057605
-0.0057605
-0.0057605
-0.0057605
-0.0057605
-0.0057605
-0.0057605
-0.0057359
-0.0057605
-0.0057605
-0.0057605
-0.0057605
-0.0057605
-0.0057605
-0.0057605
-0.0057605
-0.0057851
-0.0057851
-0.0057851
-0.0057851
-0.0057851
-0.0057851
-0.0057851
-0.0057851
-0.0057851
-0.0058097
-0.0058097
-0.0058097
-0.0058097
-0.0058097
-0.0058097
-0.0058097
-0.0058097
-0.0058097
-0.0058097
-0.0058097
-0.0058097
-0.0058097
-0.0058097
-0.0058097
-0.0058097
-0.0058097
-0.0058097
-0.0058097
-0.0058097
-0.0058097
-0.0058097
-0.0058097
-0.0057851
-0.0057851
-0.0058097
-0.0058097
-0.0058097
-0.0058097
-0.0058097
-0.0058097
-0.0058097
-0.0058097
-0.0058097
-0.0058097
-0.0058097
-0.0058097
-0.0058097
-0.0058097
-0.0058097
-0.0058097
-0.0057851
-0.0057851
-0.0057851
-0.0057851
-0.0057851
-0.0058097
-0.0058097
-0.0058097
-0.0058097
-0.0058097
-0.0058097
-0.0058097
-0.0058097
-0.0058097
-0.0058344
-0.0058344
-0.0058344
-0.0058344
-0.0058344
-0.0058344
-0.0058344
-0.005859
-0.0060067
-0.0060559
-0.0061051
-0.0060559
-0.0060313
-0.0060559
-0.0060559
-0.0058836
-0.005662
-0.0055143
-0.0055882
-0.0057113
-0.0057851
-0.0058344
-0.0058344
-0.005859
-0.005859
-0.0058836
-0.0058836
-0.0058836
-0.0058836
-0.0058836
-0.0058836
-0.0058836
-0.0058836
-0.0058836
-0.0059082
-0.0059082
-0.0059082
-0.0059328
-0.0059328
-0.0059328
-0.0059328
-0.0059328
-0.0059328
-0.0059574
-0.0059574
-0.0059574
-0.0059574
-0.0059821
-0.0060067
-0.0060067
-0.0060067
-0.0060313
-0.0060313
-0.0060313
-0.0060559
-0.0060559
-0.0060805
-0.0060805
-0.0060805
-0.0060805
-0.0060805
-0.0060805
-0.0060805
-0.0060805
-0.0060805
-0.0060805
-0.0060805
-0.0060805
-0.0060559
-0.0060313
-0.0060313
-0.0060067
-0.0059821
-0.0059821
-0.0059574
-0.0059574
-0.0059328
-0.0059328
-0.0059082
-0.0059082
-0.0059082
-0.0059082
-0.0059082
-0.0058836
-0.0058836
-0.0058836
-0.0059082
-0.0059082
-0.0058836
-0.0058836
-0.0058836
-0.0059082
-0.0059082
-0.0059082
-0.0059082
-0.0058836
-0.0058836
-0.0058836
-0.0059082
-0.0059082
-0.0059082
-0.0059082
-0.0059082
-0.0059082
-0.0059082
-0.0059082
-0.0059082
-0.0059082
-0.0059082
-0.0059082
-0.0059082
-0.0059082
-0.0059082
-0.0059082
-0.0059082
-0.0059082
-0.0059082
-0.0059082
-0.0059082
-0.0059082
-0.0059082
-0.0059082
-0.0059082
-0.0059082
-0.0059082
-0.0059082
-0.0059082
-0.0059082
-0.0059082
-0.0059082
-0.0059082
-0.0059082
-0.0059082
-0.0059082
-0.0059082
-0.0059082
-0.0059082
-0.0059082
-0.0059082
-0.0059082
-0.0059082
-0.0059082
-0.0059082
-0.0059082
-0.0059082
-0.0059082
-0.0059082
-0.0059082
-0.0059082
-0.0059082
-0.0059082
-0.0059082
-0.0059082
-0.0059082
-0.0059082
-0.0059082
-0.0059082
-0.0059082
-0.0059082
-0.0059082
-0.0059082
-0.0059082
-0.0059082
-0.0059082
-0.0059082
-0.0059082
-0.0059082
-0.0059082
-0.0059082
-0.0059082
-0.0059082
-0.0059082
-0.0059082
-0.0059082
-0.0059082
-0.0059082
-0.0059082
-0.0059082
-0.0059082
-0.0059082
-0.0059328
-0.0059082
-0.0059328
-0.0059328
-0.0059328
-0.0059328
-0.0059328
-0.0059328
-0.0059328
-0.0059328
-0.0059328
-0.0059328
-0.0059328
-0.0059328
-0.0059328
-0.0059328
-0.0059328
-0.0059328
-0.0059328
-0.0059328
-0.0059328
-0.0059328
-0.0059328
-0.0059328
-0.0059328
-0.0059082
-0.0059082
-0.0059328
-0.0060313
-0.0061051
-0.0061544
-0.006179
-0.0061544
-0.0061051
-0.0061544
-0.0061298
-0.0059574
-0.0057359
-0.0056128
-0.0056866
-0.0057851
-0.0058836
-0.0059082
-0.0059328
-0.0059574
-0.0059574
-0.0059821
-0.0059821
-0.0059821
-0.0059821
-0.0059821
-0.0059821
-0.0059821
-0.0059821
-0.0059821
-0.0059821
-0.0059821
-0.0059821
-0.0060067
-0.0060067
-0.0060067
-0.0060067
-0.0060067
-0.0060067
-0.0060313
-0.0060313
-0.0060313
-0.0060313
-0.0060559
-0.0060559
-0.0060559
-0.0060805
-0.0060805
-0.0060805
-0.0060805
-0.0061051
-0.0061298
-0.0061298
-0.0061298
-0.0061298
-0.0061298
-0.0061298
-0.0061544
-0.0061544
-0.0061544
-0.0061544
-0.0061298
-0.0061298
-0.0061298
-0.0061051
-0.0060805
-0.0060805
-0.0060559
-0.0060313
-0.0060313
-0.0060067
-0.0060067
-0.0059821
-0.0059574
-0.0059574
-0.0059328
-0.0059328
-0.0059328
-0.0059328
-0.0059328
-0.0059082
-0.0059082
-0.0059082
-0.0059328
-0.0059082
-0.0059082
-0.0059082
-0.0059082
-0.0059082
-0.0059082
-0.0059082
-0.0059082
-0.0059082
-0.0059082
-0.0059082
-0.0059082
-0.0059082
-0.0059082
-0.0059082
-0.0059082
-0.0059082
-0.0058836
-0.0058836
-0.0058836
-0.0059082
-0.0059082
-0.0059082
-0.0058836
-0.0058836
-0.0058836
-0.0058836
-0.0059082
-0.0058836
-0.0058836
-0.0058836
-0.0058836
-0.0058836
-0.0058836
-0.0058836
-0.0058836
-0.0058836
-0.0058836
-0.0058836
-0.0058836
-0.0059082
-0.0058836
-0.0058836
-0.0058836
-0.0058836
-0.0058836
-0.0058836
-0.0058836
-0.0058836
-0.0058836
-0.0058836
-0.0058836
-0.0058836
-0.0058836
-0.0058836
-0.0058836
-0.0058836
-0.0058836
-0.0058836
-0.0058836
-0.0058836
-0.0058836
-0.0058836
-0.0058836
-0.0058836
-0.0058836
-0.0058836
-0.0058836
-0.0058836
-0.0058836
-0.0058836
-0.0058836
-0.0058836
-0.0058836
-0.0058836
-0.0058836
-0.0058836
-0.0058836
-0.0058836
-0.0058836
-0.0058836
-0.0058836
-0.0058836
-0.0058836
-0.0058836
-0.0058836
-0.0058836
-0.005859
-0.005859
-0.005859
-0.005859
-0.005859
-0.005859
-0.005859
-0.005859
-0.005859
-0.005859
-0.005859
-0.005859
-0.005859
-0.005859
-0.005859
-0.005859
-0.005859
-0.005859
-0.005859
-0.005859
-0.005859
-0.005859
-0.005859
-0.005859
-0.005859
-0.0058344
-0.0058344
-0.0058344
-0.0058344
-0.0058344
-0.0058344
-0.0058344
-0.0059328
-0.0059574
-0.0060067
-0.0060805
-0.0060805
-0.0060559
-0.0060067
-0.0060805
-0.0060067
-0.0058097
-0.0056128
-0.0055143
-0.0056128
-0.0057113
-0.0057851
-0.0058344
-0.005859
-0.005859
-0.0058836
-0.0058836
-0.0058836
-0.0058836
-0.0058836
-0.0058836
-0.0059082
-0.0059082
-0.0059082
-0.0059082
-0.0059082
-0.0059082
-0.0059082
-0.0059328
-0.0059328
-0.0059328
-0.0059328
-0.0059328
-0.0059328
-0.0059328
-0.0059328
-0.0059574
-0.0059821
-0.0059821
-0.0059821
-0.0059821
-0.0059821
-0.0060067
-0.0060067
-0.0060067
-0.0060067
-0.0060313
-0.0060313
-0.0060313
-0.0060313
-0.0060313
-0.0060313
-0.0060313
-0.0060067
-0.0060067
-0.0060067
-0.0059821
-0.0059821
-0.0059574
-0.0059328
-0.0059082
-0.0059082
-0.0058836
-0.0058836
-0.005859
-0.005859
-0.0058344
-0.0058344
-0.0058097
-0.0058097
-0.0058097
-0.0058097
-0.0058097
-0.0057851
-0.0057851
-0.0057851
-0.0057851
-0.0057851
-0.0057851
-0.0057851
-0.0057851
-0.0057851
-0.0057851
-0.0057851
-0.0057851
-0.0057851
-0.0057851
-0.0057851
-0.0057851
-0.0057851
-0.0057851
-0.0057851
-0.0057851
-0.0057851
-0.0057851
-0.0057851
-0.0057851
-0.0057851
-0.0057851
-0.0057851
-0.0057851
-0.0057851
-0.0057605
-0.0057605
-0.0057605
-0.0057605
-0.0057605
-0.0057605
-0.0057605
-0.0057605
-0.0057605
-0.0057605
-0.0057605
-0.0057605
-0.0057605
-0.0057605
-0.0057359
-0.0057359
-0.0057359
-0.0057359
-0.0057359
-0.0057359
-0.0057359
-0.0057359
-0.0057359
-0.0057359
-0.0057359
-0.0057359
-0.0057359
-0.0057359
-0.0057359
-0.0057359
-0.0057359
-0.0057359
-0.0057359
-0.0057359
-0.0057359
-0.0057359
-0.0057359
-0.0057359
-0.0057359
-0.0057359
-0.0057359
-0.0057359
-0.0057359
-0.0057359
-0.0057359
-0.0057359
-0.0057359
-0.0057359
-0.0057359
-0.0057359
-0.0057359
-0.0057359
-0.0057359
-0.0057359
-0.0057359
-0.0057359
-0.0057359
-0.0057113
-0.0057113
-0.0057113
-0.0057113
-0.0057359
-0.0057359
-0.0057113
-0.0057113
-0.0057113
-0.0057113
-0.0057113
-0.0057113
-0.0057113
-0.0057113
-0.0057113
-0.0057113
-0.0057113
-0.0057113
-0.0057113
-0.0056866
-0.0056866
-0.0056866
-0.0056866
-0.0056866
-0.0056866
-0.0056866
-0.0056866
-0.0056866
-0.0056866
-0.0056866
-0.0056866
-0.005662
-0.005662
-0.005662
-0.005662
-0.005662
-0.005662
-0.005662
-0.0057605
-0.0058097
-0.005859
-0.0059082
-0.0059082
-0.005859
-0.0058344
-0.0059082
-0.0057851
-0.0055882
-0.0053912
-0.005342
-0.0054651
-0.0055636
-0.0056128
-0.005662
-0.005662
-0.005662
-0.0056866
-0.0057113
-0.0057113
-0.0056866
-0.0057113
-0.0057113
-0.0057113
-0.0057113
-0.0057113
-0.0057113
-0.0057113
-0.0057113
-0.0057113
-0.0057113
-0.0057113
-0.0057113
-0.0057359
-0.0057359
-0.0057359
-0.0057359
-0.0057359
-0.0057359
-0.0057605
-0.0057605
-0.0057851
-0.0057851
-0.0057851
-0.0058097
-0.0058097
-0.0058097
-0.0058344
-0.0058344
-0.0058344
-0.005859
-0.005859
-0.005859
-0.005859
-0.005859
-0.005859
-0.0058344
-0.0058344
-0.0058344
-0.0058097
-0.0058097
-0.0057851
-0.0057851
-0.0057605
-0.0057605
-0.0057359
-0.0057113
-0.0057113
-0.0056866
-0.005662
-0.005662
-0.0056374
-0.0056374
-0.0056374
-0.0056374
-0.0056128
-0.0056128
-0.0056128
-0.0056128
-0.0056128
-0.0056128
-0.0056128
-0.0056128
-0.0056128
-0.0056128
-0.0056128
-0.0056128
-0.0056128
-0.0056128
-0.0056128
-0.0056128
-0.0056128
-0.0056128
-0.0056128
-0.0056128
-0.0056128
-0.0056128
-0.0056128
-0.0056128
-0.0055882
-0.0055882
-0.0055882
-0.0055882
-0.0055882
-0.0055882
-0.0055882
-0.0055882
-0.0056128
-0.0056128
-0.0055882
-0.0055882
-0.0055882
-0.0055882
-0.0055882
-0.0055882
-0.0055882
-0.0055882
-0.0055882
-0.0055882
-0.0055636
-0.0055636
-0.0055636
-0.0055636
-0.0055636
-0.0055636
-0.0055636
-0.0055636
-0.0055636
-0.0055636
-0.0055636
-0.0055636
-0.0055636
-0.0055636
-0.0055882
-0.0055882
-0.0055882
-0.0055882
-0.0056128
-0.0056128
-0.0056374
-0.0056374
-0.005662
-0.0056866
-0.0056866
-0.0057113
-0.0057113
-0.0057359
-0.0057359
-0.0057605
-0.0057851
-0.0058097
-0.0058344
-0.005859
-0.0059082
-0.0059328
-0.0059574
-0.0060067
-0.0060313
-0.0060805
-0.0062528
-0.0062775
-0.0063267
-0.0063513
-0.0064006
-0.0064252
-0.0064744
-0.006499
-0.0065236
-0.0065729
-0.0065975
-0.0066467
-0.0066713
-0.006696
-0.0067452
-0.0067698
-0.0068191
-0.0068437
-0.0068683
-0.0069175
-0.0069421
-0.0069914
-0.007016
-0.0070406
-0.0070652
-0.0071145
-0.0071391
-0.0071637
-0.0071883
-0.0072129
-0.0072622
-0.0072868
-0.0073114
-0.007336
-0.0073853
-0.0074099
-0.0074345
-0.0074591
-0.0075083
-0.007533
-0.0078038
-0.0079022
-0.0080007
-0.0080253
-0.0080007
-0.0080253
-0.0080992
-0.0080007
-0.0078284
-0.007656
-0.007656
-0.0077791
-0.0079022
-0.0080007
-0.0080499
-0.0080992
-0.0081484
-0.008173
-0.0082223
-0.0082469
-0.0082715
-0.0082961
-0.0083207
-0.0083453
-0.00837
-0.0083946
-0.0084438
-0.0084438
-0.0084684
-0.008493
-0.0085177
-0.0085669
-0.0085915
-0.0085915
-0.0086161
-0.0086407
-0.0086654
-0.00869
-0.0087392
-0.0087638
-0.0088869
-0.0089115
-0.0089362
-0.0089854
-0.00901
-0.0090346
-0.0090592
-0.0090839
-0.0091331
-0.0091577
-0.0091823
-0.009207
-0.0092316
-0.0092562
-0.0092808
-0.0093054
-0.00933
-0.0093547
-0.0093547
-0.0093793
-0.0094039
-0.0094039
-0.0094039
-0.0094285
-0.0094285
-0.0094285
-0.0094285
-0.0094531
-0.0094531
-0.0094531
-0.0094777
-0.0095024
-0.0095024
-0.009527
-0.0095516
-0.0095516
-0.0095762
-0.0096008
-0.0096254
-0.0096501
-0.0097732
-0.0097978
-0.0098224
-0.009847
-0.0098716
-0.0098962
-0.0099209
-0.0099455
-0.0099701
-0.0099947
-0.010019
-0.010044
-0.010044
-0.010093
-0.010118
-0.010142
-0.010167
-0.010167
-0.010192
-0.010216
-0.010241
-0.010266
-0.01029
-0.010315
-0.010339
-0.010364
-0.010389
-0.010413
-0.010438
-0.010462
-0.010487
-0.010487
-0.010512
-0.010536
-0.010561
-0.01061
-0.010635
-0.010659
-0.010684
-0.010709
-0.010807
-0.010832
-0.010881
-0.010906
-0.01093
-0.010955
-0.010979
-0.011004
-0.011029
-0.011053
-0.011078
-0.011102
-0.011152
-0.011176
-0.011201
-0.011226
-0.01125
-0.011275
-0.011299
-0.011324
-0.011349
-0.011373
-0.011398
-0.011423
-0.011447
-0.011472
-0.011496
-0.011546
-0.01157
-0.011595
-0.011619
-0.011644
-0.011644
-0.011669
-0.011693
-0.011718
-0.011743
-0.011792
-0.011792
-0.011816
-0.011915
-0.011915
-0.011939
-0.011964
-0.011989
-0.012013
-0.012038
-0.012038
-0.012063
-0.012087
-0.012112
-0.012136
-0.012161
-0.012186
-0.01221
-0.01221
-0.012235
-0.01226
-0.012284
-0.012309
-0.012333
-0.012333
-0.012358
-0.012383
-0.012407
-0.012407
-0.012432
-0.012456
-0.012481
-0.012506
-0.01253
-0.012555
-0.012555
-0.01258
-0.012604
-0.012604
-0.012629
-0.012653
-0.012678
-0.012703
-0.012875
-0.0129
-0.012973
-0.013072
-0.013121
-0.013121
-0.013072
-0.013121
-0.01317
-0.013023
-0.012826
-0.012678
-0.012727
-0.01285
-0.012949
-0.013023
-0.013047
-0.013072
-0.013121
-0.013146
-0.01317
-0.013195
-0.013195
-0.01322
-0.013244
-0.013269
-0.013293
-0.013318
-0.013343
-0.013343
-0.013367
-0.013392
-0.013392
-0.013417
-0.013441
-0.013466
-0.01349
-0.013515
-0.013515
-0.01354
-0.013638
-0.013663
-0.013687
-0.013687
-0.013712
-0.013737
-0.013761
-0.013786
-0.01381
-0.013835
-0.01386
-0.013884
-0.013909
-0.013934
-0.013958
-0.013958
-0.013983
-0.013983
-0.014007
-0.014007
-0.014032
-0.014032
-0.014032
-0.014032
-0.014032
-0.014032
-0.014032
-0.014032
-0.014032
-0.014032
-0.014032
-0.014057
-0.014057
-0.014057
-0.014057
-0.014057
-0.014081
-0.014081
-0.014106
-0.014106
-0.014155
-0.01418
-0.014204
-0.014204
-0.014229
-0.014229
-0.014254
-0.014254
-0.014278
-0.014278
-0.014278
-0.014303
-0.014303
-0.014327
-0.014352
-0.014352
-0.014377
-0.014377
-0.014401
-0.014401
-0.014426
-0.014426
-0.01445
-0.01445
-0.014475
-0.014475
-0.014475
-0.0145
-0.014524
-0.014524
-0.014524
-0.014549
-0.014549
-0.014574
-0.014574
-0.014598
-0.014598
-0.014598
-0.014623
-0.014623
-0.014672
-0.014697
-0.014721
-0.014721
-0.014721
-0.014746
-0.014771
-0.014771
-0.014795
-0.014795
-0.014795
-0.01482
-0.01482
-0.014844
-0.014844
-0.014869
-0.014894
-0.014894
-0.014918
-0.014918
-0.014943
-0.014967
-0.014967
-0.014992
-0.015017
-0.015017
-0.015041
-0.015041
-0.015041
-0.015066
-0.015066
-0.015091
-0.015091
-0.015115
-0.01514
-0.01514
-0.015164
-0.015164
-0.015189
-0.015189
-0.015263
-0.015263
-0.015263
-0.015287
-0.015312
-0.015337
-0.015337
-0.015361
-0.015361
-0.015361
-0.015386
-0.015411
-0.015411
-0.015435
-0.01546
-0.01546
-0.015484
-0.015509
-0.015509
-0.015509
-0.015534
-0.015558
-0.015558
-0.015583
-0.015608
-0.015608
-0.015632
-0.015632
-0.015657
-0.015657
-0.015681
-0.015681
-0.015706
-0.015706
-0.015731
-0.015731
-0.015755
-0.015755
-0.01578
-0.015804
-0.015977
-0.016051
-0.016124
-0.016174
-0.016149
-0.016124
-0.016174
-0.016174
-0.016026
-0.015829
-0.015681
-0.015731
-0.015878
-0.015977
-0.016026
-0.016075
-0.0161
-0.016124
-0.016149
-0.016174
-0.016174
-0.016198
-0.016198
-0.016223
-0.016248
-0.016248
-0.016272
-0.016272
-0.016297
-0.016321
-0.016321
-0.016346
-0.016346
-0.016371
-0.016395
-0.016395
-0.01642
-0.016445
-0.016445
-0.016469
-0.016543
-0.016568
-0.016592
-0.016617
-0.016641
-0.016666
-0.016691
-0.016691
-0.016715
-0.01674
-0.01674
-0.016765
-0.016789
-0.016789
-0.016814
-0.016838
-0.016838
-0.016838
-0.016863
-0.016863
-0.016863
-0.016863
-0.016863
-0.016863
-0.016863
-0.016863
-0.016838
-0.016838
-0.016838
-0.016838
-0.016863
-0.016863
-0.016863
-0.016863
-0.016863
-0.016863
-0.016863
-0.016888
-0.016888
-0.016888
-0.016937
-0.016961
-0.016961
-0.016961
-0.016986
-0.016986
-0.017011
-0.017011
-0.017035
-0.017035
-0.01706
-0.01706
-0.017085
-0.017085
-0.017109
-0.017109
-0.017109
-0.017134
-0.017134
-0.017158
-0.017158
-0.017158
-0.017183
-0.017183
-0.017208
-0.017208
-0.017208
-0.017232
-0.017232
-0.017257
-0.017257
-0.017257
-0.017281
-0.017281
-0.017281
-0.017306
-0.017306
-0.017306
-0.017306
-0.017331
-0.01738
-0.01738
-0.017405
-0.017405
-0.017405
-0.017429
-0.017429
-0.017454
-0.017454
-0.017454
-0.017478
-0.017478
-0.017503
-0.017503
-0.017503
-0.017528
-0.017528
-0.017552
-0.017552
-0.017552
-0.017577
-0.017577
-0.017602
-0.017602
-0.017626
-0.017626
-0.017626
-0.017651
-0.017651
-0.017651
-0.017675
-0.017675
-0.0177
-0.0177
-0.0177
-0.017725
-0.017725
-0.017725
-0.017749
-0.017749
-0.017798
-0.017823
-0.017823
-0.017848
-0.017848
-0.017872
-0.017872
-0.017897
-0.017897
-0.017922
-0.017922
-0.017922
-0.017922
-0.017946
-0.017946
-0.017971
-0.017971
-0.017995
-0.017995
-0.017995
-0.017995
-0.01802
-0.01802
-0.01802
-0.018045
-0.018045
-0.018069
-0.018069
-0.018069
-0.018069
-0.018094
-0.018094
-0.018094
-0.018118
-0.018168
-0.018217
-0.018242
-0.018315
-0.018389
-0.018439
