2018
3
20
17
2
3.4461
-0.052165
-0.052189
-0.052165
-0.05214
-0.05214
-0.052165
-0.052165
-0.052165
-0.05214
-0.05214
-0.05214
-0.052165
-0.05214
-0.052091
-0.052091
-0.052115
-0.052115
-0.052115
-0.052115
-0.052115
-0.052115
-0.05214
-0.05214
-0.052115
-0.05214
-0.05214
-0.052165
-0.052165
-0.05214
-0.052165
-0.052165
-0.052189
-0.052165
-0.052165
-0.052165
-0.052165
-0.052189
-0.052189
-0.052165
-0.052165
-0.052165
-0.052165
-0.052165
-0.052165
-0.052165
-0.05214
-0.05214
-0.05214
-0.052165
-0.052165
-0.05214
-0.05214
-0.05214
-0.05214
-0.05214
-0.052115
-0.052115
-0.05214
-0.05214
-0.05214
-0.052115
-0.052115
-0.05214
-0.05214
-0.05214
-0.052115
-0.052091
-0.052115
-0.052115
-0.052115
-0.052091
-0.052091
-0.052115
-0.052115
-0.052091
-0.052091
-0.052066
-0.052091
-0.052091
-0.052091
-0.052066
-0.052066
-0.052066
-0.052066
-0.052066
-0.052091
-0.052066
-0.052041
-0.052041
-0.052066
-0.052066
-0.052066
-0.052041
-0.052041
-0.052041
-0.052041
-0.052041
-0.052017
-0.052017
-0.052041
-0.052041
-0.052017
-0.051992
-0.051992
-0.051992
-0.052017
-0.052017
-0.051992
-0.051992
-0.052017
-0.052017
-0.052017
-0.051992
-0.051992
-0.051992
-0.052017
-0.051992
-0.051968
-0.051968
-0.051968
-0.051943
-0.051943
-0.051943
-0.051918
-0.051894
-0.051894
-0.051918
-0.051943
-0.051943
-0.051918
-0.051918
-0.051918
-0.051943
-0.051943
-0.051918
-0.051918
-0.051943
-0.051943
-0.051943
-0.051918
-0.051918
-0.051918
-0.051918
-0.051918
-0.051894
-0.051894
-0.051918
-0.051943
-0.051943
-0.051894
-0.05182
-0.051746
-0.051672
-0.051598
-0.051598
-0.051623
-0.051697
-0.051771
-0.051844
-0.051918
-0.051992
-0.051943
-0.051869
-0.051844
-0.051844
-0.051844
-0.05182
-0.05182
-0.05182
-0.05182
-0.051795
-0.051771
-0.051771
-0.051746
-0.051746
-0.051746
-0.051721
-0.051721
-0.051721
-0.051746
-0.051746
-0.051721
-0.051721
-0.051721
-0.051721
-0.051721
-0.051697
-0.051697
-0.051697
-0.051697
-0.051672
-0.051648
-0.051648
-0.051648
-0.051648
-0.051648
-0.051623
-0.051598
-0.051598
-0.051623
-0.051574
-0.051598
-0.051574
-0.051574
-0.051574
-0.051574
-0.051598
-0.051574
-0.051549
-0.051549
-0.051574
-0.051574
-0.051598
-0.051574
-0.051574
-0.051598
-0.051598
-0.051598
-0.051574
-0.051598
-0.051598
-0.051623
-0.051598
-0.051598
-0.051574
-0.051598
-0.051623
-0.051598
-0.051574
-0.051574
-0.051598
-0.051598
-0.051598
-0.051598
-0.051598
-0.051598
-0.051598
-0.051598
-0.051574
-0.051574
-0.051574
-0.051549
-0.051574
-0.051574
-0.051574
-0.051549
-0.051549
-0.051549
-0.051574
-0.051549
-0.051549
-0.051524
-0.051549
-0.051549
-0.051549
-0.051524
-0.051524
-0.051549
-0.051549
-0.051549
-0.051549
-0.051549
-0.051524
-0.051549
-0.051549
-0.0515
-0.0515
-0.0515
-0.051524
-0.051524
-0.0515
-0.0515
-0.0515
-0.0515
-0.0515
-0.0515
-0.051475
-0.051475
-0.0515
-0.051475
-0.0515
-0.051475
-0.051475
-0.051451
-0.051475
-0.0515
-0.0515
-0.051475
-0.051475
-0.0515
-0.0515
-0.0515
-0.051475
-0.051451
-0.051475
-0.051475
-0.051475
-0.051451
-0.051451
-0.051451
-0.051475
-0.051451
-0.051451
-0.051426
-0.051426
-0.051451
-0.051426
-0.051426
-0.051401
-0.051426
-0.051451
-0.051451
-0.051426
-0.051426
-0.051451
-0.051451
-0.051451
-0.051426
-0.051426
-0.051426
-0.051401
-0.051426
-0.051426
-0.051426
-0.051401
-0.051377
-0.051401
-0.051401
-0.051401
-0.051377
-0.051377
-0.051377
-0.051401
-0.051401
-0.051377
-0.051352
-0.051377
-0.051377
-0.051377
-0.051377
-0.051352
-0.051377
-0.051377
-0.051377
-0.051352
-0.051352
-0.051352
-0.051377
-0.051377
-0.051352
-0.051377
-0.051401
-0.051377
-0.051278
-0.05118
-0.051081
-0.051032
-0.051057
-0.051081
-0.051131
-0.051426
-0.051451
-0.051451
-0.051426
-0.051377
-0.051328
-0.051278
-0.051254
-0.051254
-0.051278
-0.051254
-0.051254
-0.051254
-0.051254
-0.051278
-0.051254
-0.051254
-0.051229
-0.051229
-0.051254
-0.051254
-0.051229
-0.051204
-0.051229
-0.051229
-0.051229
-0.051204
-0.051204
-0.051204
-0.051204
-0.051204
-0.051155
-0.051155
-0.051155
-0.051155
-0.051155
-0.051131
-0.051131
-0.051131
-0.051131
-0.051106
-0.051106
-0.051106
-0.051081
-0.051081
-0.051081
-0.051106
-0.051106
-0.051081
-0.051081
-0.051081
-0.051106
-0.051106
-0.051106
-0.051106
-0.051131
-0.051155
-0.051155
-0.051155
-0.051131
-0.051155
-0.05118
-0.05118
-0.051155
-0.051155
-0.05118
-0.05118
-0.05118
-0.05118
-0.051155
-0.05118
-0.05118
-0.05118
-0.051155
-0.051155
-0.05118
-0.05118
-0.051204
-0.05118
-0.051155
-0.05118
-0.05118
-0.05118
-0.051204
-0.05118
-0.051155
-0.051155
-0.05118
-0.05118
-0.051155
-0.051131
-0.051131
-0.051131
-0.051131
-0.051131
-0.051131
-0.051106
-0.051131
-0.051155
-0.051131
-0.051106
-0.051106
-0.051106
-0.051131
-0.051131
-0.051106
-0.051106
-0.051106
-0.051131
-0.051131
-0.051106
-0.051081
-0.051106
-0.051131
-0.051131
-0.051106
-0.051106
-0.051131
-0.051131
-0.051131
-0.051106
-0.051131
-0.051106
-0.051081
-0.051081
-0.051106
-0.051081
-0.051081
-0.051057
-0.051081
-0.051081
-0.051081
-0.051081
-0.051081
-0.051081
-0.051106
-0.051081
-0.051081
-0.051057
-0.051081
-0.051081
-0.051081
-0.051057
-0.051057
-0.051057
-0.051081
-0.051057
-0.051057
-0.051032
-0.051032
-0.051032
-0.051032
-0.051007
-0.051007
-0.051007
-0.051032
-0.051032
-0.051007
-0.050983
-0.050983
-0.050958
-0.050983
-0.050983
-0.050958
-0.050958
-0.050934
-0.050934
-0.050958
-0.050934
-0.050934
-0.050934
-0.050934
-0.050934
-0.050934
-0.050934
-0.050909
-0.050934
-0.050934
-0.050909
-0.050884
-0.050884
-0.050884
-0.050884
-0.050884
-0.05086
-0.05086
-0.05086
-0.050884
-0.05086
-0.05086
-0.05086
-0.05086
-0.050884
-0.050884
-0.05086
-0.05086
-0.05086
-0.05086
-0.05086
-0.05086
-0.050884
-0.05086
-0.050761
-0.050687
-0.050614
-0.050564
-0.050564
-0.050589
-0.050663
-0.050737
-0.050811
-0.05086
-0.050934
-0.050983
-0.050983
-0.050934
-0.05086
-0.050835
-0.050811
-0.050786
-0.050761
-0.050761
-0.050761
-0.050761
-0.050761
-0.050737
-0.050737
-0.050737
-0.050761
-0.050737
-0.050737
-0.050712
-0.050712
-0.050737
-0.050737
-0.050712
-0.050712
-0.050712
-0.050737
-0.050737
-0.050712
-0.050712
-0.050687
-0.050663
-0.050663
-0.050687
-0.050687
-0.050663
-0.050638
-0.050638
-0.050638
-0.050638
-0.050614
-0.050614
-0.050614
-0.050614
-0.050614
-0.050589
-0.050564
-0.050589
-0.050589
-0.050589
-0.050589
-0.050564
-0.050589
-0.050614
-0.050614
-0.050614
-0.050614
-0.050614
-0.050638
-0.050638
-0.050638
-0.050638
-0.050638
-0.050663
-0.050638
-0.050638
-0.050638
-0.050638
-0.050614
-0.050614
-0.050638
-0.050638
-0.050614
-0.050614
-0.050614
-0.050614
-0.050614
-0.050589
-0.050589
-0.050614
-0.050614
-0.050614
-0.050589
-0.050589
-0.050589
-0.050589
-0.050589
-0.050564
-0.05054
-0.05054
-0.050564
-0.050564
-0.05054
-0.05054
-0.05054
-0.050564
-0.050564
-0.05054
-0.050515
-0.05054
-0.05054
-0.05054
-0.050515
-0.050515
-0.050515
-0.05054
-0.05054
-0.050515
-0.050515
-0.050491
-0.050466
-0.050466
-0.050466
-0.050466
-0.050466
-0.050441
-0.050441
-0.050466
-0.050466
-0.050466
-0.050441
-0.050441
-0.050466
-0.050466
-0.050441
-0.050441
-0.050441
-0.050441
-0.050441
-0.050417
-0.050392
-0.050417
-0.050417
-0.050417
-0.050392
-0.050392
-0.050392
-0.050417
-0.050417
-0.050392
-0.050367
-0.050367
-0.050392
-0.050392
-0.050392
-0.050367
-0.050367
-0.050367
-0.050343
-0.050343
-0.050343
-0.050318
-0.050294
-0.050318
-0.050318
-0.050318
-0.050294
-0.050294
-0.050294
-0.050294
-0.050294
-0.050269
-0.050244
-0.050244
-0.050269
-0.050269
-0.050244
-0.050244
-0.050244
-0.050269
-0.050269
-0.050244
-0.05022
-0.050244
-0.050244
-0.050244
-0.05022
-0.05022
-0.050195
-0.05022
-0.05022
-0.050195
-0.05017
-0.05017
-0.050195
-0.050195
-0.05017
-0.05017
-0.05017
-0.05017
-0.05017
-0.05017
-0.050195
-0.05017
-0.050146
-0.050146
-0.05017
-0.05017
-0.050146
-0.050146
-0.050146
-0.05017
-0.050195
-0.050195
-0.050146
-0.050072
-0.049998
-0.049924
-0.04985
-0.04985
-0.049875
-0.049924
-0.049998
-0.050072
-0.050121
-0.050195
-0.050244
-0.050269
-0.050195
-0.050146
-0.050097
-0.050072
-0.050047
-0.050023
-0.050023
-0.050023
-0.050023
-0.050023
-0.049998
-0.049998
-0.049998
-0.049974
-0.049974
-0.049974
-0.049974
-0.049949
-0.049949
-0.049949
-0.049949
-0.049949
-0.049924
-0.049924
-0.049924
-0.049924
-0.049924
-0.0499
-0.049875
-0.049875
-0.049875
-0.049875
-0.04985
-0.049826
-0.049826
-0.049826
-0.049826
-0.049801
-0.049777
-0.049777
-0.049801
-0.049801
-0.049777
-0.049777
-0.049777
-0.049777
-0.049777
-0.049777
-0.049752
-0.049777
-0.049777
-0.049801
-0.049801
-0.049826
-0.049826
-0.049826
-0.049826
-0.04985
-0.049875
-0.04985
-0.049826
-0.04985
-0.04985
-0.04985
-0.04985
-0.049826
-0.049826
-0.04985
-0.04985
-0.04985
-0.049826
-0.049826
-0.049826
-0.04985
-0.049826
-0.049801
-0.049826
-0.049826
-0.049826
-0.049826
-0.049801
-0.049801
-0.049826
-0.049826
-0.049801
-0.049801
-0.049801
-0.049801
-0.049801
-0.049801
-0.049801
-0.049801
-0.049777
-0.049801
-0.049801
-0.049801
-0.049777
-0.049777
-0.049777
-0.049777
-0.049777
-0.049752
-0.049752
-0.049752
-0.049752
-0.049752
-0.049727
-0.049727
-0.049727
-0.049752
-0.049752
-0.049727
-0.049703
-0.049703
-0.049727
-0.049727
-0.049703
-0.049703
-0.049678
-0.049703
-0.049703
-0.049703
-0.049678
-0.049678
-0.049703
-0.049703
-0.049678
-0.049678
-0.049678
-0.049678
-0.049654
-0.049654
-0.049654
-0.049629
-0.049629
-0.049629
-0.049654
-0.049654
-0.049654
-0.049629
-0.049629
-0.049654
-0.049654
-0.049654
-0.049629
-0.049654
-0.049654
-0.049654
-0.049629
-0.049629
-0.049604
-0.049629
-0.049629
-0.049629
-0.049604
-0.049604
-0.049604
-0.049604
-0.049604
-0.04958
-0.04958
-0.049604
-0.049604
-0.04958
-0.04958
-0.04958
-0.04958
-0.04958
-0.04958
-0.049555
-0.049555
-0.049555
-0.049555
-0.049555
-0.04953
-0.04953
-0.04953
-0.04953
-0.04953
-0.04953
-0.04953
-0.049555
-0.049555
-0.04953
-0.04953
-0.04953
-0.049555
-0.049555
-0.049555
-0.04953
-0.049555
-0.049555
-0.049555
-0.049555
-0.04953
-0.04953
-0.049555
-0.049555
-0.049555
-0.049555
-0.049555
-0.04958
-0.049506
-0.049407
-0.049309
-0.049235
-0.04926
-0.04926
-0.049309
-0.049358
-0.049678
-0.049678
-0.049654
-0.049629
-0.04958
-0.04953
-0.049481
-0.049481
-0.049481
-0.049481
-0.049481
-0.049457
-0.049457
-0.049457
-0.049457
-0.049457
-0.049432
-0.049432
-0.049432
-0.049432
-0.049407
-0.049407
-0.049383
-0.049407
-0.049407
-0.049383
-0.049358
-0.049358
-0.049383
-0.049383
-0.049358
-0.049358
-0.049334
-0.049358
-0.049358
-0.049334
-0.049309
-0.049309
-0.049309
-0.049309
-0.04926
-0.04926
-0.04926
-0.049235
-0.049235
-0.049235
-0.049235
-0.049235
-0.049235
-0.049235
-0.04926
-0.04926
-0.04926
-0.049235
-0.04926
-0.04926
-0.049284
-0.049284
-0.04926
-0.049284
-0.049284
-0.049284
-0.049284
-0.04926
-0.049284
-0.049284
-0.049309
-0.049284
-0.049284
-0.049284
-0.049284
-0.049284
-0.049284
-0.049284
-0.049284
-0.049309
-0.049309
-0.049309
-0.049284
-0.049284
-0.04926
-0.04926
-0.04926
-0.04926
-0.04926
-0.049235
-0.049235
-0.04926
-0.04926
-0.049235
-0.04921
-0.04921
-0.049235
-0.049235
-0.049235
-0.04921
-0.049235
-0.049235
-0.049235
-0.049235
-0.04921
-0.04921
-0.049235
-0.049235
-0.04921
-0.04921
-0.04921
-0.04921
-0.049235
-0.04921
-0.049186
-0.049186
-0.04921
-0.04921
-0.04921
-0.049186
-0.049186
-0.04921
-0.04921
-0.04921
-0.049186
-0.049186
-0.049161
-0.049161
-0.049186
-0.049186
-0.049186
-0.049161
-0.049161
-0.049161
-0.049161
-0.049161
-0.049161
-0.049161
-0.049161
-0.049186
-0.049161
-0.049161
-0.049137
-0.049161
-0.049161
-0.049137
-0.049137
-0.049112
-0.049137
-0.049137
-0.049137
-0.049112
-0.049112
-0.049137
-0.049137
-0.049112
-0.049112
-0.049112
-0.049112
-0.049112
-0.049112
-0.049112
-0.049087
-0.049112
-0.049087
-0.049112
-0.049112
-0.049087
-0.049087
-0.049087
-0.049087
-0.049112
-0.049087
-0.049087
-0.049087
-0.049087
-0.049087
-0.049087
-0.049063
-0.049063
-0.049063
-0.049087
-0.049063
-0.049038
-0.049038
-0.049063
-0.049063
-0.049038
-0.049038
-0.049038
-0.049063
-0.049063
-0.049063
-0.049038
-0.049038
-0.049038
-0.049038
-0.049038
-0.049013
-0.049013
-0.049038
-0.049038
-0.049013
-0.048989
-0.049038
-0.049038
-0.049063
-0.049038
-0.048915
-0.048841
-0.048743
-0.048669
-0.048693
-0.048743
-0.048792
-0.048866
-0.04894
-0.049038
-0.049112
-0.049137
-0.049112
-0.049087
-0.049038
-0.049013
-0.048964
-0.048915
-0.048915
-0.048915
-0.048915
-0.04889
-0.04889
-0.04889
-0.04889
-0.04889
-0.048866
-0.048841
-0.048841
-0.048866
-0.048866
-0.048866
-0.048841
-0.048841
-0.048841
-0.048841
-0.048841
-0.048841
-0.048817
-0.048792
-0.048792
-0.048792
-0.048792
-0.048767
-0.048743
-0.048743
-0.048743
-0.048743
-0.048743
-0.048718
-0.048718
-0.048718
-0.048718
-0.048718
-0.048693
-0.048693
-0.048693
-0.048718
-0.048693
-0.048693
-0.048693
-0.048718
-0.048718
-0.048718
-0.048718
-0.048718
-0.048718
-0.048743
-0.048743
-0.048743
-0.048743
-0.048767
-0.048767
-0.048767
-0.048767
-0.048767
-0.048767
-0.048767
-0.048792
-0.048792
-0.048792
-0.048792
-0.048767
-0.048792
-0.048792
-0.048792
-0.048767
-0.048767
-0.048792
-0.048792
-0.048792
-0.048792
-0.048792
-0.048792
-0.048817
-0.048792
-0.048792
-0.048792
-0.048792
-0.048792
-0.048767
-0.048767
-0.048743
-0.048767
-0.048767
-0.048767
-0.048743
-0.048743
-0.048767
-0.048767
-0.048767
-0.048743
-0.048743
-0.048743
-0.048743
-0.048743
-0.048743
-0.048743
-0.048718
-0.048718
-0.048718
-0.048743
-0.048718
-0.048718
-0.048718
-0.048718
-0.048743
-0.048718
-0.048718
-0.048718
-0.048718
-0.048743
-0.048743
-0.048718
-0.048718
-0.048718
-0.048743
-0.048718
-0.048718
-0.048693
-0.048718
-0.048718
-0.048718
-0.048693
-0.048693
-0.048693
-0.048693
-0.048693
-0.048669
-0.048669
-0.048693
-0.048693
-0.048693
-0.048669
-0.048669
-0.048669
-0.048644
-0.048669
-0.048669
-0.048669
-0.048644
-0.048644
-0.048644
-0.048644
-0.048644
-0.04862
-0.04862
-0.048644
-0.048644
-0.048644
-0.04862
-0.04862
-0.04862
-0.048644
-0.048644
-0.04862
-0.04862
-0.048644
-0.048644
-0.048644
-0.048595
-0.048595
-0.048595
-0.04862
-0.04862
-0.048595
-0.04857
-0.048595
-0.048595
-0.048595
-0.04857
-0.04857
-0.04857
-0.04857
-0.04857
-0.048546
-0.04857
-0.048546
-0.048546
-0.048546
-0.048546
-0.048521
-0.048521
-0.048497
-0.048546
-0.04857
-0.04857
-0.048546
-0.048472
-0.048373
-0.0483
-0.04825
-0.048201
-0.048201
-0.04825
-0.0483
-0.048398
-0.048447
-0.048521
-0.048595
-0.04862
-0.04857
-0.048497
-0.048447
-0.048423
-0.048398
-0.048373
-0.048349
-0.048324
-0.048324
-0.048324
-0.048324
-0.0483
-0.0483
-0.0483
-0.0483
-0.048275
-0.04825
-0.048226
-0.048226
-0.048201
-0.048226
-0.048201
-0.048176
-0.048152
-0.048152
-0.048176
-0.048152
-0.048127
-0.048127
-0.048127
-0.048127
-0.048103
-0.048078
-0.048053
-0.048053
-0.048053
-0.048053
-0.048053
-0.048004
-0.048004
-0.048029
-0.04798
-0.047955
-0.047955
-0.047955
-0.047955
-0.047955
-0.047955
-0.04793
-0.047955
-0.047955
-0.047955
-0.047955
-0.047955
-0.04798
-0.04798
-0.04798
-0.047955
-0.04793
-0.04793
-0.04793
-0.047955
-0.04793
-0.04793
-0.047906
-0.04793
-0.04793
-0.047906
-0.047881
-0.047881
-0.047881
-0.047881
-0.047881
-0.047856
-0.047856
-0.047856
-0.047856
-0.047856
-0.047832
-0.047832
-0.047832
-0.047832
-0.047832
-0.047807
-0.047783
-0.047807
-0.047807
-0.047783
-0.047783
-0.047758
-0.047783
-0.047783
-0.047758
-0.047758
-0.047733
-0.047733
-0.047709
-0.047733
-0.047733
-0.047733
-0.047709
-0.047684
-0.047709
-0.047709
-0.047709
-0.047684
-0.04766
-0.047684
-0.047684
-0.047684
-0.047684
-0.04766
-0.047684
-0.047684
-0.047684
-0.04766
-0.04766
-0.04766
-0.047684
-0.04766
-0.04766
-0.047635
-0.04766
-0.04766
-0.047635
-0.04761
-0.04761
-0.04761
-0.047635
-0.04761
-0.04761
-0.047586
-0.047586
-0.04761
-0.047586
-0.047586
-0.047561
-0.047561
-0.047536
-0.047536
-0.047536
-0.047536
-0.047512
-0.047487
-0.047512
-0.047512
-0.047512
-0.047487
-0.047463
-0.047487
-0.047487
-0.047487
-0.047463
-0.047463
-0.047463
-0.047463
-0.047463
-0.047438
-0.047438
-0.047438
-0.047463
-0.047438
-0.047438
-0.047438
-0.047438
-0.047463
-0.047438
-0.047413
-0.047413
-0.047413
-0.047413
-0.047389
-0.047364
-0.047339
-0.047364
-0.047339
-0.047339
-0.047339
-0.047339
-0.047315
-0.047315
-0.047315
-0.047339
-0.047339
-0.047315
-0.047315
-0.047315
-0.047315
-0.047315
-0.04729
-0.04729
-0.047315
-0.047339
-0.047364
-0.04729
-0.047192
-0.047093
-0.047044
-0.04697
-0.04697
-0.046995
-0.047044
-0.047167
-0.047241
-0.047315
-0.047364
-0.047413
-0.047413
-0.047364
-0.04729
-0.047241
-0.047216
-0.047216
-0.047216
-0.047192
-0.047167
-0.047167
-0.047143
-0.047143
-0.047167
-0.047143
-0.047118
-0.047118
-0.047143
-0.047143
-0.047143
-0.047118
-0.047118
-0.047118
-0.047093
-0.047093
-0.047069
-0.047069
-0.047093
-0.047093
-0.047093
-0.047069
-0.047069
-0.047069
-0.047069
-0.047069
-0.047044
-0.047019
-0.047019
-0.047019
-0.046995
-0.046995
-0.04697
-0.04697
-0.046995
-0.04697
-0.046946
-0.046946
-0.04697
-0.04697
-0.04697
-0.046995
-0.046995
-0.046995
-0.046995
-0.046995
-0.047019
-0.046995
-0.046995
-0.047019
-0.047019
-0.047019
-0.047019
-0.047019
-0.047019
-0.047019
-0.047019
-0.047019
-0.047019
-0.047019
-0.047019
-0.047019
-0.047019
-0.047019
-0.047019
-0.047044
-0.047044
-0.047044
-0.047044
-0.047019
-0.047019
-0.047044
-0.047044
-0.047019
-0.046995
-0.046995
-0.047019
-0.047019
-0.046995
-0.046995
-0.046995
-0.046995
-0.046995
-0.046995
-0.046995
-0.046995
-0.04697
-0.04697
-0.046995
-0.046995
-0.04697
-0.04697
-0.04697
-0.046995
-0.046995
-0.04697
-0.04697
-0.046995
-0.046995
-0.046995
-0.04697
-0.04697
-0.04697
-0.046995
-0.04697
-0.04697
-0.046946
-0.04697
-0.04697
-0.04697
-0.04697
-0.046946
-0.04697
-0.04697
-0.04697
-0.04697
-0.046946
-0.04697
-0.04697
-0.04697
-0.04697
-0.04697
-0.046946
-0.046946
-0.046946
-0.04697
-0.046946
-0.046946
-0.046921
-0.046921
-0.046946
-0.046946
-0.046921
-0.046921
-0.046921
-0.046946
-0.046946
-0.046921
-0.046921
-0.046921
-0.046946
-0.046921
-0.046921
-0.046896
-0.046921
-0.046921
-0.046921
-0.046896
-0.046896
-0.046896
-0.046896
-0.046896
-0.046896
-0.046872
-0.046896
-0.046896
-0.046896
-0.046896
-0.046872
-0.046872
-0.046847
-0.046872
-0.046872
-0.046872
-0.046872
-0.046847
-0.046872
-0.046872
-0.046872
-0.046872
-0.046847
-0.046847
-0.046872
-0.046872
-0.046847
-0.046847
-0.046847
-0.046872
-0.046872
-0.046872
-0.046872
-0.046896
-0.046847
-0.046749
-0.04665
-0.046552
-0.046527
-0.046552
-0.046601
-0.04665
-0.046749
-0.046823
-0.046896
-0.04697
-0.04697
-0.046946
-0.046921
-0.046872
-0.046823
-0.046798
-0.046773
-0.046749
-0.046749
-0.046749
-0.046749
-0.046724
-0.046699
-0.046699
-0.046724
-0.046724
-0.046699
-0.046699
-0.046699
-0.046699
-0.046675
-0.046675
-0.04665
-0.04665
-0.046675
-0.04665
-0.046626
-0.046601
-0.046601
-0.046601
-0.046601
-0.046576
-0.046576
-0.046576
-0.046576
-0.046576
-0.046552
-0.046527
-0.046527
-0.046552
-0.046552
-0.046502
-0.046453
-0.046478
-0.046478
-0.046478
-0.046478
-0.046478
-0.046478
-0.046478
-0.046478
-0.046502
-0.046527
-0.046502
-0.046502
-0.046527
-0.046552
-0.046552
-0.046552
-0.046527
-0.046552
-0.046552
-0.046576
-0.046576
-0.046576
-0.046576
-0.046601
-0.046601
-0.046576
-0.046576
-0.046576
-0.046576
-0.046576
-0.046552
-0.046552
-0.046552
-0.046552
-0.046552
-0.046552
-0.046527
-0.046527
-0.046552
-0.046527
-0.046527
-0.046502
-0.046502
-0.046478
-0.046478
-0.046453
-0.046453
-0.046453
-0.046478
-0.046453
-0.046453
-0.046429
-0.046429
-0.046429
-0.046429
-0.046429
-0.046404
-0.046404
-0.046429
-0.046429
-0.046404
-0.046404
-0.046404
-0.046404
-0.046404
-0.046404
-0.046404
-0.046404
-0.046429
-0.046429
-0.046404
-0.046404
-0.046404
-0.046404
-0.046404
-0.046404
-0.046379
-0.046379
-0.046404
-0.046404
-0.046379
-0.046379
-0.046379
-0.046355
-0.046355
-0.046355
-0.046355
-0.04633
-0.04633
-0.04633
-0.04633
-0.04633
-0.046306
-0.046306
-0.046306
-0.04633
-0.04633
-0.046306
-0.046281
-0.046281
-0.046281
-0.046281
-0.046281
-0.046256
-0.046281
-0.046281
-0.046281
-0.046281
-0.046256
-0.046256
-0.046256
-0.046256
-0.046256
-0.046232
-0.046232
-0.046256
-0.046232
-0.046232
-0.046207
-0.046207
-0.046232
-0.046232
-0.046232
-0.046207
-0.046207
-0.046207
-0.046207
-0.046207
-0.046182
-0.046182
-0.046207
-0.046207
-0.046207
-0.046207
-0.046232
-0.046207
-0.046084
-0.045986
-0.045912
-0.045862
-0.045887
-0.045912
-0.045986
-0.046059
-0.046133
-0.046232
-0.046306
-0.046306
-0.046281
-0.046256
-0.046207
-0.046158
-0.046133
-0.046084
-0.046084
-0.046084
-0.046084
-0.046084
-0.046059
-0.046059
-0.046059
-0.046059
-0.046035
-0.046035
-0.046035
-0.04601
-0.04601
-0.04601
-0.04601
-0.04601
-0.045986
-0.045986
-0.04601
-0.04601
-0.045986
-0.045986
-0.045986
-0.045986
-0.045986
-0.045961
-0.045961
-0.045936
-0.045936
-0.045936
-0.045912
-0.045912
-0.045912
-0.045912
-0.045912
-0.045887
-0.045887
-0.045887
-0.045912
-0.045912
-0.045887
-0.045887
-0.045887
-0.045912
-0.045936
-0.045912
-0.045912
-0.045936
-0.045961
-0.045961
-0.045961
-0.045986
-0.045961
-0.045961
-0.045961
-0.045986
-0.045986
-0.045986
-0.045986
-0.045986
-0.045986
-0.045986
-0.045986
-0.045961
-0.045986
-0.045986
-0.045986
-0.045986
-0.045961
-0.045961
-0.045986
-0.045986
-0.045961
-0.045961
-0.045961
-0.045961
-0.045961
-0.045961
-0.045936
-0.045936
-0.045961
-0.045961
-0.045936
-0.045936
-0.045936
-0.045936
-0.045936
-0.045912
-0.045912
-0.045912
-0.045912
-0.045912
-0.045912
-0.045912
-0.045887
-0.045887
-0.045887
-0.045912
-0.045912
-0.045887
-0.045887
-0.045887
-0.045887
-0.045887
-0.045887
-0.045862
-0.045887
-0.045887
-0.045887
-0.045887
-0.045862
-0.045862
-0.045887
-0.045887
-0.045862
-0.045838
-0.045862
-0.045862
-0.045862
-0.045838
-0.045838
-0.045838
-0.045862
-0.045862
-0.045838
-0.045838
-0.045838
-0.045838
-0.045838
-0.045838
-0.045838
-0.045813
-0.045813
-0.045813
-0.045813
-0.045813
-0.045813
-0.045789
-0.045789
-0.045813
-0.045813
-0.045813
-0.045813
-0.045813
-0.045813
-0.045838
-0.045813
-0.045789
-0.045789
-0.045789
-0.045813
-0.045789
-0.045764
-0.045764
-0.045789
-0.045789
-0.045764
-0.045764
-0.045764
-0.045764
-0.045764
-0.045764
-0.045764
-0.045764
-0.045764
-0.045764
-0.045764
-0.045739
-0.045739
-0.045715
-0.045715
-0.045739
-0.045764
-0.045764
-0.045764
-0.045715
-0.045616
-0.045542
-0.045469
-0.045419
-0.045419
-0.045469
-0.045567
-0.045641
-0.045715
-0.045789
-0.045862
-0.045887
-0.045862
-0.045813
-0.045764
-0.045715
-0.04569
-0.045665
-0.045665
-0.045641
-0.045665
-0.045665
-0.045665
-0.045641
-0.045641
-0.045641
-0.045641
-0.045641
-0.045616
-0.045616
-0.045616
-0.045616
-0.045616
-0.045592
-0.045592
-0.045567
-0.045567
-0.045567
-0.045567
-0.045567
-0.045542
-0.045518
-0.045518
-0.045518
-0.045518
-0.045493
-0.045493
-0.045493
-0.045493
-0.045493
-0.045493
-0.045469
-0.045493
-0.045493
-0.045469
-0.045444
-0.045444
-0.045444
-0.045469
-0.045444
-0.045444
-0.045444
-0.045469
-0.045469
-0.045469
-0.045469
-0.045469
-0.045493
-0.045518
-0.045518
-0.045493
-0.045493
-0.045518
-0.045518
-0.045542
-0.045542
-0.045542
-0.045542
-0.045542
-0.045567
-0.045567
-0.045567
-0.045542
-0.045542
-0.045542
-0.045567
-0.045542
-0.045542
-0.045542
-0.045542
-0.045542
-0.045518
-0.045493
-0.045493
-0.045518
-0.045518
-0.045493
-0.045493
-0.045493
-0.045493
-0.045518
-0.045493
-0.045493
-0.045493
-0.045493
-0.045493
-0.045493
-0.045469
-0.045469
-0.045493
-0.045493
-0.045493
-0.045469
-0.045469
-0.045469
-0.045469
-0.045469
-0.045469
-0.045469
-0.045444
-0.045444
-0.045444
-0.045444
-0.045444
-0.045419
-0.045419
-0.045444
-0.045444
-0.045444
-0.045419
-0.045419
-0.045419
-0.045444
-0.045444
-0.045419
-0.045419
-0.045419
-0.045419
-0.045419
-0.045395
-0.045395
-0.045395
-0.045395
-0.045395
-0.045395
-0.045395
-0.045395
-0.045395
-0.045395
-0.04537
-0.04537
-0.04537
-0.045395
-0.04537
-0.045395
-0.04537
-0.04537
-0.04537
-0.04537
-0.04537
-0.04537
-0.04537
-0.04537
-0.04537
-0.045395
-0.04537
-0.04537
-0.045345
-0.045345
-0.04537
-0.045345
-0.045321
-0.045321
-0.045321
-0.045321
-0.045321
-0.045296
-0.045296
-0.045321
-0.045321
-0.045296
-0.045296
-0.045272
-0.045296
-0.045296
-0.045296
-0.045296
-0.045296
-0.045296
-0.045296
-0.045296
-0.045272
-0.045272
-0.045296
-0.045321
-0.045321
-0.045272
-0.045173
-0.045075
-0.045001
-0.044976
-0.045001
-0.04505
-0.045124
-0.045198
-0.045296
-0.04537
-0.045419
-0.045419
-0.04537
-0.045345
-0.045296
-0.045247
-0.045222
-0.045198
-0.045222
-0.045222
-0.045222
-0.045198
-0.045198
-0.045198
-0.045198
-0.045198
-0.045173
-0.045173
-0.045173
-0.045173
-0.045173
-0.045149
-0.045149
-0.045149
-0.045149
-0.045149
-0.045149
-0.045149
-0.045124
-0.045124
-0.045124
-0.045124
-0.045099
-0.045075
-0.045075
-0.045075
-0.045075
-0.045075
-0.04505
-0.04505
-0.04505
-0.04505
-0.04505
-0.045025
-0.045025
-0.045025
-0.04505
-0.04505
-0.045025
-0.045025
-0.045025
-0.04505
-0.045025
-0.045025
-0.045025
-0.04505
-0.04505
-0.04505
-0.04505
-0.04505
-0.045075
-0.045099
-0.045075
-0.045075
-0.045075
-0.045075
-0.045075
-0.045099
-0.045099
-0.045099
-0.045075
-0.045075
-0.045099
-0.045099
-0.045099
-0.045075
-0.045075
-0.045075
-0.045075
-0.045075
-0.04505
-0.04505
-0.04505
-0.045075
-0.04505
-0.04505
-0.045025
-0.045025
-0.04505
-0.045025
-0.045025
-0.045001
-0.045025
-0.045025
-0.045001
-0.045001
-0.045001
-0.045001
-0.045025
-0.045025
-0.045001
-0.045001
-0.045001
-0.045001
-0.045001
-0.045001
