2018
3
20
16
54
30.126
0.062405
0.062381
0.062381
0.062381
0.062381
0.062381
0.062356
0.062332
0.062332
0.062307
0.062282
0.062282
0.062258
0.062233
0.062208
0.062208
0.062159
0.062135
0.06211
0.062085
0.062085
0.062061
0.062036
0.062012
0.061987
0.061987
0.061962
0.061962
0.061938
0.061938
0.061938
0.061938
0.061913
0.061913
0.061913
0.061913
0.061888
0.061864
0.061864
0.061864
0.061815
0.061839
0.061839
0.061839
0.061864
0.061864
0.061888
0.061913
0.061938
0.061938
0.061913
0.061913
0.061938
0.061938
0.061938
0.061938
0.061938
0.061962
0.061987
0.061987
0.061987
0.061987
0.061987
0.061938
0.061913
0.061888
0.061888
0.061888
0.061864
0.061864
0.061864
0.061864
0.061888
0.061888
0.061913
0.061913
0.061913
0.061913
0.061913
0.061888
0.061839
0.061815
0.06179
0.06179
0.06179
0.06179
0.06179
0.06179
0.06179
0.06179
0.061765
0.061765
0.061765
0.061765
0.06179
0.061815
0.06179
0.06179
0.061765
0.061765
0.061765
0.061741
0.061716
0.061691
0.061691
0.061667
0.061642
0.061618
0.061618
0.061618
0.061593
0.061593
0.061593
0.061593
0.061593
0.061568
0.061568
0.061544
0.061544
0.061544
0.061519
0.061519
0.061519
0.061495
0.061495
0.06147
0.06147
0.061445
0.061495
0.061568
0.061618
0.061618
0.061618
0.061593
0.061593
0.061544
0.061371
0.061101
0.060805
0.060559
0.060461
0.060411
0.060411
0.060461
0.060485
0.060534
0.060559
0.060559
0.060534
0.060534
0.06051
0.060485
0.060461
0.060411
0.060411
0.060387
0.060338
0.060313
0.060288
0.060264
0.060214
0.060214
0.060214
0.060239
0.060239
0.060239
0.060239
0.060239
0.060239
0.060214
0.060214
0.060214
0.060214
0.060214
0.06019
0.060165
0.060141
0.060141
0.060116
0.060116
0.060091
0.060067
0.060067
0.060042
0.060018
0.059993
0.059993
0.059968
0.059944
0.059919
0.059894
0.05987
0.05987
0.059821
0.059796
0.059771
0.059747
0.059747
0.059722
0.059722
0.059599
0.059574
0.059574
0.059574
0.05955
0.059525
0.059525
0.059501
0.059476
0.059451
0.059427
0.059427
0.059402
0.059402
0.059402
0.059377
0.059377
0.059353
0.059353
0.059353
0.059328
0.059328
0.059304
0.059304
0.059304
0.059279
0.059254
0.059254
0.059254
0.059254
0.059254
0.05923
0.05923
0.05923
0.059205
0.059205
0.059181
0.059181
0.059181
0.059181
0.059131
0.059131
0.059107
0.059107
0.059107
0.059082
0.059082
0.059082
0.059057
0.059057
0.059057
0.059057
0.059033
0.059008
0.059008
0.059008
0.058984
0.058984
0.058959
0.058959
0.058959
0.058934
0.058934
0.058934
0.058934
0.05891
0.05891
0.05891
0.05891
0.05891
0.05891
0.05891
0.058885
0.058885
0.05886
0.05886
0.05886
0.058836
0.058811
0.058811
0.058787
0.058787
0.058787
0.058787
0.058787
0.058787
0.058787
0.058787
0.058762
0.058737
0.058737
0.058737
0.058737
0.058713
0.058713
0.058713
0.058713
0.058713
0.058713
0.058688
0.058688
0.058688
0.058664
0.058664
0.058639
0.058639
0.058639
0.058639
0.058614
0.05859
0.05859
0.05859
0.05859
0.058565
0.05854
0.05854
0.05854
0.05854
0.05854
0.058516
0.058565
0.058614
0.058639
0.058664
0.058688
0.058737
0.058811
0.058787
0.058639
0.058393
0.058171
0.058023
0.057974
0.058023
0.058097
0.058171
0.058245
0.058294
0.058319
0.058344
0.058368
0.058368
0.058393
0.058393
0.058393
0.058393
0.058393
0.058368
0.058368
0.058368
0.058344
0.058344
0.058344
0.058368
0.058368
0.058344
0.058344
0.058319
0.058319
0.058319
0.058319
0.058319
0.058319
0.058294
0.058294
0.058294
0.058294
0.05827
0.05827
0.05827
0.05827
0.05827
0.058245
0.05822
0.058196
0.058196
0.058196
0.058171
0.058147
0.058147
0.058122
0.058122
0.058097
0.058073
0.058048
0.058023
0.057999
0.057974
0.057925
0.057925
0.0579
0.0579
0.057876
0.057876
0.057851
0.057851
0.057851
0.057827
0.057802
0.057777
0.057728
0.057703
0.057703
0.057703
0.057703
0.057679
0.057679
0.057679
0.057679
0.057654
0.057654
0.057654
0.057654
0.057654
0.05763
0.05763
0.057605
0.057605
0.057605
0.05758
0.05758
0.057556
0.057556
0.057556
0.057556
0.057531
0.057531
0.057507
0.057507
0.057507
0.057507
0.057507
0.057507
0.057531
0.057531
0.057507
0.057507
0.057507
0.057507
0.057507
0.057531
0.057531
0.057507
0.057507
0.057507
0.057507
0.057507
0.057507
0.057507
0.057531
0.057531
0.057507
0.057507
0.057507
0.057507
0.057507
0.057482
0.057482
0.057507
0.057507
0.057507
0.057507
0.057482
0.057482
0.057482
0.057457
0.057457
0.057457
0.057457
0.057457
0.057433
0.057408
0.057383
0.057359
0.057359
0.05731
0.057236
0.057137
0.057063
0.057014
0.056891
0.056891
0.056891
0.056866
0.056866
0.056891
0.056916
0.056916
0.056916
0.056916
0.056916
0.056916
0.056891
0.056891
0.056891
0.056916
0.056916
0.05694
0.05694
0.05694
0.05694
0.056965
0.056965
0.056965
0.056965
0.056965
0.05699
0.05699
0.05699
0.05699
0.05699
0.05699
0.057014
0.057063
0.057113
0.057137
0.057186
0.057211
0.05726
0.05731
0.05667
0.056522
0.056522
0.056546
0.056645
0.056719
0.056793
0.056866
0.05694
0.05699
0.05699
0.057014
0.057014
0.057039
0.057039
0.057039
0.057014
0.057039
0.057039
0.057039
0.057039
0.057039
0.057039
0.057039
0.057039
0.057039
0.057039
0.057039
0.057063
0.057063
0.057039
0.057039
0.057039
0.057063
0.057063
0.057063
0.057063
0.057088
0.057088
0.057113
0.057113
0.057113
0.057113
0.057113
0.057137
0.057137
0.057113
0.057088
0.057088
0.057088
0.057088
0.057088
0.057088
0.057088
0.057088
0.057063
0.057039
0.057014
0.057014
0.057014
0.057014
0.057014
0.05699
0.05699
0.05699
0.05699
0.056965
0.05694
0.05694
0.05694
0.05694
0.05694
0.05694
0.05694
0.05694
0.05694
0.056916
0.056891
0.056891
0.056891
0.056891
0.056891
0.056891
0.056866
0.056866
0.056866
0.056891
0.056891
0.056891
0.056866
0.056866
0.056891
0.056891
0.056891
0.056891
0.056866
0.056866
0.056891
0.056866
0.056866
0.056891
0.056891
0.056891
0.056891
0.056866
0.056891
0.056891
0.056891
0.056916
0.056891
0.056891
0.056916
0.056916
0.056916
0.056916
0.056891
0.056916
0.056916
0.056891
0.056891
0.056891
0.056866
0.056866
0.056891
0.056891
0.056866
0.056866
0.056866
0.056866
0.056866
0.056866
0.056866
0.056866
0.056866
0.056866
0.056842
0.056842
0.056817
0.056842
0.056842
0.056842
0.056817
0.056817
0.056817
0.056817
0.056817
0.056793
0.056793
0.056793
0.056793
0.056768
0.056768
0.056768
0.056768
0.056793
0.056793
0.056768
0.056768
0.056768
0.056768
0.056768
0.056768
0.056743
0.056719
0.056719
0.056719
0.056719
0.056694
0.056694
0.056719
0.056719
0.056694
0.056694
0.056694
0.05667
0.05667
0.05667
0.056645
0.056645
0.05667
0.05667
0.05667
0.056694
0.056768
0.056793
0.056842
0.056866
0.056891
0.05694
0.05699
0.056916
0.056719
0.056473
0.056276
0.056177
0.056177
0.056202
0.056251
0.056325
0.056399
0.056546
0.056546
0.056546
0.056546
0.056546
0.056546
0.056546
0.056571
0.056546
0.056546
0.056522
0.056522
0.056546
0.056522
0.056546
0.056546
0.056546
0.056571
0.056571
0.056546
0.056546
0.056546
0.056571
0.056546
0.056546
0.056546
0.056571
0.056571
0.056571
0.056571
0.056546
0.056546
0.056571
0.056546
0.056546
0.056546
0.056546
0.056546
0.056546
0.056522
0.056497
0.056497
0.056497
0.056497
0.056473
0.056448
0.056423
0.056423
0.056423
0.056399
0.056399
0.056374
0.056374
0.056374
0.056374
0.056349
0.056325
0.056349
0.056349
0.056349
0.056349
0.056374
0.056423
0.056448
0.056448
0.056448
0.056473
0.056473
0.056497
0.056497
0.056497
0.056522
0.056522
0.056522
0.056522
0.056522
0.056522
0.056522
0.056546
0.056546
0.056546
0.056522
0.056522
0.056522
0.056522
0.056522
0.056522
0.056497
0.056497
0.056497
0.056497
0.056473
0.056448
0.056448
0.056448
0.056448
0.056448
0.056423
0.056423
0.056399
0.056399
0.056374
0.056349
0.056325
0.056325
0.056325
0.0563
0.0563
0.056276
0.056276
0.056251
0.056226
0.056202
0.056202
0.056177
0.056177
0.056177
0.056153
0.056153
0.056153
0.056079
0.056079
0.056079
0.056079
0.056079
0.056079
0.056079
0.056079
0.056079
0.056079
0.056079
0.056103
0.056103
0.056128
0.056128
0.056128
0.056128
0.056128
0.056128
0.056128
0.056128
0.056153
0.056177
0.056177
0.056177
0.056153
0.056153
0.056177
0.056177
0.056177
0.056177
0.056177
0.056177
0.056177
0.056153
0.056128
0.056128
0.056128
0.056103
0.056079
0.056079
0.056054
0.056054
0.056029
0.056029
0.056005
0.056005
0.05598
0.05598
0.05598
0.05598
0.055956
0.055956
0.055956
0.05598
0.056005
0.05598
0.055956
0.05598
0.056005
0.056054
0.056029
0.055882
0.05566
0.055463
0.055316
0.055291
0.055316
0.055389
0.055488
0.055562
0.055611
0.05566
0.055709
0.055734
0.055759
0.055759
0.055759
0.055783
0.055808
0.055808
0.055833
0.055833
0.055833
0.055833
0.055857
0.055857
0.055833
0.055833
0.055833
0.055857
0.055857
0.055857
0.055857
0.055882
0.055906
0.055906
0.055906
0.055906
0.055906
0.055906
0.055931
0.055931
0.055906
0.055906
0.055931
0.055931
0.055931
0.055906
0.055906
0.055906
0.055882
0.055857
0.055857
0.055857
0.055857
0.055857
0.055833
0.055833
0.055833
0.055783
0.055783
0.055783
0.055783
0.055759
0.055734
0.055734
0.055734
0.055734
0.055709
0.055685
0.055685
0.055685
0.055709
0.055685
0.055685
0.055685
0.055685
0.055685
0.05566
0.05566
0.05566
0.05566
0.05566
0.05566
0.05566
0.05566
0.05566
0.05566
0.055611
0.055586
0.055537
0.055512
0.055488
0.055439
0.055389
0.055365
0.055316
0.055266
0.055217
0.055168
0.055192
0.055192
0.055217
0.055266
0.055291
0.055291
0.055291
0.055291
0.055316
0.05534
0.05534
0.05534
0.05534
0.055365
0.055365
0.055365
0.055365
0.055365
0.055389
0.055414
0.055389
0.055389
0.055389
0.055414
0.055414
0.055389
0.055389
0.055414
0.055414
0.055439
0.055439
0.055439
0.055439
0.055439
0.055439
0.055439
0.055414
0.055439
0.055439
0.055488
0.055512
0.055512
0.055512
0.055512
0.055512
0.055512
0.055512
0.055512
0.055488
0.055488
0.055512
0.055512
0.055512
0.055512
0.055488
0.055512
0.055512
0.055512
0.055512
0.055512
0.055537
0.055537
0.055537
0.055512
0.055512
0.055512
0.055512
0.055512
0.055512
0.055512
0.055537
0.055512
0.055512
0.055512
0.055512
0.055537
0.055537
0.055537
0.055537
0.055512
0.055512
0.055512
0.055537
0.055586
0.055636
0.05566
0.055685
0.055734
0.055783
0.055833
0.055808
0.05566
0.055439
0.055242
0.055119
0.055069
0.055094
0.055192
0.055291
0.05534
0.055389
0.055439
0.055488
0.055512
0.055512
0.055512
0.055512
0.055537
0.055537
0.055537
0.055512
0.055512
0.055512
0.055537
0.055537
0.055512
0.055512
0.055537
0.055537
0.055537
0.055562
0.055562
0.055562
0.055562
0.055562
0.055586
0.055586
0.055562
0.055562
0.055586
0.055586
0.055586
0.055586
0.055586
0.055586
0.055586
0.055562
0.055562
0.055537
0.055537
0.055537
0.055537
0.055512
0.055512
0.055488
0.055488
0.055488
0.055463
0.055463
0.055463
0.055463
0.055439
0.055414
0.055389
0.055389
0.055389
0.055389
0.055365
0.055365
0.055414
0.055414
0.055414
0.055414
0.055414
0.055414
0.055414
0.055439
0.055439
0.055414
0.055414
0.055414
0.055414
0.055439
0.055414
0.055414
0.055389
0.055389
0.055389
0.055389
0.055365
0.055365
0.055365
0.055389
0.055365
0.055365
0.055365
0.055389
0.055389
0.055389
0.055389
0.055365
0.055389
0.055389
0.055389
0.055365
0.05534
0.05534
0.05534
0.05534
0.05534
0.055316
0.055316
0.055291
0.055291
0.055291
0.055266
0.055266
0.055242
0.055266
0.055266
0.055242
0.055242
0.055217
0.055217
0.055217
0.055217
0.055192
0.055192
0.055192
0.055192
0.055192
0.055168
0.055143
0.055143
0.055143
0.055119
0.055119
0.055119
0.055143
0.055143
0.055143
0.055143
0.055143
0.055143
0.055143
0.055143
0.055119
0.055094
0.055119
0.055094
0.055119
0.055094
0.055069
0.055069
0.055069
0.055069
0.055045
0.055045
0.05502
0.055045
0.055045
0.055045
0.05502
0.05502
0.055045
0.055069
0.055045
0.055045
0.055045
0.055045
0.055069
0.055045
0.05502
0.05502
0.05502
0.055045
0.05502
0.05502
0.054996
0.054996
0.05502
0.05502
0.05502
0.05502
0.055069
0.055143
0.055192
0.055217
0.055242
0.055217
0.054996
0.054774
0.054626
0.054577
0.054577
0.054651
0.054725
0.054823
0.054897
0.054946
0.054996
0.05502
0.055069
0.055094
0.055094
0.055094
0.055119
0.055143
0.055143
0.055143
0.055168
0.055192
0.055217
0.055242
0.055266
0.055266
0.055291
0.055291
0.055316
0.055316
0.055316
0.05534
0.055365
0.055365
0.055365
0.055389
0.055414
0.055414
0.055414
0.055439
0.055439
0.055439
0.055439
0.055439
0.055439
0.055439
0.055414
0.055414
0.055414
0.055414
0.055414
0.055389
0.055365
0.055365
0.05534
0.05534
0.055291
0.055291
0.055266
0.055266
0.055242
0.055217
0.055192
0.055192
0.055192
0.055168
0.055143
0.055143
0.055143
0.055119
0.055119
0.055094
0.055069
0.055069
0.055045
0.055045
0.05502
0.054996
0.054996
0.054971
0.054971
0.054946
0.054922
0.054922
0.054922
0.054922
0.054922
0.054897
0.054897
0.054897
0.054897
0.054872
0.054848
0.054848
0.054848
0.054848
0.054848
0.054823
0.054799
0.054799
0.054799
0.054799
0.054799
0.054774
0.054774
0.054799
0.054774
0.054774
0.054749
0.054749
0.054749
0.054749
0.054725
0.054725
0.054749
0.054749
0.054749
0.054749
0.054749
0.054725
0.054725
0.054725
0.054725
0.054725
0.0547
0.0547
0.0547
0.0547
0.0547
0.054676
0.054676
0.054676
0.0547
0.0547
0.054676
0.054676
0.054676
0.054651
0.054651
0.054626
0.054626
0.054626
0.054626
0.054626
0.054626
0.054602
0.054602
0.054602
0.054602
0.054602
0.054602
0.054602
0.054602
0.054577
0.054577
0.054577
0.054577
0.054602
0.054602
0.054552
0.054528
0.054528
0.054528
0.054528
0.054503
0.054503
0.054479
0.054479
0.054479
0.054479
0.054479
0.054454
0.054454
0.054454
0.054454
0.054454
0.054454
0.054479
0.054479
0.054479
0.054479
0.054479
0.054552
0.054602
0.054626
0.054651
0.054676
0.054749
0.054799
0.054749
0.054552
0.054306
0.054109
0.054011
0.053986
0.054035
0.054109
0.054183
0.054282
0.054454
0.054479
0.054479
0.054479
0.054479
0.054479
0.054479
0.054454
0.054454
0.054454
0.054454
0.054454
0.054454
0.054454
0.054479
0.054479
0.054503
0.054503
0.054503
0.054528
0.054528
0.054552
0.054528
0.054528
0.054528
0.054528
0.054528
0.054528
0.054528
0.054528
0.054552
0.054552
0.054552
0.054528
0.054528
0.054528
0.054528
0.054503
0.054503
0.054479
0.054429
0.054429
0.054429
0.054429
0.054405
0.054405
0.05438
0.05438
0.05438
0.05438
0.054355
0.054355
0.054355
0.054331
0.054331
0.054306
0.054306
0.054306
0.054331
0.054331
0.054331
0.054306
0.054331
0.054331
0.054306
0.054306
0.054306
0.054306
0.054331
0.054306
0.054282
0.054282
0.054282
0.054306
0.054282
0.054282
0.054306
0.054306
0.054331
0.054306
0.054306
0.054306
0.054282
0.054282
0.054306
0.054306
0.054282
0.054282
0.054282
0.054306
0.054306
0.054306
0.054282
0.054282
0.054282
0.054282
0.054282
0.054282
0.054257
0.054257
0.054282
0.054257
0.054257
0.054257
0.054257
0.054282
0.054257
0.054257
0.054257
0.054257
0.054257
0.054232
0.054232
0.054232
0.054232
0.054232
0.054208
0.054208
0.054208
0.054208
0.054183
0.054183
0.054183
0.054183
0.054159
0.054159
0.054183
0.054183
0.054159
0.054159
0.054159
0.054183
0.054183
0.054183
0.054159
0.054159
0.054159
0.054159
0.054159
0.054134
0.054134
0.054159
0.054159
0.054159
0.054159
0.054159
0.054159
0.054159
0.054134
0.054134
0.054159
0.054159
0.054183
0.054183
0.054183
0.054183
0.054183
0.054183
0.054159
0.054134
0.054109
0.054109
0.054109
0.054109
0.054109
0.054109
0.054085
0.054085
0.054085
0.054085
0.054085
0.054085
0.054109
0.054109
0.054109
0.054134
0.054183
0.054232
0.054282
0.054306
0.054331
0.05438
0.054429
0.054429
0.054306
0.05406
0.053839
0.053691
0.053666
0.053691
0.053765
0.053839
0.053912
0.053986
0.054035
0.05406
0.054085
0.054109
0.054109
0.054109
0.054085
0.054109
0.054109
0.054109
0.054109
0.054109
0.054109
0.054085
0.054085
0.054085
0.054085
0.054109
0.054109
0.054109
0.054109
0.054109
0.054134
0.054134
0.054134
0.054134
0.054134
0.054134
0.054134
0.054134
0.054134
0.054134
0.054159
0.054159
0.054159
0.054159
0.054159
0.054183
0.054159
0.054159
0.054134
0.054109
0.054109
0.054085
0.05406
0.05406
0.054011
0.054035
0.054011
0.054011
0.053986
0.053962
0.053986
0.053986
0.053962
0.053937
0.053937
0.053937
0.053937
0.053937
0.053912
0.053912
0.053912
0.053912
0.053888
0.053888
0.053888
0.053888
0.053888
0.053888
0.053888
0.053888
0.053888
0.053912
0.053912
0.053888
0.053888
0.053888
0.053888
0.053888
0.053863
0.053863
0.053863
0.053888
0.053888
0.053863
0.053839
0.053839
0.053863
0.053863
0.053863
0.053839
0.053839
0.053839
0.053863
0.053839
0.053839
0.053814
0.053814
0.053814
0.053814
0.053814
0.053789
0.053789
0.053814
0.053814
0.053789
0.053789
0.053789
0.053765
0.053765
0.05374
0.05374
0.05374
0.05374
0.05374
0.053715
0.053715
0.053715
0.053715
0.053691
0.053691
0.053691
0.053691
0.053691
0.053691
0.053691
0.053691
0.053666
0.053666
0.053666
0.053666
0.053666
0.053666
0.053666
0.053666
0.053691
0.053666
0.053666
0.053666
0.053666
0.053666
0.053666
0.053666
0.053666
0.053666
0.053691
0.053666
0.053666
0.053666
0.053666
0.053666
0.053666
0.053666
0.053666
0.053691
0.053691
0.053666
0.053642
0.053642
0.053642
0.053642
0.053642
0.053642
0.053617
0.053617
0.053592
0.053592
0.053592
0.053592
0.053592
0.053592
0.053568
0.053592
0.053568
0.053568
0.053568
0.053642
0.053691
0.053715
0.05374
0.05374
0.053789
0.053863
0.053863
0.05374
0.053494
0.053297
0.053149
0.053125
0.0531
0.053174
0.053248
0.053322
0.053395
0.053445
0.053469
0.053518
0.053543
0.053568
0.053543
0.053543
0.053568
0.053568
0.053568
0.053543
0.053543
0.053543
0.053543
0.053543
0.053568
0.053568
0.053568
0.053568
0.053592
0.053592
0.053592
0.053568
0.053568
0.053592
0.053617
0.053617
0.053617
0.053617
0.053617
0.053617
0.053617
0.053617
0.053592
0.053592
0.053617
0.053617
0.053617
0.053592
0.053568
0.053568
0.053568
0.053543
0.053518
0.053543
0.053543
0.053518
0.053518
0.053494
0.053469
0.053469
0.053395
0.053395
0.053395
0.053371
0.053346
0.053322
0.053322
0.053297
0.053297
0.053272
0.053272
0.053297
0.053272
0.053248
0.053223
0.053223
0.053223
0.053248
0.053248
0.053248
0.053248
0.053248
0.053248
0.053223
0.053223
0.053223
0.053223
0.053223
0.053223
0.053198
0.053198
0.053198
0.053198
0.053174
0.053174
0.053174
0.053174
0.053174
0.053174
0.053149
0.053125
0.053125
0.053125
0.053125
0.053125
0.0531
0.0531
0.053075
0.0531
0.0531
0.0531
0.053075
0.053075
0.053075
0.053051
0.053051
0.053051
0.053051
0.053075
0.053075
0.053051
0.053051
0.053051
0.053051
0.053051
0.053026
0.053002
0.053002
0.052977
0.052977
0.052952
0.052952
0.052952
0.052952
0.052952
0.052952
0.052952
0.052952
0.052952
0.052977
0.052977
0.052977
0.052952
0.052952
0.052928
0.052928
0.052928
0.052928
0.052903
0.052878
0.052878
0.052878
0.052854
0.052829
0.052854
0.052854
0.052878
0.052878
0.052878
0.052878
0.052878
0.052878
0.052878
0.052878
0.052878
0.052878
0.052878
0.052878
0.052854
0.052854
0.052878
0.052878
0.052878
0.052854
0.052878
0.052878
0.052878
0.052854
0.052829
0.052829
0.052829
0.052829
0.052829
0.052854
0.052829
0.052829
0.052829
0.052829
0.052854
0.052878
0.052952
0.052977
0.053026
0.053051
0.053075
0.053125
0.053125
0.053002
0.05278
0.052558
0.052411
0.052361
0.052411
0.052485
0.052558
0.052632
0.052681
0.052755
0.05278
0.052805
0.052805
0.052829
0.052829
0.052854
0.052854
0.052854
0.052854
0.052854
0.052878
0.052854
0.052829
0.052829
0.052805
0.05278
0.05278
0.05278
0.05278
0.05278
0.05278
0.052805
0.052805
0.052805
0.05278
0.05278
0.052805
0.052805
0.052805
0.052805
0.052829
0.052854
0.052854
0.052854
0.052829
0.052829
0.052854
0.052854
0.052829
0.052805
0.05278
0.052755
0.052706
0.052608
0.052509
0.052435
0.052337
0.052263
0.05214
0.051943
0.05182
0.05182
0.051032
0.051007
0.050958
0.050884
0.050811
0.050786
0.050761
0.050835
0.050811
0.050687
0.050638
0.050712
0.050811
0.050687
0.05054
0.050491
0.050441
0.050392
0.050367
0.050367
0.050294
0.05022
0.050146
0.050072
0.050047
0.050047
0.050047
0.050072
0.050072
0.050121
0.050146
0.050146
0.05017
0.050195
0.050195
0.05022
0.05022
0.05017
0.050023
0.049752
0.048004
0.047684
0.047413
0.047167
0.04697
0.046724
0.046502
0.046306
0.046109
0.045912
0.045715
0.045518
0.045321
0.045124
0.044927
0.04473
0.044533
0.044361
0.044213
0.044016
0.043819
0.043671
0.043499
0.043351
0.043179
0.043031
0.042884
0.042761
0.042662
0.042539
0.042416
0.042293
0.04217
0.042047
0.041899
0.041751
0.041604
0.041481
0.041357
0.041234
0.040717
0.040594
0.040447
0.040299
0.040151
0.040053
0.03993
0.039733
0.03956
0.039413
0.03929
0.039142
0.039019
0.038945
0.038896
0.038871
0.038822
0.038773
0.038723
0.038674
0.038625
0.038576
0.038526
0.038453
0.038403
0.038329
0.038256
0.038157
0.038083
0.038009
0.037936
0.037886
0.037813
0.037763
0.037739
0.037739
0.037665
0.037566
0.037492
0.037443
0.037123
0.037049
0.037
0.036951
0.036926
0.036877
0.036828
0.036779
0.036754
0.036754
0.036655
0.036286
0.035449
0.034612
0.033948
0.03348
0.033184
0.032963
0.032815
0.032667
0.032569
0.032446
0.032298
0.03215
0.032003
0.03188
0.031732
0.031609
0.031486
0.031363
0.031264
0.031141
0.030993
0.03087
0.030723
0.0306
0.030476
0.030353
0.030206
0.030083
0.029467
0.029344
0.029246
0.029172
0.029098
0.029024
0.02895
0.028901
0.028852
0.028827
0.028778
0.028729
0.028679
0.02863
0.028606
0.028556
0.028532
0.028556
0.028581
0.028556
0.028507
0.028433
0.028359
0.02831
0.028261
0.028187
0.028113
0.028015
0.027842
0.027744
0.027695
0.02767
0.02767
0.027695
0.027695
0.02767
0.027645
0.027621
0.027596
0.027572
0.027498
0.027473
0.027473
0.027449
0.027424
0.027424
0.027424
0.027424
0.027399
0.027375
0.027375
0.027375
0.027375
0.02735
0.02735
0.027375
0.027399
0.027424
0.027449
0.027498
0.027547
0.027596
0.027621
0.027645
0.027695
0.027769
0.027818
0.027867
0.027916
0.02799
0.028064
0.028113
0.028162
0.028236
0.02831
0.028384
0.028458
0.028532
0.028606
0.028729
0.029196
0.029344
0.029516
0.029664
0.029812
0.029984
0.030156
0.030353
0.030526
0.030673
0.030821
0.030969
0.031117
0.031264
0.031387
0.03151
0.031634
0.031806
0.031978
0.032126
0.032298
0.032495
0.032692
0.032889
0.033061
0.033234
0.033431
0.033652
0.033898
0.034144
0.034366
0.034563
0.034735
0.034883
0.035031
0.035178
0.035326
0.035498
0.035671
0.035818
0.036459
0.036606
0.036803
0.037074
0.037369
0.037665
0.03796
0.038329
0.038699
0.039068
0.039388
0.039683
0.039979
0.040225
0.040422
0.040619
0.040791
0.040964
0.041111
0.041259
0.041382
0.041505
0.041628
0.041751
0.041874
0.041973
0.042096
0.042194
0.042318
0.042416
0.042514
0.042588
0.042687
0.042785
0.042859
0.042933
0.042982
0.043056
0.043155
0.043228
0.043622
0.043745
0.043819
0.043918
0.044016
0.044139
0.044213
0.044164
0.043992
0.043844
0.043745
0.043745
0.043795
0.043918
0.044065
0.044213
0.044336
0.044435
0.044508
0.044558
0.044632
0.044681
0.044705
0.044755
0.044804
0.044853
0.044902
0.044927
0.044976
0.045025
0.045075
0.045149
0.045173
0.045222
0.045247
0.045296
0.045345
0.04537
0.045395
0.045444
0.045592
0.045641
0.045665
0.045715
0.045739
0.045764
0.045813
0.045838
0.045887
0.045887
0.045912
0.045936
0.045986
0.04601
0.046035
0.046059
0.046059
0.046084
0.046109
0.046109
0.046133
0.046133
0.046158
0.046207
0.046207
0.046207
0.046232
0.046256
0.046256
0.046281
0.046281
0.046306
0.04633
0.046355
0.046355
0.046379
0.046379
0.046429
0.046453
0.046453
