2018
3
20
17
2
31.922
-0.010635
-0.010635
-0.010635
-0.010635
-0.010635
-0.010635
-0.010635
-0.010635
-0.01061
-0.01061
-0.010635
-0.010635
-0.01061
-0.01061
-0.010635
-0.010635
-0.010635
-0.01061
-0.010635
-0.010635
-0.010635
-0.010635
-0.010635
-0.010635
-0.010635
-0.010635
-0.010635
-0.010635
-0.01061
-0.01061
-0.01061
-0.01061
-0.010635
-0.010659
-0.010684
-0.010635
-0.010487
-0.010339
-0.010216
-0.010093
-0.010389
-0.010561
-0.010659
-0.010684
-0.010635
-0.010536
-0.010413
-0.010339
-0.010266
-0.010192
-0.010142
-0.010142
-0.010118
-0.010093
-0.010093
-0.010069
-0.010069
-0.010044
-0.010044
-0.010019
-0.010019
-0.010019
-0.010019
-0.0099947
-0.0099947
-0.0099701
-0.0099947
-0.0099947
-0.0099701
-0.0099701
-0.0099701
-0.0099701
-0.0099701
-0.0099701
-0.0099455
-0.0099455
-0.0099455
-0.0099455
-0.0099455
-0.0099209
-0.0099209
-0.0099209
-0.0099209
-0.0099209
-0.0099209
-0.0099209
-0.0099209
-0.0099209
-0.0099209
-0.0099209
-0.0099209
-0.0099209
-0.0099209
-0.0099455
-0.0099455
-0.0099701
-0.0099701
-0.0099701
-0.0099947
-0.0099947
-0.0099947
-0.0099947
-0.010019
-0.010044
-0.010044
-0.010044
-0.010044
-0.010069
-0.010069
-0.010069
-0.010093
-0.010069
-0.010093
-0.010093
-0.010093
-0.010093
-0.010093
-0.010093
-0.010118
-0.010118
-0.010118
-0.010118
-0.010118
-0.010118
-0.010118
-0.010118
-0.010118
-0.010118
-0.010118
-0.010118
-0.010142
-0.010142
-0.010142
-0.010142
-0.010142
-0.010142
-0.010167
-0.010167
-0.010167
-0.010167
-0.010167
-0.010167
-0.010192
-0.010192
-0.010192
-0.010192
-0.010192
-0.010192
-0.010192
-0.010192
-0.010216
-0.010216
-0.010216
-0.010216
-0.010241
-0.010241
-0.010241
-0.010241
-0.010241
-0.010241
-0.010266
-0.010266
-0.01029
-0.01029
-0.01029
-0.01029
-0.01029
-0.010315
-0.010315
-0.010315
-0.010315
-0.010315
-0.010339
-0.010339
-0.010339
-0.010364
-0.010364
-0.010364
-0.010364
-0.010364
-0.010364
-0.010389
-0.010389
-0.010389
-0.010389
-0.010389
-0.010413
-0.010413
-0.010413
-0.010413
-0.010413
-0.010438
-0.010438
-0.010462
-0.010462
-0.010462
-0.010462
-0.010462
-0.010487
-0.010487
-0.010512
-0.010512
-0.010512
-0.010512
-0.010512
-0.010536
-0.010536
-0.010536
-0.010536
-0.010536
-0.010561
-0.010561
-0.010561
-0.010561
-0.010561
-0.010561
-0.010561
-0.010561
-0.010561
-0.010561
-0.010586
-0.010586
-0.010586
-0.010586
-0.010586
-0.01061
-0.01061
-0.01061
-0.01061
-0.01061
-0.010635
-0.010635
-0.010635
-0.010635
-0.010659
-0.010659
-0.010659
-0.010659
-0.010659
-0.010709
-0.010684
-0.01061
-0.010512
-0.010438
-0.010462
-0.010561
-0.010709
-0.01093
-0.011102
-0.011201
-0.011226
-0.011176
-0.011078
-0.010979
-0.010906
-0.010856
-0.010832
-0.010807
-0.010782
-0.010782
-0.010807
-0.010807
-0.010807
-0.010807
-0.010807
-0.010807
-0.010807
-0.010832
-0.010807
-0.010832
-0.010832
-0.010832
-0.010856
-0.010856
-0.010856
-0.010856
-0.010856
-0.010856
-0.010856
-0.010856
-0.010856
-0.010856
-0.010856
-0.010856
-0.010856
-0.010832
-0.010832
-0.010856
-0.010856
-0.010856
-0.010856
-0.010856
-0.010856
-0.010881
-0.010881
-0.010881
-0.010881
-0.010881
-0.010906
-0.010906
-0.010906
-0.010906
-0.01093
-0.01093
-0.010955
-0.010955
-0.010955
-0.010979
-0.011004
-0.011004
-0.011004
-0.011029
-0.011029
-0.011053
-0.011053
-0.011053
-0.011078
-0.011102
-0.011102
-0.011127
-0.011176
-0.011176
-0.011176
-0.011152
-0.011176
-0.011176
-0.011176
-0.011176
-0.011176
-0.011176
-0.011176
-0.011176
-0.011176
-0.011176
-0.011176
-0.011201
-0.011201
-0.011201
-0.011201
-0.011201
-0.011226
-0.011226
-0.011226
-0.011226
-0.011226
-0.01125
-0.01125
-0.01125
-0.01125
-0.01125
-0.011275
-0.011275
-0.011275
-0.011275
-0.011299
-0.011299
-0.011299
-0.011299
-0.011299
-0.011299
-0.011324
-0.011324
-0.011349
-0.011349
-0.011324
-0.011324
-0.011349
-0.011349
-0.011349
-0.011349
-0.011349
-0.011373
-0.011373
-0.011373
-0.011373
-0.011373
-0.011398
-0.011398
-0.011398
-0.011398
-0.011398
-0.011398
-0.011423
-0.011423
-0.011423
-0.011423
-0.011423
-0.011423
-0.011423
-0.011423
-0.011423
-0.011447
-0.011447
-0.011447
-0.011447
-0.011447
-0.011447
-0.011472
-0.011472
-0.011472
-0.011472
-0.011472
-0.011472
-0.011496
-0.011496
-0.011496
-0.011496
-0.011496
-0.011496
-0.011521
-0.011521
-0.011521
-0.011521
-0.011521
-0.011521
-0.011521
-0.011521
-0.011521
-0.011521
-0.011546
-0.011546
-0.011546
-0.011546
-0.011546
-0.011546
-0.011546
-0.011546
-0.011546
-0.011546
-0.01157
-0.011546
-0.011546
-0.011546
-0.01157
-0.01157
-0.01157
-0.01157
-0.011595
-0.011595
-0.011595
-0.011619
-0.011619
-0.011644
-0.011669
-0.011743
-0.011816
-0.011841
-0.011718
-0.011595
-0.011521
-0.011423
-0.011398
-0.011423
-0.011521
-0.011718
-0.011939
-0.012087
-0.012136
-0.012136
-0.012063
-0.011964
-0.011866
-0.011816
-0.011743
-0.011718
-0.011718
-0.011718
-0.011693
-0.011693
-0.011693
-0.011693
-0.011693
-0.011669
-0.011669
-0.011669
-0.011693
-0.011693
-0.011669
-0.011669
-0.011669
-0.011669
-0.011669
-0.011669
-0.011669
-0.011669
-0.011669
-0.011669
-0.011669
-0.011693
-0.011669
-0.011669
-0.011669
-0.011669
-0.011669
-0.011669
-0.011669
-0.011669
-0.011669
-0.011669
-0.011669
-0.011669
-0.011669
-0.011693
-0.011693
-0.011693
-0.011693
-0.011693
-0.011718
-0.011718
-0.011718
-0.011743
-0.011743
-0.011767
-0.011792
-0.011792
-0.011792
-0.011816
-0.011841
-0.011841
-0.011841
-0.01189
-0.01189
-0.01189
-0.01189
-0.011915
-0.011915
-0.011915
-0.011915
-0.011915
-0.011939
-0.011939
-0.011939
-0.011939
-0.011939
-0.011964
-0.011964
-0.011964
-0.011964
-0.011964
-0.011964
-0.011964
-0.011964
-0.011964
-0.011964
-0.011989
-0.011989
-0.011989
-0.011989
-0.011989
-0.011989
-0.012013
-0.011989
-0.011989
-0.011989
-0.012013
-0.012013
-0.012013
-0.012013
-0.012013
-0.012038
-0.012063
-0.012063
-0.012063
-0.012063
-0.012063
-0.012063
-0.012063
-0.012063
-0.012063
-0.012063
-0.012087
-0.012087
-0.012087
-0.012087
-0.012087
-0.012087
-0.012087
-0.012087
-0.012087
-0.012087
-0.012112
-0.012112
-0.012112
-0.012112
-0.012112
-0.012112
-0.012112
-0.012112
-0.012112
-0.012112
-0.012136
-0.012136
-0.012136
-0.012136
-0.012136
-0.012161
-0.012161
-0.012161
-0.012161
-0.012161
-0.012161
-0.012186
-0.012186
-0.01221
-0.01221
-0.012186
-0.012186
-0.01221
-0.01221
-0.01221
-0.01221
-0.01221
-0.012235
-0.012235
-0.012235
-0.01221
-0.012235
-0.012235
-0.01226
-0.01226
-0.01226
-0.01226
-0.012284
-0.012284
-0.012284
-0.012284
-0.012284
-0.01226
-0.01226
-0.01226
-0.012284
-0.012284
-0.012309
-0.012309
-0.012309
-0.012309
-0.012309
-0.012309
-0.012309
-0.012333
-0.012358
-0.012358
-0.012358
-0.012358
-0.012358
-0.012383
-0.012383
-0.012432
-0.012506
-0.01258
-0.012604
-0.012481
-0.012358
-0.012284
-0.012161
-0.012136
-0.012186
-0.012309
-0.012506
-0.012727
-0.012875
-0.0129
-0.0129
-0.012801
-0.012703
-0.012629
-0.012555
-0.012481
-0.012456
-0.012456
-0.012456
-0.012432
-0.012456
-0.012456
-0.012456
-0.012456
-0.012432
-0.012432
-0.012432
-0.012432
-0.012456
-0.012456
-0.012456
-0.012432
-0.012432
-0.012432
-0.012456
-0.012432
-0.012432
-0.012432
-0.012456
-0.012456
-0.012456
-0.012432
-0.012456
-0.012456
-0.012456
-0.012456
-0.012432
-0.012456
-0.012456
-0.012456
-0.012456
-0.012456
-0.012481
-0.012481
-0.012481
-0.012481
-0.012506
-0.012506
-0.01253
-0.01253
-0.01253
-0.01253
-0.012555
-0.01258
-0.012604
-0.012604
-0.012604
-0.012629
-0.012653
-0.012653
-0.012678
-0.012678
-0.012678
-0.012703
-0.012703
-0.012727
-0.012727
-0.012727
-0.012727
-0.012727
-0.012752
-0.012752
-0.012752
-0.012752
-0.012752
-0.012752
-0.012776
-0.012776
-0.012776
-0.012776
-0.012776
-0.012776
-0.012776
-0.012776
-0.012776
-0.012801
-0.012801
-0.012801
-0.012801
-0.012801
-0.012801
-0.012801
-0.012801
-0.012801
-0.012826
-0.012826
-0.012826
-0.012826
-0.01285
-0.01285
-0.01285
-0.01285
-0.012875
-0.012875
-0.01285
-0.01285
-0.01285
-0.01285
-0.012875
-0.012875
-0.012875
-0.012875
-0.0129
-0.0129
-0.0129
-0.0129
-0.0129
-0.0129
-0.0129
-0.0129
-0.0129
-0.0129
-0.012924
-0.012924
-0.012924
-0.012924
-0.012924
-0.012924
-0.012924
-0.012924
-0.012924
-0.012924
-0.012949
-0.012949
-0.012949
-0.012949
-0.012949
-0.012973
-0.012998
-0.012973
-0.012973
-0.012998
-0.012998
-0.012998
-0.012998
-0.012998
-0.012998
-0.013023
-0.013023
-0.013023
-0.013023
-0.013023
-0.013047
-0.013047
-0.013047
-0.013047
-0.013047
-0.013047
-0.013072
-0.013072
-0.013072
-0.013072
-0.013072
-0.013097
-0.013097
-0.013072
-0.013072
-0.013072
-0.013072
-0.013072
-0.013072
-0.013072
-0.013097
-0.013097
-0.013097
-0.013097
-0.013097
-0.013121
-0.013146
-0.01317
-0.01317
-0.01317
-0.01317
-0.01317
-0.013195
-0.013195
-0.01322
-0.013293
-0.013367
-0.013392
-0.013318
-0.01317
-0.013097
-0.012998
-0.012949
-0.012973
-0.013072
-0.013269
-0.01349
-0.013663
-0.013712
-0.013712
-0.013638
-0.01354
-0.013441
-0.013392
-0.013318
-0.013293
-0.013293
-0.013293
-0.013293
-0.013293
-0.013293
-0.013318
-0.013293
-0.013293
-0.013293
-0.013293
-0.013318
-0.013318
-0.013318
-0.013318
-0.013318
-0.013318
-0.013318
-0.013343
-0.013343
-0.013343
-0.013343
-0.013343
-0.013343
-0.013343
-0.013343
-0.013318
-0.013318
-0.013343
-0.013343
-0.013318
-0.013318
-0.013318
-0.013318
-0.013318
-0.013318
-0.013318
-0.013318
-0.013318
-0.013343
-0.013343
-0.013343
-0.013343
-0.013343
-0.013367
-0.013367
-0.013367
-0.013392
-0.013392
-0.013417
-0.013417
-0.013466
-0.013466
-0.01349
-0.01349
-0.01349
-0.01349
-0.01349
-0.01349
-0.013515
-0.013515
-0.013515
-0.013515
-0.013515
-0.01354
-0.01354
-0.01354
-0.01354
-0.01354
-0.013564
-0.013564
-0.013564
-0.013564
-0.013589
-0.013589
-0.013589
-0.013589
-0.013589
-0.013589
-0.013589
-0.013613
-0.013589
-0.013589
-0.013589
-0.013613
-0.013613
-0.013613
-0.013613
-0.013613
-0.013613
-0.013638
-0.013663
-0.013663
-0.013663
-0.013663
-0.013687
-0.013687
-0.013687
-0.013663
-0.013687
-0.013687
-0.013687
-0.013687
-0.013687
-0.013687
-0.013712
-0.013712
-0.013712
-0.013712
-0.013712
-0.013737
-0.013737
-0.013737
-0.013737
-0.013737
-0.013761
-0.013761
-0.013761
-0.013761
-0.013761
-0.013761
-0.013786
-0.013786
-0.013761
-0.013786
-0.013786
-0.013786
-0.013786
-0.013786
-0.01381
-0.01381
-0.01381
-0.013835
-0.013835
-0.013835
-0.013835
-0.013835
-0.013835
-0.01386
-0.013835
-0.013835
-0.01386
-0.01386
-0.01386
-0.01386
-0.01386
-0.01386
-0.013884
-0.013884
-0.013884
-0.013884
-0.013884
-0.013884
-0.013884
-0.013909
-0.013884
-0.013884
-0.013909
-0.013909
-0.013909
-0.013934
-0.013934
-0.013934
-0.013934
-0.013934
-0.013909
-0.013934
-0.013934
-0.013934
-0.013934
-0.013934
-0.013983
-0.013983
-0.013983
-0.014007
-0.014007
-0.014007
-0.014007
-0.014007
-0.014007
-0.014032
-0.014032
-0.014032
-0.014032
-0.014057
-0.01413
-0.014204
-0.014254
-0.014204
-0.014057
-0.013983
-0.013884
-0.013786
-0.01381
-0.013884
-0.014057
-0.014278
-0.01445
-0.014524
-0.014574
-0.014524
-0.014401
-0.014303
-0.014229
-0.014204
-0.014155
-0.01413
-0.01413
-0.01413
-0.01413
-0.01413
-0.01413
-0.01413
-0.01413
-0.01413
-0.01413
-0.01413
-0.01413
-0.01413
-0.01413
-0.01413
-0.01413
-0.01413
-0.01413
-0.01413
-0.01413
-0.014155
-0.014155
-0.01413
-0.01413
-0.01413
-0.01413
-0.01413
-0.01413
-0.01413
-0.01413
-0.01413
-0.01413
-0.01413
-0.01413
-0.01413
-0.014155
-0.014155
-0.014155
-0.014155
-0.014155
-0.014155
-0.01418
-0.01418
-0.01418
-0.01418
-0.014229
-0.014254
-0.014278
-0.014278
-0.014278
-0.014303
-0.014303
-0.014327
-0.014327
-0.014327
-0.014327
-0.014327
-0.014352
-0.014352
-0.014352
-0.014352
-0.014377
-0.014377
-0.014377
-0.014377
-0.014377
-0.014377
-0.014401
-0.014401
-0.014401
-0.014401
-0.014401
-0.014426
-0.014426
-0.014426
-0.014426
-0.014426
-0.014426
-0.014426
-0.014426
-0.014426
-0.014426
-0.01445
-0.01445
-0.01445
-0.014475
-0.014475
-0.014475
-0.0145
-0.0145
-0.0145
-0.0145
-0.0145
-0.0145
-0.0145
-0.0145
-0.0145
-0.0145
-0.0145
-0.0145
-0.0145
-0.0145
-0.014524
-0.014524
-0.014524
-0.014524
-0.014524
-0.014524
-0.014549
-0.014524
-0.014524
-0.014549
-0.014549
-0.014549
-0.014549
-0.014549
-0.014549
-0.014549
-0.014574
-0.014574
-0.014574
-0.014574
-0.014574
-0.014598
-0.014574
-0.014598
-0.014598
-0.014598
-0.014598
-0.014598
-0.014623
-0.014623
-0.014623
-0.014623
-0.014623
-0.014623
-0.014623
-0.014623
-0.014647
-0.014647
-0.014647
-0.014647
-0.014647
-0.014647
-0.014672
-0.014672
-0.014672
-0.014647
-0.014672
-0.014672
-0.014672
-0.014672
-0.014672
-0.014672
-0.014672
-0.014672
-0.014672
-0.014672
-0.014697
-0.014697
-0.014697
-0.014697
-0.014697
-0.014697
-0.014721
-0.014721
-0.014721
-0.014721
-0.014697
-0.014697
-0.014721
-0.014721
-0.014721
-0.014721
-0.014721
-0.014746
-0.014746
-0.014746
-0.014746
-0.014746
-0.014771
-0.014771
-0.014771
-0.014771
-0.014771
-0.014795
-0.014795
-0.014795
-0.014795
-0.014844
-0.014918
-0.014992
-0.015041
-0.014943
-0.014795
-0.014721
-0.014598
-0.014524
-0.014574
-0.014672
-0.014844
-0.015091
-0.015238
-0.015312
-0.015312
-0.014992
-0.014943
-0.014894
-0.014894
-0.014894
-0.014869
-0.014869
-0.014869
-0.014869
-0.014869
-0.014869
-0.014869
-0.014869
-0.014869
-0.014869
-0.014869
-0.014869
-0.014869
-0.014869
-0.014869
-0.014869
-0.014869
-0.014869
-0.014894
-0.014894
-0.014869
-0.014869
-0.014869
-0.014869
-0.014869
-0.014869
-0.014869
-0.014869
-0.014869
-0.014869
-0.014869
-0.014869
-0.014869
-0.014894
-0.014894
-0.014894
-0.014894
-0.014894
-0.014894
-0.014918
-0.014918
-0.014918
-0.014918
-0.014918
-0.014943
-0.014967
-0.014967
-0.014967
-0.014992
-0.014992
-0.015017
-0.015017
-0.015017
-0.015041
-0.015041
-0.015041
-0.015041
-0.015041
-0.015066
-0.015066
-0.015066
-0.015066
-0.015066
-0.015091
-0.015091
-0.015091
-0.015091
-0.015091
-0.015091
-0.015115
-0.015115
-0.015115
-0.015115
-0.015115
-0.015115
-0.01514
-0.01514
-0.01514
-0.01514
-0.01514
-0.01514
-0.015164
-0.015164
-0.015164
-0.015164
-0.015164
-0.015164
-0.015164
-0.015164
-0.015164
-0.015164
-0.015189
-0.015189
-0.015189
-0.015189
-0.015189
-0.015214
-0.015214
-0.015214
-0.015214
-0.015214
-0.015214
-0.015238
-0.015238
-0.015238
-0.015238
-0.015263
-0.015263
-0.015263
-0.015238
-0.015238
-0.015263
-0.015263
-0.015263
-0.015263
-0.015287
-0.015287
-0.015287
-0.015287
-0.015312
-0.015312
-0.015287
-0.015287
-0.015312
-0.015312
-0.015312
-0.015312
-0.015312
-0.015312
-0.015337
-0.015337
-0.015337
-0.015337
-0.015337
-0.015361
-0.015337
-0.015361
-0.015361
-0.015361
-0.015361
-0.015361
-0.015361
-0.015361
-0.015386
-0.015411
-0.015411
-0.015386
-0.015386
-0.015411
-0.015411
-0.015411
-0.015411
-0.015435
-0.015435
-0.015435
-0.01546
-0.01546
-0.01546
-0.01546
-0.01546
-0.01546
-0.015484
-0.01546
-0.015484
-0.015484
-0.015484
-0.01546
-0.01546
-0.01546
-0.015484
-0.015484
-0.015484
-0.015484
-0.015484
-0.015509
-0.015509
-0.015509
-0.015509
-0.015534
-0.015534
-0.015534
-0.015534
-0.015534
-0.015534
-0.015534
-0.015558
-0.015558
-0.015558
-0.015608
-0.015681
-0.015755
-0.015804
-0.015755
-0.015608
-0.015509
-0.015411
-0.015583
-0.015804
-0.016001
-0.016051
-0.016075
-0.016026
-0.015928
-0.015804
-0.015755
-0.015706
-0.015681
-0.015657
-0.015657
-0.015657
-0.015657
-0.015657
-0.015657
-0.015657
-0.015657
-0.015632
-0.015657
-0.015657
-0.015632
-0.015632
-0.015632
-0.015632
-0.015632
-0.015632
-0.015632
-0.015632
-0.015632
-0.015632
-0.015632
-0.015632
-0.015632
-0.015608
-0.015632
-0.015632
-0.015608
-0.015632
-0.015608
-0.015632
-0.015632
-0.015632
-0.015632
-0.015632
-0.015632
-0.015632
-0.015632
-0.015657
-0.015632
-0.015657
-0.015657
-0.015657
-0.015681
-0.015681
-0.015681
-0.015706
-0.015706
-0.015706
-0.015731
-0.015731
-0.015731
-0.015755
-0.015755
-0.015755
-0.01578
-0.01578
-0.015804
-0.015804
-0.015804
-0.015804
-0.015804
-0.015829
-0.015829
-0.015829
-0.015829
-0.015854
-0.015854
-0.015854
-0.015878
-0.015878
-0.015878
-0.015878
-0.015878
-0.015903
-0.015903
-0.015878
-0.015878
-0.015878
-0.015903
-0.015903
-0.015903
-0.015903
-0.015903
-0.015903
-0.015903
-0.015903
-0.015903
-0.015928
-0.015928
-0.015928
-0.015928
-0.015928
-0.015952
-0.015952
-0.015952
-0.015952
-0.015952
-0.015952
-0.015952
-0.015952
-0.015952
-0.015977
-0.015977
-0.015977
-0.015977
-0.015977
-0.015977
-0.016001
-0.016001
-0.016026
-0.016026
-0.016026
-0.016026
-0.016026
-0.016026
-0.016026
-0.016026
-0.016026
-0.016026
-0.016051
-0.016051
-0.016051
-0.016051
-0.016051
-0.016075
-0.016075
-0.016075
-0.016075
-0.016075
-0.016075
-0.0161
-0.016075
-0.016075
-0.016075
-0.0161
-0.0161
-0.0161
-0.0161
-0.0161
-0.016124
-0.016124
-0.016124
-0.016124
-0.016124
-0.016124
-0.016149
-0.016149
-0.016174
-0.016174
-0.016149
-0.016149
-0.016174
-0.016174
-0.016174
-0.016174
-0.016174
-0.016174
-0.016198
-0.016198
-0.016198
-0.016198
-0.016198
-0.016198
-0.016198
-0.016174
-0.016174
-0.016198
-0.016198
-0.016198
-0.016198
-0.016198
-0.016223
-0.016223
-0.016223
-0.016223
-0.016223
-0.016248
-0.016248
-0.016248
-0.016248
-0.016248
-0.016272
-0.016272
-0.016272
-0.016272
-0.016272
-0.016321
-0.016518
-0.01642
-0.016297
-0.016198
-0.016051
-0.016001
-0.016075
-0.016198
-0.016395
-0.016617
-0.01674
-0.016789
-0.016789
-0.016691
-0.016568
-0.016469
-0.016445
-0.016395
-0.016371
-0.016371
-0.016346
-0.016346
-0.016371
-0.016371
-0.016371
-0.016371
-0.016371
-0.016371
-0.016371
-0.016371
-0.016371
-0.016371
-0.016371
-0.016371
-0.016371
-0.016371
-0.016371
-0.016395
-0.016395
-0.016371
-0.016395
-0.016371
-0.016371
-0.016395
-0.016395
-0.016395
-0.016395
-0.016395
-0.016395
-0.01642
-0.01642
-0.01642
-0.01642
-0.01642
-0.01642
-0.01642
-0.01642
-0.01642
-0.01642
-0.016445
-0.016445
-0.016445
-0.016445
-0.016469
-0.016469
-0.016494
-0.016494
-0.016494
-0.016518
-0.016543
-0.016543
-0.016543
-0.016543
-0.016568
-0.016592
-0.016592
-0.016592
-0.016592
-0.016617
-0.016617
-0.016641
-0.016641
-0.016641
-0.016641
-0.016666
-0.016666
-0.016666
-0.016666
-0.016666
-0.016666
-0.016691
-0.016691
-0.016715
-0.016691
-0.016715
-0.016715
-0.016715
-0.016715
-0.016715
-0.016715
-0.016715
-0.016715
-0.016715
-0.016715
-0.016715
-0.01674
-0.01674
-0.01674
-0.01674
-0.01674
-0.016765
-0.016765
-0.016765
-0.016765
-0.016765
-0.016789
-0.016789
-0.016789
-0.016789
-0.016789
-0.016814
-0.016814
-0.016814
-0.016838
-0.016838
-0.016838
-0.016838
-0.016838
-0.016838
-0.016838
-0.016838
-0.016838
-0.016863
-0.016863
-0.016863
-0.016863
-0.016863
-0.016888
-0.016888
-0.016888
-0.016888
-0.016888
-0.016888
-0.016912
-0.016912
-0.016912
-0.016912
-0.016912
-0.016937
-0.016937
-0.016912
-0.016912
-0.016937
-0.016937
-0.016937
-0.016937
-0.016937
-0.016937
-0.016961
-0.016961
-0.016986
-0.016961
-0.016961
-0.016961
-0.016986
-0.016986
-0.017011
-0.017011
-0.017011
-0.017011
-0.017011
-0.017011
-0.017011
-0.017035
-0.017035
-0.017035
-0.017035
-0.017035
-0.017035
-0.01706
-0.01706
-0.01706
-0.017035
-0.017035
-0.017035
-0.01706
-0.01706
-0.01706
-0.01706
-0.01706
-0.01706
-0.017085
-0.01706
-0.01706
-0.017085
-0.017109
-0.017109
-0.017109
-0.017109
-0.017109
-0.017134
-0.017134
-0.017183
-0.017257
-0.017331
-0.01738
-0.017331
-0.017183
-0.017109
-0.016986
-0.016863
-0.016888
-0.016961
-0.017134
-0.017355
-0.017552
-0.017651
-0.017651
-0.017602
-0.017478
-0.01738
-0.017331
-0.017281
-0.017257
-0.017232
-0.017208
-0.017232
-0.017232
-0.017232
-0.017208
-0.017208
-0.017208
-0.017232
-0.017232
-0.017208
-0.017208
-0.017208
-0.017232
-0.017232
-0.017232
-0.017232
-0.017208
-0.017208
-0.017208
-0.017232
-0.017232
-0.017208
-0.017208
-0.017208
-0.017208
-0.017208
-0.017208
-0.017208
-0.017208
-0.017208
-0.017208
-0.017208
-0.017208
-0.017232
-0.017232
-0.017232
-0.017232
-0.017232
-0.017232
-0.017257
-0.017257
-0.017257
-0.017257
-0.017281
-0.017306
-0.017306
-0.017306
-0.017331
-0.017331
-0.017355
-0.017355
-0.01738
-0.01738
-0.01738
-0.017405
-0.017429
-0.017454
-0.017454
-0.017454
-0.017454
-0.017454
-0.017478
-0.017478
-0.017478
-0.017478
-0.017478
-0.017503
-0.017503
-0.017503
-0.017503
-0.017503
-0.017528
-0.017528
-0.017528
-0.017528
-0.017528
-0.017528
-0.017528
-0.017528
-0.017528
-0.017552
-0.017552
-0.017552
-0.017552
-0.017552
-0.017552
-0.017577
-0.017577
-0.017577
-0.017552
-0.017577
-0.017577
-0.017577
-0.017577
-0.017577
-0.017602
-0.017602
-0.017602
-0.017626
-0.017626
-0.017602
-0.017602
-0.017626
-0.017626
-0.017626
-0.017626
-0.017626
-0.017626
-0.017626
-0.017651
-0.017651
-0.017651
-0.017651
-0.017651
-0.017651
-0.017651
-0.017651
-0.017675
-0.017675
-0.017675
-0.017675
-0.017675
-0.017675
-0.0177
-0.0177
-0.0177
-0.0177
-0.0177
-0.0177
-0.0177
-0.0177
-0.0177
-0.017725
-0.017725
-0.017725
-0.017749
-0.017749
-0.017749
-0.017749
-0.017749
-0.017774
-0.017774
-0.017749
-0.017774
-0.017774
-0.017774
-0.017774
-0.017774
-0.017774
-0.017774
-0.017798
-0.017798
-0.017798
-0.017798
-0.017798
-0.017823
-0.017823
-0.017823
-0.017823
-0.017823
-0.017848
-0.017823
-0.017823
-0.017823
-0.017823
-0.017823
-0.017823
-0.017823
-0.017823
-0.017823
-0.017848
-0.017848
-0.017823
-0.017848
-0.017848
-0.017872
-0.017872
-0.017872
-0.017897
-0.017897
-0.017897
-0.017946
-0.018045
-0.018118
-0.018118
-0.01802
-0.017897
-0.017823
-0.017675
-0.017626
-0.017675
-0.017798
-0.017995
-0.018242
-0.018365
-0.018414
-0.018389
-0.018291
-0.018192
-0.018094
-0.018045
-0.01802
-0.017995
-0.017995
-0.017971
-0.017971
-0.017971
-0.017971
-0.017971
-0.017946
-0.017946
-0.017946
-0.017971
-0.017971
-0.017971
-0.017971
-0.017971
-0.017971
-0.017971
-0.017971
-0.017946
-0.017946
-0.017946
-0.017971
-0.017971
-0.017971
-0.017971
-0.017971
-0.017971
-0.017971
-0.017971
-0.017971
-0.017971
-0.017971
-0.017971
-0.017971
-0.017971
-0.017971
-0.017995
-0.017995
-0.017995
-0.017995
-0.01802
-0.01802
-0.01802
-0.018045
-0.018045
-0.018069
-0.018094
-0.018094
-0.018094
-0.018118
-0.018118
-0.018143
-0.018143
-0.018168
-0.018168
-0.018168
-0.018168
-0.018192
-0.018192
-0.018192
-0.018192
-0.018192
-0.018217
-0.018217
-0.018217
-0.018217
-0.018217
-0.018242
-0.018242
-0.018242
-0.018242
-0.018242
-0.018242
-0.018242
-0.018266
-0.018242
-0.018242
-0.018266
-0.018266
-0.018266
-0.018266
-0.018266
-0.018266
-0.018266
-0.018291
-0.018266
-0.018266
-0.018291
-0.018291
-0.018291
-0.018291
-0.018291
-0.018291
-0.018315
-0.018315
-0.018315
-0.018315
-0.018315
-0.018315
-0.018315
-0.01834
-0.01834
-0.01834
-0.01834
-0.01834
-0.018365
-0.018365
-0.018365
-0.01834
-0.018365
-0.018365
-0.018365
-0.018365
-0.018365
-0.018365
-0.018389
-0.018389
-0.018389
-0.018389
-0.018414
-0.018414
-0.018414
-0.018414
-0.018414
-0.018414
-0.018414
-0.018439
-0.018414
-0.018414
-0.018439
-0.018439
-0.018439
-0.018439
-0.018463
-0.018463
-0.018463
-0.018488
-0.018488
-0.018488
-0.018488
-0.018488
-0.018488
-0.018512
-0.018488
-0.018488
-0.018488
-0.018488
-0.018512
-0.018512
-0.018512
-0.018512
-0.018512
-0.018512
-0.018512
-0.018537
-0.018537
-0.018537
-0.018537
-0.018537
-0.018537
-0.018537
-0.018537
-0.018562
-0.018537
-0.018512
-0.018512
-0.018537
-0.018537
-0.018537
-0.018562
-0.018562
-0.018562
-0.018562
-0.018586
-0.018586
-0.018586
-0.018586
-0.018586
-0.018611
-0.018611
-0.018611
-0.01866
-0.018709
-0.018808
-0.018857
-0.018808
-0.01866
-0.018562
-0.018439
-0.01834
-0.01834
-0.018439
-0.018586
-0.018832
-0.019029
-0.019128
-0.019128
-0.019054
-0.018931
-0.018832
-0.018783
-0.018734
-0.018709
-0.018709
-0.018709
-0.018685
-0.018685
-0.018685
-0.018685
-0.018685
-0.018685
-0.01866
-0.01866
-0.018685
-0.018685
-0.018685
-0.018685
-0.018685
-0.018685
-0.018685
-0.018685
-0.018685
-0.018685
-0.018685
-0.018709
-0.018709
-0.018685
-0.018685
-0.018685
-0.018709
-0.018709
-0.018685
-0.018685
-0.018685
-0.018709
-0.018709
-0.018709
-0.018709
-0.018709
-0.018709
-0.018709
-0.018709
-0.018709
-0.018709
-0.018734
-0.018734
-0.018734
-0.018734
-0.018759
-0.018783
-0.018808
-0.018808
-0.018808
-0.018832
-0.018857
-0.018857
-0.018857
-0.018882
-0.018882
-0.018882
-0.018882
-0.018882
-0.018906
-0.018882
-0.018882
-0.018906
-0.018906
-0.018906
-0.018906
-0.018906
-0.018906
-0.018906
-0.018931
-0.018931
-0.018931
-0.018931
-0.018931
-0.018931
-0.018931
-0.018931
-0.018931
-0.018955
-0.018955
-0.018955
-0.018931
-0.018955
-0.018955
-0.018955
-0.018955
-0.018955
-0.01898
-0.01898
-0.01898
-0.01898
-0.01898
-0.01898
-0.01898
-0.01898
-0.019005
-0.019005
-0.019005
-0.019005
-0.019005
-0.019005
-0.019029
-0.019029
-0.019005
-0.019029
-0.019029
-0.019029
-0.019029
-0.019029
-0.019029
-0.019054
-0.019054
-0.019054
-0.019054
-0.019054
-0.019054
-0.019079
-0.019079
-0.019054
-0.019079
-0.019079
-0.019079
-0.019079
-0.019079
-0.019079
-0.019103
-0.019103
-0.019103
-0.019103
-0.019103
-0.019128
-0.019128
-0.019128
-0.019128
-0.019128
-0.019128
-0.019152
-0.019152
-0.019152
-0.019152
-0.019152
-0.019152
-0.019152
-0.019152
-0.019152
-0.019177
-0.019177
-0.019152
-0.019152
-0.019177
-0.019177
-0.019177
-0.019177
-0.019177
-0.019177
-0.019202
-0.019202
-0.019177
-0.019177
-0.019177
-0.019202
-0.019202
-0.019202
-0.019202
-0.019202
-0.019202
-0.019202
-0.019202
-0.019202
-0.019202
-0.019226
-0.019226
-0.019251
-0.019251
-0.019276
-0.019374
-0.019448
-0.019497
-0.019423
-0.019251
-0.019177
-0.019054
-0.018955
-0.01898
-0.019054
-0.019251
-0.019497
-0.019669
-0.019719
-0.019719
-0.019645
-0.019522
-0.019423
-0.019374
-0.019349
-0.019325
-0.0193
-0.0193
-0.0193
-0.0193
-0.0193
-0.0193
-0.0193
-0.0193
-0.0193
-0.0193
-0.0193
-0.0193
-0.0193
-0.019276
