2018
3
20
17
3
53.958
0.027301
0.027301
0.027301
0.027276
0.027276
0.027276
0.027276
0.027276
0.027276
0.027252
0.027252
0.027252
0.027252
0.027252
0.027227
0.027227
0.027227
0.027227
0.027227
0.027202
0.027202
0.027227
0.027227
0.027227
0.027227
0.027227
0.027227
0.027227
0.027227
0.027202
0.027202
0.027202
0.027202
0.027202
0.027202
0.027202
0.027202
0.027202
0.027178
0.027178
0.027178
0.027178
0.027178
0.027178
0.027178
0.027178
0.027153
0.027153
0.027178
0.027178
0.027153
0.027153
0.027153
0.027178
0.027153
0.027153
0.027153
0.027153
0.027153
0.027153
0.027153
0.027153
0.027153
0.027153
0.027153
0.027129
0.027129
0.027129
0.027129
0.027129
0.027104
0.027104
0.027104
0.027104
0.027104
0.027079
0.027079
0.027079
0.027079
0.027079
0.027153
0.027227
0.027276
0.027301
0.027325
0.027375
0.027424
0.027399
0.027227
0.026956
0.02671
0.026513
0.026415
0.026415
0.026513
0.026636
0.026735
0.026833
0.026882
0.026956
0.026981
0.027005
0.02703
0.02703
0.02703
0.02703
0.027055
0.027055
0.02703
0.027055
0.027055
0.027055
0.027055
0.027055
0.027055
0.027055
0.027055
0.027055
0.027055
0.027055
0.027055
0.027055
0.027055
0.027079
0.027055
0.027055
0.027079
0.027079
0.027079
0.027079
0.027079
0.027079
0.027104
0.027104
0.027079
0.027079
0.027079
0.027079
0.027079
0.027055
0.027055
0.027055
0.02703
0.02703
0.027005
0.027005
0.026981
0.026981
0.026981
0.026956
0.026932
0.026932
0.026932
0.026907
0.026907
0.026882
0.026882
0.026882
0.026858
0.026858
0.026858
0.026833
0.026833
0.026833
0.026833
0.026833
0.026833
0.026833
0.026833
0.026833
0.026833
0.026833
0.026808
0.026808
0.026808
0.026808
0.026808
0.026808
0.026808
0.026808
0.026808
0.026808
0.026784
0.026784
0.026808
0.026784
0.026784
0.026784
0.026784
0.026784
0.026784
0.026784
0.026759
0.026759
0.026759
0.026759
0.026759
0.026759
0.026759
0.026759
0.026735
0.026735
0.026735
0.026735
0.026735
0.026735
0.026735
0.026735
0.02671
0.02671
0.02671
0.02671
0.02671
0.02671
0.026685
0.026685
0.026685
0.026685
0.026685
0.026685
0.026685
0.026685
0.026685
0.026661
0.026661
0.026661
0.026685
0.026685
0.026661
0.026661
0.026661
0.026661
0.026636
0.026636
0.026636
0.026636
0.026636
0.026636
0.026636
0.026636
0.026612
0.026612
0.026612
0.026612
0.026612
0.026587
0.026587
0.026587
0.026587
0.026587
0.026587
0.026587
0.026562
0.026587
0.026562
0.026562
0.026562
0.026562
0.026562
0.026562
0.026562
0.026562
0.026562
0.026562
0.026562
0.026562
0.026562
0.026562
0.026562
0.026562
0.026562
0.026562
0.026562
0.026562
0.026562
0.026538
0.026538
0.026538
0.026538
0.026513
0.026488
0.026488
0.026488
0.026488
0.026488
0.026488
0.026488
0.026488
0.026538
0.026612
0.026685
0.02671
0.02671
0.026759
0.026808
0.026784
0.026636
0.026365
0.026095
0.025898
0.025824
0.025799
0.025898
0.026021
0.026144
0.026242
0.026292
0.026341
0.02639
0.026415
0.026439
0.026439
0.026439
0.026439
0.026464
0.026464
0.026464
0.026464
0.026464
0.026464
0.026464
0.026488
0.026488
0.026488
0.026488
0.026488
0.026488
0.026488
0.026488
0.026464
0.026488
0.026488
0.026488
0.026513
0.026488
0.026513
0.026513
0.026513
0.026513
0.026513
0.026513
0.026513
0.026513
0.026513
0.026513
0.026513
0.026513
0.026513
0.026488
0.026488
0.026488
0.026488
0.026464
0.026439
0.026439
0.026415
0.026415
0.026415
0.02639
0.02639
0.026341
0.026341
0.026341
0.026341
0.026341
0.026316
0.026316
0.026316
0.026316
0.026316
0.026316
0.026292
0.026292
0.026292
0.026292
0.026292
0.026292
0.026292
0.026292
0.026292
0.026267
0.026267
0.026267
0.026267
0.026267
0.026267
0.026267
0.026267
0.026267
0.026267
0.026267
0.026267
0.026242
0.026267
0.026242
0.026242
0.026242
0.026242
0.026242
0.026242
0.026218
0.026218
0.026218
0.026218
0.026218
0.026218
0.026218
0.026218
0.026193
0.026193
0.026193
0.026193
0.026193
0.026193
0.026168
0.026193
0.026193
0.026168
0.026168
0.026168
0.026168
0.026168
0.026168
0.026144
0.026144
0.026144
0.026144
0.026144
0.026119
0.026119
0.026119
0.026119
0.026119
0.026119
0.026119
0.026119
0.026119
0.026119
0.026119
0.026119
0.026095
0.026095
0.026095
0.026095
0.026095
0.026095
0.02607
0.02607
0.02607
0.02607
0.02607
0.02607
0.02607
0.02607
0.026045
0.026045
0.026045
0.026045
0.026045
0.026045
0.026021
0.026021
0.026021
0.026021
0.026021
0.026021
0.026021
0.026021
0.026021
0.026021
0.026021
0.026021
0.026021
0.026021
0.026021
0.026021
0.026021
0.026021
0.026021
0.026021
0.026021
0.025996
0.025996
0.025996
0.025996
0.025996
0.025971
0.025971
0.025971
0.025971
0.025971
0.025947
0.025947
0.025947
0.025947
0.025947
0.025947
0.025947
0.025947
0.025947
0.025947
0.025947
0.025947
0.026021
0.026095
0.026144
0.026168
0.026193
0.026242
0.026292
0.026242
0.026045
0.025775
0.025504
0.025331
0.025258
0.025282
0.025381
0.025504
0.025627
0.025898
0.025922
0.025922
0.025947
0.025947
0.025947
0.025971
0.025971
0.025971
0.025971
0.025996
0.025996
0.025996
0.025996
0.025996
0.025996
0.025996
0.025996
0.025996
0.025996
0.025996
0.025996
0.025996
0.025996
0.025996
0.026021
0.026021
0.026021
0.026021
0.026021
0.026021
0.026021
0.026021
0.026021
0.026021
0.026045
0.026045
0.026045
0.026021
0.026021
0.025996
0.025996
0.025971
0.025971
0.025947
0.025947
0.025922
0.025922
0.025922
0.025922
0.025898
0.025898
0.025898
0.025873
0.025873
0.025848
0.025848
0.025848
0.025848
0.025848
0.025848
0.025848
0.025848
0.025848
0.025848
0.025848
0.025848
0.025848
0.025848
0.025848
0.025848
0.025848
0.025848
0.025848
0.025848
0.025848
0.025848
0.025848
0.025848
0.025848
0.025848
0.025848
0.025848
0.025848
0.025848
0.025848
0.025848
0.025848
0.025848
0.025848
0.025848
0.025848
0.025824
0.025824
0.025824
0.025848
0.025848
0.025824
0.025824
0.025824
0.025824
0.025824
0.025824
0.025824
0.025824
0.025824
0.025824
0.025824
0.025824
0.025824
0.025824
0.025824
0.025824
0.025824
0.025824
0.025824
0.025824
0.025824
0.025799
0.025824
0.025824
0.025824
0.025824
0.025824
0.025824
0.025824
0.025824
0.025824
0.025824
0.025824
0.025824
0.025824
0.025824
0.025824
0.025824
0.025824
0.025824
0.025824
0.025824
0.025824
0.025824
0.025824
0.025824
0.025799
0.025799
0.025824
0.025824
0.025824
0.025799
0.025799
0.025799
0.025799
0.025799
0.025799
0.025799
0.025799
0.025799
0.025799
0.025799
0.025799
0.025799
0.025799
0.025799
0.025799
0.025799
0.025799
0.025799
0.025799
0.025799
0.025799
0.025799
0.025799
0.025799
0.025799
0.025799
0.025799
0.025799
0.025799
0.025799
0.025799
0.025799
0.025775
0.025775
0.025775
0.025775
0.025775
0.02575
0.02575
0.02575
0.02575
0.02575
0.02575
0.02575
0.02575
0.02575
0.02575
0.02575
0.02575
0.025775
0.025775
0.025971
0.025996
0.026021
0.026045
0.026119
0.026095
0.025947
0.025651
0.025381
0.025184
0.02511
0.02511
0.025208
0.025331
0.025455
0.025553
0.025627
0.025676
0.025701
0.025725
0.02575
0.02575
0.02575
0.025775
0.025775
0.025775
0.025775
0.025775
0.025775
0.025799
0.025799
0.025799
0.025799
0.025799
0.025799
0.025799
0.025799
0.025799
0.025799
0.025824
0.025824
0.025824
0.025848
0.025848
0.025848
0.025848
0.025873
0.025873
0.025873
0.025873
0.025873
0.025873
0.025898
0.025898
0.025873
0.025873
0.025873
0.025873
0.025873
0.025848
0.025848
0.025848
0.025848
0.025824
0.025824
0.025799
0.025799
0.025775
0.025775
0.025775
0.02575
0.02575
0.02575
0.02575
0.025725
0.025725
0.025725
0.025725
0.025725
0.025701
0.025701
0.025701
0.025701
0.025701
0.025701
0.025676
0.025676
0.025676
0.025701
0.025701
0.025676
0.025676
0.025676
0.025676
0.025676
0.025676
0.025676
0.025676
0.025676
0.025676
0.025651
0.025651
0.025651
0.025651
0.025651
0.025651
0.025651
0.025651
0.025651
0.025651
0.025651
0.025627
0.025651
0.025651
0.025627
0.025627
0.025627
0.025627
0.025627
0.025627
0.025578
0.025578
0.025578
0.025578
0.025578
0.025578
0.025578
0.025578
0.025602
0.025602
0.025602
0.025602
0.025602
0.025602
0.025602
0.025627
0.025627
0.025602
0.025602
0.025602
0.025602
0.025602
0.025602
0.025602
0.025602
0.025602
0.025602
0.025578
0.025578
0.025602
0.025602
0.025602
0.025602
0.025602
0.025602
0.025602
0.025602
0.025602
0.025602
0.025602
0.025602
0.025602
0.025602
0.025602
0.025602
0.025602
0.025602
0.025602
0.025602
0.025578
0.025602
0.025602
0.025602
0.025578
0.025578
0.025578
0.025578
0.025578
0.025578
0.025578
0.025578
0.025578
0.025578
0.025578
0.025578
0.025578
0.025578
0.025578
0.025578
0.025578
0.025578
0.025602
0.025602
0.025602
0.025602
0.025602
0.025602
0.025578
0.025578
0.025578
0.025553
0.025553
0.025553
0.025553
0.025553
0.025553
0.025553
0.025553
0.025553
0.025553
0.025528
0.025528
0.025528
0.025553
0.025553
0.025578
0.025651
0.025725
0.02575
0.025775
0.025799
0.025848
0.025898
0.025824
0.025602
0.025307
0.025061
0.024913
0.024888
0.024913
0.025036
0.025159
0.025282
0.025356
0.02543
0.025455
0.025504
0.025528
0.025528
0.025528
0.025553
0.025553
0.025553
0.025553
0.025553
0.025553
0.025553
0.025553
0.025553
0.025553
0.025578
0.025578
0.025578
0.025578
0.025602
0.025602
0.025602
0.025602
0.025602
0.025602
0.025627
0.025627
0.025602
0.025602
0.025627
0.025627
0.025627
0.025627
0.025627
0.025651
0.025651
0.025651
0.025651
0.025651
0.025627
0.025627
0.025627
0.025602
0.025602
0.025602
0.025553
0.025528
0.025528
0.025504
0.025504
0.025479
0.025479
0.025479
0.025479
0.025455
0.025455
0.025455
0.025455
0.025455
0.02543
0.02543
0.02543
0.02543
0.02543
0.02543
0.02543
0.02543
0.02543
0.025405
0.025405
0.025405
0.025405
0.02543
0.02543
0.025405
0.025405
0.025405
0.02543
0.025405
0.025405
0.025405
0.02543
0.02543
0.02543
0.02543
0.02543
0.02543
0.025405
0.025405
0.025405
0.025405
0.025405
0.025405
0.025405
0.025405
0.025405
0.025381
0.025381
0.025381
0.025381
0.025381
0.025356
0.025356
0.025356
0.025356
0.025356
0.025356
0.025356
0.025331
0.025331
0.025331
0.025331
0.025331
0.025331
0.025331
0.025331
0.025307
0.025307
0.025307
0.025331
0.025331
0.025307
0.025307
0.025307
0.025331
0.025331
0.025331
0.025307
0.025307
0.025307
0.025307
0.025307
0.025307
0.025307
0.025307
0.025307
0.025307
0.025307
0.025307
0.025307
0.025307
0.025307
0.025307
0.025307
0.025307
0.025307
0.025307
0.025307
0.025282
0.025282
0.025282
0.025282
0.025282
0.025282
0.025282
0.025282
0.025282
0.025282
0.025282
0.025282
0.025282
0.025282
0.025282
0.025282
0.025258
0.025258
0.025258
0.025258
0.025258
0.025258
0.025258
0.025282
0.025282
0.025282
0.025282
0.025258
0.025258
0.025258
0.025233
0.025233
0.025233
0.025233
0.025233
0.025233
0.025208
0.025208
0.025208
0.025208
0.025184
0.025184
0.025184
0.025184
0.025184
0.025184
0.025184
0.025184
0.025208
0.025282
0.025356
0.025381
0.025405
0.02543
0.025479
0.025528
0.025455
0.024519
0.024494
0.024519
0.024642
0.024765
0.024888
0.024962
0.025036
0.025061
0.02511
0.025134
0.025159
0.025159
0.025159
0.025159
0.025184
0.025184
0.025184
0.025184
0.025184
0.025184
0.025184
0.025184
0.025184
0.025184
0.025184
0.025184
0.025184
0.025184
0.025184
0.025184
0.025184
0.025208
0.025208
0.025208
0.025208
0.025208
0.025208
0.025208
0.025233
0.025233
0.025233
0.025233
0.025233
0.025233
0.025233
0.025233
0.025233
0.025208
0.025208
0.025184
0.025184
0.025159
0.025134
0.025134
0.02511
0.02511
0.025085
0.025085
0.025061
0.025061
0.025061
0.025036
0.025036
0.025011
0.025011
0.025011
0.025011
0.024987
0.024987
0.024987
0.025011
0.025011
0.024987
0.024987
0.024987
0.024987
0.024987
0.024962
0.024962
0.024962
0.024938
0.024962
0.024962
0.024938
0.024938
0.024938
0.024938
0.024938
0.024938
0.024938
0.024938
0.024938
0.024938
0.024938
0.024938
0.024913
0.024913
0.024913
0.024913
0.024913
0.024913
0.024888
0.024888
0.024888
0.024888
0.024888
0.024888
0.024888
0.024888
0.024888
0.024864
0.024864
0.024864
0.024864
0.024864
0.024864
0.024864
0.024864
0.024864
0.024864
0.024864
0.024839
0.024839
0.024839
0.024839
0.024839
0.024839
0.024839
0.024839
0.024839
0.024839
0.024814
0.024814
0.024814
0.024814
0.024814
0.024814
0.024814
0.02479
0.024814
0.02479
0.02479
0.02479
0.02479
0.02479
0.02479
0.02479
0.02479
0.02479
0.02479
0.02479
0.024765
0.024765
0.024765
0.024765
0.024765
0.024765
0.024741
0.024741
0.024741
0.024741
0.024741
0.024741
0.024741
0.024716
0.024741
0.024741
0.024741
0.024716
0.024741
0.024741
0.024741
0.024741
0.024741
0.024741
0.024741
0.024741
0.024741
0.024741
0.024741
0.024741
0.024741
0.024741
0.024741
0.024716
0.024716
0.024716
0.024691
0.024691
0.024691
0.024716
0.024716
0.024691
0.024691
0.024691
0.024716
0.024716
0.024691
0.024691
0.024691
0.024691
0.024691
0.024716
0.02479
0.024864
0.024913
0.024938
0.024962
0.025011
0.025061
0.025011
0.024814
0.024544
0.024273
0.024101
0.024027
0.024051
0.024174
0.024297
0.024396
0.024494
0.024568
0.024618
0.024642
0.024667
0.024691
0.024691
0.024691
0.024716
0.024716
0.024716
0.024716
0.024716
0.024716
0.024716
0.024716
0.024716
0.024716
0.024716
0.024741
0.024741
0.024741
0.024741
0.024741
0.024741
0.024765
0.024765
0.024741
0.024741
0.024765
0.024765
0.024765
0.024765
0.024765
0.024765
0.02479
0.02479
0.024765
0.024765
0.024765
0.024765
0.024765
0.024765
0.024741
0.024741
0.024741
0.024716
0.024716
0.024691
0.024691
0.024691
0.024667
0.024642
0.024642
0.024642
0.024642
0.024618
0.024618
0.024593
0.024568
0.024568
0.024568
0.024568
0.024544
0.024544
0.024544
0.024544
0.024544
0.024544
0.024544
0.024544
0.024544
0.024544
0.024519
0.024519
0.024519
0.024519
0.024519
0.024519
0.024494
0.024494
0.024494
0.024494
0.024494
0.024494
0.024494
0.024494
0.024494
0.024494
0.02447
0.02447
0.02447
0.02447
0.02447
0.02447
0.02447
0.02447
0.02447
0.024445
0.024445
0.024445
0.024445
0.024445
0.024445
0.024421
0.024421
0.024421
0.024421
0.024421
0.024421
0.024396
0.024396
0.024396
0.024421
0.024396
0.024396
0.024396
0.024396
0.024396
0.024396
0.024396
0.024396
0.024396
0.024396
0.024396
0.024371
0.024396
0.024396
0.024396
0.024371
0.024371
0.024371
0.024371
0.024371
0.024371
0.024371
0.024347
0.024371
0.024371
0.024347
0.024347
0.024347
0.024347
0.024347
0.024347
0.024347
0.024347
0.024347
0.024347
0.024371
0.024371
0.024371
0.024371
0.024371
0.024371
0.024371
0.024371
0.024371
0.024371
0.024371
0.024371
0.024371
0.024371
0.024371
0.024371
0.024371
0.024371
0.024371
0.024396
0.024396
0.024396
0.024396
0.024396
0.024396
0.024396
0.024396
0.024396
0.024421
0.024421
0.024371
0.024371
0.024371
0.024371
0.024371
0.024371
0.024371
0.024371
0.024371
0.024347
0.024347
0.024347
0.024347
0.024347
0.024322
0.024322
0.024322
0.024322
0.024322
0.024347
0.024396
0.02447
0.024544
0.024568
0.024593
0.024618
0.024691
0.024667
0.024494
0.024224
0.023953
0.023756
0.023707
0.023707
0.023805
0.023928
0.024051
0.02415
0.024224
0.024273
0.024371
0.024371
0.024371
0.024371
0.024371
0.024371
0.024371
0.024371
0.024371
0.024396
0.024371
0.024371
0.024396
0.024396
0.024396
0.024396
0.024396
0.024421
0.024421
0.024421
0.024445
0.024421
0.024445
0.024445
0.024445
0.024445
0.024445
0.024445
0.02447
0.02447
0.02447
0.02447
0.02447
0.02447
0.02447
0.02447
0.02447
0.02447
0.02447
0.02447
0.024421
0.024396
0.024396
0.024396
0.024371
0.024371
0.024347
0.024347
0.024347
0.024347
0.024322
0.024322
0.024322
0.024322
0.024322
0.024297
0.024297
0.024297
0.024297
0.024297
0.024297
0.024297
0.024297
0.024297
0.024297
0.024297
0.024273
0.024273
0.024297
0.024297
0.024273
0.024273
0.024273
0.024273
0.024273
0.024273
0.024273
0.024273
0.024273
0.024273
0.024273
0.024273
0.024273
0.024273
0.024273
0.024273
0.024273
0.024273
0.024248
0.024248
0.024248
0.024248
0.024248
0.024248
0.024248
0.024248
0.024248
0.024248
0.024248
0.024248
0.024248
0.024248
0.024248
0.024248
0.024248
0.024248
0.024248
0.024248
0.024224
0.024224
0.024224
0.024248
0.024248
0.024224
0.024224
0.024224
0.024248
0.024224
0.024224
0.024224
0.024224
0.024224
0.024224
0.024224
0.024224
0.024224
0.024224
0.024224
0.024224
0.024224
0.024224
0.024224
0.024224
0.024224
0.024224
0.024224
0.024199
0.024199
0.024199
0.024199
0.024199
0.024199
0.024199
0.024199
0.024199
0.024199
0.024199
0.024199
0.024199
0.024199
0.024199
0.024199
0.024199
0.024199
0.024199
0.024199
0.024199
0.024199
0.024199
0.024199
0.024224
0.024224
0.024224
0.024224
0.024248
0.024248
0.024224
0.024224
0.024199
0.024199
0.024199
0.024199
0.024199
0.024199
0.024199
0.024199
0.024199
0.024174
0.024174
0.024174
0.024174
0.024174
0.024174
0.024174
0.024174
0.024174
0.024174
0.024174
0.024199
0.024273
0.024371
0.024396
0.024421
0.024445
0.024519
0.024544
0.02447
0.024248
0.023953
0.023731
0.023682
0.023805
0.023928
0.024027
0.024076
0.024125
0.02415
0.024174
0.024199
0.024199
0.024199
0.024224
0.024224
0.024224
0.024224
0.024224
0.024248
0.024248
0.024248
0.024248
0.024248
0.024248
0.024273
0.024248
0.024248
0.024273
0.024273
0.024273
0.024273
0.024273
0.024273
0.024297
0.024297
0.024297
0.024297
0.024297
0.024322
0.024322
0.024322
0.024322
0.024347
0.024347
0.024322
0.024347
0.024347
0.024322
0.024322
0.024322
0.024297
0.024297
0.024297
0.024273
0.024248
0.024248
0.024248
0.024248
0.024224
0.024224
0.024224
0.024199
0.024199
0.024199
0.024174
0.024174
0.024174
0.024174
0.024174
0.024174
0.024174
0.024174
0.024174
0.024174
0.02415
0.024174
0.024174
0.024174
0.02415
0.02415
0.02415
0.024174
0.02415
0.02415
0.02415
0.02415
0.02415
0.02415
0.024174
0.02415
0.02415
0.02415
0.02415
0.024174
0.024174
0.02415
0.02415
0.02415
0.024174
0.024174
0.02415
0.02415
0.024174
0.024174
0.024174
0.02415
0.02415
0.024174
0.024174
0.024174
0.02415
0.02415
0.024174
0.024174
0.024174
0.024174
0.02415
0.02415
0.02415
0.02415
0.02415
0.02415
0.02415
0.02415
0.02415
0.02415
0.02415
0.02415
0.02415
0.02415
0.02415
0.02415
0.02415
0.02415
0.02415
0.02415
0.02415
0.02415
0.02415
0.02415
0.02415
0.02415
0.02415
0.02415
0.02415
0.02415
0.02415
0.02415
0.02415
0.02415
0.02415
0.02415
0.02415
0.02415
0.02415
0.02415
0.02415
0.02415
0.02415
0.02415
0.02415
0.02415
0.024125
0.024125
0.024125
0.02415
0.02415
0.024125
0.024125
0.024125
0.024125
0.02415
0.02415
0.02415
0.02415
0.024174
0.02415
0.02415
0.024125
0.024101
0.023633
0.022968
0.022722
0.022623
0.022574
0.022574
0.022574
0.022574
0.022574
0.022599
0.022599
0.022623
0.022623
0.022623
0.022648
0.022673
0.022697
0.022697
0.022722
0.022771
0.02287
0.022944
0.02319
0.023116
0.022894
0.022648
0.022427
0.022303
0.022279
0.022328
0.022476
0.022623
0.022747
0.02282
0.022894
0.022968
0.022993
0.023042
0.023042
0.023067
0.023091
0.023091
0.023091
0.023091
0.023091
0.023091
0.023091
0.023091
0.023091
0.023091
0.023091
0.023116
0.023116
0.023116
0.023091
0.023091
0.023091
0.023067
0.023042
0.023042
0.023042
0.023017
0.022993
0.023017
0.023017
0.023017
0.022993
0.022993
0.023017
0.023017
0.023017
0.023017
0.023017
0.023017
0.023017
0.023017
0.023017
0.023017
0.023017
0.022993
0.022993
0.022968
0.022968
0.022944
0.022944
0.022919
0.022919
0.022894
0.022894
0.02287
0.02287
0.022845
0.022845
0.022845
0.022845
0.02282
0.022796
0.022796
0.022771
0.022747
0.022722
0.022673
0.022599
0.022574
0.022574
0.02255
0.022525
0.022525
0.0225
0.0225
0.0225
0.0225
0.0225
0.0225
0.022525
0.022525
0.022525
0.022525
0.022525
0.02255
0.02255
0.02255
0.02255
0.02255
0.02255
0.02255
0.02255
0.02255
0.022525
0.02255
0.02255
0.02255
0.02255
0.02255
0.02255
0.02255
0.02255
0.02255
0.022525
0.022525
0.022525
0.0225
0.022451
0.022427
0.022402
0.022377
0.022353
0.022328
0.022303
0.022279
0.022254
0.02223
0.022205
0.022156
0.022082
0.022008
0.02191
0.021787
0.021663
0.02154
0.021417
0.021319
0.021245
0.021171
0.021097
0.021023
0.020974
0.020925
0.020876
0.020851
0.020802
0.020802
0.020802
0.020777
0.020777
0.020777
0.020777
0.020777
0.020802
0.020802
0.020826
0.020826
0.020876
0.0209
0.020925
0.02095
0.02095
0.020974
0.020974
0.020999
0.021023
0.021023
0.021048
0.021048
0.021073
0.021097
0.021097
0.021122
0.021122
0.021146
0.021146
0.021171
0.021171
0.021196
0.02122
0.021245
0.021245
0.021245
0.021245
0.021245
0.02122
0.02122
0.021196
0.021196
0.021171
0.021171
0.021146
0.021122
0.021122
0.021122
0.021097
0.021097
0.021073
0.021073
0.021073
0.021073
0.021097
0.021122
0.02122
0.021294
0.021343
0.021368
0.021393
0.021466
0.021491
0.021442
0.02122
0.02095
0.020703
0.020531
0.020506
0.020556
0.020679
0.020777
0.0209
0.020974
0.021048
0.021073
0.021073
0.021048
0.021048
0.021048
0.021023
0.020999
0.020974
0.020974
0.020974
0.02095
0.02095
0.02095
0.02095
0.02095
0.020925
0.02095
0.02095
0.02095
0.02095
0.02095
0.020974
0.020974
0.020974
0.020974
0.020999
0.020999
0.020999
0.020999
0.020999
0.021023
0.021023
0.021023
0.021023
0.021023
0.021023
0.021023
0.021023
0.021023
0.020999
0.020999
0.020999
0.020999
0.020974
0.020974
0.020974
0.020974
0.02095
0.02095
0.020925
0.020925
0.020925
0.020925
0.0209
0.0209
0.020851
0.020851
0.020851
0.020851
0.020851
0.020851
0.020851
0.020851
0.020851
0.020826
0.020826
0.020826
0.020826
0.020826
0.020826
0.020826
0.020851
0.020851
0.020851
0.020851
0.020851
0.020851
0.020851
0.020851
0.020851
0.020851
0.020851
0.020876
0.020876
0.020876
0.020876
0.020876
0.020876
0.020876
0.020876
0.020876
0.0209
0.0209
0.0209
0.0209
0.0209
0.0209
0.0209
0.0209
0.0209
0.0209
0.0209
0.0209
0.0209
0.020925
0.020925
0.020925
0.020925
0.020925
0.020925
0.020925
0.020925
0.02095
0.02095
0.02095
0.02095
0.02095
0.02095
0.020974
0.020974
0.020974
0.020974
0.020974
0.020974
0.02095
0.02095
0.02095
0.02095
0.02095
0.02095
0.02095
0.02095
0.02095
0.02095
0.02095
0.020925
0.020925
0.020925
0.0209
0.020925
0.020925
0.0209
0.0209
0.0209
0.0209
0.020925
0.020925
0.020925
0.020925
0.020925
0.020925
0.02095
0.020925
0.020925
0.020925
0.020925
0.02095
0.020925
0.020925
0.020925
0.020925
0.020925
0.020925
0.0209
0.0209
0.0209
0.0209
0.0209
0.020876
0.020851
0.020851
0.020826
0.020802
0.020802
0.020777
0.020753
0.020753
0.020753
0.020753
0.020728
0.020728
0.020728
0.020728
0.020728
0.020728
0.020703
0.020703
0.020728
0.020728
0.020777
0.020851
0.0209
0.02095
0.020974
0.020999
0.021073
0.021073
0.02095
0.020679
0.020408
0.020186
0.020088
0.020088
0.020162
0.020285
0.020383
0.020506
0.02058
0.020629
0.020679
0.020703
0.020728
0.020753
0.020753
0.020753
0.020777
0.020777
0.020777
0.020777
0.020802
0.020802
0.020802
0.020802
0.020802
0.020826
0.020826
0.020826
0.020826
0.020826
0.020851
0.020851
0.020851
0.020851
0.020876
0.020876
0.020876
0.0209
0.0209
0.0209
0.020925
0.020925
0.02095
0.02095
0.02095
0.02095
0.02095
0.02095
0.02095
0.020925
0.020925
0.020925
0.020925
0.0209
0.0209
0.0209
0.020826
0.020826
0.020802
0.020802
0.020802
0.020777
0.020777
0.020777
0.020753
0.020753
0.020753
0.020753
0.020753
0.020728
0.020728
0.020728
0.020728
0.020728
0.020728
0.020703
0.020703
0.020703
0.020728
0.020703
0.020703
0.020703
0.020703
0.020703
0.020703
0.020703
0.020703
0.020703
0.020703
0.020703
0.020703
0.020703
0.020703
0.020703
0.020703
0.020703
