2018
3
20
17
3
24.742
0.019965
0.019965
0.019965
0.019916
0.019891
0.019965
0.020113
0.020186
0.020383
0.02058
0.020334
0.019743
0.019251
0.018955
0.019005
0.019128
0.019251
0.019374
0.019546
0.019719
0.019842
0.019916
0.019916
0.019916
0.01994
0.019965
0.019989
0.020014
0.020039
0.020063
0.020113
0.020088
0.020063
0.020063
0.020088
0.020113
0.020088
0.020063
0.020039
0.020063
0.020014
0.020014
0.019989
0.019965
0.019965
0.019989
0.020014
0.020014
0.020014
0.020014
0.020039
0.020088
0.020088
0.020063
0.020063
0.020088
0.020113
0.020113
0.020088
0.020063
0.020088
0.020088
0.020088
0.020039
0.020014
0.020014
0.020039
0.020014
0.019989
0.019965
0.019965
0.019965
0.019965
0.01994
0.01994
0.019965
0.019989
0.019965
0.01994
0.01994
0.01994
0.01994
0.01994
0.019965
0.019965
0.01994
0.01994
0.01994
0.01994
0.019916
0.019891
0.019891
0.019916
0.019965
0.019965
0.01994
0.01994
0.019965
0.019989
0.019965
0.019916
0.019891
0.019891
0.019891
0.019891
0.019866
0.019866
0.019866
0.019891
0.019891
0.019866
0.019842
0.019866
0.019891
0.019891
0.019866
0.019842
0.019891
0.019916
0.01994
0.019965
0.019965
0.01994
0.01994
0.019965
0.019989
0.019989
0.019965
0.019965
0.019965
0.019989
0.019989
0.019989
0.019989
0.020014
0.020039
0.020063
0.020063
0.020063
0.020088
0.020113
0.020088
0.020063
0.020039
0.020063
0.020063
0.020063
0.020039
0.020014
0.020014
0.020014
0.020014
0.019989
0.019965
0.019989
0.019989
0.020014
0.019989
0.019965
0.019989
0.019965
0.019965
0.019989
0.020014
0.019989
0.019989
0.019989
0.020014
0.020014
0.019989
0.019989
0.020014
0.020039
0.020039
0.019989
0.019989
0.020014
0.020039
0.020039
0.020014
0.019989
0.020014
0.020039
0.020014
0.019989
0.019965
0.019965
0.020014
0.020014
0.019989
0.019965
0.019989
0.020014
0.020014
0.019989
0.019989
0.019989
0.020014
0.020014
0.019989
0.019965
0.019891
0.01994
0.020088
0.020236
0.020433
0.02058
0.020236
0.019694
0.019251
0.019005
0.019005
0.019128
0.019276
0.019448
0.01962
0.019743
0.019842
0.019916
0.019965
0.019965
0.01994
0.019916
0.019965
0.020014
0.020039
0.020014
0.019989
0.019989
0.020014
0.019989
0.019965
0.01994
0.01994
0.019965
0.019965
0.01994
0.01994
0.019965
0.019965
0.019989
0.020039
0.020039
0.020014
0.019989
0.020014
0.020039
0.020039
0.020039
0.020014
0.020039
0.020063
0.020088
0.020063
0.020063
0.020063
0.020088
0.020088
0.020063
0.020063
0.020063
0.020088
0.020088
0.020063
0.020039
0.020063
0.020063
0.020063
0.020014
0.019989
0.020014
0.020014
0.020014
0.019989
0.019965
0.019989
0.019989
0.019989
0.019965
0.01994
0.01994
0.019916
0.01994
0.019965
0.019965
0.019965
0.01994
0.01994
0.019965
0.019989
0.019989
0.019989
0.020014
0.020014
0.020014
0.019989
0.019965
0.019965
0.019965
0.019965
0.019916
0.019891
0.019916
0.01994
0.01994
0.019891
0.019891
0.019891
0.019916
0.019916
0.019891
0.019866
0.019891
0.019916
0.019891
0.019866
0.019866
0.019891
0.019916
0.01994
0.019965
0.019965
0.01994
0.01994
0.01994
0.019965
0.019989
0.019965
0.01994
0.019965
0.019989
0.019989
0.019965
0.019965
0.019965
0.019989
0.019989
0.019989
0.019965
0.019989
0.020039
0.020039
0.020014
0.019989
0.020014
0.020014
0.020014
0.019989
0.019989
0.019989
0.020014
0.020014
0.019989
0.019965
0.019965
0.019989
0.019989
0.019965
0.01994
0.019965
0.019965
0.019965
0.019989
0.019989
0.019965
0.01994
0.01994
0.019989
0.019989
0.019965
0.019965
0.019989
0.020014
0.020014
0.019989
0.019989
0.019989
0.020039
0.020063
0.020088
0.020063
0.020088
0.020088
0.020088
0.020039
0.020014
0.020014
0.020039
0.020039
0.020014
0.019989
0.020014
0.020039
0.020014
0.019989
0.019989
0.020014
0.020039
0.020039
0.019989
0.019965
0.019916
0.019965
0.020137
0.02026
0.020457
0.020605
0.020309
0.019768
0.0193
0.019029
0.019054
0.019177
0.0193
0.019448
0.019596
0.019719
0.019817
0.019866
0.019891
0.019866
0.019842
0.019891
0.019965
0.020014
0.020014
0.020014
0.020014
0.020039
0.020039
0.020014
0.019989
0.020014
0.020014
0.020014
0.019989
0.019965
0.01994
0.019965
0.01994
0.01994
0.019965
0.01994
0.01994
0.019965
0.019989
0.020014
0.019989
0.019989
0.020014
0.020063
0.020063
0.020063
0.020039
0.020039
0.020063
0.020063
0.020039
0.020014
0.020014
0.020014
0.020014
0.019989
0.019965
0.019965
0.019989
0.019965
0.019916
0.019891
0.019891
0.019891
0.019891
0.019866
0.019866
0.019866
0.019866
0.019866
0.019842
0.019817
0.019842
0.019842
0.019866
0.019866
0.019866
0.019842
0.019842
0.019842
0.019842
0.019817
0.019842
0.019866
0.019891
0.019891
0.019866
0.019842
0.019842
0.019866
0.019842
0.019792
0.019768
0.019792
0.019817
0.019817
0.019792
0.019792
0.019792
0.019817
0.019792
0.019768
0.019743
0.019743
0.019792
0.019792
0.019768
0.019768
0.019768
0.019817
0.019817
0.019792
0.019792
0.019866
0.019842
0.019866
0.019891
0.019916
0.019891
0.019891
0.019916
0.01994
0.01994
0.019916
0.019891
0.019916
0.019916
0.01994
0.019916
0.019891
0.019891
0.019916
0.019916
0.019891
0.019866
0.019866
0.019891
0.019891
0.019866
0.019842
0.019842
0.019866
0.019866
0.019842
0.019817
0.019817
0.019842
0.019842
0.019817
0.019768
0.019792
0.019817
0.019817
0.019842
0.019842
0.019817
0.019792
0.019792
0.019817
0.019842
0.019817
0.019792
0.019792
0.019817
0.019842
0.019817
0.019817
0.019842
0.019866
0.019866
0.019842
0.019817
0.019817
0.019866
0.019866
0.019842
0.019842
0.019842
0.019866
0.019866
0.019842
0.019817
0.019817
0.019866
0.019866
0.019842
0.019817
0.019817
0.019817
0.019817
0.019817
0.019817
0.019817
0.019866
0.019842
0.019768
0.019817
0.01994
0.020113
0.020334
0.020482
0.020186
0.01962
0.019152
0.018906
0.018906
0.019029
0.019152
0.0193
0.019472
0.01962
0.019694
0.019768
0.019792
0.019817
0.019792
0.019768
0.019817
0.019866
0.019916
0.019916
0.019891
0.019916
0.01994
0.01994
0.019916
0.019866
0.019866
0.019916
0.019916
0.019866
0.019842
0.019866
0.019842
0.019891
0.019891
0.019891
0.019866
0.019866
0.019891
0.019916
0.019916
0.019891
0.019891
0.019916
0.019916
0.019891
0.019866
0.019891
0.019891
0.019916
0.019891
0.019866
0.019866
0.019891
0.019916
0.019891
0.019842
0.019842
0.019842
0.019842
0.019817
0.019792
0.019792
0.019817
0.019817
0.019792
0.019743
0.019743
0.019768
0.019768
0.019743
0.019719
0.019694
0.019694
0.019719
0.019719
0.019719
0.019669
0.019669
0.019694
0.019694
0.019694
0.019694
0.019694
0.019719
0.019719
0.019694
0.019669
0.019669
0.019694
0.019669
0.019645
0.01962
0.01962
0.019645
0.019669
0.019645
0.019645
0.019645
0.019669
0.019669
0.019645
0.019645
0.019645
0.019669
0.019669
0.019669
0.019645
0.019669
0.019694
0.019719
0.019694
0.019743
0.019719
0.019694
0.019694
0.019719
0.019719
0.019719
0.019694
0.019694
0.019719
0.019743
0.019719
0.019694
0.019719
0.019719
0.019743
0.019719
0.019719
0.019719
0.019743
0.019768
0.019743
0.019743
0.019743
0.019768
0.019768
0.019768
0.019743
0.019743
0.019768
0.019792
0.019768
0.019743
0.019743
0.019768
0.019768
0.019743
0.019719
0.019743
0.019768
0.019768
0.019743
0.019719
0.019743
0.019768
0.019768
0.019743
0.019743
0.019743
0.019768
0.019792
0.019768
0.019743
0.019743
0.019768
0.019792
0.019768
0.019768
0.019768
0.019817
0.019817
0.019792
0.019743
0.019768
0.019792
0.019792
0.019768
0.019743
0.019743
0.019768
0.019792
0.019768
0.019743
0.019743
0.019768
0.019768
0.019743
0.019743
0.019743
0.019768
0.019743
0.019719
0.019719
0.019817
0.019916
0.020088
0.020383
0.020383
0.019866
0.0193
0.018906
0.018832
0.018931
0.019029
0.019128
0.0193
0.019497
0.01962
0.019694
0.019694
0.019694
0.019743
0.019768
0.019768
0.019792
0.019817
0.019842
0.019842
0.019817
0.019792
0.019768
0.019792
0.019792
0.019768
0.019743
0.019743
0.019743
0.019743
0.019719
0.019694
0.019743
0.019719
0.019719
0.019768
0.019768
0.019768
0.019743
0.019768
0.019792
0.019817
0.019817
0.019792
0.019792
0.019817
0.019817
0.019817
0.019792
0.019792
0.019817
0.019817
0.019792
0.019768
0.019792
0.019817
0.019792
0.019768
0.019743
0.019719
0.019743
0.019743
0.019743
0.019719
0.019719
0.019719
0.019719
0.019719
0.019694
0.019669
0.019694
0.019694
0.019694
0.019669
0.019645
0.019645
0.019669
0.019669
0.01962
0.019596
0.019571
0.019596
0.019645
0.01962
0.01962
0.01962
0.01962
0.019645
0.01962
0.019596
0.019571
0.019596
0.019571
0.019571
0.019546
0.019546
0.019571
0.019596
0.019596
0.019571
0.019571
0.01962
0.01962
0.01962
0.019596
0.019596
0.019645
0.019669
0.019645
0.01962
0.019645
0.019669
0.019719
0.019743
0.019743
0.019719
0.019743
0.019768
0.019792
0.019792
0.019768
0.019768
0.019768
0.019792
0.019768
0.019743
0.019743
0.019792
0.019792
0.019792
0.019792
0.019792
0.019842
0.019866
0.019842
0.019817
0.019817
0.019842
0.019842
0.019817
0.019768
0.019743
0.019768
0.019743
0.019694
0.019669
0.019645
0.019669
0.019694
0.019669
0.019645
0.019645
0.019546
0.019546
0.019596
0.01962
0.01962
0.019596
0.01962
0.019645
0.019645
0.01962
0.01962
0.01962
0.019645
0.019669
0.019669
0.019645
0.019669
0.019694
0.019719
0.019719
0.019694
0.019694
0.019719
0.019743
0.019743
0.019719
0.019719
0.019743
0.019768
0.019743
0.019719
0.019719
0.019743
0.019768
0.019743
0.019743
0.019719
0.019743
0.019792
0.019743
0.019989
0.020162
0.020383
0.020236
0.019694
0.019152
0.018783
0.018685
0.018734
0.018832
0.018955
0.019079
0.019177
0.019276
0.019325
0.019349
0.019374
0.019374
0.019423
0.019497
0.019571
0.01962
0.01962
0.019645
0.019669
0.019694
0.019719
0.019694
0.019694
0.019719
0.019719
0.019719
0.019669
0.019669
0.019669
0.019669
0.019645
0.01962
0.01962
0.019645
0.019645
0.019669
0.019669
0.019669
0.019694
0.019743
0.019768
0.019768
0.019743
0.019743
0.019768
0.019792
0.019768
0.019743
0.019719
0.019743
0.019719
0.019694
0.019645
0.019596
0.019596
0.019596
0.019571
0.019546
0.019522
0.019522
0.019522
0.019497
0.019472
0.019472
0.019497
0.019522
0.019472
0.019423
0.019399
0.019399
0.019374
0.019349
0.0193
0.019276
0.019251
0.019251
0.019276
0.0193
0.019325
0.019349
0.019374
0.019448
0.019472
0.019448
0.019448
0.019448
0.019472
0.019472
0.019448
0.019423
0.019423
0.019448
0.019497
0.019497
0.019472
0.019472
0.019497
0.019497
0.019497
0.019472
0.019472
0.019497
0.019546
0.019546
0.019522
0.019522
0.019546
0.019571
0.019571
0.019546
0.019546
0.019546
0.019546
0.019522
0.019423
0.019399
0.019374
0.019399
0.019448
0.019472
0.019472
0.019472
0.019472
0.019522
0.019546
0.019546
0.019522
0.019522
0.019546
0.019571
0.019546
0.019522
0.019522
0.019546
0.019571
0.019571
0.019571
0.019571
0.019596
0.01962
0.019645
0.01962
0.019645
0.019669
0.019694
0.019694
0.019694
0.019694
0.019743
0.019768
0.019743
0.019743
0.019743
0.019768
0.019768
0.019817
0.019842
0.019817
0.019792
0.019792
0.019817
0.019817
0.019817
0.019792
0.019792
0.019817
0.019842
0.019842
0.019817
0.019842
0.019866
0.019891
0.019866
0.019842
0.019842
0.019866
0.019891
0.019891
0.019891
0.019891
0.019891
0.019916
0.019891
0.019842
0.019842
0.019866
0.019891
0.019866
0.019842
0.019842
0.019866
0.019891
0.019842
0.019768
0.020383
0.020506
0.020113
0.019571
0.019152
0.01898
0.019005
0.019103
0.019226
0.019399
0.019571
0.019669
0.019743
0.019817
0.019866
0.019866
0.019842
0.019866
0.019916
0.01994
0.01994
0.019916
0.019916
0.01994
0.019965
0.019965
0.01994
0.01994
0.019965
0.019965
0.019965
0.019916
0.019891
0.019916
0.01994
0.019916
0.019891
0.019891
0.019916
0.01994
0.019965
0.019989
0.019989
0.019989
0.019965
0.020014
0.020039
0.020039
0.020014
0.020014
0.020014
0.020039
0.020014
0.019989
0.019989
0.019989
0.019989
0.019989
0.019965
0.01994
0.019965
0.019989
0.019965
0.01994
0.019916
0.01994
0.01994
0.01994
0.019891
0.019866
0.019891
0.019916
0.019891
0.019866
0.019866
0.019866
0.019891
0.019891
0.019866
0.019842
0.019842
0.019842
0.019842
0.019866
0.019866
0.019866
0.019866
0.019916
0.01994
0.01994
0.019916
0.019916
0.019916
0.019916
0.019916
0.019866
0.019842
0.019866
0.019891
0.019891
0.019866
0.019866
0.019891
0.019891
0.019891
0.019866
0.019866
0.019891
0.019916
0.019916
0.019891
0.019891
0.019891
0.019916
0.019916
0.019891
0.019891
0.019916
0.01994
0.019916
0.019916
0.019916
0.019891
0.019891
0.019916
0.01994
0.01994
0.019916
0.019916
0.01994
0.01994
0.01994
0.019916
0.019916
0.01994
0.019965
0.01994
0.019916
0.019916
0.019916
0.01994
0.01994
0.019916
0.019916
0.01994
0.019965
0.019965
0.01994
0.01994
0.019965
0.019989
0.019989
0.019989
0.019989
0.020014
0.020039
0.020039
0.020014
0.019989
0.020014
0.019965
0.019965
0.019989
0.019965
0.01994
0.01994
0.01994
0.019965
0.019965
0.01994
0.01994
0.019965
0.019989
0.019989
0.019965
0.01994
0.01994
0.01994
0.019916
0.019891
0.019891
0.019916
0.019916
0.019916
0.019866
0.019866
0.019866
0.019891
0.019891
0.019866
0.019866
0.019891
0.019916
0.019916
0.019916
0.019916
0.019866
0.019866
0.019965
0.020063
0.020186
0.01962
0.019177
0.019005
0.019103
0.019202
0.019325
0.019448
0.019645
0.019817
0.019891
0.019916
0.01994
0.019965
0.019989
0.019989
0.019989
0.019989
0.020039
0.020039
0.020039
0.020014
0.019989
0.020014
0.020039
0.020039
0.020014
0.019989
0.019989
0.020014
0.019989
0.019965
0.01994
0.01994
0.019965
0.019965
0.01994
0.01994
0.01994
0.019965
0.020014
0.020039
0.020039
0.020014
0.020014
0.020039
0.020063
0.020063
0.020039
0.020014
0.020039
0.020063
0.020039
0.020014
0.020014
0.020014
0.020039
0.020014
0.019989
0.019965
0.019965
0.019989
0.019965
0.01994
0.019916
0.019916
0.01994
0.01994
0.019916
0.019891
0.019916
0.01994
0.019916
0.019891
0.019891
0.019891
0.019916
0.019916
0.019866
0.019866
0.019817
0.019792
0.019842
0.019891
0.019891
0.019866
0.019866
0.019891
0.019916
0.019916
0.019891
0.019866
0.019866
0.019866
0.019866
0.019842
0.019842
0.019842
0.019866
0.019866
0.019842
0.019817
0.019817
0.019842
0.019842
0.019817
0.019792
0.019817
0.019842
0.019842
0.019842
0.019842
0.019842
0.019866
0.019866
0.019842
0.019842
0.019842
0.019866
0.019891
0.019891
0.019866
0.019842
0.019866
0.019891
0.019891
0.019866
0.019842
0.019842
0.019866
0.019842
0.019817
0.019792
0.019817
0.019842
0.019842
0.019817
0.019792
0.019817
0.019842
0.019842
0.019842
0.019842
0.019842
0.019866
0.019891
0.019866
0.019842
0.019842
0.019866
0.019866
0.019842
0.019817
0.019842
0.019866
0.019866
0.019842
0.019817
0.019842
0.019866
0.019842
0.019866
0.019866
0.019842
0.019842
0.019866
0.019891
0.019891
0.019866
0.019866
0.019891
0.019916
0.019916
0.019916
0.019891
0.019891
0.01994
0.01994
0.019916
0.019916
0.019916
0.01994
0.01994
0.019916
0.019891
0.019916
0.01994
0.019916
0.019891
0.019891
0.019891
0.019916
0.019916
0.019842
0.019792
0.019891
0.020063
0.020186
0.020408
0.020531
0.01898
0.019005
0.019128
0.019276
0.019423
0.019571
0.019694
0.019792
0.019842
0.019866
0.019866
0.019842
0.019866
0.019916
0.01994
0.01994
0.019916
0.019916
0.01994
0.019916
0.019916
0.019891
0.019916
0.019916
0.019916
0.019891
0.019866
0.019866
0.019891
0.019891
0.019866
0.019866
0.019891
0.019916
0.01994
0.019916
0.019916
0.01994
0.019965
0.019989
0.020014
0.020014
0.019989
0.019989
0.020014
0.020014
0.019989
0.019965
0.019965
0.019989
0.020014
0.019989
0.019965
0.019965
0.019989
0.019965
0.01994
0.019916
0.019916
0.019916
0.019916
0.019891
0.019866
0.019842
0.019866
0.019866
0.019817
0.019792
0.019792
0.019817
0.019817
0.019792
0.019768
0.019792
0.019817
0.019817
0.019792
0.019792
0.019792
0.019792
0.019768
0.019792
0.019768
0.019743
0.019719
0.019719
0.019743
0.019719
0.019694
0.019669
0.019669
0.019694
0.019719
0.019694
0.019694
0.019694
0.019719
0.019719
0.019694
0.019694
0.019694
0.019719
0.019743
0.019719
0.019694
0.019719
0.019719
0.019719
0.019719
0.019694
0.019719
0.019743
0.019743
0.019719
0.019719
0.019719
0.019743
0.019743
0.019719
0.019719
0.019719
0.019694
0.019719
0.019719
0.019719
0.019694
0.019669
0.019694
0.019719
0.019719
0.019694
0.019669
0.019669
0.019694
0.019694
0.019669
0.019645
0.019645
0.019669
0.019694
0.019645
0.019645
0.019645
0.019669
0.019669
0.019645
0.01962
0.019645
0.019669
0.019669
0.019645
0.01962
0.01962
0.019645
0.019645
0.01962
0.019596
0.01962
0.01962
0.019645
0.019645
0.019645
0.019645
0.01962
0.01962
0.019645
0.019645
0.01962
0.019596
0.019596
0.01962
0.019645
0.019645
0.01962
0.01962
0.019645
0.019645
0.01962
0.01962
0.01962
0.019645
0.019669
0.019645
0.01962
0.019645
0.019669
0.019669
0.019571
0.019571
0.019694
0.019817
0.019989
0.020211
0.020137
0.019645
0.019128
0.018783
0.018685
0.018759
0.018857
0.019374
0.019448
0.019522
0.019571
0.019571
0.019596
0.01962
0.019669
0.019694
0.019694
0.019669
0.019669
0.019694
0.019719
0.019719
0.019694
0.019719
0.019743
0.019743
0.019768
0.019768
0.019768
0.019817
0.019817
0.019817
0.019792
0.019817
0.019842
0.019866
0.019842
0.019817
0.019842
0.019866
0.019866
0.019866
0.019842
0.019842
0.019842
0.019842
0.019817
0.019743
0.019694
0.019645
0.01962
0.01962
0.019596
0.019546
0.019497
0.019472
0.019472
0.019448
0.019399
0.019374
0.019349
0.019325
0.019325
0.019276
0.019251
0.019226
0.019251
0.019226
0.019202
0.019177
0.019152
0.019152
0.019152
0.019128
0.019103
0.019103
0.019103
0.019103
0.019079
0.019054
0.019029
0.019029
0.019029
0.019029
0.019029
0.019029
0.019029
0.018955
0.018955
0.018955
0.018906
0.018882
0.018882
0.018906
0.018906
0.018906
0.018882
0.018882
0.018906
0.018906
0.018882
0.018857
0.018882
0.018882
0.018906
0.018882
0.018857
0.018857
0.018882
0.018906
0.018882
0.018882
0.018882
0.018906
0.018906
0.018882
0.018882
0.018882
0.018906
0.018931
0.018906
0.018882
0.018906
0.018931
0.018931
0.018906
0.018882
0.018882
0.018857
0.018857
0.018857
0.018857
0.018832
0.018832
0.018808
0.018857
0.018857
0.018832
0.018832
0.018832
0.018857
0.018857
0.018832
0.018808
0.018808
0.018832
0.018832
0.018808
0.018783
0.018783
0.018808
0.018808
0.018783
0.018759
0.018759
0.018783
0.018808
0.018808
0.018783
0.018783
0.018808
0.018808
0.018808
0.018783
0.018783
0.018783
0.018783
0.018832
0.018832
0.018808
0.018783
0.018759
0.018783
0.018808
0.018783
0.018759
0.018783
0.018783
0.018808
0.018783
0.018734
0.018734
0.018759
0.018783
0.018759
0.018734
0.018734
0.018759
0.018759
0.018685
0.018635
0.018734
0.018882
0.019029
0.019276
0.019349
0.018931
0.018389
0.017971
0.017774
0.017823
0.017946
0.018069
0.018217
0.018365
0.018488
0.018586
0.01866
0.018709
0.018759
0.018759
0.018734
0.018734
0.018759
0.018759
0.018759
0.018734
0.018734
0.018759
0.018759
0.018759
0.018734
0.018734
0.018759
0.018759
0.018759
0.018709
0.018709
0.018734
0.018734
0.018734
0.018709
0.018734
0.018759
0.018783
0.018783
0.018759
0.018783
0.018808
0.018832
0.018808
0.018783
0.018783
0.018808
0.018832
0.018808
0.018783
0.018783
0.018734
0.018734
0.018759
0.018759
0.018734
0.018685
0.018685
0.018685
0.018685
0.01866
0.018635
0.018635
0.018635
0.01866
0.018635
0.018611
0.018586
0.018611
0.018611
0.018611
0.018586
0.018586
0.018586
0.018611
0.018611
0.018562
0.018537
0.018562
0.018562
0.018586
0.018562
0.018562
0.018586
0.018586
0.018586
0.018562
0.018562
0.018562
0.018562
0.018586
0.018562
0.018537
0.018537
0.018562
0.018562
0.018562
0.018537
0.018537
0.018562
0.018586
0.018562
0.018537
0.018537
0.018562
0.018586
0.018586
0.018562
0.018562
0.018562
0.018586
0.018562
0.018562
0.018537
0.018562
0.018586
0.018562
0.018562
0.018562
0.018562
0.018586
0.018586
0.018562
0.018562
0.018586
0.018586
0.018586
0.018562
0.018562
0.018586
0.018562
0.018562
0.018562
0.018562
0.018537
0.018512
0.018537
0.018537
0.018512
0.018488
0.018488
0.018512
0.018512
0.018512
0.018488
0.018488
0.018488
0.018488
0.018488
0.018463
0.018463
0.018488
0.018488
0.018463
0.018463
0.018439
0.018463
0.018463
0.018463
0.018439
0.018439
0.018463
0.018463
0.018463
0.018439
0.018439
0.018439
0.018463
0.018463
0.018463
0.018463
0.018439
0.018414
0.018439
0.018463
0.018463
0.018439
0.018439
0.018439
0.018463
0.018463
0.018439
0.018439
0.018439
0.018463
0.018439
0.018414
0.018439
0.018439
0.018414
0.018414
0.018488
0.018611
0.018783
0.019079
0.01898
0.018439
0.017897
0.017577
0.017503
0.017602
0.017675
0.017798
0.017995
0.018168
0.018266
0.018315
0.01834
0.018365
0.018389
0.018463
0.018488
0.018463
0.018463
0.018439
0.018463
0.018488
0.018488
0.018463
0.018463
0.018488
0.018488
0.018488
0.018463
0.018439
0.018439
0.018463
0.018463
0.018439
0.018439
0.018463
0.018488
0.018488
0.018463
0.018463
0.018488
0.018512
0.018537
0.018512
0.018512
0.018537
0.018537
0.018512
0.018512
0.018488
0.018512
0.018512
0.018488
0.018463
0.018439
0.018389
0.018389
0.018389
0.018389
0.01834
0.018315
0.01834
0.01834
0.018315
0.018266
0.018266
0.018266
0.018266
0.018266
0.018242
0.018217
0.018242
0.018242
0.018242
0.018217
0.018192
0.018217
0.018217
0.018217
0.018168
0.018168
0.018192
0.018217
0.018217
0.018192
0.018192
0.018217
0.018217
0.018217
0.018168
0.018143
0.018143
0.018168
0.018168
0.018143
0.018168
0.018168
0.018192
0.018192
0.018192
0.018168
0.018168
0.018168
0.018192
0.018168
0.018143
0.018143
0.018143
0.018168
0.018168
0.018143
0.018143
0.018168
0.018192
0.018192
0.018168
0.018168
0.018192
0.018217
0.018192
0.018192
0.018192
0.018217
0.018217
0.018217
0.018192
0.018192
0.018192
0.018217
0.018217
0.018192
0.018192
0.018192
0.018217
0.018217
0.018217
0.018217
0.018192
0.018192
0.018192
0.018217
0.018192
0.018168
0.018143
0.018168
0.018192
0.018192
0.018168
0.018168
0.018168
0.018192
0.018192
0.018168
0.018143
0.018168
0.018192
0.018192
0.018168
0.018168
0.018168
0.018168
0.018168
0.018143
0.018118
0.018118
0.018143
0.018143
0.018118
0.018094
0.018094
0.018094
0.018118
0.018094
0.018094
0.018094
0.018069
0.018094
0.018118
0.018143
0.018118
0.018094
0.018118
0.018118
0.018118
0.018094
0.018094
0.018094
0.018118
0.018094
0.018094
0.018094
0.018118
0.018094
0.018045
0.018094
0.018217
0.018365
0.018611
0.018759
0.018365
0.017798
0.017355
0.017183
0.017232
0.017331
0.017429
0.017602
0.017798
0.017922
0.017995
0.018045
0.018069
0.018118
0.018118
0.018118
0.018192
0.018168
0.018168
0.018192
0.018192
0.018192
0.018192
0.018168
0.018168
0.018192
0.018192
0.018168
0.018168
0.018168
0.018192
0.018217
0.018192
0.018168
0.018192
0.018217
0.018217
0.018192
0.018192
0.018217
0.018242
0.018266
0.018242
0.018242
0.018242
0.018291
0.018291
0.018266
0.018242
0.018266
0.018291
0.018266
0.018242
0.018242
0.018242
0.018242
0.018192
0.018217
0.018217
0.018168
0.018168
0.018168
0.018168
0.018168
0.018143
0.018118
0.018143
0.018143
0.018143
0.018118
0.018094
0.018094
0.018118
0.018118
0.018094
0.018069
0.018094
0.018094
0.018094
0.018069
0.018045
0.018045
0.018069
0.018094
0.018094
0.018094
0.018118
0.018118
0.018118
0.018094
0.018069
0.018069
0.018069
0.018069
0.018069
0.018069
0.018045
0.01802
0.018045
0.018069
0.018069
0.018069
0.018045
0.018069
0.018094
0.018094
0.018094
0.018069
0.018094
0.018118
0.018118
0.018094
0.018094
0.018118
0.018143
0.018143
0.018118
0.018118
0.018143
0.018168
0.018168
0.018168
0.018168
0.018192
0.018217
0.018242
0.018217
0.018192
0.018217
0.018242
0.018242
0.018217
0.018192
0.018217
0.018217
0.018192
