2018
3
20
17
5
12.65
-0.0067944
-0.0067944
-0.0067698
-0.0067698
-0.0067698
-0.0067698
-0.0067698
-0.0067698
-0.0067698
-0.0067698
-0.0067698
-0.0067452
-0.0067452
-0.0067452
-0.0067698
-0.0067452
-0.0067452
-0.0067452
-0.0067698
-0.0067698
-0.0067698
-0.0067452
-0.0067452
-0.0067452
-0.0067452
-0.0067452
-0.0067452
-0.0067452
-0.0067452
-0.0067452
-0.0067452
-0.0067452
-0.0067452
-0.0067452
-0.0067452
-0.0067452
-0.0067206
-0.0067206
-0.0067206
-0.0067206
-0.0067206
-0.006696
-0.006696
-0.006696
-0.006696
-0.0066713
-0.0066713
-0.0066713
-0.0066467
-0.0066467
-0.0066713
-0.0066713
-0.0066713
-0.0066713
-0.0066713
-0.0066713
-0.0066713
-0.0066713
-0.0066467
-0.0066467
-0.0066467
-0.0066467
-0.0066467
-0.0066467
-0.0066467
-0.0066467
-0.0066467
-0.0066467
-0.0066713
-0.0066713
-0.0066713
-0.0066713
-0.0066713
-0.0066713
-0.0066713
-0.0066713
-0.006696
-0.006696
-0.0066713
-0.0066713
-0.0066467
-0.0066713
-0.0066713
-0.0066467
-0.0066467
-0.0066467
-0.0066467
-0.0066467
-0.0066467
-0.0066221
-0.0066221
-0.0066221
-0.0065975
-0.0065975
-0.0065975
-0.0065975
-0.0065975
-0.0065975
-0.0065729
-0.0065975
-0.0065975
-0.0065729
-0.0065729
-0.0065729
-0.0065729
-0.0065729
-0.0065729
-0.0065729
-0.0065729
-0.0065729
-0.0065975
-0.0065729
-0.0065729
-0.0065729
-0.0065729
-0.0065729
-0.0065729
-0.0065729
-0.0065729
-0.0065729
-0.0065975
-0.0065975
-0.0065975
-0.0065975
-0.0065975
-0.0065975
-0.0065975
-0.0065975
-0.0065975
-0.0065975
-0.0065975
-0.0066221
-0.006696
-0.0067452
-0.0067944
-0.0068437
-0.0068437
-0.0068191
-0.0067944
-0.0067206
-0.0066221
-0.0065483
-0.0065236
-0.0065236
-0.0065729
-0.0065975
-0.0065975
-0.0065975
-0.0066221
-0.0066221
-0.0066221
-0.0066221
-0.0066221
-0.0066221
-0.0066221
-0.0065975
-0.0065975
-0.0065975
-0.0065975
-0.0065975
-0.0066221
-0.0066221
-0.0065975
-0.0065975
-0.0065975
-0.0065975
-0.0065975
-0.0065975
-0.0065975
-0.0065975
-0.0065975
-0.0066221
-0.0066221
-0.0066221
-0.0066221
-0.0066221
-0.0066221
-0.0066221
-0.0066467
-0.0066467
-0.0066467
-0.0066467
-0.0066467
-0.0066467
-0.0066467
-0.0066467
-0.0066713
-0.0066713
-0.0066713
-0.0066713
-0.006696
-0.006696
-0.006696
-0.0066713
-0.0066713
-0.0066713
-0.0066713
-0.0066713
-0.0066713
-0.0066467
-0.0066221
-0.0066221
-0.0065975
-0.0065975
-0.0066221
-0.0066221
-0.0066221
-0.0066221
-0.0066221
-0.0066221
-0.0065975
-0.0065975
-0.0065975
-0.0065975
-0.0065975
-0.0066221
-0.0066221
-0.0066221
-0.0066221
-0.0066221
-0.0066221
-0.0066221
-0.0066221
-0.0066467
-0.0066467
-0.0066467
-0.0066467
-0.0066467
-0.0066467
-0.0066467
-0.0066467
-0.0066467
-0.0066467
-0.0066467
-0.0066713
-0.0066467
-0.0066467
-0.0066467
-0.0066467
-0.0066467
-0.0066467
-0.0066713
-0.0066713
-0.0066713
-0.0066713
-0.0066713
-0.0066713
-0.0066713
-0.0066713
-0.0066713
-0.0066713
-0.0066713
-0.0066713
-0.0066467
-0.0066467
-0.0066467
-0.0066467
-0.0066713
-0.0066713
-0.0066713
-0.0066713
-0.006696
-0.006696
-0.006696
-0.006696
-0.006696
-0.006696
-0.006696
-0.006696
-0.006696
-0.006696
-0.006696
-0.006696
-0.006696
-0.006696
-0.006696
-0.006696
-0.0066713
-0.0066713
-0.0066713
-0.0066713
-0.006696
-0.006696
-0.006696
-0.006696
-0.006696
-0.006696
-0.006696
-0.006696
-0.006696
-0.006696
-0.006696
-0.006696
-0.0066713
-0.0066713
-0.0066713
-0.0066713
-0.0066713
-0.0066713
-0.0066713
-0.0066713
-0.0066713
-0.0066467
-0.0066467
-0.0066467
-0.0066467
-0.0066467
-0.0066467
-0.0066467
-0.0066467
-0.0066221
-0.0066221
-0.0065975
-0.0065975
-0.0065975
-0.0065729
-0.0065729
-0.0065729
-0.0065729
-0.0065729
-0.0065483
-0.0065483
-0.0065483
-0.0065483
-0.0065236
-0.0065236
-0.0065483
-0.0065483
-0.0065975
-0.0066713
-0.0067206
-0.0067698
-0.0067698
-0.0067452
-0.0067206
-0.0066221
-0.0065483
-0.0064744
-0.0064498
-0.0064744
-0.0064744
-0.006499
-0.0065236
-0.0065236
-0.0065236
-0.0065236
-0.0065236
-0.0065236
-0.0065236
-0.0065236
-0.0065236
-0.0065236
-0.006499
-0.0065236
-0.0065236
-0.0065236
-0.0065236
-0.0065236
-0.0065236
-0.0065236
-0.0065236
-0.0065236
-0.0065236
-0.0065236
-0.0065236
-0.0065483
-0.0065483
-0.0065483
-0.0065483
-0.0065483
-0.0065729
-0.0065729
-0.0065729
-0.0065729
-0.0065729
-0.0065729
-0.0065729
-0.0065729
-0.0065975
-0.0065975
-0.0065975
-0.0065975
-0.0066221
-0.0066221
-0.0066221
-0.0066221
-0.0066221
-0.0066221
-0.0066221
-0.0066221
-0.0065975
-0.0065975
-0.0065975
-0.0065975
-0.0065729
-0.0065729
-0.0065483
-0.0065483
-0.0065483
-0.0065483
-0.0065236
-0.0065236
-0.0065236
-0.006499
-0.006499
-0.006499
-0.006499
-0.006499
-0.006499
-0.006499
-0.006499
-0.006499
-0.006499
-0.006499
-0.0064744
-0.0064744
-0.0064744
-0.0064744
-0.0064744
-0.0064744
-0.0064744
-0.0064744
-0.0064744
-0.006499
-0.006499
-0.006499
-0.006499
-0.006499
-0.006499
-0.006499
-0.006499
-0.006499
-0.006499
-0.006499
-0.006499
-0.006499
-0.006499
-0.006499
-0.0065236
-0.006499
-0.0065236
-0.0065236
-0.006499
-0.006499
-0.006499
-0.006499
-0.006499
-0.006499
-0.0065236
-0.0065236
-0.0065236
-0.0065236
-0.0065236
-0.0065236
-0.0065236
-0.0065236
-0.0065236
-0.0065236
-0.0065236
-0.006499
-0.006499
-0.006499
-0.006499
-0.006499
-0.006499
-0.006499
-0.006499
-0.006499
-0.006499
-0.006499
-0.006499
-0.006499
-0.006499
-0.006499
-0.006499
-0.006499
-0.006499
-0.006499
-0.006499
-0.006499
-0.006499
-0.006499
-0.0065236
-0.006499
-0.006499
-0.006499
-0.006499
-0.0064744
-0.0064744
-0.006499
-0.006499
-0.006499
-0.006499
-0.006499
-0.006499
-0.006499
-0.006499
-0.006499
-0.006499
-0.006499
-0.006499
-0.006499
-0.006499
-0.006499
-0.006499
-0.006499
-0.006499
-0.006499
-0.0064744
-0.0064744
-0.0064744
-0.0064744
-0.0064744
-0.0064744
-0.0064498
-0.0064498
-0.0064498
-0.0064498
-0.0064498
-0.0064498
-0.0064252
-0.0064252
-0.0064252
-0.0064252
-0.0064252
-0.0064498
-0.0064498
-0.006499
-0.0065729
-0.0066221
-0.0066713
-0.0066713
-0.0066467
-0.0065975
-0.0065236
-0.0064498
-0.0063759
-0.0063513
-0.0063513
-0.0063513
-0.0063759
-0.0063759
-0.0063759
-0.0063759
-0.0063759
-0.0063759
-0.0063759
-0.0063759
-0.0063759
-0.0063759
-0.0063759
-0.0063759
-0.0063759
-0.0063759
-0.0063759
-0.0063759
-0.0063759
-0.0064006
-0.0064006
-0.0064006
-0.0063759
-0.0063759
-0.0063759
-0.0063759
-0.0063759
-0.0063759
-0.0064006
-0.0064006
-0.0064006
-0.0064006
-0.0064006
-0.0064006
-0.0064006
-0.0064006
-0.0064006
-0.0064006
-0.0064252
-0.0064252
-0.0064252
-0.0064252
-0.0064252
-0.0064252
-0.0064498
-0.0064498
-0.0064498
-0.0064252
-0.0064252
-0.0064252
-0.0064252
-0.0064252
-0.0064252
-0.0064252
-0.0064252
-0.0064006
-0.0064006
-0.0064006
-0.0064006
-0.0064006
-0.0063759
-0.0063759
-0.0063513
-0.0063513
-0.0063513
-0.0063513
-0.0063513
-0.0063513
-0.0063513
-0.0063513
-0.0063513
-0.0063267
-0.0063267
-0.0063267
-0.0063267
-0.0063267
-0.0063021
-0.0063021
-0.0063021
-0.0063021
-0.0063021
-0.0063021
-0.0063021
-0.0063021
-0.0063021
-0.0063021
-0.0063021
-0.0062775
-0.0062775
-0.0062775
-0.0062528
-0.0062528
-0.0062528
-0.0062528
-0.0062528
-0.0062528
-0.0062528
-0.0062528
-0.0062528
-0.0062528
-0.0062528
-0.0062528
-0.0062528
-0.0062528
-0.0062282
-0.0062282
-0.0062282
-0.0062282
-0.0062282
-0.0062282
-0.0062282
-0.0062282
-0.0062282
-0.0062282
-0.0062282
-0.0062282
-0.0062282
-0.0062282
-0.0062282
-0.0062282
-0.0062282
-0.0062282
-0.0062282
-0.0062282
-0.0062282
-0.0062282
-0.0062282
-0.0062282
-0.0062282
-0.0062282
-0.0062282
-0.0062282
-0.0062282
-0.0062528
-0.0062282
-0.0062282
-0.0062282
-0.0062282
-0.0062282
-0.0062282
-0.0062282
-0.0062282
-0.0062528
-0.0062528
-0.0062528
-0.0062282
-0.0062282
-0.0062282
-0.0062282
-0.0062282
-0.0062282
-0.0062282
-0.0062282
-0.0062282
-0.0062282
-0.0062282
-0.0062282
-0.0062282
-0.0062282
-0.0062282
-0.0062282
-0.0062282
-0.0062282
-0.0062528
-0.0062528
-0.0062528
-0.0062528
-0.0062528
-0.0062528
-0.0062528
-0.0062528
-0.0062528
-0.0062528
-0.0062528
-0.0062528
-0.0062528
-0.0062528
-0.0062528
-0.0062528
-0.0062528
-0.0062528
-0.0062528
-0.0062528
-0.0062528
-0.0062528
-0.0062528
-0.0062528
-0.0062528
-0.0062528
-0.0062528
-0.0062528
-0.0062528
-0.0063021
-0.0063513
-0.0064252
-0.0064744
-0.006499
-0.006499
-0.0064744
-0.0064006
-0.0063021
-0.0062282
-0.0062036
-0.0062036
-0.0062036
-0.0062282
-0.0062528
-0.0062528
-0.0062528
-0.0062528
-0.0062528
-0.0062528
-0.0062775
-0.0062775
-0.0062775
-0.0062775
-0.0062775
-0.0062775
-0.0062775
-0.0062775
-0.0062775
-0.0062775
-0.0063021
-0.0063021
-0.0063021
-0.0063021
-0.0063021
-0.0063021
-0.0063021
-0.0063021
-0.0063021
-0.0063267
-0.0063267
-0.0063267
-0.0063513
-0.0063513
-0.0063513
-0.0063759
-0.0063759
-0.0063759
-0.0063759
-0.0063759
-0.0063759
-0.0064006
-0.0064006
-0.0064006
-0.0064006
-0.0064006
-0.0064006
-0.0064006
-0.0064006
-0.0064006
-0.0064006
-0.0064006
-0.0064006
-0.0063759
-0.0063759
-0.0063513
-0.0063513
-0.0063513
-0.0063513
-0.0063513
-0.0063021
-0.0062775
-0.0062775
-0.0062775
-0.0062775
-0.0062775
-0.0062775
-0.0062775
-0.0062775
-0.0062775
-0.0062775
-0.0062775
-0.0062775
-0.0062775
-0.0062775
-0.0062528
-0.0062528
-0.0062528
-0.0062528
-0.0062528
-0.0062528
-0.0062528
-0.0062528
-0.0062528
-0.0062775
-0.0062775
-0.0062775
-0.0062528
-0.0062528
-0.0062528
-0.0062528
-0.0062528
-0.0062528
-0.0062528
-0.0062528
-0.0062775
-0.0062775
-0.0062775
-0.0062775
-0.0062775
-0.0062775
-0.0062775
-0.0062775
-0.0062775
-0.0062775
-0.0062775
-0.0062775
-0.0062775
-0.0062775
-0.0062775
-0.0062775
-0.0063021
-0.0063021
-0.0063021
-0.0063021
-0.0063021
-0.0063021
-0.0063021
-0.0063021
-0.0063021
-0.0063267
-0.0063267
-0.0063267
-0.0063267
-0.0063267
-0.0063267
-0.0063267
-0.0063267
-0.0063267
-0.0063267
-0.0063267
-0.0063267
-0.0063267
-0.0063267
-0.0063267
-0.0063513
-0.0063513
-0.0063513
-0.0063513
-0.0063267
-0.0063267
-0.0063267
-0.0063513
-0.0063513
-0.0063513
-0.0063513
-0.0063513
-0.0063513
-0.0063513
-0.0063513
-0.0063513
-0.0063513
-0.0063513
-0.0063513
-0.0063513
-0.0063513
-0.0063513
-0.0063513
-0.0063513
-0.0063759
-0.0063759
-0.0063759
-0.0063759
-0.0063759
-0.0063759
-0.0063759
-0.0063759
-0.0063759
-0.0063759
-0.0063759
-0.0063759
-0.0063759
-0.0064006
-0.0064006
-0.0064006
-0.0064006
-0.0064006
-0.0064006
-0.0064006
-0.0064006
-0.0064006
-0.0064006
-0.0064006
-0.0064006
-0.0064006
-0.0064006
-0.0064006
-0.0064006
-0.0064252
-0.0064252
-0.0064744
-0.0065483
-0.0065975
-0.0066467
-0.006696
-0.006696
-0.0066713
-0.0066221
-0.0065483
-0.0064498
-0.0064006
-0.0064006
-0.0064006
-0.0064252
-0.0064498
-0.0064498
-0.0064498
-0.0064498
-0.0064744
-0.0064744
-0.0064744
-0.0064744
-0.0064744
-0.0064744
-0.0064744
-0.0064744
-0.0064744
-0.006499
-0.006499
-0.006499
-0.006499
-0.0065236
-0.0065236
-0.0065236
-0.0065236
-0.0065236
-0.0065236
-0.0065236
-0.0065483
-0.0065483
-0.0065483
-0.0065483
-0.0065483
-0.0065729
-0.0065729
-0.0065729
-0.0065729
-0.0065729
-0.0065729
-0.0065975
-0.0066221
-0.0066221
-0.0066221
-0.0066221
-0.0066221
-0.0066221
-0.0066221
-0.0066221
-0.0066467
-0.0066221
-0.0066467
-0.0066221
-0.0066221
-0.0065975
-0.0065975
-0.0065975
-0.0065975
-0.0065975
-0.0065975
-0.0065729
-0.0065729
-0.0065729
-0.0065729
-0.0065729
-0.0065729
-0.0065729
-0.0065729
-0.0065729
-0.0065729
-0.0065729
-0.0065729
-0.0065729
-0.0065729
-0.0065975
-0.0065975
-0.0065975
-0.0065975
-0.0065975
-0.0065975
-0.0065975
-0.0065975
-0.0065975
-0.0065975
-0.0065975
-0.0065975
-0.0065975
-0.0065975
-0.0065975
-0.0065975
-0.0065975
-0.0065975
-0.0065975
-0.0065975
-0.0065975
-0.0065975
-0.0065975
-0.0065975
-0.0065975
-0.0065975
-0.0065975
-0.0066221
-0.0066221
-0.0066221
-0.0066221
-0.0066221
-0.0066221
-0.0066221
-0.0066221
-0.0066221
-0.0066467
-0.0066467
-0.0066467
-0.0066467
-0.0066467
-0.0066467
-0.0066467
-0.0066467
-0.0066467
-0.0066467
-0.0066467
-0.0066467
-0.0066467
-0.0066467
-0.0066467
-0.0066467
-0.0066713
-0.0066713
-0.0066467
-0.0066713
-0.0066713
-0.0066713
-0.0066713
-0.0066713
-0.0066467
-0.0066713
-0.0066713
-0.0066713
-0.0066713
-0.0066713
-0.0066713
-0.0066713
-0.0066713
-0.0066713
-0.0066713
-0.0066713
-0.0066713
-0.0066713
-0.0066713
-0.0066713
-0.0066713
-0.0066713
-0.0066713
-0.0066713
-0.0066467
-0.0066467
-0.0066467
-0.0066467
-0.0066467
-0.0066467
-0.0066713
-0.0066713
-0.0066467
-0.0066467
-0.0066467
-0.0066467
-0.0066467
-0.0066221
-0.0066221
-0.0066221
-0.0066221
-0.0066221
-0.0066221
-0.0066221
-0.0066221
-0.0066221
-0.0066221
-0.0066221
-0.0066221
-0.0066221
-0.0066221
-0.0066221
-0.0066221
-0.0066221
-0.0066221
-0.0066221
-0.0066221
-0.0066221
-0.0066221
-0.0066467
-0.0066713
-0.0067452
-0.0067944
-0.0068437
-0.0068683
-0.0068683
-0.0068437
-0.0067698
-0.006696
-0.0066221
-0.0065729
-0.0065729
-0.0065729
-0.0065975
-0.0066221
-0.0066221
-0.0066221
-0.0066221
-0.0066467
-0.0066467
-0.0066467
-0.0066467
-0.0066221
-0.0066221
-0.0066221
-0.0066467
-0.0066467
-0.0066467
-0.0066467
-0.0066467
-0.0066467
-0.0066713
-0.0066713
-0.0066713
-0.0066713
-0.0066713
-0.0066713
-0.0066713
-0.0066713
-0.0066713
-0.0066713
-0.006696
-0.006696
-0.006696
-0.006696
-0.0067206
-0.0067206
-0.0067206
-0.0067206
-0.0067206
-0.0067206
-0.0067452
-0.0067452
-0.0067452
-0.0067452
-0.0067452
-0.0067452
-0.0067698
-0.0067698
-0.0067698
-0.0067698
-0.0067698
-0.0067698
-0.0067698
-0.0067698
-0.0067698
-0.0067698
-0.0067452
-0.0067452
-0.0067206
-0.0067206
-0.006696
-0.006696
-0.0066713
-0.0066713
-0.0066713
-0.0066713
-0.0066713
-0.0066713
-0.0066713
-0.0066713
-0.0066713
-0.0066713
-0.0066713
-0.0066713
-0.0066713
-0.006696
-0.0066713
-0.0066713
-0.0066713
-0.0066713
-0.0066713
-0.0066713
-0.0066713
-0.0066713
-0.006696
-0.006696
-0.006696
-0.006696
-0.006696
-0.006696
-0.0066713
-0.0066713
-0.0066713
-0.006696
-0.006696
-0.006696
-0.006696
-0.006696
-0.006696
-0.006696
-0.006696
-0.0067206
-0.0067206
-0.006696
-0.006696
-0.006696
-0.006696
-0.006696
-0.0066713
-0.006696
-0.006696
-0.006696
-0.006696
-0.0066713
-0.0066713
-0.0066713
-0.0066713
-0.006696
-0.006696
-0.006696
-0.006696
-0.0066713
-0.0066713
-0.0066713
-0.0066713
-0.0066713
-0.0066713
-0.0066713
-0.006696
-0.006696
-0.006696
-0.006696
-0.006696
-0.006696
-0.006696
-0.006696
-0.006696
-0.006696
-0.006696
-0.006696
-0.006696
-0.0066713
-0.0066713
-0.0066713
-0.0066713
-0.0066713
-0.0066713
-0.0066713
-0.0066713
-0.0066713
-0.0066713
-0.0066713
-0.0066713
-0.0066713
-0.0066713
-0.0066713
-0.0066713
-0.0066713
-0.0066713
-0.0066713
-0.0066713
-0.0066713
-0.006696
-0.006696
-0.006696
-0.006696
-0.006696
-0.006696
-0.006696
-0.0066713
-0.0066713
-0.0066713
-0.0066713
-0.0066713
-0.0066713
-0.0066713
-0.0066713
-0.0066713
-0.0066713
-0.0066713
-0.0066713
-0.0066713
-0.0066713
-0.0066713
-0.0066713
-0.0066713
-0.0066713
-0.006696
-0.0067206
-0.0067944
-0.0068683
-0.0069175
-0.0069421
-0.0069175
-0.0068929
-0.0068437
-0.0067698
-0.006696
-0.0066467
-0.0066467
-0.0066467
-0.0066713
-0.0066713
-0.0066713
-0.006696
-0.006696
-0.006696
-0.006696
-0.006696
-0.006696
-0.006696
-0.006696
-0.0067206
-0.0067206
-0.0067206
-0.0067452
-0.0067452
-0.0067452
-0.0067452
-0.0067452
-0.0067452
-0.0067452
-0.0067452
-0.0067452
-0.0067452
-0.0067698
-0.0067698
-0.0067698
-0.0067698
-0.0067944
-0.0067944
-0.0067944
-0.0067944
-0.0067944
-0.0068191
-0.0068191
-0.0068191
-0.0068191
-0.0068191
-0.0068191
-0.0068437
-0.0068437
-0.0068437
-0.0068437
-0.0068437
-0.0068683
-0.0068683
-0.0068683
-0.0068683
-0.0068437
-0.0068437
-0.0068437
-0.0068437
-0.0068437
-0.0068437
-0.0068191
-0.0068191
-0.0067944
-0.0067944
-0.0067698
-0.0067452
-0.0067452
-0.0067452
-0.0067452
-0.0067452
-0.0067452
-0.0067452
-0.0067452
-0.0067452
-0.0067452
-0.0067452
-0.0067452
-0.0067452
-0.0067452
-0.0067452
-0.0067452
-0.0067206
-0.0067206
-0.0067452
-0.0067452
-0.0067452
-0.0067452
-0.0067452
-0.0067452
-0.0067452
-0.0067452
-0.0067452
-0.0067452
-0.0067452
-0.0067698
-0.0067698
-0.0067698
-0.0067452
-0.0067452
-0.0067452
-0.0067452
-0.0067452
-0.0067452
-0.0067452
-0.0067452
-0.0067452
-0.0067452
-0.0067452
-0.0067452
-0.0067452
-0.0067698
-0.0067698
-0.0067698
-0.0067698
-0.0067698
-0.0067698
-0.0067698
-0.0067452
-0.0067452
-0.0067452
-0.0067452
-0.0067452
-0.0067452
-0.0067452
-0.0067452
-0.0067452
-0.0067452
-0.0067452
-0.0067452
-0.0067452
-0.0067698
-0.0067698
-0.0067698
-0.0067698
-0.0067698
-0.0067698
-0.0067698
-0.0067698
-0.0067698
-0.0067698
-0.0067698
-0.0067698
-0.0067698
-0.0067698
-0.0067698
-0.0067698
-0.0067698
-0.0067698
-0.0067698
-0.0067698
-0.0067698
-0.0067698
-0.0067698
-0.0067698
-0.0067698
-0.0067698
-0.0067944
-0.0067944
-0.0067944
-0.0067944
-0.0067944
-0.0067944
-0.0067698
-0.0067944
-0.0067944
-0.0067944
-0.0067944
-0.0067944
-0.0067944
-0.0068191
-0.0067944
-0.0067944
-0.0067944
-0.0067944
-0.0067944
-0.0067944
-0.0067944
-0.0067944
-0.0067944
-0.0068191
-0.0068191
-0.0068191
-0.0068191
-0.0068191
-0.0068191
-0.0068191
-0.0068191
-0.0068191
-0.0068437
-0.0068929
-0.0069668
-0.007016
-0.0070652
-0.0070652
-0.0070406
-0.007016
-0.0069421
-0.0068683
-0.0067944
-0.0067698
-0.0067698
-0.0067944
-0.0068191
-0.0068191
-0.0068191
-0.0068191
-0.0068191
-0.0068437
-0.0068437
-0.0068437
-0.0068437
-0.0068437
-0.0068437
-0.0068437
-0.0068437
-0.0068437
-0.0068437
-0.0068437
-0.0068437
-0.0068437
-0.0068437
-0.0068191
-0.0068191
-0.0068437
-0.0068437
-0.0068437
-0.0068437
-0.0068437
-0.0068683
-0.0068683
-0.0068683
-0.0068683
-0.0068683
-0.0068929
-0.0068929
-0.0068929
-0.0068929
-0.0068929
-0.0068929
-0.0069175
-0.0069175
-0.0069175
-0.0069175
-0.0069175
-0.0069175
-0.0069175
-0.0069175
-0.0069175
-0.0069175
-0.0069175
-0.0068929
-0.0068929
-0.0068929
-0.0068683
-0.0068437
-0.0068437
-0.0068437
-0.0068437
-0.0068437
-0.0068191
-0.0068191
-0.0068191
-0.0067944
-0.0067944
-0.0067944
-0.0067944
-0.0067944
-0.0067944
-0.0067944
-0.0067944
-0.0067944
-0.0067944
-0.0067944
-0.0067944
-0.0067944
-0.0067944
-0.0067944
-0.0067944
-0.0067944
-0.0067944
-0.0067944
-0.0067944
-0.0067944
-0.0067944
-0.0067944
-0.0067944
-0.0067944
-0.0067944
-0.0067944
-0.0067944
-0.0067698
-0.0067944
-0.0067944
-0.0067944
-0.0067944
-0.0067944
-0.0067944
-0.0067944
-0.0067944
-0.0067944
-0.0067698
-0.0067698
-0.0067698
-0.0067698
-0.0067944
-0.0067944
-0.0067944
-0.0067944
-0.0067944
-0.0067944
-0.0067944
-0.0067944
-0.0067944
-0.0067944
-0.0067944
-0.0067944
-0.0068191
-0.0068191
-0.0068191
-0.0067944
-0.0067944
-0.0067944
-0.0067944
-0.0067944
-0.0067944
-0.0067944
-0.0067698
-0.0067698
-0.0067698
-0.0067944
-0.0067944
-0.0067944
-0.0067944
-0.0067944
-0.0067944
-0.0067698
-0.0067698
-0.0067944
-0.0067944
-0.0067944
-0.0067698
-0.0067944
-0.0067944
-0.0067944
-0.0067944
-0.0067944
-0.0068191
-0.0068191
-0.0068191
-0.0067944
-0.0067944
-0.0067944
-0.0067944
-0.0067944
-0.0067944
-0.0067944
-0.0067944
-0.0067944
-0.0067944
-0.0067944
-0.0067944
-0.0067944
-0.0067944
-0.0067944
-0.0067944
-0.0067944
-0.0067944
-0.0067944
-0.0067944
-0.0067944
-0.0067944
-0.0067944
-0.0067944
-0.0068191
-0.0068191
-0.0068191
-0.0068191
-0.0068191
-0.0068191
-0.0068191
-0.0068191
-0.0068191
-0.0068191
-0.0068191
-0.0068191
-0.0068191
-0.0068191
-0.0068191
-0.0068683
-0.0069175
-0.0069914
-0.0070406
-0.0070898
-0.0070652
-0.0070406
-0.0069914
-0.0069175
-0.0068437
-0.0067944
-0.0067698
-0.0067698
-0.0067944
-0.0067944
-0.0068191
-0.0067944
-0.0067944
-0.0067944
-0.0067944
-0.0068191
-0.0068191
-0.0068191
-0.0068191
-0.0068191
-0.0068191
-0.0068191
-0.0068191
-0.0068191
-0.0068191
-0.0068191
-0.0068191
-0.0068437
-0.0068437
-0.0068437
-0.0068437
-0.0068437
-0.0068437
-0.0068437
-0.0068437
-0.0068683
-0.0068683
-0.0068683
-0.0068683
-0.0068683
-0.0068683
-0.0068683
-0.0068683
-0.0068929
-0.0068929
-0.0069175
-0.0069175
-0.0069175
-0.0069421
-0.0069421
-0.0069421
-0.0069421
-0.0069421
-0.0069421
-0.0069421
-0.0069421
-0.0069421
-0.0069421
-0.0069421
-0.0069421
-0.0069175
-0.0069175
-0.0069175
-0.0068929
-0.0068929
-0.0068929
-0.0068683
-0.0068683
-0.0068683
-0.0068437
-0.0068437
-0.0068437
-0.0068437
-0.0068437
-0.0068437
-0.0068437
-0.0068437
-0.0068437
-0.0068437
-0.0068437
-0.0068437
-0.0068437
-0.0068437
-0.0068437
-0.0068437
-0.0068437
-0.0068437
-0.0068437
-0.0068437
-0.0068437
-0.0068437
-0.0068437
-0.0068437
-0.0068437
-0.0068437
-0.0068437
-0.0068437
-0.0068683
-0.0068683
-0.0068683
-0.0068683
-0.0068683
-0.0068683
-0.0068683
-0.0068683
-0.0068683
-0.0068683
-0.0068683
-0.0068683
-0.0068683
-0.0068683
-0.0068683
-0.0068683
-0.0068683
-0.0068437
-0.0068437
-0.0068437
-0.0068437
-0.0068437
-0.0068437
-0.0068437
-0.0068437
-0.0068437
-0.0068683
-0.0068437
-0.0068437
-0.0068437
-0.0068437
-0.0068437
-0.0068683
-0.0068683
-0.0068437
-0.0068437
-0.0068437
-0.0068437
-0.0068683
-0.0068683
-0.0068683
-0.0068683
-0.0068683
-0.0068683
-0.0068683
-0.0068683
-0.0068683
-0.0068683
-0.0068683
-0.0068683
-0.0068683
-0.0068683
-0.0068683
-0.0068683
-0.0068683
-0.0068683
-0.0068929
-0.0068683
-0.0068683
-0.0068683
-0.0068683
-0.0068683
-0.0068683
-0.0068683
-0.0068929
-0.0068929
-0.0068929
-0.0068929
-0.0068929
-0.0068929
-0.0068929
-0.0068929
-0.0068929
-0.0068929
-0.0068929
-0.0068929
-0.0068929
-0.0068929
-0.0068929
-0.0068929
-0.0068929
-0.0068929
-0.0068929
-0.0068929
-0.0068929
-0.0068929
-0.0068929
-0.0068929
-0.0068929
-0.0068929
-0.0068929
-0.0068929
-0.0068929
-0.0068929
-0.0068929
-0.0069175
-0.0069175
-0.0069175
-0.0069175
-0.0069175
-0.0069668
-0.0070406
-0.0070898
-0.0071391
-0.0071637
-0.0071391
-0.0071145
-0.0070406
-0.0069668
-0.0068929
-0.0068683
-0.0068683
-0.0068929
-0.0069175
-0.0069421
-0.0069421
-0.0069421
-0.0069421
-0.0069421
-0.0069421
-0.0069421
-0.0069421
-0.0069668
-0.0069668
-0.0069421
-0.0069421
-0.0069421
-0.0069421
-0.0069421
-0.0069421
-0.0069421
-0.0069421
-0.0069668
-0.0069668
-0.0069668
-0.0069668
-0.0069668
-0.0069668
-0.0069914
-0.0069914
-0.0069914
-0.0069914
-0.007016
-0.007016
-0.007016
-0.007016
-0.0070406
-0.0070406
-0.0070406
-0.0070406
-0.0070406
-0.0070406
-0.0070406
-0.0070406
-0.0070406
-0.0070406
-0.0070406
-0.0070406
-0.0070406
-0.0070406
-0.0070406
-0.0070406
-0.0070406
-0.007016
-0.007016
-0.007016
-0.007016
-0.007016
-0.007016
-0.007016
-0.0069914
-0.0069914
-0.0069914
-0.0069914
-0.0069914
-0.0069668
-0.0069668
-0.0069668
-0.0069668
-0.0069668
-0.0069668
-0.0069914
-0.0069668
-0.0069668
-0.0069668
-0.0069668
-0.0069914
-0.0069914
-0.0069914
-0.0069914
-0.0069914
-0.0069914
-0.0069914
-0.0069914
-0.0069914
-0.0069914
-0.0069914
-0.0069914
-0.007016
-0.007016
-0.007016
-0.007016
-0.007016
-0.007016
-0.007016
-0.007016
-0.007016
-0.007016
-0.007016
-0.007016
-0.007016
-0.007016
-0.007016
-0.007016
-0.007016
-0.007016
-0.007016
-0.007016
-0.007016
-0.007016
-0.007016
-0.007016
-0.007016
-0.007016
-0.007016
-0.007016
-0.007016
-0.007016
-0.007016
-0.007016
-0.007016
-0.007016
-0.007016
-0.007016
-0.007016
-0.007016
-0.007016
-0.007016
-0.007016
-0.007016
-0.007016
-0.007016
-0.007016
-0.007016
-0.007016
-0.007016
-0.007016
-0.007016
-0.007016
-0.0070406
-0.0070406
-0.0070406
-0.0070406
-0.007016
-0.007016
-0.0070406
-0.0070406
-0.007016
-0.007016
-0.0070406
-0.0070406
-0.007016
-0.007016
-0.007016
-0.007016
-0.007016
-0.0070406
-0.0070406
-0.0070406
-0.0070406
-0.0070406
-0.0070406
-0.0070406
-0.0070406
-0.0070406
-0.0070406
-0.0070406
-0.0070406
-0.0070406
-0.0070406
-0.0070406
-0.0070406
-0.0070406
-0.0070652
-0.0070406
-0.0070652
-0.0070652
-0.0070652
-0.0070652
-0.0070652
-0.0070652
-0.0070652
-0.0070652
-0.0070652
-0.0070652
-0.0070652
-0.0070652
-0.0070652
-0.0070898
-0.0070898
-0.0071145
-0.0071637
-0.0072375
-0.0072868
-0.007336
-0.007336
-0.0073114
-0.0072622
-0.0071883
-0.0071145
-0.0070406
-0.007016
-0.0070406
-0.0070652
-0.0070652
-0.0070898
-0.0070898
-0.0070898
-0.0070898
-0.0071145
-0.0071145
-0.0071145
-0.0071145
-0.0071145
-0.0071145
-0.0071145
-0.0071145
-0.0071145
-0.0071145
-0.0071145
-0.0071145
-0.0071145
-0.0071145
-0.0071391
-0.0071391
-0.0071391
-0.0071391
-0.0071391
-0.0071391
-0.0071391
-0.0071391
-0.0071637
-0.0071637
-0.0071637
-0.0071637
-0.0071637
-0.0071637
-0.0071883
-0.0071883
-0.0071883
-0.0072129
-0.0072129
-0.0072129
-0.0072129
-0.0072129
-0.0072129
-0.0072129
-0.0072129
-0.0072129
-0.0072129
-0.0072129
-0.0072129
-0.0072129
-0.0072129
-0.0072129
-0.0071883
-0.0071883
-0.0071883
-0.0071883
-0.0071637
-0.0071637
-0.0071391
-0.0071391
-0.0071391
-0.0071145
-0.0071145
-0.0071145
-0.0071145
-0.0071391
-0.0071391
-0.0071145
-0.0071145
-0.0071145
-0.0071145
-0.0071145
-0.0071391
-0.0071391
-0.0071145
-0.0071145
-0.0071145
-0.0071145
-0.0071145
-0.0071391
-0.0071391
-0.0071391
-0.0071391
-0.0071145
-0.0071145
-0.0071145
-0.0071145
-0.0071391
-0.0071391
-0.0071391
-0.0071391
-0.0071391
-0.0071391
-0.0071391
-0.0071391
-0.0071391
-0.0071391
-0.0071391
-0.0071391
-0.0071391
-0.0071391
-0.0071391
-0.0071145
-0.0071391
-0.0071391
-0.0071391
-0.0071391
-0.0071391
-0.0071145
-0.0071145
-0.0071145
-0.0071145
-0.0071145
-0.0071145
-0.0071391
-0.0071391
-0.0071391
-0.0071391
-0.0071391
-0.0071391
-0.0071391
-0.0071391
-0.0071391
-0.0071391
-0.0071391
-0.0071391
-0.0071391
-0.0071391
-0.0071391
-0.0071391
-0.0071391
-0.0071391
-0.0071391
-0.0071391
-0.0071391
-0.0071391
-0.0071637
-0.0071637
-0.0071637
-0.0071637
-0.0071637
-0.0071637
-0.0071391
-0.0071637
-0.0071637
-0.0071637
-0.0071637
-0.0071637
-0.0071637
-0.0071637
-0.0071637
-0.0071637
-0.0071637
-0.0071637
-0.0071637
-0.0071637
-0.0071637
-0.0071637
-0.0071637
-0.0071391
-0.0071391
-0.0071391
-0.0071637
-0.0071637
-0.0071637
-0.0071637
-0.0071637
-0.0071637
-0.0071637
-0.0071637
-0.0071637
-0.0071637
-0.0071637
-0.0071637
-0.0071391
-0.0071391
-0.0071391
-0.0071391
-0.0071391
-0.0071391
-0.0071391
-0.0071637
-0.0071637
-0.0071637
-0.0071883
-0.0071883
-0.0072129
-0.0072868
-0.007336
-0.0074099
-0.0074345
-0.0074099
-0.0074099
-0.007336
-0.0072622
-0.0071637
-0.0071145
-0.0071145
-0.0071145
-0.0071391
-0.0071637
-0.0071883
-0.0071883
-0.0071883
-0.0071883
-0.0071883
-0.0071883
-0.0071883
-0.0071883
-0.0071883
-0.0071883
-0.0071883
-0.0071883
-0.0071883
-0.0071883
-0.0072129
-0.0072129
-0.0072129
-0.0072129
-0.0072129
-0.0072375
-0.0072375
-0.0072375
-0.0072375
-0.0072375
-0.0072375
-0.0072375
-0.0072622
-0.0072622
-0.0072868
-0.0072868
-0.0072868
-0.0072868
-0.0072868
-0.0072868
-0.0072868
-0.0073114
-0.0073114
-0.007336
-0.007336
-0.007336
-0.0073606
-0.0073606
-0.0073606
-0.0073606
-0.007336
-0.007336
-0.007336
-0.007336
-0.007336
-0.007336
-0.007336
-0.0073114
-0.0073114
-0.0073114
-0.0072868
-0.0072868
-0.0072868
-0.0073114
-0.0072868
-0.0072868
-0.0072868
-0.0072622
-0.0072622
-0.0072622
-0.0072622
-0.0072622
-0.0072622
-0.0072622
-0.0072622
-0.0072622
-0.0072622
-0.0072375
-0.0072375
-0.0072375
-0.0072375
-0.0072375
-0.0072375
-0.0072375
-0.0072375
-0.0072375
-0.0072375
-0.0072622
-0.0072622
-0.0072622
-0.0072375
-0.0072622
-0.0072622
-0.0072622
-0.0072622
-0.0072622
-0.0072622
-0.0072622
-0.0072622
-0.0072622
-0.0072375
-0.0072375
-0.0072375
-0.0072375
-0.0072375
-0.0072375
-0.0072375
-0.0072375
-0.0072375
-0.0072375
-0.0072375
-0.0072375
-0.0072375
-0.0072375
-0.0072375
-0.0072375
-0.0072375
-0.0072375
-0.0072375
-0.0072375
-0.0072375
-0.0072375
-0.0072375
-0.0072375
-0.0072375
-0.0072375
-0.0072375
-0.0072375
-0.0072375
-0.0072129
-0.0072375
-0.0072375
-0.0072375
-0.0072375
-0.0072375
-0.0072375
-0.0072375
-0.0072375
-0.0072375
-0.0072375
-0.0072375
-0.0072375
-0.0072375
-0.0072375
-0.0072375
-0.0072375
-0.0072375
-0.0072375
-0.0072375
-0.0072375
-0.0072375
-0.0072375
-0.0072375
-0.0072375
-0.0072375
-0.0072375
-0.0072375
-0.0072375
-0.0072375
-0.0072375
-0.0072375
-0.0072375
-0.0072375
-0.0072375
-0.0072375
-0.0072375
-0.0072375
-0.0072375
-0.0072375
-0.0072375
-0.0072375
-0.0072375
-0.0072375
-0.0072375
-0.0072375
-0.0072375
-0.0072375
-0.0072375
-0.0072375
-0.0072129
-0.0072129
-0.0072129
-0.0072129
-0.0072129
-0.0072129
-0.0072129
-0.0072129
