2018
3
20
17
5
54.246
0.011939
0.011915
0.011915
0.011939
0.011964
0.011964
0.011989
0.012013
0.012013
0.012013
0.012013
0.012038
0.012038
0.012038
0.012038
0.012038
0.012038
0.012063
0.012063
0.012063
0.012063
0.012063
0.012063
0.012063
0.012063
0.012063
0.012087
0.012087
0.012087
0.012112
0.012112
0.012112
0.012112
0.012112
0.012112
0.012136
0.012136
0.012136
0.012136
0.012161
0.012161
0.012161
0.012161
0.012186
0.012186
0.01221
0.01221
0.01221
0.012186
0.012186
0.012186
0.012186
0.012186
0.012161
0.012161
0.012161
0.012161
0.012136
0.012161
0.012161
0.012112
0.012087
0.012087
0.012087
0.012087
0.012087
0.012087
0.012087
0.012087
0.012087
0.012087
0.012087
0.012087
0.012087
0.012087
0.012087
0.012087
0.012087
0.012087
0.012087
0.012112
0.012112
0.012112
0.012112
0.012112
0.012112
0.012112
0.012112
0.012136
0.012112
0.012112
0.012112
0.012112
0.012112
0.012112
0.012112
0.012112
0.012112
0.012112
0.012112
0.012112
0.012136
0.012136
0.012112
0.012112
0.012112
0.012112
0.012112
0.012112
0.012112
0.012112
0.012112
0.012112
0.012112
0.012112
0.012112
0.012087
0.012112
0.012087
0.012087
0.012087
0.012087
0.012087
0.012087
0.012087
0.012087
0.012087
0.012087
0.012087
0.012087
0.012063
0.012063
0.012063
0.012063
0.012063
0.012063
0.012063
0.012063
0.012063
0.012063
0.012063
0.012063
0.012063
0.012063
0.012063
0.012063
0.012063
0.012063
0.012063
0.012063
0.012063
0.012063
0.012063
0.012063
0.012063
0.012063
0.012063
0.012063
0.012063
0.012063
0.012063
0.012063
0.012063
0.012063
0.012063
0.012063
0.012063
0.012087
0.012087
0.012087
0.012087
0.012063
0.012063
0.012063
0.012063
0.012063
0.012063
0.012063
0.012063
0.012063
0.012063
0.012087
0.012087
0.012087
0.012087
0.012087
0.012087
0.012087
0.012087
0.012087
0.012087
0.012087
0.012087
0.012063
0.012063
0.012087
0.012063
0.012063
0.012063
0.012063
0.012063
0.012063
0.012063
0.012063
0.012087
0.012112
0.012186
0.012284
0.012383
0.012432
0.012407
0.012333
0.01226
0.01221
0.012161
0.012112
0.012063
0.012038
0.012063
0.012087
0.012087
0.012112
0.012136
0.012161
0.012161
0.012161
0.012161
0.012161
0.012161
0.012161
0.012186
0.012186
0.012186
0.012186
0.012186
0.012186
0.01221
0.01221
0.01221
0.01221
0.012235
0.012235
0.01226
0.012284
0.012284
0.012284
0.012284
0.012309
0.012333
0.012333
0.012333
0.012358
0.012358
0.012358
0.012383
0.012383
0.012383
0.012407
0.012407
0.012407
0.012407
0.012407
0.012407
0.012407
0.012407
0.012407
0.012407
0.012407
0.012407
0.012407
0.012407
0.012383
0.012407
0.012407
0.012432
0.012432
0.012432
0.012432
0.012432
0.012432
0.012432
0.012456
0.012456
0.012456
0.012456
0.012481
0.012481
0.012481
0.012481
0.012481
0.012481
0.012506
0.012506
0.012506
0.012506
0.012506
0.01253
0.01253
0.01253
0.01253
0.01253
0.01253
0.012555
0.012555
0.012555
0.012555
0.01258
0.01258
0.01258
0.01258
0.01258
0.01258
0.01258
0.01258
0.01258
0.01258
0.012604
0.012604
0.012604
0.012604
0.012604
0.012604
0.012604
0.012604
0.012604
0.012629
0.012629
0.012629
0.012629
0.012629
0.012629
0.012629
0.012629
0.012629
0.012629
0.012653
0.012653
0.012653
0.012653
0.012653
0.012653
0.012678
0.012678
0.012678
0.012678
0.012678
0.012678
0.012703
0.012703
0.012703
0.012703
0.012703
0.012703
0.012703
0.012703
0.012703
0.012703
0.012703
0.012703
0.012703
0.012727
0.012727
0.012727
0.012727
0.012752
0.012752
0.012752
0.012752
0.012752
0.012752
0.012752
0.012752
0.012752
0.012752
0.012752
0.012752
0.012752
0.012776
0.012776
0.012776
0.012776
0.012776
0.012776
0.012776
0.012801
0.012801
0.012776
0.012776
0.012776
0.012801
0.012801
0.012801
0.012801
0.012826
0.012826
0.012826
0.012826
0.012826
0.012826
0.012826
0.012826
0.01285
0.01285
0.01285
0.01285
0.01285
0.01285
0.01285
0.01285
0.01285
0.01285
0.01285
0.01285
0.01285
0.01285
0.01285
0.012875
0.012875
0.0129
0.012973
0.013072
0.01317
0.01322
0.01322
0.013146
0.013072
0.013023
0.012973
0.012924
0.012875
0.01285
0.01285
0.0129
0.0129
0.012924
0.012949
0.012949
0.012973
0.012973
0.012973
0.012998
0.012998
0.012998
0.012998
0.013023
0.013023
0.013023
0.013047
0.013072
0.013072
0.013072
0.013072
0.013072
0.013072
0.013072
0.013097
0.013097
0.013097
0.013097
0.013097
0.013097
0.013121
0.013121
0.013121
0.013121
0.013146
0.013146
0.013146
0.01317
0.01317
0.013121
0.013146
0.013195
0.013195
0.013195
0.013195
0.013195
0.013195
0.01317
0.01317
0.013146
0.013146
0.013146
0.013146
0.013146
0.013146
0.013121
0.013121
0.013121
0.013121
0.013146
0.013146
0.013121
0.013121
0.013121
0.013121
0.013121
0.013146
0.013146
0.013146
0.013146
0.013146
0.013146
0.013146
0.013146
0.013146
0.01317
0.01317
0.01317
0.01317
0.01317
0.01317
0.01317
0.01317
0.01317
0.01317
0.01317
0.013195
0.01322
0.01322
0.013195
0.013195
0.013195
0.013195
0.01322
0.01322
0.01322
0.01322
0.01322
0.01322
0.01322
0.01322
0.01322
0.013244
0.013392
0.013761
0.01386
0.014278
0.014721
0.014943
0.014918
0.015017
0.015041
0.015017
0.015484
0.015928
0.016223
0.016543
0.016814
0.017085
0.017232
0.016888
0.016321
0.015928
0.015632
0.015411
0.015238
0.015091
0.014992
0.014894
0.014598
0.014549
0.014475
0.014426
0.014401
0.014352
0.014327
0.014278
0.014254
0.014229
0.014204
0.01418
0.014155
0.01413
0.014106
0.014106
0.014081
0.014057
0.014057
0.014032
0.014032
0.014007
0.014007
0.013983
0.013983
0.013958
0.013958
0.013958
0.013934
0.013934
0.013934
0.013909
0.013909
0.013909
0.013884
0.013884
0.013884
0.013884
0.013884
0.013884
0.013884
0.01386
0.01386
0.01386
0.01386
0.01386
0.013835
0.013835
0.013835
0.013835
0.013835
0.01381
0.01381
0.01381
0.01381
0.01381
0.013786
0.013786
0.013786
0.013786
0.013786
0.013786
0.013786
0.013786
0.01381
0.01381
0.01386
0.013958
0.014057
0.014106
0.01413
0.014081
0.013983
0.013934
0.013884
0.013835
0.013786
0.013737
0.013761
0.013761
0.013835
0.01381
0.01381
0.01381
0.01381
0.01381
0.013835
0.013835
0.013835
0.013835
0.013835
0.013835
0.01386
0.01386
0.01386
0.01386
0.01386
0.01386
0.01386
0.01386
0.01386
0.013884
0.013884
0.013884
0.013884
0.013884
0.013884
0.013884
0.013909
0.013909
0.013909
0.013934
0.013934
0.013934
0.013934
0.013934
0.013934
0.013958
0.013958
0.013958
0.013958
0.013958
0.013958
0.013958
0.013958
0.013934
0.013934
0.013934
0.013934
0.013909
0.013909
0.013909
0.013909
0.013909
0.013884
0.013884
0.013884
0.013884
0.013884
0.013884
0.013884
0.013884
0.013884
0.013884
0.013884
0.013884
0.013884
0.013884
0.013884
0.013884
0.013884
0.013884
0.013884
0.013884
0.013884
0.013884
0.013884
0.013884
0.013884
0.013884
0.013909
0.013909
0.013909
0.013909
0.013909
0.013909
0.013909
0.013909
0.013909
0.013909
0.013909
0.013909
0.013909
0.013909
0.013909
0.013909
0.013909
0.013909
0.013909
0.013934
0.013934
0.013909
0.013934
0.013934
0.013934
0.013934
0.013934
0.013934
0.013934
0.013934
0.013934
0.013934
0.013934
0.013934
0.013934
0.013934
0.013934
0.013934
0.013934
0.013958
0.013958
0.013958
0.013958
0.013958
0.013958
0.013958
0.013958
0.013958
0.013958
0.013958
0.013958
0.013958
0.013958
0.013958
0.013958
0.013958
0.013958
0.013958
0.013958
0.013958
0.013958
0.013983
0.013983
0.014007
0.014007
0.014007
0.014032
0.014007
0.014007
0.014007
0.014007
0.013983
0.014007
0.014007
0.014007
0.014007
0.014007
0.014007
0.014007
0.014007
0.014007
0.014007
0.014007
0.014007
0.014032
0.014032
0.014032
0.014032
0.014032
0.014032
0.014057
0.014057
0.014057
0.014057
0.014057
0.014057
0.014057
0.014057
0.014057
0.014057
0.014057
0.014057
0.014057
0.014057
0.014057
0.014057
0.014057
0.014057
0.014057
0.014057
0.014057
0.014057
0.014057
0.014057
0.014057
0.014057
0.014057
0.014081
0.014155
0.014278
0.014327
0.014254
0.014204
0.014155
0.014106
0.014081
0.014081
0.014081
0.014106
0.014155
0.01418
0.014254
0.014377
0.014401
0.014327
0.014303
0.014278
0.014278
0.014254
0.014254
0.014229
0.014229
0.014229
0.014254
0.014254
0.014352
0.014647
0.014992
0.015066
0.014918
0.014795
0.014746
0.014721
0.014721
0.014771
0.01482
0.014967
0.015287
0.015657
0.016248
0.016666
0.016346
0.016198
0.0161
0.016149
0.016001
0.015829
0.015681
0.015558
0.01546
0.015386
0.015361
0.015731
0.016617
0.017183
0.01738
0.017577
0.017749
0.017971
0.018242
0.018266
0.017725
0.017232
0.016912
0.016666
0.016469
0.016297
0.016174
0.016051
0.015928
0.015829
0.015755
0.015657
0.015583
0.015534
0.01546
0.015411
0.015361
0.015287
0.015238
0.014992
0.014943
0.014918
0.014894
0.014844
0.01482
0.014795
0.014771
0.014746
0.014721
0.014697
0.014672
0.014672
0.014647
0.014623
0.014598
0.014574
0.014574
0.014574
0.014549
0.014524
0.014524
0.0145
0.0145
0.014475
0.014475
0.01445
0.01445
0.014426
0.014401
0.014401
0.014401
0.014377
0.014377
0.014377
0.014352
0.014352
0.014352
0.014352
0.014327
0.014327
0.014327
0.014327
0.014327
0.014327
0.014327
0.014327
0.014327
0.014303
0.014327
0.014352
0.014352
0.014327
0.014327
0.014303
0.014278
0.014278
0.014278
0.014278
0.014254
0.014254
0.014254
0.014254
0.014254
0.014254
0.014229
0.014229
0.014229
0.014204
0.014229
0.014254
0.014327
0.014475
0.01445
0.014377
0.014327
0.014303
0.014278
0.014278
0.014254
0.014254
0.014229
0.014229
0.014229
0.014229
0.014229
0.014229
0.014229
0.014204
0.014204
0.014204
0.014204
0.014204
0.014204
0.014204
0.014229
0.014229
0.014229
0.014229
0.014229
0.014254
0.014254
0.014254
0.014254
0.014254
0.014254
0.014254
0.014254
0.014254
0.014254
0.014254
0.014254
0.014254
0.014254
0.014254
0.014254
0.014229
0.014229
0.014229
0.014229
0.014278
0.014352
0.01445
0.014524
0.014574
0.014549
0.014475
0.014377
0.014352
0.014303
0.014254
0.014204
0.014204
0.014229
0.014254
0.014254
0.014278
0.014278
0.014303
0.014303
0.014303
0.014303
0.014303
0.014303
0.014303
0.014303
0.014303
0.014327
0.014327
0.014327
0.014327
0.014327
0.014327
0.014327
0.014327
0.014327
0.014327
0.014327
0.014327
0.014327
0.014327
0.014327
0.014327
0.014352
0.014352
0.014352
0.014352
0.014377
0.014377
0.014377
0.014377
0.014377
0.014377
0.014377
0.014377
0.014377
0.014377
0.014377
0.014377
0.014377
0.014377
0.014377
0.014377
0.014377
0.014377
0.014377
0.014377
0.014377
0.014377
0.014377
0.014377
0.014377
0.014352
0.014352
0.014352
0.014352
0.014352
0.014352
0.014352
0.014377
0.014352
0.014352
0.014377
0.014377
0.014401
0.014426
0.014426
0.01445
0.01445
0.014475
0.014475
0.0145
0.0145
0.0145
0.0145
0.0145
0.014524
0.014524
0.014524
0.014524
0.014549
0.014549
0.014549
0.014549
0.014549
0.014549
0.014574
0.014574
0.014574
0.014574
0.014574
0.014598
0.014598
0.014598
0.014598
0.014598
0.014598
0.014598
0.014598
0.014598
0.014623
0.014623
0.014623
0.014623
0.014623
0.014647
0.014647
0.014647
0.014647
0.014672
0.014672
0.014672
0.014672
0.014697
0.014697
0.014697
0.014697
0.014721
0.014721
0.014721
0.014746
0.014746
0.014746
0.014771
0.014771
0.014771
0.014795
0.014795
0.014795
0.01482
0.01482
0.014844
0.014844
0.014844
0.014869
0.014869
0.014894
0.014918
0.014943
0.014943
0.015041
0.015066
0.015091
0.015091
0.015115
0.01514
0.015164
0.015164
0.015189
0.015238
0.015263
0.015312
0.015337
0.015361
0.015386
0.015435
0.01546
0.015484
0.015509
0.015534
0.015558
0.015583
0.015608
0.015632
0.015657
0.015681
0.015706
0.015731
0.015755
0.01578
0.015804
0.015829
0.015854
0.015878
0.015903
0.015928
0.015952
0.015977
0.016001
0.016001
0.0161
0.0161
0.016124
0.016149
0.016174
0.016174
0.016198
0.016223
0.016248
0.016272
0.016272
0.016297
0.016321
0.016371
0.016445
0.016568
0.016666
0.01674
0.01674
0.016666
0.016592
0.016568
0.016543
0.016494
0.016469
0.016469
0.016494
0.016543
0.016543
0.016592
0.016617
0.016641
0.016666
0.016691
0.016691
0.016715
0.01674
0.01674
0.016765
0.016789
0.016838
0.016863
0.016888
0.016912
0.016912
0.016937
0.016961
0.016986
0.016986
0.017011
0.017035
0.01706
0.01706
0.017085
0.017085
0.017109
0.017134
0.017134
0.017158
0.017183
0.017208
0.017232
0.017232
0.017257
0.017281
0.017281
0.017306
0.017306
0.017331
0.017331
0.017355
0.017355
0.017355
0.01738
0.01738
0.01738
0.017405
0.017405
0.017405
0.017405
0.017429
0.017454
0.017454
0.017454
0.017478
0.017478
0.017478
0.017503
0.017503
0.017503
0.017503
0.017528
0.017528
0.017528
0.017552
0.017552
0.017577
0.017577
0.017602
0.017602
0.017626
0.017651
0.017651
0.017651
0.017675
0.017675
0.017675
0.0177
0.0177
0.017725
0.017725
0.017749
0.017749
0.017774
0.017774
0.017798
0.017798
0.017798
0.017823
0.017823
0.017872
0.017872
0.017897
0.017897
0.017922
0.017922
0.017922
0.017946
0.017971
0.017971
0.017971
0.017995
0.017995
0.01802
0.01802
0.01802
0.018045
0.018045
0.018069
0.018069
0.018094
0.018094
0.018118
0.018118
0.018143
0.018143
0.018168
0.018192
0.018192
0.018217
0.018217
0.018242
0.018242
0.018266
0.018291
0.018291
0.018315
0.018315
0.018315
0.01834
0.018365
0.018389
0.018389
0.018389
0.018389
0.018414
0.018414
0.018414
0.018439
0.018439
0.018463
0.018463
0.018463
0.018463
0.018488
0.018488
0.018512
0.018512
0.018512
0.018512
0.018512
0.018537
0.018537
0.018537
0.018537
0.018562
0.018562
0.018562
0.018586
0.018586
0.018611
0.018611
0.018611
0.018635
0.018635
0.018635
0.01866
0.01866
0.01866
0.018685
0.018709
0.018734
0.018734
0.018759
0.018759
0.018783
0.018783
0.018808
0.018808
0.018808
0.018808
0.018832
0.018832
0.018832
0.018857
0.018857
0.018857
0.018882
0.018882
0.018882
0.018882
0.018906
0.018906
0.018906
0.018906
0.018931
0.018955
0.01898
0.019079
0.019177
0.019251
0.0193
0.0193
0.019226
0.019152
0.019103
0.019054
0.019005
0.01898
0.01898
0.019054
0.019079
0.019103
0.019103
0.019128
0.019128
0.019128
0.019152
0.019152
0.019177
0.019177
0.019177
0.019177
0.019177
0.019202
0.019202
0.019226
0.019226
0.019251
0.019276
0.019276
0.0193
0.0193
0.019325
0.019325
0.019325
0.019349
0.019349
0.019349
0.019374
0.019374
0.019374
0.019399
0.019399
0.019423
0.019423
0.019423
0.019423
0.019448
0.019448
0.019472
0.019472
0.019497
0.019497
0.019497
0.019497
0.019497
0.019497
0.019497
0.019522
0.019497
0.019497
0.019497
0.019497
0.019522
0.019522
0.019522
0.019522
0.019522
0.019522
0.019522
0.019522
0.019546
0.019546
0.019546
0.019546
0.019546
0.019571
0.019571
0.019571
0.019571
0.019596
0.01962
0.01962
0.01962
0.019645
0.019645
0.019645
0.019645
0.019669
0.019694
0.019694
0.019694
0.019719
0.019719
0.019719
0.019743
0.019743
0.019768
0.019768
0.019768
0.019768
0.019768
0.019792
0.019792
0.019792
0.019792
0.019792
0.019817
0.019817
0.019817
0.019817
0.019817
0.019842
0.019842
0.019842
0.019866
0.019866
0.019866
0.019866
0.019891
0.019891
0.019891
0.019916
0.019916
0.019916
0.01994
0.01994
0.01994
0.019965
0.019989
0.020014
0.020014
0.020039
0.020039
0.020063
0.020088
0.020088
0.020088
0.020088
0.020088
0.020088
0.020113
0.020113
0.020113
0.020137
0.020137
0.020137
0.020137
0.020162
0.020162
0.020162
0.020186
0.020186
0.020186
0.020211
0.020211
0.020236
0.020236
0.020236
0.020236
0.02026
0.02026
0.02026
0.02026
0.020285
0.020285
0.020309
0.020309
0.020309
0.020334
0.020334
0.020383
0.020433
0.020433
0.020433
0.020433
0.020433
0.020457
0.020457
0.020482
0.020482
0.020506
0.020506
0.020531
0.020531
0.020556
0.02058
0.02058
0.02058
0.02058
0.02058
0.020605
0.020605
0.020629
0.020629
0.020654
0.020679
0.020679
0.020703
0.020703
0.020703
0.020728
0.020728
0.020753
0.020777
0.020802
0.020851
0.020876
0.020925
0.021294
0.02122
0.021171
0.021171
0.021122
0.021097
0.021097
0.021122
0.021146
0.021171
0.021196
0.021245
0.021294
0.021319
0.021368
0.021393
0.021393
0.021417
0.021442
0.021491
0.021516
0.021565
0.02159
0.021614
0.021639
0.021663
0.021688
0.021713
0.021737
0.021762
0.021787
0.021811
0.021811
0.021836
0.02191
0.022008
0.022082
0.022131
0.02218
0.022205
0.022377
0.022427
0.022476
0.02255
0.022673
0.022771
0.02282
0.02287
0.022968
0.022993
0.022993
0.022993
0.023017
0.023017
0.022993
0.022993
0.023017
0.023017
0.023067
0.023165
0.023214
0.023239
0.023264
0.023313
0.023362
0.023411
0.023485
0.023559
0.023633
0.023682
0.023781
0.023879
0.023879
0.023904
0.023928
0.023904
0.023904
0.023953
0.024125
0.024199
0.024347
0.024347
0.024322
0.024347
0.024347
0.024371
0.024421
0.024445
0.024494
0.02447
0.024421
0.024371
0.024322
0.024273
0.024224
0.024224
0.024224
0.024248
0.024224
0.02415
0.024051
0.023977
0.023904
0.023805
0.023756
0.023756
0.023756
0.023781
0.023781
0.023731
0.023707
0.023682
0.023707
0.023731
0.023756
0.023731
0.023756
0.023756
0.02383
0.023953
0.024371
0.024494
0.024618
0.024667
0.024765
0.025011
0.025159
0.025282
0.02543
0.025528
0.025578
0.025627
0.025701
0.025725
0.025799
0.025824
0.025824
0.025898
0.025971
0.026045
0.026119
0.026168
0.026292
0.026415
0.026513
0.026636
0.026735
0.026808
0.026858
0.026882
0.026907
0.026907
0.026956
0.02703
0.027079
0.027153
0.027202
0.027202
0.027202
0.027252
0.027473
0.027498
0.027547
0.027596
0.027645
0.027695
0.027719
0.027719
0.027744
0.027793
0.027793
0.027818
0.027867
0.027916
0.027941
0.027965
0.028015
0.028039
0.028089
0.028089
0.028089
0.028113
0.028138
0.028162
0.028187
0.028212
0.028236
0.028261
0.028286
0.02831
0.028335
0.028359
0.028384
0.028409
0.028433
0.028433
0.028433
0.028458
0.028458
0.028482
0.028556
0.028556
0.028581
0.028606
0.02863
0.02863
0.028655
0.028655
0.028679
0.028704
0.028753
0.028852
0.02895
0.029049
0.029123
0.029123
0.029049
0.028999
0.028975
0.02895
0.028901
0.028901
0.028901
0.028926
0.02895
0.028999
0.029024
0.029049
0.029073
0.029073
0.029098
0.029123
0.029147
0.029147
0.029172
0.029196
0.029221
0.029221
0.029246
0.02927
0.029344
0.029369
0.029393
0.029418
0.029418
0.029443
0.029467
0.029492
0.029516
0.029541
0.029566
0.029566
0.02959
0.029639
0.029664
0.029664
0.029689
0.029689
0.029713
0.029738
0.029763
0.029787
0.029812
0.029836
0.029836
0.029861
0.029886
0.02991
0.02991
0.029935
0.029935
0.029935
0.02996
0.02996
0.029984
0.029984
0.029984
0.030009
0.030009
0.030033
0.030083
0.030083
0.030107
0.030107
0.030107
0.030132
0.030132
0.030156
0.030181
0.030206
0.030206
0.03023
0.03023
0.030255
0.030255
0.03028
0.03028
0.030304
0.030304
0.030329
0.030329
0.030353
0.030353
0.030378
0.030403
0.030403
0.030427
0.030427
0.030452
0.030476
0.030476
0.030501
0.030501
0.030526
0.030526
0.03055
0.03055
0.030575
0.030575
0.0306
0.030673
0.030698
0.030698
0.030723
0.030747
0.030747
0.030772
0.030772
0.030797
0.030797
0.030821
0.030821
0.030821
0.030846
0.030846
0.03087
0.03087
0.030895
0.030895
0.030895
0.03092
0.03092
0.030944
0.030944
0.030969
0.030969
0.030993
0.030993
0.031018
0.031018
0.031018
0.031018
0.031043
0.031043
0.031043
0.031067
0.031067
0.031092
0.031092
0.031117
0.031141
0.031166
0.031166
0.03119
0.031215
0.031215
0.031215
0.03124
0.03124
0.031264
0.031264
0.031289
0.031289
0.031313
0.031313
0.031338
0.031338
0.031363
0.031363
0.031387
0.031387
0.031412
0.031412
0.031412
0.031412
0.031437
0.031437
0.031461
0.031461
0.031486
0.031486
0.03151
0.03151
0.031535
0.031535
0.03156
0.03156
0.03156
0.031584
0.031584
0.031634
0.031634
0.031634
0.031658
0.031658
0.031683
0.031683
0.031707
0.031707
0.031707
0.031732
0.031732
0.031732
0.031732
0.031757
0.031757
0.031757
0.031781
0.031781
0.031781
0.031781
0.031806
0.031806
0.031806
0.03183
0.03183
0.03183
0.03183
0.031855
0.03188
0.031904
0.031978
0.032101
0.032175
0.032249
0.032249
0.032175
0.032101
0.032052
0.032003
0.031954
0.031978
0.032003
0.032003
0.032027
0.032052
0.032077
0.032101
0.032101
0.032101
0.032126
0.032126
0.032126
0.03215
0.03215
0.03215
0.03215
0.03215
0.032175
0.032175
0.032175
0.0322
0.0322
0.032224
0.032224
0.032249
0.032249
0.032249
0.032274
0.032274
0.032298
0.032298
0.032323
0.032323
0.032347
0.032347
0.032347
0.032372
0.032372
0.032397
0.032421
0.032446
0.032446
0.032446
0.032446
0.032446
0.032446
0.032446
0.032471
0.032471
0.032471
0.032471
0.032471
0.032471
0.032471
0.032471
0.032471
0.032471
0.032471
0.032471
0.032471
0.032471
0.032495
0.032495
0.032495
0.032495
0.032495
0.032495
0.03252
0.03252
0.03252
0.032544
0.032544
0.032544
0.032544
0.032544
0.032544
0.032569
0.032569
0.032594
0.032594
0.032618
0.032618
0.032618
0.032618
0.032643
0.032643
0.032643
0.032667
0.032667
0.032667
0.032667
0.032667
0.032667
0.032667
0.032692
0.032692
0.032692
0.032692
0.032692
0.032717
0.032717
0.032741
0.032741
0.032741
0.032741
0.032741
0.032741
0.032741
0.032766
0.032766
0.032766
0.032791
0.032791
0.032791
0.032791
0.032815
0.032815
0.032815
0.032815
0.03284
0.032864
0.032864
0.032864
0.032889
0.032889
0.032889
0.032889
0.032914
0.032889
0.032914
0.032914
0.032938
0.032938
0.032938
0.032938
0.032963
0.032963
0.032963
0.032987
0.032987
0.033012
0.033012
0.033012
0.033012
0.033012
0.033012
0.033012
0.033037
0.033037
0.033037
0.033037
0.033037
0.033061
0.033061
0.033061
0.033086
0.033086
0.033086
0.033086
0.033111
0.033111
0.033111
0.033111
0.033135
0.033135
0.033135
0.033135
0.033135
0.03316
0.03316
0.03316
0.03316
0.03316
0.03316
0.03316
0.03316
0.03316
0.033135
0.033135
0.033135
0.033135
0.033111
0.033111
0.033086
0.033061
0.033037
0.033012
0.033012
0.032987
0.032963
0.032938
0.032914
0.032914
0.032889
0.032864
0.03284
0.03284
0.032815
0.032815
0.032741
0.032717
0.032692
0.032667
0.032667
0.032643
0.032618
0.032594
0.032594
0.032594
0.032618
0.032692
0.032766
0.032815
0.032815
0.032766
0.032643
0.032569
0.032495
0.032421
0.032372
0.032323
0.032323
0.032323
0.032323
0.032347
0.032347
0.032347
0.032347
0.032347
0.032347
0.032347
0.032323
0.032298
0.032298
0.032298
0.032298
0.032298
0.032274
0.032274
0.032249
0.032249
0.032249
0.032249
0.032249
0.032249
0.032249
0.032249
0.032249
0.032249
0.032249
0.032249
0.032249
0.032249
0.032249
0.032249
0.032249
0.032249
0.032249
0.032249
0.032249
0.032249
0.032249
0.032224
0.032224
0.032224
0.032224
0.032224
0.0322
0.0322
0.0322
0.0322
0.032175
0.032175
0.032175
0.03215
0.03215
0.03215
0.032126
0.032126
0.032077
0.032077
0.032077
0.032077
0.032052
0.032052
0.032052
0.032027
0.032027
0.032027
0.032003
0.031978
0.031978
0.031954
0.031929
0.03188
0.031806
0.031732
0.031634
0.03151
0.031387
0.031289
0.031166
0.031067
0.030969
0.030895
0.03092
0.030969
0.030944
0.030944
0.030969
0.030993
0.031092
0.03119
0.031215
0.031289
0.031338
0.031363
0.031437
0.031486
0.031609
0.031634
0.031658
0.031683
0.031707
0.031707
0.031732
0.031732
0.031757
0.031757
0.031757
0.031757
0.031757
0.031781
0.031781
0.031781
0.031781
0.031781
0.031781
0.031781
0.031781
0.031757
0.031757
0.031757
0.031757
0.031757
0.031707
0.031707
0.031683
0.031683
0.031683
0.031683
0.031683
0.031658
0.031634
0.031609
0.031584
0.031584
0.03156
0.03156
0.03151
0.031486
0.031461
0.031461
0.031437
0.031461
0.031486
0.031486
0.03151
0.03151
0.031535
0.031584
0.031634
0.031634
0.031658
0.031683
0.031683
0.031683
0.031707
0.031707
0.031707
0.031683
0.031683
0.031683
0.031683
0.031658
0.031634
0.031658
0.031634
0.031634
0.031658
0.031609
0.03156
0.031535
0.03151
0.03151
0.031486
0.031437
0.031387
0.031289
