2018
3
20
16
56
18.33
-0.0129
-0.0129
-0.012924
-0.012949
-0.012949
-0.012949
-0.012949
-0.012973
-0.012973
-0.012998
-0.012998
-0.012998
-0.013023
-0.013023
-0.013047
-0.013047
-0.013072
-0.013072
-0.013097
-0.013097
-0.013121
-0.013121
-0.013146
-0.013146
-0.01317
-0.01317
-0.013195
-0.01322
-0.01322
-0.013244
-0.013244
-0.013269
-0.013269
-0.013293
-0.013293
-0.013318
-0.013318
-0.013318
-0.013343
-0.013343
-0.013367
-0.013367
-0.013367
-0.013343
-0.013343
-0.013343
-0.013343
-0.013318
-0.013318
-0.013318
-0.013318
-0.013293
-0.013293
-0.013293
-0.013293
-0.013293
-0.013293
-0.013293
-0.013293
-0.013293
-0.013293
-0.013293
-0.013293
-0.013318
-0.013318
-0.013318
-0.013318
-0.013318
-0.013318
-0.013343
-0.013343
-0.013343
-0.013343
-0.013343
-0.013343
-0.013367
-0.013367
-0.013367
-0.013367
-0.013392
-0.013417
-0.013417
-0.013417
-0.013441
-0.013441
-0.013441
-0.013441
-0.013466
-0.013466
-0.013466
-0.013466
-0.013466
-0.013466
-0.01349
-0.01349
-0.01349
-0.01349
-0.01349
-0.013515
-0.013515
-0.013515
-0.013515
-0.013515
-0.013515
-0.013515
-0.013515
-0.01354
-0.01354
-0.01354
-0.013564
-0.013564
-0.013564
-0.013564
-0.013564
-0.013589
-0.013589
-0.013589
-0.013613
-0.013613
-0.013613
-0.013663
-0.013663
-0.013663
-0.013663
-0.013663
-0.013687
-0.013687
-0.013687
-0.013687
-0.013687
-0.013687
-0.013712
-0.013712
-0.013712
-0.013712
-0.013737
-0.013737
-0.013737
-0.013737
-0.013737
-0.013761
-0.013761
-0.013761
-0.013761
-0.013786
-0.013786
-0.013786
-0.013786
-0.01381
-0.01381
-0.01381
-0.01381
-0.013835
-0.013835
-0.013835
-0.013835
-0.01386
-0.01386
-0.01386
-0.01386
-0.013909
-0.013909
-0.013909
-0.013909
-0.013934
-0.013958
-0.014007
-0.014057
-0.014081
-0.01413
-0.01418
-0.014204
-0.01413
-0.014057
-0.014081
-0.01413
-0.013983
-0.01381
-0.013687
-0.013737
-0.01386
-0.013934
-0.014007
-0.014032
-0.014032
-0.014057
-0.014081
-0.014081
-0.014106
-0.014106
-0.01413
-0.01413
-0.01413
-0.014155
-0.014155
-0.014155
-0.01418
-0.01418
-0.014204
-0.014204
-0.014254
-0.014254
-0.014254
-0.014278
-0.014278
-0.014303
-0.014327
-0.014327
-0.014352
-0.014352
-0.014377
-0.014377
-0.014401
-0.014401
-0.014426
-0.014426
-0.01445
-0.01445
-0.014475
-0.014475
-0.014475
-0.0145
-0.0145
-0.0145
-0.014524
-0.0145
-0.0145
-0.0145
-0.0145
-0.0145
-0.0145
-0.014475
-0.014475
-0.014475
-0.01445
-0.01445
-0.01445
-0.01445
-0.014426
-0.014426
-0.014426
-0.014426
-0.014426
-0.01445
-0.01445
-0.01445
-0.01445
-0.01445
-0.014475
-0.014475
-0.014475
-0.0145
-0.0145
-0.0145
-0.0145
-0.0145
-0.0145
-0.0145
-0.0145
-0.014524
-0.014524
-0.014524
-0.014524
-0.014524
-0.014549
-0.014549
-0.014549
-0.014549
-0.014574
-0.014574
-0.014574
-0.014574
-0.014574
-0.014574
-0.014574
-0.014598
-0.014598
-0.014598
-0.014598
-0.014598
-0.014623
-0.014623
-0.014623
-0.014623
-0.014623
-0.014623
-0.014647
-0.014647
-0.014647
-0.014647
-0.014672
-0.014672
-0.014672
-0.014672
-0.014672
-0.014697
-0.014697
-0.014697
-0.014697
-0.014697
-0.014721
-0.014721
-0.014721
-0.014746
-0.014746
-0.014746
-0.014746
-0.014746
-0.014771
-0.014771
-0.014771
-0.014771
-0.014771
-0.014771
-0.014795
-0.014795
-0.014795
-0.01482
-0.01482
-0.01482
-0.014844
-0.014844
-0.014844
-0.014844
-0.014869
-0.014869
-0.014869
-0.014894
-0.014894
-0.014894
-0.014894
-0.014894
-0.014918
-0.014918
-0.014918
-0.014918
-0.014918
-0.014943
-0.014943
-0.014943
-0.014943
-0.014967
-0.014967
-0.014967
-0.014967
-0.014992
-0.014992
-0.014992
-0.014992
-0.014992
-0.015017
-0.015017
-0.015017
-0.015017
-0.015041
-0.015041
-0.015041
-0.015041
-0.015041
-0.015066
-0.015066
-0.015091
-0.015091
-0.015091
-0.015115
-0.01514
-0.015189
-0.015238
-0.015263
-0.015312
-0.015361
-0.015386
-0.015312
-0.015238
-0.015263
-0.015312
-0.015189
-0.014992
-0.014869
-0.014943
-0.015066
-0.01514
-0.015189
-0.015214
-0.015238
-0.015263
-0.015263
-0.015287
-0.015287
-0.015287
-0.015287
-0.015312
-0.015312
-0.015337
-0.015337
-0.015337
-0.015337
-0.015361
-0.015361
-0.015361
-0.015411
-0.015411
-0.015411
-0.015435
-0.015435
-0.01546
-0.01546
-0.01546
-0.015484
-0.015484
-0.015509
-0.015534
-0.015534
-0.015534
-0.015558
-0.015583
-0.015583
-0.015583
-0.015608
-0.015608
-0.015608
-0.015632
-0.015632
-0.015632
-0.015632
-0.015632
-0.015632
-0.015632
-0.015632
-0.015608
-0.015608
-0.015608
-0.015583
-0.015583
-0.015583
-0.015583
-0.015583
-0.015583
-0.015583
-0.015583
-0.015558
-0.015558
-0.015558
-0.015558
-0.015558
-0.015558
-0.015558
-0.015583
-0.015583
-0.015583
-0.015583
-0.015583
-0.015583
-0.015583
-0.015608
-0.015583
-0.015608
-0.015608
-0.015608
-0.015632
-0.015632
-0.015632
-0.015632
-0.015632
-0.015657
-0.015657
-0.015657
-0.015657
-0.015657
-0.015681
-0.015681
-0.015681
-0.015681
-0.015681
-0.015681
-0.015681
-0.015706
-0.015706
-0.015706
-0.015706
-0.015706
-0.015731
-0.015731
-0.015731
-0.015731
-0.015755
-0.015755
-0.015755
-0.015755
-0.015755
-0.015755
-0.015755
-0.01578
-0.01578
-0.01578
-0.01578
-0.01578
-0.015804
-0.015804
-0.015804
-0.015829
-0.015829
-0.015829
-0.015854
-0.015854
-0.015854
-0.015854
-0.015878
-0.015878
-0.015878
-0.015903
-0.015903
-0.015903
-0.015903
-0.015903
-0.015928
-0.015928
-0.015928
-0.015928
-0.015928
-0.015952
-0.015952
-0.015952
-0.015952
-0.015977
-0.015977
-0.015977
-0.015977
-0.015977
-0.015977
-0.016001
-0.016001
-0.016001
-0.016001
-0.016026
-0.016026
-0.016026
-0.016026
-0.016026
-0.016026
-0.016051
-0.016051
-0.016051
-0.016051
-0.016051
-0.016051
-0.016075
-0.016075
-0.016075
-0.016075
-0.016075
-0.016075
-0.0161
-0.0161
-0.0161
-0.0161
-0.0161
-0.0161
-0.016124
-0.016124
-0.016149
-0.016149
-0.016149
-0.016149
-0.016149
-0.016174
-0.016174
-0.016174
-0.016174
-0.016198
-0.016198
-0.016248
-0.016297
-0.016346
-0.016371
-0.01642
-0.016469
-0.016469
-0.016395
-0.016346
-0.016395
-0.016395
-0.016223
-0.016026
-0.015952
-0.016051
-0.016174
-0.016248
-0.016272
-0.016297
-0.016321
-0.016346
-0.016346
-0.016371
-0.016371
-0.016371
-0.016395
-0.016395
-0.016395
-0.016395
-0.01642
-0.016445
-0.016445
-0.016445
-0.016469
-0.016469
-0.016469
-0.016494
-0.016494
-0.016518
-0.016518
-0.016518
-0.016543
-0.016543
-0.016543
-0.016568
-0.016568
-0.016592
-0.016592
-0.016617
-0.016617
-0.016641
-0.016641
-0.016666
-0.016666
-0.016666
-0.016691
-0.016691
-0.016691
-0.016715
-0.016715
-0.016715
-0.016715
-0.016715
-0.016691
-0.016691
-0.016691
-0.016666
-0.016666
-0.016641
-0.016617
-0.016617
-0.016617
-0.016617
-0.016617
-0.016617
-0.016617
-0.016617
-0.016617
-0.016617
-0.016617
-0.016641
-0.016641
-0.016641
-0.016641
-0.016641
-0.016641
-0.016666
-0.016666
-0.016666
-0.016666
-0.016666
-0.016666
-0.016691
-0.016691
-0.016691
-0.016691
-0.016715
-0.016715
-0.016715
-0.016715
-0.016715
-0.01674
-0.01674
-0.01674
-0.01674
-0.01674
-0.016765
-0.016765
-0.016765
-0.016789
-0.016789
-0.016789
-0.016789
-0.016789
-0.016789
-0.016789
-0.016814
-0.016814
-0.016789
-0.016814
-0.016814
-0.016814
-0.016814
-0.016838
-0.016838
-0.016838
-0.016838
-0.016838
-0.016863
-0.016863
-0.016863
-0.016863
-0.016863
-0.016863
-0.016863
-0.016863
-0.016888
-0.016888
-0.016888
-0.016888
-0.016888
-0.016888
-0.016912
-0.016912
-0.016912
-0.016912
-0.016912
-0.016912
-0.016912
-0.016937
-0.016937
-0.016937
-0.016937
-0.016937
-0.016937
-0.016961
-0.016961
-0.016961
-0.016961
-0.016961
-0.016961
-0.016986
-0.016986
-0.016986
-0.016986
-0.016986
-0.017011
-0.017011
-0.017011
-0.017011
-0.017011
-0.017035
-0.017035
-0.017035
-0.017035
-0.017035
-0.017035
-0.01706
-0.01706
-0.01706
-0.01706
-0.01706
-0.01706
-0.01706
-0.017085
-0.017085
-0.017085
-0.017085
-0.017109
-0.017109
-0.017109
-0.017109
-0.017109
-0.017134
-0.017134
-0.017134
-0.017134
-0.017134
-0.017158
-0.017158
-0.017158
-0.017158
-0.017158
-0.017158
-0.017158
-0.017183
-0.017183
-0.017183
-0.017183
-0.017208
-0.017232
-0.017281
-0.017331
-0.017355
-0.017405
-0.017454
-0.017454
-0.01738
-0.017331
-0.01738
-0.01738
-0.017208
-0.017035
-0.016937
-0.017035
-0.017158
-0.017232
-0.017257
-0.017281
-0.017331
-0.017355
-0.017355
-0.017355
-0.017355
-0.01738
-0.01738
-0.01738
-0.017405
-0.017405
-0.017405
-0.017405
-0.017429
-0.017429
-0.017429
-0.017454
-0.017454
-0.017454
-0.017478
-0.017478
-0.017478
-0.017503
-0.017503
-0.017503
-0.017528
-0.017528
-0.017552
-0.017552
-0.017552
-0.017577
-0.017577
-0.017602
-0.017602
-0.017626
-0.017626
-0.017626
-0.017651
-0.017651
-0.017651
-0.017651
-0.017651
-0.017651
-0.017651
-0.017651
-0.017626
-0.017626
-0.017602
-0.017602
-0.017602
-0.017577
-0.017577
-0.017577
-0.017577
-0.017552
-0.017552
-0.017577
-0.017577
-0.017552
-0.017552
-0.017552
-0.017577
-0.017577
-0.017577
-0.017577
-0.017602
-0.017602
-0.017602
-0.017626
-0.017626
-0.017626
-0.017651
-0.017651
-0.017651
-0.017675
-0.017675
-0.017675
-0.017675
-0.0177
-0.0177
-0.0177
-0.017725
-0.017725
-0.017749
-0.017749
-0.017749
-0.017749
-0.017774
-0.017774
-0.017774
-0.017774
-0.017774
-0.017798
-0.017798
-0.017798
-0.017798
-0.017823
-0.017823
-0.017823
-0.017823
-0.017848
-0.017848
-0.017848
-0.017872
-0.017872
-0.017872
-0.017872
-0.017897
-0.017897
-0.017897
-0.017922
-0.017922
-0.017922
-0.017922
-0.017922
-0.017946
-0.017946
-0.017946
-0.017946
-0.017946
-0.017946
-0.017995
-0.017995
-0.017995
-0.017995
-0.017995
-0.01802
-0.01802
-0.01802
-0.01802
-0.01802
-0.018045
-0.018045
-0.018069
-0.018069
-0.018069
-0.018094
-0.018094
-0.018094
-0.018094
-0.018094
-0.018094
-0.018094
-0.018118
-0.018118
-0.018118
-0.018143
-0.018143
-0.018168
-0.018168
-0.018192
-0.018192
-0.018217
-0.018217
-0.018242
-0.018242
-0.018242
-0.018266
-0.018266
-0.018291
-0.018291
-0.018389
-0.018439
-0.018488
-0.018537
-0.018586
-0.018635
-0.018709
-0.018759
-0.018783
-0.018832
-0.018906
-0.01898
-0.019054
-0.019103
-0.019177
-0.019226
-0.0193
-0.019374
-0.019448
-0.019522
-0.019596
-0.019694
-0.019768
-0.019842
-0.019891
-0.019965
-0.020063
-0.020186
-0.020309
-0.020383
-0.020506
-0.020605
-0.020703
-0.020703
-0.020679
-0.020753
-0.020876
-0.020802
-0.020654
-0.020556
-0.021073
-0.021146
-0.02122
-0.02127
-0.021343
-0.021417
-0.021491
-0.021565
-0.021663
-0.021737
-0.021811
-0.021885
-0.021959
-0.022033
-0.022107
-0.02218
-0.02223
-0.022303
-0.022377
-0.022427
-0.0225
-0.02255
-0.022623
-0.022697
-0.022747
-0.02282
-0.022894
-0.022944
-0.023017
-0.023091
-0.023165
-0.023239
-0.023313
-0.023387
-0.02346
-0.023534
-0.023584
-0.023657
-0.023731
-0.023781
-0.024051
-0.024101
-0.02415
-0.024199
-0.024224
-0.024273
-0.024322
-0.024347
-0.024396
-0.024421
-0.024445
-0.02447
-0.024494
-0.024519
-0.024568
-0.024593
-0.024618
-0.024642
-0.024667
-0.024691
-0.024741
-0.024765
-0.024814
-0.024839
-0.024864
-0.024888
-0.024938
-0.024962
-0.024987
-0.025011
-0.025061
-0.025085
-0.02511
-0.025159
-0.025184
-0.025233
-0.025258
-0.025282
-0.025331
-0.025356
-0.025479
-0.025528
-0.025553
-0.025578
-0.025627
-0.025651
-0.025676
-0.025725
-0.02575
-0.025775
-0.025824
-0.025848
-0.025873
-0.025898
-0.025947
-0.025971
-0.025996
-0.026045
-0.02607
-0.026095
-0.026119
-0.026168
-0.026193
-0.026218
-0.026242
-0.026292
-0.026316
-0.026341
-0.026365
-0.02639
-0.026439
-0.026464
-0.026488
-0.026538
-0.026562
-0.026612
-0.026636
-0.026685
-0.02671
-0.026735
-0.026858
-0.026882
-0.026907
-0.026956
-0.027005
-0.02703
-0.027079
-0.027104
-0.027153
-0.027202
-0.027227
-0.027276
-0.027301
-0.02735
-0.027399
-0.027424
-0.027473
-0.027498
-0.027547
-0.027572
-0.027596
-0.027645
-0.02767
-0.027695
-0.027744
-0.027769
-0.027793
-0.027842
-0.027867
-0.027892
-0.027941
-0.027965
-0.028015
-0.028064
-0.028089
-0.028113
-0.028162
-0.028187
-0.028236
-0.028261
-0.028433
-0.028482
-0.028507
-0.028556
-0.028581
-0.028606
-0.02863
-0.028679
-0.028704
-0.028704
-0.028729
-0.028753
-0.028778
-0.028802
-0.028827
-0.028827
-0.028852
-0.028876
-0.028901
-0.028901
-0.028926
-0.02895
-0.028975
-0.028975
-0.028999
-0.028999
-0.029024
-0.029049
-0.029098
-0.029147
-0.029196
-0.029221
-0.029295
-0.029344
-0.029344
-0.02927
-0.029221
-0.029295
-0.029295
-0.029147
-0.029196
-0.02927
-0.029319
-0.029369
-0.029393
-0.029418
-0.029443
-0.029467
-0.029467
-0.029467
-0.029492
-0.029492
-0.029492
-0.029492
-0.029467
-0.029467
-0.029443
-0.029443
-0.029418
-0.029393
-0.029393
-0.029369
-0.029344
-0.029344
-0.029319
-0.029295
-0.029295
-0.02927
-0.029246
-0.029246
-0.029221
-0.029221
-0.029196
-0.029172
-0.029172
-0.029147
-0.029123
-0.029123
-0.029098
-0.029073
-0.028975
-0.02895
-0.028926
-0.028901
-0.028852
-0.028827
-0.028778
-0.028753
-0.028704
-0.028679
-0.02863
-0.028581
-0.028532
-0.028482
-0.028458
-0.028409
-0.028359
-0.02831
-0.028286
-0.028236
-0.028187
-0.028138
-0.028089
-0.028039
-0.02799
-0.027965
-0.027916
-0.027867
-0.027818
-0.027769
-0.027719
-0.02767
-0.027621
-0.027572
-0.027522
-0.027473
-0.027424
-0.027375
-0.027325
-0.027301
-0.027129
-0.027104
-0.027055
-0.02703
-0.026981
-0.026956
-0.026907
-0.026882
-0.026833
-0.026808
-0.026759
-0.026735
-0.02671
-0.026661
-0.026636
-0.026612
-0.026562
-0.026538
-0.026513
-0.026464
-0.026439
-0.026415
-0.02639
-0.026365
-0.026341
-0.026292
-0.026267
-0.026242
-0.026218
-0.026193
-0.026168
-0.026119
-0.026095
-0.02607
-0.026045
-0.026021
-0.025996
-0.025971
-0.025947
-0.025922
-0.025848
-0.025824
-0.025799
-0.025775
-0.02575
-0.025725
-0.025701
-0.025701
-0.025676
-0.025651
-0.025627
-0.025627
-0.025602
-0.025578
-0.025553
-0.025528
-0.025528
-0.025504
-0.025479
-0.025479
-0.025455
-0.02543
-0.025405
-0.025405
-0.025381
-0.025356
-0.025331
-0.025331
-0.025307
-0.025282
-0.025282
-0.025258
-0.025233
-0.025208
-0.025208
-0.025184
-0.025184
-0.025159
-0.025134
-0.025134
-0.025061
-0.025061
-0.025036
-0.025036
-0.025036
-0.025036
-0.025011
-0.024987
-0.024987
-0.024962
-0.024962
-0.024938
-0.024938
-0.024913
-0.024888
-0.024888
-0.024864
-0.024864
-0.024839
-0.024814
-0.024814
-0.024839
-0.024864
-0.024888
-0.024888
-0.024913
-0.024962
-0.024987
-0.024913
-0.024814
-0.024814
-0.024839
-0.024716
-0.024494
-0.024347
-0.024347
-0.02447
-0.024544
-0.024593
-0.024593
-0.024593
-0.024593
-0.024593
-0.024568
-0.024568
-0.024568
-0.024568
-0.024544
-0.024544
-0.024544
-0.024544
-0.024519
-0.024519
-0.024519
-0.024494
-0.024494
-0.024494
-0.024494
-0.02447
-0.02447
-0.02447
-0.02447
-0.02447
-0.02447
-0.02447
-0.02447
-0.02447
-0.02447
-0.02447
-0.02447
-0.02447
-0.02447
-0.02447
-0.02447
-0.024445
-0.024445
-0.024445
-0.024445
-0.024445
-0.024445
-0.024396
-0.024371
-0.024371
-0.024347
-0.024322
-0.024297
-0.024273
-0.024248
-0.024248
-0.024224
-0.024199
-0.024174
-0.024174
-0.02415
-0.02415
-0.024125
-0.024125
-0.024101
-0.024101
-0.024101
-0.024076
-0.024076
-0.024051
-0.024051
-0.024051
-0.024027
-0.024027
-0.024002
-0.023977
-0.023977
-0.023953
-0.023953
-0.023953
-0.023928
-0.023928
-0.023928
-0.023928
-0.023928
-0.023928
-0.023904
-0.023904
-0.023904
-0.023904
-0.023904
-0.023879
-0.023879
-0.023879
-0.023879
-0.023854
-0.023854
-0.023854
-0.023854
-0.023854
-0.02383
-0.02383
-0.02383
-0.02383
-0.023805
-0.023805
-0.023805
-0.023805
-0.023805
-0.023781
-0.023781
-0.023781
-0.023781
-0.023781
-0.023756
-0.023756
-0.023756
-0.023756
-0.023756
-0.023731
-0.023731
-0.023731
-0.023731
-0.023731
-0.023731
-0.023731
-0.023707
-0.023707
-0.023707
-0.023707
-0.023707
-0.023707
-0.023707
-0.023682
-0.023682
-0.023682
-0.023682
-0.023682
-0.023682
-0.023657
-0.023657
-0.023657
-0.023657
-0.023657
-0.023657
-0.023633
-0.023633
-0.023633
-0.023633
-0.023633
-0.023633
-0.023633
-0.023633
-0.023633
-0.023633
-0.023633
-0.023633
-0.023608
-0.023608
-0.023608
-0.023608
-0.023608
-0.023608
-0.023608
-0.023584
-0.023584
-0.023584
-0.023608
-0.023584
-0.023584
-0.023584
-0.023584
-0.023584
-0.023584
-0.023584
-0.023584
-0.023584
-0.023584
-0.023584
-0.023584
-0.023584
-0.023584
-0.023657
-0.023682
-0.023707
-0.023731
-0.023781
-0.023805
-0.023731
-0.023657
-0.023657
-0.023707
-0.023559
-0.023362
-0.023214
-0.023264
-0.023387
-0.023485
-0.023534
-0.023534
-0.023559
-0.023559
-0.023584
-0.023584
-0.023584
-0.023584
-0.023584
-0.023584
-0.023584
-0.023584
-0.023584
-0.023584
-0.023608
-0.023608
-0.023608
-0.023608
-0.023608
-0.023608
-0.023608
-0.023608
-0.023633
-0.023633
-0.023633
-0.023633
-0.023633
-0.023633
-0.023657
-0.023657
-0.023657
-0.023682
-0.023682
-0.023682
-0.023682
-0.023682
-0.023707
-0.023707
-0.023707
-0.023707
-0.023707
-0.023682
-0.023682
-0.023682
-0.023682
-0.023682
-0.023657
-0.023657
-0.023633
-0.023584
-0.023559
-0.023559
-0.023534
-0.023534
-0.023534
-0.02351
-0.02351
-0.02351
-0.02351
-0.02351
-0.02351
-0.02351
-0.02351
-0.02351
-0.023485
-0.023485
-0.023485
-0.023485
-0.02351
-0.02351
-0.02351
-0.02351
-0.02351
-0.02351
-0.02351
-0.02351
-0.02351
-0.02351
-0.02351
-0.02351
-0.02351
-0.02351
-0.02351
-0.02351
-0.02351
-0.02351
-0.02351
-0.02351
-0.02351
-0.023485
-0.023485
-0.023485
-0.023485
-0.023485
-0.023485
-0.023485
-0.023485
-0.023485
-0.023485
-0.023485
-0.023485
-0.023485
-0.023485
-0.023485
-0.023485
-0.023485
-0.023485
-0.023485
-0.023485
-0.023485
-0.023485
-0.023485
-0.02346
-0.02346
-0.02346
-0.02346
-0.02346
-0.02346
-0.02346
-0.02346
-0.02346
-0.02346
-0.02346
-0.02346
-0.02346
-0.02346
-0.02346
-0.02346
-0.02346
-0.02346
-0.02346
-0.02346
-0.023485
-0.023485
-0.023485
-0.023485
-0.023485
-0.023485
-0.023485
-0.023485
-0.023485
-0.023485
-0.02351
-0.02351
-0.02351
-0.02351
-0.023534
-0.023534
-0.02351
-0.023534
-0.023534
-0.023534
-0.023534
-0.023534
-0.023534
-0.023534
-0.023534
-0.023534
-0.023534
-0.023534
-0.023534
-0.023534
-0.023534
-0.023534
-0.023534
-0.023534
-0.023534
-0.023534
-0.023534
-0.023534
-0.023559
-0.023608
-0.023657
-0.023682
-0.023707
-0.023756
-0.023805
-0.023781
-0.023682
-0.023657
-0.023707
-0.023657
-0.02346
-0.023264
-0.023214
-0.023337
-0.02346
-0.02351
-0.023534
-0.023559
-0.023584
-0.023584
-0.023584
-0.023608
-0.023608
-0.023608
-0.023608
-0.023633
-0.023633
-0.023633
-0.023633
-0.023633
-0.023633
-0.023633
-0.023657
-0.023657
-0.023657
-0.023657
-0.023657
-0.023682
-0.023707
-0.023707
-0.023707
-0.023707
-0.023731
-0.023731
-0.023731
-0.023731
-0.023756
-0.023756
-0.023756
-0.023781
-0.023781
-0.023781
-0.023781
-0.023781
-0.023805
-0.023781
-0.023781
-0.023781
-0.023781
-0.023781
-0.023756
-0.023756
-0.023756
-0.023731
-0.023731
-0.023707
-0.023707
-0.023682
-0.023682
-0.023657
-0.023657
-0.023657
-0.023633
-0.023633
-0.023633
-0.023633
-0.023608
-0.023608
-0.023608
-0.023633
-0.023633
-0.023633
-0.023633
-0.023633
-0.023633
-0.023633
-0.023633
-0.023633
-0.023633
-0.023633
-0.023633
-0.023633
-0.023633
-0.023633
-0.023633
-0.023633
-0.023633
-0.023633
-0.023633
-0.023633
-0.023633
-0.023633
-0.023633
-0.023633
-0.023633
-0.023633
-0.023633
-0.023657
-0.023657
-0.023657
-0.023657
-0.023657
-0.023657
-0.023657
-0.023657
-0.023657
-0.023657
-0.023657
-0.023657
-0.023657
-0.023657
-0.023657
-0.023657
-0.023657
-0.023657
-0.023657
-0.023657
-0.023657
-0.023657
-0.023657
-0.023657
-0.023657
-0.023657
-0.023657
-0.023657
-0.023657
-0.023682
-0.023682
-0.023682
-0.023682
-0.023682
-0.023682
-0.023682
-0.023682
-0.023682
-0.023657
-0.023657
-0.023682
-0.023682
-0.023682
-0.023682
-0.023682
-0.023682
-0.023682
-0.023682
-0.023682
-0.023682
-0.023682
-0.023682
-0.023682
-0.023682
-0.023682
-0.023682
-0.023682
-0.023707
-0.023707
-0.023707
-0.023707
-0.023707
-0.023707
-0.023707
-0.023707
-0.023707
-0.023707
-0.023707
-0.023707
-0.023707
-0.023707
-0.023707
-0.023707
-0.023707
-0.023707
-0.023707
-0.023731
-0.023731
-0.023731
-0.023731
-0.023731
-0.023756
-0.023781
-0.02383
-0.023879
-0.023904
-0.023953
-0.024002
-0.024002
-0.023928
-0.023756
-0.023559
-0.023436
-0.023534
-0.023657
-0.023731
-0.023781
-0.023805
-0.023805
-0.02383
-0.02383
-0.023854
-0.023854
-0.023854
-0.023854
-0.023854
-0.023854
-0.023854
-0.023879
-0.023879
-0.023879
-0.023879
-0.023879
-0.023879
-0.023879
-0.023904
-0.023904
-0.023904
-0.023928
-0.023928
-0.023928
-0.023953
-0.023953
-0.023953
-0.023977
-0.023977
-0.024002
-0.024002
-0.024002
-0.024027
-0.024076
-0.024076
-0.024076
-0.024101
-0.024101
-0.024101
-0.024101
-0.024101
-0.024076
-0.024076
-0.024076
-0.024076
-0.024051
-0.024051
-0.024027
-0.024027
-0.024002
-0.024002
-0.024002
-0.024002
-0.023977
-0.023977
-0.023953
-0.023953
-0.023953
-0.023953
-0.023953
-0.023953
-0.023953
-0.023953
-0.023953
-0.023953
-0.023928
-0.023953
-0.023953
-0.023953
-0.023953
-0.023953
-0.023953
-0.023953
-0.023977
-0.023977
-0.023977
-0.023977
-0.023977
-0.023977
-0.023977
-0.023977
-0.023977
-0.023977
-0.023977
-0.024002
-0.024002
-0.024002
-0.024002
-0.024002
-0.024002
-0.024002
-0.024002
-0.024002
-0.024002
-0.024002
-0.024002
-0.024002
-0.024002
-0.023977
-0.024002
-0.024002
-0.024002
-0.024002
-0.024002
-0.024002
-0.024002
-0.024002
-0.024002
-0.024002
-0.024002
-0.024002
-0.024002
-0.024002
-0.024002
-0.024027
-0.024027
-0.024027
-0.024027
-0.024027
-0.024027
-0.024027
-0.024027
-0.024027
-0.024027
-0.024027
-0.024027
-0.024027
-0.024027
-0.024027
-0.024002
-0.024027
-0.024027
-0.024027
-0.024027
-0.024027
-0.024027
-0.024027
-0.024027
-0.024027
-0.024027
-0.024027
-0.024027
-0.024027
-0.024027
-0.024027
-0.024027
-0.024027
-0.024027
-0.024027
-0.024051
-0.024051
-0.024051
-0.024051
-0.024076
-0.024076
-0.024076
-0.024076
-0.024076
-0.024076
-0.024076
-0.024076
-0.024076
-0.024101
-0.024101
-0.024101
-0.024101
-0.024101
-0.024101
-0.024101
-0.024101
-0.024101
-0.024101
-0.024101
-0.024125
-0.024125
-0.024125
-0.024125
-0.024174
-0.024224
-0.024248
-0.024273
-0.024322
-0.024371
-0.024347
-0.024273
-0.024224
-0.024297
-0.024248
-0.024076
-0.023879
-0.023805
-0.023928
-0.024051
-0.024174
-0.024199
-0.024199
-0.024199
-0.024224
-0.024224
-0.024224
-0.024224
-0.024248
-0.024248
-0.024248
-0.024248
-0.024248
-0.024273
-0.024273
-0.024273
-0.024273
-0.024273
-0.024297
-0.024297
-0.024297
-0.024322
-0.024322
-0.024322
-0.024322
-0.024322
-0.024347
-0.024347
-0.024347
-0.024371
-0.024371
-0.024371
-0.024396
-0.024396
-0.024396
-0.024421
-0.024421
-0.024421
-0.024421
-0.024421
-0.024421
-0.024421
-0.024421
-0.024396
-0.024396
-0.024371
-0.024371
-0.024371
-0.024347
-0.024322
-0.024322
-0.024322
-0.024297
-0.024297
-0.024273
-0.024273
-0.024273
-0.024273
-0.024273
-0.024273
-0.024248
-0.024248
-0.024248
-0.024248
-0.024248
-0.024248
-0.024248
-0.024248
-0.024248
-0.024248
-0.024273
-0.024273
-0.024273
-0.024273
-0.024273
-0.024273
-0.024273
-0.024273
-0.024273
-0.024273
-0.024273
-0.024273
-0.024273
-0.024297
-0.024297
-0.024297
-0.024297
-0.024297
-0.024297
-0.024297
-0.024297
-0.024297
-0.024297
-0.024297
-0.024297
-0.024297
-0.024297
-0.024297
-0.024297
-0.024297
-0.024297
-0.024297
-0.024297
-0.024297
-0.024297
-0.024297
-0.024297
-0.024297
-0.024322
-0.024322
-0.024322
-0.024322
-0.024322
-0.024322
-0.024322
-0.024322
-0.024322
-0.024322
-0.024322
-0.024322
-0.024322
-0.024322
-0.024322
-0.024347
-0.024347
-0.024347
-0.024347
-0.024347
-0.024347
-0.024347
-0.024347
-0.024347
-0.024347
-0.024371
-0.024371
-0.024371
-0.024347
-0.024347
-0.024371
-0.024371
-0.024371
-0.024371
-0.024371
-0.024371
-0.024371
-0.024371
-0.024371
-0.024371
-0.024396
-0.024396
-0.024396
-0.024396
-0.024396
-0.024396
-0.024396
-0.024396
-0.024396
-0.024396
-0.024396
-0.024396
-0.024421
-0.024421
-0.024421
-0.024421
-0.024421
-0.024421
-0.024421
-0.024421
-0.024421
-0.024421
-0.024421
-0.024421
-0.024421
-0.024421
-0.024421
-0.024445
-0.024494
-0.024544
-0.024568
-0.024593
-0.024667
-0.024691
-0.024642
-0.024568
-0.024544
-0.024618
-0.024494
-0.024297
-0.02415
-0.02415
-0.024297
-0.024371
-0.024421
-0.02447
-0.02447
-0.024494
-0.024494
-0.024494
-0.024519
-0.024519
-0.024544
-0.024544
-0.024544
-0.024568
-0.024568
-0.024568
-0.024568
-0.024568
-0.024593
-0.024593
-0.024593
-0.024618
-0.024618
-0.024618
-0.024642
-0.024642
-0.024642
-0.024642
-0.024667
-0.024667
-0.024667
-0.024691
-0.024691
-0.024716
-0.024716
-0.024741
-0.024741
-0.024741
-0.024765
-0.024765
-0.024765
-0.024765
-0.024765
-0.024765
-0.024765
-0.024765
-0.024765
-0.024765
-0.024741
-0.024741
-0.024691
-0.024691
-0.024667
-0.024667
-0.024667
-0.024642
-0.024642
-0.024642
-0.024642
-0.024642
-0.024642
-0.024642
-0.024642
-0.024642
-0.024642
-0.024642
-0.024642
-0.024642
-0.024642
-0.024642
-0.024642
-0.024667
-0.024667
-0.024667
-0.024667
-0.024667
-0.024667
-0.024667
-0.024667
-0.024667
-0.024667
-0.024691
-0.024691
-0.024691
-0.024691
-0.024691
-0.024691
-0.024691
-0.024691
-0.024691
-0.024716
-0.024716
-0.024716
-0.024716
-0.024716
-0.024716
-0.024716
-0.024716
-0.024716
-0.024716
-0.024716
-0.024741
-0.024741
-0.024716
-0.024741
-0.024716
-0.024741
-0.024741
-0.024741
-0.024741
-0.024741
-0.024741
-0.024741
-0.024741
-0.024741
-0.024741
-0.024765
-0.024765
-0.024765
-0.024765
-0.024765
-0.024765
-0.024765
-0.024765
-0.024765
-0.024765
-0.024765
-0.024765
-0.024765
-0.02479
-0.024814
-0.024814
-0.024814
-0.024814
-0.024814
-0.024839
-0.024839
-0.024839
-0.024839
-0.024839
-0.024839
-0.024839
-0.024839
-0.024864
-0.024864
-0.024864
-0.024864
-0.024864
-0.024864
-0.024864
-0.024888
-0.024888
-0.024888
-0.024888
-0.024888
-0.024888
-0.024888
-0.024888
-0.024913
-0.024913
-0.024913
-0.024913
-0.024913
-0.024913
-0.024913
-0.024913
-0.024913
-0.024913
-0.024938
-0.024938
