2018
3
20
16
56
18.33
0.0072622
0.0072375
0.0072375
0.0072129
0.0072129
0.0072129
0.0072129
0.0072129
0.0072129
0.0072129
0.0072129
0.0071883
0.0071883
0.0071637
0.0071637
0.0071391
0.0071391
0.0071391
0.0071145
0.0071145
0.0071145
0.0071145
0.0070898
0.0070898
0.0070898
0.0070898
0.0070652
0.0070652
0.0070652
0.0070652
0.0070652
0.0070652
0.0070652
0.0070652
0.0070652
0.0070898
0.0070898
0.0070898
0.0070898
0.0070898
0.0071145
0.0071145
0.0071391
0.0071391
0.0071391
0.0071391
0.0071145
0.0071145
0.0071145
0.0071145
0.0071145
0.0070898
0.0071145
0.0070898
0.0070898
0.0070652
0.0070406
0.007016
0.0069914
0.0069668
0.0069421
0.0068929
0.0068683
0.0068683
0.0068929
0.0068929
0.0068929
0.0068929
0.0068929
0.0069175
0.0069175
0.0069175
0.0069175
0.0069175
0.0069175
0.0069175
0.0069421
0.0069421
0.0069421
0.0069421
0.0069421
0.0069421
0.0069421
0.0069421
0.0069668
0.0069668
0.0069668
0.0069668
0.0069668
0.0069668
0.0069914
0.0069914
0.0069914
0.0069914
0.0069914
0.007016
0.007016
0.007016
0.007016
0.007016
0.007016
0.007016
0.0070406
0.007016
0.007016
0.007016
0.007016
0.007016
0.007016
0.0069914
0.0069914
0.0069914
0.007016
0.007016
0.0069914
0.0069914
0.0069914
0.0069914
0.0069914
0.0069914
0.0069668
0.0069668
0.0069668
0.0069668
0.0069668
0.0069668
0.0069668
0.0069668
0.0069421
0.0069668
0.0069668
0.0069668
0.0069668
0.0069668
0.0069668
0.0069668
0.0069421
0.0069421
0.0069421
0.0069421
0.0069421
0.0069175
0.0069175
0.0069175
0.0069175
0.0069175
0.0069175
0.0069175
0.0069175
0.0069175
0.0069175
0.0069175
0.0069175
0.0069175
0.0069175
0.0069175
0.0069175
0.0069175
0.0068929
0.0068929
0.0068683
0.0068683
0.0068683
0.0068437
0.0068437
0.0067698
0.006696
0.0066467
0.0066221
0.0065975
0.0065975
0.0066467
0.0067452
0.0069175
0.0070652
0.0071391
0.0072129
0.0071883
0.0071145
0.0070406
0.0069421
0.0068929
0.0068437
0.0068191
0.0067944
0.0067698
0.0067698
0.0067698
0.0067698
0.0067698
0.0067698
0.0067452
0.0067452
0.0067452
0.0067206
0.0067206
0.0067206
0.0067206
0.0067206
0.0067206
0.006696
0.006696
0.006696
0.006696
0.006696
0.006696
0.006696
0.006696
0.006696
0.006696
0.006696
0.006696
0.006696
0.006696
0.006696
0.006696
0.006696
0.006696
0.006696
0.006696
0.006696
0.006696
0.006696
0.006696
0.006696
0.0067206
0.0067206
0.0067206
0.0067206
0.0067206
0.0067452
0.0067452
0.0067452
0.0067452
0.0067452
0.0067698
0.0067698
0.0067698
0.0067698
0.0067698
0.0068191
0.0068437
0.0068437
0.0068683
0.0068683
0.0068683
0.0068683
0.0068683
0.0068683
0.0068929
0.0068929
0.0069175
0.0069668
0.0070406
0.0071391
0.0071883
0.0072129
0.0072375
0.0072375
0.0072375
0.0072129
0.0072129
0.0072129
0.0072129
0.0072129
0.0072375
0.0072622
0.0073114
0.007336
0.007336
0.0073606
0.0073606
0.0073606
0.007336
0.007336
0.0073114
0.0073114
0.0072868
0.0072868
0.0072622
0.0071883
0.0071883
0.0071637
0.0071637
0.0071637
0.0071391
0.0071391
0.0071391
0.0071145
0.0071145
0.0071145
0.0070898
0.0070898
0.0070898
0.0070898
0.0070898
0.0070652
0.0070652
0.0070652
0.0070652
0.0070652
0.0070406
0.0070406
0.007016
0.007016
0.007016
0.007016
0.007016
0.0069914
0.0069914
0.0069914
0.0069914
0.0069668
0.0069668
0.0069668
0.0069668
0.0069668
0.0069668
0.0069668
0.0069421
0.0069175
0.0069175
0.0069175
0.0068929
0.0068929
0.0068929
0.0068929
0.0068929
0.0068929
0.0068929
0.0068929
0.0068929
0.0068929
0.0068929
0.0068929
0.0068929
0.0068929
0.0068683
0.0068683
0.0068683
0.0068683
0.0068683
0.0068683
0.0068683
0.0068683
0.0068683
0.0068683
0.0068683
0.0068683
0.0068683
0.0068929
0.0068929
0.0068929
0.0068929
0.0068929
0.0068929
0.0068683
0.0068683
0.0068683
0.0068683
0.0068437
0.0068191
0.0068191
0.0067944
0.0067944
0.0067206
0.0066467
0.0065975
0.0065729
0.0065483
0.0065236
0.0065729
0.006696
0.0068437
0.0069914
0.0070652
0.0071391
0.0071145
0.0070406
0.0069421
0.0068437
0.0067944
0.0067698
0.0067206
0.006696
0.006696
0.0066713
0.0066713
0.0066713
0.0066713
0.0066713
0.0066713
0.0066713
0.0066713
0.0066713
0.0066713
0.0066713
0.0066713
0.0066713
0.0066713
0.0066713
0.006696
0.006696
0.006696
0.006696
0.006696
0.006696
0.006696
0.006696
0.006696
0.006696
0.006696
0.006696
0.006696
0.006696
0.006696
0.0067206
0.0067206
0.0067206
0.0067206
0.0067452
0.0067452
0.0067452
0.0067452
0.0067698
0.0067698
0.0067698
0.0067698
0.0067944
0.0067944
0.0067944
0.0068191
0.0068191
0.0068437
0.0068191
0.0068191
0.0068191
0.0068191
0.0068191
0.0068191
0.0068191
0.0068191
0.0068191
0.0068191
0.0068191
0.0068191
0.0068191
0.0068191
0.0068191
0.0068191
0.0068191
0.0068191
0.0068191
0.0068191
0.0068437
0.0068437
0.0068437
0.0068437
0.0068191
0.0068191
0.0068437
0.0068191
0.0068191
0.0068191
0.0068191
0.0068191
0.0068191
0.0068191
0.0068191
0.0068191
0.0068437
0.0068437
0.0068437
0.0068437
0.0068437
0.0068437
0.0068437
0.0068437
0.0068437
0.0068437
0.0068437
0.0068437
0.0068437
0.0068437
0.0068437
0.0068437
0.0068437
0.0068437
0.0068437
0.0068437
0.0068683
0.0068683
0.0068683
0.0068683
0.0068437
0.0068437
0.0068437
0.0068437
0.0068437
0.0068437
0.0068437
0.0068437
0.0068437
0.0068437
0.0068437
0.0068437
0.0068437
0.0068191
0.0068437
0.0068191
0.0068191
0.0068191
0.0068191
0.0068191
0.0068191
0.0068191
0.0068191
0.0068191
0.0068437
0.0068437
0.0068191
0.0068437
0.0068437
0.0068437
0.0068437
0.0068437
0.0068437
0.0068437
0.0068437
0.0068437
0.0068437
0.0068437
0.0068683
0.0068683
0.0068683
0.0068683
0.0068683
0.0068683
0.0068683
0.0068683
0.0068683
0.0068683
0.0068437
0.0068437
0.0068437
0.0068437
0.0068437
0.0068437
0.0068437
0.0068437
0.0068437
0.0068437
0.0068437
0.0068437
0.0068437
0.0068437
0.0068683
0.0068683
0.0068683
0.0068683
0.0068929
0.0068929
0.0069175
0.0069175
0.0069175
0.0069175
0.0068929
0.0069175
0.0069175
0.0068929
0.0068929
0.0068191
0.0067452
0.0067206
0.006696
0.006696
0.006696
0.0067698
0.0068929
0.0070652
0.0071883
0.0072868
0.007336
0.0072868
0.0072375
0.0071391
0.0070406
0.007016
0.0069668
0.0069421
0.0069175
0.0069175
0.0068929
0.0068929
0.0068929
0.0068929
0.0068929
0.0069175
0.0069175
0.0068929
0.0068929
0.0068929
0.0068929
0.0068929
0.0068929
0.0068929
0.0068929
0.0068929
0.0068929
0.0068929
0.0068929
0.0068929
0.0068929
0.0068929
0.0068929
0.0068929
0.0068929
0.0068929
0.0069175
0.0069175
0.0069175
0.0069421
0.0069421
0.0069421
0.0069421
0.0069668
0.0069668
0.0069668
0.0069914
0.0069914
0.0069914
0.007016
0.007016
0.0070406
0.0070406
0.0070406
0.0070652
0.0070652
0.0070652
0.0070652
0.0070898
0.0070898
0.0070898
0.0070898
0.0071145
0.0071145
0.0071145
0.0071145
0.0071145
0.0071145
0.0071145
0.0071145
0.0071145
0.0071145
0.0071391
0.0071391
0.0071391
0.0071391
0.0071391
0.0071391
0.0071391
0.0071391
0.0071391
0.0071391
0.0071391
0.0071391
0.0071391
0.0071391
0.0071391
0.0071391
0.0071391
0.0071391
0.0071391
0.0071391
0.0071391
0.0071391
0.0071391
0.0071391
0.0071391
0.0071391
0.0071391
0.0071391
0.0071391
0.0071391
0.0071391
0.0071637
0.0071637
0.0071637
0.0071637
0.0071637
0.0071883
0.0071637
0.0071637
0.0071883
0.0071883
0.0071883
0.0071883
0.0071883
0.0071883
0.0071883
0.0071883
0.0071883
0.0071883
0.0072129
0.0072129
0.0072129
0.0072129
0.0072129
0.0072129
0.0072129
0.0072129
0.0072129
0.0072129
0.0072375
0.0072375
0.0072375
0.0072375
0.0072375
0.0072622
0.0072622
0.0072622
0.0072622
0.0072622
0.0072622
0.0072622
0.0072622
0.0072622
0.0072622
0.0072622
0.0072622
0.0072622
0.0072622
0.0072622
0.0072622
0.0072622
0.0072622
0.0072622
0.0072622
0.0072622
0.0072622
0.0072622
0.0072622
0.0072622
0.0072622
0.0072622
0.0072868
0.0072868
0.0072868
0.0072868
0.0072868
0.0072868
0.0072868
0.0072868
0.0072868
0.0072868
0.0072868
0.0072868
0.0072868
0.0072868
0.0072622
0.0072868
0.0072868
0.0072868
0.0073114
0.0073114
0.0073114
0.0073114
0.0073114
0.007336
0.007336
0.007336
0.007336
0.007336
0.007336
0.007336
0.007336
0.007336
0.007336
0.007336
0.007336
0.0073114
0.0072375
0.0071883
0.0071391
0.0071145
0.0070898
0.0071145
0.0071637
0.0073114
0.0074591
0.0075822
0.0076807
0.0077299
0.0077053
0.0076314
0.007533
0.0074591
0.0074099
0.0073853
0.0073606
0.007336
0.007336
0.007336
0.007336
0.007336
0.007336
0.0073114
0.0073114
0.0073114
0.0073114
0.007336
0.007336
0.0073114
0.0073114
0.0073114
0.0073114
0.0073114
0.0073114
0.0073114
0.0073114
0.0073114
0.0073114
0.0073114
0.0073114
0.0073114
0.0073114
0.0073114
0.0073114
0.0073114
0.0073114
0.0073114
0.007336
0.007336
0.007336
0.0073606
0.0073606
0.0073606
0.0073853
0.0073853
0.0073853
0.0074099
0.0074099
0.0074099
0.0074345
0.0074345
0.0074345
0.0074345
0.0074345
0.0074345
0.0074345
0.0074345
0.0074345
0.0074345
0.0074345
0.0074345
0.0074345
0.0074345
0.0074345
0.0074345
0.0074345
0.0074345
0.0074345
0.0074345
0.0074345
0.0074345
0.0074345
0.0074345
0.0074345
0.0074345
0.0074345
0.0074345
0.0074345
0.0074345
0.0074345
0.0074345
0.0074345
0.0074345
0.0074345
0.0074345
0.0074345
0.0074345
0.0074345
0.0074345
0.0074345
0.0074099
0.0074099
0.0074099
0.0074099
0.0074099
0.0074345
0.0074345
0.0074345
0.0074345
0.0074345
0.0074345
0.0074345
0.0074345
0.0074345
0.0074345
0.0074591
0.0074591
0.0074591
0.0074591
0.0074591
0.0074591
0.0074591
0.0074591
0.0074591
0.0074591
0.0074591
0.0074591
0.0074591
0.0074591
0.0074591
0.0074591
0.0074591
0.0074591
0.0074591
0.0074591
0.0074591
0.0074591
0.0074591
0.0074591
0.0074591
0.0074837
0.0074837
0.0074837
0.0074837
0.0074837
0.0074837
0.0074837
0.0074837
0.0074837
0.0074837
0.0074837
0.0074837
0.0074837
0.0074837
0.0074837
0.0074837
0.0074837
0.0074837
0.0074837
0.0074837
0.0074837
0.0074837
0.0074837
0.0074837
0.0074837
0.0074837
0.0074837
0.0074837
0.0074837
0.0074837
0.0074837
0.0074837
0.0074837
0.0074837
0.0074837
0.0074837
0.0074837
0.0074837
0.0074837
0.0074837
0.0074837
0.0074837
0.0074837
0.0074837
0.0074837
0.0075083
0.0074837
0.0074837
0.0075083
0.0075083
0.0074837
0.0074837
0.0074837
0.0074837
0.0074837
0.0074837
0.0074837
0.0074837
0.0074837
0.0074837
0.0074837
0.0074591
0.0074099
0.007336
0.0072868
0.0072622
0.0072375
0.0072375
0.0072868
0.0073853
0.0075576
0.0077053
0.0078038
0.0078776
0.0078776
0.0078038
0.007533
0.0075083
0.0074837
0.0074591
0.0074591
0.0074591
0.0074591
0.0074345
0.0074345
0.0074345
0.0074345
0.0074345
0.0074345
0.0074345
0.0074345
0.0074345
0.0074345
0.0074345
0.0074345
0.0074345
0.0074345
0.0074345
0.0074345
0.0074345
0.0074345
0.0074345
0.0074345
0.0074345
0.0074345
0.0074345
0.0074345
0.0074345
0.0074345
0.0074345
0.0074345
0.0074345
0.0074345
0.0074345
0.0074345
0.0074345
0.0074591
0.0074591
0.0074837
0.0074837
0.0074837
0.0075083
0.0075083
0.0075083
0.007533
0.007533
0.007533
0.007533
0.007533
0.007533
0.007533
0.0075576
0.0075576
0.0075576
0.0075576
0.0075576
0.007533
0.007533
0.0075576
0.007533
0.007533
0.007533
0.007533
0.007533
0.0075576
0.0075576
0.0075576
0.0075576
0.0075576
0.0075822
0.0075822
0.0075822
0.0075822
0.0075822
0.0075822
0.0075576
0.0075576
0.0075576
0.0075576
0.0075576
0.0075576
0.0075576
0.0075576
0.0075576
0.0075576
0.0075576
0.0075576
0.0075576
0.0075576
0.0075576
0.0075576
0.0075576
0.0075576
0.0075576
0.0075576
0.0075576
0.0075576
0.0075822
0.0075822
0.0075822
0.0075822
0.0075822
0.0075822
0.0075822
0.0075822
0.0075822
0.0075822
0.0075822
0.0075822
0.0076068
0.0076068
0.0076068
0.0076068
0.0076068
0.0076068
0.0076068
0.0076068
0.0076314
0.0076314
0.0076314
0.0076314
0.0076314
0.0076314
0.0076314
0.007656
0.007656
0.0076314
0.0076314
0.0076314
0.0076314
0.007656
0.007656
0.007656
0.007656
0.007656
0.007656
0.007656
0.007656
0.007656
0.007656
0.007656
0.007656
0.007656
0.007656
0.007656
0.007656
0.007656
0.007656
0.007656
0.007656
0.007656
0.007656
0.007656
0.007656
0.007656
0.007656
0.007656
0.007656
0.007656
0.007656
0.007656
0.007656
0.007656
0.007656
0.007656
0.007656
0.0076314
0.0076314
0.007656
0.007656
0.007656
0.007656
0.007656
0.007656
0.007656
0.007656
0.007656
0.007656
0.007656
0.007656
0.0076807
0.0076807
0.007656
0.0076314
0.0075822
0.0075083
0.0074837
0.0074591
0.0074345
0.0074591
0.0075576
0.0076807
0.007853
0.0079515
0.0080499
0.0080745
0.0078038
0.0077545
0.0077299
0.0077053
0.0077053
0.0076807
0.0076807
0.007656
0.007656
0.007656
0.007656
0.007656
0.007656
0.007656
0.0076807
0.007656
0.007656
0.007656
0.007656
0.007656
0.007656
0.007656
0.007656
0.0076807
0.0076807
0.0076807
0.0076807
0.0076807
0.0076807
0.0076807
0.0076807
0.0076807
0.0076807
0.0076807
0.0076807
0.0076807
0.0077053
0.0077053
0.0077053
0.0077053
0.0077299
0.0077299
0.0077299
0.0077545
0.0077299
0.0077545
0.0077545
0.0077545
0.0077545
0.0077545
0.0077545
0.0077545
0.0077545
0.0077545
0.0077545
0.0077545
0.0077545
0.0077545
0.0077299
0.0077299
0.0077299
0.0077299
0.0077299
0.0077299
0.0077299
0.0077299
0.0077299
0.0077545
0.0077545
0.0077545
0.0077545
0.0077299
0.0077545
0.0077545
0.0077545
0.0077299
0.0077299
0.0077299
0.0077299
0.0077299
0.0077299
0.0077299
0.0077299
0.0077299
0.0077299
0.0077299
0.0077053
0.0077053
0.0077299
0.0077299
0.0077299
0.0077299
0.0077299
0.0077299
0.0077299
0.0077053
0.0077053
0.0077053
0.0077053
0.0077053
0.0077053
0.0077053
0.0077053
0.0077053
0.0077299
0.0077299
0.0077299
0.0077299
0.0077299
0.0077299
0.0077299
0.0077299
0.0077299
0.0077299
0.0077299
0.0077299
0.0077299
0.0077299
0.0077299
0.0077299
0.0077299
0.0077299
0.0077299
0.0077299
0.0077299
0.0077299
0.0077299
0.0077299
0.0077299
0.0077299
0.0077299
0.0077299
0.0077299
0.0077299
0.0077053
0.0077299
0.0077299
0.0077299
0.0077299
0.0077299
0.0077299
0.0077299
0.0077299
0.0077545
0.0077545
0.0077545
0.0077545
0.0077545
0.0077545
0.0077545
0.0077545
0.0077545
0.0077545
0.0077545
0.0077545
0.0077545
0.0077545
0.0077545
0.0077545
0.0077545
0.0077545
0.0077545
0.0077545
0.0077545
0.0077545
0.0077545
0.0077545
0.0077545
0.0077545
0.0077545
0.0077791
0.0077545
0.0077791
0.0077791
0.0077791
0.0077791
0.0077791
0.0077791
0.0077791
0.0077545
0.0077545
0.0077053
0.0076314
0.0075576
0.007533
0.0075083
0.0075083
0.0075576
0.0076807
0.0078284
0.0079761
0.0080745
0.0081484
0.0081238
0.0080745
0.0080007
0.0079022
0.007853
0.0078284
0.0078038
0.0077545
0.0077545
0.0077545
0.0077545
0.0077545
0.0077545
0.0077299
0.0077053
0.007656
0.0075822
0.007533
0.0074837
0.0074345
0.0073853
0.0073606
0.0073114
0.0073114
0.0073114
0.007336
0.007336
0.0073606
0.0073853
0.0073853
0.0074099
0.0074099
0.0074345
0.0074591
0.0074591
0.0074837
0.0074837
0.0075083
0.0075083
0.007533
0.007533
0.0075576
0.0075576
0.0075822
0.0075822
0.0075822
0.0076068
0.007656
0.007656
0.007656
0.0076807
0.0076807
0.0076807
0.0076807
0.0077053
0.0077053
0.0077053
0.0077053
0.0077053
0.0077053
0.0077299
0.0077299
0.0077299
0.0077299
0.0077299
0.0077299
0.0077299
0.0077545
0.0077545
0.0077791
0.0077791
0.0077791
0.0078038
0.0078038
0.0078038
0.0078038
0.0078284
0.0078284
0.0078284
0.007853
0.007853
0.007853
0.007853
0.007853
0.007853
0.007853
0.007853
0.007853
0.007853
0.0078776
0.0078776
0.0078776
0.0078776
0.0078776
0.0078776
0.0078776
0.0078776
0.0078776
0.0078776
0.0078776
0.0078776
0.0078776
0.0078776
0.0078776
0.0078776
0.0078776
0.0078776
0.0078776
0.0078776
0.0078776
0.0078776
0.0078776
0.0078776
0.0078776
0.0078776
0.0078776
0.0078776
0.0078776
0.0078776
0.0079022
0.0079022
0.0079022
0.0079022
0.0079022
0.0079022
0.0079022
0.0078776
0.0078776
0.0078776
0.0078776
0.0078776
0.0078776
0.0078776
0.0078776
0.0078776
0.0078776
0.0078776
0.0078776
0.0078776
0.0078776
0.0078776
0.007853
0.007853
0.007853
0.007853
0.007853
0.007853
0.007853
0.007853
0.007853
0.007853
0.007853
0.0078776
0.0078776
0.0078776
0.0078776
0.0078776
0.0078776
0.0078776
0.0078776
0.0078776
0.0078776
0.0078776
0.0078776
0.0078776
0.0079022
0.0079022
0.0078776
0.0078776
0.0078776
0.0078776
0.0078776
0.0078776
0.0078776
0.0078776
0.0078776
0.0078776
0.0078776
0.0078776
0.0078776
0.007853
0.0078038
0.0077299
0.0076807
0.007656
0.0076314
0.007656
0.0077053
0.0078038
0.0079761
0.0081238
0.0081976
0.0082715
0.0082223
0.0081484
0.0080745
0.0079761
0.0079268
0.0079022
0.0078776
0.007853
0.0078284
0.0078284
0.0078284
0.0078038
0.0078038
0.0078038
0.0078038
0.0077791
0.0078038
0.0078038
0.0078038
0.0078038
0.0077791
0.0077791
0.0077791
0.0077791
0.0077791
0.0077791
0.0077791
0.0077791
0.0077791
0.0077791
0.0077791
0.0077791
0.0077791
0.0077791
0.0077791
0.0077791
0.0077791
0.0077791
0.0077791
0.0077791
0.0077791
0.0077791
0.0078038
0.0078038
0.0078038
0.0078038
0.0078284
0.0078284
0.0078284
0.0078284
0.0078284
0.0078284
0.007853
0.007853
0.007853
0.007853
0.007853
0.007853
0.007853
0.007853
0.007853
0.007853
0.007853
0.007853
0.007853
0.007853
0.007853
0.0078776
0.0078776
0.0078776
0.0078776
0.0078776
0.0078776
0.0078776
0.0078776
0.0078776
0.0078776
0.007853
0.0078776
0.007853
0.007853
0.007853
0.007853
0.007853
0.007853
0.007853
0.007853
0.007853
0.007853
0.007853
0.007853
0.007853
0.007853
0.007853
0.007853
0.007853
0.007853
0.007853
0.007853
0.0078776
0.0078776
0.0078776
0.0078776
0.0078776
0.0078776
0.0078776
0.0078776
0.0078776
0.0078776
0.0078776
0.0078776
0.0078776
0.0078776
0.007853
0.0078776
0.0078776
0.0078776
0.0078776
0.0078776
0.0078776
0.007853
0.007853
0.007853
0.007853
0.007853
0.007853
0.007853
0.007853
0.007853
0.007853
0.007853
0.007853
0.007853
0.007853
0.007853
0.007853
0.007853
0.007853
0.007853
0.007853
0.0078284
0.0078284
0.0078284
0.0078284
0.0078284
0.0078284
0.0078038
0.0077791
0.0077791
0.0077791
0.0077545
0.0077545
0.0077545
0.0077545
0.0077545
0.0077545
0.0077545
0.0077545
0.0077545
0.0077545
0.0077545
0.0077545
0.0077545
0.0077545
0.0077545
0.0077545
0.0077545
0.0077545
0.0077545
0.0077545
0.0077299
0.0077299
0.0077299
0.0077299
0.0077299
0.0076807
0.0076068
0.0075576
0.0075083
0.0074837
0.0074837
0.0075083
0.0076068
0.0077545
0.0079268
0.0080253
0.0080992
0.0081238
0.0080499
0.0079761
0.0078776
0.0078038
0.0077791
0.0077299
0.0077053
0.0076807
0.0076807
0.007656
0.007656
0.007656
0.0076314
0.0076314
0.0076314
0.0076314
0.0076314
0.0076314
0.0076314
0.0076314
0.0076314
0.0076314
0.0076314
0.0076314
0.0076314
0.0076314
0.0076068
0.0076068
0.0076068
0.0076068
0.0076068
0.0076068
0.0076314
0.0076314
0.0076314
0.0076314
0.0076314
0.0076314
0.007656
0.007656
0.007656
0.0076807
0.0076807
0.0076807
0.0077053
0.0077053
0.0077053
0.0077299
0.0077299
0.0077299
0.0077545
0.0077545
0.0077545
0.0077545
0.0077545
0.0077545
0.0077545
0.0077545
0.0077545
0.0077545
0.0077545
0.0077545
0.0077545
0.0077545
0.0077545
0.0077545
0.0077791
0.0077791
0.0077791
0.0077791
0.0077791
0.0077791
0.0078038
0.0078038
0.0078038
0.0078038
0.0078038
0.0078038
0.0078038
0.0078038
0.0078038
0.0078038
0.0078038
0.0078284
0.0078284
0.0078284
0.0078284
0.0078284
0.0078284
0.0078284
0.0078284
0.0078038
0.0078038
0.0078038
0.0078038
0.0078038
0.0078284
0.0078038
0.0078284
0.0078284
0.0078284
0.0078284
0.0078284
0.0078284
0.0078284
0.0078284
0.0078284
0.0078284
0.007853
0.0078284
0.0078284
0.0078284
0.0078284
0.0078284
0.0078284
0.0078284
0.0078284
0.0078284
0.0078284
0.0078284
0.0078284
0.007853
0.007853
0.007853
0.007853
0.007853
0.007853
0.007853
0.007853
0.007853
0.007853
0.007853
0.007853
0.007853
0.007853
0.007853
0.007853
0.007853
0.0078776
0.0078776
0.0078776
0.0078776
0.0078776
0.0078776
0.0078776
0.0078776
0.0078776
0.0078776
0.0078776
0.0079022
0.0079022
0.0079022
0.0079022
0.0079022
0.0079022
0.0079022
0.0079022
0.0079022
0.0079022
0.0079022
0.0079268
0.0079268
0.0079268
0.0079268
0.0079268
0.0079268
0.0079268
0.0079268
0.0079268
0.0079268
0.0079268
0.0079268
0.0079268
0.0079268
0.0079268
0.0079268
0.0079268
0.0079022
0.0078284
0.0077545
0.0077299
0.0077053
0.0076807
0.0077053
0.0077791
0.0079268
0.0083453
0.0082961
0.0082223
0.0081238
0.0080745
0.0080253
0.0080007
0.0079761
0.0079515
0.0079268
0.0079268
0.0079268
0.0079268
0.0079268
0.0079268
0.0079268
0.0079268
0.0079022
0.0079268
0.0079268
0.0079268
0.0079268
0.0079268
0.0079268
0.0079268
0.0079268
0.0079268
0.0079268
0.0079268
0.0079268
0.0079268
0.0079268
0.0079268
0.0079268
0.0079268
0.0079268
0.0079268
0.0079268
0.0079268
0.0079268
0.0079515
0.0079515
0.0079761
0.0079761
0.0079761
0.0080007
0.0080007
0.0080253
0.0080253
0.0080253
0.0080499
0.0080499
0.0080745
0.0080745
0.0080745
0.0080745
0.0080745
0.0080745
0.0080745
0.0080745
0.0080745
0.0080745
0.0080745
0.0080745
0.0080745
0.0080745
0.0080745
0.0080992
0.0080992
0.0080992
0.0080992
0.0080992
0.0080992
0.0080992
0.0081238
0.0081238
0.0081238
0.0081238
0.0081238
0.0081238
0.0081238
0.0081238
0.0081238
0.0081484
0.0081484
0.0081484
0.0081484
0.0081484
0.0081484
0.0081484
0.0081484
0.0081484
0.0081484
0.008173
0.008173
0.008173
0.008173
0.008173
0.008173
0.0081976
0.0081976
0.0081976
0.0081976
0.0081976
0.0081976
0.0081976
0.0081976
0.0081976
0.0082223
0.0082223
0.0082223
0.0082223
0.0082223
0.0082223
0.0082469
0.0082469
0.0082469
0.0082469
0.0082469
0.0082715
0.0082961
0.0082961
0.0082961
0.0082961
0.0082961
0.0083207
0.0083207
0.0083207
0.0083207
0.0083207
0.0083207
0.0083207
0.0083207
0.0083453
0.0083453
0.0083453
0.0083453
0.0083453
0.0083453
0.0083453
0.00837
0.00837
0.00837
0.00837
0.00837
0.00837
0.00837
0.00837
0.00837
0.00837
0.00837
0.00837
0.00837
0.00837
0.00837
0.0083946
0.00837
0.00837
0.00837
0.00837
0.00837
0.00837
0.00837
0.00837
0.00837
0.00837
0.00837
0.00837
0.00837
0.00837
0.00837
0.00837
0.00837
0.00837
0.00837
0.00837
0.00837
0.00837
0.00837
0.00837
0.00837
0.00837
0.00837
0.0083453
0.0082715
0.0081976
0.008173
0.008173
0.0081484
0.008173
0.0082715
0.0084192
0.0085915
0.0087146
0.0087885
0.0088131
0.0087392
0.0086654
0.0085669
0.008493
0.00837
0.00837
0.0083453
0.0083453
0.0083453
0.0083453
0.0083207
0.0083453
0.0083453
0.0083453
0.0083453
0.00837
0.00837
0.00837
0.00837
0.00837
0.00837
0.0083946
0.0083946
0.0083946
0.0083946
0.0083946
0.0083946
0.0083946
0.0084192
0.0084192
0.0084192
0.0084192
0.0084192
0.0084438
0.0084438
0.0084438
0.0084684
0.0084684
0.0084684
0.0084684
0.008493
0.008493
0.008493
0.0085177
0.0085423
0.0085423
0.0085669
0.0085669
0.0085669
0.0085669
0.0085669
0.0085669
0.0085669
0.0085669
0.0085669
0.0085669
0.0085669
0.0085669
0.0085669
0.0085669
0.0085669
0.0085669
0.0085669
0.0085669
0.0085669
0.0085669
0.0085669
0.0085669
0.0085915
0.0085915
0.0085915
0.0085915
0.0085915
0.0085915
0.0085915
0.0085915
0.0085915
0.0085915
0.0085915
0.0085915
0.0085915
0.0085915
0.0085915
0.0085915
0.0086161
0.0086161
0.0086161
0.0086161
0.0086161
0.0086161
0.0086161
0.0086161
0.0086161
0.0086161
0.0086161
0.0086407
0.0086407
0.0086407
0.0086407
0.0086407
0.0086407
0.0086407
0.0086407
0.0086407
0.0086654
0.0086654
0.0086654
0.0086654
0.0086654
0.0086654
0.0086654
0.0086654
0.00869
0.00869
0.00869
0.00869
0.00869
0.00869
0.00869
0.0087146
0.0087146
0.0087146
0.0087146
0.0087146
0.0087146
0.0087146
0.0087146
0.0087146
0.0087146
0.0087146
0.0087146
0.0087146
0.0087146
0.0087392
0.0087146
0.0087146
0.0087146
0.0087146
0.0087392
0.0087392
0.0087146
0.0087146
0.0087146
0.0087392
0.0087392
0.0087392
0.0087392
0.0087392
0.0087392
0.0087392
0.0087392
0.0087392
0.0087392
0.0087638
0.0087638
0.0087638
0.0087638
0.0087638
0.0087638
0.0087638
0.0087638
0.0087638
0.0087885
0.0087885
0.0087885
0.0088131
0.0088131
0.0088131
0.0088131
0.0088131
0.0088131
0.0088131
0.0088131
0.0088131
0.0088131
0.0088377
0.0088377
0.0088377
0.0088377
0.0087885
0.0087146
0.0086654
0.0086407
0.0086161
0.0086161
0.0086654
0.0087638
0.0089362
0.0090839
0.0091823
0.0092562
0.0092316
0.0091577
0.0090839
0.00901
0.0089608
0.0089115
0.0088869
0.0088623
0.0088623
0.0088377
0.0088377
0.0088377
0.0088377
0.0088377
0.0088131
0.0088377
0.0088131
0.0088131
0.0088131
0.0088131
0.0088131
0.0088131
0.0088131
0.0088131
0.0088131
0.0088131
0.0088131
0.0088131
0.0088131
0.0087885
0.0087885
0.0087885
0.0087885
0.0087885
0.0087885
0.0087885
0.0087885
0.0087885
0.0087885
0.0087885
0.0088131
0.0088131
0.0088131
0.0088131
0.0088131
0.0088377
0.0088377
0.0088377
0.0088377
0.0088377
0.0088623
0.0088623
0.0088623
0.0088623
0.0088623
0.0088623
0.0088623
0.0088623
0.0088623
0.0088623
0.0088623
0.0088623
0.0088623
0.0088623
0.0088623
0.0088623
0.0088623
0.0088869
0.0088869
0.0088623
0.0088623
0.0088869
0.0088623
0.0088623
0.0088869
0.0088869
0.0088869
0.0088869
0.0088869
0.0088623
0.0088623
0.0088869
0.0088869
0.0088869
0.0088623
0.0088623
0.0088623
0.0088623
0.0088623
0.0088623
0.0088623
0.0088623
0.0088623
0.0088623
0.0088623
0.0088623
0.0088623
0.0088623
0.0088623
0.0088623
0.0088623
0.0088623
0.0088623
0.0088623
0.0088623
0.0088623
0.0088623
0.0088623
0.0088623
0.0088623
0.0088623
0.0088623
0.0088623
0.0088623
0.0088623
0.0088623
0.0088623
0.0088623
0.0088869
0.0088869
0.0088869
0.0088869
0.0088869
0.0088869
0.0088869
0.0088869
0.0088869
0.0088869
0.0088869
0.0088869
0.0088869
0.0088869
0.0088869
0.0088623
0.0088623
0.0088623
0.0088623
0.0088623
0.0088623
0.0088623
0.0088623
0.0088869
0.0088869
0.0088869
0.0088869
0.0088869
0.0088869
0.0088869
0.0088869
0.0088869
0.0088869
0.0088869
0.0088869
0.0088869
0.0088869
0.0088869
0.0088869
0.0088869
0.0088869
0.0088869
0.0089115
0.0089115
0.0089115
0.0089115
0.0089115
0.0089115
0.0089115
0.0089115
0.0089115
0.0089115
0.0089115
0.0089115
0.0089115
