2018
3
20
16
54
30.126
0.074419
0.074419
0.074419
0.074419
0.074419
0.074419
0.074419
0.074394
0.074394
0.074394
0.07437
0.07437
0.07437
0.07437
0.074345
0.074345
0.074345
0.074345
0.074345
0.074345
0.074345
0.074345
0.074345
0.074345
0.07432
0.07432
0.074345
0.07432
0.07432
0.07432
0.07432
0.07432
0.07432
0.074296
0.074296
0.074296
0.074296
0.074296
0.074296
0.074271
0.074271
0.074271
0.074271
0.074271
0.074271
0.074246
0.074246
0.074246
0.074246
0.074246
0.074222
0.074222
0.074222
0.074222
0.074222
0.074222
0.074197
0.074197
0.074222
0.074222
0.074197
0.074197
0.074197
0.074197
0.074197
0.074197
0.074173
0.074173
0.074173
0.074173
0.074173
0.074173
0.074173
0.074173
0.074173
0.074173
0.074173
0.074173
0.074173
0.074173
0.074173
0.074173
0.074173
0.074148
0.074148
0.074148
0.074148
0.074148
0.074148
0.074148
0.074148
0.074148
0.074148
0.074123
0.074148
0.074148
0.074148
0.074123
0.074123
0.074123
0.074148
0.074148
0.074123
0.074123
0.074123
0.074123
0.074123
0.074123
0.074123
0.074123
0.074123
0.074148
0.074123
0.074123
0.074123
0.074123
0.074123
0.074099
0.074099
0.074099
0.074099
0.074099
0.074099
0.074099
0.074074
0.074074
0.074099
0.074074
0.074049
0.074
0.073976
0.073976
0.074025
0.074074
0.074099
0.074197
0.074345
0.074468
0.074468
0.074419
0.074468
0.074493
0.074443
0.074345
0.074246
0.074197
0.074173
0.074148
0.074123
0.074099
0.074099
0.074099
0.074099
0.074074
0.074049
0.074049
0.074049
0.074049
0.074049
0.074025
0.074025
0.074025
0.074025
0.074025
0.074025
0.074025
0.074
0.074
0.074
0.074025
0.074
0.074
0.074
0.074
0.074
0.073976
0.073976
0.073976
0.073976
0.073976
0.073976
0.073976
0.073976
0.074
0.074
0.074
0.074
0.074
0.074025
0.074025
0.074025
0.074025
0.074025
0.074025
0.074025
0.074025
0.074025
0.074025
0.074025
0.074025
0.074025
0.074025
0.074
0.074
0.074
0.074
0.074
0.074
0.074
0.074
0.074
0.074
0.074
0.074
0.074025
0.074025
0.074025
0.074
0.074
0.074
0.074
0.074
0.073976
0.073976
0.073976
0.073976
0.073976
0.073976
0.073951
0.073976
0.073976
0.073976
0.073976
0.073976
0.073976
0.073976
0.073976
0.073976
0.073976
0.073976
0.073951
0.073951
0.073951
0.073951
0.073951
0.073951
0.073951
0.073951
0.073951
0.073951
0.073951
0.073951
0.073951
0.073951
0.073951
0.073951
0.073951
0.073951
0.073951
0.073951
0.073951
0.073951
0.073951
0.073951
0.073951
0.073951
0.073951
0.073951
0.073951
0.073951
0.073951
0.073951
0.073951
0.073951
0.073951
0.073951
0.073951
0.073951
0.073951
0.073926
0.073926
0.073926
0.073926
0.073926
0.073926
0.073926
0.073926
0.073926
0.073926
0.073926
0.073926
0.073926
0.073926
0.073926
0.073926
0.073902
0.073902
0.073926
0.073926
0.073926
0.073926
0.073926
0.073951
0.073951
0.073926
0.073926
0.073926
0.073926
0.073926
0.073926
0.073926
0.073926
0.073926
0.073926
0.073926
0.073926
0.073926
0.073926
0.073926
0.073926
0.073902
0.073853
0.073828
0.073853
0.073902
0.073926
0.074
0.074123
0.074246
0.07432
0.074296
0.074271
0.07432
0.07432
0.074222
0.074123
0.074025
0.074
0.073951
0.073951
0.073926
0.073926
0.073902
0.073902
0.073902
0.073902
0.073902
0.073902
0.073902
0.073902
0.073902
0.073902
0.073902
0.073902
0.073902
0.073902
0.073902
0.073902
0.073877
0.073902
0.073902
0.073902
0.073902
0.073902
0.073877
0.073877
0.073877
0.073902
0.073902
0.073877
0.073877
0.073877
0.073877
0.073877
0.073877
0.073877
0.073877
0.073877
0.073877
0.073877
0.073877
0.073877
0.073877
0.073877
0.073877
0.073877
0.073877
0.073902
0.073902
0.073877
0.073877
0.073877
0.073877
0.073877
0.073853
0.073853
0.073853
0.073853
0.073853
0.073828
0.073828
0.073828
0.073803
0.073828
0.073828
0.073803
0.073803
0.073803
0.073803
0.073803
0.073803
0.073803
0.073779
0.073779
0.073803
0.073779
0.073779
0.073779
0.073779
0.073779
0.073779
0.073754
0.073754
0.073754
0.073754
0.073754
0.073754
0.073754
0.073754
0.073754
0.073754
0.073729
0.073729
0.073729
0.073729
0.073729
0.073729
0.073729
0.073729
0.073729
0.073729
0.073729
0.073729
0.073729
0.073729
0.073729
0.073729
0.073729
0.073729
0.073729
0.073729
0.073729
0.073729
0.073729
0.073729
0.073729
0.073729
0.073705
0.073705
0.073705
0.073705
0.073705
0.073705
0.07368
0.07368
0.07368
0.07368
0.073656
0.073656
0.073656
0.073656
0.073656
0.073656
0.073631
0.073656
0.073656
0.073656
0.073631
0.073631
0.073631
0.073631
0.073631
0.073631
0.073631
0.073606
0.073606
0.073606
0.073631
0.073631
0.073631
0.073631
0.073631
0.073631
0.073631
0.073606
0.073606
0.073606
0.073606
0.073606
0.073606
0.073606
0.073606
0.073606
0.073582
0.073582
0.073582
0.073582
0.073582
0.073582
0.073582
0.073557
0.073557
0.073557
0.073508
0.073459
0.073434
0.073483
0.073533
0.073557
0.073606
0.073926
0.073902
0.073951
0.073951
0.073853
0.073754
0.073656
0.073631
0.073606
0.073582
0.073557
0.073557
0.073533
0.073533
0.073533
0.073533
0.073508
0.073508
0.073533
0.073533
0.073508
0.073508
0.073508
0.073508
0.073508
0.073508
0.073508
0.073508
0.073508
0.073508
0.073508
0.073508
0.073508
0.073508
0.073508
0.073508
0.073483
0.073483
0.073483
0.073483
0.073508
0.073508
0.073508
0.073483
0.073483
0.073508
0.073508
0.073508
0.073508
0.073508
0.073508
0.073508
0.073508
0.073508
0.073508
0.073533
0.073533
0.073533
0.073508
0.073508
0.073508
0.073508
0.073508
0.073508
0.073508
0.073508
0.073508
0.073483
0.073483
0.073483
0.073483
0.073483
0.073483
0.073459
0.073459
0.073459
0.073459
0.073459
0.073459
0.073459
0.073434
0.073434
0.073434
0.073434
0.073434
0.073434
0.073434
0.073434
0.073434
0.073434
0.073409
0.073409
0.073409
0.073409
0.073409
0.073409
0.073409
0.073409
0.073409
0.073409
0.073409
0.073409
0.073409
0.073409
0.073385
0.073385
0.073385
0.073385
0.073385
0.073385
0.073385
0.073385
0.073385
0.073385
0.073385
0.073385
0.073409
0.073434
0.073459
0.073483
0.073533
0.073557
0.073557
0.073557
0.073557
0.073582
0.073582
0.073582
0.073582
0.073606
0.073606
0.073606
0.073631
0.073631
0.073631
0.073656
0.073656
0.073656
0.073656
0.073656
0.07368
0.07368
0.07368
0.07368
0.07368
0.073705
0.073705
0.073705
0.073705
0.073729
0.073729
0.073729
0.073729
0.073729
0.073754
0.073754
0.073754
0.073754
0.073754
0.073779
0.073803
0.073803
0.073828
0.073803
0.073803
0.073803
0.073803
0.073803
0.073828
0.073828
0.073828
0.073828
0.073828
0.073828
0.073828
0.073828
0.073853
0.073828
0.073828
0.073828
0.073853
0.073853
0.073828
0.073779
0.073729
0.073729
0.073779
0.073828
0.073853
0.073951
0.074099
0.074222
0.074246
0.074197
0.074222
0.074271
0.074246
0.074123
0.074025
0.073976
0.073902
0.073877
0.073877
0.073877
0.073877
0.073877
0.073877
0.073877
0.073877
0.073877
0.073853
0.073853
0.073853
0.073853
0.073853
0.073828
0.073828
0.073828
0.073828
0.073828
0.073803
0.073803
0.073803
0.073803
0.073779
0.073779
0.073754
0.073754
0.073754
0.073754
0.073754
0.073729
0.073729
0.073729
0.073729
0.073729
0.073729
0.073729
0.073729
0.073729
0.073754
0.073754
0.073779
0.073803
0.073803
0.073828
0.073828
0.073828
0.073853
0.073853
0.073853
0.073853
0.073853
0.073853
0.073877
0.073877
0.073877
0.073853
0.073877
0.073877
0.073877
0.073877
0.073877
0.073877
0.073877
0.073877
0.073877
0.073877
0.073877
0.073877
0.073877
0.073877
0.073877
0.073902
0.073902
0.073902
0.073877
0.073877
0.073877
0.073902
0.073902
0.073902
0.073902
0.073902
0.073902
0.073902
0.073902
0.073926
0.073902
0.073902
0.073926
0.073926
0.073926
0.073902
0.073902
0.073926
0.073926
0.073926
0.073926
0.073926
0.073926
0.073926
0.073926
0.073926
0.073926
0.073926
0.073951
0.073926
0.073926
0.073926
0.073926
0.073926
0.073926
0.073926
0.073926
0.073926
0.073926
0.073926
0.073926
0.073926
0.073926
0.073926
0.073926
0.073926
0.073926
0.073926
0.073926
0.073926
0.073926
0.073926
0.073926
0.073926
0.073926
0.073926
0.073926
0.073926
0.073926
0.073926
0.073926
0.073926
0.073926
0.073926
0.073926
0.073926
0.073926
0.073902
0.073902
0.073902
0.073926
0.073902
0.073902
0.073902
0.073902
0.073926
0.073926
0.073926
0.073926
0.073926
0.073926
0.073926
0.073902
0.073902
0.073902
0.073902
0.073902
0.073902
0.073902
0.073902
0.073902
0.073902
0.073902
0.073902
0.073902
0.073877
0.073853
0.073803
0.073779
0.073779
0.073828
0.073853
0.073926
0.074049
0.074173
0.074246
0.074222
0.074197
0.074246
0.074246
0.074148
0.074049
0.073976
0.073951
0.073926
0.073902
0.073877
0.073877
0.073853
0.073853
0.073853
0.073853
0.073853
0.073853
0.073877
0.073853
0.073853
0.073853
0.073877
0.073877
0.073877
0.073877
0.073877
0.073877
0.073877
0.073877
0.073877
0.073877
0.073877
0.073877
0.073877
0.073877
0.073877
0.073877
0.073877
0.073877
0.073877
0.073877
0.073902
0.073902
0.073902
0.073902
0.073902
0.073926
0.073926
0.073926
0.073926
0.073926
0.073951
0.073951
0.073951
0.073951
0.073951
0.073926
0.073951
0.073951
0.073951
0.073951
0.073926
0.073926
0.073926
0.073926
0.073926
0.073926
0.073926
0.073926
0.073951
0.073926
0.073926
0.073926
0.073951
0.073951
0.073951
0.073926
0.073951
0.073951
0.073951
0.073951
0.073951
0.073951
0.073951
0.073951
0.073951
0.073951
0.073926
0.073951
0.073951
0.073951
0.073951
0.073951
0.073951
0.073951
0.073951
0.073951
0.073951
0.073926
0.073951
0.073926
0.073926
0.073926
0.073951
0.073951
0.073951
0.073951
0.073951
0.073951
0.073951
0.073951
0.073951
0.073951
0.073951
0.073951
0.073976
0.073976
0.073976
0.073951
0.073951
0.073976
0.073976
0.073951
0.073951
0.073951
0.073976
0.073976
0.073976
0.073951
0.073951
0.073976
0.073976
0.073976
0.073951
0.073951
0.073951
0.073951
0.073951
0.073951
0.073951
0.073951
0.073951
0.073951
0.073951
0.073951
0.073951
0.073951
0.073951
0.073976
0.073976
0.073951
0.073951
0.073976
0.073976
0.073976
0.073976
0.073976
0.073976
0.073976
0.073976
0.073976
0.073976
0.073976
0.073976
0.073976
0.073976
0.073976
0.073976
0.073976
0.073976
0.073976
0.073976
0.073976
0.073976
0.073976
0.073976
0.073976
0.073976
0.073951
0.073926
0.073902
0.073877
0.073902
0.073951
0.073976
0.074025
0.074173
0.074296
0.07437
0.074345
0.074345
0.07437
0.07437
0.074296
0.074197
0.074123
0.074074
0.074074
0.074049
0.074025
0.074025
0.074
0.074
0.074
0.074
0.074
0.074
0.073976
0.074
0.074
0.074
0.074
0.074
0.074
0.074
0.074025
0.074025
0.074025
0.074025
0.074025
0.074025
0.074025
0.074025
0.074025
0.074025
0.074025
0.074025
0.074025
0.074025
0.074025
0.074025
0.074025
0.074049
0.074025
0.074025
0.074049
0.074049
0.074049
0.074049
0.074049
0.074049
0.074049
0.074074
0.074074
0.074074
0.074049
0.074074
0.074074
0.074074
0.074074
0.074074
0.074074
0.074074
0.074074
0.074074
0.074049
0.074049
0.074049
0.074049
0.074074
0.074049
0.074049
0.074049
0.074049
0.074049
0.074049
0.074049
0.074049
0.074049
0.074049
0.074049
0.074049
0.074049
0.074049
0.074049
0.074049
0.074049
0.074049
0.074074
0.074074
0.074074
0.074074
0.074074
0.074074
0.074074
0.074074
0.074074
0.074074
0.074074
0.074099
0.074099
0.074099
0.074099
0.074099
0.074099
0.074099
0.074099
0.074123
0.074099
0.074099
0.074123
0.074123
0.074123
0.074123
0.074123
0.074123
0.074123
0.074123
0.074123
0.074123
0.074123
0.074123
0.074123
0.074123
0.074123
0.074123
0.074123
0.074123
0.074123
0.074123
0.074148
0.074148
0.074148
0.074148
0.074123
0.074148
0.074148
0.074148
0.074148
0.074123
0.074123
0.074148
0.074148
0.074148
0.074123
0.074123
0.074148
0.074148
0.074148
0.074123
0.074123
0.074123
0.074148
0.074148
0.074148
0.074148
0.074148
0.074148
0.074173
0.074173
0.074173
0.074148
0.074173
0.074148
0.074148
0.074148
0.074148
0.074173
0.074173
0.074173
0.074173
0.074173
0.074173
0.074173
0.074173
0.074173
0.074173
0.074173
0.074173
0.074148
0.074148
0.074099
0.074074
0.074074
0.074123
0.074468
0.074542
0.074542
0.074517
0.074566
0.074591
0.074517
0.074419
0.07432
0.074296
0.074271
0.074246
0.074222
0.074197
0.074197
0.074197
0.074197
0.074197
0.074197
0.074197
0.074197
0.074197
0.074197
0.074197
0.074197
0.074197
0.074197
0.074197
0.074197
0.074197
0.074222
0.074197
0.074197
0.074222
0.074222
0.074222
0.074222
0.074222
0.074222
0.074246
0.074222
0.074246
0.074246
0.074222
0.074222
0.074222
0.074246
0.074246
0.074246
0.074246
0.074246
0.074246
0.074271
0.074271
0.074271
0.074271
0.074271
0.074271
0.074271
0.074271
0.074271
0.074271
0.074271
0.074271
0.074271
0.074271
0.074271
0.074271
0.074246
0.074246
0.074246
0.074246
0.074246
0.074246
0.074222
0.074222
0.074222
0.074222
0.074222
0.074222
0.074222
0.074222
0.074222
0.074222
0.074222
0.074222
0.074222
0.074222
0.074222
0.074222
0.074222
0.074222
0.074222
0.074222
0.074222
0.074197
0.074222
0.074222
0.074222
0.074222
0.074222
0.074222
0.074222
0.074222
0.074222
0.074222
0.074222
0.074222
0.074222
0.074222
0.074222
0.074222
0.074222
0.074222
0.074222
0.074197
0.074197
0.074222
0.074222
0.074222
0.074222
0.074222
0.074222
0.074222
0.074222
0.074222
0.074222
0.074222
0.074222
0.074222
0.074222
0.074222
0.074222
0.074222
0.074222
0.074222
0.074222
0.074222
0.074222
0.074246
0.074246
0.074246
0.074222
0.074246
0.074246
0.074246
0.074246
0.074222
0.074222
0.074246
0.074246
0.074222
0.074222
0.074222
0.074246
0.074246
0.074222
0.074222
0.074222
0.074222
0.074246
0.074246
0.074246
0.074246
0.074246
0.074246
0.074246
0.074246
0.074246
0.074246
0.074271
0.074271
0.074271
0.074246
0.074271
0.074271
0.074271
0.074271
0.074246
0.074271
0.074271
0.074271
0.074246
0.074197
0.074173
0.074148
0.074197
0.074246
0.074271
0.074345
0.074493
0.07464
0.074665
0.074616
0.07464
0.07469
0.07464
0.074542
0.074443
0.074394
0.074296
0.074296
0.074296
0.074271
0.074271
0.074271
0.074271
0.074271
0.074271
0.074271
0.074271
0.074271
0.074271
0.074271
0.074271
0.074271
0.074296
0.074296
0.074296
0.074296
0.074296
0.074296
0.07432
0.07432
0.074296
0.074296
0.07432
0.07432
0.074296
0.074296
0.074296
0.074296
0.07432
0.074296
0.074296
0.074296
0.07432
0.07432
0.07432
0.07432
0.074345
0.074345
0.074345
0.074345
0.074345
0.074345
0.074345
0.074345
0.074345
0.074345
0.074345
0.074345
0.074345
0.074345
0.074345
0.074345
0.074345
0.074345
0.074345
0.07432
0.07432
0.07432
0.07432
0.07432
0.07432
0.07432
0.07432
0.07432
0.07432
0.07432
0.07432
0.07432
0.07432
0.07432
0.07432
0.07432
0.07432
0.07432
0.07432
0.074345
0.074345
0.074345
0.074345
0.074345
0.074345
0.074345
0.07437
0.07437
0.074345
0.074345
0.07437
0.07437
0.07437
0.074345
0.074345
0.07437
0.07437
0.07437
0.074345
0.07437
0.07437
0.07437
0.07437
0.07437
0.07437
0.07437
0.07437
0.07437
0.07437
0.07437
0.07437
0.074394
0.07437
0.07437
0.07437
0.074394
0.074394
0.074394
0.074394
0.074394
0.074394
0.074394
0.074394
0.074394
0.074394
0.074394
0.074394
0.074394
0.074394
0.074394
0.074394
0.074394
0.074394
0.074394
0.074394
0.074394
0.074394
0.074394
0.074394
0.074394
0.074394
0.074394
0.074394
0.074394
0.074394
0.074394
0.074394
0.074394
0.074394
0.074394
0.074394
0.074394
0.074394
0.074394
0.074394
0.074394
0.074394
0.074419
0.074419
0.074419
0.074394
0.074394
0.074394
0.074394
0.074419
0.074394
0.074394
0.074394
0.074394
0.074394
0.074419
0.074419
0.074394
0.074394
0.074394
0.074394
0.07437
0.07432
0.074296
0.07432
0.07437
0.074394
0.074443
0.074566
0.074714
0.074813
0.074788
0.074763
0.074788
0.074813
0.074739
0.07464
0.074542
0.074493
0.074493
0.074468
0.074443
0.074419
0.074419
0.074419
0.074419
0.074419
0.074419
0.074419
0.074419
0.074419
0.074419
0.074419
0.074443
0.074419
0.074419
0.074443
0.074443
0.074443
0.074443
0.074419
0.074419
0.074443
0.074443
0.074419
0.074419
0.074419
0.074419
0.074443
0.074419
0.074419
0.074443
0.074443
0.074443
0.074443
0.074443
0.074443
0.074443
0.074468
0.074468
0.074468
0.074468
0.074493
0.074493
0.074493
0.074493
0.074493
0.074517
0.074517
0.074517
0.074517
0.074493
0.074493
0.074493
0.074493
0.074493
0.074493
0.074493
0.074493
0.074493
0.074493
0.074468
0.074468
0.074493
0.074493
0.074468
0.074468
0.074468
0.074493
0.074493
0.074468
0.074468
0.074468
0.074493
0.074493
0.074468
0.074468
0.074493
0.074493
0.074493
0.074493
0.074493
0.074493
0.074493
0.074493
0.074493
0.074493
0.074493
0.074493
0.074493
0.074468
0.074468
0.074468
0.074468
0.074468
0.074468
0.074468
0.074468
0.074468
0.074468
0.074468
0.074443
0.074443
0.074443
0.074443
0.074443
0.074443
0.074443
0.074443
0.074468
0.074443
0.074443
0.074443
0.074443
0.074443
0.074443
0.074443
0.074419
0.074419
0.074419
0.074419
0.074419
0.074419
0.074419
0.074419
0.074394
0.074394
0.074394
0.074394
0.074394
0.074394
0.074394
0.074394
0.074394
0.07437
0.07437
0.07437
0.07437
0.07437
0.07437
0.07437
0.07437
0.07437
0.074345
0.074345
0.074345
0.07437
0.07437
0.074345
0.074345
0.074345
0.074345
0.074345
0.074345
0.074345
0.074345
0.074345
0.07437
0.07437
0.074345
0.074345
0.074345
0.074345
0.074345
0.074345
0.07432
0.07432
0.07432
0.07432
0.07432
0.074296
0.074296
0.074296
0.074296
0.074296
0.074296
0.074271
0.074222
0.074173
0.074197
0.074246
0.074271
0.07432
0.074443
0.074591
0.074665
0.07464
0.074616
0.074665
0.074665
0.074591
0.074493
0.074394
0.074345
0.074345
0.074296
0.074271
0.074271
0.074271
0.074246
0.074246
0.074246
0.074246
0.074246
0.074246
0.074246
0.074222
0.074222
0.074222
0.074222
0.074222
0.074246
0.074222
0.074222
0.074222
0.074222
0.074246
0.074222
0.074222
0.074222
0.074222
0.074222
0.074222
0.074222
0.074222
0.074222
0.074222
0.074222
0.074222
0.074222
0.074222
0.074246
0.074222
0.074222
0.074246
0.074246
0.074271
0.074271
0.074271
0.074271
0.074296
0.074296
0.07432
0.07432
0.07432
0.074345
0.074345
0.074345
0.074345
0.074345
0.074345
0.074345
0.074345
0.074345
0.074345
0.074345
0.074345
0.074345
0.074345
0.074345
0.074345
0.074345
0.074345
0.074345
0.074345
0.074345
0.074345
0.074345
0.074345
0.074345
0.074345
0.074345
0.074345
0.074345
0.074345
0.074345
0.074345
0.074345
0.07437
0.07437
0.07437
0.074345
0.07437
0.07437
0.07437
0.07437
0.07437
0.07437
0.074394
0.074394
0.074394
0.074394
0.074394
0.074394
0.074394
0.074394
0.074394
0.074394
0.074394
0.074394
0.074394
0.074394
0.074394
0.074394
0.074394
0.074394
0.074394
0.074394
0.074394
0.074394
0.074394
0.074394
0.07437
0.07437
0.07437
0.07437
0.07437
0.07437
0.07437
0.07437
0.07437
0.07437
0.07437
0.07437
0.07437
0.074345
0.074345
0.074345
0.074345
0.07432
0.07432
0.07432
0.07432
0.07432
0.07432
0.07432
0.07432
0.07432
0.074296
0.074296
0.074296
0.074296
0.074296
0.074296
0.074296
0.074296
0.074271
0.074271
0.074271
0.074271
0.074271
0.074271
0.074271
0.074271
0.074271
0.074271
0.074271
0.074271
0.074271
0.074246
0.074246
0.074246
0.074246
0.074246
0.074246
0.074222
0.074222
0.074222
0.074222
0.074222
0.074222
0.074222
0.074222
0.074222
0.074197
0.074148
0.074123
0.074123
0.074173
0.074222
0.074246
0.07437
0.074517
0.074591
0.074591
0.074566
0.074591
0.074591
0.074542
0.074443
0.074345
0.074296
0.074271
0.074271
0.074246
0.074222
0.074222
0.074197
0.074197
0.074197
0.074197
0.074197
0.074197
0.074197
0.074197
0.074197
0.074197
0.074197
0.074197
0.074197
0.074197
0.074197
0.074197
0.074197
0.074197
0.074197
0.074197
0.074197
0.074197
0.074197
0.074197
0.074197
0.074197
0.074197
0.074197
0.074197
0.074197
0.074197
0.074197
0.074197
0.074197
0.074222
0.074222
0.074222
0.074222
0.074222
0.074222
0.074222
0.074222
0.074222
0.074222
0.074222
0.074222
0.074222
0.074222
0.074197
0.074197
0.074197
0.074197
0.074197
0.074173
0.074173
0.074173
0.074173
0.074173
0.074173
0.074173
0.074173
0.074173
0.074148
0.074148
0.074148
0.074148
0.074148
0.074148
0.074148
0.074148
0.074148
0.074148
0.074148
0.074148
0.074148
0.074148
0.074148
0.074148
0.074148
0.074148
0.074148
0.074148
0.074148
0.074123
0.074148
0.074148
0.074123
0.074123
0.074148
0.074123
0.074123
0.074123
0.074123
0.074123
0.074123
0.074099
0.074099
0.074123
0.074123
0.074099
0.074099
0.074099
0.074123
0.074123
0.074099
0.074099
0.074099
0.074123
0.074099
0.074099
0.074099
0.074099
0.074099
0.074099
0.074099
0.074099
0.074099
0.074099
0.074099
0.074099
0.074099
0.074099
0.074099
0.074099
0.074074
0.074074
0.074074
0.074099
0.074074
0.074074
0.074074
0.074074
0.074074
0.074049
0.074074
0.074074
0.074049
0.074049
0.074074
0.074074
0.074049
0.074049
0.074049
0.074049
0.074049
0.074025
0.074025
0.074025
0.074025
0.074025
0.074025
0.074025
0.074025
0.074025
0.074025
0.074025
0.074
0.074
0.074
0.074
0.074
0.073976
0.073976
0.073976
0.074
0.074
0.073976
0.073976
0.073976
0.074
0.074
0.073976
0.073926
0.073877
0.073877
0.073926
0.073976
0.073976
0.074074
0.074222
0.074345
0.07437
0.07432
0.07432
0.07437
0.074345
0.074246
0.074123
0.074074
0.074049
0.074025
0.074
0.073976
0.073976
0.073951
0.073976
0.073951
0.073951
0.073951
0.073951
0.073951
0.073951
0.073926
0.073926
0.073926
0.073951
0.073951
0.073926
0.073951
0.073926
0.073926
0.073926
0.073926
0.073926
0.073926
0.073926
0.073926
0.073926
0.073926
0.073926
0.073926
0.073926
0.073926
0.073926
0.073926
0.073926
0.073926
0.073926
0.073926
0.073926
0.073926
0.073951
0.073951
0.073951
0.073951
0.073951
0.073951
0.073951
0.073951
0.073951
0.073951
0.073951
0.073976
0.073976
0.073951
0.073951
0.073951
0.073951
0.073926
0.073951
0.073926
0.073926
0.073926
0.073926
0.073926
0.073926
0.073902
0.073902
0.073902
0.073902
0.073926
0.073902
0.073902
0.073902
0.073902
0.073902
0.073902
0.073902
0.073877
0.073902
0.073902
0.073902
0.073877
0.073877
0.073877
0.073902
0.073902
0.073902
0.073902
0.073902
0.073902
0.073902
0.073902
0.073902
0.073926
0.073926
0.073926
0.073926
0.073951
0.073951
0.073976
0.074
0.074025
0.074025
0.074049
0.074049
0.074074
0.074074
0.074074
0.074074
0.074099
0.074099
0.074099
0.074099
0.074099
0.074099
0.074123
0.074123
0.074123
0.074123
0.074148
0.074148
0.074148
0.074148
0.074148
0.074148
0.074148
0.074173
0.074173
0.074173
0.074173
0.074173
0.074173
0.074173
0.074173
0.074173
0.074197
0.074197
0.074197
0.074197
0.074197
0.074197
0.074197
0.074197
0.074197
0.074197
0.074197
0.074222
0.074222
0.074222
0.074197
0.074222
0.074222
0.074222
0.074222
0.074222
0.074246
0.074246
0.074271
0.074271
0.074271
0.074271
0.074271
0.074271
0.074271
0.074271
0.074271
0.074271
0.074296
0.074296
0.074296
0.074296
0.074296
0.074296
0.074296
0.074296
0.074296
0.074296
0.074246
0.074197
0.074222
0.074271
0.074296
0.074345
0.074468
0.074616
0.074714
0.07469
0.074665
0.07469
0.074714
0.074665
0.074566
0.074468
0.074443
0.074419
0.074394
0.07437
0.074345
0.074345
0.074345
0.074345
0.074345
0.07432
0.07432
0.07432
0.07432
0.074296
0.074296
0.074296
0.074296
0.074296
0.074271
0.074271
0.074271
0.074271
0.074271
0.074271
0.074271
0.074246
0.074246
0.074246
0.074246
0.074246
0.074246
0.074246
0.074246
0.074246
0.074246
0.074222
0.074222
0.074246
0.074246
0.074246
0.074222
0.074246
0.074246
0.074246
0.074246
0.074246
0.074246
0.074246
0.074246
0.074246
0.074246
0.074246
0.074246
0.074246
0.074246
0.074222
0.074222
0.074222
0.074222
0.074222
0.074197
0.074197
0.074197
0.074197
