2018
7
19
10
7
10.478
-0.025627
-0.025627
-0.025651
-0.025651
-0.025651
-0.025627
-0.025627
-0.025627
-0.025627
-0.025651
-0.025651
-0.025676
-0.025676
-0.025676
-0.025676
-0.025676
-0.025676
-0.025676
-0.025676
-0.025676
-0.025676
-0.025676
-0.025676
-0.025676
-0.025676
-0.025676
-0.025676
-0.025701
-0.025701
-0.025701
-0.025676
-0.025676
-0.025676
-0.025701
-0.025701
-0.025676
-0.025676
-0.025676
-0.025676
-0.025676
-0.025701
-0.025701
-0.025701
-0.025701
-0.025725
-0.025725
-0.025725
-0.025725
-0.025701
-0.025701
-0.025701
-0.025651
-0.025627
-0.025602
-0.025602
-0.025578
-0.025553
-0.025553
-0.025553
-0.025553
-0.025553
-0.025578
-0.025578
-0.025553
-0.025553
-0.025553
-0.025553
-0.025553
-0.025553
-0.025553
-0.025553
-0.025553
-0.025553
-0.025553
-0.025553
-0.025528
-0.025528
-0.025528
-0.025528
-0.025528
-0.025528
-0.025528
-0.025528
-0.025528
-0.025528
-0.025504
-0.025504
-0.025504
-0.025504
-0.025504
-0.025504
-0.025504
-0.025504
-0.025528
-0.025528
-0.025528
-0.025528
-0.025528
-0.025528
-0.025528
-0.025528
-0.025504
-0.025528
-0.025528
-0.025528
-0.025528
-0.025504
-0.025504
-0.025504
-0.025528
-0.025528
-0.025528
-0.025504
-0.025504
-0.025479
-0.025479
-0.025479
-0.025479
-0.025504
-0.025528
-0.025578
-0.025602
-0.025602
-0.025627
-0.025651
-0.025651
-0.025651
-0.025651
-0.025701
-0.025775
-0.025873
-0.025996
-0.026144
-0.026316
-0.02639
-0.026341
-0.02607
-0.025848
-0.025775
-0.02575
-0.025775
-0.025775
-0.025775
-0.025775
-0.025775
-0.025775
-0.025775
-0.025775
-0.025775
-0.025775
-0.025775
-0.025799
-0.025799
-0.025775
-0.025799
-0.025799
-0.025799
-0.025824
-0.025824
-0.025824
-0.025824
-0.025824
-0.025824
-0.025824
-0.025824
-0.025824
-0.025824
-0.025799
-0.025824
-0.025824
-0.025848
-0.025873
-0.025873
-0.025848
-0.025824
-0.025824
-0.025824
-0.025848
-0.025848
-0.025848
-0.025873
-0.025873
-0.025873
-0.025873
-0.025873
-0.025873
-0.025898
-0.025898
-0.025898
-0.025898
-0.025898
-0.025898
-0.025898
-0.025898
-0.025898
-0.025898
-0.025898
-0.025873
-0.025873
-0.025898
-0.025922
-0.025922
-0.025922
-0.025922
-0.025947
-0.025947
-0.025922
-0.025922
-0.025922
-0.025922
-0.025922
-0.025922
-0.025922
-0.025922
-0.025922
-0.025922
-0.025898
-0.025898
-0.025898
-0.025922
-0.025922
-0.025922
-0.025922
-0.025922
-0.025922
-0.025922
-0.025922
-0.025922
-0.025922
-0.025947
-0.025947
-0.025947
-0.025947
-0.025947
-0.025947
-0.025922
-0.025947
-0.025947
-0.025947
-0.025947
-0.025971
-0.025971
-0.025971
-0.025971
-0.025971
-0.025971
-0.025971
-0.025971
-0.025971
-0.025971
-0.025971
-0.025996
-0.025996
-0.025996
-0.026021
-0.026021
-0.026045
-0.026021
-0.026021
-0.026021
-0.026021
-0.026021
-0.026021
-0.026021
-0.026021
-0.026021
-0.026021
-0.026021
-0.026021
-0.026021
-0.026021
-0.026021
-0.026021
-0.026021
-0.026021
-0.026021
-0.026021
-0.026021
-0.026021
-0.026021
-0.026021
-0.026021
-0.026021
-0.025996
-0.025996
-0.025996
-0.025996
-0.025996
-0.025996
-0.025996
-0.026021
-0.026021
-0.026021
-0.026021
-0.026021
-0.026021
-0.026021
-0.026021
-0.026021
-0.026045
-0.026045
-0.026045
-0.026021
-0.026045
-0.026045
-0.026045
-0.026045
-0.02607
-0.026045
-0.026045
-0.026045
-0.026045
-0.02607
-0.02607
-0.02607
-0.02607
-0.026045
-0.026045
-0.026045
-0.026045
-0.026045
-0.026045
-0.026045
-0.026045
-0.026045
-0.026045
-0.026045
-0.026045
-0.026045
-0.026045
-0.026045
-0.026045
-0.026045
-0.026095
-0.026193
-0.026292
-0.026415
-0.026562
-0.02671
-0.026759
-0.026661
-0.02639
-0.026218
-0.026144
-0.026144
-0.026144
-0.026144
-0.026144
-0.026144
-0.026119
-0.026119
-0.026095
-0.026095
-0.026119
-0.026119
-0.026119
-0.026144
-0.026119
-0.026119
-0.026095
-0.026045
-0.026045
-0.026045
-0.026021
-0.026021
-0.026021
-0.025996
-0.025996
-0.025971
-0.025971
-0.025971
-0.025947
-0.025947
-0.025947
-0.025947
-0.025947
-0.025922
-0.025922
-0.025922
-0.025922
-0.025898
-0.025873
-0.025873
-0.025848
-0.025824
-0.025824
-0.025799
-0.025799
-0.025775
-0.02575
-0.02575
-0.02575
-0.02575
-0.025725
-0.025725
-0.025701
-0.025701
-0.025701
-0.025701
-0.025701
-0.025651
-0.025651
-0.025651
-0.025651
-0.025627
-0.025651
-0.025627
-0.025627
-0.025627
-0.025602
-0.025602
-0.025602
-0.025602
-0.025602
-0.025578
-0.025578
-0.025578
-0.025578
-0.025578
-0.025578
-0.025553
-0.025578
-0.025553
-0.025553
-0.025553
-0.025528
-0.025528
-0.025528
-0.025504
-0.025479
-0.025479
-0.025479
-0.025479
-0.025455
-0.025455
-0.02543
-0.02543
-0.02543
-0.025405
-0.025405
-0.025356
-0.025331
-0.025331
-0.025307
-0.025307
-0.025282
-0.025282
-0.025258
-0.025258
-0.025233
-0.025233
-0.025233
-0.025233
-0.025233
-0.025208
-0.025208
-0.025208
-0.025184
-0.025184
-0.025184
-0.025184
-0.025184
-0.025159
-0.025159
-0.025134
-0.025134
-0.025134
-0.025134
-0.025134
-0.025134
-0.025134
-0.02511
-0.02511
-0.025085
-0.025085
-0.025085
-0.025061
-0.025061
-0.025061
-0.025061
-0.025011
-0.025011
-0.025011
-0.025036
-0.025036
-0.025036
-0.025036
-0.025036
-0.025036
-0.025036
-0.025036
-0.025011
-0.025011
-0.025011
-0.025011
-0.024987
-0.024987
-0.024987
-0.024987
-0.024962
-0.024962
-0.024962
-0.024962
-0.024962
-0.024938
-0.024962
-0.024938
-0.024938
-0.024913
-0.024888
-0.024888
-0.024913
-0.024913
-0.024913
-0.024913
-0.024913
-0.024913
-0.024888
-0.024888
-0.024888
-0.024888
-0.024888
-0.024864
-0.024864
-0.024864
-0.024864
-0.024839
-0.024814
-0.024814
-0.024814
-0.02479
-0.02479
-0.02479
-0.02479
-0.024765
-0.024765
-0.024765
-0.024814
-0.024913
-0.025011
-0.025134
-0.025282
-0.025405
-0.02543
-0.025233
-0.024962
-0.024814
-0.024765
-0.024741
-0.024741
-0.024741
-0.024741
-0.024716
-0.024716
-0.024716
-0.024716
-0.024716
-0.024691
-0.024691
-0.024667
-0.024691
-0.024691
-0.024667
-0.024667
-0.024667
-0.024667
-0.024642
-0.024642
-0.024642
-0.024667
-0.024667
-0.024667
-0.024667
-0.024642
-0.024642
-0.024642
-0.024642
-0.024642
-0.024642
-0.024642
-0.024642
-0.024642
-0.024642
-0.024618
-0.024618
-0.024593
-0.024618
-0.024618
-0.024593
-0.024593
-0.024593
-0.024593
-0.024593
-0.024593
-0.024593
-0.024593
-0.024593
-0.024593
-0.024593
-0.024593
-0.024593
-0.024593
-0.024593
-0.024593
-0.024593
-0.024593
-0.024593
-0.024593
-0.024593
-0.024593
-0.024593
-0.024593
-0.024593
-0.024568
-0.024568
-0.024568
-0.024568
-0.024568
-0.024568
-0.024568
-0.024568
-0.024544
-0.024544
-0.024544
-0.024544
-0.024544
-0.024544
-0.024544
-0.024544
-0.024544
-0.024544
-0.024519
-0.024519
-0.024519
-0.024544
-0.024544
-0.024544
-0.024544
-0.024544
-0.024544
-0.024544
-0.024544
-0.024544
-0.024544
-0.024544
-0.024544
-0.024568
-0.024593
-0.024593
-0.024568
-0.024544
-0.024519
-0.024519
-0.024519
-0.024519
-0.024494
-0.024494
-0.024494
-0.024494
-0.024494
-0.02447
-0.02447
-0.024445
-0.024445
-0.024445
-0.024445
-0.024445
-0.024445
-0.024445
-0.024445
-0.024445
-0.024445
-0.024421
-0.024421
-0.024396
-0.024396
-0.024396
-0.024396
-0.024396
-0.024396
-0.024347
-0.024347
-0.024347
-0.024322
-0.024322
-0.024322
-0.024322
-0.024297
-0.024297
-0.024297
-0.024297
-0.024273
-0.024273
-0.024273
-0.024273
-0.024273
-0.024273
-0.024273
-0.024273
-0.024248
-0.024248
-0.024248
-0.024224
-0.024248
-0.024248
-0.024224
-0.024224
-0.024224
-0.024224
-0.024224
-0.024199
-0.024199
-0.024199
-0.024174
-0.024174
-0.024174
-0.024174
-0.024174
-0.024174
-0.024174
-0.024174
-0.02415
-0.02415
-0.024125
-0.024125
-0.024125
-0.024125
-0.024101
-0.024101
-0.024101
-0.024076
-0.024076
-0.024076
-0.024076
-0.024051
-0.024051
-0.024051
-0.024027
-0.024002
-0.024002
-0.024027
-0.024076
-0.024174
-0.024273
-0.024421
-0.024568
-0.024642
-0.024593
-0.024347
-0.024101
-0.024027
-0.023977
-0.023977
-0.023977
-0.023953
-0.023928
-0.023928
-0.023928
-0.023904
-0.023904
-0.023879
-0.023879
-0.023879
-0.023854
-0.023854
-0.023854
-0.023854
-0.023854
-0.02383
-0.02383
-0.023805
-0.023805
-0.023805
-0.023781
-0.023781
-0.023781
-0.023781
-0.023756
-0.023756
-0.023756
-0.023756
-0.023756
-0.023756
-0.023756
-0.023756
-0.023731
-0.023731
-0.023731
-0.023707
-0.023707
-0.023682
-0.023682
-0.023682
-0.023682
-0.023682
-0.023682
-0.023657
-0.023657
-0.023657
-0.023633
-0.023633
-0.023633
-0.023633
-0.023633
-0.023633
-0.023633
-0.023633
-0.023608
-0.023608
-0.023608
-0.023608
-0.023608
-0.023608
-0.023608
-0.023633
-0.023633
-0.023608
-0.023608
-0.023584
-0.023584
-0.023584
-0.023584
-0.023584
-0.023584
-0.023584
-0.023584
-0.023559
-0.023559
-0.023559
-0.023559
-0.023559
-0.023534
-0.023534
-0.02351
-0.02351
-0.02351
-0.02351
-0.02351
-0.02351
-0.02351
-0.023485
-0.023485
-0.023485
-0.023485
-0.023485
-0.023485
-0.02346
-0.02346
-0.02346
-0.02346
-0.02346
-0.023436
-0.023436
-0.023436
-0.023411
-0.023411
-0.023411
-0.023411
-0.023387
-0.023387
-0.023387
-0.023387
-0.023387
-0.023387
-0.023387
-0.023387
-0.023387
-0.023387
-0.023362
-0.023362
-0.023362
-0.023362
-0.023362
-0.023362
-0.023362
-0.023362
-0.023337
-0.023337
-0.023337
-0.023337
-0.023313
-0.023313
-0.023313
-0.023313
-0.023313
-0.023313
-0.023313
-0.023313
-0.023313
-0.023337
-0.023337
-0.023337
-0.023313
-0.023313
-0.023313
-0.023313
-0.023337
-0.023337
-0.023337
-0.023313
-0.023313
-0.023288
-0.023288
-0.023288
-0.023288
-0.023288
-0.023288
-0.023288
-0.023288
-0.023288
-0.023288
-0.023288
-0.023288
-0.023264
-0.023264
-0.023288
-0.023264
-0.023264
-0.023264
-0.023239
-0.023214
-0.023214
-0.023214
-0.02319
-0.02319
-0.02319
-0.023165
-0.023165
-0.02314
-0.023165
-0.02314
-0.02314
-0.02314
-0.02314
-0.02314
-0.02314
-0.02314
-0.02314
-0.02314
-0.02314
-0.02314
-0.02314
-0.02314
-0.023116
-0.023116
-0.02314
-0.023214
-0.023288
-0.023411
-0.023559
-0.023707
-0.023756
-0.023682
-0.023436
-0.023214
-0.02314
-0.023091
-0.023091
-0.023091
-0.023091
-0.023067
-0.023067
-0.023067
-0.023067
-0.023091
-0.023067
-0.023067
-0.023067
-0.023091
-0.023091
-0.023067
-0.023091
-0.023091
-0.023091
-0.023091
-0.023091
-0.023067
-0.023067
-0.023067
-0.023067
-0.023042
-0.023067
-0.023067
-0.023042
-0.023042
-0.023042
-0.023042
-0.023042
-0.023042
-0.023042
-0.023042
-0.023017
-0.023017
-0.022993
-0.022993
-0.023017
-0.023017
-0.023017
-0.023017
-0.023017
-0.023017
-0.022993
-0.022993
-0.023017
-0.023017
-0.023017
-0.023017
-0.023017
-0.023017
-0.023042
-0.023042
-0.023017
-0.023017
-0.023017
-0.023017
-0.023017
-0.023017
-0.023017
-0.023017
-0.023017
-0.023017
-0.023042
-0.023017
-0.023017
-0.023017
-0.023017
-0.023017
-0.023017
-0.023017
-0.023017
-0.022993
-0.022993
-0.022993
-0.022993
-0.022993
-0.022993
-0.022993
-0.022993
-0.023017
-0.022993
-0.022993
-0.022993
-0.022993
-0.022993
-0.022993
-0.023017
-0.023017
-0.023017
-0.023017
-0.023042
-0.023042
-0.023017
-0.023017
-0.023017
-0.023017
-0.023017
-0.023017
-0.023017
-0.023017
-0.023017
-0.023017
-0.023017
-0.023017
-0.023017
-0.023017
-0.023042
-0.023042
-0.023042
-0.023042
-0.023017
-0.023042
-0.023042
-0.023042
-0.023042
-0.023042
-0.023042
-0.023042
-0.023042
-0.023067
-0.023067
-0.023067
-0.023067
-0.023067
-0.023067
-0.023067
-0.023091
-0.023091
-0.023067
-0.023067
-0.023091
-0.023091
-0.023091
-0.023091
-0.023116
-0.023116
-0.023116
-0.023116
-0.023116
-0.023116
-0.023116
-0.023116
-0.023116
-0.023116
-0.023091
-0.023091
-0.023091
-0.023091
-0.023091
-0.023091
-0.023091
-0.023091
-0.023067
-0.023091
-0.023091
-0.023091
-0.023091
-0.023091
-0.023091
-0.023091
-0.023116
-0.023091
-0.023116
-0.023116
-0.02314
-0.02314
-0.02314
-0.023116
-0.023116
-0.023116
-0.02314
-0.02314
-0.023116
-0.023116
-0.02314
-0.02314
-0.02314
-0.02314
-0.02314
-0.02314
-0.02314
-0.023165
-0.023165
-0.023165
-0.023165
-0.023165
-0.023165
-0.023165
-0.02314
-0.02314
-0.023116
-0.023116
-0.023165
-0.023239
-0.023362
-0.023485
-0.023657
-0.023781
-0.023805
-0.023657
-0.023387
-0.023165
-0.02319
-0.023165
-0.023165
-0.023165
-0.023165
-0.023165
-0.023165
-0.023165
-0.02319
-0.02319
-0.02319
-0.023165
-0.023165
-0.023165
-0.02319
-0.02319
-0.023165
-0.023165
-0.023165
-0.023165
-0.023165
-0.023165
-0.023165
-0.02314
-0.02314
-0.02314
-0.02314
-0.02314
-0.02314
-0.02314
-0.023165
-0.023165
-0.023165
-0.023165
-0.023165
-0.02314
-0.02314
-0.02314
-0.02314
-0.02314
-0.02314
-0.02314
-0.02314
-0.02314
-0.023116
-0.023116
-0.02314
-0.023165
-0.023214
-0.023239
-0.023239
-0.023239
-0.023264
-0.023264
-0.023288
-0.023288
-0.023288
-0.023288
-0.023288
-0.023313
-0.023313
-0.023313
-0.023313
-0.023313
-0.023313
-0.023288
-0.023313
-0.023337
-0.023337
-0.023337
-0.023337
-0.023337
-0.023337
-0.023313
-0.023313
-0.023313
-0.023313
-0.023313
-0.023313
-0.023337
-0.023337
-0.023337
-0.023313
-0.023313
-0.023313
-0.023337
-0.023337
-0.023337
-0.023362
-0.023362
-0.023362
-0.023362
-0.023362
-0.023387
-0.023387
-0.023362
-0.023362
-0.023362
-0.023387
-0.023387
-0.023411
-0.023411
-0.023411
-0.023411
-0.023436
-0.023436
-0.023436
-0.023411
-0.023411
-0.023411
-0.023411
-0.023411
-0.023411
-0.023436
-0.023436
-0.023436
-0.023436
-0.023436
-0.02346
-0.02346
-0.02346
-0.02346
-0.02346
-0.02346
-0.02346
-0.02346
-0.02346
-0.02346
-0.02346
-0.02346
-0.02346
-0.02346
-0.02346
-0.02346
-0.023485
-0.023485
-0.023485
-0.023485
-0.023485
-0.023485
-0.02346
-0.02346
-0.023485
-0.023485
-0.023485
-0.023485
-0.02351
-0.02351
-0.02351
-0.02351
-0.02351
-0.02351
-0.02351
-0.02351
-0.02351
-0.02351
-0.02351
-0.02351
-0.02351
-0.023534
-0.023534
-0.023534
-0.023534
-0.023534
-0.023534
-0.023534
-0.023559
-0.023559
-0.023559
-0.023559
-0.023584
-0.023584
-0.023584
-0.023584
-0.023559
-0.023559
-0.023559
-0.023559
-0.023559
-0.023584
-0.023584
-0.023584
-0.023584
-0.023584
-0.023584
-0.023584
-0.023584
-0.023608
-0.023608
-0.023608
-0.023608
-0.023608
-0.023608
-0.023608
-0.023608
-0.023584
-0.023584
-0.023608
-0.023707
-0.024199
-0.024273
-0.024174
-0.023904
-0.023707
-0.023657
-0.023633
-0.023633
-0.023633
-0.023608
-0.023608
-0.023608
-0.023608
-0.023608
-0.023608
-0.023608
-0.023608
-0.023608
-0.023608
-0.023633
-0.023633
-0.023633
-0.023633
-0.023633
-0.023608
-0.023608
-0.023608
-0.023584
-0.023534
-0.02346
-0.023411
-0.023313
-0.023239
-0.02314
-0.023042
-0.022919
-0.022796
-0.022673
-0.02255
-0.022402
-0.021885
-0.021737
-0.021639
-0.021516
-0.021393
-0.02127
-0.021171
-0.021048
-0.020925
-0.020826
-0.020728
-0.020654
-0.020556
-0.020457
-0.020359
-0.02026
-0.020186
-0.020137
-0.020039
-0.01994
-0.019866
-0.019792
-0.019719
-0.019645
-0.019546
-0.019497
-0.019423
-0.019349
-0.019276
-0.019202
-0.019128
-0.019054
-0.019005
-0.018955
-0.018882
-0.018832
-0.018759
-0.018685
-0.018611
-0.018537
-0.018242
-0.018192
-0.018143
-0.018094
-0.01802
-0.017971
-0.017897
-0.017848
-0.017798
-0.017749
-0.0177
-0.017651
-0.017577
-0.017528
-0.017454
-0.017405
-0.017355
-0.017306
-0.017257
-0.017208
-0.017158
-0.017109
-0.01706
-0.017011
-0.016961
-0.016937
-0.016888
-0.016863
-0.016814
-0.016789
-0.01674
-0.016691
-0.016641
-0.016592
-0.016568
-0.016518
-0.016494
-0.016469
-0.01642
-0.016371
-0.016223
-0.016198
-0.016174
-0.016149
-0.016124
-0.016075
-0.016051
-0.016001
-0.015952
-0.015928
-0.015878
-0.015829
-0.01578
-0.015755
-0.015731
-0.015706
-0.015681
-0.015657
-0.015632
-0.015583
-0.015558
-0.015509
-0.01546
-0.015435
-0.015386
-0.015361
-0.015337
-0.015312
-0.015263
-0.015238
-0.015214
-0.015189
-0.01514
-0.015115
-0.015091
-0.015041
-0.015017
-0.014967
-0.014943
-0.014918
-0.014795
-0.014771
-0.014746
-0.014721
-0.014697
-0.014647
-0.014623
-0.014574
-0.014549
-0.014524
-0.0145
-0.014475
-0.01445
-0.014426
-0.014377
-0.014352
-0.014327
-0.014327
-0.014303
-0.014278
-0.014254
-0.014229
-0.014204
-0.01418
-0.014155
-0.01413
-0.014106
-0.014081
-0.014057
-0.014032
-0.014007
-0.013983
-0.013958
-0.013934
-0.013909
-0.013884
-0.01386
-0.013835
-0.01381
-0.013786
-0.013712
-0.013663
-0.013638
-0.013638
-0.013687
-0.013761
-0.013835
-0.013934
-0.014057
-0.01413
-0.014081
-0.013835
-0.013589
-0.013466
-0.013417
-0.013367
-0.013343
-0.013343
-0.013293
-0.013269
-0.013244
-0.01322
-0.01317
-0.013146
-0.013121
-0.013097
-0.013072
-0.013072
-0.013047
-0.013023
-0.012998
-0.012998
-0.012973
-0.012949
-0.012924
-0.0129
-0.012875
-0.012826
-0.012801
-0.012776
-0.012629
-0.012604
-0.01258
-0.012555
-0.012555
-0.01253
-0.012506
-0.012506
-0.012506
-0.012481
-0.012456
-0.012432
-0.012407
-0.012383
-0.012358
-0.012333
-0.012309
-0.012284
-0.01226
-0.012235
-0.01221
-0.01221
-0.012186
-0.012161
-0.012136
-0.012112
-0.012087
-0.012087
-0.012063
-0.012038
-0.012038
-0.012013
-0.011989
-0.011964
-0.011964
-0.011939
-0.011915
-0.01189
-0.01189
-0.011866
-0.011816
-0.011792
-0.011767
-0.011743
-0.011718
-0.011693
-0.011669
-0.011644
-0.011644
-0.011619
-0.011595
-0.01157
-0.011546
-0.011521
-0.011521
-0.011521
-0.011496
-0.011472
-0.011447
-0.011423
-0.011398
-0.011373
-0.011349
-0.011349
-0.011349
-0.011324
-0.011299
-0.011275
-0.01125
-0.011226
-0.011226
-0.011201
-0.011201
-0.011176
-0.011152
-0.011127
-0.011102
-0.011078
-0.011078
-0.011053
-0.011004
-0.010979
-0.010955
-0.01093
-0.010906
-0.010906
-0.010881
-0.010881
-0.010856
-0.010832
-0.010832
-0.010807
-0.010807
-0.010782
-0.010782
-0.010758
-0.010758
-0.010733
-0.010709
-0.010684
-0.010684
-0.010659
-0.010659
-0.010635
-0.010635
-0.01061
-0.01061
-0.010586
-0.010586
-0.010561
-0.010561
-0.010536
-0.010512
-0.010512
-0.010487
-0.010487
-0.010487
-0.010487
-0.010487
-0.010462
-0.010413
-0.010413
-0.010389
-0.010389
-0.010389
-0.010364
-0.010339
-0.010339
-0.010315
-0.010315
-0.01029
-0.01029
-0.01029
-0.01029
-0.010266
-0.010266
-0.010241
-0.010241
-0.010216
-0.010216
-0.010192
-0.010167
-0.010167
-0.010167
-0.010142
-0.010142
-0.010142
-0.010118
-0.010118
-0.010093
-0.010093
-0.010069
-0.010069
-0.010044
-0.010044
-0.010044
-0.010019
-0.010019
-0.0099947
-0.0099947
-0.0099701
-0.0099701
-0.0099455
-0.0099455
-0.0099455
-0.0099209
-0.0099209
-0.0099209
-0.0098962
-0.0098716
-0.009847
-0.0098224
-0.0098716
-0.0099455
-0.010044
-0.010167
-0.01029
-0.010413
-0.010462
-0.010315
-0.010044
-0.0098716
-0.0097978
-0.0097732
-0.0097732
-0.0097732
-0.0097485
-0.0097239
-0.0097239
-0.0096993
-0.0096993
-0.0096993
-0.0096747
-0.0096501
-0.0096501
-0.0096254
-0.0096254
-0.0096008
-0.0096008
-0.0095762
-0.0095024
-0.0095024
-0.0095024
-0.0094777
-0.0094777
-0.0094531
-0.0094531
-0.0094285
-0.0094285
-0.0094039
-0.0094039
-0.0093793
-0.0093793
-0.0093547
-0.0093547
-0.00933
-0.0093054
-0.0092808
-0.0092808
-0.0092808
-0.0092562
-0.0092316
-0.0092316
-0.009207
-0.009207
-0.0091823
-0.0091577
-0.0091577
-0.0091331
-0.0091331
-0.0091085
-0.0090839
-0.0090592
-0.0090346
-0.00901
-0.0089854
-0.0089854
-0.0089608
-0.0089362
-0.0089362
-0.0088869
-0.0088623
-0.0088377
-0.0088131
-0.0088131
-0.0087885
-0.0087638
-0.0087392
-0.0087146
-0.00869
-0.0086654
-0.0086407
-0.0086407
-0.0086161
-0.0086161
-0.0085915
-0.0085915
-0.0085669
-0.0085423
-0.0085423
-0.008493
-0.0084684
-0.0084684
-0.0084438
-0.0084438
-0.0084192
-0.0084192
-0.0083946
-0.00837
-0.0083453
-0.0083207
-0.0082961
-0.0082961
-0.0082715
-0.0082469
-0.0082223
-0.0081976
-0.008173
-0.008173
-0.0081484
-0.0080745
-0.0080745
-0.0080499
-0.0080499
-0.0080253
-0.0080007
-0.0080007
-0.0079761
-0.0079761
-0.0079515
-0.0079268
-0.0079268
-0.0079022
-0.0078776
-0.0078776
-0.007853
-0.007853
-0.007853
-0.0078284
-0.0078038
-0.0078038
-0.0077791
-0.0077545
-0.0077545
-0.0077299
-0.0077299
-0.0077053
-0.0076807
-0.0076807
-0.007656
-0.007656
-0.007656
-0.0076314
-0.0076314
-0.0076068
-0.0076068
-0.0076068
-0.0075822
-0.0075576
-0.0075576
-0.0074837
-0.0074837
-0.0074591
-0.0074345
-0.0074345
-0.0074099
-0.0074099
-0.0073853
-0.0073853
-0.0073853
-0.0073853
-0.0073606
-0.0073606
-0.0073606
-0.0073606
-0.0073606
-0.0073606
-0.007336
-0.007336
-0.007336
-0.0073114
-0.0072868
-0.0072868
-0.0072868
-0.0072622
-0.0072622
-0.0072622
-0.0072375
-0.0072375
-0.0072375
-0.0072129
-0.0072129
-0.0071883
-0.0071883
-0.0071637
-0.0071391
-0.0071391
-0.0071145
-0.0071145
-0.0071145
-0.0069914
-0.0069914
-0.0069668
-0.0069421
-0.0069421
-0.0069175
-0.0068929
-0.0068929
-0.0068683
-0.0068437
-0.0068191
-0.0067944
-0.0067698
-0.0067452
-0.0067452
-0.0067206
-0.006696
-0.006696
-0.0066713
-0.0066221
-0.0065975
-0.0065729
-0.0065483
-0.006499
-0.006499
-0.0065236
-0.0065729
-0.0066713
-0.0067698
-0.0068929
-0.0069668
-0.0069668
-0.0067452
-0.006499
-0.0063513
-0.0063021
-0.0062775
-0.0062528
-0.0062282
-0.0062036
-0.0061051
-0.0060805
-0.0060559
-0.0060313
-0.0060067
-0.0060067
-0.0059821
-0.0059821
-0.0059574
-0.0059328
-0.0059328
-0.0059082
-0.0059082
-0.0058836
-0.005859
-0.0058344
-0.0058097
-0.0058097
-0.0057851
-0.0057605
-0.0057605
-0.0057359
-0.0057359
-0.0057113
-0.0057113
-0.0056866
-0.005662
-0.005662
-0.0056374
-0.0056128
-0.0056128
-0.0055882
-0.0055636
-0.0055636
-0.0055389
-0.0055143
-0.0055143
-0.0054897
-0.0054651
-0.0054651
-0.0054159
-0.0054159
-0.0054159
-0.0053912
-0.0053912
-0.0053666
-0.0053666
-0.005342
-0.005342
-0.005342
-0.005342
-0.005342
-0.0053174
-0.0053174
-0.0053174
-0.0053174
-0.0052928
-0.0052928
-0.0052928
-0.0052681
-0.0052435
-0.0052435
-0.0052189
-0.0052189
-0.0052189
-0.0051943
-0.0051697
-0.0051697
-0.0051697
-0.0051451
-0.0051451
-0.0051204
-0.0051204
-0.0050958
-0.0050958
-0.0050712
-0.0050466
-0.0050466
-0.005022
-0.005022
-0.0049481
-0.0049481
-0.0049481
-0.0049235
-0.0049235
-0.0049235
-0.0048989
-0.0048989
-0.0048743
-0.0048743
-0.0048743
-0.0048497
-0.004825
-0.004825
-0.004825
-0.0048004
-0.0048004
-0.0047758
-0.0047512
-0.0047512
-0.0047266
-0.0047019
-0.0046773
-0.0046773
-0.0046527
-0.0046527
-0.0046281
-0.0046281
-0.0046281
-0.0046035
-0.0046035
-0.0046035
-0.0045789
-0.0045542
-0.0045542
-0.0045542
-0.0045296
-0.0045296
-0.0045296
-0.0045296
-0.0044558
-0.0044558
-0.0044312
-0.0044312
-0.0044065
-0.0044065
-0.0044065
-0.0044065
-0.0044065
-0.0043819
-0.0043819
-0.0043819
-0.0043573
-0.0043573
-0.0043573
-0.0043327
-0.0043327
-0.0043327
-0.0043327
-0.0043327
-0.0043081
-0.0043081
-0.0043081
-0.0042834
-0.0042834
-0.0042588
-0.0042588
-0.0042588
-0.0042588
-0.0042342
-0.0042096
-0.0042096
-0.004185
-0.004185
-0.0041604
-0.0041604
-0.0041357
-0.0041357
-0.0041357
-0.0041111
-0.0040865
-0.0040619
-0.0040619
-0.0040619
-0.0040373
-0.0040373
-0.0040373
-0.0040373
-0.0040373
-0.0040127
-0.0040127
-0.0040127
-0.003988
-0.003988
-0.0039634
-0.0039634
-0.0039388
-0.0039142
-0.0039142
-0.0038896
-0.0038896
-0.0038896
-0.003865
-0.003865
-0.0038403
-0.0038403
-0.0038403
-0.0038157
-0.0038157
-0.0037911
-0.0037911
-0.0037665
-0.0037665
-0.0037419
-0.0037419
-0.0037419
-0.0037172
-0.0036926
-0.003668
-0.003668
-0.004185
-0.0042342
-0.0041357
-0.003865
-0.003668
-0.0035942
-0.0035695
-0.0035449
-0.0035449
-0.0035203
-0.0034957
-0.0034957
-0.0034711
-0.0034465
-0.0034465
-0.0034465
-0.0034218
-0.0034218
-0.0033972
-0.0033972
-0.0033972
-0.0033726
-0.0033726
-0.003348
-0.0033234
-0.0033234
-0.0032987
-0.0032987
-0.0032987
-0.0032987
-0.0032987
-0.0032987
-0.0032741
-0.0032741
-0.0032741
-0.0032495
-0.0032495
-0.0032249
-0.0032249
-0.0032249
-0.0031757
-0.0031757
-0.0031757
-0.0031757
-0.003151
-0.003151
-0.003151
-0.003151
-0.003151
-0.003151
-0.003151
-0.003151
-0.0031264
-0.0031264
-0.0031264
-0.0031264
-0.0031018
-0.0030772
-0.0030772
-0.0030772
-0.0030526
-0.0030526
-0.0030526
-0.0030526
-0.0030526
-0.003028
-0.0030526
-0.003028
-0.0030526
-0.0030526
-0.0030526
-0.0030526
-0.0030526
-0.0030526
-0.003028
-0.003028
-0.003028
-0.0030033
-0.0029787
-0.0029787
-0.0029541
-0.0029541
-0.0029541
-0.0029541
-0.0029295
-0.0029295
-0.0029295
-0.0029295
-0.0029295
-0.0029049
-0.0029049
-0.0029049
-0.0028802
-0.0028802
-0.0028802
-0.0028802
-0.0028802
-0.0028802
-0.0028802
-0.0028556
-0.0028556
-0.0028556
-0.002831
-0.002831
-0.0028064
-0.0028064
-0.0028064
-0.0027818
-0.0027572
-0.0027325
-0.0027079
-0.0027079
-0.0027079
-0.0027079
-0.0027079
-0.0027079
-0.0026833
-0.0026833
-0.0026833
-0.0026833
-0.0026341
-0.0026587
-0.0026341
-0.0026341
-0.0026341
-0.0026095
-0.0026095
-0.0026095
-0.0025848
-0.0025848
-0.0025848
-0.0025602
-0.0025602
-0.0025356
-0.0025356
-0.0025356
-0.002511
-0.002511
-0.0025356
-0.0025356
-0.002511
-0.0025356
-0.0025356
-0.002511
-0.002511
-0.002511
-0.002511
-0.002511
-0.002511
-0.0024864
-0.0024864
-0.0024864
-0.0024618
-0.0024864
-0.0024864
-0.0024618
-0.0024618
-0.0024371
-0.0024371
-0.0024125
-0.0023633
-0.0023633
-0.0023633
-0.0023387
-0.0023387
-0.0023387
-0.002314
-0.002314
-0.002314
-0.0022894
-0.0022648
-0.0022648
-0.0022402
-0.0022402
-0.0022402
-0.0022156
-0.0022156
-0.0022156
-0.002191
-0.002191
-0.002191
-0.0021663
-0.0021663
-0.0021663
-0.0021417
-0.0021417
-0.0021417
-0.0021171
-0.0021171
-0.0021171
-0.0021171
-0.0020925
-0.0020925
-0.0020925
-0.0020925
-0.0020925
-0.0020925
-0.0020679
-0.0020679
-0.0020679
-0.0020186
-0.0020186
-0.0020186
-0.0020186
-0.0020186
-0.0020186
-0.0020186
-0.0020186
-0.001994
-0.0019694
-0.0019448
-0.0019694
-0.0020186
-0.0021171
-0.0022402
-0.0023633
-0.002511
-0.0025848
-0.0024864
-0.0022156
-0.0020433
-0.0019694
-0.0019448
-0.0019448
-0.0019448
-0.0019202
-0.0018955
-0.0018955
-0.0018709
-0.0018709
-0.0018709
-0.0018709
-0.0018709
-0.0018463
-0.0018463
-0.0018217
-0.0018217
-0.0018217
-0.0018463
-0.0018217
-0.0017971
-0.0017971
-0.0017725
-0.0017725
-0.0017725
-0.0017725
-0.0017725
-0.0017725
-0.0017478
-0.0017478
-0.0017232
-0.0016986
-0.0016986
-0.0016986
-0.0016986
-0.0016986
-0.0016986
-0.0016986
-0.001674
-0.001674
-0.001674
-0.0016494
-0.0016494
-0.0016248
-0.0016248
-0.0016001
-0.0016001
-0.0016001
-0.0016001
-0.0016001
-0.0016001
-0.0016001
-0.0016001
-0.0015755
-0.0015755
-0.0015755
-0.0015755
-0.0015509
-0.0015509
-0.0015509
-0.0015509
-0.0015509
-0.0015509
-0.0015509
-0.0015509
-0.0015509
-0.0015509
-0.0015509
-0.0014524
-0.0013047
-0.0011816
-0.0010586
-0.00096008
-0.000837
-0.00073853
-0.00064006
-0.00054159
-0.00046773
-0.0004185
-0.00036926
-0.00032003
-0.00027079
-0.00022156
-0.00019694
-0.00014771
-0.00012309
-7.3853e-05
-4.9235e-05
-2.4618e-05
0
0
0
0
2.4618e-05
2.4618e-05
4.9235e-05
7.3853e-05
7.3853e-05
9.847e-05
9.847e-05
