2018
4
26
16
39
49.304
-0.03092
-0.03092
-0.03092
-0.03092
-0.03092
-0.03092
-0.03092
-0.03092
-0.03092
-0.03092
-0.03092
-0.030895
-0.030895
-0.030895
-0.030895
-0.03087
-0.030895
-0.03087
-0.03087
-0.03087
-0.03087
-0.03087
-0.03087
-0.03087
-0.03087
-0.03087
-0.03087
-0.030895
-0.030895
-0.030895
-0.030895
-0.030895
-0.030895
-0.030895
-0.030895
-0.030895
-0.030895
-0.030895
-0.030895
-0.030895
-0.030895
-0.030895
-0.030895
-0.030895
-0.030895
-0.030895
-0.030895
-0.030895
-0.030895
-0.030895
-0.030895
-0.030895
-0.030895
-0.03092
-0.030969
-0.030993
-0.030993
-0.031043
-0.031043
-0.030944
-0.030698
-0.030403
-0.02996
-0.029836
-0.030206
-0.030575
-0.030821
-0.03092
-0.030969
-0.030969
-0.030969
-0.030969
-0.030944
-0.030944
-0.03092
-0.03092
-0.03092
-0.03092
-0.03092
-0.03092
-0.03092
-0.03092
-0.030895
-0.030895
-0.03092
-0.03092
-0.03092
-0.03092
-0.030895
-0.03092
-0.03092
-0.030895
-0.030895
-0.030895
-0.030895
-0.030895
-0.030895
-0.030895
-0.030895
-0.030895
-0.030895
-0.030895
-0.030895
-0.030895
-0.030895
-0.030895
-0.03092
-0.03092
-0.03092
-0.03092
-0.030895
-0.030895
-0.03092
-0.030895
-0.030895
-0.030895
-0.03087
-0.03087
-0.03087
-0.03087
-0.030846
-0.030846
-0.030846
-0.030846
-0.030846
-0.030846
-0.03087
-0.03087
-0.03087
-0.030895
-0.030895
-0.030895
-0.03092
-0.03092
-0.03092
-0.030944
-0.030944
-0.030944
-0.030944
-0.030944
-0.030944
-0.030944
-0.030944
-0.030944
-0.030944
-0.030944
-0.030944
-0.030944
-0.030944
-0.030944
-0.030944
-0.030944
-0.030944
-0.030944
-0.030944
-0.030944
-0.030944
-0.030944
-0.030944
-0.030944
-0.030944
-0.030944
-0.030944
-0.030944
-0.030944
-0.030969
-0.030944
-0.030944
-0.030969
-0.030969
-0.030969
-0.030944
-0.030944
-0.030944
-0.030944
-0.030944
-0.030944
-0.030944
-0.030944
-0.030944
-0.030944
-0.030944
-0.030944
-0.030944
-0.030944
-0.030944
-0.030944
-0.030944
-0.030944
-0.030944
-0.030944
-0.03092
-0.03092
-0.030944
-0.030944
-0.030944
-0.030944
-0.030944
-0.030944
-0.030944
-0.03092
-0.03092
-0.03092
-0.03092
-0.03092
-0.03092
-0.03092
-0.03092
-0.03092
-0.03092
-0.03092
-0.03092
-0.03092
-0.03092
-0.03092
-0.030944
-0.030944
-0.03092
-0.030944
-0.030944
-0.030944
-0.030944
-0.030944
-0.030944
-0.030944
-0.030944
-0.030944
-0.030944
-0.030944
-0.030944
-0.030944
-0.030944
-0.030944
-0.030944
-0.030944
-0.030944
-0.030944
-0.030944
-0.030944
-0.030944
-0.031067
-0.031092
-0.031117
-0.031018
-0.030797
-0.030501
-0.030083
-0.029886
-0.030206
-0.030575
-0.030821
-0.030969
-0.030993
-0.030993
-0.030993
-0.030993
-0.030993
-0.030969
-0.030969
-0.030969
-0.030944
-0.030944
-0.030944
-0.030944
-0.030944
-0.030944
-0.030944
-0.030944
-0.030944
-0.030944
-0.030944
-0.030944
-0.030944
-0.030944
-0.030944
-0.030944
-0.030944
-0.030944
-0.030944
-0.030944
-0.03092
-0.03092
-0.03092
-0.03092
-0.03092
-0.03092
-0.03092
-0.03092
-0.030944
-0.030944
-0.030944
-0.030944
-0.030944
-0.030944
-0.030944
-0.030944
-0.030944
-0.030944
-0.030944
-0.030944
-0.03092
-0.03092
-0.03092
-0.03092
-0.030895
-0.030895
-0.030895
-0.03087
-0.03087
-0.03087
-0.03087
-0.03087
-0.030895
-0.030895
-0.030895
-0.030895
-0.030895
-0.03092
-0.03092
-0.030944
-0.030944
-0.030944
-0.030944
-0.030944
-0.030944
-0.030944
-0.030944
-0.030944
-0.030944
-0.030944
-0.030944
-0.030944
-0.030944
-0.030944
-0.030944
-0.030944
-0.030944
-0.030944
-0.030944
-0.030944
-0.030944
-0.030944
-0.030944
-0.030944
-0.030944
-0.030969
-0.030969
-0.030969
-0.030969
-0.030969
-0.030969
-0.030969
-0.030969
-0.030969
-0.030969
-0.030969
-0.030969
-0.030969
-0.030969
-0.030969
-0.030969
-0.030969
-0.030969
-0.030969
-0.030944
-0.030944
-0.030944
-0.030944
-0.030944
-0.030944
-0.030944
-0.030944
-0.030944
-0.030944
-0.030944
-0.030944
-0.03092
-0.030944
-0.030944
-0.030944
-0.030944
-0.030944
-0.03092
-0.03092
-0.03092
-0.03092
-0.03092
-0.03092
-0.03092
-0.03092
-0.03092
-0.03092
-0.03092
-0.03092
-0.03092
-0.03092
-0.03092
-0.03092
-0.03092
-0.03092
-0.030944
-0.030944
-0.030944
-0.030944
-0.030944
-0.030944
-0.030944
-0.030944
-0.030944
-0.030944
-0.030944
-0.030944
-0.030944
-0.030969
-0.030969
-0.030969
-0.030969
-0.030969
-0.030969
-0.030969
-0.030969
-0.030969
-0.030969
-0.030969
-0.030969
-0.030969
-0.030969
-0.030969
-0.030969
-0.030969
-0.030993
-0.031018
-0.031043
-0.031067
-0.031117
-0.031117
-0.031018
-0.030772
-0.030476
-0.030058
-0.030993
-0.031018
-0.031018
-0.031018
-0.031018
-0.031018
-0.030993
-0.030993
-0.030969
-0.030969
-0.030969
-0.030993
-0.030969
-0.030969
-0.030969
-0.030969
-0.030993
-0.030969
-0.030969
-0.030969
-0.030969
-0.030993
-0.030993
-0.030969
-0.030969
-0.030969
-0.030969
-0.030969
-0.030969
-0.030944
-0.030969
-0.030944
-0.030969
-0.030944
-0.030944
-0.030944
-0.030944
-0.030969
-0.030969
-0.030969
-0.030969
-0.030969
-0.030969
-0.030969
-0.030993
-0.030969
-0.030969
-0.030969
-0.030969
-0.030969
-0.030969
-0.030944
-0.030944
-0.030944
-0.030944
-0.030944
-0.030944
-0.030944
-0.030944
-0.03092
-0.030944
-0.030944
-0.030944
-0.030944
-0.030944
-0.030969
-0.030969
-0.030969
-0.030969
-0.030969
-0.030993
-0.030993
-0.030969
-0.030993
-0.030993
-0.030993
-0.030993
-0.030993
-0.030993
-0.030993
-0.030993
-0.031018
-0.030993
-0.030993
-0.031018
-0.031018
-0.031018
-0.031018
-0.031018
-0.031018
-0.031018
-0.031018
-0.031018
-0.031018
-0.031018
-0.031018
-0.031018
-0.031018
-0.031018
-0.031018
-0.031018
-0.031018
-0.031018
-0.031018
-0.031018
-0.031018
-0.031018
-0.031018
-0.031018
-0.031018
-0.031018
-0.031018
-0.031018
-0.031018
-0.031018
-0.031018
-0.031018
-0.031018
-0.031018
-0.031018
-0.031018
-0.031018
-0.031018
-0.031018
-0.031018
-0.030993
-0.030993
-0.030993
-0.030993
-0.030993
-0.030993
-0.030993
-0.030993
-0.030993
-0.030993
-0.030993
-0.030993
-0.030993
-0.030993
-0.030993
-0.030993
-0.030993
-0.030969
-0.030969
-0.030969
-0.030969
-0.030969
-0.030969
-0.030969
-0.030969
-0.030969
-0.030969
-0.030993
-0.030993
-0.030993
-0.030993
-0.030993
-0.030993
-0.030993
-0.030993
-0.031018
-0.031018
-0.031018
-0.031018
-0.031018
-0.031018
-0.030993
-0.031018
-0.031018
-0.031018
-0.030993
-0.030993
-0.030993
-0.031018
-0.031018
-0.030993
-0.030993
-0.030993
-0.030993
-0.030993
-0.031043
-0.031067
-0.031092
-0.031117
-0.031141
-0.031092
-0.030944
-0.030698
-0.030353
-0.029984
-0.030083
-0.030476
-0.030772
-0.030944
-0.031043
-0.031043
-0.031043
-0.031043
-0.031043
-0.031043
-0.030993
-0.030993
-0.030993
-0.030993
-0.030993
-0.031018
-0.030993
-0.030993
-0.030993
-0.030993
-0.030993
-0.031018
-0.030993
-0.030993
-0.030993
-0.030993
-0.030993
-0.030993
-0.030993
-0.030969
-0.030969
-0.030969
-0.030969
-0.030969
-0.030969
-0.030969
-0.030993
-0.030993
-0.030993
-0.030993
-0.030993
-0.030993
-0.030993
-0.031018
-0.031018
-0.031018
-0.031018
-0.031018
-0.031018
-0.030993
-0.030993
-0.030969
-0.030969
-0.030969
-0.030969
-0.030969
-0.030969
-0.030969
-0.030944
-0.030944
-0.030944
-0.030969
-0.030969
-0.030969
-0.030993
-0.030993
-0.030993
-0.031018
-0.031018
-0.031018
-0.031018
-0.031018
-0.031043
-0.031043
-0.031043
-0.031018
-0.031018
-0.031018
-0.031018
-0.031043
-0.031043
-0.031043
-0.031043
-0.031043
-0.031043
-0.031043
-0.031043
-0.031043
-0.031043
-0.031043
-0.031043
-0.031043
-0.031043
-0.031043
-0.031043
-0.031043
-0.031043
-0.031043
-0.031043
-0.031043
-0.031043
-0.031043
-0.031043
-0.031043
-0.031043
-0.031043
-0.031043
-0.031043
-0.031043
-0.031043
-0.031043
-0.031043
-0.031043
-0.031043
-0.031043
-0.031043
-0.031043
-0.031043
-0.031043
-0.031043
-0.031043
-0.031043
-0.031043
-0.031043
-0.031043
-0.031043
-0.031043
-0.031018
-0.031043
-0.031043
-0.031018
-0.031043
-0.031043
-0.031043
-0.031043
-0.031043
-0.031043
-0.031043
-0.031043
-0.031043
-0.031043
-0.031043
-0.031043
-0.031043
-0.031018
-0.031018
-0.031018
-0.031018
-0.031018
-0.031018
-0.031018
-0.031018
-0.031018
-0.031018
-0.031018
-0.031043
-0.031043
-0.031043
-0.031043
-0.031043
-0.031043
-0.031043
-0.031043
-0.031018
-0.031043
-0.031043
-0.031043
-0.031043
-0.031043
-0.031043
-0.031043
-0.031043
-0.031043
-0.031043
-0.031043
-0.031043
-0.031043
-0.031043
-0.031043
-0.031043
-0.031043
-0.031043
-0.031067
-0.031092
-0.031117
-0.031141
-0.031166
-0.031215
-0.031166
-0.031043
-0.030797
-0.030452
-0.030058
-0.030132
-0.030526
-0.030821
-0.030993
-0.031067
-0.031092
-0.031092
-0.031117
-0.031117
-0.031117
-0.031092
-0.031067
-0.031067
-0.031067
-0.031067
-0.031067
-0.031067
-0.031067
-0.031067
-0.031067
-0.031067
-0.031067
-0.031067
-0.031067
-0.031067
-0.031043
-0.031043
-0.031043
-0.031043
-0.031043
-0.031018
-0.031018
-0.031018
-0.031018
-0.031043
-0.031043
-0.031043
-0.031043
-0.031043
-0.031043
-0.031043
-0.031043
-0.031067
-0.031067
-0.031067
-0.031067
-0.031043
-0.031043
-0.031067
-0.031043
-0.031043
-0.031043
-0.031043
-0.031043
-0.031043
-0.031043
-0.031043
-0.031018
-0.031018
-0.031018
-0.031018
-0.031018
-0.031018
-0.031018
-0.031018
-0.031043
-0.031043
-0.031043
-0.031043
-0.031067
-0.031067
-0.031043
-0.031067
-0.031067
-0.031067
-0.031067
-0.031067
-0.031067
-0.031067
-0.031067
-0.031067
-0.031067
-0.031067
-0.031067
-0.031067
-0.031067
-0.031067
-0.031067
-0.031067
-0.031067
-0.031067
-0.031067
-0.031067
-0.031067
-0.031067
-0.031067
-0.031067
-0.031067
-0.031067
-0.031067
-0.031067
-0.031067
-0.031067
-0.031067
-0.031067
-0.031067
-0.031067
-0.031067
-0.031067
-0.031067
-0.031067
-0.031067
-0.031067
-0.031067
-0.031067
-0.031067
-0.031067
-0.031067
-0.031067
-0.031067
-0.031067
-0.031067
-0.031067
-0.031067
-0.031067
-0.031067
-0.031067
-0.031067
-0.031067
-0.031067
-0.031067
-0.031067
-0.031067
-0.031067
-0.031067
-0.031067
-0.031067
-0.031043
-0.031043
-0.031043
-0.031043
-0.031067
-0.031067
-0.031043
-0.031043
-0.031043
-0.031043
-0.031043
-0.031043
-0.031043
-0.031043
-0.031043
-0.031043
-0.031043
-0.031043
-0.031043
-0.031043
-0.031043
-0.031043
-0.031043
-0.031043
-0.031043
-0.031067
-0.031043
-0.031043
-0.031067
-0.031067
-0.031067
-0.031067
-0.031067
-0.031067
-0.031067
-0.031067
-0.031067
-0.031067
-0.031067
-0.031067
-0.031067
-0.031067
-0.031067
-0.031067
-0.031067
-0.031067
-0.031067
-0.031092
-0.031117
-0.031141
-0.031166
-0.03119
-0.03119
-0.031067
-0.030821
-0.030501
-0.030107
-0.030107
-0.030476
-0.030797
-0.030993
-0.031067
-0.031092
-0.031092
-0.031117
-0.031117
-0.031092
-0.031092
-0.031067
-0.031067
-0.031067
-0.031067
-0.031067
-0.031067
-0.031043
-0.031043
-0.031043
-0.031067
-0.031067
-0.031067
-0.031067
-0.031067
-0.031043
-0.031043
-0.031043
-0.031043
-0.031043
-0.031043
-0.031018
-0.031018
-0.031018
-0.031018
-0.031018
-0.031043
-0.031043
-0.031043
-0.031043
-0.031043
-0.031043
-0.031043
-0.031043
-0.031043
-0.031043
-0.031067
-0.031067
-0.031043
-0.031043
-0.031043
-0.031043
-0.031043
-0.031043
-0.031018
-0.031018
-0.031018
-0.031018
-0.031018
-0.031018
-0.030993
-0.030993
-0.030993
-0.031018
-0.031018
-0.031018
-0.031018
-0.031043
-0.031043
-0.031043
-0.031043
-0.031043
-0.031043
-0.031043
-0.031043
-0.031043
-0.031043
-0.031043
-0.031043
-0.031043
-0.031043
-0.031043
-0.031043
-0.031067
-0.031067
-0.031067
-0.031067
-0.031067
-0.031067
-0.031067
-0.031067
-0.031067
-0.031043
-0.031067
-0.031067
-0.031067
-0.031067
-0.031067
-0.031067
-0.031067
-0.031067
-0.031067
-0.031067
-0.031067
-0.031067
-0.031067
-0.031067
-0.031067
-0.031067
-0.031067
-0.031067
-0.031067
-0.031067
-0.031067
-0.031067
-0.031067
-0.031067
-0.031067
-0.031067
-0.031067
-0.031067
-0.031067
-0.031067
-0.031067
-0.031067
-0.031067
-0.031067
-0.031067
-0.031067
-0.031067
-0.031067
-0.031067
-0.031067
-0.031067
-0.031067
-0.031067
-0.031067
-0.031067
-0.031067
-0.031067
-0.031067
-0.031067
-0.031067
-0.031067
-0.031067
-0.031067
-0.031043
-0.031043
-0.031043
-0.031043
-0.031043
-0.031043
-0.031043
-0.031043
-0.031018
-0.031018
-0.031018
-0.031018
-0.031018
-0.031018
-0.031043
-0.031043
-0.031043
-0.031043
-0.031043
-0.031043
-0.031043
-0.031043
-0.031043
-0.031043
-0.031043
-0.031043
-0.031043
-0.031043
-0.031043
-0.031043
-0.031043
-0.031043
-0.031043
-0.031043
-0.031043
-0.031043
-0.031043
-0.031043
-0.031043
-0.031043
-0.031067
-0.031092
-0.031117
-0.031141
-0.031166
-0.03119
-0.031141
-0.030993
-0.030723
-0.030378
-0.030009
-0.030181
-0.030575
-0.030846
-0.031018
-0.031067
-0.031092
-0.031067
-0.031092
-0.031092
-0.031067
-0.031067
-0.031043
-0.031043
-0.031043
-0.031043
-0.031043
-0.031043
-0.031043
-0.031043
-0.031043
-0.031043
-0.031043
-0.031043
-0.031043
-0.031043
-0.031043
-0.031043
-0.031043
-0.031018
-0.031018
-0.031018
-0.031018
-0.031018
-0.031018
-0.031018
-0.031043
-0.031043
-0.031043
-0.031018
-0.031043
-0.031043
-0.031043
-0.031043
-0.031043
-0.031043
-0.031043
-0.031043
-0.031043
-0.031043
-0.031043
-0.031043
-0.031043
-0.031018
-0.031018
-0.031018
-0.031018
-0.030993
-0.030993
-0.030993
-0.030993
-0.030993
-0.030969
-0.030969
-0.030993
-0.030993
-0.030993
-0.031018
-0.031018
-0.031043
-0.031043
-0.031043
-0.031043
-0.031043
-0.031043
-0.031043
-0.031043
-0.031043
-0.031043
-0.031043
-0.031043
-0.031043
-0.031043
-0.031043
-0.031043
-0.031043
-0.031043
-0.031043
-0.031043
-0.031043
-0.031043
-0.031043
-0.031043
-0.031043
-0.031043
-0.031043
-0.031067
-0.031067
-0.031067
-0.031067
-0.031067
-0.031067
-0.031067
-0.031067
-0.031067
-0.031067
-0.031067
-0.031067
-0.031067
-0.031067
-0.031067
-0.031067
-0.031067
-0.031067
-0.031067
-0.031067
-0.031067
-0.031067
-0.031067
-0.031067
-0.031067
-0.031067
-0.031043
-0.031067
-0.031067
-0.031067
-0.031067
-0.031043
-0.031043
-0.031043
-0.031043
-0.031043
-0.031043
-0.031043
-0.031043
-0.031067
-0.031067
-0.031067
-0.031067
-0.031067
-0.031067
-0.031067
-0.031067
-0.031067
-0.031067
-0.031067
-0.031043
-0.031043
-0.031043
-0.031043
-0.031043
-0.031043
-0.031043
-0.031018
-0.031043
-0.031043
-0.031043
-0.031043
-0.031043
-0.031043
-0.031043
-0.031043
-0.031043
-0.031043
-0.031043
-0.031067
-0.031067
-0.031067
-0.031067
-0.031043
-0.031043
-0.031043
-0.031043
-0.031043
-0.031043
-0.031043
-0.031043
-0.031043
-0.031043
-0.031043
-0.031043
-0.031043
-0.031043
-0.031043
-0.031043
-0.031043
-0.031067
-0.03119
-0.03119
-0.031092
-0.030895
-0.0306
-0.030206
-0.030058
-0.030378
-0.030698
-0.03092
-0.031043
-0.031067
-0.031067
-0.031067
-0.031067
-0.031067
-0.031067
-0.031043
-0.031043
-0.031018
-0.031043
-0.031043
-0.031043
-0.031043
-0.031043
-0.031043
-0.031043
-0.031043
-0.031043
-0.031043
-0.031018
-0.031018
-0.031018
-0.031043
-0.031018
-0.031018
-0.031018
-0.031018
-0.031018
-0.031018
-0.031018
-0.031018
-0.031018
-0.031018
-0.031018
-0.031018
-0.031018
-0.031043
-0.031043
-0.031043
-0.031043
-0.031043
-0.031043
-0.031043
-0.031043
-0.031043
-0.031043
-0.031043
-0.031043
-0.031043
-0.031043
-0.031018
-0.031018
-0.030993
-0.030993
-0.030993
-0.030993
-0.030993
-0.030993
-0.030993
-0.030993
-0.030993
-0.030993
-0.030993
-0.030993
-0.031018
-0.031018
-0.031018
-0.031018
-0.031043
-0.031043
-0.031043
-0.031043
-0.031043
-0.031043
-0.031043
-0.031043
-0.031043
-0.031043
-0.031067
-0.031067
-0.031067
-0.031067
-0.031043
-0.031067
-0.031067
-0.031067
-0.031067
-0.031067
-0.031067
-0.031067
-0.031067
-0.031067
-0.031067
-0.031067
-0.031067
-0.031067
-0.031067
-0.031067
-0.031067
-0.031067
-0.031067
-0.031067
-0.031067
-0.031067
-0.031067
-0.031043
-0.031043
-0.031043
-0.031067
-0.031043
-0.031043
-0.031043
-0.031043
-0.031043
-0.031043
-0.031043
-0.031043
-0.031043
-0.031043
-0.031043
-0.031043
-0.031018
-0.031018
-0.031018
-0.031018
-0.031018
-0.031018
-0.031043
-0.031043
-0.031018
-0.031043
-0.031043
-0.031043
-0.031043
-0.031018
-0.031018
-0.031018
-0.031018
-0.031018
-0.031018
-0.031018
-0.030993
-0.030993
-0.030993
-0.030993
-0.030993
-0.030993
-0.030993
-0.031018
-0.030993
-0.030993
-0.030993
-0.030993
-0.030993
-0.030993
-0.031018
-0.030993
-0.030993
-0.030993
-0.030993
-0.030993
-0.030993
-0.030993
-0.030993
-0.030993
-0.030993
-0.030993
-0.030993
-0.030993
-0.030993
-0.030993
-0.030993
-0.030993
-0.030993
-0.030993
-0.031018
-0.031043
-0.031067
-0.031092
-0.031141
-0.031092
-0.03092
-0.030673
-0.030304
-0.029984
-0.030181
-0.030526
-0.030772
-0.03092
-0.030993
-0.030969
-0.030969
-0.030969
-0.030969
-0.030969
-0.030969
-0.030969
-0.030969
-0.030969
-0.030969
-0.030969
-0.030969
-0.030969
-0.030969
-0.030969
-0.030969
-0.030969
-0.030969
-0.030969
-0.030969
-0.030969
-0.030969
-0.030969
-0.030969
-0.030969
-0.030969
-0.030944
-0.030944
-0.030969
-0.030969
-0.030969
-0.030969
-0.030969
-0.030969
-0.030993
-0.030993
-0.030993
-0.030993
-0.030993
-0.030993
-0.030993
-0.030993
-0.030993
-0.030993
-0.030969
-0.030969
-0.030969
-0.030969
-0.030944
-0.030944
-0.030944
-0.03092
-0.03092
-0.03092
-0.03092
-0.03092
-0.03092
-0.030944
-0.030944
-0.030944
-0.030944
-0.030944
-0.030969
-0.030969
-0.030969
-0.030969
-0.030993
-0.030993
-0.030993
-0.030993
-0.030993
-0.030993
-0.030969
-0.030969
-0.030969
-0.030969
-0.030969
-0.030969
-0.030969
-0.030969
-0.030969
-0.030969
-0.030969
-0.030993
-0.030969
-0.030993
-0.030993
-0.030993
-0.030993
-0.030993
-0.030993
-0.030993
-0.030993
-0.030993
-0.030993
-0.030993
-0.030993
-0.030993
-0.030993
-0.030993
-0.030993
-0.030993
-0.030993
-0.030993
-0.030993
-0.030993
-0.030993
-0.030993
-0.030993
-0.030993
-0.030969
-0.030993
-0.030993
-0.030993
-0.030993
-0.030969
-0.030969
-0.030969
-0.030969
-0.030969
-0.030993
-0.030993
-0.030993
-0.030993
-0.030993
-0.030993
-0.030993
-0.030993
-0.030993
-0.030993
-0.030993
-0.030969
-0.030969
-0.030969
-0.030969
-0.030969
-0.030969
-0.030969
-0.030969
-0.030969
-0.030969
-0.030969
-0.030969
-0.030969
-0.030969
-0.030969
-0.030969
-0.030969
-0.030969
-0.030993
-0.030993
-0.030993
-0.030993
-0.030993
-0.030993
-0.030993
-0.030993
-0.030993
-0.030993
-0.030993
-0.030993
-0.030993
-0.030993
-0.030993
-0.030993
-0.031018
-0.031018
-0.031018
-0.031043
-0.031067
-0.031092
-0.031117
-0.031141
-0.031141
-0.031018
-0.030797
-0.030476
-0.030107
-0.030107
-0.030452
-0.030747
-0.030944
-0.031018
-0.031043
-0.031067
-0.031067
-0.031067
-0.031043
-0.031018
-0.031018
-0.031018
-0.031018
-0.031018
-0.031018
-0.031018
-0.031018
-0.031018
-0.031018
-0.031018
-0.031018
-0.031018
-0.031018
-0.031018
-0.031018
-0.031018
-0.031018
-0.031018
-0.031018
-0.031018
-0.031018
-0.031018
-0.031018
-0.031018
-0.031018
-0.031018
-0.031018
-0.031018
-0.031018
-0.031043
-0.031043
-0.031043
-0.031043
-0.031043
-0.031043
-0.031043
-0.031043
-0.031043
-0.031043
-0.031043
-0.031043
-0.031043
-0.031018
-0.031018
-0.031018
-0.031018
-0.031018
-0.030993
-0.030993
-0.030993
-0.030993
-0.030993
-0.030993
-0.030993
-0.030993
-0.031018
-0.031018
-0.031018
-0.031018
-0.031018
-0.031018
-0.031018
-0.031018
-0.031018
-0.031018
-0.031043
-0.031043
-0.031043
-0.031018
-0.031018
-0.031018
-0.031043
-0.031043
-0.031043
-0.031043
-0.031043
-0.031043
-0.031018
-0.031043
-0.031043
-0.031043
-0.031043
-0.031043
-0.031043
-0.031043
-0.031043
-0.031043
-0.031043
-0.031043
-0.031043
-0.031043
-0.031043
-0.031043
-0.031043
-0.031043
-0.031043
-0.031043
-0.031043
-0.031043
-0.031043
-0.031043
-0.031043
-0.031043
-0.031043
-0.031043
-0.031043
-0.031043
-0.031043
-0.031043
-0.031043
-0.031043
-0.031018
-0.031018
-0.031018
-0.031018
-0.031018
-0.031018
-0.031018
-0.031018
-0.031018
-0.031018
-0.031018
-0.031018
-0.031018
-0.031018
-0.031018
-0.031018
-0.031018
-0.031018
-0.031018
-0.031018
-0.031018
-0.031018
-0.031018
-0.031018
-0.031018
-0.031018
-0.031018
-0.031018
-0.031018
-0.031018
-0.031018
-0.031018
-0.031018
-0.031018
-0.031018
-0.031018
-0.031018
-0.031043
-0.031043
-0.031018
-0.031018
-0.031018
-0.031018
-0.031018
-0.031018
-0.031018
-0.031018
-0.031018
-0.031018
-0.031018
-0.031018
-0.031018
-0.031043
-0.031067
-0.031092
-0.031117
-0.031141
-0.031166
-0.031092
-0.030058
-0.030353
-0.030673
-0.030895
-0.031018
-0.031067
-0.031067
-0.031067
-0.031067
-0.031043
-0.031043
-0.031043
-0.031043
-0.031018
-0.031018
-0.031043
-0.031043
-0.031043
-0.031043
-0.031043
-0.031043
-0.031043
-0.031043
-0.031043
-0.031043
-0.031043
-0.031043
-0.031043
-0.031043
-0.031018
-0.031018
-0.031018
-0.031018
-0.031018
-0.031043
-0.031043
-0.031018
-0.031018
-0.031018
-0.031043
-0.031043
-0.031043
-0.031067
-0.031067
-0.031067
-0.031067
-0.031067
-0.031043
-0.031067
-0.031067
-0.031043
-0.031043
-0.031043
-0.031043
-0.031043
-0.031043
-0.031043
-0.031018
-0.031018
-0.031018
-0.031018
-0.030993
-0.030993
-0.031018
-0.030993
-0.030993
-0.030993
-0.031018
-0.031018
-0.031018
-0.031018
-0.031043
-0.031043
-0.031043
-0.031043
-0.031043
-0.031043
-0.031043
-0.031043
-0.031043
-0.031067
-0.031043
-0.031043
-0.031043
-0.031067
-0.031067
-0.031067
-0.031067
-0.031043
-0.031043
-0.031067
-0.031067
-0.031067
-0.031067
-0.031067
-0.031067
-0.031067
-0.031067
-0.031067
-0.031067
-0.031067
-0.031067
-0.031067
-0.031067
-0.031067
-0.031067
-0.031067
-0.031067
-0.031067
-0.031067
-0.031067
-0.031067
-0.031067
-0.031067
-0.031067
-0.031067
-0.031067
-0.031067
-0.031067
-0.031067
-0.031067
-0.031067
-0.031067
-0.031067
-0.031067
-0.031043
-0.031043
-0.031043
-0.031067
-0.031067
-0.031067
-0.031067
-0.031067
-0.031043
-0.031043
-0.031043
-0.031043
-0.031043
-0.031043
-0.031043
-0.031043
-0.031043
-0.031043
-0.031043
-0.031043
-0.031043
-0.031043
-0.031067
-0.031067
-0.031043
-0.031067
-0.031067
-0.031067
-0.031067
-0.031067
-0.031067
-0.031067
-0.031067
-0.031067
-0.031067
-0.031067
-0.031067
-0.031067
-0.031067
-0.031067
-0.031067
-0.031067
-0.031067
-0.031067
-0.031067
-0.031067
-0.031067
-0.031092
-0.031141
-0.031141
-0.031166
-0.031215
-0.03119
-0.031067
-0.030846
-0.03055
-0.030181
-0.030206
-0.03055
-0.030821
-0.030993
-0.031092
-0.031117
-0.031117
-0.031117
-0.031117
-0.031117
-0.031092
-0.031092
-0.031092
-0.031067
-0.031067
-0.031092
-0.031092
-0.031092
-0.031067
-0.031092
-0.031092
-0.031067
-0.031092
-0.031092
-0.031092
-0.031092
-0.031067
-0.031067
-0.031067
-0.031092
-0.031092
-0.031092
-0.031067
-0.031067
-0.031067
-0.031067
-0.031067
-0.031067
-0.031067
-0.031092
-0.031092
-0.031092
-0.031092
-0.031092
-0.031092
-0.031092
-0.031092
-0.031092
-0.031092
-0.031117
-0.031117
-0.031092
-0.031092
-0.031092
-0.031092
-0.031067
-0.031067
-0.031067
-0.031043
-0.031043
-0.031043
-0.031043
-0.031043
-0.031043
-0.031043
-0.031067
-0.031067
-0.031067
-0.031067
-0.031067
-0.031067
-0.031067
-0.031067
-0.031067
-0.031067
-0.031067
-0.031092
-0.031067
-0.031092
-0.031092
-0.031067
-0.031092
-0.031092
-0.031092
-0.031092
-0.031092
-0.031092
-0.031092
-0.031092
-0.031092
-0.031092
-0.031092
-0.031092
-0.031092
-0.031092
-0.031092
-0.031092
-0.031092
-0.031117
-0.031117
-0.031117
-0.031117
-0.031117
-0.031117
-0.031117
-0.031117
-0.031117
-0.031117
-0.031117
-0.031117
-0.031092
-0.031092
-0.031092
-0.031092
-0.031092
-0.031092
-0.031092
-0.031092
-0.031092
-0.031092
-0.031092
-0.031092
-0.031092
-0.031092
-0.031092
-0.031092
-0.031092
-0.031092
-0.031092
-0.031092
-0.031092
-0.031092
-0.031092
-0.031092
-0.031067
-0.031067
-0.031067
-0.031067
-0.031067
-0.031067
-0.031067
-0.031067
-0.031067
-0.031092
-0.031092
-0.031092
-0.031092
-0.031092
-0.031092
-0.031092
-0.031092
-0.031092
-0.031092
-0.031092
-0.031092
-0.031092
-0.031092
-0.031092
-0.031092
-0.031092
-0.031092
-0.031092
-0.031092
-0.031092
-0.031092
-0.031092
-0.031067
-0.031067
-0.031067
-0.031092
-0.031092
-0.031092
-0.031117
-0.031166
-0.031166
-0.031215
-0.03124
-0.031215
-0.03028
-0.030624
-0.03087
-0.031043
-0.031117
-0.031117
-0.031117
-0.031141
-0.031141
-0.031117
-0.031117
-0.031117
-0.031117
-0.031117
-0.031117
-0.031092
-0.031117
-0.031117
-0.031092
-0.031092
-0.031117
-0.031092
-0.031092
-0.031117
-0.031092
-0.031092
-0.031092
-0.031092
-0.031092
-0.031092
-0.031092
-0.031092
-0.031092
-0.031092
-0.031092
-0.031092
-0.031092
-0.031092
-0.031092
-0.031092
-0.031043
-0.031043
-0.031018
-0.031018
-0.030993
-0.030993
-0.030993
-0.030993
-0.030969
-0.030969
-0.030969
-0.030969
-0.030969
-0.030969
-0.030944
-0.030944
-0.030944
-0.030944
-0.03092
-0.03092
-0.03092
-0.03092
-0.03092
-0.03092
-0.03092
-0.03092
-0.03092
-0.03092
-0.03092
-0.030944
-0.030944
-0.030944
-0.030944
-0.030944
-0.030944
-0.030944
-0.030944
-0.030944
-0.030944
-0.030944
-0.030969
-0.030969
-0.030969
-0.030969
-0.030969
-0.030969
-0.030969
-0.030969
-0.030969
-0.030969
-0.030969
-0.030969
-0.030969
-0.030969
-0.030969
-0.030969
-0.030969
-0.030993
-0.030993
-0.030969
-0.030969
-0.030993
-0.030993
-0.030993
-0.030993
-0.030993
-0.030969
-0.030993
-0.030993
-0.030993
-0.030993
-0.030993
-0.030993
-0.030993
-0.030993
-0.030993
-0.030993
-0.030993
-0.030993
-0.030993
-0.030993
-0.030993
-0.030993
-0.030993
-0.030993
-0.030993
-0.030993
-0.030993
-0.030993
-0.030993
-0.030993
-0.030993
-0.030993
-0.030993
-0.030993
-0.030993
-0.030993
-0.030993
-0.030993
-0.030993
-0.030993
-0.030993
-0.030993
-0.030993
-0.030993
-0.030993
-0.030993
-0.030993
-0.030993
-0.030993
-0.030993
-0.030993
-0.030993
-0.030993
-0.030993
-0.030993
-0.030993
-0.031018
-0.030993
-0.031018
-0.031018
-0.031018
-0.031018
-0.031018
-0.031018
-0.031018
-0.031018
-0.031018
-0.031018
-0.031018
-0.031018
-0.031018
-0.031018
-0.031018
-0.031067
-0.031092
-0.031117
-0.031141
-0.031166
-0.031117
-0.030969
-0.030723
-0.030378
-0.030058
-0.03023
-0.030575
-0.030821
-0.030969
-0.031043
-0.031067
-0.031067
-0.031067
-0.031067
-0.031043
-0.031043
-0.031043
-0.031043
-0.031018
-0.031018
-0.031018
