2018
4
26
16
34
47.299
-0.023116
-0.02314
-0.02314
-0.02314
-0.023165
-0.023165
-0.023165
-0.02319
-0.02319
-0.02319
-0.023214
-0.023214
-0.023214
-0.023214
-0.023214
-0.023214
-0.023214
-0.023214
-0.02319
-0.023165
-0.023165
-0.02314
-0.023116
-0.023091
-0.023067
-0.023067
-0.023042
-0.023017
-0.022993
-0.022993
-0.022968
-0.022968
-0.022944
-0.022944
-0.022944
-0.022919
-0.022919
-0.022919
-0.022919
-0.022919
-0.022894
-0.022894
-0.022894
-0.022894
-0.022894
-0.022894
-0.022894
-0.022894
-0.022919
-0.022919
-0.022919
-0.022919
-0.022919
-0.022919
-0.022919
-0.022919
-0.022919
-0.022919
-0.022919
-0.022919
-0.022944
-0.022919
-0.022919
-0.022919
-0.022944
-0.022944
-0.022919
-0.022919
-0.022919
-0.022944
-0.022919
-0.022919
-0.022919
-0.022919
-0.022919
-0.022919
-0.022919
-0.022919
-0.022919
-0.022919
-0.022919
-0.022919
-0.022919
-0.022919
-0.022919
-0.022944
-0.022919
-0.022919
-0.022919
-0.022919
-0.022919
-0.022919
-0.022919
-0.022919
-0.022919
-0.022944
-0.022944
-0.022944
-0.022944
-0.022944
-0.022944
-0.022944
-0.022944
-0.022944
-0.022944
-0.022944
-0.022944
-0.022944
-0.022944
-0.022944
-0.022944
-0.022919
-0.022919
-0.022919
-0.022919
-0.022944
-0.022944
-0.022944
-0.022919
-0.022919
-0.022944
-0.022944
-0.022944
-0.022944
-0.022944
-0.022944
-0.022944
-0.022944
-0.022944
-0.022944
-0.022944
-0.022968
-0.022968
-0.022968
-0.022968
-0.022993
-0.023042
-0.023091
-0.023116
-0.023165
-0.023214
-0.023239
-0.02314
-0.023067
-0.022919
-0.0225
-0.021959
-0.02191
-0.02218
-0.022427
-0.02255
-0.022648
-0.022747
-0.02282
-0.022894
-0.022944
-0.022968
-0.022993
-0.023017
-0.023017
-0.023042
-0.023042
-0.023042
-0.023042
-0.023067
-0.023067
-0.023067
-0.023067
-0.023067
-0.023091
-0.023091
-0.023091
-0.023116
-0.023116
-0.023116
-0.023116
-0.02314
-0.02314
-0.02314
-0.02314
-0.023165
-0.023165
-0.023165
-0.023165
-0.02319
-0.023214
-0.023214
-0.023214
-0.023214
-0.023239
-0.023239
-0.023264
-0.023264
-0.023264
-0.023288
-0.023288
-0.023288
-0.023288
-0.023288
-0.023288
-0.023264
-0.023239
-0.023239
-0.023214
-0.02319
-0.023165
-0.02314
-0.023116
-0.023091
-0.023067
-0.023067
-0.023067
-0.023042
-0.023042
-0.023017
-0.023017
-0.023017
-0.023017
-0.022993
-0.022993
-0.022993
-0.022993
-0.022993
-0.022993
-0.022993
-0.022993
-0.022993
-0.022993
-0.022993
-0.022968
-0.022993
-0.022993
-0.022993
-0.022993
-0.022993
-0.022993
-0.022993
-0.022993
-0.022993
-0.023017
-0.023017
-0.023017
-0.022993
-0.023017
-0.023017
-0.022993
-0.022993
-0.022993
-0.022993
-0.022993
-0.022993
-0.022993
-0.022993
-0.022993
-0.022993
-0.022993
-0.022993
-0.022993
-0.022993
-0.022993
-0.022993
-0.022993
-0.022993
-0.022993
-0.022993
-0.022993
-0.022993
-0.022993
-0.022993
-0.022993
-0.022993
-0.022993
-0.022993
-0.022993
-0.022993
-0.022993
-0.022993
-0.022993
-0.022993
-0.022993
-0.022993
-0.022993
-0.022993
-0.022993
-0.022993
-0.023017
-0.023017
-0.023017
-0.022993
-0.022993
-0.023017
-0.023017
-0.023017
-0.022993
-0.022993
-0.022993
-0.022993
-0.022993
-0.022993
-0.022993
-0.022993
-0.022993
-0.022993
-0.022993
-0.022993
-0.022993
-0.022993
-0.022993
-0.022993
-0.022993
-0.022993
-0.022993
-0.022993
-0.022993
-0.022993
-0.022993
-0.022993
-0.023017
-0.023017
-0.023017
-0.023017
-0.023017
-0.023017
-0.023042
-0.023067
-0.023116
-0.02314
-0.023165
-0.023239
-0.023288
-0.023264
-0.02319
-0.023116
-0.022968
-0.022451
-0.021983
-0.022033
-0.022328
-0.022525
-0.022648
-0.022747
-0.02282
-0.022894
-0.022968
-0.023017
-0.023042
-0.023042
-0.023067
-0.023067
-0.023067
-0.023091
-0.023091
-0.023091
-0.023091
-0.023116
-0.023116
-0.023116
-0.023116
-0.02314
-0.02314
-0.02314
-0.023165
-0.023165
-0.023165
-0.023165
-0.02319
-0.02319
-0.02319
-0.02319
-0.023214
-0.023214
-0.023214
-0.023214
-0.023239
-0.023239
-0.023264
-0.023264
-0.023264
-0.023288
-0.023288
-0.023313
-0.023313
-0.023313
-0.023313
-0.023337
-0.023337
-0.023337
-0.023337
-0.023337
-0.023337
-0.023337
-0.023313
-0.023313
-0.023288
-0.023288
-0.023264
-0.023239
-0.023214
-0.02319
-0.023165
-0.023091
-0.023091
-0.023067
-0.023067
-0.023067
-0.023067
-0.023067
-0.023042
-0.023042
-0.023042
-0.023042
-0.023042
-0.023042
-0.023042
-0.023042
-0.023042
-0.023042
-0.023042
-0.023042
-0.023042
-0.023042
-0.023042
-0.023042
-0.023042
-0.023042
-0.023042
-0.023042
-0.023042
-0.023042
-0.023042
-0.023042
-0.023042
-0.023042
-0.023042
-0.023042
-0.023042
-0.023042
-0.023042
-0.023042
-0.023042
-0.023042
-0.023042
-0.023042
-0.023042
-0.023042
-0.023042
-0.023042
-0.023042
-0.023042
-0.023042
-0.023042
-0.023042
-0.023042
-0.023042
-0.023042
-0.023042
-0.023042
-0.023042
-0.023042
-0.023042
-0.023042
-0.023042
-0.023042
-0.023042
-0.023042
-0.023042
-0.023042
-0.023042
-0.023042
-0.023042
-0.023042
-0.023042
-0.023042
-0.023042
-0.023042
-0.023042
-0.023042
-0.023042
-0.023042
-0.023042
-0.023067
-0.023042
-0.023067
-0.023067
-0.023067
-0.023067
-0.023067
-0.023042
-0.023042
-0.023042
-0.023042
-0.023042
-0.023042
-0.023042
-0.023042
-0.023042
-0.023042
-0.023042
-0.023042
-0.023042
-0.023042
-0.023042
-0.023042
-0.023042
-0.023067
-0.023067
-0.023067
-0.023042
-0.023067
-0.023067
-0.023067
-0.023067
-0.023042
-0.023067
-0.023067
-0.023067
-0.023067
-0.023067
-0.023067
-0.023067
-0.023214
-0.023239
-0.023288
-0.023337
-0.023288
-0.023214
-0.02314
-0.022894
-0.022328
-0.022033
-0.022205
-0.022476
-0.022623
-0.022747
-0.02282
-0.022894
-0.022968
-0.023017
-0.023067
-0.023091
-0.023116
-0.023116
-0.023116
-0.023116
-0.02314
-0.02314
-0.02314
-0.02314
-0.02314
-0.023165
-0.023165
-0.023165
-0.023165
-0.023165
-0.023165
-0.02319
-0.02319
-0.02319
-0.023214
-0.023214
-0.023239
-0.023239
-0.023239
-0.023264
-0.023264
-0.023264
-0.023264
-0.023288
-0.023288
-0.023288
-0.023313
-0.023313
-0.023313
-0.023337
-0.023337
-0.023337
-0.023337
-0.023362
-0.023362
-0.023362
-0.023362
-0.023362
-0.023362
-0.023362
-0.023362
-0.023337
-0.023337
-0.023313
-0.023313
-0.023288
-0.023264
-0.023239
-0.023214
-0.023214
-0.02319
-0.023165
-0.023165
-0.02314
-0.02314
-0.023116
-0.023091
-0.023091
-0.023091
-0.023091
-0.023091
-0.023091
-0.023067
-0.023091
-0.023091
-0.023091
-0.023091
-0.023091
-0.023091
-0.023091
-0.023091
-0.023091
-0.023091
-0.023091
-0.023091
-0.023091
-0.023091
-0.023091
-0.023091
-0.023091
-0.023091
-0.023091
-0.023091
-0.023091
-0.023091
-0.023091
-0.023091
-0.023091
-0.023091
-0.023091
-0.023091
-0.023091
-0.023091
-0.023091
-0.023091
-0.023091
-0.023091
-0.023091
-0.023091
-0.023067
-0.023067
-0.023091
-0.023091
-0.023091
-0.023067
-0.023067
-0.023067
-0.023067
-0.023067
-0.023067
-0.023067
-0.023067
-0.023067
-0.023067
-0.023067
-0.023067
-0.023067
-0.023067
-0.023067
-0.023067
-0.023067
-0.023067
-0.023067
-0.023091
-0.023091
-0.023091
-0.023091
-0.023091
-0.023091
-0.023091
-0.023091
-0.023091
-0.023091
-0.023091
-0.023091
-0.023091
-0.023091
-0.023091
-0.023091
-0.023091
-0.023091
-0.023091
-0.023067
-0.023067
-0.023067
-0.023067
-0.023067
-0.023067
-0.023067
-0.023091
-0.023091
-0.023091
-0.023091
-0.023091
-0.023091
-0.023091
-0.023091
-0.023067
-0.023091
-0.023091
-0.023091
-0.023091
-0.023091
-0.023091
-0.023091
-0.023091
-0.023091
-0.023091
-0.023091
-0.023091
-0.023091
-0.023116
-0.023116
-0.023165
-0.023214
-0.023239
-0.023239
-0.023165
-0.022919
-0.022353
-0.022057
-0.022254
-0.0225
-0.022673
-0.022771
-0.02287
-0.022944
-0.022993
-0.023042
-0.023091
-0.02314
-0.02314
-0.02314
-0.023165
-0.023165
-0.023165
-0.023165
-0.023165
-0.023165
-0.02319
-0.02319
-0.02319
-0.02319
-0.02319
-0.023214
-0.023214
-0.023214
-0.023214
-0.023239
-0.023239
-0.023239
-0.023239
-0.023264
-0.023264
-0.023264
-0.023288
-0.023313
-0.023313
-0.023313
-0.023313
-0.023337
-0.023337
-0.023337
-0.023362
-0.023362
-0.023362
-0.023387
-0.023387
-0.023387
-0.023387
-0.023387
-0.023387
-0.023387
-0.023387
-0.023362
-0.023362
-0.023362
-0.023337
-0.023337
-0.023313
-0.023288
-0.023264
-0.023239
-0.023239
-0.023214
-0.02319
-0.02319
-0.023165
-0.023165
-0.02314
-0.02314
-0.02314
-0.02314
-0.02314
-0.023116
-0.023116
-0.023116
-0.023116
-0.023116
-0.023116
-0.023116
-0.023116
-0.023116
-0.023116
-0.023116
-0.023116
-0.023116
-0.023116
-0.023116
-0.023116
-0.023116
-0.023116
-0.023116
-0.023116
-0.023116
-0.023116
-0.023116
-0.023116
-0.023116
-0.023116
-0.023116
-0.023116
-0.023116
-0.023116
-0.023116
-0.023116
-0.023116
-0.023116
-0.023116
-0.023116
-0.023116
-0.023116
-0.023116
-0.023116
-0.023116
-0.023116
-0.023116
-0.023116
-0.023116
-0.023116
-0.023116
-0.023116
-0.023116
-0.023116
-0.023116
-0.023116
-0.023116
-0.023116
-0.023116
-0.023116
-0.023116
-0.023116
-0.023116
-0.023116
-0.023116
-0.023116
-0.023116
-0.023116
-0.023116
-0.023116
-0.023116
-0.023116
-0.023116
-0.023116
-0.023116
-0.023116
-0.023116
-0.02314
-0.02314
-0.023116
-0.023116
-0.023116
-0.023116
-0.023116
-0.023116
-0.023116
-0.023116
-0.023116
-0.023116
-0.023116
-0.023116
-0.023116
-0.023116
-0.023116
-0.023116
-0.02314
-0.02314
-0.02314
-0.023116
-0.02314
-0.02314
-0.02314
-0.02314
-0.023116
-0.02314
-0.02314
-0.02314
-0.02314
-0.02314
-0.02314
-0.023165
-0.02319
-0.023239
-0.023264
-0.023313
-0.023337
-0.023387
-0.023387
-0.023288
-0.023214
-0.023067
-0.022574
-0.022131
-0.022205
-0.022476
-0.022673
-0.023017
-0.023067
-0.02314
-0.023165
-0.023165
-0.02319
-0.02319
-0.02319
-0.023214
-0.023214
-0.023214
-0.023214
-0.023239
-0.023239
-0.023239
-0.023239
-0.023239
-0.023239
-0.023264
-0.023264
-0.023264
-0.023264
-0.023288
-0.023288
-0.023288
-0.023288
-0.023313
-0.023313
-0.023313
-0.023313
-0.023337
-0.023337
-0.023337
-0.023337
-0.023337
-0.023362
-0.023362
-0.023362
-0.023387
-0.023387
-0.023411
-0.023436
-0.023436
-0.023436
-0.023436
-0.023436
-0.023411
-0.023411
-0.023411
-0.023387
-0.023387
-0.023362
-0.023362
-0.023337
-0.023313
-0.023288
-0.023264
-0.023264
-0.023239
-0.023239
-0.023214
-0.02319
-0.02319
-0.02319
-0.02319
-0.023165
-0.023165
-0.023165
-0.023165
-0.023165
-0.023165
-0.023165
-0.023165
-0.02314
-0.02314
-0.02314
-0.023165
-0.023165
-0.023165
-0.023165
-0.023165
-0.023165
-0.023165
-0.023165
-0.023165
-0.023165
-0.023165
-0.023165
-0.023165
-0.02319
-0.02319
-0.02319
-0.023165
-0.023165
-0.023165
-0.023165
-0.023165
-0.023165
-0.023165
-0.023165
-0.023165
-0.023165
-0.023165
-0.023165
-0.023165
-0.023165
-0.023165
-0.023165
-0.023165
-0.023165
-0.023165
-0.023165
-0.023165
-0.023165
-0.023165
-0.023165
-0.023165
-0.023165
-0.023165
-0.023165
-0.023165
-0.023165
-0.023165
-0.023165
-0.023165
-0.023165
-0.023165
-0.023165
-0.023165
-0.023165
-0.023165
-0.023165
-0.023165
-0.023165
-0.023165
-0.02319
-0.02319
-0.02319
-0.02319
-0.02319
-0.02319
-0.02319
-0.02319
-0.02319
-0.023165
-0.023165
-0.023165
-0.023165
-0.023165
-0.023165
-0.023165
-0.023165
-0.023165
-0.023165
-0.023165
-0.023165
-0.02319
-0.023165
-0.02319
-0.023165
-0.02319
-0.02319
-0.02319
-0.02319
-0.02319
-0.02319
-0.02319
-0.02319
-0.02319
-0.02319
-0.02319
-0.02319
-0.023214
-0.023239
-0.023288
-0.023337
-0.023362
-0.023387
-0.023436
-0.023436
-0.023337
-0.023264
-0.023116
-0.022673
-0.022205
-0.02223
-0.0225
-0.022722
-0.022845
-0.022919
-0.022993
-0.023067
-0.023116
-0.023165
-0.023214
-0.023214
-0.023239
-0.023239
-0.023264
-0.023264
-0.023288
-0.023288
-0.023288
-0.023288
-0.023288
-0.023313
-0.023313
-0.023313
-0.023313
-0.023337
-0.023337
-0.023337
-0.023362
-0.023362
-0.023362
-0.023362
-0.023362
-0.023387
-0.023387
-0.023387
-0.023387
-0.023411
-0.023411
-0.023411
-0.023411
-0.023436
-0.02346
-0.02346
-0.02346
-0.02346
-0.023485
-0.023485
-0.023485
-0.023485
-0.023485
-0.02351
-0.02351
-0.02351
-0.023485
-0.023485
-0.023436
-0.023411
-0.023411
-0.023387
-0.023362
-0.023337
-0.023313
-0.023313
-0.023288
-0.023288
-0.023264
-0.023264
-0.023264
-0.023239
-0.023239
-0.023239
-0.023239
-0.023239
-0.023214
-0.023214
-0.023214
-0.023214
-0.023214
-0.023214
-0.023214
-0.023214
-0.023214
-0.023214
-0.023214
-0.023214
-0.023214
-0.023214
-0.023214
-0.023214
-0.023239
-0.023239
-0.023214
-0.023214
-0.023214
-0.023239
-0.023239
-0.023239
-0.023214
-0.023214
-0.023239
-0.023239
-0.023214
-0.023214
-0.023214
-0.023214
-0.023214
-0.023214
-0.023214
-0.023214
-0.023214
-0.023214
-0.023214
-0.023214
-0.023214
-0.023214
-0.023214
-0.023214
-0.023214
-0.023214
-0.023214
-0.023214
-0.023214
-0.023214
-0.023214
-0.023214
-0.023214
-0.023214
-0.023214
-0.023239
-0.023239
-0.023239
-0.023239
-0.023214
-0.023214
-0.023239
-0.023214
-0.023239
-0.023239
-0.023239
-0.023239
-0.023239
-0.023239
-0.023239
-0.023239
-0.023239
-0.023239
-0.023239
-0.023239
-0.023239
-0.023239
-0.023239
-0.023239
-0.023239
-0.023239
-0.023239
-0.023239
-0.023239
-0.023239
-0.023239
-0.023239
-0.023239
-0.023239
-0.023239
-0.023239
-0.023239
-0.023239
-0.023239
-0.023239
-0.023239
-0.023239
-0.023239
-0.023239
-0.023239
-0.023239
-0.023239
-0.023239
-0.023239
-0.023264
-0.023288
-0.023337
-0.023387
-0.023411
-0.023436
-0.023485
-0.02351
-0.023436
-0.023362
-0.023264
-0.022919
-0.022353
-0.02223
-0.022476
-0.022722
-0.02287
-0.022968
-0.023042
-0.023116
-0.023165
-0.023214
-0.023264
-0.023288
-0.023288
-0.023288
-0.023313
-0.023313
-0.023313
-0.023313
-0.023313
-0.023337
-0.023337
-0.023337
-0.023337
-0.023362
-0.023362
-0.023362
-0.023387
-0.023387
-0.023411
-0.023411
-0.023411
-0.023411
-0.023411
-0.023436
-0.023436
-0.023436
-0.023436
-0.02346
-0.02346
-0.02346
-0.02346
-0.023485
-0.023485
-0.023485
-0.023485
-0.02351
-0.02351
-0.023534
-0.023534
-0.023534
-0.023534
-0.023534
-0.023559
-0.023534
-0.023534
-0.023534
-0.023534
-0.023534
-0.02351
-0.023485
-0.023485
-0.02346
-0.023436
-0.023411
-0.023411
-0.023387
-0.023313
-0.023313
-0.023313
-0.023313
-0.023288
-0.023288
-0.023288
-0.023288
-0.023288
-0.023288
-0.023288
-0.023288
-0.023288
-0.023288
-0.023288
-0.023288
-0.023288
-0.023288
-0.023288
-0.023288
-0.023288
-0.023288
-0.023288
-0.023288
-0.023288
-0.023288
-0.023288
-0.023288
-0.023288
-0.023288
-0.023288
-0.023288
-0.023288
-0.023288
-0.023288
-0.023288
-0.023288
-0.023288
-0.023288
-0.023288
-0.023288
-0.023288
-0.023288
-0.023288
-0.023288
-0.023288
-0.023288
-0.023288
-0.023288
-0.023288
-0.023288
-0.023288
-0.023288
-0.023288
-0.023288
-0.023288
-0.023288
-0.023288
-0.023288
-0.023288
-0.023288
-0.023288
-0.023288
-0.023288
-0.023288
-0.023288
-0.023288
-0.023288
-0.023288
-0.023288
-0.023288
-0.023288
-0.023288
-0.023288
-0.023288
-0.023288
-0.023288
-0.023313
-0.023313
-0.023313
-0.023288
-0.023288
-0.023288
-0.023288
-0.023288
-0.023288
-0.023288
-0.023288
-0.023288
-0.023288
-0.023313
-0.023313
-0.023313
-0.023288
-0.023313
-0.023313
-0.023313
-0.023288
-0.023288
-0.023313
-0.023313
-0.023313
-0.023313
-0.023313
-0.023313
-0.023313
-0.023313
-0.023313
-0.023313
-0.023313
-0.023313
-0.023337
-0.023362
-0.023411
-0.02346
-0.023485
-0.02351
-0.023559
-0.023559
-0.02346
-0.022303
-0.022353
-0.022623
-0.02282
-0.022944
-0.023042
-0.023116
-0.02319
-0.023239
-0.023288
-0.023313
-0.023337
-0.023362
-0.023362
-0.023362
-0.023362
-0.023387
-0.023387
-0.023387
-0.023387
-0.023387
-0.023387
-0.023411
-0.023411
-0.023411
-0.023411
-0.023436
-0.023436
-0.023436
-0.023436
-0.023436
-0.02346
-0.02346
-0.02346
-0.02346
-0.023485
-0.023485
-0.023485
-0.023485
-0.023485
-0.023534
-0.023534
-0.023534
-0.023559
-0.023559
-0.023559
-0.023584
-0.023584
-0.023584
-0.023584
-0.023608
-0.023608
-0.023608
-0.023584
-0.023584
-0.023584
-0.023584
-0.023559
-0.023559
-0.023534
-0.023534
-0.02351
-0.023485
-0.02346
-0.02346
-0.023436
-0.023411
-0.023411
-0.023387
-0.023387
-0.023362
-0.023362
-0.023362
-0.023362
-0.023337
-0.023337
-0.023337
-0.023337
-0.023337
-0.023337
-0.023337
-0.023337
-0.023337
-0.023337
-0.023337
-0.023337
-0.023337
-0.023337
-0.023337
-0.023337
-0.023337
-0.023337
-0.023337
-0.023337
-0.023337
-0.023337
-0.023337
-0.023337
-0.023337
-0.023337
-0.023362
-0.023362
-0.023337
-0.023337
-0.023337
-0.023337
-0.023337
-0.023337
-0.023337
-0.023337
-0.023337
-0.023337
-0.023337
-0.023337
-0.023337
-0.023337
-0.023337
-0.023337
-0.023337
-0.023337
-0.023337
-0.023337
-0.023337
-0.023337
-0.023337
-0.023337
-0.023337
-0.023337
-0.023337
-0.023337
-0.023337
-0.023337
-0.023337
-0.023337
-0.023337
-0.023337
-0.023337
-0.023337
-0.023337
-0.023337
-0.023337
-0.023337
-0.023337
-0.023337
-0.023337
-0.023337
-0.023362
-0.023362
-0.023362
-0.023362
-0.023362
-0.023337
-0.023337
-0.023362
-0.023362
-0.023337
-0.023337
-0.023337
-0.023337
-0.023337
-0.023337
-0.023337
-0.023337
-0.023337
-0.023337
-0.023337
-0.023337
-0.023337
-0.023337
-0.023337
-0.023337
-0.023337
-0.023337
-0.023337
-0.023362
-0.023362
-0.023362
-0.023362
-0.023362
-0.023362
-0.023362
-0.023362
-0.023362
-0.023387
-0.02346
-0.023485
-0.02351
-0.023559
-0.023584
-0.023584
-0.02351
-0.023436
-0.023288
-0.022845
-0.022353
-0.022402
-0.022673
-0.02287
-0.022993
-0.023091
-0.023337
-0.023362
-0.023387
-0.023411
-0.023411
-0.023411
-0.023411
-0.023436
-0.023436
-0.023436
-0.023436
-0.02346
-0.02346
-0.02346
-0.02346
-0.02346
-0.023485
-0.023485
-0.023485
-0.023485
-0.023485
-0.02351
-0.02351
-0.02351
-0.02351
-0.02351
-0.023534
-0.023534
-0.023534
-0.023534
-0.023534
-0.023559
-0.023559
-0.023559
-0.023559
-0.023584
-0.023584
-0.023608
-0.023608
-0.023608
-0.023633
-0.023633
-0.023633
-0.023633
-0.023633
-0.023633
-0.023633
-0.023608
-0.023608
-0.023584
-0.023559
-0.023559
-0.023534
-0.02351
-0.023485
-0.023485
-0.02346
-0.023436
-0.023436
-0.023436
-0.023411
-0.023411
-0.023411
-0.023387
-0.023387
-0.023387
-0.023387
-0.023387
-0.023387
-0.023387
-0.023387
-0.023387
-0.023387
-0.023387
-0.023387
-0.023387
-0.023387
-0.023387
-0.023387
-0.023387
-0.023387
-0.023387
-0.023387
-0.023387
-0.023387
-0.023387
-0.023387
-0.023387
-0.023387
-0.023387
-0.023387
-0.023387
-0.023387
-0.023387
-0.023387
-0.023387
-0.023387
-0.023387
-0.023387
-0.023387
-0.023387
-0.023387
-0.023387
-0.023362
-0.023387
-0.023387
-0.023387
-0.023387
-0.023387
-0.023362
-0.023362
-0.023362
-0.023387
-0.023387
-0.023387
-0.023387
-0.023387
-0.023387
-0.023387
-0.023387
-0.023387
-0.023387
-0.023387
-0.023387
-0.023362
-0.023387
-0.023387
-0.023362
-0.023362
-0.023387
-0.023387
-0.023387
-0.023387
-0.023387
-0.023387
-0.023387
-0.023387
-0.023387
-0.023411
-0.023411
-0.023387
-0.023387
-0.023387
-0.023387
-0.023387
-0.023387
-0.023387
-0.023387
-0.023387
-0.023387
-0.023387
-0.023387
-0.023387
-0.023387
-0.023387
-0.023387
-0.023387
-0.023387
-0.023387
-0.023387
-0.023411
-0.023387
-0.023387
-0.023411
-0.023411
-0.023387
-0.023387
-0.023411
-0.023411
-0.023411
-0.023411
-0.023411
-0.023436
-0.02346
-0.02351
-0.023534
-0.023559
-0.023608
-0.023633
-0.023608
-0.023534
-0.023485
-0.023288
-0.022771
-0.022377
-0.0225
-0.022771
-0.022944
-0.023067
-0.023165
-0.023239
-0.023288
-0.023362
-0.023387
-0.023436
-0.023436
-0.02346
-0.02346
-0.02346
-0.023485
-0.023485
-0.023485
-0.023485
-0.02351
-0.02351
-0.02351
-0.02351
-0.02351
-0.02351
-0.023534
-0.023534
-0.023559
-0.023559
-0.023559
-0.023559
-0.023559
-0.023584
-0.023584
-0.023584
-0.023584
-0.023608
-0.023608
-0.023608
-0.023608
-0.023633
-0.023633
-0.023657
-0.023657
-0.023657
-0.023657
-0.023682
-0.023682
-0.023682
-0.023682
-0.023682
-0.023707
-0.023707
-0.023707
-0.023682
-0.023682
-0.023633
-0.023633
-0.023608
-0.023584
-0.023559
-0.023559
-0.023534
-0.02351
-0.02351
-0.023485
-0.023485
-0.023485
-0.02346
-0.02346
-0.02346
-0.023436
-0.023436
-0.023436
-0.023436
-0.023436
-0.023436
-0.023436
-0.023436
-0.023436
-0.023436
-0.023436
-0.023436
-0.023436
-0.023436
-0.023436
-0.023436
-0.023436
-0.023436
-0.023436
-0.023436
-0.023436
-0.023436
-0.023436
-0.023436
-0.023436
-0.023436
-0.023436
-0.023436
-0.023436
-0.023436
-0.023436
-0.023436
-0.023436
-0.023436
-0.023436
-0.023436
-0.023436
-0.023436
-0.023436
-0.023436
-0.023436
-0.023436
-0.023436
-0.023436
-0.023436
-0.023436
-0.023436
-0.023436
-0.023436
-0.023436
-0.023436
-0.023436
-0.023436
-0.023436
-0.023436
-0.023436
-0.023436
-0.023436
-0.023436
-0.023436
-0.023436
-0.023436
-0.023436
-0.023436
-0.023436
-0.023436
-0.023436
-0.023436
-0.023436
-0.023436
-0.023436
-0.023436
-0.023436
-0.02346
-0.02346
-0.02346
-0.02346
-0.02346
-0.02346
-0.02346
-0.02346
-0.02346
-0.02346
-0.02346
-0.02346
-0.02346
-0.02346
-0.02346
-0.023436
-0.02346
-0.023436
-0.023436
-0.023436
-0.023436
-0.023436
-0.02346
-0.02346
-0.02346
-0.02346
-0.02346
-0.02346
-0.02346
-0.02346
-0.02346
-0.02346
-0.02346
-0.02346
-0.02346
-0.02346
-0.02346
-0.02346
-0.02346
-0.023485
-0.023485
-0.023485
-0.02351
-0.023559
-0.023608
-0.023633
-0.023657
-0.023707
-0.023707
-0.023608
-0.023559
-0.023436
-0.023017
-0.0225
-0.0225
-0.022771
-0.022993
-0.023116
-0.02319
-0.023288
-0.023337
-0.023411
-0.02346
-0.023485
-0.02351
-0.02351
-0.023534
-0.023534
-0.023534
-0.023559
-0.023559
-0.023559
-0.023584
-0.023584
-0.023584
-0.023584
-0.023608
-0.023608
-0.023608
-0.023608
-0.023608
-0.023633
-0.023633
-0.023633
-0.023633
-0.023633
-0.023657
-0.023657
-0.023657
-0.023657
-0.023682
-0.023682
-0.023682
-0.023682
-0.023707
-0.023707
-0.023707
-0.023731
-0.023731
-0.023731
-0.023731
-0.023756
-0.023756
-0.023756
-0.023756
-0.023756
-0.023756
-0.023756
-0.023731
-0.023731
-0.023731
-0.023731
-0.023657
-0.023633
-0.023633
-0.023608
-0.023584
-0.023584
-0.023559
-0.023559
-0.023559
-0.023534
-0.023534
-0.023534
-0.02351
-0.02351
-0.02351
-0.02351
-0.02351
-0.023485
-0.023485
-0.023485
-0.023485
-0.023485
-0.023485
-0.023485
-0.023485
-0.023485
-0.02351
-0.02351
-0.02351
-0.02351
-0.02351
-0.02351
-0.02351
-0.02351
-0.02351
-0.02351
-0.02351
-0.02351
-0.02351
-0.023485
-0.02351
-0.023485
-0.023485
-0.02351
-0.02351
-0.02351
-0.023485
-0.023485
-0.023485
-0.023485
-0.023485
-0.023485
-0.023485
-0.023485
-0.023485
-0.023485
-0.023485
-0.023485
-0.023485
-0.023485
-0.023485
-0.023485
-0.023485
-0.023485
-0.023485
-0.023485
-0.023485
-0.023485
-0.023485
-0.023485
-0.023485
-0.023485
-0.023485
-0.023485
-0.023485
-0.023485
-0.023485
-0.023485
-0.02351
-0.02351
-0.02351
-0.02351
-0.02351
-0.02351
-0.02351
-0.02351
-0.02351
-0.02351
-0.02351
-0.02351
-0.02351
-0.02351
-0.02351
-0.02351
-0.02351
-0.02351
-0.02351
-0.02351
-0.02351
-0.02351
-0.02351
-0.02351
-0.02351
-0.02351
-0.02351
-0.02351
-0.02351
-0.02351
-0.02351
-0.02351
-0.02351
-0.02351
-0.02351
-0.02351
-0.02351
-0.02351
-0.02351
-0.02351
-0.02351
-0.02351
-0.02351
-0.02351
-0.02351
-0.02351
-0.02351
-0.023534
-0.023534
-0.023534
-0.023534
-0.023559
-0.023608
-0.023657
-0.023682
-0.023707
-0.023731
-0.023781
-0.023707
-0.023633
-0.023534
-0.023214
-0.022648
-0.0225
-0.022747
-0.022993
-0.02314
-0.023239
-0.023313
-0.023387
-0.023436
-0.023485
-0.02351
-0.023559
-0.023559
-0.023584
-0.023584
-0.023584
-0.023584
-0.023584
-0.023608
-0.023608
-0.023633
-0.023633
-0.023633
-0.023657
-0.023657
-0.023657
-0.023657
-0.023657
-0.023682
-0.023682
-0.023682
-0.023682
-0.023682
-0.023707
-0.023707
-0.023707
-0.023707
-0.023731
-0.023731
-0.023731
-0.023756
-0.023756
-0.023756
-0.023781
-0.023781
-0.023781
-0.023781
-0.023805
-0.023805
-0.023805
-0.023805
-0.023805
-0.023805
-0.023805
-0.023805
-0.023805
-0.023781
-0.023781
-0.023756
-0.023756
-0.023682
-0.023657
-0.023633
-0.023633
-0.023608
-0.023608
-0.023584
-0.023584
-0.023584
-0.023559
-0.023559
-0.023559
-0.023559
-0.023559
-0.023559
-0.023559
-0.023534
-0.023534
-0.023534
-0.023534
-0.023534
-0.023534
-0.023534
-0.023534
-0.023534
-0.023534
-0.023534
-0.023534
-0.023534
-0.023534
-0.023534
-0.023559
-0.023534
-0.023559
-0.023559
-0.023559
-0.023534
-0.023534
-0.023534
-0.023534
-0.023534
-0.023534
-0.023534
-0.023534
-0.023534
-0.023534
-0.023534
-0.023534
-0.023534
-0.023534
-0.023534
-0.023534
-0.023534
-0.023534
-0.023534
-0.023534
-0.023534
-0.023534
-0.023534
-0.023534
-0.023534
-0.023534
-0.023534
-0.023534
-0.023534
-0.023534
-0.023534
-0.023534
-0.023534
-0.023534
-0.023534
-0.023534
-0.023534
-0.023534
-0.023534
-0.023534
-0.023534
-0.023534
-0.023534
-0.023534
-0.023534
-0.023534
-0.023534
-0.023534
-0.023534
-0.023559
-0.023534
-0.023534
-0.023559
-0.023559
-0.023559
-0.023559
-0.023559
-0.023559
-0.023559
-0.023559
-0.023559
-0.023559
-0.023534
-0.023559
-0.023534
-0.023534
-0.023534
-0.023534
-0.023534
-0.023534
-0.023559
-0.023559
-0.023559
-0.023559
-0.023559
-0.023559
-0.023559
-0.023559
-0.023559
-0.023559
-0.023559
-0.023559
-0.023559
-0.023559
-0.023559
-0.023559
-0.023559
-0.023559
-0.023559
-0.023584
-0.023608
-0.023657
-0.023707
-0.023731
-0.023756
-0.023781
-0.023805
-0.023707
-0.023633
-0.023534
-0.02314
-0.022599
-0.022574
-0.022845
-0.023067
-0.02319
-0.023288
-0.023362
-0.023436
-0.023485
-0.023534
-0.023584
-0.023584
-0.023608
-0.023608
-0.023633
-0.023633
-0.023633
-0.023633
-0.023633
-0.023657
-0.023657
-0.023657
-0.023657
-0.023682
-0.023682
-0.023682
-0.023707
-0.023707
-0.023707
-0.023707
-0.023707
-0.023731
-0.023731
-0.023731
-0.023731
-0.023731
-0.023756
-0.023756
-0.023781
-0.023781
-0.023781
-0.023781
-0.023781
-0.023805
-0.023805
-0.023805
-0.02383
-0.02383
-0.02383
-0.02383
-0.023854
-0.023854
-0.023854
-0.023854
-0.02383
-0.02383
-0.02383
-0.02383
-0.023805
-0.023805
-0.023781
-0.023756
-0.023756
