2018
4
26
16
38
47.504
-0.055266
-0.055266
-0.055242
-0.055242
-0.055266
-0.055266
-0.055242
-0.055242
-0.055242
-0.055266
-0.055266
-0.055266
-0.055242
-0.055242
-0.055266
-0.055266
-0.055266
-0.055266
-0.055266
-0.055266
-0.055266
-0.055266
-0.055242
-0.055242
-0.055242
-0.055242
-0.055217
-0.055217
-0.055217
-0.055242
-0.055242
-0.055242
-0.055217
-0.055217
-0.055242
-0.055242
-0.055217
-0.055217
-0.055217
-0.055217
-0.055192
-0.055217
-0.055217
-0.055217
-0.055192
-0.055192
-0.055217
-0.055217
-0.055217
-0.055192
-0.055192
-0.055217
-0.055217
-0.055217
-0.055217
-0.055217
-0.055242
-0.055242
-0.055217
-0.055217
-0.055217
-0.055217
-0.055217
-0.055217
-0.055192
-0.055192
-0.055217
-0.055217
-0.055192
-0.055192
-0.055192
-0.055192
-0.055192
-0.055192
-0.055168
-0.055119
-0.055094
-0.055069
-0.054996
-0.054897
-0.055636
-0.055636
-0.05566
-0.055636
-0.055537
-0.055439
-0.055316
-0.055266
-0.055217
-0.055192
-0.055168
-0.055143
-0.055119
-0.055119
-0.055119
-0.055119
-0.055094
-0.055119
-0.055119
-0.055094
-0.055069
-0.055094
-0.055119
-0.055119
-0.055119
-0.055094
-0.055094
-0.055094
-0.055119
-0.055119
-0.055094
-0.055094
-0.055094
-0.055094
-0.055069
-0.055045
-0.055045
-0.055045
-0.055069
-0.055045
-0.055045
-0.055045
-0.05502
-0.054996
-0.054996
-0.054971
-0.054971
-0.054922
-0.054897
-0.054897
-0.054897
-0.054897
-0.054897
-0.054872
-0.054872
-0.054897
-0.054897
-0.054872
-0.054872
-0.054922
-0.054946
-0.054946
-0.054946
-0.054971
-0.054996
-0.05502
-0.055045
-0.055045
-0.055069
-0.055094
-0.055119
-0.055119
-0.055119
-0.055119
-0.055143
-0.055168
-0.055168
-0.055168
-0.055168
-0.055168
-0.055168
-0.055168
-0.055192
-0.055192
-0.055168
-0.055168
-0.055168
-0.055192
-0.055192
-0.055168
-0.055168
-0.055192
-0.055192
-0.055192
-0.055168
-0.055168
-0.055168
-0.055168
-0.055168
-0.055143
-0.055143
-0.055168
-0.055168
-0.055168
-0.055143
-0.055143
-0.055143
-0.055168
-0.055168
-0.055143
-0.055143
-0.055168
-0.055168
-0.055168
-0.055143
-0.055143
-0.055168
-0.055168
-0.055168
-0.055143
-0.055168
-0.055168
-0.055168
-0.055192
-0.055192
-0.055192
-0.055192
-0.055192
-0.055192
-0.055192
-0.055192
-0.055168
-0.055168
-0.055192
-0.055192
-0.055192
-0.055192
-0.055192
-0.055192
-0.055192
-0.055192
-0.055168
-0.055168
-0.055192
-0.055192
-0.055192
-0.055192
-0.055192
-0.055192
-0.055192
-0.055192
-0.055168
-0.055168
-0.055168
-0.055168
-0.055168
-0.055168
-0.055168
-0.055168
-0.055168
-0.055168
-0.055143
-0.055143
-0.055143
-0.055168
-0.055168
-0.055168
-0.055143
-0.055143
-0.055168
-0.055168
-0.055168
-0.055168
-0.055168
-0.055168
-0.055192
-0.055168
-0.055168
-0.055143
-0.055168
-0.055168
-0.055168
-0.055143
-0.055143
-0.055143
-0.055143
-0.055143
-0.055143
-0.055143
-0.055143
-0.055143
-0.055143
-0.055143
-0.055143
-0.055094
-0.055069
-0.05502
-0.054971
-0.054872
-0.054897
-0.055611
-0.055636
-0.05566
-0.055636
-0.055537
-0.055414
-0.055316
-0.055266
-0.055192
-0.055168
-0.055143
-0.055119
-0.055094
-0.055094
-0.055069
-0.055045
-0.055069
-0.055069
-0.055069
-0.055069
-0.055045
-0.055045
-0.055045
-0.055045
-0.055045
-0.05502
-0.05502
-0.055045
-0.055045
-0.05502
-0.054996
-0.054996
-0.05502
-0.05502
-0.054996
-0.054996
-0.054996
-0.054996
-0.054996
-0.054996
-0.054971
-0.054922
-0.054897
-0.054897
-0.054897
-0.054897
-0.054872
-0.054848
-0.054823
-0.054848
-0.054823
-0.054799
-0.054799
-0.054774
-0.054799
-0.054799
-0.054799
-0.054774
-0.054799
-0.054823
-0.054823
-0.054823
-0.054848
-0.054872
-0.054897
-0.054946
-0.054946
-0.054946
-0.054971
-0.054996
-0.054996
-0.05502
-0.05502
-0.05502
-0.055045
-0.055069
-0.055069
-0.055069
-0.055069
-0.055094
-0.055094
-0.055094
-0.055094
-0.055069
-0.055069
-0.055069
-0.055094
-0.055094
-0.055069
-0.055069
-0.055069
-0.055094
-0.055094
-0.055069
-0.055069
-0.055069
-0.055069
-0.055069
-0.055069
-0.055069
-0.055045
-0.055069
-0.055069
-0.055045
-0.05502
-0.055045
-0.055045
-0.055045
-0.055045
-0.055045
-0.055045
-0.055069
-0.055069
-0.055045
-0.055045
-0.055045
-0.055069
-0.055069
-0.055045
-0.055045
-0.055045
-0.055045
-0.055045
-0.055069
-0.055069
-0.055069
-0.055045
-0.055069
-0.055069
-0.055069
-0.055069
-0.055045
-0.055069
-0.055069
-0.055069
-0.055069
-0.055045
-0.055045
-0.055069
-0.055069
-0.055045
-0.055045
-0.055045
-0.055069
-0.055045
-0.055045
-0.05502
-0.055045
-0.055045
-0.055045
-0.05502
-0.05502
-0.05502
-0.055045
-0.055045
-0.05502
-0.054996
-0.054996
-0.05502
-0.05502
-0.054996
-0.054996
-0.054996
-0.054996
-0.05502
-0.05502
-0.05502
-0.05502
-0.054996
-0.054996
-0.05502
-0.05502
-0.05502
-0.05502
-0.05502
-0.05502
-0.05502
-0.05502
-0.054996
-0.054996
-0.05502
-0.05502
-0.05502
-0.054996
-0.054996
-0.05502
-0.05502
-0.054996
-0.054996
-0.054996
-0.054996
-0.054996
-0.054996
-0.054971
-0.054996
-0.054996
-0.054996
-0.054971
-0.054946
-0.054897
-0.054749
-0.054922
-0.055217
-0.055365
-0.055463
-0.055463
-0.055512
-0.055463
-0.055365
-0.055242
-0.055143
-0.055069
-0.05502
-0.054996
-0.054946
-0.054922
-0.054897
-0.054922
-0.054922
-0.054897
-0.054897
-0.054872
-0.054897
-0.054897
-0.054897
-0.054872
-0.054872
-0.054897
-0.054897
-0.054897
-0.054872
-0.054872
-0.054897
-0.054872
-0.054872
-0.054872
-0.054848
-0.054872
-0.054848
-0.054848
-0.054848
-0.054823
-0.054799
-0.054799
-0.054774
-0.054774
-0.054749
-0.054725
-0.0547
-0.0547
-0.0547
-0.054676
-0.054651
-0.054626
-0.054651
-0.054626
-0.054626
-0.054602
-0.054602
-0.054602
-0.054626
-0.054626
-0.054626
-0.054626
-0.054651
-0.054676
-0.054676
-0.054676
-0.0547
-0.054749
-0.054774
-0.054774
-0.054799
-0.054799
-0.054848
-0.054872
-0.054848
-0.054848
-0.054872
-0.054897
-0.054922
-0.054922
-0.054922
-0.054897
-0.054897
-0.054897
-0.054922
-0.054922
-0.054922
-0.054897
-0.054922
-0.054922
-0.054946
-0.054922
-0.054897
-0.054897
-0.054922
-0.054922
-0.054922
-0.054897
-0.054897
-0.054922
-0.054922
-0.054922
-0.054897
-0.054897
-0.054922
-0.054946
-0.054922
-0.054897
-0.054897
-0.054922
-0.054946
-0.054922
-0.054897
-0.054897
-0.054922
-0.054946
-0.054922
-0.054897
-0.054922
-0.054897
-0.054922
-0.054946
-0.054922
-0.054922
-0.054897
-0.054897
-0.054922
-0.054922
-0.054922
-0.054897
-0.054922
-0.054922
-0.054922
-0.054897
-0.054897
-0.054922
-0.054922
-0.054897
-0.054848
-0.054848
-0.054848
-0.054872
-0.054872
-0.054872
-0.054872
-0.054872
-0.054872
-0.054872
-0.054872
-0.054848
-0.054872
-0.054872
-0.054872
-0.054872
-0.054848
-0.054848
-0.054872
-0.054848
-0.054872
-0.054848
-0.054848
-0.054848
-0.054848
-0.054872
-0.054848
-0.054823
-0.054823
-0.054823
-0.054848
-0.054848
-0.054823
-0.054823
-0.054848
-0.054872
-0.054848
-0.054848
-0.054848
-0.054848
-0.054872
-0.054848
-0.054848
-0.054848
-0.054848
-0.054848
-0.054848
-0.054848
-0.054848
-0.054848
-0.054872
-0.054848
-0.054848
-0.054848
-0.054848
-0.054872
-0.054848
-0.054823
-0.054823
-0.054823
-0.054823
-0.054848
-0.054823
-0.054749
-0.0547
-0.054676
-0.054626
-0.054602
-0.0547
-0.054971
-0.055143
-0.055291
-0.05534
-0.05534
-0.05534
-0.055242
-0.055143
-0.055045
-0.054971
-0.054897
-0.054848
-0.054848
-0.054823
-0.054774
-0.054774
-0.054774
-0.054774
-0.054774
-0.054749
-0.054749
-0.054749
-0.054749
-0.054749
-0.054749
-0.054725
-0.054725
-0.054749
-0.054749
-0.054725
-0.054725
-0.0547
-0.0547
-0.0547
-0.0547
-0.0547
-0.054676
-0.054676
-0.054676
-0.054676
-0.054651
-0.054626
-0.054626
-0.054626
-0.054626
-0.054602
-0.054577
-0.054552
-0.054552
-0.054552
-0.054528
-0.054503
-0.054479
-0.054503
-0.054503
-0.054479
-0.054479
-0.054479
-0.054479
-0.054503
-0.054503
-0.054503
-0.054528
-0.054552
-0.054577
-0.054602
-0.054602
-0.054602
-0.054651
-0.054676
-0.054676
-0.054725
-0.054725
-0.054725
-0.054725
-0.054749
-0.054774
-0.054749
-0.054749
-0.054749
-0.054749
-0.054774
-0.054774
-0.054749
-0.054749
-0.054774
-0.054774
-0.054774
-0.054749
-0.054749
-0.054749
-0.054774
-0.054774
-0.054749
-0.054749
-0.054749
-0.054774
-0.054749
-0.054749
-0.054749
-0.054774
-0.054774
-0.054774
-0.054749
-0.054749
-0.054774
-0.054774
-0.054774
-0.054749
-0.054749
-0.054774
-0.054774
-0.054774
-0.054799
-0.054799
-0.054774
-0.054774
-0.054799
-0.054799
-0.054799
-0.054774
-0.054774
-0.054799
-0.054799
-0.054799
-0.054774
-0.054774
-0.054774
-0.054799
-0.054799
-0.054799
-0.054799
-0.054799
-0.054799
-0.054799
-0.054774
-0.054774
-0.054799
-0.054799
-0.054799
-0.054774
-0.054774
-0.054799
-0.054799
-0.054799
-0.054774
-0.054774
-0.054799
-0.054799
-0.054774
-0.054774
-0.054774
-0.054749
-0.054749
-0.054774
-0.054774
-0.054774
-0.054774
-0.054749
-0.054749
-0.054774
-0.054749
-0.054749
-0.054749
-0.054774
-0.054774
-0.054774
-0.054749
-0.054725
-0.054749
-0.054774
-0.054749
-0.054749
-0.054749
-0.054774
-0.054774
-0.054774
-0.054774
-0.054774
-0.054774
-0.054774
-0.054774
-0.054749
-0.054749
-0.054749
-0.054774
-0.054749
-0.054749
-0.054749
-0.054749
-0.054774
-0.054774
-0.054774
-0.054749
-0.054749
-0.054749
-0.054774
-0.054774
-0.054749
-0.054725
-0.054676
-0.054651
-0.054626
-0.054528
-0.054479
-0.054528
-0.054774
-0.054996
-0.055143
-0.055217
-0.055242
-0.055266
-0.055192
-0.055069
-0.054946
-0.054872
-0.054799
-0.054749
-0.054725
-0.0547
-0.054651
-0.054651
-0.054651
-0.054651
-0.054626
-0.054626
-0.054651
-0.054651
-0.054626
-0.054602
-0.054626
-0.054626
-0.054651
-0.054651
-0.054651
-0.054626
-0.054626
-0.054626
-0.054626
-0.054626
-0.054602
-0.054602
-0.054602
-0.054602
-0.054602
-0.054577
-0.054552
-0.054552
-0.054552
-0.054552
-0.054528
-0.054503
-0.054503
-0.054503
-0.054479
-0.054479
-0.054454
-0.054454
-0.054454
-0.054429
-0.054405
-0.05438
-0.054405
-0.054405
-0.054405
-0.054405
-0.054405
-0.054429
-0.054454
-0.054454
-0.054454
-0.054528
-0.054552
-0.054552
-0.054577
-0.054602
-0.054626
-0.054626
-0.054626
-0.054651
-0.054676
-0.054676
-0.054676
-0.054676
-0.054676
-0.0547
-0.0547
-0.0547
-0.054676
-0.054676
-0.0547
-0.0547
-0.054676
-0.054676
-0.054676
-0.0547
-0.0547
-0.054676
-0.054676
-0.054676
-0.0547
-0.0547
-0.054676
-0.054676
-0.054676
-0.054676
-0.054676
-0.054676
-0.054651
-0.054676
-0.054676
-0.054676
-0.0547
-0.0547
-0.054676
-0.054676
-0.054676
-0.0547
-0.0547
-0.054676
-0.054676
-0.054676
-0.0547
-0.0547
-0.0547
-0.054676
-0.054676
-0.0547
-0.0547
-0.0547
-0.0547
-0.0547
-0.054725
-0.054725
-0.0547
-0.0547
-0.0547
-0.054725
-0.054725
-0.0547
-0.0547
-0.054725
-0.054725
-0.054725
-0.054725
-0.0547
-0.054725
-0.054749
-0.054749
-0.054725
-0.054725
-0.0547
-0.054725
-0.054725
-0.054725
-0.054725
-0.0547
-0.0547
-0.0547
-0.0547
-0.0547
-0.054676
-0.054676
-0.0547
-0.054725
-0.0547
-0.054676
-0.054676
-0.0547
-0.054725
-0.0547
-0.0547
-0.0547
-0.0547
-0.054676
-0.054676
-0.054676
-0.0547
-0.0547
-0.0547
-0.0547
-0.054676
-0.054676
-0.0547
-0.0547
-0.0547
-0.054676
-0.0547
-0.0547
-0.0547
-0.0547
-0.054725
-0.0547
-0.0547
-0.0547
-0.054725
-0.054725
-0.054725
-0.0547
-0.054725
-0.054725
-0.054725
-0.0547
-0.054676
-0.054676
-0.0547
-0.0547
-0.054676
-0.054602
-0.054552
-0.054552
-0.054479
-0.054429
-0.054479
-0.0547
-0.054946
-0.055094
-0.055168
-0.055168
-0.055168
-0.055119
-0.054996
-0.054897
-0.054774
-0.054725
-0.0547
-0.054676
-0.054651
-0.054626
-0.054602
-0.054577
-0.054552
-0.054552
-0.054552
-0.054552
-0.054528
-0.054528
-0.054552
-0.054552
-0.054528
-0.054528
-0.054528
-0.054528
-0.054528
-0.054528
-0.054503
-0.054503
-0.054528
-0.054528
-0.054503
-0.054503
-0.054479
-0.054503
-0.054503
-0.054479
-0.054479
-0.054454
-0.054454
-0.054454
-0.054429
-0.054405
-0.054405
-0.054405
-0.05438
-0.05438
-0.054355
-0.054331
-0.054331
-0.054331
-0.054306
-0.054306
-0.054331
-0.054331
-0.054355
-0.05438
-0.054405
-0.054405
-0.054405
-0.054429
-0.054454
-0.054479
-0.054479
-0.054503
-0.054503
-0.054528
-0.054552
-0.054577
-0.054577
-0.054577
-0.054602
-0.054602
-0.054602
-0.054602
-0.054602
-0.054626
-0.054626
-0.054626
-0.054626
-0.054626
-0.054626
-0.054626
-0.054626
-0.054602
-0.054602
-0.054626
-0.054626
-0.054602
-0.054602
-0.054602
-0.054602
-0.054626
-0.054626
-0.054626
-0.054626
-0.054626
-0.054626
-0.054651
-0.054626
-0.054626
-0.054626
-0.054626
-0.054626
-0.054626
-0.054626
-0.054626
-0.054651
-0.054651
-0.054626
-0.054626
-0.054626
-0.054651
-0.054651
-0.054626
-0.054626
-0.054626
-0.054626
-0.054651
-0.054626
-0.054626
-0.054626
-0.054626
-0.054626
-0.054626
-0.054602
-0.054602
-0.054626
-0.054626
-0.054626
-0.054602
-0.054602
-0.054626
-0.054626
-0.054626
-0.054626
-0.054626
-0.054626
-0.054626
-0.054626
-0.054626
-0.054626
-0.054602
-0.054602
-0.054626
-0.054626
-0.054626
-0.054602
-0.054602
-0.054626
-0.054626
-0.054626
-0.054626
-0.054602
-0.054626
-0.054626
-0.054602
-0.054602
-0.054602
-0.054602
-0.054602
-0.054602
-0.054577
-0.054577
-0.054602
-0.054602
-0.054602
-0.054577
-0.054577
-0.054577
-0.054577
-0.054577
-0.054577
-0.054602
-0.054602
-0.054602
-0.054626
-0.054626
-0.054626
-0.054602
-0.054602
-0.054626
-0.054626
-0.054626
-0.054626
-0.054626
-0.054626
-0.054626
-0.054626
-0.054626
-0.054626
-0.054626
-0.054626
-0.054626
-0.054602
-0.054602
-0.054602
-0.054602
-0.054602
-0.054602
-0.054602
-0.054602
-0.054602
-0.054552
-0.054503
-0.054479
-0.054454
-0.05438
-0.054355
-0.054479
-0.054774
-0.054971
-0.055094
-0.05502
-0.054897
-0.054774
-0.0547
-0.054626
-0.054626
-0.054602
-0.054552
-0.054503
-0.054503
-0.054528
-0.054528
-0.054528
-0.054503
-0.054503
-0.054503
-0.054503
-0.054503
-0.054479
-0.054479
-0.054479
-0.054503
-0.054479
-0.054479
-0.054479
-0.054479
-0.054479
-0.054479
-0.054454
-0.054454
-0.054454
-0.054479
-0.054454
-0.054429
-0.054429
-0.054429
-0.054429
-0.054405
-0.05438
-0.05438
-0.054331
-0.054331
-0.054331
-0.054306
-0.054282
-0.054257
-0.054257
-0.054257
-0.054257
-0.054232
-0.054232
-0.054232
-0.054232
-0.054232
-0.054257
-0.054257
-0.054282
-0.054306
-0.054331
-0.054331
-0.054355
-0.054355
-0.054405
-0.054429
-0.054454
-0.054454
-0.054454
-0.054479
-0.054503
-0.054503
-0.054503
-0.054503
-0.054528
-0.054552
-0.054552
-0.054528
-0.054528
-0.054552
-0.054552
-0.054552
-0.054552
-0.054552
-0.054552
-0.054552
-0.054552
-0.054552
-0.054552
-0.054528
-0.054528
-0.054552
-0.054552
-0.054528
-0.054528
-0.054528
-0.054528
-0.054528
-0.054528
-0.054528
-0.054528
-0.054552
-0.054552
-0.054552
-0.054528
-0.054528
-0.054552
-0.054552
-0.054552
-0.054552
-0.054552
-0.054552
-0.054577
-0.054552
-0.054552
-0.054552
-0.054552
-0.054552
-0.054552
-0.054552
-0.054552
-0.054552
-0.054552
-0.054577
-0.054577
-0.054577
-0.054552
-0.054552
-0.054577
-0.054577
-0.054577
-0.054552
-0.054552
-0.054577
-0.054577
-0.054577
-0.054552
-0.054552
-0.054577
-0.054577
-0.054577
-0.054577
-0.054552
-0.054552
-0.054577
-0.054552
-0.054552
-0.054552
-0.054552
-0.054552
-0.054552
-0.054552
-0.054528
-0.054552
-0.054552
-0.054552
-0.054528
-0.054528
-0.054528
-0.054552
-0.054528
-0.054528
-0.054528
-0.054528
-0.054552
-0.054552
-0.054552
-0.054528
-0.054528
-0.054528
-0.054528
-0.054528
-0.054528
-0.054528
-0.054528
-0.054552
-0.054528
-0.054528
-0.054528
-0.054528
-0.054552
-0.054552
-0.054552
-0.054552
-0.054552
-0.054577
-0.054577
-0.054577
-0.054577
-0.054577
-0.054577
-0.054577
-0.054552
-0.054552
-0.054552
-0.054577
-0.054552
-0.054552
-0.054552
-0.054552
-0.054552
-0.054528
-0.054528
-0.054479
-0.054429
-0.05438
-0.054355
-0.054282
-0.054257
-0.054355
-0.054626
-0.054848
-0.054996
-0.055045
-0.055045
-0.05502
-0.054946
-0.054848
-0.054725
-0.054626
-0.054577
-0.054552
-0.054528
-0.054503
-0.054454
-0.054454
-0.054479
-0.054479
-0.054454
-0.054429
-0.054429
-0.054429
-0.054454
-0.054429
-0.054429
-0.054429
-0.054429
-0.054454
-0.054429
-0.054429
-0.054429
-0.054429
-0.054405
-0.054405
-0.054405
-0.054405
-0.05438
-0.05438
-0.05438
-0.05438
-0.05438
-0.054355
-0.054331
-0.054331
-0.054331
-0.054331
-0.054306
-0.054282
-0.054282
-0.054282
-0.054257
-0.054232
-0.054232
-0.054232
-0.054232
-0.054208
-0.054208
-0.054183
-0.054208
-0.054208
-0.054208
-0.054208
-0.054232
-0.054257
-0.054282
-0.054306
-0.054331
-0.054331
-0.05438
-0.054405
-0.054429
-0.054429
-0.054503
-0.054503
-0.054479
-0.054503
-0.054528
-0.054528
-0.054528
-0.054528
-0.054528
-0.054528
-0.054528
-0.054528
-0.054528
-0.054528
-0.054528
-0.054528
-0.054528
-0.054503
-0.054528
-0.054528
-0.054528
-0.054503
-0.054503
-0.054503
-0.054503
-0.054503
-0.054503
-0.054503
-0.054503
-0.054503
-0.054503
-0.054503
-0.054503
-0.054503
-0.054503
-0.054503
-0.054503
-0.054479
-0.054503
-0.054503
-0.054503
-0.054528
-0.054528
-0.054528
-0.054503
-0.054528
-0.054528
-0.054528
-0.054503
-0.054503
-0.054503
-0.054528
-0.054528
-0.054503
-0.054503
-0.054528
-0.054528
-0.054528
-0.054503
-0.054503
-0.054503
-0.054528
-0.054528
-0.054528
-0.054528
-0.054528
-0.054528
-0.054552
-0.054528
-0.054528
-0.054528
-0.054552
-0.054552
-0.054528
-0.054528
-0.054528
-0.054552
-0.054528
-0.054528
-0.054528
-0.054528
-0.054528
-0.054528
-0.054552
-0.054528
-0.054528
-0.054528
-0.054528
-0.054528
-0.054528
-0.054503
-0.054503
-0.054503
-0.054528
-0.054528
-0.054503
-0.054503
-0.054503
-0.054503
-0.054503
-0.054479
-0.054479
-0.054503
-0.054503
-0.054503
-0.054479
-0.054479
-0.054479
-0.054503
-0.054503
-0.054503
-0.054503
-0.054503
-0.054503
-0.054528
-0.054503
-0.054503
-0.054503
-0.054528
-0.054528
-0.054528
-0.054528
-0.054503
-0.054528
-0.054528
-0.054528
-0.054528
-0.054503
-0.054503
-0.054528
-0.054528
-0.054454
-0.054405
-0.05438
-0.054306
-0.054257
-0.054282
-0.054479
-0.054774
-0.054946
-0.055045
-0.05502
-0.055045
-0.054996
-0.054872
-0.054774
-0.054651
-0.054577
-0.054552
-0.054528
-0.054503
-0.054454
-0.054429
-0.054429
-0.054454
-0.054429
-0.054405
-0.054405
-0.054405
-0.054429
-0.054405
-0.054405
-0.054405
-0.054405
-0.05438
-0.054405
-0.054405
-0.054405
-0.05438
-0.05438
-0.05438
-0.05438
-0.05438
-0.054355
-0.054331
-0.054331
-0.054331
-0.054331
-0.054306
-0.054306
-0.054306
-0.054282
-0.054282
-0.054257
-0.054232
-0.054232
-0.054232
-0.054232
-0.054208
-0.054183
-0.054159
-0.054183
-0.054159
-0.054159
-0.054134
-0.054159
-0.054183
-0.054183
-0.054208
-0.054208
-0.054282
-0.054306
-0.054331
-0.054355
-0.05438
-0.05438
-0.054405
-0.054429
-0.054454
-0.054479
-0.054454
-0.054454
-0.054479
-0.054503
-0.054503
-0.054503
-0.054503
-0.054503
-0.054528
-0.054528
-0.054528
-0.054528
-0.054528
-0.054528
-0.054528
-0.054528
-0.054503
-0.054503
-0.054528
-0.054528
-0.054503
-0.054503
-0.054503
-0.054503
-0.054503
-0.054503
-0.054503
-0.054503
-0.054503
-0.054503
-0.054503
-0.054503
-0.054479
-0.054503
-0.054503
-0.054503
-0.054503
-0.054503
-0.054503
-0.054503
-0.054528
-0.054503
-0.054503
-0.054503
-0.054503
-0.054503
-0.054503
-0.054479
-0.054503
-0.054503
-0.054503
-0.054479
-0.054479
-0.054479
-0.054503
-0.054503
-0.054503
-0.054503
-0.054503
-0.054528
-0.054528
-0.054528
-0.054503
-0.054528
-0.054528
-0.054528
-0.054528
-0.054528
-0.054528
-0.054528
-0.054528
-0.054528
-0.054528
-0.054528
-0.054528
-0.054528
-0.054528
-0.054552
-0.054528
-0.054528
-0.054528
-0.054552
-0.054552
-0.054528
-0.054528
-0.054552
-0.054552
-0.054552
-0.054528
-0.054528
-0.054528
-0.054528
-0.054528
-0.054528
-0.054528
-0.054528
-0.054528
-0.054503
-0.054503
-0.054503
-0.054503
-0.054528
-0.054528
-0.054528
-0.054503
-0.054503
-0.054528
-0.054552
-0.054528
-0.054528
-0.054552
-0.054528
-0.054528
-0.054552
-0.054552
-0.054528
-0.054528
-0.054528
-0.054552
-0.054552
-0.054528
-0.054528
-0.054528
-0.054528
-0.054552
-0.054528
-0.054528
-0.054528
-0.054528
-0.054528
-0.054503
-0.054429
-0.054405
-0.05438
-0.054282
-0.054257
-0.054355
-0.054651
-0.054897
-0.055045
-0.055069
-0.055069
-0.055069
-0.054971
-0.054872
-0.054774
-0.054651
-0.054602
-0.054577
-0.054552
-0.054454
-0.054429
-0.054429
-0.054454
-0.054454
-0.054429
-0.054429
-0.054429
-0.054429
-0.054429
-0.054429
-0.054429
-0.054429
-0.054429
-0.054429
-0.054429
-0.054429
-0.054405
-0.054405
-0.054405
-0.054405
-0.05438
-0.05438
-0.054355
-0.054355
-0.054331
-0.054331
-0.054306
-0.054306
-0.054306
-0.054282
-0.054257
-0.054257
-0.054232
-0.054232
-0.054208
-0.054183
-0.054183
-0.054183
-0.054183
-0.054183
-0.054183
-0.054208
-0.054183
-0.054208
-0.054232
-0.054257
-0.054257
-0.054282
-0.054306
-0.054355
-0.05438
-0.05438
-0.05438
-0.054429
-0.054454
-0.054454
-0.054454
-0.054479
-0.054479
-0.054503
-0.054503
-0.054503
-0.054503
-0.054503
-0.054503
-0.054503
-0.054503
-0.054503
-0.054503
-0.054528
-0.054528
-0.054503
-0.054503
-0.054503
-0.054503
-0.054528
-0.054503
-0.054503
-0.054503
-0.054479
-0.054479
-0.054503
-0.054503
-0.054503
-0.054479
-0.054479
-0.054503
-0.054503
-0.054503
-0.054503
-0.054503
-0.054503
-0.054503
-0.054503
-0.054503
-0.054503
-0.054503
-0.054503
-0.054503
-0.054503
-0.054503
-0.054528
-0.054528
-0.054528
-0.054503
-0.054528
-0.054528
-0.054528
-0.054528
-0.054503
-0.054503
-0.054528
-0.054528
-0.054528
-0.054503
-0.054528
-0.054528
-0.054528
-0.054503
-0.054528
-0.054528
-0.054503
-0.054503
-0.054503
-0.054528
-0.054503
-0.054503
-0.054479
-0.054503
-0.054503
-0.054503
-0.054503
-0.054503
-0.054503
-0.054528
-0.054503
-0.054503
-0.054503
-0.054503
-0.054528
-0.054528
-0.054503
-0.054503
-0.054503
-0.054503
-0.054479
-0.054479
-0.054479
-0.054503
-0.054479
-0.054479
-0.054454
-0.054454
-0.054454
-0.054479
-0.054454
-0.054454
-0.054454
-0.054454
-0.054454
-0.054479
-0.054479
-0.054479
-0.054479
-0.054479
-0.054479
-0.054503
-0.054479
-0.054479
-0.054479
-0.054479
-0.054479
-0.054479
-0.054479
-0.054479
-0.054479
-0.054479
-0.054479
-0.054479
-0.054479
-0.054479
-0.054479
-0.054479
-0.054454
-0.054429
-0.054405
-0.054355
-0.054331
-0.054257
-0.054183
-0.054232
-0.054454
-0.054749
-0.054922
-0.054996
-0.054996
-0.05502
-0.054946
-0.054848
-0.054503
-0.054479
-0.054429
-0.054405
-0.05438
-0.05438
-0.054355
-0.054355
-0.054355
-0.054355
-0.054331
-0.054331
-0.054331
-0.054331
-0.054331
-0.054331
-0.054331
-0.054331
-0.054355
-0.054355
-0.054355
-0.054331
-0.054331
-0.054331
-0.054331
-0.054306
-0.054306
-0.054306
-0.054306
-0.054306
-0.054282
-0.054257
-0.054257
-0.054257
-0.054257
-0.054232
-0.054208
-0.054208
-0.054183
-0.054183
-0.054109
-0.054109
-0.054085
-0.054085
-0.054085
-0.054085
-0.054085
-0.05406
-0.05406
-0.054085
-0.054109
-0.054109
-0.054134
-0.054159
-0.054183
-0.054208
-0.054232
-0.054232
-0.054257
-0.054282
-0.054306
-0.054306
-0.054331
-0.054331
-0.054355
-0.054355
-0.05438
-0.05438
-0.05438
-0.05438
-0.054405
-0.054405
-0.054405
-0.054405
-0.054405
-0.054429
-0.054405
-0.054405
-0.054405
-0.054405
-0.054405
-0.054405
-0.054405
-0.054405
-0.05438
-0.05438
-0.05438
-0.05438
-0.05438
-0.054355
-0.054355
-0.05438
-0.05438
-0.05438
-0.05438
-0.05438
-0.05438
-0.054405
-0.054405
-0.05438
-0.05438
-0.054405
-0.054405
-0.054405
-0.05438
-0.05438
-0.05438
-0.054405
-0.054405
-0.054405
-0.054405
-0.054429
-0.054429
-0.054429
-0.054429
-0.054405
-0.054429
-0.054429
-0.054405
-0.054405
-0.054405
-0.054405
-0.054405
-0.054405
-0.054429
-0.054429
-0.054405
-0.054405
-0.054405
-0.054405
-0.054405
-0.05438
-0.05438
-0.05438
-0.05438
-0.05438
-0.05438
-0.05438
-0.05438
-0.054405
-0.054405
-0.05438
-0.05438
-0.05438
-0.05438
-0.05438
-0.05438
-0.05438
-0.05438
-0.05438
-0.05438
-0.054355
-0.054355
-0.054355
-0.054355
-0.054355
-0.054331
-0.054331
-0.054306
-0.054331
-0.054331
-0.054331
-0.054355
-0.054331
-0.054331
-0.054355
-0.054355
-0.054355
-0.054355
-0.054331
-0.054355
-0.054355
-0.054355
-0.054355
-0.054331
-0.054331
-0.054355
-0.054355
-0.054331
-0.054331
-0.054331
-0.054355
-0.054331
-0.054331
-0.054331
-0.054331
-0.054331
-0.054331
-0.054331
-0.054306
-0.054306
-0.054306
-0.054257
-0.054183
-0.054159
-0.054085
-0.05406
-0.054109
-0.054355
-0.054626
-0.054872
-0.054799
-0.0547
-0.054577
-0.054479
-0.05438
-0.054355
-0.054331
-0.054306
-0.054257
-0.054232
-0.054232
-0.054232
-0.054232
-0.054232
-0.054232
-0.054208
-0.054208
-0.054232
-0.054232
-0.054208
-0.054232
-0.054232
-0.054232
-0.054232
-0.054232
-0.054232
-0.054232
-0.054232
-0.054208
-0.054208
-0.054208
-0.054208
-0.054232
-0.054208
-0.054183
-0.054159
-0.054159
-0.054159
-0.054134
-0.05406
-0.054035
-0.054011
-0.054011
-0.053986
-0.053986
-0.053962
-0.053962
-0.053962
-0.053962
-0.053962
-0.053962
-0.053962
-0.053962
-0.053962
-0.053986
-0.053986
-0.053986
-0.054011
-0.05406
-0.054085
-0.054085
-0.054085
-0.054109
-0.054159
-0.054159
-0.054183
-0.054183
-0.054208
-0.054232
-0.054232
-0.054232
-0.054232
-0.054257
-0.054282
-0.054282
-0.054257
-0.054257
-0.054282
-0.054282
-0.054282
-0.054282
-0.054282
-0.054282
-0.054257
-0.054257
-0.054282
-0.054257
-0.054257
-0.054232
-0.054232
-0.054232
-0.054232
-0.054208
-0.054232
-0.054232
-0.054232
-0.054232
-0.054232
-0.054232
-0.054232
-0.054232
-0.054232
-0.054232
-0.054208
-0.054208
-0.054232
-0.054208
-0.054208
-0.054183
-0.054208
-0.054208
-0.054208
-0.054208
-0.054208
-0.054232
-0.054232
-0.054257
-0.054232
-0.054232
-0.054257
-0.054257
-0.054257
-0.054257
-0.054257
-0.054232
-0.054232
-0.054232
-0.054232
-0.054232
-0.054232
-0.054232
-0.054232
-0.054232
-0.054232
-0.054208
-0.054208
-0.054232
-0.054232
-0.054232
-0.054208
-0.054232
-0.054232
-0.054232
-0.054208
-0.054208
-0.054208
-0.054208
-0.054208
-0.054208
-0.054183
-0.054208
-0.054232
-0.054208
-0.054208
-0.054208
-0.054208
-0.054257
-0.054232
-0.054208
