2018
4
26
16
34
47.299
-0.03156
-0.031584
-0.031609
-0.031634
-0.031634
-0.031658
-0.031658
-0.031683
-0.031707
-0.031707
-0.031732
-0.031732
-0.031732
-0.031757
-0.031757
-0.031757
-0.031757
-0.031757
-0.031757
-0.031732
-0.031732
-0.031707
-0.031683
-0.031658
-0.031658
-0.031634
-0.031609
-0.031609
-0.031584
-0.031584
-0.03156
-0.031535
-0.031535
-0.031535
-0.031535
-0.03151
-0.03151
-0.03151
-0.03151
-0.03151
-0.031486
-0.031486
-0.031486
-0.03151
-0.03151
-0.031535
-0.031535
-0.031535
-0.031535
-0.031535
-0.031535
-0.031535
-0.031535
-0.031535
-0.031535
-0.031535
-0.031535
-0.031535
-0.03156
-0.03156
-0.03156
-0.03156
-0.03156
-0.03156
-0.031584
-0.03156
-0.03156
-0.03156
-0.03156
-0.03156
-0.03156
-0.03156
-0.03156
-0.03156
-0.031584
-0.031584
-0.03156
-0.03156
-0.03156
-0.03156
-0.031584
-0.03156
-0.03156
-0.03156
-0.03156
-0.03156
-0.03156
-0.03156
-0.03156
-0.03156
-0.03156
-0.03156
-0.03156
-0.03156
-0.03156
-0.03156
-0.03156
-0.03156
-0.031535
-0.031535
-0.031535
-0.031535
-0.031535
-0.031535
-0.031535
-0.031535
-0.031535
-0.031535
-0.03156
-0.03156
-0.03156
-0.03156
-0.03156
-0.03156
-0.03156
-0.03156
-0.03156
-0.03156
-0.03156
-0.03156
-0.03156
-0.031584
-0.031584
-0.031584
-0.031584
-0.031584
-0.031584
-0.031584
-0.031584
-0.031584
-0.031584
-0.031584
-0.031584
-0.031609
-0.031609
-0.031609
-0.031634
-0.031634
-0.031658
-0.031757
-0.03188
-0.031904
-0.031806
-0.031658
-0.031387
-0.031289
-0.031092
-0.031043
-0.03124
-0.031387
-0.031461
-0.03151
-0.03156
-0.031584
-0.031609
-0.031634
-0.031634
-0.031634
-0.031634
-0.031658
-0.031658
-0.031634
-0.031658
-0.031658
-0.031658
-0.031658
-0.031658
-0.031658
-0.031658
-0.031658
-0.031658
-0.031658
-0.031634
-0.031634
-0.031634
-0.031658
-0.031658
-0.031658
-0.031658
-0.031683
-0.031683
-0.031683
-0.031707
-0.031707
-0.031732
-0.031757
-0.031781
-0.031781
-0.031806
-0.03183
-0.031855
-0.031855
-0.03188
-0.031904
-0.031904
-0.031929
-0.031929
-0.031929
-0.031929
-0.031929
-0.031929
-0.031904
-0.031904
-0.03188
-0.031855
-0.031855
-0.03183
-0.031806
-0.031781
-0.031781
-0.031757
-0.031757
-0.031757
-0.031732
-0.031732
-0.031707
-0.031707
-0.031707
-0.031707
-0.031707
-0.031707
-0.031707
-0.031707
-0.031683
-0.031683
-0.031707
-0.031707
-0.031707
-0.031707
-0.031707
-0.031707
-0.031732
-0.031732
-0.031732
-0.031732
-0.031732
-0.031732
-0.031732
-0.031757
-0.031757
-0.031757
-0.031757
-0.031757
-0.031757
-0.031757
-0.031757
-0.031757
-0.031757
-0.031757
-0.031757
-0.031732
-0.031732
-0.031732
-0.031732
-0.031732
-0.031732
-0.031732
-0.031732
-0.031757
-0.031732
-0.031732
-0.031732
-0.031732
-0.031732
-0.031732
-0.031732
-0.031732
-0.031732
-0.031732
-0.031732
-0.031732
-0.031732
-0.031707
-0.031707
-0.031707
-0.031707
-0.031707
-0.031707
-0.031707
-0.031707
-0.031707
-0.031707
-0.031707
-0.031707
-0.031683
-0.031683
-0.031683
-0.031683
-0.031683
-0.031683
-0.031683
-0.031683
-0.031683
-0.031683
-0.031683
-0.031683
-0.031683
-0.031683
-0.031683
-0.031683
-0.031707
-0.031707
-0.031707
-0.031707
-0.031707
-0.031707
-0.031732
-0.031732
-0.031732
-0.031732
-0.031732
-0.031732
-0.031732
-0.031707
-0.031732
-0.031732
-0.031732
-0.031732
-0.031732
-0.031707
-0.031707
-0.031707
-0.031707
-0.031732
-0.031757
-0.031781
-0.031757
-0.031806
-0.031904
-0.032027
-0.032027
-0.031954
-0.03183
-0.031609
-0.031486
-0.031215
-0.031215
-0.031412
-0.03156
-0.031609
-0.031658
-0.031683
-0.031732
-0.031732
-0.031757
-0.031781
-0.031781
-0.031781
-0.031781
-0.031806
-0.031781
-0.031781
-0.031781
-0.031806
-0.031806
-0.031781
-0.031781
-0.031806
-0.031806
-0.031806
-0.031806
-0.031806
-0.031781
-0.031781
-0.031806
-0.031806
-0.031806
-0.031806
-0.03183
-0.03183
-0.03183
-0.031855
-0.031855
-0.03188
-0.031904
-0.031904
-0.031929
-0.031954
-0.031978
-0.031978
-0.032003
-0.032003
-0.032027
-0.032027
-0.032027
-0.032052
-0.032052
-0.032052
-0.032052
-0.032052
-0.032052
-0.032052
-0.032052
-0.032027
-0.032027
-0.032003
-0.031978
-0.031954
-0.031929
-0.031904
-0.03183
-0.03183
-0.031806
-0.031806
-0.031806
-0.031781
-0.031781
-0.031781
-0.031781
-0.031781
-0.031781
-0.031781
-0.031781
-0.031781
-0.031781
-0.031781
-0.031781
-0.031806
-0.031781
-0.031781
-0.031806
-0.031806
-0.031806
-0.031806
-0.031806
-0.031806
-0.031806
-0.031806
-0.03183
-0.03183
-0.03183
-0.03183
-0.03183
-0.03183
-0.03183
-0.03183
-0.03183
-0.03183
-0.03183
-0.03183
-0.03183
-0.03183
-0.03183
-0.03183
-0.03183
-0.031855
-0.031855
-0.03183
-0.03183
-0.03183
-0.03183
-0.03183
-0.03183
-0.03183
-0.03183
-0.03183
-0.03183
-0.03183
-0.03183
-0.03183
-0.031806
-0.031806
-0.03183
-0.031806
-0.031806
-0.031806
-0.031806
-0.031806
-0.031806
-0.031806
-0.031806
-0.031806
-0.031806
-0.031806
-0.031806
-0.031781
-0.031806
-0.031806
-0.031806
-0.031806
-0.031806
-0.031806
-0.031806
-0.031806
-0.031806
-0.031806
-0.031806
-0.031806
-0.031806
-0.031806
-0.031806
-0.031806
-0.031806
-0.03183
-0.031806
-0.031806
-0.031806
-0.03183
-0.03183
-0.03183
-0.03183
-0.03183
-0.03183
-0.03183
-0.03183
-0.03183
-0.03183
-0.03183
-0.03183
-0.031806
-0.031806
-0.031806
-0.031806
-0.031806
-0.03183
-0.03183
-0.031806
-0.031806
-0.031806
-0.03183
-0.031855
-0.031904
-0.032027
-0.032126
-0.032101
-0.032052
-0.031904
-0.031757
-0.031535
-0.031289
-0.031363
-0.03156
-0.031683
-0.031732
-0.031757
-0.031806
-0.03183
-0.03183
-0.031855
-0.031855
-0.031855
-0.031855
-0.031855
-0.031855
-0.03183
-0.03183
-0.031855
-0.031855
-0.031855
-0.031855
-0.031855
-0.031855
-0.031855
-0.031855
-0.03183
-0.03183
-0.03183
-0.031855
-0.031855
-0.03183
-0.03183
-0.031855
-0.03188
-0.03188
-0.031904
-0.031904
-0.031929
-0.031929
-0.031954
-0.031978
-0.031978
-0.032003
-0.032003
-0.032027
-0.032052
-0.032052
-0.032077
-0.032077
-0.032101
-0.032101
-0.032101
-0.032101
-0.032101
-0.032101
-0.032101
-0.032101
-0.032077
-0.032077
-0.032077
-0.032052
-0.032027
-0.032003
-0.031978
-0.031978
-0.031954
-0.031929
-0.031904
-0.031904
-0.031904
-0.03188
-0.031855
-0.031855
-0.031855
-0.031855
-0.031855
-0.031855
-0.03183
-0.031855
-0.031855
-0.031855
-0.031855
-0.031855
-0.031855
-0.031855
-0.031855
-0.031855
-0.031855
-0.03188
-0.03188
-0.03188
-0.03188
-0.03188
-0.03188
-0.031904
-0.031904
-0.031904
-0.031904
-0.031904
-0.031904
-0.031904
-0.031904
-0.031904
-0.031904
-0.031904
-0.031904
-0.031904
-0.031904
-0.031904
-0.031904
-0.031904
-0.03188
-0.03188
-0.03188
-0.03188
-0.03188
-0.03188
-0.03188
-0.03188
-0.03188
-0.03188
-0.03188
-0.03188
-0.03188
-0.031855
-0.031855
-0.031855
-0.031855
-0.031855
-0.031855
-0.031855
-0.031855
-0.031855
-0.031855
-0.031855
-0.031855
-0.031855
-0.031855
-0.031855
-0.031855
-0.031855
-0.031855
-0.031855
-0.031855
-0.031855
-0.03183
-0.03183
-0.031855
-0.03183
-0.03183
-0.03183
-0.03183
-0.03183
-0.03183
-0.03183
-0.03183
-0.03183
-0.03183
-0.03183
-0.03183
-0.03183
-0.03183
-0.03183
-0.03183
-0.03183
-0.03183
-0.03183
-0.03183
-0.03183
-0.03183
-0.03183
-0.03183
-0.03183
-0.031855
-0.03183
-0.03183
-0.031855
-0.031855
-0.031855
-0.031855
-0.031855
-0.031855
-0.031855
-0.03183
-0.03183
-0.031855
-0.031855
-0.031855
-0.03188
-0.03188
-0.03188
-0.032077
-0.031929
-0.031781
-0.03156
-0.031264
-0.031363
-0.03156
-0.031683
-0.031732
-0.031757
-0.031781
-0.031806
-0.03183
-0.031855
-0.031855
-0.031855
-0.031855
-0.031855
-0.03188
-0.03188
-0.031855
-0.031855
-0.031855
-0.031855
-0.03188
-0.031855
-0.031855
-0.031855
-0.031855
-0.031855
-0.031855
-0.031855
-0.031855
-0.031855
-0.03188
-0.03188
-0.031855
-0.031855
-0.03188
-0.031904
-0.031954
-0.031954
-0.031954
-0.031978
-0.032003
-0.032003
-0.032027
-0.032052
-0.032052
-0.032052
-0.032077
-0.032077
-0.032101
-0.032101
-0.032101
-0.032101
-0.032101
-0.032101
-0.032101
-0.032101
-0.032101
-0.032101
-0.032077
-0.032052
-0.032027
-0.032003
-0.032003
-0.031978
-0.031954
-0.031929
-0.031929
-0.031904
-0.03188
-0.03188
-0.03188
-0.031855
-0.031855
-0.031855
-0.031855
-0.03183
-0.031806
-0.03183
-0.03183
-0.03183
-0.03183
-0.03183
-0.03183
-0.03183
-0.03183
-0.03183
-0.03183
-0.03183
-0.03183
-0.03183
-0.03183
-0.03183
-0.031855
-0.031855
-0.031855
-0.031855
-0.031855
-0.031855
-0.031855
-0.031855
-0.031855
-0.031855
-0.031855
-0.031855
-0.031855
-0.031855
-0.031855
-0.031855
-0.031855
-0.031855
-0.031855
-0.031855
-0.031855
-0.031855
-0.031855
-0.031855
-0.031855
-0.03183
-0.03183
-0.03183
-0.031806
-0.031806
-0.031806
-0.031806
-0.031806
-0.031806
-0.031806
-0.031806
-0.031806
-0.031806
-0.031806
-0.031781
-0.031781
-0.031806
-0.031806
-0.031806
-0.031781
-0.031781
-0.031781
-0.031781
-0.031781
-0.031781
-0.031781
-0.031781
-0.031781
-0.031781
-0.031781
-0.031781
-0.031781
-0.031781
-0.031781
-0.031781
-0.031781
-0.031781
-0.031781
-0.031781
-0.031806
-0.031806
-0.031806
-0.031806
-0.031806
-0.031781
-0.031781
-0.031781
-0.031781
-0.031781
-0.031781
-0.031781
-0.031781
-0.031757
-0.031757
-0.031757
-0.031757
-0.031757
-0.031757
-0.031757
-0.031757
-0.031757
-0.031757
-0.031781
-0.031781
-0.031806
-0.031806
-0.031806
-0.031806
-0.031904
-0.032052
-0.032077
-0.032003
-0.031929
-0.031757
-0.03156
-0.03124
-0.031215
-0.031412
-0.03156
-0.031732
-0.031757
-0.031781
-0.031806
-0.031781
-0.031806
-0.031806
-0.031806
-0.031806
-0.031781
-0.031781
-0.031781
-0.031806
-0.031806
-0.031781
-0.031781
-0.031781
-0.031781
-0.031781
-0.031781
-0.031781
-0.031806
-0.031806
-0.031806
-0.031806
-0.031806
-0.031806
-0.031806
-0.03183
-0.03183
-0.03183
-0.031855
-0.03188
-0.03188
-0.031904
-0.031929
-0.031954
-0.031978
-0.031978
-0.032003
-0.032077
-0.032101
-0.032101
-0.032101
-0.032126
-0.032126
-0.032126
-0.032126
-0.032126
-0.032101
-0.032101
-0.032077
-0.032077
-0.032052
-0.032027
-0.032003
-0.032003
-0.031978
-0.031954
-0.031954
-0.031929
-0.031904
-0.031904
-0.031904
-0.03188
-0.03188
-0.03188
-0.03188
-0.031855
-0.031855
-0.031855
-0.031855
-0.031855
-0.03183
-0.03183
-0.031855
-0.031855
-0.031855
-0.031855
-0.031855
-0.03188
-0.031855
-0.03188
-0.03188
-0.03188
-0.03188
-0.03188
-0.03188
-0.03188
-0.031904
-0.031904
-0.03188
-0.03188
-0.03188
-0.03188
-0.03188
-0.03188
-0.03188
-0.03188
-0.03188
-0.03188
-0.03188
-0.03188
-0.03188
-0.03188
-0.03188
-0.031855
-0.03188
-0.03188
-0.03188
-0.031855
-0.031855
-0.031855
-0.03188
-0.031855
-0.031855
-0.031855
-0.031855
-0.031855
-0.031855
-0.031855
-0.031855
-0.031855
-0.031855
-0.031855
-0.031855
-0.031855
-0.031855
-0.031855
-0.031855
-0.031855
-0.031855
-0.031855
-0.03183
-0.03183
-0.03183
-0.03183
-0.03183
-0.03183
-0.03183
-0.03183
-0.03183
-0.03183
-0.03183
-0.03183
-0.03183
-0.03183
-0.03183
-0.03183
-0.03183
-0.03183
-0.031855
-0.031855
-0.031855
-0.031855
-0.031855
-0.031855
-0.031855
-0.031855
-0.031855
-0.031855
-0.031855
-0.031855
-0.03188
-0.031855
-0.031855
-0.031855
-0.031855
-0.031855
-0.031855
-0.031855
-0.031855
-0.03188
-0.031904
-0.031904
-0.031904
-0.031929
-0.032003
-0.032126
-0.032175
-0.032126
-0.032052
-0.03188
-0.031732
-0.031363
-0.031289
-0.031486
-0.031658
-0.031732
-0.031781
-0.031806
-0.03183
-0.031855
-0.03188
-0.03188
-0.03188
-0.03188
-0.031904
-0.031904
-0.031904
-0.031904
-0.031904
-0.031904
-0.031904
-0.031904
-0.031904
-0.031929
-0.031929
-0.031929
-0.031929
-0.031929
-0.031929
-0.031929
-0.031929
-0.031929
-0.031929
-0.031954
-0.031954
-0.031978
-0.031978
-0.032003
-0.032003
-0.032027
-0.032052
-0.032052
-0.032077
-0.032101
-0.032126
-0.032126
-0.032126
-0.03215
-0.032175
-0.032175
-0.032175
-0.0322
-0.0322
-0.0322
-0.0322
-0.0322
-0.0322
-0.032175
-0.03215
-0.032126
-0.032101
-0.032101
-0.032077
-0.032052
-0.032027
-0.032027
-0.032003
-0.031978
-0.031978
-0.031978
-0.031978
-0.031954
-0.031954
-0.031954
-0.031929
-0.031929
-0.031929
-0.031929
-0.031929
-0.031929
-0.031929
-0.031929
-0.031929
-0.031954
-0.031954
-0.031954
-0.031978
-0.031978
-0.031978
-0.031978
-0.031978
-0.031978
-0.031978
-0.031978
-0.031978
-0.031978
-0.031978
-0.032003
-0.032003
-0.032003
-0.032003
-0.032003
-0.032003
-0.031978
-0.032003
-0.031978
-0.031978
-0.031978
-0.031978
-0.031978
-0.031978
-0.031978
-0.031978
-0.031978
-0.031978
-0.031978
-0.031978
-0.031978
-0.031978
-0.031978
-0.031978
-0.031978
-0.031978
-0.031978
-0.031954
-0.031954
-0.031978
-0.031978
-0.031954
-0.031954
-0.031954
-0.031954
-0.031954
-0.031954
-0.031954
-0.031954
-0.031954
-0.031929
-0.031929
-0.031929
-0.031929
-0.031904
-0.031904
-0.031904
-0.031904
-0.031904
-0.031904
-0.031904
-0.031904
-0.031904
-0.031904
-0.031904
-0.031904
-0.031929
-0.031929
-0.031929
-0.031929
-0.031929
-0.031929
-0.031929
-0.031929
-0.031929
-0.031954
-0.031954
-0.031954
-0.031954
-0.031929
-0.031954
-0.031954
-0.031954
-0.031954
-0.031929
-0.031929
-0.031954
-0.031954
-0.031954
-0.031954
-0.031954
-0.031954
-0.031954
-0.031954
-0.031978
-0.031978
-0.031978
-0.032052
-0.03215
-0.032249
-0.0322
-0.03215
-0.032003
-0.031855
-0.031535
-0.031338
-0.031486
-0.031683
-0.031781
-0.03183
-0.031855
-0.031904
-0.031929
-0.031929
-0.031954
-0.031954
-0.031978
-0.031978
-0.031978
-0.031978
-0.031978
-0.031978
-0.031978
-0.031978
-0.031978
-0.031978
-0.031978
-0.031978
-0.031978
-0.031978
-0.031978
-0.031978
-0.031978
-0.031978
-0.031978
-0.031978
-0.032003
-0.032003
-0.032027
-0.032027
-0.032052
-0.032052
-0.032077
-0.032101
-0.032101
-0.032126
-0.03215
-0.032175
-0.032175
-0.0322
-0.032224
-0.032249
-0.032249
-0.032274
-0.032274
-0.032274
-0.032298
-0.032298
-0.032298
-0.032298
-0.032298
-0.032298
-0.032298
-0.032274
-0.032274
-0.032249
-0.032224
-0.0322
-0.032175
-0.032175
-0.032101
-0.032101
-0.032077
-0.032077
-0.032077
-0.032077
-0.032077
-0.032052
-0.032052
-0.032052
-0.032052
-0.032052
-0.032052
-0.032052
-0.032052
-0.032052
-0.032052
-0.032052
-0.032052
-0.032052
-0.032052
-0.032052
-0.032052
-0.032052
-0.032052
-0.032052
-0.032077
-0.032077
-0.032077
-0.032077
-0.032077
-0.032077
-0.032077
-0.032077
-0.032077
-0.032077
-0.032077
-0.032077
-0.032101
-0.032101
-0.032101
-0.032101
-0.032101
-0.032101
-0.032101
-0.032101
-0.032101
-0.032101
-0.032101
-0.032101
-0.032077
-0.032077
-0.032077
-0.032077
-0.032077
-0.032077
-0.032077
-0.032052
-0.032077
-0.032052
-0.032052
-0.032052
-0.032052
-0.032052
-0.032052
-0.032027
-0.032027
-0.032027
-0.032027
-0.032027
-0.032052
-0.032052
-0.032027
-0.032027
-0.032027
-0.032027
-0.032027
-0.032027
-0.032027
-0.032027
-0.032027
-0.032027
-0.032027
-0.032027
-0.032052
-0.032052
-0.032027
-0.032027
-0.032052
-0.032052
-0.032052
-0.032052
-0.032052
-0.032052
-0.032052
-0.032052
-0.032052
-0.032052
-0.032052
-0.032052
-0.032052
-0.032052
-0.032052
-0.032027
-0.032052
-0.032052
-0.032027
-0.032027
-0.032027
-0.032027
-0.032027
-0.032027
-0.032052
-0.032077
-0.032077
-0.032101
-0.032175
-0.032298
-0.032347
-0.032323
-0.03156
-0.031486
-0.031683
-0.03183
-0.031904
-0.031929
-0.031978
-0.032003
-0.032027
-0.032052
-0.032052
-0.032052
-0.032052
-0.032052
-0.032052
-0.032052
-0.032077
-0.032077
-0.032077
-0.032077
-0.032077
-0.032077
-0.032077
-0.032077
-0.032077
-0.032077
-0.032077
-0.032077
-0.032077
-0.032052
-0.032052
-0.032052
-0.032052
-0.032052
-0.032077
-0.032077
-0.032077
-0.032101
-0.032101
-0.032101
-0.032175
-0.0322
-0.0322
-0.032224
-0.032224
-0.032249
-0.032274
-0.032274
-0.032274
-0.032298
-0.032298
-0.032298
-0.032323
-0.032323
-0.032323
-0.032323
-0.032323
-0.032298
-0.032298
-0.032298
-0.032274
-0.032249
-0.032224
-0.0322
-0.032175
-0.032175
-0.03215
-0.032126
-0.032101
-0.032101
-0.032077
-0.032077
-0.032077
-0.032077
-0.032077
-0.032052
-0.032052
-0.032052
-0.032052
-0.032052
-0.032052
-0.032027
-0.032052
-0.032052
-0.032052
-0.032052
-0.032052
-0.032052
-0.032052
-0.032052
-0.032052
-0.032052
-0.032052
-0.032052
-0.032052
-0.032052
-0.032052
-0.032052
-0.032077
-0.032052
-0.032077
-0.032077
-0.032052
-0.032052
-0.032052
-0.032052
-0.032052
-0.032052
-0.032027
-0.032027
-0.032027
-0.032027
-0.032027
-0.032027
-0.032003
-0.032003
-0.032003
-0.032003
-0.032003
-0.032003
-0.031978
-0.031978
-0.031978
-0.031978
-0.031978
-0.031978
-0.031978
-0.031978
-0.031978
-0.031978
-0.031978
-0.031978
-0.031978
-0.031978
-0.031978
-0.031978
-0.031978
-0.031978
-0.031978
-0.031978
-0.031978
-0.031978
-0.031978
-0.031978
-0.031978
-0.031978
-0.031978
-0.031978
-0.031978
-0.031978
-0.031978
-0.031978
-0.031978
-0.031978
-0.031978
-0.031978
-0.031978
-0.031978
-0.031978
-0.031978
-0.032003
-0.032003
-0.032003
-0.032003
-0.032003
-0.032003
-0.032003
-0.032003
-0.032003
-0.032003
-0.032003
-0.032003
-0.032003
-0.032003
-0.032003
-0.031978
-0.031978
-0.032003
-0.032003
-0.031978
-0.031978
-0.031978
-0.032003
-0.032003
-0.032027
-0.032003
-0.032027
-0.032101
-0.032249
-0.032298
-0.032249
-0.032175
-0.032027
-0.031855
-0.031486
-0.031412
-0.031609
-0.031757
-0.03183
-0.03188
-0.032003
-0.032003
-0.032027
-0.032027
-0.032027
-0.032027
-0.032052
-0.032027
-0.032052
-0.032052
-0.032052
-0.032052
-0.032052
-0.032052
-0.032027
-0.032027
-0.032052
-0.032052
-0.032052
-0.032052
-0.032052
-0.032052
-0.032052
-0.032052
-0.032052
-0.032052
-0.032052
-0.032077
-0.032101
-0.032101
-0.032126
-0.032126
-0.03215
-0.032175
-0.032175
-0.0322
-0.032224
-0.032224
-0.032249
-0.032249
-0.032323
-0.032323
-0.032323
-0.032323
-0.032347
-0.032347
-0.032347
-0.032323
-0.032323
-0.032323
-0.032298
-0.032274
-0.032249
-0.032249
-0.032224
-0.0322
-0.032175
-0.032175
-0.03215
-0.03215
-0.032126
-0.032126
-0.032101
-0.032101
-0.032101
-0.032101
-0.032101
-0.032077
-0.032077
-0.032077
-0.032077
-0.032077
-0.032077
-0.032077
-0.032077
-0.032077
-0.032077
-0.032077
-0.032101
-0.032077
-0.032077
-0.032077
-0.032077
-0.032077
-0.032077
-0.032077
-0.032101
-0.032101
-0.032101
-0.032101
-0.032101
-0.032101
-0.032101
-0.032101
-0.032101
-0.032101
-0.032101
-0.032101
-0.032101
-0.032101
-0.032101
-0.032101
-0.032101
-0.032077
-0.032077
-0.032101
-0.032101
-0.032077
-0.032077
-0.032077
-0.032077
-0.032077
-0.032077
-0.032052
-0.032077
-0.032077
-0.032077
-0.032052
-0.032052
-0.032052
-0.032052
-0.032052
-0.032052
-0.032052
-0.032027
-0.032027
-0.032052
-0.032052
-0.032027
-0.032052
-0.032052
-0.032052
-0.032052
-0.032052
-0.032052
-0.032027
-0.032027
-0.032027
-0.032027
-0.032027
-0.032027
-0.032027
-0.032052
-0.032052
-0.032052
-0.032027
-0.032027
-0.032052
-0.032052
-0.032052
-0.032027
-0.032052
-0.032052
-0.032052
-0.032052
-0.032052
-0.032052
-0.032052
-0.032052
-0.032052
-0.032027
-0.032027
-0.032027
-0.032027
-0.032027
-0.032027
-0.032027
-0.032027
-0.032027
-0.032027
-0.032027
-0.032027
-0.032027
-0.032052
-0.032077
-0.032052
-0.032077
-0.0322
-0.032323
-0.032347
-0.032323
-0.032249
-0.032101
-0.03188
-0.03151
-0.03151
-0.031732
-0.03188
-0.031929
-0.031978
-0.032003
-0.032027
-0.032052
-0.032077
-0.032077
-0.032077
-0.032077
-0.032077
-0.032077
-0.032077
-0.032077
-0.032077
-0.032077
-0.032077
-0.032077
-0.032077
-0.032077
-0.032077
-0.032052
-0.032052
-0.032052
-0.032052
-0.032052
-0.032052
-0.032077
-0.032077
-0.032077
-0.032101
-0.032101
-0.032126
-0.03215
-0.03215
-0.032175
-0.0322
-0.032224
-0.032224
-0.032249
-0.032249
-0.032274
-0.032298
-0.032323
-0.032323
-0.032323
-0.032347
-0.032347
-0.032347
-0.032372
-0.032372
-0.032372
-0.032372
-0.032323
-0.032298
-0.032298
-0.032274
-0.032249
-0.032224
-0.0322
-0.0322
-0.032175
-0.03215
-0.03215
-0.032126
-0.032126
-0.032126
-0.032101
-0.032101
-0.032101
-0.032101
-0.032101
-0.032077
-0.032077
-0.032077
-0.032077
-0.032077
-0.032101
-0.032101
-0.032101
-0.032101
-0.032101
-0.032101
-0.032101
-0.032101
-0.032101
-0.032126
-0.032101
-0.032101
-0.032101
-0.032101
-0.032101
-0.032101
-0.032101
-0.032101
-0.032101
-0.032101
-0.032101
-0.032101
-0.032101
-0.032101
-0.032101
-0.032101
-0.032101
-0.032101
-0.032101
-0.032101
-0.032101
-0.032101
-0.032101
-0.032101
-0.032101
-0.032101
-0.032101
-0.032101
-0.032101
-0.032101
-0.032101
-0.032101
-0.032077
-0.032077
-0.032077
-0.032101
-0.032101
-0.032101
-0.032077
-0.032077
-0.032077
-0.032077
-0.032077
-0.032077
-0.032077
-0.032077
-0.032077
-0.032101
-0.032101
-0.032101
-0.032101
-0.032101
-0.032101
-0.032101
-0.032101
-0.032101
-0.032101
-0.032101
-0.032077
-0.032077
-0.032101
-0.032101
-0.032101
-0.032101
-0.032101
-0.032077
-0.032077
-0.032077
-0.032077
-0.032077
-0.032077
-0.032077
-0.032077
-0.032077
-0.032077
-0.032077
-0.032101
-0.032101
-0.032101
-0.032101
-0.032077
-0.032077
-0.032077
-0.032077
-0.032101
-0.032101
-0.032101
-0.032101
-0.032101
-0.032101
-0.032101
-0.032101
-0.032101
-0.032101
-0.032101
-0.032101
-0.032126
-0.032126
-0.032126
-0.032126
-0.032224
-0.032347
-0.032397
-0.032372
-0.032347
-0.0322
-0.032052
-0.031658
-0.031535
-0.031707
-0.03188
-0.031954
-0.032003
-0.032027
-0.032052
-0.032077
-0.032101
-0.032101
-0.032126
-0.032126
-0.032126
-0.032126
-0.032126
-0.032126
-0.032126
-0.032126
-0.032126
-0.032101
-0.032126
-0.032126
-0.032126
-0.032126
-0.032126
-0.032126
-0.032126
-0.032126
-0.032126
-0.032126
-0.03215
-0.03215
-0.03215
-0.032175
-0.032175
-0.0322
-0.0322
-0.032224
-0.032249
-0.032249
-0.032274
-0.032274
-0.032298
-0.032323
-0.032323
-0.032347
-0.032347
-0.032372
-0.032397
-0.032397
-0.032397
-0.032397
-0.032397
-0.032397
-0.032397
-0.032397
-0.032397
-0.032372
-0.032323
-0.032298
-0.032274
-0.032249
-0.032224
-0.032224
-0.032224
-0.0322
-0.032175
-0.032175
-0.03215
-0.03215
-0.03215
-0.03215
-0.032126
-0.032126
-0.032126
-0.032101
-0.032101
-0.032101
-0.032101
-0.032101
-0.032101
-0.032101
-0.032101
-0.032101
-0.032101
-0.032101
-0.032101
-0.032101
-0.032101
-0.032101
-0.032101
-0.032101
-0.032101
-0.032101
-0.032101
-0.032101
-0.032101
-0.032101
-0.032101
-0.032101
-0.032101
-0.032101
-0.032101
-0.032126
-0.032126
-0.032126
-0.032126
-0.032126
-0.032101
-0.032101
-0.032126
-0.032101
-0.032101
-0.032101
-0.032101
-0.032101
-0.032101
-0.032101
-0.032101
-0.032101
-0.032101
-0.032126
-0.032101
-0.032101
-0.032101
-0.032101
-0.032101
-0.032101
-0.032101
-0.032101
-0.032101
-0.032101
-0.032101
-0.032101
-0.032101
-0.032077
-0.032077
-0.032101
-0.032101
-0.032077
-0.032077
-0.032077
-0.032101
-0.032077
-0.032077
-0.032077
-0.032077
-0.032077
-0.032077
-0.032077
-0.032077
-0.032077
-0.032077
-0.032077
-0.032077
-0.032077
-0.032077
-0.032052
-0.032052
-0.032052
-0.032052
-0.032052
-0.032052
-0.032052
-0.032052
-0.032052
-0.032052
-0.032052
-0.032052
-0.032052
-0.032077
-0.032052
-0.032052
-0.032077
-0.032077
-0.032077
-0.032077
-0.032077
-0.032077
-0.032077
-0.032077
-0.032077
-0.032077
-0.032077
-0.032101
-0.032101
-0.032101
-0.032101
-0.032126
-0.03215
-0.032126
-0.0322
-0.032323
-0.032421
-0.032421
-0.032397
-0.032274
-0.032126
-0.031781
-0.03151
-0.031634
-0.031855
-0.031954
-0.032003
-0.032027
-0.032077
-0.032077
-0.032101
-0.032126
-0.032126
-0.032126
-0.032126
-0.032126
-0.032126
-0.032126
-0.032126
-0.032126
-0.032126
-0.032126
-0.032126
-0.032126
-0.032126
-0.032126
-0.032126
-0.032126
-0.032126
-0.032126
-0.032126
-0.032126
-0.03215
-0.03215
-0.032175
-0.032175
-0.0322
-0.032224
-0.032249
-0.032249
-0.032274
-0.032298
-0.032323
-0.032347
-0.032347
-0.032372
-0.032397
-0.032397
-0.032421
-0.032446
-0.032446
-0.032446
-0.032471
-0.032471
-0.032471
-0.032471
-0.032471
-0.032471
-0.032471
-0.032446
-0.032446
-0.032372
-0.032347
-0.032323
-0.032298
-0.032298
-0.032274
-0.032249
-0.032249
-0.032249
-0.032249
-0.032224
-0.032224
-0.032224
-0.032224
-0.0322
-0.0322
-0.0322
-0.0322
-0.0322
-0.0322
-0.0322
-0.0322
-0.0322
-0.0322
-0.0322
-0.0322
-0.032224
-0.032224
-0.032224
-0.0322
-0.0322
-0.0322
-0.0322
-0.0322
-0.032224
-0.032224
-0.032224
-0.032224
-0.032224
-0.032224
-0.032224
-0.032224
-0.032224
-0.032224
-0.032224
-0.032224
-0.032224
-0.032224
-0.032224
-0.032224
-0.032224
-0.032224
-0.032224
-0.032224
-0.032224
-0.0322
-0.032224
-0.032224
-0.0322
-0.0322
-0.0322
-0.0322
-0.0322
-0.0322
-0.0322
-0.03215
-0.032077
-0.032052
-0.032052
-0.032027
-0.032052
-0.032052
-0.032052
-0.032052
-0.032052
-0.032052
-0.032052
-0.032052
-0.032052
-0.032052
-0.032077
-0.032077
-0.032077
-0.032077
-0.032077
-0.032077
-0.032077
-0.032077
-0.032077
-0.032077
-0.032077
-0.032077
-0.032077
-0.032077
-0.032077
-0.032077
-0.032052
-0.032077
-0.032077
-0.032077
-0.032052
-0.032052
-0.032052
-0.032052
-0.032052
-0.032052
-0.032052
-0.032052
-0.032052
-0.032077
-0.032052
-0.032052
-0.032052
-0.032052
-0.032052
-0.032052
-0.032052
-0.032052
-0.032052
-0.032052
-0.032027
-0.032027
-0.032027
-0.032027
-0.032027
-0.032027
-0.032052
-0.032077
-0.032052
-0.032052
-0.03215
-0.032274
-0.032347
-0.032323
-0.032298
-0.032175
-0.032052
-0.031634
-0.031461
-0.031634
-0.031806
-0.031904
-0.031929
-0.031978
-0.032003
-0.032027
-0.032052
-0.032052
-0.032052
-0.032077
-0.032077
-0.032077
-0.032077
-0.032077
-0.032077
-0.032077
-0.032077
-0.032077
-0.032077
-0.032077
-0.032101
-0.032101
-0.032101
-0.032101
-0.032101
-0.032101
-0.032101
-0.032126
-0.032126
-0.032126
-0.032126
-0.03215
-0.03215
-0.032175
-0.0322
-0.0322
-0.032224
-0.032249
-0.032249
-0.032274
-0.032274
-0.032298
-0.032323
-0.032347
-0.032347
-0.032372
-0.032372
-0.032397
-0.032397
-0.032397
-0.032397
-0.032397
-0.032397
-0.032397
-0.032397
-0.032372
-0.032372
-0.032372
-0.032347
-0.032323
