2018
4
26
16
34
16.496
-0.033874
-0.03348
-0.033726
-0.034415
-0.035006
-0.035203
-0.035326
-0.035425
-0.035523
-0.035597
-0.035695
-0.035745
-0.035818
-0.035868
-0.035917
-0.035942
-0.035942
-0.035942
-0.035942
-0.035966
-0.035942
-0.035966
-0.035966
-0.035966
-0.035966
-0.035966
-0.035966
-0.035966
-0.035966
-0.035966
-0.035991
-0.035966
-0.035966
-0.035991
-0.035991
-0.035991
-0.035991
-0.035991
-0.036015
-0.036015
-0.036114
-0.036114
-0.036139
-0.036139
-0.036163
-0.036188
-0.036188
-0.036188
-0.036188
-0.036188
-0.036188
-0.036188
-0.036163
-0.036163
-0.036163
-0.036139
-0.036114
-0.036089
-0.036065
-0.03604
-0.036015
-0.035991
-0.035966
-0.035966
-0.035942
-0.035942
-0.035942
-0.035917
-0.035917
-0.035917
-0.035917
-0.035917
-0.035892
-0.035892
-0.035892
-0.035892
-0.035892
-0.035892
-0.035892
-0.035892
-0.035917
-0.035942
-0.035942
-0.035942
-0.035942
-0.035942
-0.035966
-0.035966
-0.035966
-0.035942
-0.035942
-0.035942
-0.035942
-0.035942
-0.035942
-0.035966
-0.035966
-0.035966
-0.035966
-0.035966
-0.035991
-0.035991
-0.035991
-0.035991
-0.036015
-0.036015
-0.036015
-0.036015
-0.03604
-0.03604
-0.03604
-0.03604
-0.03604
-0.036065
-0.036065
-0.036065
-0.036065
-0.036089
-0.036089
-0.036089
-0.036114
-0.036089
-0.036089
-0.036089
-0.036065
-0.036065
-0.036065
-0.03604
-0.03604
-0.03604
-0.03604
-0.03604
-0.03604
-0.03604
-0.03604
-0.03604
-0.03604
-0.03604
-0.03604
-0.03604
-0.03604
-0.03604
-0.03604
-0.03604
-0.03604
-0.03604
-0.03604
-0.036065
-0.036065
-0.036065
-0.036065
-0.036065
-0.036065
-0.036065
-0.036089
-0.036114
-0.036163
-0.036262
-0.036385
-0.036459
-0.034809
-0.034071
-0.033751
-0.034021
-0.034711
-0.035252
-0.035474
-0.035597
-0.035695
-0.035794
-0.035892
-0.035966
-0.03604
-0.036114
-0.036188
-0.036212
-0.036237
-0.036237
-0.036237
-0.036237
-0.036262
-0.036262
-0.036262
-0.036262
-0.036286
-0.036286
-0.036286
-0.036286
-0.036286
-0.036286
-0.036311
-0.036311
-0.036311
-0.036335
-0.036335
-0.03636
-0.03636
-0.03636
-0.03636
-0.036385
-0.036459
-0.036483
-0.036508
-0.036508
-0.036532
-0.036557
-0.036557
-0.036582
-0.036582
-0.036582
-0.036606
-0.036606
-0.036606
-0.036582
-0.036582
-0.036557
-0.036557
-0.036532
-0.036508
-0.036483
-0.036434
-0.036409
-0.03636
-0.036335
-0.036335
-0.036311
-0.036311
-0.036311
-0.036311
-0.036311
-0.036311
-0.036311
-0.036311
-0.036311
-0.036311
-0.036311
-0.036311
-0.036311
-0.036311
-0.036311
-0.036335
-0.036335
-0.036335
-0.036335
-0.036335
-0.036335
-0.036335
-0.036335
-0.036335
-0.036335
-0.036335
-0.036335
-0.036335
-0.036335
-0.036335
-0.036335
-0.036335
-0.036335
-0.03636
-0.03636
-0.03636
-0.03636
-0.03636
-0.03636
-0.03636
-0.03636
-0.03636
-0.03636
-0.03636
-0.03636
-0.03636
-0.03636
-0.03636
-0.036385
-0.036385
-0.036385
-0.036385
-0.036385
-0.036385
-0.036385
-0.036385
-0.036385
-0.036385
-0.036385
-0.036385
-0.036385
-0.036385
-0.036385
-0.036385
-0.036385
-0.03636
-0.03636
-0.03636
-0.03636
-0.03636
-0.036335
-0.036335
-0.036311
-0.036311
-0.036311
-0.036311
-0.036311
-0.036311
-0.036311
-0.036311
-0.036311
-0.036311
-0.036311
-0.036286
-0.036311
-0.036311
-0.036286
-0.036311
-0.036286
-0.036286
-0.036311
-0.036311
-0.036311
-0.036286
-0.036311
-0.036311
-0.03636
-0.036434
-0.036557
-0.036655
-0.03668
-0.036508
-0.03604
-0.035228
-0.034391
-0.033824
-0.033923
-0.034538
-0.035277
-0.035572
-0.03572
-0.035818
-0.035917
-0.036015
-0.036089
-0.036163
-0.036237
-0.036311
-0.036335
-0.03636
-0.03636
-0.03636
-0.03636
-0.03636
-0.03636
-0.03636
-0.03636
-0.03636
-0.03636
-0.03636
-0.03636
-0.03636
-0.03636
-0.036335
-0.036335
-0.03636
-0.036385
-0.036385
-0.036385
-0.036409
-0.036409
-0.036434
-0.036459
-0.036459
-0.036483
-0.036508
-0.036532
-0.036532
-0.036557
-0.036582
-0.036606
-0.036606
-0.036606
-0.036606
-0.036631
-0.036631
-0.036631
-0.036606
-0.036606
-0.036606
-0.036582
-0.036557
-0.036532
-0.036508
-0.036459
-0.036434
-0.036409
-0.03636
-0.036335
-0.036311
-0.036311
-0.036286
-0.036286
-0.036286
-0.036286
-0.036286
-0.036286
-0.036286
-0.036286
-0.036286
-0.036286
-0.036286
-0.036286
-0.036286
-0.036262
-0.036286
-0.036286
-0.036286
-0.036286
-0.036286
-0.036286
-0.036311
-0.036311
-0.036311
-0.036311
-0.036311
-0.036311
-0.036335
-0.036335
-0.036335
-0.036335
-0.036335
-0.036335
-0.036335
-0.036335
-0.03636
-0.03636
-0.03636
-0.03636
-0.03636
-0.03636
-0.03636
-0.03636
-0.03636
-0.03636
-0.03636
-0.03636
-0.03636
-0.03636
-0.03636
-0.036335
-0.036335
-0.036311
-0.036311
-0.036311
-0.036286
-0.036286
-0.036286
-0.036286
-0.036262
-0.036262
-0.036237
-0.036237
-0.036237
-0.036237
-0.036262
-0.036262
-0.036262
-0.036262
-0.036262
-0.036262
-0.036262
-0.036286
-0.036286
-0.036286
-0.036286
-0.036286
-0.036262
-0.036262
-0.036262
-0.036262
-0.036262
-0.036237
-0.036262
-0.036262
-0.036262
-0.036262
-0.036262
-0.036262
-0.036262
-0.036286
-0.036286
-0.036286
-0.036286
-0.036286
-0.036286
-0.036286
-0.036286
-0.036311
-0.036311
-0.036311
-0.036311
-0.036311
-0.036311
-0.036311
-0.036311
-0.03636
-0.036434
-0.036557
-0.036606
-0.036606
-0.036385
-0.035843
-0.035031
-0.034218
-0.033751
-0.033948
-0.034686
-0.035375
-0.035597
-0.03572
-0.035818
-0.035917
-0.035991
-0.036089
-0.036311
-0.036335
-0.036335
-0.036335
-0.036335
-0.036335
-0.036335
-0.036335
-0.036311
-0.036311
-0.036311
-0.036311
-0.036311
-0.036311
-0.036311
-0.036311
-0.036335
-0.036335
-0.036335
-0.036335
-0.03636
-0.036385
-0.036385
-0.036385
-0.036409
-0.036434
-0.036434
-0.036459
-0.036459
-0.036483
-0.036508
-0.036532
-0.036532
-0.036557
-0.036557
-0.036557
-0.036582
-0.036582
-0.036582
-0.036582
-0.036532
-0.036508
-0.036483
-0.036459
-0.036434
-0.036385
-0.03636
-0.036335
-0.036311
-0.036286
-0.036262
-0.036262
-0.036262
-0.036237
-0.036237
-0.036237
-0.036237
-0.036237
-0.036237
-0.036212
-0.036212
-0.036212
-0.036212
-0.036212
-0.036212
-0.036212
-0.036212
-0.036212
-0.036212
-0.036212
-0.036237
-0.036237
-0.036237
-0.036237
-0.036237
-0.036237
-0.036262
-0.036262
-0.036262
-0.036262
-0.036311
-0.036311
-0.036311
-0.036311
-0.036311
-0.036311
-0.036311
-0.036335
-0.036335
-0.036335
-0.036335
-0.036335
-0.036335
-0.036335
-0.036335
-0.036335
-0.036335
-0.036335
-0.036311
-0.036311
-0.036311
-0.036286
-0.036286
-0.036286
-0.036262
-0.036237
-0.036237
-0.036237
-0.036212
-0.036212
-0.036212
-0.036188
-0.036188
-0.036188
-0.036188
-0.036188
-0.036188
-0.036188
-0.036188
-0.036188
-0.036188
-0.036212
-0.036212
-0.036212
-0.036212
-0.036212
-0.036237
-0.036237
-0.036237
-0.036262
-0.036262
-0.036262
-0.036262
-0.036262
-0.036286
-0.036286
-0.036286
-0.036286
-0.036286
-0.036262
-0.036262
-0.036262
-0.036262
-0.036262
-0.036286
-0.036286
-0.036286
-0.036286
-0.036286
-0.036286
-0.036286
-0.036286
-0.036286
-0.036286
-0.036262
-0.036262
-0.036262
-0.036262
-0.036262
-0.036262
-0.036237
-0.036262
-0.036262
-0.036262
-0.036286
-0.03636
-0.036483
-0.036557
-0.036557
-0.036409
-0.035966
-0.035277
-0.034465
-0.033849
-0.033898
-0.034588
-0.035351
-0.035622
-0.035745
-0.035843
-0.035917
-0.036015
-0.036089
-0.036163
-0.036237
-0.036286
-0.036335
-0.03636
-0.03636
-0.03636
-0.03636
-0.036385
-0.036385
-0.036385
-0.036385
-0.036385
-0.036385
-0.036385
-0.036385
-0.036385
-0.036385
-0.036385
-0.036385
-0.036409
-0.036409
-0.036434
-0.036434
-0.036459
-0.036459
-0.036483
-0.036483
-0.036508
-0.036532
-0.036532
-0.036557
-0.036557
-0.036582
-0.036582
-0.036606
-0.036631
-0.036631
-0.036655
-0.036655
-0.036655
-0.036655
-0.036655
-0.036655
-0.036631
-0.036631
-0.036606
-0.036606
-0.036557
-0.036532
-0.036508
-0.036459
-0.036434
-0.036385
-0.03636
-0.03636
-0.03636
-0.036335
-0.036335
-0.03636
-0.03636
-0.03636
-0.03636
-0.03636
-0.03636
-0.03636
-0.03636
-0.03636
-0.03636
-0.03636
-0.036335
-0.036335
-0.036335
-0.036335
-0.036335
-0.036335
-0.036335
-0.036335
-0.036335
-0.036335
-0.036335
-0.036335
-0.036335
-0.036335
-0.036335
-0.03636
-0.03636
-0.03636
-0.03636
-0.03636
-0.03636
-0.036385
-0.036385
-0.036385
-0.036385
-0.036385
-0.036385
-0.036409
-0.036409
-0.036409
-0.036434
-0.036409
-0.036434
-0.036434
-0.036434
-0.036434
-0.036434
-0.036434
-0.036434
-0.036434
-0.036434
-0.036434
-0.036434
-0.036434
-0.036459
-0.036459
-0.036459
-0.036459
-0.036459
-0.036459
-0.036459
-0.036459
-0.036459
-0.036459
-0.036459
-0.036459
-0.036459
-0.036459
-0.036459
-0.036459
-0.036459
-0.036459
-0.036459
-0.036459
-0.036459
-0.036459
-0.036459
-0.036483
-0.036483
-0.036483
-0.036483
-0.036483
-0.036483
-0.036459
-0.036459
-0.036459
-0.036459
-0.036459
-0.036459
-0.036459
-0.036459
-0.036434
-0.036459
-0.036459
-0.036459
-0.036459
-0.036459
-0.036483
-0.036459
-0.036459
-0.036459
-0.036483
-0.036483
-0.036483
-0.036483
-0.036483
-0.036483
-0.036483
-0.036483
-0.036483
-0.036483
-0.036483
-0.036483
-0.036459
-0.036459
-0.036459
-0.036459
-0.036779
-0.036754
-0.036557
-0.036114
-0.035425
-0.034637
-0.034095
-0.034243
-0.035006
-0.035695
-0.035868
-0.035991
-0.03604
-0.036139
-0.036212
-0.036286
-0.036335
-0.036409
-0.036459
-0.036508
-0.036508
-0.036532
-0.036532
-0.036532
-0.036532
-0.036532
-0.036557
-0.036557
-0.036532
-0.036532
-0.036557
-0.036557
-0.036557
-0.036557
-0.036557
-0.036557
-0.036557
-0.036557
-0.036582
-0.036582
-0.036606
-0.036606
-0.036606
-0.036631
-0.036631
-0.036655
-0.036655
-0.03668
-0.036705
-0.036705
-0.036729
-0.036729
-0.036754
-0.036754
-0.036754
-0.036779
-0.036779
-0.036779
-0.036754
-0.036754
-0.036729
-0.036729
-0.036705
-0.03668
-0.036655
-0.036631
-0.036582
-0.036557
-0.036532
-0.036508
-0.036483
-0.036459
-0.036459
-0.036459
-0.036459
-0.036459
-0.036459
-0.036459
-0.036459
-0.036459
-0.036459
-0.036459
-0.036459
-0.036459
-0.036483
-0.036483
-0.036459
-0.036483
-0.036483
-0.036483
-0.036483
-0.036508
-0.036508
-0.036508
-0.036508
-0.036508
-0.036508
-0.036508
-0.036532
-0.036532
-0.036532
-0.036532
-0.036532
-0.036532
-0.036532
-0.036532
-0.036532
-0.036532
-0.036557
-0.036557
-0.036557
-0.036557
-0.036557
-0.036557
-0.036557
-0.036557
-0.036557
-0.036557
-0.036557
-0.036557
-0.036532
-0.036532
-0.036532
-0.036532
-0.036532
-0.036532
-0.036532
-0.036532
-0.036508
-0.036508
-0.036508
-0.036508
-0.036508
-0.036508
-0.036508
-0.036508
-0.036508
-0.036508
-0.036508
-0.036508
-0.036508
-0.036532
-0.036532
-0.036532
-0.036532
-0.036532
-0.036532
-0.036557
-0.036532
-0.036532
-0.036532
-0.036557
-0.036557
-0.036557
-0.036557
-0.036557
-0.036557
-0.036582
-0.036582
-0.036582
-0.036582
-0.036582
-0.036582
-0.036582
-0.036582
-0.036582
-0.036582
-0.036582
-0.036582
-0.036582
-0.036582
-0.036582
-0.036582
-0.036582
-0.036582
-0.036582
-0.036582
-0.036582
-0.036582
-0.036582
-0.036582
-0.036582
-0.036582
-0.036582
-0.036582
-0.036582
-0.036582
-0.036582
-0.036582
-0.036582
-0.036582
-0.036582
-0.036582
-0.036631
-0.036705
-0.036828
-0.036902
-0.036877
-0.036705
-0.036311
-0.034366
-0.03508
-0.035818
-0.036015
-0.036114
-0.036212
-0.036286
-0.03636
-0.036434
-0.036483
-0.036557
-0.036606
-0.036655
-0.036655
-0.03668
-0.03668
-0.03668
-0.03668
-0.03668
-0.03668
-0.03668
-0.03668
-0.03668
-0.03668
-0.03668
-0.03668
-0.03668
-0.03668
-0.03668
-0.03668
-0.036705
-0.036705
-0.036705
-0.036705
-0.036705
-0.036729
-0.036729
-0.036754
-0.036754
-0.036779
-0.036828
-0.036828
-0.036852
-0.036877
-0.036877
-0.036877
-0.036877
-0.036902
-0.036902
-0.036877
-0.036877
-0.036877
-0.036852
-0.036852
-0.036828
-0.036803
-0.036779
-0.036754
-0.036729
-0.036705
-0.036655
-0.036631
-0.036606
-0.036582
-0.036582
-0.036557
-0.036557
-0.036557
-0.036557
-0.036557
-0.036557
-0.036557
-0.036582
-0.036582
-0.036582
-0.036582
-0.036582
-0.036582
-0.036582
-0.036582
-0.036557
-0.036582
-0.036582
-0.036582
-0.036582
-0.036582
-0.036582
-0.036582
-0.036582
-0.036582
-0.036582
-0.036582
-0.036582
-0.036582
-0.036582
-0.036606
-0.036606
-0.036606
-0.036606
-0.036606
-0.036606
-0.036606
-0.036606
-0.036606
-0.036606
-0.036606
-0.036582
-0.036582
-0.036582
-0.036606
-0.036606
-0.036582
-0.036582
-0.036582
-0.036582
-0.036582
-0.036582
-0.036582
-0.036582
-0.036582
-0.036582
-0.036582
-0.036582
-0.036582
-0.036582
-0.036582
-0.036582
-0.036582
-0.036557
-0.036557
-0.036557
-0.036557
-0.036557
-0.036557
-0.036557
-0.036582
-0.036582
-0.036582
-0.036582
-0.036582
-0.036582
-0.036582
-0.036582
-0.036582
-0.036582
-0.036582
-0.036582
-0.036582
-0.036582
-0.036582
-0.036582
-0.036606
-0.036606
-0.036606
-0.036631
-0.036631
-0.036631
-0.036631
-0.036631
-0.036631
-0.036631
-0.036631
-0.036655
-0.036655
-0.036655
-0.036655
-0.036655
-0.036655
-0.036655
-0.036655
-0.036655
-0.036655
-0.036655
-0.036655
-0.036631
-0.036631
-0.036631
-0.036631
-0.036655
-0.036655
-0.036631
-0.036631
-0.036631
-0.036631
-0.036631
-0.036631
-0.036631
-0.036655
-0.036705
-0.036828
-0.036926
-0.036951
-0.036877
-0.036582
-0.036065
-0.035326
-0.034563
-0.034317
-0.034711
-0.035572
-0.036262
-0.036335
-0.036409
-0.036483
-0.036557
-0.036606
-0.036655
-0.03668
-0.03668
-0.03668
-0.036705
-0.036705
-0.036705
-0.036705
-0.036705
-0.036705
-0.036705
-0.036705
-0.036705
-0.036705
-0.036705
-0.036705
-0.036705
-0.036705
-0.036705
-0.036705
-0.036705
-0.036705
-0.036705
-0.036729
-0.036729
-0.036729
-0.036754
-0.036754
-0.036779
-0.036779
-0.036803
-0.036803
-0.036828
-0.036828
-0.036877
-0.036877
-0.036877
-0.036877
-0.036877
-0.036877
-0.036877
-0.036877
-0.036852
-0.036828
-0.036803
-0.036803
-0.036754
-0.036729
-0.036705
-0.036655
-0.036631
-0.036606
-0.036582
-0.036582
-0.036582
-0.036582
-0.036582
-0.036582
-0.036582
-0.036582
-0.036582
-0.036582
-0.036582
-0.036582
-0.036582
-0.036606
-0.036606
-0.036606
-0.036606
-0.036606
-0.036606
-0.036606
-0.036606
-0.036606
-0.036606
-0.036606
-0.036582
-0.036582
-0.036606
-0.036606
-0.036582
-0.036606
-0.036606
-0.036606
-0.036606
-0.036582
-0.036606
-0.036606
-0.036606
-0.036606
-0.036606
-0.036606
-0.036606
-0.036606
-0.036606
-0.036606
-0.036606
-0.036606
-0.036606
-0.036606
-0.036606
-0.036606
-0.036606
-0.036606
-0.036606
-0.036606
-0.036582
-0.036582
-0.036582
-0.036582
-0.036582
-0.036557
-0.036557
-0.036557
-0.036532
-0.036532
-0.036532
-0.036532
-0.036532
-0.036508
-0.036508
-0.036508
-0.036508
-0.036508
-0.036508
-0.036508
-0.036508
-0.036508
-0.036508
-0.036508
-0.036508
-0.036508
-0.036532
-0.036532
-0.036532
-0.036557
-0.036557
-0.036557
-0.036557
-0.036557
-0.036557
-0.036557
-0.036557
-0.036557
-0.036557
-0.036557
-0.036557
-0.036532
-0.036532
-0.036557
-0.036557
-0.036557
-0.036557
-0.036557
-0.036582
-0.036582
-0.036582
-0.036582
-0.036582
-0.036582
-0.036582
-0.036582
-0.036582
-0.036582
-0.036582
-0.036582
-0.036582
-0.036582
-0.036582
-0.036582
-0.036606
-0.036631
-0.036729
-0.036852
-0.036902
-0.036877
-0.03668
-0.036237
-0.035597
-0.034785
-0.034268
-0.03444
-0.035203
-0.035868
-0.03604
-0.036114
-0.036188
-0.036286
-0.036335
-0.036409
-0.036459
-0.036532
-0.036582
-0.036606
-0.036655
-0.036655
-0.036655
-0.036655
-0.036655
-0.036655
-0.036655
-0.036655
-0.036655
-0.036655
-0.036655
-0.03668
-0.03668
-0.03668
-0.03668
-0.03668
-0.036705
-0.036705
-0.036705
-0.036705
-0.036705
-0.036729
-0.036729
-0.036729
-0.036754
-0.036779
-0.036779
-0.036803
-0.036803
-0.036828
-0.036828
-0.036852
-0.036852
-0.036852
-0.036877
-0.036877
-0.036877
-0.036852
-0.036852
-0.036852
-0.036779
-0.036754
-0.036705
-0.03668
-0.036631
-0.036606
-0.036582
-0.036557
-0.036557
-0.036532
-0.036532
-0.036532
-0.036557
-0.036557
-0.036557
-0.036557
-0.036557
-0.036557
-0.036582
-0.036557
-0.036557
-0.036582
-0.036582
-0.036582
-0.036582
-0.036557
-0.036557
-0.036557
-0.036557
-0.036557
-0.036557
-0.036557
-0.036557
-0.036557
-0.036557
-0.036557
-0.036557
-0.036557
-0.036557
-0.036557
-0.036582
-0.036582
-0.036582
-0.036582
-0.036582
-0.036606
-0.036606
-0.036606
-0.036606
-0.036606
-0.036606
-0.036606
-0.036606
-0.036606
-0.036606
-0.036606
-0.036606
-0.036606
-0.036606
-0.036606
-0.036606
-0.036606
-0.036606
-0.036606
-0.036606
-0.036606
-0.036606
-0.036606
-0.036606
-0.036606
-0.036606
-0.036606
-0.036606
-0.036606
-0.036606
-0.036606
-0.036606
-0.036606
-0.036606
-0.036606
-0.036606
-0.036606
-0.036631
-0.036631
-0.036631
-0.036631
-0.036631
-0.036631
-0.036655
-0.036655
-0.036655
-0.036655
-0.036655
-0.036655
-0.036655
-0.036655
-0.036655
-0.036655
-0.036655
-0.036655
-0.036655
-0.03668
-0.03668
-0.03668
-0.03668
-0.03668
-0.03668
-0.03668
-0.03668
-0.03668
-0.036705
-0.036705
-0.036705
-0.03668
-0.03668
-0.036705
-0.036705
-0.036705
-0.036705
-0.036705
-0.036729
-0.036779
-0.036877
-0.036976
-0.037025
-0.036976
-0.036705
-0.036237
-0.035548
-0.034735
-0.034341
-0.034612
-0.035474
-0.036015
-0.036163
-0.036262
-0.036311
-0.036385
-0.036459
-0.036532
-0.036582
-0.036655
-0.036705
-0.036729
-0.036754
-0.036754
-0.036754
-0.036779
-0.036779
-0.036779
-0.036779
-0.036779
-0.036779
-0.036779
-0.036779
-0.036779
-0.036779
-0.036779
-0.036779
-0.036779
-0.036779
-0.036779
-0.036779
-0.036803
-0.036803
-0.036828
-0.036828
-0.036852
-0.036852
-0.036877
-0.036902
-0.036902
-0.036926
-0.036926
-0.036951
-0.036951
-0.036976
-0.036976
-0.036976
-0.036976
-0.036976
-0.036976
-0.036951
-0.036951
-0.036926
-0.036926
-0.036902
-0.036852
-0.036828
-0.036803
-0.036754
-0.036729
-0.036705
-0.03668
-0.036655
-0.036655
-0.036655
-0.036655
-0.036655
-0.036655
-0.036655
-0.036655
-0.036655
-0.036655
-0.036655
-0.036655
-0.036655
-0.036655
-0.03668
-0.036655
-0.036655
-0.036655
-0.036655
-0.03668
-0.03668
-0.03668
-0.03668
-0.03668
-0.03668
-0.03668
-0.03668
-0.03668
-0.03668
-0.03668
-0.036705
-0.03668
-0.036705
-0.036705
-0.036705
-0.036705
-0.036705
-0.036705
-0.036729
-0.036729
-0.036729
-0.036729
-0.036729
-0.036729
-0.036729
-0.036729
-0.036729
-0.036729
-0.036729
-0.036729
-0.036729
-0.036705
-0.036705
-0.036705
-0.036705
-0.036705
-0.036705
-0.036705
-0.036705
-0.036705
-0.036705
-0.036705
-0.036705
-0.036705
-0.03668
-0.03668
-0.03668
-0.03668
-0.036705
-0.03668
-0.03668
-0.03668
-0.03668
-0.03668
-0.036705
-0.036705
-0.036705
-0.036705
-0.036705
-0.036705
-0.036705
-0.036705
-0.03668
-0.036705
-0.036705
-0.036705
-0.036705
-0.036705
-0.036705
-0.036705
-0.036729
-0.036729
-0.036729
-0.036729
-0.036729
-0.036729
-0.036754
-0.036754
-0.036754
-0.036754
-0.036754
-0.036754
-0.036754
-0.036754
-0.036754
-0.036779
-0.036779
-0.036779
-0.036754
-0.036754
-0.036779
-0.036803
-0.036852
-0.036951
-0.037049
-0.037074
-0.036976
-0.036705
-0.036188
-0.035474
-0.034637
-0.034341
-0.034735
-0.035646
-0.036114
-0.036237
-0.036508
-0.036582
-0.036655
-0.036705
-0.036754
-0.036779
-0.036803
-0.036803
-0.036803
-0.036803
-0.036803
-0.036803
-0.036803
-0.036803
-0.036803
-0.036803
-0.036803
-0.036803
-0.036803
-0.036803
-0.036803
-0.036803
-0.036828
-0.036828
-0.036828
-0.036828
-0.036828
-0.036852
-0.036852
-0.036877
-0.036877
-0.036877
-0.036902
-0.036926
-0.036926
-0.036951
-0.036951
-0.036976
-0.036976
-0.037
-0.037025
-0.037025
-0.037
-0.037
-0.037
-0.036976
-0.036976
-0.036951
-0.036926
-0.036902
-0.036877
-0.036852
-0.036803
-0.036779
-0.036729
-0.036729
-0.036705
-0.036705
-0.036705
-0.036705
-0.036705
-0.036705
-0.036705
-0.036705
-0.036729
-0.036729
-0.036729
-0.036729
-0.036729
-0.036729
-0.036729
-0.036729
-0.036729
-0.036754
-0.036754
-0.036754
-0.036754
-0.036754
-0.036754
-0.036754
-0.036779
-0.036779
-0.036779
-0.036779
-0.036779
-0.036779
-0.036779
-0.036803
-0.036803
-0.036803
-0.036803
-0.036803
-0.036803
-0.036803
-0.036803
-0.036803
-0.036828
-0.036828
-0.036803
-0.036803
-0.036803
-0.036803
-0.036803
-0.036803
-0.036803
-0.036803
-0.036803
-0.036803
-0.036803
-0.036803
-0.036803
-0.036803
-0.036803
-0.036803
-0.036803
-0.036803
-0.036803
-0.036803
-0.036779
-0.036779
-0.036779
-0.036779
-0.036779
-0.036779
-0.036779
-0.036779
-0.036779
-0.036779
-0.036779
-0.036779
-0.036779
-0.036803
-0.036803
-0.036779
-0.036779
-0.036779
-0.036803
-0.036803
-0.036803
-0.036803
-0.036828
-0.036828
-0.036828
-0.036828
-0.036828
-0.036828
-0.036828
-0.036828
-0.036828
-0.036828
-0.036828
-0.036852
-0.036852
-0.036852
-0.036852
-0.036852
-0.036852
-0.036852
-0.036852
-0.036877
-0.036877
-0.036877
-0.036877
-0.036852
-0.036852
-0.036852
-0.036852
-0.036852
-0.036852
-0.036852
-0.036852
-0.036852
-0.036877
-0.036877
-0.036877
-0.036877
-0.036877
-0.036926
-0.037025
-0.037148
-0.037172
-0.037123
-0.036877
-0.036434
-0.035794
-0.034957
-0.034465
-0.034661
-0.035548
-0.036188
-0.036335
-0.036409
-0.036483
-0.036557
-0.036606
-0.03668
-0.036754
-0.036803
-0.036852
-0.036877
-0.036926
-0.036926
-0.036926
-0.036926
-0.036926
-0.036926
-0.036926
-0.036926
-0.036926
-0.036926
-0.036951
-0.036951
-0.036951
-0.036951
-0.036951
-0.036951
-0.036951
-0.036976
-0.036976
-0.036976
-0.037
-0.037
-0.037025
-0.037025
-0.037049
-0.037074
-0.037074
-0.037099
-0.037099
-0.037123
-0.037123
-0.037123
-0.037123
-0.037148
-0.037123
-0.037123
-0.037123
-0.037099
-0.037099
-0.037099
-0.037
-0.036951
-0.036926
-0.036877
-0.036852
-0.036828
-0.036828
-0.036803
-0.036803
-0.036803
-0.036803
-0.036803
-0.036803
-0.036828
-0.036828
-0.036828
-0.036828
-0.036828
-0.036828
-0.036828
-0.036828
-0.036828
-0.036828
-0.036828
-0.036828
-0.036828
-0.036828
-0.036852
-0.036852
-0.036828
-0.036852
-0.036852
-0.036852
-0.036852
-0.036852
-0.036852
-0.036852
-0.036852
-0.036852
-0.036852
-0.036877
-0.036877
-0.036877
-0.036877
-0.036877
-0.036877
-0.036877
-0.036852
-0.036852
-0.036852
-0.036877
-0.036852
-0.036852
-0.036852
-0.036852
-0.036852
-0.036852
-0.036852
-0.036852
-0.036852
-0.036852
-0.036852
-0.036828
-0.036828
-0.036828
-0.036828
-0.036828
-0.036828
-0.036828
-0.036828
-0.036828
-0.036828
-0.036828
-0.036828
-0.036828
-0.036828
-0.036828
-0.036828
-0.036828
-0.036828
-0.036852
-0.036852
-0.036852
-0.036852
-0.036852
-0.036852
-0.036852
-0.036852
-0.036852
-0.036852
-0.036852
-0.036852
-0.036852
-0.036852
-0.036852
-0.036852
-0.036852
-0.036852
-0.036852
-0.036852
-0.036852
-0.036852
-0.036852
-0.036852
-0.036852
-0.036852
-0.036852
-0.036852
-0.036852
-0.036852
-0.036852
-0.036852
-0.036877
-0.036877
-0.036877
-0.036877
-0.036877
-0.036877
-0.036877
-0.036877
-0.036877
-0.036877
-0.036877
-0.036877
-0.036877
-0.036902
-0.036951
-0.037049
-0.037148
-0.037197
-0.037148
-0.036902
-0.036409
-0.035745
-0.034908
-0.03444
-0.034661
-0.035572
-0.036188
-0.03636
-0.036434
-0.036508
-0.036582
-0.036655
-0.036729
-0.036779
-0.036828
-0.036877
-0.036926
-0.036926
-0.036926
-0.036926
-0.036926
-0.036926
-0.036951
-0.036951
-0.036951
-0.036951
-0.036951
-0.036951
-0.036951
-0.036951
-0.036951
-0.036951
-0.036951
-0.036951
-0.036951
-0.036951
-0.036976
-0.036976
-0.037
-0.037
-0.037
-0.037025
-0.037049
-0.037049
-0.037074
-0.037099
-0.037099
-0.037123
-0.037123
-0.037123
-0.037148
-0.037148
-0.037148
-0.037148
-0.037123
-0.037123
-0.037099
-0.037099
-0.037074
-0.037049
-0.037025
-0.037
-0.036951
-0.036926
-0.036902
-0.036877
-0.036828
-0.036828
-0.036828
-0.036828
-0.036828
-0.036852
-0.036852
-0.036852
-0.036852
-0.036877
-0.036877
-0.036877
-0.036852
-0.036877
-0.036877
-0.036877
-0.036877
-0.036877
-0.036877
-0.036902
-0.036877
-0.036902
-0.036902
-0.036902
-0.036902
-0.036902
-0.036877
-0.036877
-0.036877
-0.036902
-0.036902
-0.036902
-0.036902
-0.036902
-0.036902
-0.036902
-0.036902
-0.036902
-0.036926
-0.036926
-0.036926
-0.036926
-0.036926
-0.036926
-0.036902
-0.036902
-0.036902
-0.036902
-0.036902
-0.036902
-0.036926
-0.036926
-0.036926
-0.036902
-0.036902
-0.036902
-0.036902
-0.036902
-0.036902
-0.036902
-0.036902
-0.036926
-0.036902
-0.036902
-0.036902
-0.036902
-0.036902
-0.036902
-0.036877
-0.036877
-0.036877
-0.036877
-0.036877
-0.036877
-0.036852
-0.036852
-0.036852
-0.036852
-0.036852
-0.036852
-0.036852
-0.036852
-0.036852
-0.036852
-0.036852
-0.036852
-0.036852
-0.036877
-0.036877
-0.036877
-0.036877
-0.036877
-0.036877
-0.036877
-0.036877
-0.036877
-0.036877
-0.036877
-0.036877
-0.036877
-0.036877
-0.036877
-0.036877
-0.036877
-0.036902
-0.036902
-0.036902
-0.036902
-0.036902
-0.036902
-0.036902
-0.036902
-0.036902
-0.036902
-0.036902
-0.036902
-0.036902
-0.036902
-0.036902
-0.036902
-0.036902
-0.036902
-0.036902
-0.036902
-0.036951
-0.037025
-0.037148
-0.037222
-0.037197
-0.037
-0.036582
-0.035942
-0.035105
-0.034489
-0.034514
-0.035277
-0.036089
-0.036335
-0.036434
-0.036508
-0.036582
-0.036631
-0.036705
-0.036779
-0.036828
-0.036877
-0.036926
-0.036926
-0.036926
-0.036926
-0.036951
-0.036951
-0.036976
-0.036951
-0.036976
-0.036976
-0.036976
-0.036976
-0.036976
-0.036976
-0.037
-0.037
-0.037
-0.037
-0.037
-0.037
-0.037
-0.037
-0.037025
-0.037025
-0.037025
-0.037049
-0.037049
-0.037074
-0.037074
-0.037074
-0.037099
-0.037123
-0.037123
-0.037148
-0.037148
-0.037148
-0.037148
-0.037148
-0.037148
-0.037148
-0.037123
-0.037123
-0.037099
-0.037074
-0.037049
-0.037025
-0.037
-0.036976
-0.036926
-0.036902
-0.036877
-0.036877
-0.036877
-0.036852
-0.036852
-0.036852
-0.036877
-0.036877
-0.036877
-0.036877
-0.036877
-0.036877
-0.036877
-0.036877
-0.036877
-0.036877
-0.036877
-0.036877
-0.036877
-0.036877
-0.036877
-0.036877
-0.036877
-0.036877
-0.036877
-0.036877
-0.036877
-0.036877
-0.036877
-0.036877
-0.036877
-0.036877
-0.036877
-0.036877
-0.036877
-0.036877
-0.036902
-0.036902
-0.036902
-0.036902
-0.036902
-0.036902
-0.036902
-0.036926
-0.036926
-0.036926
