2018
8
9
9
51
11.359
0.074197
0.074197
0.074222
0.074197
0.074197
0.074197
0.074222
0.074222
0.074222
0.074222
0.074222
0.074222
0.074222
0.074222
0.074222
0.074222
0.074222
0.074246
0.074246
0.074246
0.074246
0.074271
0.074271
0.074271
0.074271
0.074296
0.07432
0.07432
0.07432
0.074345
0.074345
0.07437
0.07437
0.074394
0.074394
0.074394
0.074394
0.074419
0.074419
0.074394
0.07437
0.07437
0.07437
0.07437
0.074345
0.074345
0.07432
0.074296
0.074296
0.074271
0.074271
0.074246
0.074246
0.074246
0.074222
0.074222
0.074222
0.074197
0.074197
0.074197
0.074197
0.074197
0.074197
0.074197
0.074197
0.074173
0.074173
0.074173
0.074173
0.074173
0.074173
0.074173
0.074148
0.074173
0.074148
0.074148
0.074148
0.074148
0.074148
0.074148
0.074148
0.074148
0.074148
0.074123
0.074123
0.074123
0.074123
0.074123
0.074123
0.074123
0.074123
0.074123
0.074123
0.074099
0.074099
0.074099
0.074099
0.074099
0.074099
0.074099
0.074099
0.074074
0.074074
0.074074
0.074074
0.074074
0.074074
0.074074
0.074049
0.074049
0.074049
0.074049
0.074049
0.074049
0.074025
0.074025
0.074025
0.074025
0.074025
0.074025
0.074
0.074
0.074
0.074
0.074
0.073976
0.073976
0.073976
0.073976
0.073976
0.073976
0.073976
0.073976
0.073976
0.073951
0.073951
0.073951
0.073951
0.073951
0.073951
0.073926
0.073926
0.073926
0.073926
0.073926
0.073926
0.073926
0.073926
0.073926
0.073902
0.073902
0.073902
0.073902
0.073902
0.073877
0.073877
0.073877
0.073877
0.073877
0.073877
0.073853
0.073853
0.073853
0.073853
0.073853
0.073828
0.073828
0.073828
0.073828
0.073828
0.073828
0.073828
0.073828
0.073828
0.073828
0.073828
0.073828
0.073803
0.073803
0.073803
0.073803
0.073803
0.073803
0.073779
0.073779
0.073779
0.073779
0.073779
0.073779
0.073779
0.073779
0.073779
0.073754
0.073754
0.073754
0.073754
0.073754
0.073754
0.073754
0.073754
0.073754
0.073754
0.073754
0.073754
0.073754
0.073705
0.073656
0.073631
0.073606
0.073606
0.073582
0.073508
0.073483
0.073483
0.073508
0.073582
0.073631
0.073631
0.073606
0.073582
0.073582
0.073606
0.073631
0.073631
0.073656
0.073656
0.07368
0.07368
0.07368
0.07368
0.07368
0.07368
0.07368
0.07368
0.07368
0.07368
0.07368
0.07368
0.07368
0.07368
0.07368
0.073656
0.073656
0.073656
0.073656
0.073656
0.073656
0.073656
0.073656
0.073656
0.073656
0.073656
0.073656
0.07368
0.07368
0.07368
0.07368
0.07368
0.07368
0.07368
0.07368
0.07368
0.07368
0.07368
0.073705
0.073705
0.073705
0.073729
0.073729
0.073729
0.073754
0.073754
0.073754
0.073754
0.073779
0.073779
0.073779
0.073803
0.073803
0.073828
0.073853
0.073853
0.073853
0.073853
0.073853
0.073828
0.073828
0.073828
0.073803
0.073803
0.073779
0.073779
0.073754
0.073729
0.073705
0.073705
0.07368
0.073656
0.073656
0.073631
0.073631
0.073606
0.073606
0.073582
0.073582
0.073582
0.073582
0.073582
0.073557
0.073557
0.073557
0.073557
0.073557
0.073557
0.073557
0.073557
0.073557
0.073557
0.073533
0.073533
0.073533
0.073533
0.073533
0.073533
0.073533
0.073533
0.073533
0.073533
0.073557
0.073557
0.073557
0.073533
0.073533
0.073533
0.073533
0.073533
0.073533
0.073533
0.073533
0.073533
0.073533
0.073508
0.073508
0.073508
0.073508
0.073508
0.073508
0.073508
0.073508
0.073508
0.073483
0.073483
0.073483
0.073483
0.073483
0.073483
0.073483
0.073483
0.073483
0.073483
0.073483
0.073459
0.073459
0.073459
0.073459
0.073459
0.073459
0.073459
0.073459
0.073459
0.073459
0.073459
0.073434
0.073459
0.073459
0.073434
0.073434
0.073434
0.073434
0.073434
0.073434
0.073434
0.073434
0.073434
0.073434
0.073434
0.073434
0.073434
0.073409
0.073409
0.073409
0.073409
0.073409
0.073409
0.073409
0.073409
0.073409
0.073409
0.073409
0.073409
0.073409
0.073409
0.073434
0.073434
0.073434
0.073434
0.073434
0.073434
0.073434
0.073434
0.073459
0.073459
0.073459
0.073459
0.073483
0.073483
0.073483
0.073483
0.073483
0.073483
0.073483
0.073483
0.073483
0.073483
0.073483
0.073483
0.073483
0.073483
0.073483
0.073483
0.073483
0.073483
0.073483
0.073459
0.073459
0.073459
0.073459
0.073459
0.073459
0.073459
0.073459
0.073459
0.073459
0.073434
0.073434
0.073434
0.073434
0.073434
0.073434
0.073434
0.073434
0.073434
0.073434
0.073434
0.073434
0.073434
0.073434
0.073409
0.07336
0.073336
0.073286
0.073286
0.073286
0.073237
0.073188
0.073139
0.073139
0.073212
0.073262
0.073311
0.073311
0.073262
0.073262
0.073262
0.073286
0.073311
0.073311
0.073336
0.073336
0.07336
0.07336
0.07336
0.07336
0.07336
0.07336
0.07336
0.07336
0.07336
0.07336
0.07336
0.07336
0.07336
0.07336
0.07336
0.07336
0.07336
0.07336
0.07336
0.07336
0.073336
0.073336
0.07336
0.07336
0.07336
0.07336
0.07336
0.07336
0.07336
0.07336
0.07336
0.07336
0.07336
0.07336
0.07336
0.07336
0.07336
0.07336
0.073385
0.073385
0.073385
0.073409
0.073434
0.073434
0.073459
0.073459
0.073459
0.073483
0.073483
0.073508
0.073508
0.073508
0.073533
0.073533
0.073533
0.073557
0.073557
0.073557
0.073533
0.073533
0.073533
0.073508
0.073508
0.073483
0.073483
0.073459
0.073434
0.073409
0.073385
0.073385
0.07336
0.073336
0.073311
0.073311
0.073286
0.073286
0.073262
0.073262
0.073237
0.073237
0.073237
0.073212
0.073212
0.073212
0.073212
0.073188
0.073188
0.073188
0.073188
0.073188
0.073188
0.073188
0.073188
0.073188
0.073188
0.073188
0.073188
0.073188
0.073188
0.073188
0.073188
0.073188
0.073188
0.073163
0.073188
0.073188
0.073188
0.073163
0.073163
0.073163
0.073163
0.073163
0.073163
0.073163
0.073139
0.073139
0.073139
0.073139
0.073139
0.073139
0.073139
0.073114
0.073114
0.073114
0.073114
0.073089
0.073089
0.073089
0.073089
0.073089
0.073089
0.073065
0.073065
0.073065
0.073065
0.073065
0.073065
0.073065
0.073065
0.073089
0.073089
0.073089
0.073065
0.073065
0.073065
0.073065
0.073065
0.073065
0.07304
0.07304
0.07304
0.07304
0.07304
0.07304
0.07304
0.07304
0.07304
0.07304
0.073016
0.073016
0.073016
0.073016
0.073016
0.073016
0.072991
0.072991
0.072991
0.072991
0.072991
0.072991
0.072991
0.072991
0.072991
0.072991
0.072991
0.072991
0.072966
0.072991
0.072991
0.072991
0.072991
0.072966
0.072917
0.072868
0.072843
0.072819
0.072794
0.072745
0.072696
0.072671
0.072696
0.072769
0.072843
0.072868
0.072843
0.072819
0.072819
0.072843
0.072868
0.072892
0.072917
0.072942
0.072942
0.072942
0.072942
0.072942
0.072942
0.072942
0.072942
0.072942
0.072942
0.072942
0.072942
0.072942
0.072942
0.072942
0.072942
0.072917
0.072917
0.072917
0.072917
0.072917
0.072917
0.072917
0.072917
0.072917
0.072917
0.072917
0.072917
0.072917
0.072917
0.072917
0.072917
0.072917
0.072917
0.072942
0.072942
0.072942
0.072942
0.072942
0.072942
0.072991
0.072991
0.072991
0.073016
0.073016
0.07304
0.07304
0.073065
0.073065
0.073089
0.073089
0.073089
0.073114
0.073114
0.073114
0.073114
0.073114
0.073139
0.073139
0.073114
0.073114
0.073114
0.073114
0.073089
0.073065
0.07304
0.07304
0.073016
0.072991
0.072966
0.072966
0.072942
0.072917
0.072917
0.072892
0.072868
0.072868
0.072868
0.072843
0.072843
0.072819
0.072819
0.072819
0.072819
0.072819
0.072819
0.072819
0.072819
0.072819
0.072819
0.072819
0.072819
0.072819
0.072819
0.072819
0.072819
0.072819
0.072819
0.072819
0.072819
0.072819
0.072819
0.072819
0.072819
0.072819
0.072819
0.072819
0.072819
0.072819
0.072819
0.072819
0.072794
0.072819
0.072819
0.072819
0.072794
0.072794
0.072794
0.072794
0.072794
0.072769
0.072769
0.072769
0.072769
0.072745
0.072745
0.072745
0.072745
0.072745
0.072745
0.072745
0.072745
0.072745
0.072769
0.072769
0.072769
0.072769
0.072769
0.072745
0.072745
0.072745
0.072745
0.072745
0.072745
0.072745
0.072745
0.072745
0.072745
0.07272
0.07272
0.072745
0.072745
0.072745
0.07272
0.07272
0.07272
0.07272
0.07272
0.07272
0.07272
0.072696
0.072696
0.072696
0.072696
0.072696
0.072696
0.072696
0.072696
0.072696
0.072671
0.072671
0.072671
0.072671
0.072696
0.072671
0.072671
0.072696
0.072646
0.072622
0.072572
0.072548
0.072572
0.072548
0.072499
0.072425
0.0724
0.072425
0.072499
0.072572
0.072572
0.072548
0.072523
0.072523
0.072548
0.072572
0.072572
0.072597
0.072622
0.072622
0.072622
0.072622
0.072622
0.072622
0.072622
0.072622
0.072622
0.072622
0.072622
0.072622
0.072622
0.072622
0.072622
0.072622
0.072622
0.072622
0.072622
0.072622
0.072622
0.072622
0.072622
0.072622
0.072622
0.072622
0.072622
0.072622
0.072622
0.072622
0.072622
0.072622
0.072622
0.072622
0.072622
0.072622
0.072646
0.072646
0.072646
0.072646
0.072646
0.072646
0.072646
0.072696
0.072696
0.072696
0.07272
0.07272
0.072745
0.072745
0.072769
0.072769
0.072769
0.072794
0.072794
0.072794
0.072794
0.072794
0.072794
0.072794
0.072794
0.072769
0.072769
0.072745
0.07272
0.07272
0.072696
0.072671
0.072646
0.072622
0.072622
0.072597
0.072572
0.072572
0.072548
0.072523
0.072523
0.072523
0.072499
0.072499
0.072499
0.072474
0.072474
0.072474
0.072449
0.072449
0.072449
0.072449
0.072449
0.072449
0.072449
0.072449
0.072449
0.072449
0.072449
0.072449
0.072449
0.072449
0.072449
0.072449
0.072449
0.072449
0.072449
0.072449
0.072449
0.072449
0.072449
0.072449
0.072449
0.072449
0.072449
0.072449
0.072449
0.072449
0.072425
0.072425
0.072425
0.072425
0.072425
0.0724
0.0724
0.0724
0.0724
0.072375
0.0724
0.0724
0.0724
0.0724
0.0724
0.0724
0.0724
0.0724
0.0724
0.0724
0.0724
0.072375
0.072375
0.072375
0.072375
0.072375
0.072375
0.072375
0.072375
0.072375
0.072375
0.072375
0.072375
0.072351
0.072351
0.072351
0.072351
0.072351
0.072351
0.072351
0.072351
0.072351
0.072326
0.072326
0.072326
0.072326
0.072326
0.072326
0.072326
0.072326
0.072326
0.072326
0.072326
0.072326
0.072302
0.072252
0.072228
0.072203
0.072203
0.072179
0.072154
0.07208
0.072031
0.072031
0.07208
0.072154
0.072203
0.072203
0.072179
0.072154
0.072179
0.072203
0.072228
0.072252
0.072252
0.072277
0.072277
0.072277
0.072302
0.072302
0.072302
0.072302
0.072302
0.072302
0.072302
0.072302
0.072302
0.072302
0.072302
0.072302
0.072302
0.072302
0.072302
0.072302
0.072302
0.072302
0.072302
0.072302
0.072302
0.072302
0.072326
0.072326
0.072326
0.072326
0.072326
0.072326
0.072326
0.072326
0.072351
0.072351
0.072351
0.072351
0.072351
0.072375
0.072375
0.072375
0.0724
0.0724
0.072425
0.072425
0.072425
0.072449
0.072449
0.072474
0.072474
0.072499
0.072499
0.072499
0.072523
0.072548
0.072548
0.072572
0.072548
0.072548
0.072548
0.072548
0.072523
0.072523
0.072499
0.072474
0.072474
0.072449
0.072425
0.0724
0.072375
0.072375
0.072351
0.072351
0.072326
0.072326
0.072302
0.072302
0.072302
0.072277
0.072277
0.072277
0.072277
0.072277
0.072277
0.072277
0.072277
0.072277
0.072277
0.072277
0.072277
0.072277
0.072277
0.072277
0.072277
0.072277
0.072277
0.072277
0.072277
0.072277
0.072277
0.072277
0.072277
0.072277
0.072277
0.072277
0.072277
0.072277
0.072277
0.072277
0.072277
0.072277
0.072277
0.072277
0.072277
0.072277
0.072252
0.072252
0.072252
0.072252
0.072252
0.072252
0.072228
0.072228
0.072252
0.072252
0.072277
0.072277
0.072277
0.072277
0.072277
0.072252
0.072252
0.072252
0.072252
0.072252
0.072252
0.072252
0.072252
0.072252
0.072252
0.072252
0.072252
0.072252
0.072252
0.072228
0.072228
0.072228
0.072228
0.072228
0.072228
0.072228
0.072228
0.072203
0.072203
0.072203
0.072203
0.072203
0.072203
0.072203
0.072203
0.072203
0.072203
0.072203
0.072203
0.072203
0.072203
0.072203
0.072203
0.072203
0.072203
0.072203
0.072154
0.072129
0.07208
0.072006
0.071932
0.071932
0.071982
0.072055
0.072105
0.072105
0.072055
0.072055
0.072055
0.07208
0.072105
0.072129
0.072129
0.072154
0.072154
0.072154
0.072179
0.072179
0.072179
0.072179
0.072179
0.072179
0.072179
0.072179
0.072179
0.072179
0.072179
0.072179
0.072179
0.072179
0.072179
0.072179
0.072179
0.072179
0.072179
0.072179
0.072179
0.072179
0.072179
0.072179
0.072179
0.072179
0.072179
0.072179
0.072203
0.072203
0.072203
0.072203
0.072203
0.072203
0.072228
0.072228
0.072228
0.072228
0.072228
0.072252
0.072252
0.072252
0.072277
0.072277
0.072302
0.072302
0.072302
0.072326
0.072326
0.072351
0.072351
0.072375
0.072375
0.0724
0.0724
0.0724
0.072425
0.072425
0.072425
0.072425
0.0724
0.0724
0.072375
0.072302
0.072277
0.072277
0.072252
0.072228
0.072203
0.072203
0.072179
0.072179
0.072179
0.072154
0.072154
0.072154
0.072129
0.072129
0.072129
0.072129
0.072129
0.072129
0.072129
0.072129
0.072129
0.072129
0.072129
0.072129
0.072129
0.072129
0.072129
0.072129
0.072129
0.072129
0.072129
0.072129
0.072129
0.072129
0.072129
0.072129
0.072129
0.072129
0.072129
0.072129
0.072129
0.072129
0.072129
0.072129
0.072129
0.072129
0.072129
0.072129
0.072129
0.072129
0.072129
0.072129
0.072129
0.072129
0.072129
0.072129
0.072129
0.072129
0.072129
0.072129
0.072129
0.072129
0.072129
0.072129
0.072129
0.072129
0.072129
0.072129
0.072129
0.072129
0.072129
0.072129
0.072129
0.072129
0.072129
0.072129
0.072129
0.072129
0.072129
0.072129
0.072129
0.072129
0.072129
0.072105
0.072105
0.072105
0.072105
0.072105
0.072105
0.072105
0.07208
0.07208
0.07208
0.07208
0.07208
0.072105
0.072105
0.072105
0.072129
0.072129
0.072129
0.072129
0.072129
0.072105
0.072105
0.072105
0.072105
0.072105
0.072105
0.072105
0.072105
0.072105
0.072105
0.07208
0.07208
0.07208
0.07208
0.07208
0.07208
0.072055
0.072055
0.072055
0.07208
0.072055
0.072055
0.072055
0.072055
0.072055
0.072055
0.072055
0.072055
0.072055
0.072055
0.072055
0.072055
0.072031
0.072055
0.072055
0.072055
0.072055
0.072006
0.071982
0.071932
0.071932
0.071932
0.071908
0.071859
0.071809
0.071785
0.071809
0.071859
0.071932
0.071957
0.071932
0.071883
0.071908
0.071932
0.071957
0.071957
0.072006
0.072006
0.072006
0.072006
0.072006
0.072006
0.072006
0.072006
0.072006
0.072031
0.072006
0.072006
0.072006
0.072006
0.072006
0.072006
0.072006
0.072006
0.072006
0.072006
0.072006
0.072006
0.072006
0.072006
0.072006
0.072006
0.072006
0.072006
0.072006
0.072006
0.072006
0.072006
0.072006
0.072006
0.072006
0.072031
0.072031
0.072031
0.072031
0.072031
0.072055
0.072055
0.07208
0.07208
0.07208
0.072105
0.072105
0.072105
0.072129
0.072129
0.072129
0.072154
0.072154
0.072154
0.072179
0.072179
0.072179
0.072179
0.072203
0.072203
0.072203
0.072179
0.072179
0.072179
0.072179
0.072154
0.072154
0.072129
0.072105
0.072105
0.07208
0.072055
0.072031
0.072031
0.072006
0.072006
0.071982
0.071982
0.071982
0.071957
0.071932
0.071932
0.071932
0.071932
0.071932
0.071932
0.071932
0.071932
0.071932
0.071932
0.071932
0.071932
0.071932
0.071932
0.071932
0.071932
0.071932
0.071932
0.071932
0.071932
0.071932
0.071932
0.071932
0.071932
0.071932
0.071932
0.071908
0.071932
0.071932
0.071908
0.071908
0.071908
0.071908
0.071908
0.071908
0.071908
0.071908
0.071908
0.071908
0.071908
0.071883
0.071883
0.071883
0.071883
0.071883
0.071883
0.071883
0.071883
0.071883
0.071883
0.071883
0.071883
0.071883
0.071859
0.071883
0.071859
0.071859
0.071859
0.071859
0.071859
0.071859
0.071859
0.071834
0.071834
0.071834
0.071834
0.071834
0.071834
0.071834
0.071834
0.071834
0.071834
0.071834
0.071834
0.071834
0.071834
0.071834
0.071834
0.071834
0.071834
0.071834
0.071834
0.071834
0.071809
0.071809
0.071809
0.071809
0.071809
0.071809
0.071809
0.071809
0.071809
0.071785
0.071785
0.071809
0.071809
0.071809
0.071809
0.071785
0.071785
0.071809
0.071785
0.071785
0.071785
0.071809
0.071809
0.071809
0.07176
0.071711
0.071686
0.071662
0.071662
0.071662
0.071612
0.071539
0.071514
0.071539
0.071612
0.071686
0.071711
0.071662
0.071686
0.071711
0.071735
0.071735
0.07176
0.07176
0.07176
0.07176
0.07176
0.07176
0.071785
0.071785
0.071785
0.071785
0.071785
0.071785
0.071785
0.071785
0.071785
0.071785
0.071785
0.071785
0.071785
0.071785
0.071785
0.071785
0.071785
0.071785
0.071785
0.071785
0.071785
0.071785
0.071785
0.071785
0.071785
0.071785
0.071785
0.071785
0.071785
0.071809
0.071809
0.071809
0.071834
0.071834
0.071834
0.071834
0.071859
0.071859
0.071883
0.071883
0.071883
0.071908
0.071908
0.071932
0.071932
0.071932
0.071957
0.071957
0.071957
0.071982
0.071982
0.071982
0.071982
0.071982
0.071982
0.071982
0.071957
0.071957
0.071932
0.071932
0.071908
0.071883
0.071859
0.071834
0.071834
0.071809
0.071785
0.07176
0.07176
0.071711
0.071711
0.071711
0.071711
0.071686
0.071686
0.071686
0.071686
0.071686
0.071686
0.071686
0.071686
0.071686
0.071686
0.071686
0.071686
0.071686
0.071686
0.071686
0.071686
0.071686
0.071686
0.071686
0.071686
0.071686
0.071686
0.071711
0.071711
0.071686
0.071711
0.071711
0.071711
0.071711
0.071711
0.071711
0.071711
0.071711
0.071711
0.071686
0.071686
0.071686
0.071686
0.071686
0.071686
0.071686
0.071686
0.071686
0.071686
0.071686
0.071686
0.071686
0.071686
0.071686
0.071686
0.071686
0.071686
0.071686
0.071686
0.071686
0.071686
0.071686
0.071686
0.071686
0.071686
0.071686
0.071662
0.071686
0.071686
0.071662
0.071662
0.071662
0.071662
0.071662
0.071662
0.071662
0.071686
0.071686
0.071662
0.071662
0.071662
0.071662
0.071662
0.071662
0.071662
0.071662
0.071662
0.071662
0.071662
0.071662
0.071662
0.071662
0.071662
0.071637
0.071637
0.071637
0.071637
0.071637
0.071637
0.071637
0.071637
0.071637
0.071637
0.071637
0.071637
0.071637
0.071637
0.071637
0.071637
0.071637
0.071637
0.071637
0.071662
0.071662
0.071612
0.071563
0.071514
0.071489
0.071514
0.071489
0.07144
0.071539
0.071563
0.071514
0.071489
0.071514
0.071539
0.071563
0.071563
0.071588
0.071612
0.071612
0.071612
0.071612
0.071612
0.071612
0.071612
0.071612
0.071637
0.071637
0.071637
0.071637
0.071637
0.071637
0.071637
0.071637
0.071637
0.071637
0.071637
0.071637
0.071637
0.071637
0.071637
0.071637
0.071637
0.071637
0.071637
0.071637
0.071637
0.071637
0.071637
0.071662
0.071662
0.071662
0.071662
0.071662
0.071662
0.071662
0.071686
0.071686
0.071686
0.071711
0.071711
0.071735
0.071735
0.071735
0.07176
0.07176
0.07176
0.071785
0.071785
0.071809
0.071809
0.071834
0.071834
0.071834
0.071859
0.071859
0.071859
0.071859
0.071859
0.071859
0.071859
0.071859
0.071834
0.071834
0.071809
0.071809
0.071785
0.07176
0.071735
0.071662
0.071637
0.071637
0.071612
0.071612
0.071588
0.071588
0.071588
0.071588
0.071563
0.071563
0.071563
0.071563
0.071563
0.071563
0.071563
0.071563
0.071563
0.071563
0.071563
0.071563
0.071563
0.071563
0.071563
0.071563
0.071563
0.071563
0.071563
0.071563
0.071563
0.071563
0.071563
0.071563
0.071563
0.071563
0.071563
0.071563
0.071563
0.071563
0.071563
0.071563
0.071563
0.071563
0.071563
0.071563
0.071563
0.071563
0.071563
0.071563
0.071563
0.071563
0.071539
0.071539
0.071539
0.071539
0.071539
0.071539
0.071539
0.071539
0.071539
0.071539
0.071539
0.071514
0.071514
0.071514
0.071514
0.071514
0.071514
0.071514
0.071514
0.071514
0.071514
0.071514
0.071514
0.071514
0.071514
0.071514
0.071514
0.071514
0.071514
0.071489
0.071489
0.071489
0.071489
0.071489
0.071489
0.071489
0.071489
0.071489
0.071489
0.071489
0.071489
0.071489
0.071489
0.071489
0.071465
0.071465
0.071465
0.071465
0.071465
0.071465
0.071465
0.071465
0.071465
0.071465
0.071465
0.071465
0.071465
0.071465
0.071465
0.071465
0.071465
0.071465
0.071465
0.071465
0.071465
0.071465
0.071465
0.071465
0.071465
0.071317
0.071342
0.071292
0.071243
0.071194
0.071194
0.071243
0.071317
0.071366
0.071366
0.071317
0.071292
0.071317
0.071342
0.071366
0.071391
0.071391
0.071415
0.071415
0.071415
0.071415
0.071415
0.07144
0.07144
0.07144
0.07144
0.07144
0.07144
0.07144
0.07144
0.07144
0.07144
0.07144
0.07144
0.07144
0.07144
0.07144
0.07144
0.07144
0.07144
0.07144
0.07144
0.07144
0.07144
0.07144
0.07144
0.07144
0.071465
0.071465
0.071465
0.071465
0.071465
0.071465
0.071465
0.071489
0.071489
0.071489
0.071489
0.071514
0.071514
0.071539
0.071539
0.071539
0.071563
0.071563
0.071588
0.071588
0.071612
0.071612
0.071637
0.071637
0.071637
0.071662
0.071662
0.071686
0.071686
0.071686
0.071686
0.071686
0.071662
0.071612
0.071588
0.071588
0.071563
0.071539
0.071514
0.071514
0.071489
0.071465
0.071465
0.07144
0.07144
0.07144
0.071415
0.071415
0.071415
0.071415
0.071415
0.071391
0.071391
0.071391
0.071415
0.071391
0.071391
0.071391
0.071415
0.071391
0.071391
0.071391
0.071391
0.071415
0.071415
0.071415
0.071415
0.071415
0.071415
0.071415
0.071415
0.071415
0.071415
0.071415
0.071415
0.071415
0.071415
0.071415
0.071415
0.071415
0.071415
0.071415
0.071415
0.071415
0.071415
0.071415
0.071415
0.071415
0.071415
0.071415
0.071415
0.071415
0.071415
0.071415
0.071415
0.071415
0.071415
0.071415
0.071415
0.071391
0.071391
0.071391
0.071391
0.071391
0.071391
0.071391
0.071391
0.071391
0.071391
0.071391
0.071391
0.071391
0.071391
0.071366
0.071366
0.071366
0.071366
0.071366
0.071366
0.071366
0.071366
0.071366
0.071366
0.071366
0.071366
0.071366
0.071366
0.071366
0.071366
0.071366
0.071366
0.071366
0.071366
0.071366
0.071342
0.071342
0.071342
0.071342
0.071342
0.071342
0.071342
0.071342
0.071342
0.071342
0.071342
0.071342
0.071317
0.071317
0.071317
0.071317
0.071317
0.071317
0.071317
0.071317
0.071317
0.071342
0.071317
0.071317
0.071342
0.071342
0.071342
0.071317
0.071268
0.071218
0.071194
0.071218
0.071194
0.071169
0.071095
0.071071
0.071095
0.071145
0.071218
0.071268
0.071243
0.071218
0.071194
0.071218
0.071243
0.071268
0.071268
0.071292
0.071292
0.071292
0.071317
0.071317
0.071317
0.071317
0.071317
0.071317
0.071317
0.071317
0.071317
0.071317
0.071317
0.071317
0.071317
0.071317
0.071317
0.071317
0.071317
0.071317
0.071317
0.071317
0.071317
0.071317
0.071317
0.071317
0.071317
0.071317
0.071317
0.071342
0.071342
0.071342
0.071342
0.071342
0.071342
0.071342
0.071342
0.071366
0.071366
0.071366
0.071391
0.071391
0.071391
0.071415
0.071415
0.07144
0.07144
0.07144
0.071465
0.071465
0.071489
0.071539
0.071539
0.071539
0.071563
0.071563
0.071563
0.071563
0.071563
0.071563
0.071563
0.071539
0.071539
0.071514
0.071514
0.071489
0.071489
0.071465
0.07144
0.071415
0.071415
0.071391
0.071391
0.071366
0.071366
0.071342
0.071342
0.071342
0.071317
0.071317
0.071317
0.071317
0.071292
0.071292
0.071292
0.071292
0.071292
0.071292
0.071292
0.071292
0.071292
0.071292
0.071292
0.071317
0.071317
0.071317
0.071317
0.071317
0.071317
0.071317
0.071342
0.071342
0.071342
0.071342
0.071342
0.071342
0.071342
0.071366
0.071366
0.071366
0.071366
0.071366
0.071366
0.071366
0.071366
0.071366
0.071366
0.071366
0.071366
0.071366
0.071366
0.071366
0.071366
0.071366
0.071366
0.071366
0.071342
0.071342
0.071342
0.071342
0.071342
0.071342
0.071342
0.071342
0.071342
0.071342
0.071317
0.071317
0.071317
0.071317
0.071317
0.071317
0.071317
0.071317
0.071317
0.071317
0.071317
0.071317
0.071317
0.071292
0.071292
0.071292
0.071292
0.071292
0.071292
0.071292
0.071292
0.071292
0.071292
0.071292
0.071292
0.071292
0.071292
0.071268
0.071268
0.071268
0.071268
0.071268
0.071268
0.071268
0.071268
0.071268
0.071268
0.071268
0.071268
0.071268
0.071268
0.071268
0.071268
0.071268
0.071243
0.071243
0.071243
0.071243
0.071243
0.071243
0.071243
0.071243
0.071243
0.071194
0.071145
0.071095
0.071095
0.071095
0.071046
0.070997
0.070948
0.070948
0.070972
0.071046
0.07112
0.07112
0.071071
0.071071
0.071071
0.071095
0.07112
0.071145
0.071145
0.071169
0.071169
