2018
8
9
9
56
2.9718
0.051007
0.050983
0.050983
0.051007
0.051032
0.051032
0.051007
0.050983
0.050958
0.050909
0.05086
0.050761
0.050638
0.050589
0.050589
0.050515
0.050466
0.050515
0.050638
0.050811
0.050934
0.050983
0.051007
0.051057
0.051057
0.051057
0.051032
0.051032
0.051007
0.051032
0.051007
0.050983
0.050958
0.050983
0.051007
0.051007
0.050983
0.050983
0.050983
0.051007
0.050983
0.051007
0.051007
0.050983
0.050983
0.050983
0.051007
0.051007
0.050983
0.050983
0.050983
0.051007
0.051007
0.050983
0.050983
0.050983
0.051007
0.051007
0.050983
0.050983
0.050983
0.051007
0.051007
0.050983
0.050983
0.050983
0.051007
0.051007
0.050983
0.050958
0.050983
0.051007
0.050983
0.050958
0.050958
0.050958
0.050958
0.050958
0.050958
0.050934
0.050934
0.050909
0.050909
0.050934
0.050909
0.050884
0.050884
0.050884
0.050909
0.050884
0.05086
0.05086
0.050884
0.050884
0.050909
0.050884
0.050884
0.050909
0.050934
0.050934
0.050909
0.050909
0.050909
0.050934
0.050934
0.050934
0.050934
0.050934
0.050958
0.050958
0.050934
0.050934
0.050958
0.050958
0.050958
0.050958
0.050958
0.050958
0.050983
0.050983
0.051007
0.051007
0.050983
0.050983
0.051007
0.051007
0.050983
0.050958
0.050934
0.050934
0.050958
0.050958
0.050934
0.050934
0.050934
0.050958
0.050983
0.050958
0.050934
0.050958
0.050983
0.050983
0.050958
0.050934
0.050958
0.050983
0.050983
0.050958
0.050958
0.050958
0.050983
0.050983
0.050958
0.050958
0.050983
0.050983
0.050983
0.050958
0.050958
0.050983
0.050958
0.050983
0.051007
0.051007
0.050983
0.050983
0.050983
0.051007
0.051007
0.050983
0.050983
0.050983
0.051007
0.051007
0.051007
0.050983
0.050983
0.051007
0.051032
0.051007
0.051007
0.051007
0.051032
0.051032
0.051007
0.050983
0.051007
0.051007
0.051007
0.051007
0.051007
0.051007
0.051032
0.051007
0.051007
0.050983
0.050983
0.051007
0.051007
0.050983
0.051007
0.050983
0.050983
0.050983
0.051007
0.051032
0.051007
0.051007
0.051007
0.050983
0.050934
0.05086
0.050786
0.050687
0.050614
0.050564
0.050515
0.050441
0.050466
0.050589
0.050737
0.05086
0.050934
0.051007
0.051057
0.051057
0.051032
0.051032
0.051032
0.051032
0.051032
0.051007
0.051007
0.051007
0.051032
0.051032
0.051007
0.050983
0.051007
0.051057
0.051032
0.051032
0.051032
0.051007
0.051007
0.051032
0.051032
0.051007
0.050983
0.051007
0.051007
0.051007
0.051007
0.050983
0.050983
0.051007
0.051007
0.051007
0.050983
0.050983
0.051007
0.051007
0.050983
0.050958
0.050958
0.051007
0.051007
0.051007
0.050983
0.050983
0.050983
0.051007
0.050983
0.050958
0.050958
0.050983
0.050983
0.050958
0.050934
0.050934
0.050934
0.050934
0.050934
0.050909
0.050884
0.050884
0.050909
0.050909
0.050884
0.05086
0.050884
0.050909
0.050909
0.050909
0.050884
0.050909
0.050934
0.050934
0.050934
0.050934
0.050934
0.050958
0.050983
0.050958
0.050958
0.050958
0.050983
0.050983
0.050983
0.050958
0.050958
0.050983
0.050983
0.050983
0.050958
0.050958
0.050983
0.050983
0.050983
0.050983
0.050958
0.050958
0.050983
0.050983
0.050983
0.050958
0.050958
0.050983
0.050983
0.050958
0.050934
0.050934
0.050958
0.050958
0.050958
0.050934
0.050934
0.050958
0.050958
0.050934
0.050909
0.050934
0.050958
0.050958
0.050958
0.050934
0.050934
0.050958
0.050958
0.050958
0.050934
0.050934
0.050958
0.050983
0.050958
0.050934
0.050934
0.050958
0.050958
0.050934
0.050958
0.050934
0.050934
0.050934
0.050934
0.050934
0.050934
0.050909
0.050909
0.050934
0.050934
0.050934
0.050909
0.050909
0.050934
0.050934
0.050934
0.050909
0.050909
0.050934
0.050934
0.050909
0.050884
0.050884
0.050909
0.050909
0.050909
0.050884
0.050884
0.050909
0.050909
0.050909
0.050884
0.050884
0.050909
0.050909
0.050884
0.050884
0.050884
0.050884
0.050884
0.050884
0.050909
0.050884
0.050884
0.050884
0.050909
0.050909
0.050909
0.050909
0.050909
0.050934
0.050909
0.05086
0.050786
0.050737
0.050687
0.050589
0.050491
0.050441
0.050392
0.050367
0.050417
0.050515
0.050638
0.050786
0.050884
0.050934
0.050934
0.050934
0.050934
0.050934
0.050934
0.050934
0.050909
0.050909
0.050909
0.050934
0.050909
0.050884
0.050884
0.05086
0.05086
0.050884
0.050884
0.050884
0.05086
0.05086
0.05086
0.05086
0.05086
0.05086
0.05086
0.05086
0.05086
0.05086
0.050835
0.050835
0.05086
0.050884
0.05086
0.050835
0.050835
0.05086
0.050884
0.05086
0.050835
0.050835
0.05086
0.05086
0.05086
0.050835
0.050835
0.050835
0.05086
0.050835
0.050835
0.050811
0.050835
0.050835
0.050811
0.050835
0.050811
0.050786
0.050786
0.050786
0.050811
0.050786
0.050761
0.050761
0.050786
0.050786
0.050761
0.050737
0.050737
0.050761
0.050761
0.050761
0.050737
0.050761
0.050761
0.050786
0.050786
0.050786
0.050786
0.050811
0.050811
0.050811
0.050811
0.050811
0.050835
0.050835
0.050835
0.050835
0.050811
0.050835
0.050835
0.050835
0.050811
0.050811
0.050835
0.050811
0.050835
0.05086
0.05086
0.050835
0.050835
0.05086
0.05086
0.05086
0.050835
0.050835
0.05086
0.05086
0.05086
0.050835
0.050835
0.050835
0.05086
0.05086
0.050835
0.050811
0.050835
0.05086
0.05086
0.050835
0.050835
0.050835
0.05086
0.050835
0.050811
0.050811
0.050835
0.050835
0.050835
0.050835
0.050811
0.050835
0.05086
0.05086
0.05086
0.050835
0.050835
0.050835
0.050835
0.05086
0.05086
0.050835
0.050835
0.050835
0.050835
0.05086
0.050835
0.050835
0.050835
0.05086
0.05086
0.050835
0.050835
0.050835
0.05086
0.05086
0.050835
0.050835
0.050835
0.05086
0.05086
0.050835
0.050835
0.05086
0.05086
0.05086
0.050835
0.050835
0.05086
0.050884
0.05086
0.050835
0.050835
0.05086
0.050835
0.05086
0.05086
0.05086
0.05086
0.050835
0.05086
0.050884
0.05086
0.05086
0.050835
0.05086
0.05086
0.05086
0.05086
0.050835
0.050835
0.05086
0.05086
0.050835
0.050835
0.05086
0.050884
0.050884
0.05086
0.050835
0.050835
0.05086
0.05086
0.05086
0.050835
0.05086
0.05086
0.05086
0.05086
0.050835
0.05086
0.05086
0.05086
0.05086
0.050835
0.050811
0.050811
0.050835
0.050835
0.050811
0.050811
0.050811
0.050835
0.050835
0.050811
0.050811
0.050811
0.050835
0.050835
0.050835
0.050811
0.050786
0.050737
0.050687
0.050614
0.050515
0.050417
0.050392
0.050343
0.050269
0.050269
0.050367
0.05054
0.050687
0.050761
0.050811
0.050835
0.05086
0.05086
0.050835
0.050811
0.050811
0.050811
0.050811
0.050811
0.050811
0.050811
0.050811
0.050811
0.050811
0.050811
0.050811
0.050811
0.050811
0.050835
0.050835
0.050811
0.050786
0.050786
0.050811
0.050811
0.050786
0.050786
0.050786
0.050811
0.050811
0.050811
0.050786
0.050786
0.050811
0.050811
0.050786
0.050786
0.050786
0.050811
0.050811
0.050786
0.050786
0.050786
0.050786
0.050786
0.050786
0.050786
0.050786
0.050737
0.050761
0.050761
0.050737
0.050737
0.050712
0.050737
0.050712
0.050687
0.050687
0.050687
0.050687
0.050687
0.050663
0.050638
0.050638
0.050663
0.050663
0.050638
0.050638
0.050638
0.050663
0.050663
0.050638
0.050638
0.050663
0.050687
0.050687
0.050687
0.050663
0.050663
0.050687
0.050712
0.050687
0.050687
0.050687
0.050712
0.050712
0.050687
0.050663
0.050687
0.050687
0.050687
0.050712
0.050712
0.050687
0.050687
0.050663
0.050687
0.050712
0.050687
0.050687
0.050687
0.050687
0.050687
0.050687
0.050663
0.050663
0.050687
0.050687
0.050663
0.050663
0.050663
0.050687
0.050687
0.050663
0.050663
0.050663
0.050663
0.050687
0.050663
0.050663
0.050663
0.050663
0.050687
0.050663
0.050663
0.050663
0.050687
0.050687
0.050687
0.050687
0.050687
0.050663
0.050663
0.050687
0.050687
0.050663
0.050663
0.050663
0.050687
0.050687
0.050663
0.050663
0.050663
0.050687
0.050687
0.050687
0.050663
0.050663
0.050687
0.050687
0.050687
0.050663
0.050663
0.050687
0.050687
0.050687
0.050663
0.050663
0.050687
0.050687
0.050663
0.050638
0.050638
0.050663
0.050663
0.050663
0.050638
0.050638
0.050614
0.050638
0.050638
0.050663
0.050663
0.050638
0.050638
0.050638
0.050663
0.050638
0.050638
0.050638
0.050663
0.050663
0.050638
0.050638
0.050638
0.050638
0.050638
0.050638
0.050638
0.050614
0.050638
0.050638
0.050638
0.050614
0.050614
0.050638
0.050663
0.050663
0.050638
0.050638
0.050638
0.050663
0.050638
0.050638
0.050638
0.050638
0.050638
0.050638
0.050638
0.050638
0.050614
0.050614
0.050614
0.050638
0.050638
0.050614
0.050589
0.050589
0.050589
0.050589
0.050564
0.050564
0.050589
0.050589
0.050589
0.050589
0.050589
0.050614
0.050614
0.050589
0.05054
0.050466
0.050417
0.050367
0.050269
0.05017
0.050121
0.050072
0.050047
0.050047
0.050121
0.050269
0.050417
0.05054
0.050589
0.050589
0.050589
0.050589
0.050564
0.050589
0.050564
0.050564
0.050564
0.050564
0.050589
0.050564
0.05054
0.05054
0.050564
0.050589
0.050564
0.050564
0.050564
0.050564
0.050589
0.050589
0.050564
0.050564
0.050564
0.050589
0.050564
0.050564
0.050564
0.050564
0.050589
0.050564
0.050564
0.05054
0.050564
0.050564
0.050564
0.050564
0.05054
0.050564
0.050564
0.050564
0.05054
0.05054
0.05054
0.05054
0.05054
0.05054
0.05054
0.050515
0.050515
0.050515
0.05054
0.050515
0.050491
0.050491
0.050491
0.050491
0.050491
0.050466
0.050466
0.050466
0.050466
0.050466
0.050441
0.050441
0.050441
0.050441
0.050441
0.050441
0.050417
0.050441
0.050466
0.050466
0.050466
0.050441
0.050466
0.050491
0.050491
0.050491
0.050466
0.050491
0.050491
0.050515
0.050515
0.050491
0.050491
0.050491
0.050515
0.050515
0.050491
0.050491
0.050515
0.050515
0.050515
0.050491
0.050491
0.050491
0.050515
0.050491
0.050491
0.050466
0.050491
0.050491
0.050491
0.050466
0.050466
0.050466
0.050491
0.050491
0.050466
0.050466
0.050491
0.050491
0.050491
0.050466
0.050466
0.050466
0.050466
0.050466
0.050466
0.050466
0.050466
0.050491
0.050466
0.050466
0.050466
0.050466
0.050466
0.050466
0.050491
0.050491
0.050466
0.050466
0.050466
0.050466
0.050466
0.050441
0.050441
0.050466
0.050466
0.050466
0.050441
0.050417
0.050441
0.050466
0.050441
0.050441
0.050417
0.050441
0.050441
0.050441
0.050417
0.050417
0.050441
0.050441
0.050441
0.050417
0.050417
0.050417
0.050441
0.050441
0.050417
0.050417
0.050417
0.050417
0.050417
0.050417
0.050392
0.050417
0.050441
0.050441
0.050417
0.050417
0.050417
0.050417
0.050417
0.050417
0.050392
0.050417
0.050417
0.050417
0.050417
0.050392
0.050392
0.050417
0.050417
0.050417
0.050392
0.050392
0.050417
0.050417
0.050392
0.050392
0.050392
0.050417
0.050417
0.050392
0.050392
0.050417
0.050417
0.050417
0.050367
0.050294
0.049924
0.0499
0.04985
0.049826
0.049875
0.049949
0.050121
0.050269
0.050343
0.050367
0.050392
0.050392
0.050392
0.050392
0.050367
0.050343
0.050343
0.050343
0.050343
0.050343
0.050318
0.050343
0.050343
0.050343
0.050343
0.050318
0.050318
0.050318
0.050318
0.050294
0.050294
0.050318
0.050318
0.050318
0.050318
0.050294
0.050294
0.050294
0.050294
0.050294
0.050269
0.050269
0.050244
0.050244
0.050269
0.050269
0.050244
0.05022
0.05022
0.05022
0.05022
0.05022
0.050195
0.050195
0.050195
0.05022
0.050195
0.05017
0.050195
0.050195
0.050195
0.05017
0.05017
0.05017
0.05017
0.05017
0.050146
0.050121
0.050121
0.050121
0.050121
0.050097
0.050072
0.050072
0.050097
0.050097
0.050072
0.050047
0.050047
0.050072
0.050072
0.050072
0.050072
0.050072
0.050097
0.050097
0.050097
0.050097
0.050097
0.050121
0.050121
0.050097
0.050097
0.050097
0.050121
0.050121
0.050097
0.050047
0.050047
0.050072
0.050072
0.050072
0.050047
0.050047
0.050072
0.050072
0.050072
0.050072
0.050072
0.050072
0.050097
0.050072
0.050072
0.050072
0.050072
0.050097
0.050072
0.050072
0.050072
0.050072
0.050072
0.050072
0.050072
0.050047
0.050047
0.050072
0.050072
0.050072
0.050047
0.050047
0.050072
0.050072
0.050072
0.050047
0.050047
0.050072
0.050072
0.050047
0.050047
0.050047
0.050072
0.050072
0.050047
0.050047
0.050047
0.050072
0.050072
0.050072
0.050047
0.050047
0.050072
0.050072
0.050072
0.050047
0.050047
0.050072
0.050072
0.050072
0.050047
0.050047
0.050047
0.050047
0.050047
0.050072
0.050047
0.050047
0.050047
0.050072
0.050072
0.050047
0.050047
0.050047
0.050047
0.050047
0.050047
0.050047
0.050047
0.050047
0.050072
0.050047
0.050023
0.050023
0.050047
0.050047
0.050023
0.050023
0.050023
0.050047
0.050047
0.050047
0.050047
0.050023
0.050047
0.050047
0.050047
0.050023
0.050023
0.050047
0.050047
0.050047
0.050047
0.050047
0.050023
0.050023
0.050047
0.050047
0.050072
0.050047
0.050047
0.050047
0.049998
0.049949
0.04985
0.049777
0.049678
0.049604
0.049555
0.049481
0.049457
0.049506
0.049604
0.049752
0.049875
0.049974
0.050023
0.050047
0.050047
0.050023
0.049998
0.050023
0.049998
0.049998
0.049998
0.049998
0.049998
0.049998
0.049998
0.049998
0.049974
0.049974
0.049949
0.049949
0.049949
0.049949
0.049949
0.049924
0.049949
0.049949
0.049924
0.049924
0.0499
0.049924
0.049949
0.049924
0.049924
0.049924
0.049924
0.049924
0.049924
0.0499
0.0499
0.049924
0.049924
0.049924
0.0499
0.0499
0.0499
0.049924
0.049924
0.0499
0.0499
0.0499
0.049924
0.0499
0.0499
0.049875
0.049875
0.0499
0.049875
0.04985
0.04985
0.04985
0.049826
0.049826
0.049826
0.049826
0.049801
0.049801
0.049801
0.049801
0.049801
0.049801
0.049777
0.049777
0.049801
0.049801
0.049777
0.049777
0.049801
0.049826
0.049826
0.049801
0.049801
0.049801
0.049826
0.049826
0.049826
0.049826
0.049826
0.049826
0.049826
0.049801
0.049826
0.049826
0.049826
0.049826
0.049826
0.049801
0.049801
0.049801
0.049801
0.049777
0.049777
0.049777
0.049777
0.049801
0.049777
0.049777
0.049752
0.049777
0.049777
0.049777
0.049752
0.049752
0.049777
0.049777
0.049777
0.049777
0.049752
0.049777
0.049777
0.049777
0.049752
0.049752
0.049777
0.049777
0.049777
0.049752
0.049752
0.049777
0.049777
0.049777
0.049777
0.049777
0.049777
0.049801
0.049801
0.049777
0.049777
0.049777
0.049777
0.049777
0.049777
0.049777
0.049777
0.049777
0.049777
0.049801
0.049801
0.049777
0.049777
0.049777
0.049801
0.049801
0.049777
0.049752
0.049777
0.049801
0.049801
0.049777
0.049777
0.049777
0.049801
0.049801
0.049801
0.049777
0.049777
0.049801
0.049801
0.049777
0.049777
0.049801
0.049801
0.049801
0.049777
0.049777
0.049777
0.049777
0.049801
0.049777
0.049801
0.049777
0.049777
0.049777
0.049801
0.049801
0.049777
0.049777
0.049777
0.049801
0.049777
0.049777
0.049752
0.049777
0.049801
0.049801
0.049801
0.049777
0.049752
0.049727
0.049678
0.049604
0.049506
0.049432
0.049358
0.049309
0.04926
0.049186
0.049235
0.049358
0.049506
0.049629
0.049703
0.049752
0.049801
0.049801
0.049777
0.049752
0.049752
0.049752
0.049752
0.049752
0.049752
0.049752
0.049727
0.049752
0.049752
0.049752
0.049752
0.049727
0.049752
0.049752
0.049752
0.049752
0.049727
0.049752
0.049752
0.049752
0.049727
0.049727
0.049727
0.049752
0.049752
0.049752
0.049727
0.049727
0.049752
0.049752
0.049727
0.049703
0.049727
0.049727
0.049727
0.049727
0.049703
0.049703
0.049727
0.049727
0.049727
0.049703
0.049727
0.049703
0.049703
0.049727
0.049703
0.049703
0.049678
0.049678
0.049703
0.049703
0.049678
0.049654
0.049654
0.049678
0.049654
0.049654
0.049629
0.049629
0.049629
0.049629
0.049604
0.049604
0.049604
0.049604
0.049604
0.049604
0.049604
0.049604
0.049629
0.049654
0.049654
0.049629
0.049654
0.049678
0.049678
0.049654
0.049654
0.049654
0.049678
0.049678
0.049678
0.049678
0.049678
0.049678
0.049703
0.049678
0.049678
0.049678
0.049678
0.049678
0.049678
0.049654
0.049678
0.049678
0.049703
0.049678
0.049678
0.049678
0.049703
0.049703
0.049703
0.049678
0.049678
0.049703
0.049703
0.049678
0.049678
0.049678
0.049678
0.049678
0.049678
0.049678
0.049678
0.049703
0.049703
0.049703
0.049678
0.049678
0.049703
0.049703
0.049703
0.049703
0.049678
0.049678
0.049678
0.049703
0.049703
0.049678
0.049678
0.049678
0.049703
0.049703
0.049703
0.049678
0.049678
0.049703
0.049703
0.049703
0.049678
0.049678
0.049678
0.049678
0.049678
0.049678
0.049654
0.049678
0.049678
0.049678
0.049654
0.049678
0.049678
0.049678
0.049678
0.049678
0.049678
0.049678
0.049678
0.049678
0.049654
0.049654
0.049678
0.049678
0.049678
0.049678
0.049678
0.049654
0.049654
0.049678
0.049678
0.049678
0.049654
0.049654
0.049678
0.049678
0.049678
0.049654
0.049654
0.049678
0.049703
0.049703
0.049678
0.049654
0.049629
0.04958
0.04953
0.049432
0.049334
0.049235
0.049186
0.049161
0.049087
0.049112
0.04921
0.049358
0.049481
0.04958
0.049629
0.049678
0.049678
0.049678
0.049654
0.049654
0.049629
0.049629
0.049629
0.049654
0.049629
0.049629
0.049629
0.049654
0.049654
0.049629
0.049629
0.049604
0.049629
0.049629
0.049629
0.049604
0.049604
0.049629
0.049629
0.049629
0.049604
0.049604
0.049604
0.049629
0.049629
0.049604
0.049604
0.049629
0.049629
0.049629
0.049604
0.049604
0.049604
0.049629
0.049604
0.049604
0.049604
0.049604
0.04958
0.049604
0.049604
0.049604
0.04958
0.04958
0.04958
0.049604
0.04958
0.049555
0.049555
0.049555
0.049555
0.049555
0.04953
0.04953
0.04953
0.04953
0.04953
0.049506
0.049506
0.049506
0.049506
0.049506
0.049506
0.049481
0.049506
0.04953
0.049506
0.049506
0.04953
0.04953
0.049555
0.049555
0.049555
0.049555
0.049555
0.04958
0.04958
0.049555
0.04958
0.04958
0.049555
0.04958
0.04958
0.04958
0.049555
0.049555
0.049555
0.04958
0.049555
0.04953
0.04953
0.049555
0.04958
0.049555
0.04953
0.04953
0.049555
0.049555
0.049555
0.049555
0.04953
0.049555
0.049555
0.049555
0.049555
0.04953
0.049555
0.04958
0.049555
0.049555
0.04953
0.049555
0.049555
0.049555
0.049555
0.04953
0.049555
0.049555
0.049555
0.04958
0.049555
0.049555
0.049555
0.049555
0.04958
0.04958
0.049555
0.049555
0.049555
0.04958
0.04958
0.049555
0.049555
0.04958
0.04958
0.04958
0.04958
0.049555
0.04958
0.04958
0.04958
0.04958
0.04958
0.04958
0.049604
0.04958
0.04958
0.04958
0.04958
0.049604
0.04958
0.04958
0.04958
0.04958
0.049604
0.049604
0.049604
0.04958
0.049604
0.04958
0.04958
0.049604
0.049604
0.04958
0.04958
0.049604
0.049604
0.049604
0.049604
0.04958
0.049604
0.049604
0.049604
0.049604
0.04958
0.049604
0.049604
0.049604
0.049604
0.04958
0.049604
0.049604
0.049604
0.049604
0.049604
0.049629
0.049629
0.049604
0.049555
0.049506
0.049457
0.049407
0.049309
0.049186
0.049137
0.049112
0.049063
0.049087
0.049555
0.049604
0.049629
0.049629
0.049629
0.049629
0.049629
0.049629
0.049604
0.049604
0.049604
0.049604
0.049604
0.04958
0.04958
0.049604
0.049604
0.04958
0.04958
0.049604
0.049604
0.049604
0.049604
0.049604
0.049604
0.049629
0.049629
0.049604
0.049604
0.049604
0.049629
0.049629
0.049604
0.049604
0.049604
0.049629
0.049629
0.049604
0.04958
0.049604
0.04958
0.04958
0.04958
0.04958
0.049555
0.049555
0.04958
0.04958
0.049555
0.049555
0.049555
0.049555
0.049555
0.04953
0.04953
0.04953
0.049555
0.049555
0.04953
0.049506
0.049506
0.04953
0.049506
0.049481
0.049481
0.049481
0.049481
0.049481
0.049457
0.049457
0.049457
0.049457
0.049481
0.049457
0.049457
0.049457
0.049481
0.049481
0.049481
0.049481
0.049506
0.04953
0.04953
0.04953
0.04953
0.04953
0.04953
0.04953
0.049555
0.049555
0.04953
0.04953
0.04953
0.049555
0.049555
0.04953
0.04953
0.04953
0.049555
0.049555
0.04953
0.04953
0.049555
0.049555
0.049555
0.04953
0.04953
0.04953
0.049555
0.049555
0.049555
0.04953
0.04953
0.049555
0.049555
0.049555
0.04953
0.049555
0.049555
0.049555
0.049555
0.049555
0.049555
0.04953
0.049555
0.049555
0.049555
0.049555
0.049555
0.04953
0.049555
0.04958
0.04958
0.049555
0.049555
0.04958
0.04958
0.049555
0.049555
0.049555
0.04958
0.04958
0.049555
0.049555
0.049555
0.049555
0.04958
0.049555
0.049555
0.049555
0.04958
0.04958
0.049555
0.049555
0.049555
0.04958
0.04958
0.049555
0.049555
0.049555
0.049555
0.049555
0.04958
0.04958
0.04958
0.049555
0.049555
0.04958
0.04958
0.04958
0.049555
0.049555
0.04958
0.04958
0.049555
0.04953
0.049555
0.049555
0.04958
0.049555
0.049555
0.049555
0.04958
0.04958
0.04958
0.049555
0.049555
0.049555
0.049555
0.049555
0.04953
0.04953
0.049555
0.049555
0.049555
0.04953
0.04953
0.049555
0.049555
0.049555
0.049284
0.049186
0.049112
0.049063
0.049013
0.048964
0.049013
0.049137
0.049309
0.049432
0.049506
0.04953
0.04958
0.04958
0.049555
0.04953
0.04953
0.04953
0.04953
0.04953
0.049506
0.049506
0.04953
0.04953
0.04953
0.049506
0.049506
0.04953
0.04953
0.04953
0.049506
0.049506
0.049506
0.04953
0.04953
0.049506
0.049506
0.04953
0.04953
0.049506
0.04953
0.049506
0.049506
0.049506
0.049506
0.049506
0.049506
0.049481
0.049481
0.049506
0.049506
0.049481
0.049481
0.049481
0.049506
0.049506
0.049481
0.049481
0.049481
0.049481
0.049481
0.049481
0.049457
0.049457
0.049457
0.049457
0.049457
0.049432
0.049432
0.049432
0.049432
0.049407
0.049407
0.049383
0.049383
0.049407
0.049383
0.049383
0.049358
0.049358
0.049309
0.049334
0.049358
0.049358
0.049358
0.049358
0.049358
0.049383
0.049383
0.049383
0.049383
0.049407
0.049407
0.049407
0.049407
0.049407
0.049407
0.049432
0.049432
0.049407
0.049407
0.049407
0.049432
0.049407
0.049407
0.049407
0.049407
0.049432
0.049407
0.049407
0.049407
0.049407
0.049407
0.049407
0.049407
0.049407
0.049407
0.049432
0.049407
0.049407
0.049407
0.049407
0.049383
0.049407
0.049407
0.049407
0.049383
0.049383
0.049407
0.049407
0.049407
0.049383
0.049383
0.049407
0.049407
0.049407
0.049383
0.049383
0.049407
0.049407
0.049407
0.049383
0.049383
0.049383
0.049407
0.049407
0.049383
0.049383
0.049407
0.049407
0.049407
0.049383
0.049383
0.049383
0.049407
0.049407
0.049383
0.049383
0.049383
0.049383
0.049383
0.049383
0.049383
0.049383
0.049358
0.049383
0.049383
0.049358
0.049358
0.049358
0.049383
0.049383
0.049383
0.049358
0.049358
0.049358
0.049358
0.049358
0.049358
0.049358
0.049358
0.049383
0.049358
0.049358
0.049334
0.049358
0.049358
0.049358
0.049334
0.049334
0.049334
0.049358
0.049358
0.049334
0.049334
0.049334
0.049358
0.049334
0.049334
0.049334
0.049309
0.049309
0.049334
0.049334
0.049334
0.049334
0.049309
0.049334
0.049358
0.049358
0.049358
0.049358
0.049358
0.049334
0.049284
0.04921
0.049137
0.049063
0.048964
0.048866
0.048817
0.048767
0.048743
0.048792
0.048915
0.049063
0.049186
0.049284
0.049334
0.049358
0.049334
0.049309
0.049309
0.049334
0.049309
0.049309
0.049284
0.049284
0.049309
0.049309
0.049309
0.049309
0.049309
0.049284
0.049309
0.049309
0.049309
0.049309
0.049284
0.049284
0.049309
0.049309
0.049309
0.049284
0.049309
0.049309
0.049309
0.049284
0.049284
0.049284
0.049309
0.049309
0.049284
0.049284
0.049284
0.049309
0.049284
0.049284
0.04926
0.049284
0.049284
0.049284
0.04926
0.04926
0.04926
0.04926
0.04926
0.04926
0.049235
0.049235
0.04921
0.04921
0.04921
0.04921
0.049186
0.049186
0.049186
0.049186
0.049186
0.049161
0.049137
0.049137
0.049137
0.049137
0.049137
0.049112
0.049112
0.049112
0.049112
0.049112
0.049112
0.049112
0.049137
0.049137
0.049137
0.049137
0.049137
0.049161
0.049161
0.049161
0.049161
0.049161
0.049186
0.049186
0.049186
0.049186
0.049186
0.049186
0.049186
0.049186
0.049186
0.049186
0.049186
0.049186
0.049186
0.049186
0.049186
0.049186
0.049186
0.049186
0.049186
0.049161
0.049137
0.049112
0.049137
0.049112
0.049087
0.049087
0.049087
0.049087
0.049087
0.049112
0.049087
0.049112
0.049112
0.049112
0.049112
0.049112
0.049112
0.049112
0.049112
0.049112
0.049112
0.049112
0.049137
0.049137
0.049112
0.049112
0.049112
0.049112
