2018
8
9
9
46
13.88
0.23616
0.23633
0.23623
0.23598
0.23591
0.23611
0.23628
0.23616
0.23596
0.23589
0.23608
0.23628
0.23618
0.23596
0.23591
0.23611
0.23628
0.23618
0.23596
0.23586
0.23608
0.23623
0.23613
0.23589
0.23576
0.23596
0.23613
0.23603
0.23581
0.23571
0.23591
0.23608
0.23598
0.23576
0.23566
0.23586
0.23606
0.23598
0.23576
0.23566
0.23569
0.23589
0.23608
0.23606
0.23586
0.23579
0.23596
0.23611
0.23601
0.23571
0.23552
0.23564
0.23576
0.23569
0.23539
0.23507
0.23502
0.2351
0.23505
0.2349
0.2348
0.23495
0.23507
0.23497
0.2347
0.23456
0.23473
0.23497
0.23497
0.23478
0.23463
0.2348
0.23502
0.23507
0.23492
0.2349
0.2351
0.23532
0.23534
0.2352
0.23561
0.23544
0.23534
0.23549
0.23569
0.23569
0.23547
0.23532
0.23549
0.23569
0.23571
0.23554
0.23542
0.23559
0.23579
0.23581
0.23564
0.23554
0.23569
0.23591
0.23593
0.23576
0.23566
0.23581
0.23603
0.23606
0.23584
0.23571
0.23584
0.23603
0.23603
0.23581
0.23566
0.23579
0.23598
0.23598
0.23579
0.23564
0.23576
0.23593
0.23574
0.23591
0.23593
0.23574
0.23559
0.23571
0.23591
0.23596
0.23576
0.23559
0.23571
0.23591
0.23593
0.23576
0.23559
0.23571
0.23593
0.23596
0.23574
0.23559
0.23569
0.23586
0.23589
0.23566
0.23549
0.23559
0.23574
0.23569
0.23539
0.23512
0.23515
0.23524
0.23522
0.23497
0.23475
0.2348
0.23495
0.23495
0.23473
0.23456
0.23468
0.23451
0.2346
0.2348
0.23483
0.23465
0.23448
0.23458
0.23478
0.23485
0.23465
0.23448
0.23458
0.23478
0.23483
0.23465
0.23451
0.23463
0.23485
0.23492
0.23475
0.2346
0.23473
0.23492
0.23497
0.23478
0.2346
0.23468
0.23485
0.2349
0.23468
0.23451
0.23458
0.23478
0.23485
0.23465
0.23448
0.23458
0.2348
0.23485
0.23483
0.23492
0.23475
0.23458
0.23468
0.23488
0.23497
0.2348
0.23465
0.23475
0.23495
0.23505
0.23485
0.23468
0.23473
0.2349
0.23497
0.2348
0.23463
0.2347
0.2349
0.235
0.2348
0.23463
0.23473
0.23492
0.235
0.23483
0.23463
0.23468
0.23488
0.23497
0.23475
0.23456
0.2346
0.23478
0.23488
0.23468
0.23451
0.23456
0.23453
0.23463
0.23485
0.23495
0.23475
0.23453
0.23451
0.23463
0.23465
0.23443
0.23421
0.23414
0.23411
0.23404
0.23379
0.23364
0.23369
0.23387
0.23394
0.23372
0.23347
0.23345
0.23362
0.23377
0.23367
0.23352
0.2336
0.23379
0.23394
0.23387
0.23382
0.23396
0.23426
0.23448
0.23441
0.23433
0.23446
0.23478
0.23502
0.23497
0.23539
0.23529
0.23515
0.2352
0.23542
0.23557
0.23544
0.23527
0.23532
0.23554
0.23569
0.23554
0.23537
0.23539
0.23561
0.23574
0.23559
0.23542
0.23544
0.23561
0.23571
0.23554
0.23532
0.23529
0.23544
0.23557
0.23539
0.2352
0.23517
0.23534
0.23547
0.23532
0.2351
0.2351
0.23529
0.23542
0.23527
0.2351
0.2351
0.23529
0.23512
0.23529
0.23542
0.23527
0.23507
0.23505
0.23522
0.23537
0.23522
0.235
0.23497
0.23517
0.23529
0.23517
0.23497
0.23495
0.23512
0.23524
0.23507
0.23485
0.2348
0.23497
0.23505
0.23483
0.23453
0.23441
0.23453
0.2346
0.23443
0.23419
0.23411
0.23426
0.23433
0.23416
0.23392
0.23384
0.23399
0.23411
0.23396
0.23372
0.23389
0.23369
0.23367
0.23387
0.23401
0.23392
0.23372
0.23369
0.23392
0.23406
0.23396
0.23377
0.23372
0.23394
0.23409
0.23399
0.23379
0.23374
0.23392
0.23406
0.23394
0.23374
0.23367
0.23384
0.23399
0.23387
0.23364
0.23357
0.23374
0.23389
0.23379
0.23357
0.23352
0.23369
0.23384
0.23372
0.23352
0.23347
0.23364
0.23379
0.23362
0.23379
0.23369
0.23352
0.23345
0.23364
0.23384
0.23377
0.2336
0.23352
0.23372
0.23387
0.23377
0.23357
0.23347
0.23364
0.23377
0.23364
0.23342
0.23332
0.2335
0.23364
0.23355
0.23332
0.23325
0.23342
0.23357
0.2335
0.2333
0.2332
0.2334
0.2336
0.23352
0.23337
0.23332
0.23355
0.23374
0.23367
0.23347
0.23335
0.23318
0.23305
0.23313
0.2331
0.23283
0.23259
0.23256
0.23278
0.23293
0.23281
0.23254
0.23241
0.23256
0.23271
0.23268
0.23259
0.23256
0.23278
0.233
0.23298
0.23288
0.23291
0.23318
0.23347
0.2335
0.23337
0.23332
0.23352
0.23374
0.23377
0.23362
0.23355
0.23374
0.23396
0.23392
0.23374
0.23364
0.23384
0.23401
0.23399
0.23409
0.23409
0.23392
0.23382
0.23399
0.23421
0.23419
0.23401
0.23389
0.23404
0.23421
0.23419
0.23399
0.23384
0.23399
0.23419
0.23416
0.23396
0.23384
0.23399
0.23419
0.23416
0.23396
0.23387
0.23401
0.23424
0.23421
0.23401
0.23389
0.23404
0.23421
0.23421
0.23401
0.23387
0.23399
0.23416
0.23411
0.23389
0.23374
0.23389
0.23377
0.23392
0.23411
0.23409
0.23389
0.23374
0.23389
0.23406
0.23404
0.23379
0.23362
0.23374
0.23389
0.23384
0.23357
0.23332
0.23335
0.23345
0.23337
0.2331
0.23288
0.23296
0.23308
0.233
0.23276
0.23256
0.23264
0.23281
0.23281
0.23259
0.23244
0.23256
0.23278
0.23281
0.23261
0.23246
0.23264
0.23283
0.23288
0.23271
0.23298
0.23281
0.23266
0.23278
0.23298
0.233
0.23281
0.23264
0.23273
0.23293
0.23293
0.23273
0.23256
0.23266
0.23283
0.23288
0.23268
0.23254
0.23266
0.23286
0.23288
0.23266
0.23249
0.23259
0.23278
0.23281
0.23261
0.23244
0.23254
0.23273
0.23276
0.23256
0.23241
0.23251
0.23273
0.23278
0.23259
0.23241
0.23254
0.23276
0.23278
0.23286
0.23264
0.23246
0.23256
0.23273
0.23278
0.23259
0.23236
0.23244
0.23259
0.23259
0.23236
0.23217
0.23222
0.23241
0.23246
0.23227
0.23207
0.23217
0.23236
0.23246
0.23232
0.23214
0.23224
0.23249
0.23261
0.23249
0.23234
0.23241
0.23261
0.23266
0.23244
0.23222
0.23222
0.23236
0.23244
0.23224
0.23192
0.2318
0.23168
0.23172
0.23185
0.23187
0.23165
0.23143
0.2315
0.23175
0.23192
0.2318
0.23163
0.23172
0.23195
0.23212
0.23204
0.23195
0.23207
0.23234
0.23249
0.23234
0.23219
0.23232
0.23259
0.23276
0.23261
0.23244
0.23251
0.23276
0.23286
0.23271
0.23251
0.23259
0.23278
0.23291
0.23276
0.23259
0.23264
0.23286
0.23298
0.23283
0.233
0.23288
0.23268
0.23271
0.23291
0.233
0.23281
0.23259
0.23259
0.23276
0.23283
0.23264
0.23236
0.23234
0.23251
0.23259
0.23241
0.23219
0.23222
0.23241
0.23256
0.23241
0.23222
0.23224
0.23246
0.23261
0.23246
0.23229
0.23229
0.23249
0.23264
0.23246
0.23227
0.23227
0.23244
0.23256
0.23241
0.23219
0.23222
0.23239
0.23209
0.23224
0.23234
0.23214
0.23192
0.23192
0.23209
0.23222
0.23202
0.23172
0.23165
0.23177
0.23182
0.23163
0.23138
0.23133
0.23148
0.2316
0.23143
0.23118
0.23113
0.23131
0.23145
0.23131
0.23106
0.23106
0.23123
0.23138
0.23123
0.23101
0.23099
0.23116
0.23133
0.23118
0.23099
0.23099
0.23118
0.23136
0.23123
0.23106
0.23111
0.23108
0.23126
0.23138
0.23123
0.23099
0.23094
0.23111
0.23126
0.23111
0.23089
0.23084
0.23101
0.23118
0.23104
0.23084
0.23076
0.23094
0.23108
0.23094
0.23069
0.23064
0.23081
0.23094
0.23079
0.23057
0.23049
0.23067
0.23084
0.23069
0.23047
0.23035
0.2304
0.23059
0.23049
0.2303
0.23022
0.23037
0.23049
0.23035
0.23049
0.2304
0.2302
0.2302
0.2304
0.23057
0.23047
0.2303
0.23027
0.23047
0.23067
0.23057
0.23037
0.2303
0.23047
0.23064
0.23052
0.23032
0.23027
0.23049
0.23069
0.23062
0.23042
0.23037
0.23052
0.23064
0.23049
0.23025
0.23015
0.2303
0.23042
0.23017
0.22978
0.22958
0.22978
0.22998
0.22988
0.22963
0.22951
0.22961
0.22936
0.22958
0.2298
0.22971
0.22953
0.22948
0.22971
0.22998
0.22995
0.2298
0.22978
0.23
0.2302
0.23017
0.23003
0.23003
0.23025
0.23047
0.23042
0.23025
0.23022
0.23042
0.23062
0.23054
0.23037
0.23032
0.23052
0.23072
0.23064
0.23047
0.2304
0.23057
0.23076
0.23069
0.23047
0.2304
0.23057
0.23076
0.23072
0.23054
0.23079
0.23062
0.23052
0.23072
0.23091
0.23084
0.23062
0.23052
0.23072
0.23091
0.23084
0.23064
0.23059
0.23076
0.23094
0.23089
0.23067
0.23052
0.23069
0.23086
0.23081
0.23059
0.23049
0.23064
0.23084
0.23079
0.23057
0.23047
0.23067
0.23086
0.23081
0.23059
0.23052
0.23069
0.23089
0.23084
0.23064
0.23049
0.23062
0.23079
0.23062
0.23049
0.23025
0.2301
0.2302
0.23035
0.23027
0.23005
0.2299
0.23005
0.23022
0.23017
0.22998
0.22985
0.23003
0.23022
0.2302
0.23
0.22988
0.23005
0.23025
0.23022
0.23005
0.22993
0.2301
0.2303
0.23025
0.23005
0.22993
0.23008
0.23025
0.23022
0.23003
0.22988
0.23003
0.2302
0.23017
0.22995
0.22983
0.22995
0.22973
0.22985
0.23003
0.22998
0.22976
0.22961
0.22976
0.22995
0.22993
0.22973
0.22961
0.22973
0.22993
0.2299
0.22973
0.22958
0.22971
0.2299
0.22985
0.22963
0.22948
0.22961
0.22978
0.22978
0.22958
0.22944
0.22958
0.22978
0.22976
0.22958
0.22944
0.22956
0.22976
0.22978
0.22958
0.22944
0.22953
0.22973
0.22971
0.22948
0.22953
0.22931
0.22914
0.22921
0.22939
0.22941
0.22919
0.22902
0.22914
0.22934
0.22936
0.22919
0.22907
0.22919
0.22941
0.22946
0.22929
0.22916
0.22934
0.22953
0.22956
0.22934
0.22914
0.22916
0.22929
0.22924
0.22899
0.22877
0.2288
0.22877
0.22862
0.22838
0.22825
0.22845
0.22867
0.2287
0.22848
0.22825
0.22833
0.2285
0.22835
0.22855
0.22855
0.2284
0.22828
0.22843
0.22867
0.22875
0.22857
0.22843
0.22857
0.22882
0.22894
0.22884
0.22875
0.22889
0.22914
0.22924
0.22909
0.22894
0.22904
0.22924
0.22926
0.22904
0.22884
0.22889
0.22904
0.22904
0.22882
0.22862
0.2287
0.22892
0.22899
0.22884
0.2287
0.22884
0.22907
0.22912
0.22894
0.2288
0.22897
0.22882
0.22889
0.22909
0.22914
0.22897
0.2288
0.22889
0.22909
0.22916
0.22899
0.22882
0.22892
0.22912
0.22916
0.22899
0.22882
0.22889
0.22907
0.22914
0.22894
0.22877
0.22882
0.22902
0.22909
0.22892
0.22877
0.22884
0.22904
0.22912
0.22897
0.22877
0.22882
0.22899
0.22904
0.22884
0.22862
0.22865
0.22882
0.22887
0.22872
0.22877
0.22855
0.2283
0.2283
0.22845
0.2285
0.2283
0.22811
0.22816
0.2283
0.22835
0.22816
0.22793
0.22796
0.22813
0.22818
0.22798
0.22779
0.22784
0.22798
0.22806
0.22788
0.22766
0.22769
0.22784
0.22791
0.22774
0.22754
0.22759
0.22776
0.22786
0.22769
0.22752
0.22756
0.22774
0.22784
0.22766
0.22747
0.22752
0.22742
0.22759
0.22766
0.22752
0.22729
0.22734
0.22752
0.22761
0.22747
0.22727
0.22729
0.22749
0.22756
0.22739
0.2272
0.22722
0.22739
0.22749
0.22732
0.22712
0.22712
0.22732
0.22742
0.22727
0.22707
0.22712
0.22732
0.22742
0.22727
0.2271
0.22712
0.22732
0.22744
0.22729
0.22712
0.22717
0.22737
0.22749
0.22737
0.2272
0.22737
0.22717
0.2272
0.22737
0.22752
0.22739
0.22722
0.22724
0.22739
0.22744
0.22722
0.22692
0.22688
0.22697
0.22705
0.2268
0.22643
0.22626
0.22641
0.22658
0.22655
0.22641
0.22641
0.22655
0.2266
0.22641
0.22621
0.22623
0.22643
0.22653
0.22641
0.22621
0.22621
0.22641
0.22658
0.22648
0.22636
0.22643
0.22665
0.22683
0.227
0.2272
0.2271
0.22692
0.22692
0.2271
0.2272
0.227
0.22675
0.22673
0.22688
0.22695
0.2268
0.22655
0.22653
0.2267
0.22683
0.2267
0.22653
0.22653
0.2267
0.22688
0.22678
0.22663
0.22665
0.22685
0.227
0.22688
0.2267
0.22673
0.22692
0.22707
0.22692
0.22675
0.22675
0.22695
0.2271
0.22697
0.2268
0.2268
0.22683
0.2268
0.22695
0.2271
0.22695
0.22675
0.2267
0.22683
0.22692
0.2268
0.22658
0.22655
0.2267
0.22683
0.2267
0.22648
0.22643
0.22658
0.2267
0.22655
0.22633
0.22626
0.22638
0.22651
0.22638
0.22616
0.22611
0.22623
0.22631
0.22611
0.22587
0.22574
0.22587
0.22596
0.22582
0.22559
0.22552
0.22567
0.22579
0.22564
0.2255
0.22527
0.22523
0.2254
0.22555
0.22545
0.22527
0.22523
0.2254
0.22557
0.2255
0.22532
0.2253
0.2255
0.22567
0.22557
0.2254
0.22537
0.22555
0.22569
0.22562
0.22545
0.2254
0.22557
0.22572
0.22562
0.22545
0.2254
0.22555
0.22572
0.22559
0.22537
0.2253
0.22545
0.22559
0.2255
0.2253
0.2252
0.22532
0.22545
0.22518
0.22532
0.22523
0.225
0.22491
0.22505
0.2252
0.22508
0.22488
0.22481
0.22495
0.22513
0.22505
0.22486
0.22478
0.22493
0.2251
0.22503
0.22483
0.22476
0.22488
0.22505
0.22495
0.22473
0.22461
0.22473
0.22486
0.22476
0.22454
0.22444
0.22459
0.22473
0.22466
0.22449
0.22439
0.22454
0.22473
0.22468
0.22451
0.22441
0.22451
0.22444
0.22459
0.22476
0.22471
0.22451
0.22444
0.22459
0.22478
0.22471
0.22446
0.22431
0.22436
0.22441
0.22424
0.22397
0.2238
0.22385
0.22385
0.22358
0.22326
0.22321
0.22345
0.22367
0.22363
0.2234
0.22323
0.22331
0.22345
0.22338
0.22318
0.22308
0.22323
0.22338
0.22335
0.22323
0.22321
0.22345
0.2237
0.22375
0.22402
0.22404
0.22392
0.22385
0.22402
0.22422
0.22419
0.22399
0.22385
0.22392
0.22404
0.22395
0.2237
0.22353
0.2236
0.22375
0.22367
0.22348
0.22333
0.22348
0.22365
0.22363
0.22345
0.22335
0.2235
0.22372
0.22375
0.2236
0.22353
0.2237
0.2239
0.22392
0.22377
0.22367
0.22382
0.22404
0.22404
0.2239
0.22377
0.22392
0.22375
0.22385
0.22402
0.22397
0.22375
0.2236
0.2237
0.22382
0.22377
0.22355
0.2234
0.2235
0.22367
0.22367
0.22348
0.22333
0.22343
0.2236
0.22358
0.22338
0.22321
0.22331
0.22345
0.2234
0.22318
0.22301
0.22311
0.22328
0.22323
0.22301
0.22281
0.22284
0.22294
0.22286
0.22264
0.22244
0.22252
0.22267
0.22264
0.22242
0.2223
0.22215
0.22225
0.22239
0.22239
0.2222
0.22205
0.22215
0.22227
0.22225
0.22205
0.22188
0.22195
0.2221
0.2221
0.2219
0.22175
0.22185
0.22203
0.22205
0.22185
0.22173
0.22185
0.22203
0.22207
0.2219
0.22175
0.22188
0.22205
0.22205
0.22188
0.22171
0.22178
0.22193
0.22193
0.22173
0.22156
0.22163
0.22178
0.22178
0.22171
0.22153
0.22139
0.22148
0.22166
0.22166
0.22146
0.22131
0.22139
0.22156
0.22156
0.22136
0.22119
0.22124
0.22139
0.22139
0.22119
0.22099
0.22107
0.22121
0.22124
0.22104
0.22087
0.22092
0.22107
0.22107
0.22087
0.22067
0.22075
0.22092
0.22092
0.2207
0.2205
0.22055
0.22072
0.22075
0.22055
0.2204
0.22047
0.22062
0.2204
0.22057
0.22065
0.22047
0.2203
0.22035
0.2205
0.22055
0.22033
0.22015
0.22025
0.22045
0.2205
0.2203
0.22013
0.22013
0.22023
0.22015
0.21988
0.21964
0.21964
0.21974
0.21966
0.21924
0.21892
0.21892
0.21915
0.21924
0.21907
0.21887
0.21887
0.219
0.219
0.21883
0.21868
0.21875
0.21892
0.219
0.21887
0.21875
0.21932
0.21922
0.21934
0.21956
0.21969
0.21959
0.21949
0.21961
0.21983
0.21991
0.21976
0.21961
0.21966
0.21983
0.21988
0.21969
0.21949
0.21951
0.21964
0.21969
0.21949
0.21929
0.21934
0.21951
0.21961
0.21944
0.21929
0.21937
0.21954
0.21961
0.21947
0.21929
0.21934
0.21951
0.21959
0.21944
0.21927
0.21929
0.21947
0.21956
0.21951
0.21961
0.21947
0.21929
0.21934
0.21951
0.21961
0.21947
0.21929
0.21934
0.21951
0.21961
0.21947
0.21927
0.21929
0.21944
0.21954
0.21939
0.21919
0.21922
0.21937
0.21944
0.21927
0.21905
0.21905
0.21919
0.21927
0.2191
0.21887
0.21887
0.21902
0.2191
0.21895
0.21873
0.2187
0.21878
0.2188
0.21858
0.21833
0.21831
0.21809
0.21809
0.21823
0.21831
0.21814
0.21794
0.21794
0.21809
0.21819
0.21804
0.21787
0.21789
0.21804
0.21814
0.21799
0.21784
0.21784
0.21801
0.21814
0.21801
0.21784
0.21784
0.21799
0.21811
0.21796
0.21777
0.21779
0.21794
0.21804
0.21791
0.21774
0.21772
0.21787
0.21799
0.21784
0.21764
0.21764
0.21782
0.21791
0.21774
0.21777
0.21762
0.21745
0.21742
0.21757
0.21769
0.21754
0.21735
0.21732
0.21747
0.21754
0.21742
0.21725
0.21722
0.21737
0.21747
0.21735
0.21718
0.21718
0.21732
0.21745
0.2173
0.2171
0.21708
0.21722
0.2173
0.21715
0.21695
0.21693
0.21708
0.21718
0.21703
0.21681
0.21676
0.21688
0.21698
0.21683
0.21661
0.21658
0.21673
0.21654
0.21668
0.21678
0.21666
0.21646
0.21641
0.21658
0.21671
0.21658
0.21641
0.21641
0.21658
0.21676
0.21666
0.21646
0.21641
0.21654
0.21658
0.21641
0.21617
0.21607
0.21619
0.21629
0.21602
0.21562
0.2155
0.21567
0.21587
0.2158
0.2156
0.21553
0.2156
0.2157
0.21555
0.21538
0.2154
0.2156
0.21575
0.21565
0.21545
0.21587
0.21575
0.2158
0.21599
0.21619
0.21617
0.21609
0.21614
0.21634
0.21654
0.21649
0.21636
0.21639
0.21658
0.21676
0.21668
0.21651
0.21649
0.21663
0.21678
0.21671
0.21656
0.21651
0.21668
0.21683
0.21678
0.21666
0.21666
0.21683
0.21703
0.217
0.21688
0.21686
0.21705
0.2172
0.21713
0.21693
0.21686
0.21698
0.2171
0.21688
0.21703
0.21693
0.21676
0.21668
0.21681
0.21695
0.21688
0.21671
0.21663
0.21676
0.21688
0.21681
0.21661
0.21654
0.21666
0.21678
0.21671
0.21654
0.21646
0.21661
0.21676
0.21668
0.21651
0.21644
0.21658
0.21673
0.21663
0.21644
0.21631
0.21641
0.21651
0.21641
0.21622
0.21609
0.21622
0.21629
0.21614
0.2159
0.21575
0.21567
0.21558
0.2157
0.21582
0.21572
0.21553
0.2154
0.21553
0.21567
0.2156
0.21543
0.21533
0.21548
0.21565
0.21562
0.21545
0.21538
0.21553
0.21572
0.2157
0.21553
0.21543
0.21558
0.21575
0.2157
0.21553
0.21543
0.21555
0.21572
0.2157
0.2155
0.2154
0.21555
0.21572
0.2157
0.2155
0.2154
0.21553
0.2157
0.21565
0.21565
0.21562
0.21545
0.21533
0.21545
0.2156
0.21555
0.21538
0.21526
0.21538
0.21555
0.21555
0.21538
0.21526
0.21538
0.21555
0.21553
0.21535
0.21523
0.21535
0.21553
0.2155
0.2153
0.21516
0.21528
0.21543
0.21538
0.21521
0.21508
0.21518
0.21533
0.2153
0.21511
0.21496
0.21508
0.21523
0.21523
0.21508
0.21496
0.21511
0.21498
0.21511
0.21526
0.21523
0.21503
0.21491
0.21503
0.21521
0.21518
0.21503
0.21491
0.21501
0.21518
0.21516
0.21501
0.21491
0.21503
0.21516
0.21511
0.21489
0.21466
0.21469
0.21476
0.21466
0.21442
0.21412
0.214
0.214
0.21398
0.21388
0.21378
0.21385
0.21398
0.21393
0.2137
0.21353
0.21363
0.21385
0.2139
0.21378
0.21407
0.21398
0.21388
0.21402
0.21425
0.2143
0.21422
0.21415
0.2143
0.21452
0.21459
0.21444
0.21437
0.21449
0.21466
0.21469
0.21457
0.21449
0.21464
0.21481
0.21486
0.21474
0.21462
0.21474
0.21491
0.21491
0.21476
0.21466
0.21481
0.21498
0.21501
0.21489
0.21479
0.21491
0.21511
0.21516
0.21503
0.21491
0.21503
0.21521
0.21506
0.21526
0.21528
0.21511
0.21491
0.21498
0.21508
0.21503
0.21486
0.21469
0.21474
0.21484
0.21481
0.21464
0.21452
0.21464
0.21481
0.21486
0.21471
0.21459
0.21474
0.21496
0.21501
0.21484
0.21471
0.21481
0.21498
0.21501
0.21479
0.21462
0.21469
0.21481
0.21481
0.21459
0.21439
0.21439
0.21449
0.21447
0.21427
0.21407
0.21373
0.21375
0.2139
0.21393
0.21375
0.21361
0.21366
0.21383
0.21388
0.2137
0.21356
0.21361
0.21375
0.21383
0.21368
0.21351
0.21356
0.2137
0.21375
0.21361
0.21343
0.21351
0.21366
0.21373
0.21361
0.21348
0.21358
0.21378
0.2139
0.21378
0.21368
0.2138
0.21402
0.21412
0.214
0.21385
0.21393
0.2141
0.21415
0.214
0.21383
0.21363
0.21366
0.21375
0.21378
0.21358
0.21338
0.21341
0.21351
0.21353
0.21336
0.21319
0.21324
0.21338
0.21346
0.21331
0.21316
0.21324
0.21341
0.21348
0.21334
0.21319
0.21321
0.21336
0.21343
0.21329
0.21311
0.21316
0.21334
0.21341
0.21326
0.21311
0.21316
0.21334
0.21343
0.21331
0.21316
0.21319
0.21334
0.21341
0.21326
0.21334
0.21319
0.21299
0.21302
0.21316
0.21321
0.21306
0.21292
0.21294
0.21309
0.21314
0.21299
0.21282
0.21287
0.21302
0.21311
0.21299
0.21284
0.21284
0.21294
0.21297
0.21277
0.21252
0.21245
0.21255
0.2126
0.2124
0.21208
0.21191
0.21196
0.21206
0.21201
0.21188
0.21191
0.21203
0.21208
0.21191
0.21171
0.21174
0.21183
0.21186
0.21206
0.2122
0.21213
0.21203
0.2121
0.2123
0.21242
0.2123
0.21215
0.21223
0.21242
0.21257
0.21247
0.21235
0.2124
0.2126
0.21274
0.21262
0.21247
0.21247
0.21262
0.21272
0.2126
0.21245
0.21247
0.21262
0.21277
0.21267
0.21252
0.21255
0.21274
0.21287
0.21277
0.21262
0.21262
0.21279
0.21287
0.21274
0.21274
0.21262
0.21242
0.2124
0.21255
0.21265
0.21252
0.21235
0.21233
0.2125
0.2126
0.2125
0.21233
0.2123
0.21245
0.21255
0.21242
0.21225
0.21223
0.2124
0.2125
0.21238
0.21223
0.2122
0.21238
0.21247
0.21238
0.2122
0.21218
0.21233
0.21245
0.2123
0.21213
0.21208
0.21218
0.21228
0.2121
0.21191
0.21181
0.21191
0.21159
0.21169
0.21174
0.21156
0.21139
0.21134
0.21146
0.21159
0.21146
0.21132
0.21129
0.21146
0.21156
0.21146
0.21127
0.21124
0.21137
0.21149
0.21137
0.21119
0.21114
0.21127
0.21137
0.21127
0.21107
0.21105
0.21119
0.21132
0.21124
0.2111
0.21107
0.21124
0.21137
0.21132
0.21117
0.21114
0.21129
0.21142
0.21132
0.21114
0.21127
0.2111
0.21105
0.21117
0.21129
0.21119
0.21102
0.21095
0.2111
0.21122
0.21114
0.21097
0.21092
0.21105
0.21119
0.21112
0.21097
0.21092
0.21107
0.21119
0.21112
0.21097
0.21092
0.21107
0.21122
0.21114
0.21097
0.2109
0.211
0.2111
0.211
0.21082
0.21075
0.21087
0.211
0.2109
0.21073
0.21068
0.2108
0.21095
0.2108
0.21092
0.21082
0.21065
0.21055
0.21068
0.21082
0.21075
0.21058
0.2105
0.21065
0.2108
0.21073
0.21058
0.21055
0.2107
0.21087
0.21085
0.21073
0.21068
0.21085
0.21102
0.21097
0.21085
0.21082
0.21102
0.21119
0.21114
0.21097
0.21085
0.2109
0.21095
0.21082
0.2106
0.21048
0.21055
0.2105
0.21026
0.21001
0.20994
0.20999
0.20984
0.20991
0.21001
0.20996
0.20982
0.20974
0.20986
0.21001
0.20996
0.20984
0.20982
0.21004
0.21026
0.21031
0.21021
0.21018
0.21036
0.21058
0.2106
0.21048
0.21043
0.21058
0.21073
0.2107
0.21055
0.21046
0.21058
0.2107
0.21065
0.21048
0.21038
0.21048
0.21063
0.21058
0.21041
0.21031
0.21043
0.21058
0.21055
0.21068
0.21065
0.2105
0.21041
0.21053
0.21068
0.21065
0.2105
0.21041
0.21053
0.21065
0.21063
0.21046
0.21036
0.21048
0.21063
0.2106
0.21043
0.21033
0.21046
0.2106
0.21058
0.21041
0.21031
0.21041
0.21055
0.21053
0.21038
0.21026
0.21038
0.21053
0.2105
0.21033
0.21021
0.21033
0.21048
0.21046
0.21028
0.21016
0.21026
