2018
8
9
9
56
2.9718
0.019005
0.019029
0.019029
0.019029
0.019029
0.019079
0.019103
0.019128
0.019128
0.019152
0.019177
0.019226
0.019226
0.019177
0.019054
0.018808
0.018586
0.018463
0.018389
0.018389
0.018488
0.018611
0.018734
0.018783
0.018808
0.018857
0.018906
0.018931
0.018931
0.018931
0.018931
0.01898
0.018955
0.018931
0.018931
0.018931
0.018955
0.01898
0.018955
0.018931
0.018931
0.018906
0.018906
0.018931
0.018955
0.018931
0.018906
0.018906
0.018955
0.018955
0.018931
0.018906
0.018906
0.018931
0.018955
0.018931
0.018906
0.018931
0.018955
0.018955
0.018931
0.018906
0.018931
0.018955
0.018955
0.018931
0.018906
0.018906
0.018931
0.018955
0.018931
0.018906
0.018906
0.018931
0.018931
0.018931
0.018906
0.018906
0.018931
0.018931
0.018906
0.018906
0.018882
0.018882
0.018882
0.018882
0.018882
0.018857
0.018832
0.018857
0.018857
0.018857
0.018857
0.018832
0.018832
0.018857
0.018882
0.018857
0.018832
0.018857
0.018882
0.018882
0.018882
0.018857
0.018857
0.018882
0.018882
0.018882
0.018857
0.018857
0.018882
0.018882
0.018857
0.018832
0.018832
0.018857
0.018882
0.018857
0.018832
0.018832
0.018832
0.018832
0.018857
0.018857
0.018857
0.018832
0.018832
0.018857
0.018857
0.018857
0.018832
0.018832
0.018857
0.018857
0.018857
0.018832
0.018832
0.018857
0.018857
0.018832
0.018808
0.018832
0.018832
0.018832
0.018808
0.018808
0.018808
0.018832
0.018832
0.018832
0.018808
0.018783
0.018808
0.018808
0.018783
0.018783
0.018783
0.018808
0.018808
0.018783
0.018783
0.018783
0.018759
0.018759
0.018783
0.018783
0.018759
0.018734
0.018759
0.018759
0.018783
0.018759
0.018734
0.018734
0.018759
0.018783
0.018759
0.018734
0.018709
0.018734
0.018734
0.018734
0.018709
0.018709
0.018734
0.018759
0.018734
0.018734
0.018709
0.018709
0.018734
0.018709
0.018709
0.018709
0.018734
0.018734
0.018709
0.018685
0.018685
0.018709
0.018685
0.018709
0.018709
0.018709
0.018685
0.018709
0.018759
0.018783
0.018808
0.018808
0.018832
0.018857
0.018882
0.018906
0.018882
0.018832
0.01866
0.018389
0.018168
0.018069
0.018069
0.018143
0.018242
0.01834
0.018414
0.018463
0.018537
0.018586
0.018611
0.018611
0.018611
0.018635
0.01866
0.01866
0.018635
0.01866
0.01866
0.01866
0.018611
0.018611
0.018611
0.018611
0.018635
0.01866
0.018635
0.018611
0.018611
0.018635
0.01866
0.01866
0.018635
0.018635
0.018635
0.01866
0.01866
0.018635
0.018635
0.01866
0.01866
0.01866
0.018635
0.018635
0.01866
0.018685
0.018635
0.018611
0.018611
0.018635
0.018635
0.018635
0.018611
0.018611
0.018635
0.018635
0.018635
0.018611
0.018611
0.018635
0.018635
0.018635
0.018611
0.018586
0.018586
0.018611
0.018611
0.018611
0.018562
0.018562
0.018586
0.018611
0.018586
0.018562
0.018562
0.018586
0.018611
0.018586
0.018586
0.018586
0.018586
0.018611
0.018611
0.018586
0.018586
0.018611
0.018611
0.018611
0.018586
0.018586
0.018586
0.018611
0.018611
0.018586
0.018586
0.018586
0.018611
0.018611
0.018586
0.018562
0.018586
0.018611
0.018635
0.018611
0.018586
0.018586
0.018611
0.018635
0.018611
0.018611
0.018611
0.018611
0.018635
0.018635
0.018611
0.018586
0.018611
0.018635
0.018635
0.018611
0.018586
0.018611
0.018635
0.018611
0.018586
0.018586
0.018611
0.018611
0.018611
0.018586
0.018586
0.018586
0.018611
0.018611
0.018562
0.018562
0.018586
0.018611
0.018586
0.018586
0.018586
0.018586
0.018562
0.018586
0.018586
0.018586
0.018586
0.018562
0.018586
0.018611
0.018586
0.018562
0.018562
0.018586
0.018611
0.018611
0.018586
0.018562
0.018586
0.018611
0.018611
0.018586
0.018586
0.018611
0.01866
0.01866
0.018635
0.018611
0.018635
0.018635
0.018635
0.018635
0.018635
0.01866
0.018685
0.018685
0.01866
0.01866
0.018685
0.018709
0.018709
0.018685
0.018734
0.018709
0.018685
0.018709
0.018734
0.018734
0.018709
0.018709
0.018759
0.018808
0.018832
0.018832
0.018832
0.018882
0.018931
0.018931
0.018955
0.018955
0.018955
0.018906
0.018685
0.018389
0.018217
0.018168
0.018192
0.018266
0.018365
0.018463
0.018562
0.018635
0.018685
0.018709
0.018734
0.018759
0.018783
0.018808
0.018783
0.018783
0.018808
0.018832
0.018832
0.018857
0.018882
0.018857
0.018857
0.018857
0.018882
0.018906
0.018906
0.018906
0.018906
0.018931
0.018931
0.018906
0.018906
0.018931
0.018955
0.018955
0.018931
0.018931
0.018931
0.018955
0.018955
0.018955
0.018955
0.018955
0.01898
0.01898
0.01898
0.018955
0.01898
0.019005
0.019005
0.01898
0.01898
0.019005
0.019005
0.019029
0.019005
0.019005
0.019005
0.019005
0.019029
0.019029
0.019029
0.019029
0.019005
0.019029
0.019029
0.019029
0.019005
0.019005
0.019005
0.019029
0.019029
0.019005
0.019005
0.019029
0.019054
0.019054
0.019054
0.019054
0.019054
0.019079
0.019103
0.019103
0.019079
0.019103
0.019128
0.019128
0.019128
0.019103
0.019128
0.019152
0.019152
0.019152
0.019128
0.019128
0.019128
0.019128
0.019103
0.019103
0.019054
0.019054
0.019054
0.019079
0.019079
0.019029
0.019029
0.019029
0.019054
0.019054
0.019029
0.019005
0.019005
0.019029
0.019029
0.019029
0.019005
0.019029
0.019054
0.019029
0.019005
0.019005
0.019005
0.019005
0.019005
0.019005
0.01898
0.01898
0.019005
0.019005
0.01898
0.01898
0.018955
0.01898
0.01898
0.018955
0.018955
0.018955
0.018931
0.018931
0.018955
0.018955
0.018931
0.018931
0.018931
0.018955
0.018955
0.018955
0.018906
0.018906
0.018931
0.018955
0.018931
0.018906
0.018906
0.018931
0.018931
0.018931
0.018906
0.018906
0.018931
0.018931
0.018906
0.018882
0.018882
0.018906
0.018931
0.018906
0.018882
0.018882
0.018906
0.018906
0.018882
0.018882
0.018882
0.018906
0.018906
0.018882
0.018882
0.018882
0.018857
0.018857
0.018882
0.018882
0.018857
0.018857
0.018857
0.018882
0.018882
0.018857
0.018857
0.018857
0.018882
0.018882
0.018882
0.018857
0.018857
0.018857
0.018882
0.018857
0.018832
0.018857
0.018857
0.018882
0.018857
0.018832
0.018832
0.018857
0.018857
0.018832
0.018808
0.018808
0.018832
0.018857
0.018832
0.018832
0.018808
0.018832
0.018832
0.018832
0.018832
0.018808
0.018808
0.018832
0.018832
0.018808
0.018783
0.018783
0.018808
0.018832
0.018832
0.018832
0.018857
0.018906
0.018931
0.018931
0.018931
0.018955
0.019005
0.019029
0.019005
0.018931
0.018759
0.018512
0.018315
0.018217
0.018192
0.018242
0.018365
0.018488
0.018562
0.018611
0.01866
0.018709
0.018759
0.018759
0.018759
0.018759
0.018759
0.018759
0.018759
0.018783
0.018783
0.018759
0.018759
0.018759
0.018759
0.018759
0.018734
0.018734
0.018759
0.018759
0.018759
0.018734
0.018734
0.018759
0.018783
0.018759
0.018734
0.018734
0.018759
0.018759
0.018759
0.018734
0.018734
0.018759
0.018759
0.018759
0.018734
0.018734
0.018759
0.018759
0.018734
0.018734
0.018734
0.018734
0.018759
0.018759
0.018734
0.018709
0.018734
0.018734
0.018734
0.018734
0.018709
0.018709
0.018709
0.018734
0.018709
0.018685
0.018685
0.018709
0.018709
0.018685
0.01866
0.01866
0.01866
0.01866
0.01866
0.018635
0.018635
0.01866
0.01866
0.01866
0.018635
0.01866
0.018685
0.018685
0.01866
0.01866
0.01866
0.018685
0.018685
0.018685
0.01866
0.01866
0.018685
0.018685
0.018685
0.018685
0.018685
0.01866
0.01866
0.01866
0.018685
0.018685
0.01866
0.018635
0.01866
0.018685
0.01866
0.01866
0.01866
0.01866
0.018685
0.018685
0.01866
0.01866
0.018685
0.018709
0.018685
0.01866
0.01866
0.018685
0.018685
0.018685
0.01866
0.01866
0.018685
0.018685
0.018685
0.01866
0.01866
0.01866
0.01866
0.01866
0.01866
0.01866
0.018635
0.018635
0.018635
0.01866
0.01866
0.018635
0.018635
0.018635
0.01866
0.01866
0.018635
0.018611
0.018635
0.01866
0.01866
0.018635
0.018635
0.018635
0.018635
0.018635
0.018611
0.018611
0.018611
0.018611
0.018611
0.018586
0.018586
0.018611
0.018635
0.018611
0.018611
0.018586
0.018611
0.018611
0.018611
0.018611
0.018586
0.018611
0.018611
0.018611
0.018635
0.018611
0.018586
0.018586
0.018586
0.018611
0.018611
0.018611
0.018586
0.018586
0.018611
0.018611
0.018586
0.018586
0.018586
0.018611
0.018586
0.018586
0.018586
0.018586
0.018586
0.018586
0.018586
0.018562
0.018586
0.018611
0.018586
0.018562
0.018562
0.018562
0.018586
0.018586
0.018562
0.018562
0.018562
0.018586
0.018586
0.018562
0.018537
0.018562
0.018537
0.018562
0.018586
0.018562
0.018537
0.018537
0.018537
0.018562
0.018562
0.018537
0.018537
0.018537
0.018562
0.018562
0.018537
0.018537
0.018562
0.018586
0.018611
0.018611
0.018611
0.01866
0.018709
0.018734
0.018734
0.018759
0.018759
0.018783
0.018709
0.018488
0.018242
0.018069
0.01802
0.01802
0.018045
0.018143
0.018242
0.018365
0.018414
0.018439
0.018512
0.018512
0.018537
0.018537
0.018537
0.018537
0.018537
0.018537
0.018562
0.018537
0.018537
0.018537
0.018537
0.018562
0.018562
0.018537
0.018537
0.018537
0.018562
0.018562
0.018537
0.018537
0.018537
0.018562
0.018562
0.018537
0.018537
0.018537
0.018562
0.018562
0.018537
0.018537
0.018537
0.018562
0.018562
0.018562
0.018537
0.018562
0.018562
0.018562
0.018562
0.018562
0.018562
0.018537
0.018537
0.018562
0.018562
0.018537
0.018537
0.018537
0.018562
0.018562
0.018562
0.018537
0.018537
0.018537
0.018537
0.018537
0.018512
0.018512
0.018512
0.018512
0.018512
0.018488
0.018488
0.018512
0.018512
0.018488
0.018488
0.018488
0.018512
0.018512
0.018512
0.018488
0.018512
0.018537
0.018537
0.018512
0.018512
0.018512
0.018512
0.018537
0.018537
0.018537
0.018512
0.018512
0.018537
0.018537
0.018512
0.018512
0.018512
0.018537
0.018537
0.018512
0.018512
0.018512
0.018537
0.018537
0.018537
0.018512
0.018512
0.018537
0.018537
0.018537
0.018512
0.018537
0.018537
0.018537
0.018512
0.018512
0.018512
0.018537
0.018537
0.018537
0.018512
0.018512
0.018537
0.018537
0.018512
0.018512
0.018512
0.018512
0.018512
0.018512
0.018512
0.018512
0.018488
0.018488
0.018512
0.018537
0.018512
0.018488
0.018512
0.018512
0.018512
0.018488
0.018488
0.018488
0.018512
0.018512
0.018512
0.018488
0.018488
0.018512
0.018512
0.018512
0.018488
0.018488
0.018512
0.018512
0.018512
0.018488
0.018488
0.018512
0.018512
0.018488
0.018488
0.018488
0.018488
0.018512
0.018488
0.018463
0.018463
0.018488
0.018488
0.018463
0.018463
0.018463
0.018488
0.018488
0.018488
0.018463
0.018463
0.018463
0.018488
0.018463
0.018463
0.018463
0.018488
0.018488
0.018488
0.018463
0.018463
0.018463
0.018463
0.018463
0.018463
0.018463
0.018463
0.018488
0.018463
0.018463
0.018463
0.018488
0.018512
0.018512
0.018512
0.018537
0.018586
0.018635
0.018685
0.018562
0.018291
0.018069
0.017946
0.017922
0.017922
0.017971
0.018069
0.018192
0.018266
0.018315
0.01834
0.018365
0.018414
0.018439
0.018439
0.018414
0.018439
0.018439
0.018439
0.018439
0.018414
0.018414
0.018439
0.018439
0.018439
0.018414
0.018414
0.018439
0.018439
0.018414
0.018414
0.018414
0.018439
0.018439
0.018439
0.018439
0.018439
0.018439
0.018439
0.018439
0.018463
0.018439
0.018439
0.018439
0.018439
0.018463
0.018439
0.018439
0.018439
0.018439
0.018463
0.018463
0.018439
0.018439
0.018439
0.018463
0.018439
0.018439
0.018439
0.018439
0.018439
0.018439
0.018439
0.018414
0.018439
0.018439
0.018439
0.018414
0.018414
0.018439
0.018439
0.018414
0.018389
0.018389
0.018414
0.018414
0.018389
0.018389
0.018365
0.018389
0.018389
0.018389
0.018389
0.018389
0.018414
0.018414
0.018414
0.018389
0.018389
0.018414
0.018414
0.018414
0.018389
0.018414
0.018439
0.018439
0.018414
0.018389
0.018389
0.018414
0.018414
0.018414
0.018389
0.018389
0.018389
0.018414
0.018389
0.018389
0.018389
0.018389
0.018414
0.018414
0.018389
0.018389
0.018414
0.018414
0.018414
0.018414
0.018414
0.018414
0.018414
0.018439
0.018439
0.018414
0.018414
0.018414
0.018439
0.018439
0.018414
0.018414
0.018414
0.018414
0.018414
0.018414
0.018389
0.018414
0.018414
0.018414
0.018414
0.018389
0.018414
0.018414
0.018414
0.018389
0.018389
0.018414
0.018414
0.018414
0.018389
0.018389
0.018414
0.018414
0.018414
0.018389
0.018389
0.018414
0.018414
0.018414
0.018414
0.018414
0.018389
0.018389
0.018389
0.018389
0.018389
0.018389
0.018365
0.018389
0.018389
0.018389
0.018389
0.018365
0.018365
0.018389
0.018365
0.018365
0.018365
0.018365
0.018365
0.018365
0.018365
0.018365
0.018389
0.018389
0.018365
0.01834
0.01834
0.018365
0.018365
0.018365
0.018365
0.01834
0.018365
0.018365
0.018365
0.01834
0.01834
0.018365
0.01834
0.01834
0.018365
0.018365
0.018365
0.018365
0.018389
0.018439
0.018439
0.018463
0.018488
0.018512
0.018562
0.018586
0.018562
0.018562
0.018463
0.018266
0.017995
0.017823
0.017774
0.017798
0.017872
0.017971
0.018045
0.018143
0.018192
0.018266
0.018291
0.018315
0.018315
0.018315
0.01834
0.01834
0.01834
0.01834
0.01834
0.01834
0.01834
0.018315
0.01834
0.018315
0.018315
0.01834
0.01834
0.01834
0.01834
0.01834
0.01834
0.018365
0.018365
0.01834
0.01834
0.01834
0.018365
0.018365
0.01834
0.01834
0.01834
0.018365
0.018365
0.01834
0.01834
0.01834
0.018365
0.018365
0.018365
0.01834
0.018365
0.018365
0.018365
0.018365
0.01834
0.018365
0.018365
0.018365
0.018365
0.018365
0.018365
0.018365
0.01834
0.01834
0.01834
0.01834
0.01834
0.01834
0.01834
0.01834
0.018315
0.018315
0.018315
0.018315
0.018315
0.018315
0.018291
0.018291
0.018315
0.018315
0.018291
0.018291
0.018315
0.01834
0.01834
0.01834
0.018315
0.018315
0.01834
0.01834
0.01834
0.01834
0.01834
0.01834
0.01834
0.01834
0.01834
0.01834
0.01834
0.018365
0.01834
0.01834
0.01834
0.01834
0.018365
0.01834
0.01834
0.01834
0.01834
0.018365
0.018365
0.018365
0.01834
0.018365
0.018365
0.018365
0.018365
0.01834
0.018365
0.018365
0.018365
0.018365
0.018365
0.018365
0.018389
0.018389
0.018365
0.018365
0.018365
0.018365
0.018389
0.018365
0.018365
0.018365
0.018365
0.018365
0.018365
0.01834
0.01834
0.018365
0.018365
0.018365
0.018365
0.018365
0.01834
0.01834
0.01834
0.01834
0.01834
0.01834
0.01834
0.01834
0.01834
0.01834
0.01834
0.01834
0.018365
0.018365
0.01834
0.01834
0.01834
0.01834
0.01834
0.01834
0.018315
0.018315
0.01834
0.01834
0.018315
0.018315
0.018315
0.01834
0.01834
0.018315
0.018315
0.018315
0.01834
0.01834
0.01834
0.018315
0.018315
0.018315
0.018315
0.01834
0.01834
0.018315
0.018291
0.018315
0.018315
0.018315
0.018315
0.018315
0.018315
0.018315
0.018315
0.018315
0.018315
0.01834
0.018389
0.018414
0.018439
0.018439
0.018463
0.018512
0.018537
0.018537
0.018512
0.018439
0.018242
0.017971
0.017798
0.017725
0.017725
0.017798
0.017897
0.017995
0.018094
0.018143
0.018192
0.018242
0.018266
0.018266
0.018291
0.018291
0.018291
0.018291
0.018315
0.018291
0.018291
0.018291
0.018315
0.018315
0.018315
0.018291
0.018291
0.018291
0.018315
0.018291
0.018291
0.018315
0.018315
0.018315
0.018315
0.018291
0.018315
0.018315
0.01834
0.018315
0.018315
0.018315
0.01834
0.01834
0.018315
0.018315
0.018315
0.01834
0.01834
0.01834
0.018315
0.01834
0.01834
0.018365
0.01834
0.01834
0.01834
0.01834
0.01834
0.01834
0.01834
0.01834
0.01834
0.01834
0.01834
0.01834
0.018315
0.018315
0.018315
0.018315
0.018315
0.018315
0.018291
0.018291
0.018291
0.018315
0.018291
0.018291
0.018291
0.018291
0.018315
0.018315
0.018291
0.018291
0.018315
0.018315
0.018315
0.018315
0.018315
0.01834
0.01834
0.01834
0.018315
0.018315
0.018315
0.01834
0.01834
0.018315
0.018315
0.018315
0.01834
0.01834
0.018315
0.018315
0.01834
0.01834
0.01834
0.018315
0.018315
0.01834
0.01834
0.01834
0.018315
0.018315
0.018315
0.01834
0.01834
0.01834
0.01834
0.01834
0.018365
0.018365
0.018365
0.01834
0.01834
0.01834
0.01834
0.01834
0.01834
0.01834
0.018365
0.01834
0.01834
0.01834
0.01834
0.01834
0.01834
0.01834
0.01834
0.01834
0.01834
0.01834
0.01834
0.01834
0.018315
0.018315
0.018315
0.01834
0.01834
0.018315
0.018315
0.018315
0.01834
0.01834
0.018315
0.018315
0.018315
0.01834
0.01834
0.018315
0.018315
0.018315
0.01834
0.018315
0.018315
0.018291
0.018315
0.018315
0.018315
0.018291
0.018291
0.018315
0.018315
0.018315
0.018315
0.018315
0.018315
0.018315
0.018315
0.018315
0.018315
0.018315
0.018315
0.018315
0.01834
0.018315
0.018315
0.018315
0.018315
0.018315
0.018315
0.018315
0.01834
0.018365
0.018389
0.018414
0.018439
0.018463
0.018488
0.018537
0.018537
0.018537
0.018488
0.018315
0.018045
0.017848
0.017749
0.017725
0.017774
0.017897
0.017995
0.018069
0.018143
0.018192
0.018266
0.018291
0.018315
0.018315
0.018315
0.018291
0.018315
0.018315
0.018315
0.018291
0.018291
0.018315
0.018315
0.018315
0.018315
0.018291
0.018315
0.018315
0.018315
0.018315
0.018315
0.018315
0.01834
0.01834
0.018315
0.018315
0.018315
0.018315
0.018315
0.018315
0.018315
0.01834
0.01834
0.01834
0.01834
0.018315
0.01834
0.01834
0.01834
0.01834
0.01834
0.01834
0.01834
0.01834
0.018365
0.018365
0.01834
0.01834
0.01834
0.01834
0.01834
0.01834
0.01834
0.01834
0.01834
0.01834
0.01834
0.018315
0.018315
0.01834
0.01834
0.018315
0.018291
0.018315
0.018315
0.018315
0.018315
0.018315
0.018315
0.018315
0.018315
0.018315
0.018315
0.018315
0.01834
0.01834
0.018315
0.018315
0.01834
0.018365
0.01834
0.01834
0.018365
0.01834
0.01834
0.01834
0.018365
0.018365
0.01834
0.01834
0.01834
0.018365
0.018365
0.01834
0.01834
0.018365
0.018365
0.018365
0.018365
0.01834
0.01834
0.018365
0.018365
0.018365
0.018365
0.018365
0.018389
0.018389
0.018365
0.018365
0.018365
0.018389
0.018389
0.018389
0.018365
0.018365
0.018389
0.018389
0.018365
0.018365
0.018365
0.018365
0.018365
0.018389
0.018389
0.018365
0.018365
0.018365
0.018365
0.018365
0.018365
0.018365
0.018365
0.018365
0.018365
0.01834
0.01834
0.01834
0.018365
0.018365
0.018365
0.01834
0.01834
0.018365
0.018365
0.01834
0.01834
0.018365
0.018365
0.018365
0.01834
0.01834
0.01834
0.018365
0.018365
0.01834
0.01834
0.01834
0.01834
0.01834
0.01834
0.01834
0.01834
0.01834
0.01834
0.01834
0.01834
0.01834
0.01834
0.01834
0.01834
0.01834
0.01834
0.01834
0.018315
0.01834
0.01834
0.018315
0.018315
0.018315
0.01834
0.01834
0.018315
0.018315
0.01834
0.018365
0.018365
0.018389
0.018414
0.018439
0.018463
0.018488
0.018512
0.018512
0.018537
0.018537
0.018512
0.018315
0.018045
0.017848
0.017897
0.017995
0.018118
0.018192
0.018217
0.018242
0.018266
0.018291
0.018315
0.018315
0.018315
0.01834
0.01834
0.018365
0.01834
0.01834
0.01834
0.01834
0.01834
0.01834
0.01834
0.01834
0.01834
0.01834
0.01834
0.018315
0.01834
0.018365
0.018365
0.01834
0.018315
0.018315
0.018365
0.018365
0.01834
0.01834
0.01834
0.018365
0.018365
0.01834
0.018365
0.018365
0.018365
0.018365
0.018365
0.018365
0.018365
0.018365
0.018365
0.018365
0.018365
0.018365
0.018365
0.018389
0.018389
0.018365
0.018365
0.018365
0.018365
0.018365
0.018365
0.01834
0.01834
0.018365
0.018365
0.018365
0.01834
0.01834
0.01834
0.01834
0.01834
0.018315
0.018315
0.018315
0.01834
0.01834
0.01834
0.01834
0.01834
0.018365
0.018365
0.018365
0.018365
0.018365
0.018365
0.018365
0.018365
0.018365
0.018365
0.018365
0.018365
0.018365
0.018365
0.018365
0.018365
0.018389
0.018389
0.018389
0.018365
0.018365
0.018365
0.018365
0.018365
0.018365
0.018365
0.018389
0.018389
0.018389
0.018365
0.018365
0.018389
0.018389
0.018389
0.018365
0.018389
0.018389
0.018389
0.018389
0.018389
0.018389
0.018389
0.018389
0.018389
0.018389
0.018389
0.018389
0.018389
0.018389
0.018414
0.018389
0.018389
0.018365
0.018389
0.018389
0.018389
0.018365
0.018365
0.018365
0.018389
0.018365
0.018365
0.018365
0.018365
0.018389
0.018365
0.018365
0.018365
0.018365
0.018365
0.018365
0.018365
0.018365
0.018389
0.018389
0.018365
0.018365
0.018365
0.018365
0.018365
0.018365
0.018389
0.018365
0.01834
0.018365
0.018365
0.018365
0.018365
0.018365
0.018365
0.018365
0.018365
0.018365
0.018365
0.018365
0.018365
0.018365
0.018365
0.01834
0.01834
0.018365
0.018365
0.018365
0.01834
0.01834
0.018365
0.018365
0.01834
0.01834
0.01834
0.018365
0.018365
0.01834
0.01834
0.01834
0.018365
0.018365
0.018365
0.018365
0.018389
0.018414
0.018562
0.018586
0.018562
0.018463
0.018217
0.017971
0.017823
0.017774
0.017774
0.017848
0.017971
0.018069
0.018143
0.018192
0.018242
0.018291
0.018315
0.018315
0.018315
0.01834
0.01834
0.01834
0.01834
0.01834
0.01834
0.01834
0.01834
0.01834
0.01834
0.01834
0.018365
0.018365
0.01834
0.01834
0.01834
0.018365
0.018365
0.018365
0.01834
0.01834
0.01834
0.018365
0.018365
0.018365
0.018365
0.018365
0.018365
0.018365
0.018365
0.018365
0.018365
0.018389
0.018389
0.018365
0.018365
0.018365
0.018365
0.018365
0.018389
0.018365
0.018365
0.018365
0.018389
0.018389
0.018365
0.018365
0.018365
0.018389
0.018389
0.018365
0.018365
0.018365
0.018365
0.018365
0.018365
0.01834
0.01834
0.01834
0.01834
0.01834
0.01834
0.018315
0.018315
0.018315
0.018315
0.018315
0.018315
0.018315
0.01834
0.01834
0.01834
0.01834
0.01834
0.01834
0.01834
0.018365
0.01834
0.01834
0.01834
0.01834
0.01834
0.01834
0.01834
0.01834
0.01834
0.01834
0.01834
0.01834
0.01834
0.018365
0.018365
0.018365
0.01834
0.01834
0.018365
0.018365
0.01834
0.01834
0.01834
0.018365
0.018365
0.018365
0.018365
0.018365
0.018365
0.018365
0.018365
0.018365
0.01834
0.01834
0.018365
0.018365
0.018365
0.01834
0.01834
0.018365
0.018365
0.018365
0.01834
0.01834
0.01834
0.018365
0.018365
0.018365
0.01834
0.01834
0.018365
0.018365
0.01834
0.01834
0.01834
0.018365
0.018365
0.01834
0.01834
0.01834
0.018365
0.018365
0.01834
0.01834
0.01834
0.01834
0.01834
0.018365
0.018365
0.018365
0.018365
0.01834
0.01834
0.01834
0.01834
0.01834
0.01834
0.01834
0.018365
0.01834
0.01834
0.01834
0.01834
0.01834
0.01834
0.018315
0.018315
0.01834
0.01834
0.01834
0.018315
0.018315
0.01834
0.01834
0.018315
0.018315
0.01834
0.01834
0.01834
0.01834
0.01834
0.01834
0.01834
0.01834
0.01834
0.01834
0.01834
0.018315
0.01834
0.01834
0.01834
0.01834
0.01834
0.018365
0.018389
0.018414
0.018414
0.018439
0.018488
0.018512
0.018537
0.018562
0.018562
0.018537
0.018463
0.018217
0.017971
0.017798
0.017749
0.017774
0.017848
0.017946
0.018045
0.018118
0.018192
0.018242
0.018266
0.018291
0.018315
0.018315
0.01834
0.01834
0.01834
0.01834
0.01834
0.01834
0.01834
0.01834
0.01834
0.01834
0.01834
0.018365
0.018365
0.01834
0.01834
0.01834
0.01834
0.018365
0.01834
0.01834
0.01834
0.018365
0.018365
0.018365
0.01834
0.018365
0.018365
0.018365
0.01834
0.01834
0.01834
0.018365
0.018365
0.018365
0.018365
0.018365
0.018365
0.018365
0.018365
0.018365
0.018365
0.018365
0.018389
0.018365
0.018389
0.018365
0.018365
0.018365
0.018365
0.018365
0.018365
0.01834
0.01834
0.018365
0.018365
0.018365
0.01834
0.01834
0.01834
0.01834
0.01834
0.018315
0.018315
0.01834
0.01834
0.01834
0.01834
0.01834
0.01834
0.018365
0.018365
0.01834
0.01834
0.018365
0.018365
0.018365
0.018365
0.018365
0.018365
0.018365
0.018365
0.018365
0.018365
0.018365
0.018365
0.018389
0.018389
0.018389
0.018365
0.018365
0.018389
0.018389
0.018389
0.018365
0.018365
0.018389
0.018389
0.018389
0.018389
0.018389
0.018389
0.018414
0.018414
0.018414
0.018389
0.018389
0.018414
0.018414
0.018389
0.018389
0.018414
0.018414
0.018414
0.018414
0.018414
0.018414
0.018414
0.018414
0.018389
0.018389
0.018414
0.018414
0.018414
0.018389
