2018
8
9
9
45
40.391
-0.15273
-0.1531
-0.15342
-0.15319
-0.1528
-0.15278
-0.15315
-0.15344
-0.15327
-0.15285
-0.15285
-0.15319
-0.15349
-0.15324
-0.15283
-0.15275
-0.15305
-0.15332
-0.15312
-0.15275
-0.15275
-0.15312
-0.15342
-0.15324
-0.1529
-0.153
-0.15349
-0.15391
-0.15374
-0.15332
-0.15327
-0.15361
-0.15396
-0.15379
-0.15339
-0.15334
-0.15371
-0.15408
-0.15393
-0.15359
-0.15413
-0.15376
-0.15371
-0.15406
-0.15443
-0.1543
-0.15391
-0.15381
-0.15413
-0.1545
-0.15435
-0.15391
-0.15381
-0.15411
-0.15445
-0.15433
-0.15391
-0.15381
-0.15413
-0.15452
-0.1544
-0.15401
-0.15391
-0.15423
-0.15462
-0.1545
-0.15411
-0.15398
-0.15428
-0.15465
-0.15452
-0.15411
-0.15396
-0.15425
-0.15462
-0.1545
-0.15411
-0.15398
-0.15428
-0.15465
-0.15433
-0.15472
-0.15462
-0.15423
-0.15408
-0.15438
-0.15477
-0.1547
-0.1543
-0.15413
-0.15443
-0.15482
-0.15472
-0.15433
-0.15418
-0.15447
-0.15487
-0.15479
-0.1544
-0.15423
-0.15452
-0.15489
-0.15482
-0.15443
-0.15423
-0.1545
-0.15492
-0.15482
-0.15443
-0.15423
-0.1545
-0.15489
-0.15479
-0.15443
-0.1542
-0.15447
-0.15487
-0.15482
-0.15445
-0.15425
-0.1544
-0.15418
-0.15443
-0.15479
-0.15472
-0.15433
-0.15411
-0.15433
-0.15472
-0.15467
-0.1543
-0.15408
-0.15433
-0.15475
-0.1547
-0.1543
-0.15408
-0.1543
-0.1547
-0.15467
-0.15428
-0.15403
-0.15428
-0.15467
-0.15465
-0.15428
-0.15403
-0.15428
-0.1547
-0.15467
-0.15433
-0.15408
-0.1543
-0.15472
-0.15472
-0.15435
-0.15411
-0.15433
-0.15475
-0.15472
-0.15479
-0.15479
-0.15445
-0.1542
-0.15443
-0.15484
-0.15487
-0.15452
-0.15425
-0.15447
-0.15489
-0.15489
-0.15455
-0.15425
-0.15447
-0.15489
-0.15489
-0.15455
-0.15425
-0.15447
-0.15489
-0.15494
-0.1546
-0.1543
-0.15452
-0.15494
-0.15499
-0.15465
-0.15435
-0.15455
-0.15499
-0.15504
-0.15472
-0.1544
-0.15457
-0.15502
-0.15509
-0.15475
-0.15443
-0.1546
-0.15445
-0.15465
-0.15509
-0.15514
-0.15482
-0.15447
-0.15465
-0.15509
-0.15516
-0.15482
-0.1545
-0.15465
-0.15509
-0.15516
-0.15482
-0.15445
-0.15455
-0.15494
-0.15499
-0.15462
-0.1542
-0.15435
-0.15482
-0.15497
-0.1547
-0.15438
-0.15447
-0.15494
-0.15521
-0.15504
-0.15477
-0.15497
-0.15539
-0.15551
-0.15519
-0.15482
-0.15497
-0.15541
-0.15553
-0.15524
-0.15563
-0.15536
-0.15504
-0.15519
-0.15566
-0.15583
-0.15556
-0.15519
-0.15536
-0.15583
-0.15598
-0.15568
-0.15529
-0.15539
-0.1558
-0.15595
-0.15563
-0.15524
-0.15534
-0.15578
-0.15593
-0.15563
-0.15526
-0.15536
-0.1558
-0.156
-0.15571
-0.15534
-0.15543
-0.15588
-0.15605
-0.15576
-0.15536
-0.15546
-0.15588
-0.15608
-0.1558
-0.15539
-0.15548
-0.1559
-0.15588
-0.15605
-0.15578
-0.15536
-0.15546
-0.15588
-0.1561
-0.15583
-0.15543
-0.15553
-0.15595
-0.15617
-0.15595
-0.15556
-0.15566
-0.15608
-0.15632
-0.15605
-0.15568
-0.15576
-0.15617
-0.1564
-0.15615
-0.15573
-0.15578
-0.1562
-0.1564
-0.15612
-0.15571
-0.15573
-0.1561
-0.15632
-0.15605
-0.15561
-0.15563
-0.15603
-0.15625
-0.15598
-0.15553
-0.15556
-0.15558
-0.15598
-0.15622
-0.15595
-0.15551
-0.15556
-0.15595
-0.1562
-0.15595
-0.15553
-0.15556
-0.15595
-0.1562
-0.15595
-0.15551
-0.15551
-0.15588
-0.15612
-0.15588
-0.15546
-0.15546
-0.15583
-0.15608
-0.15585
-0.15541
-0.15543
-0.1558
-0.15608
-0.15585
-0.15543
-0.15543
-0.15583
-0.1561
-0.15585
-0.15543
-0.15546
-0.15583
-0.1561
-0.1559
-0.15546
-0.15551
-0.15548
-0.15585
-0.15617
-0.15595
-0.15553
-0.15551
-0.15588
-0.15617
-0.15598
-0.15553
-0.15551
-0.15585
-0.15615
-0.15595
-0.15551
-0.15548
-0.15583
-0.15612
-0.15593
-0.15548
-0.15543
-0.1558
-0.15612
-0.15593
-0.15548
-0.15546
-0.15583
-0.15617
-0.15598
-0.15556
-0.15553
-0.1559
-0.15622
-0.15605
-0.15563
-0.15558
-0.15593
-0.15627
-0.15608
-0.15625
-0.15608
-0.15563
-0.15556
-0.15588
-0.15622
-0.15605
-0.15563
-0.15556
-0.15588
-0.15625
-0.1561
-0.15566
-0.15558
-0.15593
-0.15627
-0.15612
-0.15571
-0.15561
-0.1559
-0.15622
-0.15603
-0.15556
-0.15543
-0.15568
-0.15598
-0.15583
-0.15541
-0.15531
-0.15566
-0.15603
-0.15588
-0.15551
-0.15556
-0.15598
-0.15642
-0.1563
-0.15585
-0.15573
-0.15608
-0.15583
-0.15615
-0.15657
-0.15647
-0.15605
-0.15595
-0.1563
-0.15669
-0.15659
-0.15617
-0.15605
-0.15635
-0.15676
-0.15664
-0.15622
-0.1561
-0.15637
-0.15674
-0.15662
-0.15617
-0.15603
-0.15632
-0.15672
-0.15659
-0.15617
-0.15603
-0.15632
-0.15672
-0.15662
-0.1562
-0.15605
-0.15637
-0.15676
-0.15669
-0.15627
-0.15612
-0.15642
-0.15681
-0.15672
-0.15627
-0.15627
-0.1561
-0.15637
-0.15679
-0.15669
-0.15627
-0.1561
-0.1564
-0.15679
-0.15672
-0.15632
-0.15612
-0.15642
-0.15681
-0.15674
-0.15637
-0.1562
-0.15649
-0.15694
-0.15686
-0.15649
-0.1563
-0.15657
-0.15699
-0.15694
-0.15654
-0.15635
-0.15662
-0.15701
-0.15696
-0.15654
-0.15635
-0.15659
-0.15696
-0.15691
-0.15649
-0.15625
-0.15649
-0.15689
-0.15681
-0.15684
-0.15679
-0.15642
-0.1562
-0.15647
-0.15686
-0.15681
-0.15642
-0.15617
-0.1564
-0.15679
-0.15674
-0.15635
-0.1561
-0.15632
-0.15672
-0.15667
-0.15627
-0.15603
-0.15625
-0.15667
-0.15664
-0.15625
-0.156
-0.15625
-0.15664
-0.15662
-0.15625
-0.156
-0.15622
-0.15664
-0.15662
-0.15622
-0.15598
-0.1562
-0.15662
-0.15659
-0.15622
-0.15595
-0.15617
-0.1559
-0.15612
-0.15654
-0.15652
-0.15615
-0.15588
-0.1561
-0.15652
-0.15652
-0.15615
-0.15588
-0.15608
-0.15649
-0.15649
-0.15612
-0.15585
-0.15608
-0.15649
-0.15649
-0.15612
-0.15585
-0.15605
-0.15644
-0.15644
-0.15608
-0.1558
-0.15598
-0.15637
-0.1564
-0.15603
-0.15576
-0.15598
-0.1564
-0.1564
-0.15605
-0.15573
-0.15593
-0.15632
-0.15635
-0.156
-0.15595
-0.15566
-0.15583
-0.15625
-0.15627
-0.15593
-0.15561
-0.15576
-0.15615
-0.1562
-0.15585
-0.15556
-0.15573
-0.15612
-0.15617
-0.15583
-0.15551
-0.15566
-0.15605
-0.1561
-0.15578
-0.15548
-0.15563
-0.15605
-0.1561
-0.15573
-0.15539
-0.15551
-0.15585
-0.15583
-0.15539
-0.15502
-0.15516
-0.15558
-0.15566
-0.15531
-0.15499
-0.15514
-0.15558
-0.1558
-0.15588
-0.15595
-0.15558
-0.15526
-0.15541
-0.1558
-0.15593
-0.15563
-0.15534
-0.15551
-0.15595
-0.1561
-0.15585
-0.15556
-0.15573
-0.15612
-0.1562
-0.15588
-0.15556
-0.15571
-0.15615
-0.15627
-0.15595
-0.15558
-0.15568
-0.15605
-0.1561
-0.15576
-0.15539
-0.15551
-0.15585
-0.15595
-0.15566
-0.15529
-0.15541
-0.1558
-0.15593
-0.15563
-0.15529
-0.15541
-0.15531
-0.15543
-0.15583
-0.15595
-0.15566
-0.15529
-0.15541
-0.1558
-0.15595
-0.15566
-0.15529
-0.15541
-0.1558
-0.15595
-0.15568
-0.15531
-0.15541
-0.1558
-0.15598
-0.15571
-0.15534
-0.15546
-0.15585
-0.15603
-0.15578
-0.15541
-0.15551
-0.1559
-0.15608
-0.1558
-0.15543
-0.15553
-0.1559
-0.15608
-0.1558
-0.15541
-0.15548
-0.15585
-0.15605
-0.15578
-0.15573
-0.15534
-0.15541
-0.15578
-0.15595
-0.15568
-0.15526
-0.15531
-0.15571
-0.1559
-0.15566
-0.15524
-0.15529
-0.15566
-0.15583
-0.15556
-0.15511
-0.15514
-0.15548
-0.15568
-0.15543
-0.15502
-0.15504
-0.15539
-0.15561
-0.15536
-0.15494
-0.15499
-0.15536
-0.15558
-0.15534
-0.15492
-0.15494
-0.15529
-0.15551
-0.15524
-0.15482
-0.15484
-0.15519
-0.15543
-0.15509
-0.15531
-0.15507
-0.15465
-0.15465
-0.15499
-0.15521
-0.15497
-0.15455
-0.15455
-0.15487
-0.15511
-0.15487
-0.15445
-0.15443
-0.15477
-0.15499
-0.15475
-0.1543
-0.15428
-0.15462
-0.15484
-0.15462
-0.15415
-0.15408
-0.1544
-0.15465
-0.15438
-0.15391
-0.15383
-0.15413
-0.1544
-0.15413
-0.15369
-0.15361
-0.15391
-0.15415
-0.15391
-0.15344
-0.15337
-0.15322
-0.15315
-0.15344
-0.15369
-0.15344
-0.15297
-0.15287
-0.15315
-0.15339
-0.15315
-0.15265
-0.15255
-0.15283
-0.15307
-0.15285
-0.15236
-0.15226
-0.15255
-0.1528
-0.15255
-0.15209
-0.15199
-0.15228
-0.15255
-0.15233
-0.15187
-0.15174
-0.15204
-0.15231
-0.15211
-0.15164
-0.15152
-0.15182
-0.15211
-0.15191
-0.15147
-0.15135
-0.15162
-0.15191
-0.15172
-0.15164
-0.15142
-0.15091
-0.15068
-0.15091
-0.1512
-0.15105
-0.15059
-0.15046
-0.15073
-0.15103
-0.15091
-0.15061
-0.15059
-0.15093
-0.15127
-0.15108
-0.15063
-0.15049
-0.15078
-0.15113
-0.15098
-0.15054
-0.15041
-0.15073
-0.1511
-0.151
-0.15063
-0.15054
-0.15086
-0.15123
-0.15113
-0.15071
-0.15061
-0.15093
-0.1513
-0.15118
-0.15076
-0.15061
-0.15088
-0.15051
-0.15078
-0.15118
-0.15105
-0.15063
-0.15049
-0.15081
-0.15118
-0.15108
-0.15066
-0.15054
-0.15083
-0.15125
-0.15115
-0.15076
-0.15061
-0.15088
-0.15127
-0.15118
-0.15076
-0.15059
-0.15086
-0.15125
-0.15113
-0.15071
-0.15054
-0.15081
-0.15118
-0.15108
-0.15068
-0.15049
-0.15078
-0.15118
-0.15108
-0.15068
-0.15049
-0.15076
-0.15118
-0.1511
-0.15071
-0.15118
-0.15078
-0.15061
-0.15086
-0.15127
-0.15118
-0.15076
-0.15054
-0.15081
-0.1512
-0.15113
-0.15073
-0.15051
-0.15073
-0.15115
-0.15108
-0.15066
-0.15044
-0.15066
-0.15105
-0.15095
-0.15056
-0.15031
-0.15056
-0.15095
-0.15088
-0.15049
-0.15024
-0.15046
-0.15086
-0.15078
-0.15036
-0.15009
-0.15029
-0.15066
-0.15056
-0.15014
-0.14987
-0.15007
-0.15044
-0.14982
-0.15019
-0.15009
-0.14967
-0.14938
-0.14955
-0.1499
-0.1498
-0.14935
-0.14903
-0.14921
-0.14955
-0.14945
-0.14901
-0.14871
-0.14889
-0.14923
-0.14916
-0.14874
-0.14844
-0.14862
-0.14899
-0.14891
-0.14849
-0.14817
-0.14837
-0.14874
-0.14869
-0.14827
-0.14798
-0.14815
-0.14849
-0.14844
-0.14803
-0.14773
-0.1479
-0.14827
-0.14822
-0.14783
-0.14753
-0.14766
-0.14736
-0.14756
-0.14795
-0.14793
-0.14756
-0.14729
-0.14748
-0.14788
-0.14788
-0.14751
-0.14724
-0.14743
-0.14783
-0.14785
-0.14751
-0.14721
-0.14741
-0.14783
-0.14783
-0.14748
-0.14719
-0.14739
-0.14778
-0.14775
-0.14736
-0.14702
-0.14719
-0.14756
-0.14758
-0.14721
-0.14689
-0.14707
-0.14746
-0.14746
-0.14709
-0.14677
-0.14694
-0.14734
-0.14734
-0.14719
-0.14724
-0.14694
-0.14665
-0.14682
-0.14719
-0.14721
-0.14684
-0.1465
-0.14662
-0.14699
-0.14709
-0.14679
-0.1465
-0.14667
-0.14707
-0.14714
-0.14692
-0.14677
-0.14704
-0.14748
-0.14756
-0.14719
-0.14684
-0.14702
-0.14741
-0.14748
-0.14714
-0.14682
-0.14699
-0.14741
-0.14751
-0.14724
-0.14697
-0.14719
-0.14768
-0.14783
-0.14758
-0.14729
-0.14748
-0.14743
-0.14758
-0.148
-0.1481
-0.1478
-0.14746
-0.14761
-0.14803
-0.14815
-0.14785
-0.14753
-0.14768
-0.1481
-0.14822
-0.1479
-0.14758
-0.14771
-0.1481
-0.1482
-0.1479
-0.14756
-0.14768
-0.14805
-0.14812
-0.14778
-0.14741
-0.14753
-0.1479
-0.14803
-0.14771
-0.14734
-0.14746
-0.14785
-0.14798
-0.14766
-0.14731
-0.14741
-0.14778
-0.14793
-0.14763
-0.14793
-0.14763
-0.14729
-0.14739
-0.1478
-0.14795
-0.14768
-0.14729
-0.14739
-0.14778
-0.1479
-0.14761
-0.14724
-0.14734
-0.14771
-0.14783
-0.14753
-0.14716
-0.14724
-0.14761
-0.14775
-0.14743
-0.14704
-0.14711
-0.14748
-0.14763
-0.14734
-0.14694
-0.14702
-0.14739
-0.14753
-0.14726
-0.14687
-0.14694
-0.14731
-0.14748
-0.14719
-0.14679
-0.14687
-0.14721
-0.14724
-0.14746
-0.14719
-0.14679
-0.14687
-0.14724
-0.14741
-0.14714
-0.14672
-0.14677
-0.14711
-0.14729
-0.14702
-0.14662
-0.14667
-0.14704
-0.14724
-0.14699
-0.1466
-0.14665
-0.14704
-0.14724
-0.14699
-0.1466
-0.1467
-0.14709
-0.14731
-0.14709
-0.14672
-0.14677
-0.14716
-0.14739
-0.14714
-0.14675
-0.14682
-0.14719
-0.14743
-0.14721
-0.14684
-0.14692
-0.14692
-0.14697
-0.14736
-0.14761
-0.14739
-0.14702
-0.14707
-0.14743
-0.14768
-0.14743
-0.14704
-0.14707
-0.14741
-0.14763
-0.14739
-0.14699
-0.14702
-0.14736
-0.14758
-0.14731
-0.14692
-0.14692
-0.14726
-0.14748
-0.14726
-0.14684
-0.14687
-0.14721
-0.14746
-0.14721
-0.14682
-0.14682
-0.14714
-0.14729
-0.14702
-0.1466
-0.1466
-0.14694
-0.14719
-0.14697
-0.14716
-0.14694
-0.14657
-0.14657
-0.14692
-0.14719
-0.14697
-0.14655
-0.14652
-0.14682
-0.14702
-0.14675
-0.14633
-0.14635
-0.1467
-0.14697
-0.14675
-0.14635
-0.14633
-0.14675
-0.14716
-0.14704
-0.1467
-0.14667
-0.14699
-0.14726
-0.14704
-0.14667
-0.14667
-0.14699
-0.14729
-0.14709
-0.14675
-0.14675
-0.14709
-0.14739
-0.14721
-0.14687
-0.14687
-0.14721
-0.14704
-0.14739
-0.14768
-0.14748
-0.14707
-0.14704
-0.14736
-0.14766
-0.14746
-0.14709
-0.14707
-0.14739
-0.14768
-0.14751
-0.14714
-0.14714
-0.14746
-0.14778
-0.14763
-0.14726
-0.14726
-0.14758
-0.1479
-0.14773
-0.14736
-0.14734
-0.14766
-0.14795
-0.14778
-0.14741
-0.14736
-0.14768
-0.148
-0.14783
-0.14748
-0.14743
-0.14775
-0.14807
-0.1479
-0.14758
-0.14805
-0.14771
-0.14768
-0.14803
-0.14835
-0.1482
-0.14785
-0.14783
-0.14815
-0.14847
-0.14832
-0.14798
-0.14793
-0.14822
-0.14854
-0.14837
-0.148
-0.14793
-0.14825
-0.14854
-0.14839
-0.14803
-0.14795
-0.14825
-0.14854
-0.14839
-0.14803
-0.14795
-0.14825
-0.14857
-0.14842
-0.14805
-0.14798
-0.1483
-0.14862
-0.14847
-0.14812
-0.14803
-0.1483
-0.14862
-0.14825
-0.14857
-0.14842
-0.14803
-0.1479
-0.14817
-0.14849
-0.14837
-0.148
-0.14788
-0.14815
-0.14844
-0.1483
-0.1479
-0.14773
-0.14793
-0.1482
-0.14803
-0.14761
-0.14743
-0.14766
-0.14793
-0.14775
-0.14734
-0.14714
-0.14734
-0.14758
-0.14736
-0.14689
-0.14665
-0.14682
-0.14709
-0.14694
-0.14655
-0.14638
-0.1466
-0.14689
-0.14672
-0.1463
-0.14608
-0.14598
-0.14578
-0.14601
-0.1463
-0.14613
-0.14571
-0.14549
-0.14566
-0.14593
-0.14576
-0.14537
-0.14517
-0.14537
-0.14564
-0.14549
-0.14507
-0.14485
-0.14502
-0.14529
-0.14517
-0.1448
-0.14463
-0.14485
-0.14512
-0.14505
-0.1447
-0.14453
-0.1448
-0.14517
-0.14507
-0.14473
-0.14458
-0.14482
-0.14519
-0.14512
-0.14478
-0.1446
-0.14485
-0.14522
-0.14514
-0.14519
-0.14514
-0.1448
-0.14463
-0.14487
-0.14522
-0.14517
-0.14482
-0.14458
-0.1448
-0.14514
-0.1451
-0.14475
-0.14448
-0.14463
-0.14487
-0.14475
-0.14433
-0.14404
-0.14416
-0.14448
-0.14443
-0.14406
-0.14384
-0.14409
-0.14448
-0.14455
-0.14436
-0.14423
-0.14448
-0.14482
-0.1448
-0.14448
-0.14428
-0.14453
-0.14492
-0.14495
-0.14465
-0.14446
-0.14473
-0.1448
-0.14507
-0.14551
-0.14554
-0.14522
-0.14502
-0.14529
-0.14569
-0.14574
-0.14542
-0.14519
-0.14542
-0.14581
-0.14583
-0.14554
-0.14532
-0.14554
-0.14596
-0.14601
-0.14574
-0.14554
-0.14576
-0.14618
-0.14623
-0.14596
-0.14574
-0.14598
-0.1464
-0.14642
-0.14613
-0.14591
-0.14613
-0.14652
-0.14657
-0.14628
-0.14603
-0.14625
-0.14665
-0.1467
-0.1464
-0.14655
-0.1463
-0.1465
-0.14692
-0.14697
-0.1467
-0.14642
-0.14665
-0.14707
-0.14714
-0.14684
-0.14657
-0.14679
-0.14721
-0.14729
-0.14702
-0.14675
-0.14697
-0.14736
-0.14746
-0.14716
-0.14689
-0.14707
-0.14746
-0.14753
-0.14724
-0.14694
-0.14709
-0.14748
-0.14756
-0.14729
-0.14697
-0.14711
-0.14748
-0.14756
-0.14726
-0.14694
-0.14711
-0.14751
-0.14761
-0.14748
-0.14758
-0.14729
-0.14694
-0.14707
-0.14743
-0.14753
-0.14721
-0.14687
-0.14699
-0.14739
-0.14746
-0.14719
-0.14684
-0.14697
-0.14734
-0.14743
-0.14716
-0.14682
-0.14697
-0.14734
-0.14743
-0.14714
-0.14682
-0.14694
-0.14731
-0.14743
-0.14714
-0.14679
-0.14689
-0.14726
-0.14739
-0.14711
-0.14675
-0.14687
-0.14721
-0.14734
-0.14704
-0.1467
-0.14679
-0.14665
-0.14675
-0.14711
-0.14724
-0.14697
-0.1466
-0.14667
-0.14704
-0.14719
-0.14692
-0.14655
-0.14662
-0.14697
-0.14711
-0.14684
-0.14647
-0.14655
-0.14689
-0.14704
-0.14677
-0.1464
-0.14647
-0.14684
-0.14699
-0.1467
-0.1463
-0.14638
-0.14672
-0.14687
-0.14662
-0.14623
-0.1463
-0.14667
-0.14682
-0.14657
-0.14618
-0.14623
-0.14657
-0.14675
-0.14647
-0.14638
-0.14598
-0.14601
-0.14635
-0.14652
-0.14625
-0.14586
-0.14588
-0.14623
-0.14642
-0.14615
-0.14576
-0.14576
-0.14608
-0.14628
-0.14601
-0.14559
-0.14559
-0.14586
-0.14601
-0.14571
-0.14524
-0.14519
-0.14549
-0.14569
-0.14546
-0.14505
-0.14507
-0.14539
-0.14561
-0.14546
-0.14522
-0.14532
-0.14569
-0.14591
-0.14564
-0.14522
-0.14524
-0.14559
-0.14581
-0.14559
-0.14586
-0.14569
-0.14532
-0.14537
-0.14576
-0.14603
-0.14583
-0.14546
-0.14551
-0.14588
-0.14615
-0.14598
-0.14556
-0.14556
-0.14591
-0.14615
-0.14596
-0.14556
-0.14556
-0.14591
-0.14618
-0.14598
-0.14556
-0.14556
-0.14593
-0.1462
-0.14601
-0.14564
-0.14564
-0.14598
-0.14628
-0.14608
-0.14571
-0.14571
-0.14603
-0.1463
-0.14613
-0.14571
-0.14571
-0.14576
-0.14576
-0.14608
-0.1464
-0.14623
-0.14583
-0.14583
-0.14618
-0.1465
-0.14633
-0.14596
-0.14596
-0.1463
-0.14662
-0.14645
-0.14608
-0.14606
-0.14638
-0.1467
-0.14655
-0.14615
-0.1461
-0.14645
-0.14677
-0.1466
-0.14623
-0.14618
-0.14647
-0.14679
-0.1466
-0.1462
-0.14613
-0.14642
-0.14675
-0.14657
-0.14615
-0.14608
-0.1464
-0.1467
-0.14655
-0.14615
-0.14645
-0.14679
-0.14662
-0.14623
-0.14615
-0.14645
-0.14675
-0.1466
-0.14618
-0.14608
-0.14638
-0.1467
-0.14652
-0.14613
-0.14603
-0.1463
-0.14662
-0.14647
-0.14606
-0.14596
-0.14623
-0.14652
-0.14638
-0.14596
-0.14583
-0.14608
-0.1464
-0.14623
-0.14581
-0.14566
-0.14593
-0.14623
-0.14608
-0.14566
-0.14551
-0.14578
-0.1461
-0.14596
-0.14554
-0.14583
-0.14542
-0.14527
-0.14551
-0.14583
-0.14566
-0.14524
-0.1451
-0.14532
-0.14564
-0.14546
-0.14502
-0.14485
-0.1451
-0.14539
-0.14527
-0.14482
-0.14465
-0.1449
-0.14522
-0.14507
-0.14465
-0.14448
-0.1447
-0.14505
-0.14492
-0.1445
-0.14433
-0.14458
-0.1449
-0.14478
-0.14436
-0.14418
-0.14441
-0.14473
-0.1446
-0.14421
-0.14401
-0.14426
-0.14458
-0.14411
-0.14446
-0.14433
-0.14394
-0.14377
-0.14399
-0.14433
-0.14423
-0.14384
-0.14364
-0.14389
-0.14423
-0.14414
-0.14374
-0.14357
-0.14379
-0.14414
-0.14404
-0.14362
-0.1434
-0.14357
-0.14386
-0.14372
-0.14327
-0.14303
-0.14322
-0.14362
-0.14354
-0.14315
-0.14293
-0.14315
-0.1435
-0.14354
-0.1433
-0.14315
-0.1434
-0.14374
-0.14364
-0.14327
-0.14308
-0.14327
-0.1431
-0.14337
-0.14377
-0.14377
-0.14345
-0.1433
-0.14357
-0.14399
-0.14396
-0.14364
-0.14347
-0.14374
-0.14416
-0.14414
-0.14379
-0.14357
-0.14379
-0.14418
-0.14414
-0.14379
-0.14357
-0.14379
-0.14416
-0.14414
-0.14379
-0.14359
-0.14384
-0.14423
-0.14423
-0.14391
-0.14372
-0.14396
-0.14438
-0.14438
-0.14404
-0.14384
-0.14409
-0.14448
-0.14446
-0.1445
-0.14416
-0.14394
-0.14414
-0.14453
-0.1445
-0.14416
-0.14391
-0.14414
-0.14453
-0.14455
-0.14423
-0.14401
-0.14421
-0.14463
-0.14463
-0.14433
-0.14409
-0.14433
-0.14475
-0.14475
-0.14443
-0.14421
-0.14443
-0.14485
-0.14487
-0.14453
-0.14428
-0.14446
-0.14482
-0.1448
-0.14446
-0.14414
-0.14428
-0.14465
-0.14463
-0.14426
-0.14394
-0.14411
-0.14448
-0.14411
-0.1445
-0.14453
-0.14421
-0.14394
-0.14411
-0.14446
-0.14443
-0.14404
-0.14369
-0.14382
-0.14416
-0.14411
-0.14374
-0.1434
-0.14352
-0.14384
-0.14382
-0.14342
-0.14308
-0.14318
-0.1435
-0.1435
-0.14318
-0.14286
-0.14298
-0.14332
-0.14332
-0.14293
-0.14258
-0.14268
-0.14298
-0.14293
-0.14256
-0.14219
-0.14231
-0.14263
-0.14263
-0.14226
-0.14192
-0.14199
-0.14162
-0.1417
-0.14199
-0.14202
-0.14165
-0.14126
-0.14133
-0.14165
-0.14165
-0.14128
-0.14086
-0.14091
-0.14121
-0.14118
-0.14079
-0.14034
-0.14037
-0.14062
-0.14057
-0.14015
-0.13968
-0.1397
-0.13998
-0.13995
-0.13956
-0.13911
-0.13916
-0.13943
-0.13943
-0.13906
-0.13865
-0.1387
-0.13899
-0.13902
-0.13865
-0.13825
-0.1383
-0.1386
-0.13865
-0.13813
-0.13774
-0.13729
-0.13729
-0.13756
-0.13756
-0.13717
-0.13673
-0.13675
-0.13705
-0.13707
-0.13673
-0.13631
-0.13633
-0.13663
-0.1367
-0.13638
-0.13599
-0.13606
-0.13641
-0.1365
-0.13621
-0.13584
-0.13589
-0.13621
-0.13631
-0.13599
-0.13557
-0.13559
-0.13591
-0.13604
-0.13579
-0.13545
-0.13552
-0.13586
-0.13599
-0.13579
-0.13559
-0.13577
-0.13616
-0.13569
-0.13606
-0.13621
-0.13596
-0.13562
-0.13572
-0.13611
-0.13631
-0.13609
-0.13581
-0.13599
-0.13643
-0.13668
-0.1365
-0.13623
-0.13641
-0.13687
-0.13712
-0.13692
-0.1366
-0.1367
-0.13707
-0.13727
-0.13705
-0.1367
-0.13682
-0.13722
-0.13741
-0.13717
-0.13685
-0.13692
-0.13732
-0.13754
-0.13734
-0.13702
-0.13714
-0.13754
-0.13778
-0.13759
-0.13729
-0.13749
-0.13759
-0.13798
-0.1382
-0.13801
-0.13769
-0.13778
-0.13815
-0.13838
-0.13818
-0.13786
-0.13793
-0.1383
-0.13855
-0.13835
-0.13801
-0.1381
-0.13845
-0.13867
-0.13845
-0.13808
-0.13813
-0.1385
-0.13874
-0.13855
-0.13823
-0.1383
-0.1387
-0.13897
-0.13877
-0.13842
-0.1385
-0.13889
-0.13914
-0.13894
-0.1386
-0.13865
-0.13902
-0.13926
-0.13904
-0.13936
-0.13919
-0.13882
-0.13887
-0.13921
-0.13948
-0.13929
-0.13892
-0.13897
-0.13934
-0.13958
-0.13938
-0.13902
-0.13902
-0.13936
-0.13961
-0.13938
-0.13899
-0.13899
-0.13931
-0.13953
-0.13931
-0.13892
-0.13889
-0.13921
-0.13946
-0.13924
-0.13884
-0.13884
-0.13914
-0.13938
-0.13916
-0.13877
-0.13877
-0.13909
-0.13931
-0.13911
-0.13872
-0.1387
-0.13902
-0.1387
-0.13902
-0.13929
-0.13911
-0.13874
-0.13872
-0.13906
-0.13934
-0.13916
-0.13879
-0.13879
-0.13916
-0.13948
-0.13931
-0.13892
-0.13892
-0.13924
-0.13953
-0.13938
-0.13902
-0.13897
-0.13931
-0.13961
-0.13943
-0.13906
-0.13904
-0.13936
-0.13966
-0.13948
-0.13911
-0.13906
-0.13941
-0.1397
-0.13956
-0.13921
-0.13916
-0.13951
-0.13983
-0.13968
-0.13931
-0.13975
-0.13941
-0.13936
-0.13968
-0.14
-0.13983
-0.13946
-0.13941
-0.13973
-0.14005
-0.1399
-0.13951
-0.13943
-0.13975
-0.14007
-0.13993
-0.13956
-0.13948
-0.13978
-0.1401
-0.13995
-0.13956
-0.13948
-0.13978
-0.1401
-0.13995
-0.13956
-0.13943
-0.1397
-0.14
-0.13983
-0.13941
-0.13929
-0.13961
-0.13998
-0.13988
-0.13951
-0.13941
-0.13973
-0.14017
-0.14017
-0.14052
-0.14042
-0.14002
-0.13993
-0.14022
-0.14057
-0.14047
-0.14012
-0.14002
-0.14034
-0.14074
-0.14066
-0.14032
-0.14022
-0.14052
-0.14089
-0.14081
-0.14047
-0.14037
-0.14069
-0.14106
-0.14096
-0.14059
-0.14047
-0.14074
-0.14108
-0.14096
-0.14059
-0.14044
-0.14074
-0.14111
-0.14101
-0.14064
-0.14052
-0.14079
-0.14118
-0.14111
-0.14074
-0.14062
-0.14084
-0.14069
-0.14098
-0.14135
-0.14128
-0.14089
-0.14074
-0.14101
-0.14138
-0.1413
-0.14094
-0.14076
-0.14103
-0.1414
-0.14133
-0.14096
-0.14081
-0.14108
-0.14148
-0.14145
-0.14108
-0.14094
-0.14123
-0.14162
-0.14158
-0.14123
-0.14108
-0.14135
-0.14175
-0.1417
-0.14133
-0.14116
-0.1414
-0.14182
-0.14177
-0.1414
-0.14121
-0.14145
-0.14185
-0.14177
-0.14187
-0.14182
-0.14145
-0.14123
-0.14148
-0.14185
-0.1418
-0.14145
-0.14123
-0.14148
-0.14187
-0.14185
-0.1415
-0.1413
-0.14155
-0.14192
-0.14187
-0.1415
-0.14128
-0.1415
-0.14187
-0.14182
-0.14145
-0.14123
-0.14145
-0.14185
-0.14182
-0.14148
-0.14126
-0.14148
-0.1419
-0.14185
-0.1415
-0.14128
-0.14153
-0.14192
-0.1419
-0.14155
-0.14135
-0.14158
-0.1413
-0.14153
-0.14192
-0.1419
-0.14155
-0.14133
-0.14155
-0.14192
-0.14192
-0.1416
-0.14135
-0.14158
-0.14199
-0.14199
-0.14167
-0.14143
-0.14165
-0.14207
-0.14207
-0.14172
-0.14145
-0.14165
-0.14204
-0.14204
-0.1417
-0.14145
-0.14162
-0.14204
-0.14204
-0.14172
-0.1415
-0.1417
-0.14209
-0.14212
-0.1418
-0.14153
-0.14172
-0.14212
-0.14212
-0.1418
-0.14209
-0.1418
-0.14153
-0.1417
-0.14209
-0.14212
-0.1418
-0.1415
-0.1417
-0.14209
-0.14214
-0.1418
-0.14153
-0.1417
-0.14209
-0.14214
-0.14182
-0.14153
-0.1417
-0.14209
-0.14214
-0.14185
-0.14158
-0.14177
-0.14219
-0.14224
-0.14192
-0.14165
-0.14182
-0.14219
-0.14219
-0.14182
-0.14148
-0.1416
-0.14194
-0.14194
-0.14162
-0.14135
-0.14153
-0.1419
-0.14165
-0.14219
-0.14229
-0.14199
-0.14167
-0.14182
-0.14219
-0.14226
-0.14197
-0.14167
-0.14185
-0.14224
-0.14234
-0.14204
-0.14175
-0.14194
-0.14236
-0.14246
-0.14219
-0.14187
-0.14204
-0.14246
-0.14256
-0.14229
-0.14197
-0.14209
-0.14249
-0.14256
-0.14226
-0.14192
-0.14202
-0.14239
-0.14246
-0.14214
-0.1418
-0.14192
-0.14231
-0.14241
-0.14212
-0.1418
