2018
8
9
9
49
11.73
0.066566
0.066541
0.066566
0.06659
0.06659
0.066566
0.066541
0.066566
0.066566
0.06659
0.066566
0.066541
0.066566
0.066566
0.066566
0.066566
0.066541
0.066566
0.066566
0.066566
0.066566
0.066541
0.066566
0.06659
0.06659
0.066566
0.066541
0.066566
0.06659
0.06659
0.066566
0.066541
0.066566
0.06659
0.06659
0.066566
0.066566
0.066566
0.06659
0.06659
0.06659
0.06659
0.066566
0.066566
0.066566
0.06659
0.06659
0.066566
0.066541
0.066566
0.06659
0.06659
0.066566
0.066541
0.066566
0.066566
0.06659
0.066566
0.066541
0.066566
0.066566
0.06659
0.066566
0.066541
0.066541
0.066566
0.066566
0.066541
0.066541
0.066541
0.066566
0.066566
0.066541
0.066541
0.066541
0.066566
0.066566
0.066541
0.066517
0.066541
0.066517
0.066517
0.066541
0.066566
0.066541
0.066517
0.066541
0.066541
0.066566
0.066541
0.066517
0.066517
0.066541
0.066541
0.066541
0.066517
0.066517
0.066541
0.066541
0.066517
0.066517
0.066517
0.066541
0.066541
0.066517
0.066517
0.066517
0.066541
0.066541
0.066517
0.066517
0.066517
0.066541
0.066541
0.066517
0.066492
0.066517
0.066541
0.066541
0.066517
0.066541
0.066517
0.066492
0.066492
0.066517
0.066541
0.066517
0.066492
0.066492
0.066517
0.066541
0.066517
0.066492
0.066492
0.066517
0.066517
0.066492
0.066492
0.066492
0.066517
0.066517
0.066517
0.066492
0.066492
0.066517
0.066517
0.066492
0.066492
0.066492
0.066517
0.066517
0.066492
0.066467
0.066467
0.066492
0.066517
0.066492
0.066467
0.066467
0.066492
0.066467
0.066492
0.066492
0.066467
0.066467
0.066443
0.066467
0.066467
0.066467
0.066443
0.066443
0.066467
0.066467
0.066443
0.066393
0.066369
0.066393
0.066418
0.066418
0.066443
0.066443
0.066492
0.066492
0.066467
0.066443
0.066443
0.066467
0.066467
0.066467
0.066443
0.066443
0.066467
0.066492
0.066467
0.066443
0.066443
0.066467
0.066467
0.066467
0.066443
0.066467
0.066443
0.066443
0.066443
0.066467
0.066443
0.066418
0.066418
0.066443
0.066467
0.066443
0.066443
0.066418
0.066443
0.066467
0.066443
0.066418
0.066418
0.066443
0.066443
0.066443
0.066418
0.066418
0.066443
0.066443
0.066443
0.066418
0.066418
0.066418
0.066443
0.066443
0.066418
0.066418
0.066418
0.066443
0.066418
0.066393
0.066393
0.066418
0.066443
0.066418
0.066443
0.066418
0.066418
0.066418
0.066418
0.066443
0.066418
0.066393
0.066393
0.066418
0.066443
0.066418
0.066393
0.066393
0.066418
0.066443
0.066418
0.066393
0.066393
0.066418
0.066443
0.066418
0.066393
0.066393
0.066418
0.066418
0.066418
0.066393
0.066393
0.066418
0.066418
0.066418
0.066393
0.066393
0.066393
0.066418
0.066418
0.066393
0.066393
0.066393
0.066369
0.066393
0.066418
0.066393
0.066369
0.066369
0.066393
0.066418
0.066393
0.066369
0.066369
0.066393
0.066418
0.066393
0.066369
0.066369
0.066393
0.066393
0.066393
0.066369
0.066369
0.066393
0.066393
0.066393
0.066369
0.066369
0.066393
0.066393
0.066393
0.066369
0.066369
0.066369
0.066393
0.066393
0.066369
0.066369
0.066369
0.066393
0.066393
0.066393
0.066369
0.066369
0.066369
0.066393
0.066393
0.066369
0.066369
0.066369
0.066393
0.066393
0.066369
0.066344
0.066369
0.066393
0.066393
0.066369
0.066369
0.066369
0.066393
0.066393
0.066369
0.066344
0.066369
0.066369
0.066369
0.066344
0.066344
0.066369
0.066393
0.066369
0.066344
0.066344
0.066369
0.066369
0.066369
0.066344
0.066344
0.066344
0.066369
0.066344
0.066369
0.066369
0.066344
0.066344
0.066344
0.066369
0.066369
0.066344
0.06632
0.066344
0.066344
0.066344
0.06632
0.06632
0.06632
0.066344
0.066344
0.06632
0.066295
0.066295
0.066295
0.06627
0.066221
0.066221
0.06627
0.06632
0.066344
0.06632
0.06632
0.06632
0.06632
0.06632
0.066295
0.066295
0.066295
0.066344
0.066344
0.06632
0.066295
0.06632
0.066295
0.06632
0.066344
0.06632
0.06632
0.066295
0.06632
0.06632
0.06632
0.066295
0.066295
0.066295
0.06632
0.06632
0.066295
0.066295
0.066295
0.06632
0.06632
0.066295
0.066295
0.066295
0.06632
0.06632
0.066295
0.066295
0.066295
0.06632
0.066295
0.066295
0.06627
0.066295
0.066295
0.066295
0.066295
0.06627
0.066295
0.066295
0.066295
0.066295
0.066295
0.06627
0.06627
0.06627
0.066295
0.066295
0.066295
0.06627
0.06627
0.066295
0.066295
0.06627
0.06627
0.06627
0.066295
0.066295
0.06627
0.06627
0.06627
0.066295
0.066295
0.06627
0.06627
0.06627
0.066295
0.066295
0.06627
0.066246
0.06627
0.066295
0.066295
0.06627
0.066246
0.06627
0.06627
0.06627
0.066246
0.066246
0.066246
0.066221
0.066246
0.06627
0.06627
0.066246
0.066221
0.066246
0.066246
0.06627
0.066246
0.066221
0.066221
0.066246
0.066246
0.066221
0.066221
0.066221
0.066246
0.066246
0.066221
0.066221
0.066221
0.066246
0.066246
0.066221
0.066221
0.066221
0.066246
0.066246
0.066221
0.066197
0.066221
0.066246
0.066246
0.066221
0.066197
0.066221
0.066246
0.066246
0.066221
0.066221
0.066197
0.066197
0.066221
0.066221
0.066221
0.066197
0.066197
0.066221
0.066221
0.066197
0.066197
0.066197
0.066221
0.066221
0.066197
0.066197
0.066197
0.066221
0.066221
0.066197
0.066197
0.066197
0.066221
0.066221
0.066197
0.066172
0.066197
0.066197
0.066197
0.066197
0.066172
0.066172
0.066197
0.066197
0.066172
0.066147
0.066147
0.066172
0.066172
0.066172
0.066172
0.066147
0.066123
0.066147
0.066147
0.066172
0.066147
0.066123
0.066123
0.066147
0.066147
0.066147
0.066123
0.066123
0.066147
0.066147
0.066123
0.066098
0.066123
0.066123
0.066123
0.066098
0.066098
0.066098
0.066123
0.066123
0.066098
0.066073
0.066049
0.066024
0.066049
0.066049
0.066049
0.066098
0.066123
0.066123
0.066098
0.066073
0.066073
0.066073
0.066098
0.066123
0.066123
0.066098
0.066073
0.066073
0.066098
0.066123
0.066098
0.066073
0.066073
0.066098
0.066098
0.066073
0.066073
0.066073
0.066073
0.066098
0.066073
0.066049
0.066049
0.066073
0.066073
0.066073
0.066049
0.066049
0.066073
0.066073
0.066073
0.066049
0.066049
0.066049
0.066073
0.066049
0.066024
0.066024
0.066049
0.066073
0.066049
0.066049
0.066024
0.066024
0.066024
0.066049
0.066049
0.066024
0.066024
0.066024
0.066049
0.066049
0.066049
0.066024
0.066024
0.066024
0.066049
0.066024
0.066024
0.066024
0.066024
0.066049
0.066049
0.066024
0.066
0.066024
0.066049
0.066024
0.066
0.066
0.066024
0.066049
0.066024
0.066
0.066
0.066024
0.066024
0.066024
0.066
0.066
0.066024
0.066
0.066
0.066024
0.066
0.065975
0.065975
0.066
0.066
0.066
0.065975
0.065975
0.066
0.066
0.066
0.065975
0.065975
0.066
0.066
0.066
0.065975
0.065975
0.066
0.066
0.065975
0.065975
0.065975
0.065975
0.066
0.065975
0.065975
0.065975
0.065975
0.066
0.065975
0.065975
0.06595
0.065975
0.066
0.065975
0.06595
0.065975
0.06595
0.06595
0.065975
0.065975
0.065975
0.06595
0.06595
0.06595
0.065975
0.065975
0.06595
0.06595
0.06595
0.065975
0.06595
0.06595
0.065926
0.06595
0.065975
0.06595
0.065926
0.065926
0.065926
0.065926
0.065901
0.065876
0.065876
0.065876
0.065876
0.065876
0.065852
0.065827
0.065852
0.065852
0.065852
0.065827
0.065827
0.065827
0.065827
0.065803
0.065803
0.065803
0.065778
0.065778
0.065778
0.065803
0.065778
0.065753
0.065753
0.065778
0.065778
0.065778
0.065753
0.065753
0.065753
0.065778
0.065753
0.065729
0.065729
0.065753
0.065753
0.065753
0.065729
0.065704
0.065729
0.065729
0.065729
0.065704
0.065704
0.065704
0.065729
0.065704
0.06568
0.06568
0.065704
0.065704
0.065704
0.065655
0.065606
0.065655
0.06568
0.065704
0.065704
0.065655
0.065655
0.065655
0.06568
0.06568
0.065655
0.065655
0.065655
0.06568
0.06568
0.065655
0.06563
0.065655
0.06568
0.065655
0.06563
0.06563
0.06563
0.065655
0.065655
0.06563
0.065606
0.06563
0.065655
0.065655
0.06563
0.065606
0.06563
0.06563
0.06563
0.065606
0.065606
0.065606
0.06563
0.06563
0.065606
0.065606
0.065606
0.065581
0.065606
0.065606
0.065606
0.065581
0.065581
0.065581
0.065606
0.065606
0.065581
0.065581
0.065581
0.065606
0.065606
0.065581
0.065556
0.065581
0.065581
0.065581
0.065556
0.065556
0.065556
0.065581
0.065581
0.065556
0.065556
0.065556
0.065581
0.065581
0.065556
0.065556
0.065556
0.065581
0.065581
0.065556
0.065556
0.065556
0.065581
0.065556
0.065556
0.065556
0.065532
0.065532
0.065532
0.065556
0.065556
0.065532
0.065532
0.065532
0.065556
0.065556
0.065532
0.065507
0.065532
0.065532
0.065532
0.065507
0.065507
0.065507
0.065532
0.065532
0.065507
0.065507
0.065507
0.065532
0.065532
0.065507
0.065483
0.065507
0.065507
0.065507
0.065483
0.065483
0.065483
0.065507
0.065507
0.065483
0.065458
0.065483
0.065483
0.065483
0.065507
0.065507
0.065483
0.065458
0.065483
0.065483
0.065483
0.065458
0.065458
0.065458
0.065483
0.065483
0.065458
0.065458
0.065458
0.065483
0.065483
0.065458
0.065433
0.065458
0.065458
0.065458
0.065458
0.065433
0.065433
0.065458
0.065458
0.065458
0.065433
0.065433
0.065458
0.065458
0.065458
0.065433
0.065433
0.065458
0.065458
0.065458
0.065458
0.065433
0.065409
0.065409
0.065433
0.065433
0.065433
0.065409
0.065409
0.065433
0.065433
0.065409
0.065409
0.065409
0.065433
0.065433
0.065409
0.065409
0.065409
0.065409
0.065409
0.065409
0.065384
0.065384
0.065409
0.065409
0.065384
0.065384
0.065384
0.065409
0.065409
0.065384
0.06536
0.06536
0.065384
0.065384
0.06536
0.065335
0.06536
0.06531
0.065286
0.065286
0.065286
0.065286
0.06531
0.065335
0.06536
0.06536
0.06536
0.06531
0.06531
0.065335
0.065335
0.065335
0.06531
0.065335
0.065335
0.06536
0.065335
0.06531
0.065335
0.065335
0.06536
0.065335
0.06531
0.065335
0.065335
0.06536
0.065335
0.06531
0.06531
0.065335
0.065335
0.065335
0.06531
0.06531
0.065335
0.065335
0.06531
0.06531
0.06531
0.065286
0.065286
0.06531
0.06531
0.06531
0.065286
0.065286
0.06531
0.06531
0.065286
0.065286
0.065286
0.06531
0.06531
0.065286
0.065286
0.065286
0.065286
0.06531
0.065286
0.065261
0.065261
0.065286
0.06531
0.065286
0.065261
0.065261
0.065286
0.065286
0.065286
0.065261
0.065261
0.065286
0.065286
0.065286
0.065261
0.065261
0.065286
0.065261
0.065286
0.065286
0.065286
0.065261
0.065261
0.065286
0.065286
0.065261
0.065261
0.065261
0.065261
0.065286
0.065261
0.065236
0.065236
0.065261
0.065261
0.065261
0.065236
0.065236
0.065261
0.065261
0.065261
0.065236
0.065236
0.065236
0.065261
0.065236
0.065212
0.065212
0.065236
0.065236
0.065236
0.065212
0.065212
0.065236
0.065236
0.065236
0.065212
0.065212
0.065212
0.065212
0.065212
0.065236
0.065212
0.065187
0.065187
0.065212
0.065212
0.065212
0.065187
0.065187
0.065212
0.065212
0.065212
0.065187
0.065187
0.065187
0.065212
0.065187
0.065187
0.065187
0.065187
0.065212
0.065187
0.065187
0.065187
0.065187
0.065187
0.065187
0.065163
0.065163
0.065187
0.065187
0.065187
0.065163
0.065163
0.065187
0.065187
0.065163
0.065187
0.065187
0.065138
0.065138
0.065163
0.065187
0.065163
0.065163
0.065138
0.065163
0.065163
0.065163
0.065138
0.065138
0.065138
0.065163
0.065163
0.065138
0.065138
0.065138
0.065163
0.065138
0.065113
0.065113
0.065138
0.065138
0.065138
0.065113
0.065113
0.065138
0.065138
0.065138
0.065113
0.065089
0.065113
0.065138
0.065138
0.065113
0.065089
0.065089
0.065089
0.065113
0.065113
0.065113
0.065089
0.065089
0.065089
0.065113
0.065089
0.065064
0.065064
0.065089
0.065089
0.065089
0.065064
0.065064
0.065064
0.065089
0.065089
0.065064
0.065064
0.065064
0.065089
0.065089
0.065064
0.065039
0.065064
0.065064
0.065064
0.065039
0.065039
0.065039
0.065064
0.065064
0.065039
0.065039
0.065039
0.065064
0.065064
0.065039
0.065039
0.065015
0.065015
0.065015
0.065039
0.065015
0.064966
0.064916
0.064941
0.064966
0.065015
0.065015
0.065015
0.065015
0.065039
0.065015
0.06499
0.06499
0.06499
0.065015
0.065015
0.065015
0.06499
0.065015
0.065039
0.065015
0.065015
0.06499
0.065015
0.065039
0.065015
0.06499
0.06499
0.06499
0.065015
0.065015
0.06499
0.06499
0.06499
0.064966
0.06499
0.065015
0.06499
0.06499
0.064966
0.06499
0.06499
0.06499
0.064966
0.064966
0.064966
0.06499
0.06499
0.064966
0.064966
0.064966
0.06499
0.06499
0.064966
0.064941
0.064966
0.064966
0.064966
0.064966
0.064941
0.064966
0.064966
0.064966
0.064966
0.064941
0.064966
0.064966
0.064966
0.064966
0.064941
0.064966
0.064966
0.064966
0.064966
0.064966
0.064966
0.064941
0.064966
0.06499
0.064966
0.064941
0.064941
0.064966
0.064966
0.064966
0.064966
0.064941
0.064966
0.06499
0.064966
0.064966
0.064941
0.064966
0.064966
0.064966
0.064941
0.064941
0.064966
0.064966
0.064966
0.064941
0.064941
0.064941
0.064966
0.064966
0.064941
0.064941
0.064941
0.064966
0.064966
0.064941
0.064916
0.064941
0.064966
0.064941
0.064941
0.064966
0.064941
0.064916
0.064941
0.064941
0.064941
0.064941
0.064916
0.064941
0.064941
0.064941
0.064941
0.064916
0.064916
0.064941
0.064941
0.064916
0.064916
0.064916
0.064941
0.064941
0.064916
0.064916
0.064916
0.064941
0.064941
0.064916
0.064916
0.064916
0.064941
0.064916
0.064916
0.064892
0.064892
0.064916
0.064916
0.064916
0.064892
0.064916
0.064892
0.064892
0.064916
0.064916
0.064892
0.064892
0.064892
0.064916
0.064916
0.064892
0.064867
0.064892
0.064892
0.064916
0.064892
0.064867
0.064867
0.064892
0.064892
0.064892
0.064867
0.064867
0.064892
0.064892
0.064867
0.064843
0.064867
0.064867
0.064867
0.064867
0.064843
0.064818
0.064818
0.064793
0.064793
0.064818
0.064843
0.064892
0.064892
0.064867
0.064867
0.064843
0.064843
0.064843
0.064867
0.064867
0.064867
0.064843
0.064843
0.064867
0.064867
0.064867
0.064843
0.064867
0.064867
0.064867
0.064867
0.064843
0.064843
0.064867
0.064867
0.064867
0.064843
0.064843
0.064867
0.064867
0.064867
0.064843
0.064843
0.064867
0.064867
0.064867
0.064843
0.064843
0.064867
0.064867
0.064843
0.064818
0.064843
0.064818
0.064818
0.064843
0.064843
0.064843
0.064818
0.064818
0.064843
0.064843
0.064843
0.064818
0.064818
0.064843
0.064843
0.064843
0.064818
0.064818
0.064843
0.064843
0.064843
0.064818
0.064818
0.064843
0.064843
0.064843
0.064818
0.064818
0.064843
0.064843
0.064843
0.064818
0.064818
0.064843
0.064843
0.064843
0.064818
0.064818
0.064818
0.064843
0.064843
0.064843
0.064818
0.064793
0.064793
0.064818
0.064818
0.064818
0.064793
0.064793
0.064818
0.064818
0.064818
0.064793
0.064793
0.064818
0.064818
0.064818
0.064793
0.064793
0.064818
0.064818
0.064818
0.064793
0.064793
0.064818
0.064818
0.064818
0.064793
0.064793
0.064793
0.064818
0.064818
0.064793
0.064793
0.064793
0.064818
0.064793
0.064769
0.064769
0.064793
0.064769
0.064793
0.064793
0.064793
0.064769
0.064769
0.064793
0.064793
0.064793
0.064769
0.064769
0.064769
0.064793
0.064793
0.064769
0.064769
0.064769
0.064793
0.064769
0.064769
0.064744
0.064769
0.064769
0.064769
0.064769
0.064744
0.064769
0.064769
0.064769
0.064744
0.064744
0.064769
0.064769
0.064769
0.064744
0.064744
0.064769
0.064769
0.064769
0.064744
0.064744
0.064719
0.064719
0.064744
0.064769
0.064744
0.064719
0.064719
0.064744
0.064744
0.064744
0.064719
0.064719
0.064744
0.064744
0.064744
0.064719
0.064719
0.064744
0.064744
0.064744
0.064719
0.064719
0.064744
0.064744
0.064744
0.064719
0.064719
0.064719
0.064744
0.064744
0.064719
0.064695
0.064719
0.064719
0.064719
0.064695
0.064695
0.064695
0.064719
0.064621
0.064646
0.06467
0.064695
0.064695
0.064719
0.064719
0.064719
0.064695
0.064695
0.064695
0.064719
0.064719
0.064695
0.064695
0.064719
0.064719
0.064719
0.064695
0.064695
0.064719
0.064719
0.064719
0.064719
0.064695
0.064719
0.064719
0.064719
0.064695
0.064695
0.064719
0.064719
0.064719
0.064695
0.064695
0.064695
0.064719
0.064719
0.064695
0.064695
0.064695
0.064695
0.064695
0.064719
0.064719
0.064695
0.064695
0.064695
0.064719
0.064719
0.064695
0.064695
0.064695
0.064719
0.064719
0.064695
0.064695
0.064695
0.064719
0.064719
0.064695
0.064695
0.064695
0.064719
0.064719
0.064695
0.064695
0.064695
0.064719
0.064719
0.064695
0.064695
0.064695
0.064719
0.064719
0.064695
0.064695
0.064695
0.064719
0.064719
0.064719
0.064719
0.064695
0.064695
0.064695
0.064719
0.064695
0.064695
0.06467
0.064695
0.064695
0.064695
0.064695
0.06467
0.064695
0.064695
0.064695
0.064695
0.06467
0.06467
0.064695
0.064695
0.064695
0.06467
0.06467
0.064695
0.064695
0.06467
0.06467
0.06467
0.064695
0.064695
0.06467
0.06467
0.06467
0.064695
0.064695
0.06467
0.064646
0.06467
0.06467
0.06467
0.06467
0.06467
0.06467
0.064646
0.064646
0.06467
0.06467
0.064646
0.064646
0.064646
0.06467
0.06467
0.06467
0.064646
0.064646
0.06467
0.06467
0.064646
0.064646
0.064646
0.06467
0.06467
0.064646
0.064646
0.064646
0.06467
0.06467
0.064646
0.064646
0.064646
0.064646
0.06467
0.064646
0.064621
0.064621
0.064646
0.064646
0.064646
0.064646
0.064646
0.064621
0.064621
0.064646
0.064646
0.064646
0.064621
0.064621
0.064646
0.064646
0.064621
0.064621
0.064621
0.064646
0.064646
0.064621
0.064621
0.064621
0.064646
0.064646
0.064621
0.064596
0.064621
0.064621
0.064621
0.064621
0.064596
0.064596
0.064621
0.064621
0.064621
0.064596
0.064596
0.064621
0.064621
0.064621
0.064596
0.064596
0.064596
0.064572
0.064596
0.064596
0.064572
0.064523
0.064498
0.064523
0.064547
0.064572
0.064572
0.064596
0.064596
0.064596
0.064572
0.064547
0.064547
0.064572
0.064596
0.064572
0.064572
0.064572
0.064596
0.064596
0.064572
0.064572
0.064572
0.064596
0.064596
0.064596
0.064572
0.064572
0.064596
0.064596
0.064572
0.064572
0.064572
0.064572
0.064596
0.064572
0.064547
0.064572
0.064547
0.064547
0.064572
0.064596
0.064572
0.064547
0.064547
0.064572
0.064572
0.064572
0.064547
0.064547
0.064572
0.064572
0.064572
0.064547
0.064547
0.064572
0.064572
0.064547
0.064547
0.064547
0.064547
0.064572
0.064547
0.064547
0.064547
0.064547
0.064572
0.064547
0.064547
0.064547
0.064547
0.064572
0.064547
0.064547
0.064547
0.064547
0.064572
0.064547
0.064572
0.064547
0.064523
0.064547
0.064547
0.064572
0.064547
0.064547
0.064523
0.064547
0.064547
0.064547
0.064523
0.064523
0.064547
0.064572
0.064547
0.064547
0.064547
0.064547
0.064547
0.064547
0.064523
0.064523
0.064547
0.064547
0.064547
0.064523
0.064523
0.064547
0.064547
0.064547
0.064523
0.064523
0.064547
0.064547
0.064547
0.064523
0.064523
0.064523
0.064523
0.064547
0.064523
0.064523
0.064523
0.064523
0.064547
0.064523
0.064498
0.064498
0.064523
0.064523
0.064523
0.064498
0.064498
0.064523
0.064523
0.064523
0.064498
0.064498
0.064523
0.064523
0.064523
0.064498
0.064498
0.064523
0.064523
0.064523
0.064498
0.064498
0.064498
0.064523
0.064498
0.064473
0.064473
0.064498
0.064498
0.064498
0.064473
0.064473
0.064473
0.064498
0.064498
0.064498
0.064473
0.064473
0.064473
0.064498
0.064498
0.064473
0.064473
0.064473
0.064498
0.064473
0.064473
0.064449
0.064473
0.064498
0.064498
0.064473
0.064449
0.064473
0.064473
0.064473
0.064449
0.064449
0.064473
0.064498
0.064473
0.064449
0.064449
0.064449
0.064473
0.064473
0.064449
0.064449
0.064449
0.064449
0.064449
0.064449
0.064449
0.064424
0.064399
0.064399
0.064375
0.064375
0.06435
0.064375
0.064424
0.064449
0.064449
0.064424
0.064424
0.064424
0.064424
0.064424
0.064399
0.064399
0.064424
0.064449
0.064449
0.064424
0.064424
0.064424
0.064449
0.064449
0.064424
0.064424
0.064424
0.064449
0.064424
0.064424
0.064399
0.064424
0.064424
0.064424
0.064399
0.064399
0.064399
0.064375
0.064399
0.064424
0.064399
0.064399
0.064375
0.064399
0.064399
0.064399
0.064375
0.064375
0.064375
0.064399
0.064399
0.064375
0.064375
0.064375
0.064399
0.064399
0.064375
0.064375
0.064375
0.064399
0.064399
0.064375
0.06435
0.064375
0.064375
0.064375
0.064375
0.06435
0.064375
0.064375
0.064375
0.064375
0.06435
0.064375
0.064375
0.064375
0.06435
0.064375
0.06435
0.06435
0.06435
0.064375
0.064375
0.06435
0.06435
0.06435
0.064375
0.064375
0.06435
0.06435
0.06435
0.06435
0.06435
0.06435
0.064326
0.06435
0.06435
0.06435
0.064326
0.064326
0.064326
0.06435
0.06435
0.064326
0.064326
0.064326
0.06435
0.06435
0.064326
0.064301
0.064326
0.064326
0.064326
0.064326
0.064301
0.064301
0.064326
0.064301
0.064326
0.064326
0.064301
0.064301
0.064301
0.064326
0.064326
0.064301
0.064301
0.064301
0.064301
0.064326
0.064301
0.064276
0.064301
0.064301
0.064301
0.064301
0.064276
0.064276
0.064301
0.064301
0.064301
0.064276
0.064276
0.064301
0.064301
0.064276
0.064276
0.064276
0.064301
0.064301
0.064276
0.064276
0.064276
0.064301
0.064301
0.064276
0.064252
0.064276
0.064252
0.064252
0.064276
0.064276
0.064276
0.064252
0.064252
0.064276
0.064276
0.064276
0.064252
0.064252
0.064252
0.064252
0.064252
0.064227
0.064227
0.064252
0.064252
0.064252
0.064227
0.064227
0.064252
0.064252
0.064227
0.064227
0.064227
0.064227
0.064252
0.064227
0.064227
0.064227
0.064227
0.064227
0.064227
0.064202
0.064202
0.064227
0.064227
0.064227
0.064227
0.064202
0.064178
0.064178
0.064202
0.064202
0.064178
0.064178
0.064178
0.064202
0.064178
0.064129
0.064104
0.064079
0.064129
0.064178
0.064178
0.064178
0.064178
0.064178
0.064178
0.064178
0.064153
0.064153
0.064178
0.064178
0.064178
0.064153
0.064178
0.064178
0.064202
0.064178
0.064153
0.064178
0.064178
0.064178
0.064178
0.064153
0.064153
0.064153
0.064153
0.064178
0.064178
0.064153
0.064153
0.064153
0.064153
0.064178
0.064153
0.064129
0.064129
0.064153
0.064153
0.064153
0.064129
0.064129
0.064153
0.064153
0.064129
0.064129
0.064129
0.064129
0.064129
0.064129
0.064104
0.064129
0.064129
0.064129
0.064129
0.064104
0.064104
0.064129
0.064129
0.064129
0.064104
0.064104
0.064129
0.064129
0.064129
0.064104
0.064079
0.064079
0.064104
0.064129
0.064104
0.064079
0.064079
0.064104
0.064129
0.064104
0.064079
0.064079
0.064104
0.064104
0.064104
0.064079
0.064079
0.064104
0.064104
0.064104
0.064079
0.064079
0.064079
0.064104
0.064104
0.064079
0.064079
0.064079
0.064104
0.064079
0.064079
0.064055
0.064079
0.064079
0.064079
0.064055
0.064055
0.064079
0.064079
0.064079
0.064055
0.064055
0.06403
0.064055
0.064055
0.064055
0.06403
0.06403
0.064055
0.064055
0.064055
0.06403
0.06403
0.064055
0.064055
0.064055
0.06403
0.06403
0.064055
0.064055
0.064055
0.06403
0.06403
0.06403
0.064055
0.06403
0.06403
0.064006
0.06403
0.064055
0.06403
0.06403
0.064006
0.06403
0.06403
0.06403
0.064006
0.064006
0.06403
0.06403
0.06403
0.06403
0.064006
0.064006
0.064006
0.06403
0.06403
0.064006
0.064006
0.064006
0.06403
0.06403
0.064006
0.063981
0.064006
0.064006
0.064006
0.063981
0.063981
0.063981
0.064006
0.064006
0.063981
0.063981
0.063981
0.064006
0.064006
0.063981
0.063956
0.063981
0.063981
0.063981
0.063956
0.063956
0.063981
0.063981
0.063981
0.063956
0.063956
0.063956
0.063956
0.063956
0.063981
0.063956
0.063932
0.063932
0.063932
0.063956
0.063956
0.063932
0.063932
0.063932
0.063932
0.063907
0.063858
0.063833
0.063858
0.063907
0.063932
0.063932
0.063932
0.063932
0.063956
0.063932
0.063907
0.063907
0.063907
0.063932
0.063932
0.063932
0.063907
0.063932
0.063956
0.063932
0.063932
0.063907
0.063932
0.063956
0.063956
0.063932
0.063932
0.063907
0.063907
0.063907
0.063932
0.063932
0.063907
0.063907
0.063907
0.063907
0.063907
0.063907
0.063882
0.063907
0.063907
0.063907
0.063882
0.063882
0.063882
0.063907
0.063907
0.063882
0.063882
0.063882
0.063907
0.063882
0.063882
0.063858
0.063882
0.063882
0.063882
0.063882
0.063858
0.063882
0.063882
0.063882
0.063882
0.063858
0.063858
