2018
8
9
9
54
42.205
0.078628
0.078604
0.078604
0.078604
0.078604
0.078604
0.078604
0.078579
0.078579
0.078579
0.078579
0.078579
0.078579
0.078554
0.078554
0.078554
0.078554
0.078554
0.078554
0.078554
0.07853
0.07853
0.07853
0.07853
0.07853
0.07853
0.07853
0.078505
0.078505
0.078505
0.078505
0.078505
0.078505
0.078505
0.078505
0.078481
0.078481
0.078481
0.078481
0.078481
0.078456
0.078456
0.078456
0.078456
0.078456
0.078456
0.078431
0.078431
0.078431
0.078431
0.078431
0.078431
0.078431
0.078407
0.078407
0.078407
0.078407
0.078407
0.078407
0.078407
0.078382
0.078382
0.078382
0.078382
0.078382
0.078382
0.078382
0.078358
0.078358
0.078358
0.078358
0.078358
0.078358
0.078358
0.078358
0.078358
0.078333
0.078333
0.078333
0.078333
0.078333
0.078333
0.078333
0.078333
0.078333
0.078333
0.078308
0.078333
0.078308
0.078308
0.078308
0.078308
0.078308
0.078308
0.078308
0.078308
0.078308
0.078308
0.078308
0.078308
0.078284
0.078284
0.078284
0.078284
0.078284
0.078284
0.078284
0.078284
0.078284
0.078284
0.078308
0.078284
0.078284
0.078284
0.078284
0.078284
0.078284
0.078284
0.078284
0.078308
0.078234
0.07821
0.078185
0.078161
0.078136
0.078111
0.078087
0.078087
0.078087
0.078111
0.078111
0.078136
0.078161
0.078161
0.078185
0.078185
0.07821
0.07821
0.07821
0.07821
0.07821
0.078185
0.078185
0.078185
0.078185
0.078185
0.078185
0.078185
0.078185
0.078161
0.078161
0.078161
0.078161
0.078161
0.078161
0.078161
0.078161
0.078161
0.078136
0.078136
0.078111
0.078111
0.078111
0.078111
0.078111
0.078111
0.078111
0.078111
0.078111
0.078087
0.078087
0.078087
0.078087
0.078087
0.078087
0.078087
0.078062
0.078062
0.078062
0.078062
0.078062
0.078062
0.078062
0.078062
0.078062
0.078062
0.078062
0.078062
0.078062
0.078062
0.078062
0.078062
0.078062
0.078062
0.078062
0.078038
0.078038
0.078038
0.078038
0.078038
0.078013
0.077988
0.077988
0.077988
0.077988
0.077964
0.077964
0.077964
0.077964
0.077939
0.077939
0.077939
0.077939
0.077939
0.077939
0.077939
0.077914
0.077914
0.077914
0.077914
0.07789
0.07789
0.07789
0.07789
0.07789
0.077865
0.077865
0.077865
0.077841
0.077841
0.077816
0.077816
0.077816
0.077791
0.077791
0.077791
0.077791
0.077767
0.077767
0.077767
0.077742
0.077742
0.077742
0.077742
0.077717
0.077717
0.077717
0.077717
0.077717
0.077693
0.077693
0.077693
0.077693
0.077693
0.077668
0.077668
0.077668
0.077668
0.077668
0.077644
0.077644
0.077644
0.077644
0.077619
0.077619
0.077619
0.077619
0.077594
0.077594
0.077594
0.077594
0.077594
0.07757
0.07757
0.07757
0.07757
0.07757
0.077545
0.077545
0.077521
0.077496
0.077496
0.077496
0.077496
0.077471
0.077471
0.077471
0.077471
0.077471
0.077447
0.077447
0.077447
0.077447
0.077447
0.077447
0.077422
0.077422
0.077422
0.077422
0.077422
0.077397
0.077397
0.077397
0.077397
0.077397
0.077373
0.077373
0.077373
0.077373
0.077373
0.077373
0.077373
0.077348
0.077348
0.077348
0.077348
0.077348
0.077348
0.077348
0.077348
0.077299
0.077274
0.07725
0.077225
0.077176
0.077176
0.077151
0.077151
0.077151
0.077151
0.077176
0.077201
0.077201
0.077225
0.077225
0.077225
0.07725
0.07725
0.07725
0.07725
0.07725
0.07725
0.07725
0.077225
0.077225
0.077225
0.077225
0.077225
0.077225
0.077201
0.077201
0.077201
0.077201
0.077201
0.077201
0.077201
0.077176
0.077176
0.077176
0.077176
0.077151
0.077151
0.077151
0.077151
0.077151
0.077127
0.077127
0.077127
0.077127
0.077127
0.077102
0.077102
0.077102
0.077102
0.077102
0.077102
0.077102
0.077102
0.077102
0.077102
0.077102
0.077077
0.077077
0.077077
0.077077
0.077077
0.077077
0.077077
0.077077
0.077077
0.077077
0.077077
0.077077
0.077077
0.077077
0.077077
0.077077
0.077077
0.077077
0.077077
0.077053
0.077053
0.077053
0.077053
0.077028
0.077028
0.077028
0.077028
0.077004
0.077004
0.077004
0.077004
0.077004
0.076979
0.076979
0.076979
0.076979
0.076979
0.076979
0.076954
0.076954
0.076954
0.076954
0.076954
0.07693
0.07693
0.07693
0.07693
0.07693
0.07693
0.07693
0.076905
0.07693
0.07693
0.076905
0.076905
0.076905
0.076905
0.076905
0.076905
0.076905
0.076905
0.076881
0.076881
0.076881
0.076881
0.076881
0.076856
0.076856
0.076856
0.076856
0.076831
0.076831
0.076831
0.076831
0.076831
0.076807
0.076807
0.076807
0.076807
0.076782
0.076782
0.076757
0.076757
0.076757
0.076757
0.076757
0.076757
0.076757
0.076733
0.076733
0.076733
0.076733
0.076733
0.076733
0.076708
0.076708
0.076708
0.076684
0.076684
0.076659
0.076659
0.076659
0.076634
0.076634
0.076634
0.076634
0.07661
0.07661
0.07661
0.07661
0.07661
0.07661
0.07661
0.076585
0.076585
0.076585
0.076585
0.076585
0.07656
0.07656
0.07656
0.07656
0.07656
0.07656
0.076536
0.076536
0.076536
0.076536
0.076536
0.076536
0.076536
0.076536
0.076536
0.076536
0.076536
0.076536
0.076536
0.076536
0.076536
0.076462
0.076413
0.076388
0.076364
0.076339
0.076314
0.076314
0.076314
0.076314
0.076339
0.076364
0.076364
0.076364
0.076388
0.076388
0.076413
0.076413
0.076413
0.076388
0.076388
0.076388
0.076388
0.076388
0.076388
0.076388
0.076388
0.076388
0.076388
0.076388
0.076388
0.076413
0.076413
0.076413
0.076413
0.076413
0.076413
0.076413
0.076413
0.076413
0.076413
0.076413
0.076413
0.076413
0.076413
0.076413
0.076413
0.076437
0.076437
0.076413
0.076364
0.076314
0.07629
0.076265
0.076265
0.076265
0.07624
0.07624
0.07624
0.076216
0.076216
0.076216
0.076191
0.076191
0.076191
0.076191
0.076167
0.076167
0.076167
0.076167
0.076167
0.076167
0.076142
0.076142
0.076191
0.07624
0.07624
0.07624
0.07624
0.07624
0.07624
0.076191
0.076191
0.076191
0.076167
0.076167
0.076167
0.076142
0.076142
0.076142
0.076117
0.076117
0.076117
0.076117
0.076093
0.076093
0.076093
0.076068
0.076068
0.076068
0.076044
0.076044
0.076044
0.076044
0.076019
0.076019
0.076019
0.076019
0.075994
0.075994
0.075994
0.075994
0.075994
0.07597
0.07597
0.07597
0.075945
0.075945
0.075945
0.075945
0.07592
0.075896
0.075896
0.075896
0.075871
0.075871
0.075871
0.075847
0.075847
0.075822
0.075822
0.075822
0.075797
0.075797
0.075797
0.075773
0.075773
0.075773
0.075773
0.075748
0.075748
0.075723
0.075723
0.075723
0.075723
0.075699
0.075699
0.075674
0.075674
0.075674
0.075674
0.075674
0.07565
0.07565
0.07565
0.075625
0.075625
0.075625
0.0756
0.0756
0.0756
0.075576
0.075551
0.075551
0.075551
0.075527
0.075527
0.075527
0.075502
0.075502
0.075502
0.075477
0.075477
0.075477
0.075477
0.075453
0.075453
0.075453
0.075428
0.075428
0.075428
0.075403
0.075403
0.075403
0.075403
0.075403
0.075379
0.075379
0.075379
0.075379
0.075379
0.075354
0.075354
0.075354
0.075354
0.075354
0.075354
0.075354
0.075354
0.07533
0.07533
0.075207
0.075182
0.075157
0.075133
0.075108
0.075108
0.075108
0.075133
0.075157
0.075157
0.075182
0.075182
0.075182
0.075207
0.075207
0.075207
0.075207
0.075207
0.075182
0.075182
0.075182
0.075182
0.075182
0.075182
0.075157
0.075157
0.075157
0.075157
0.075157
0.075157
0.075182
0.075182
0.075182
0.075182
0.075182
0.075157
0.075157
0.075157
0.075157
0.075133
0.075133
0.075133
0.075108
0.075108
0.075108
0.075108
0.075108
0.075108
0.075083
0.075083
0.075083
0.075083
0.075083
0.075083
0.075059
0.075059
0.075059
0.075059
0.075059
0.075059
0.075059
0.075059
0.075059
0.075059
0.075059
0.075034
0.075034
0.075034
0.075034
0.075034
0.075034
0.075034
0.075034
0.075034
0.075034
0.075034
0.075034
0.07501
0.07501
0.07501
0.074985
0.07496
0.07496
0.07496
0.07496
0.07496
0.07496
0.074936
0.074936
0.074936
0.074911
0.074911
0.074886
0.074886
0.074886
0.074886
0.074862
0.074862
0.074862
0.074862
0.074837
0.074837
0.074837
0.074837
0.074837
0.074813
0.074813
0.074813
0.074788
0.074788
0.074788
0.074763
0.074763
0.074763
0.074763
0.074763
0.074763
0.074739
0.074739
0.074739
0.074739
0.074739
0.074763
0.074763
0.074763
0.074739
0.074739
0.074714
0.07469
0.07469
0.074665
0.07464
0.07464
0.074616
0.074591
0.074591
0.074566
0.074566
0.074542
0.074542
0.074517
0.074493
0.074493
0.074493
0.074468
0.074468
0.074443
0.074443
0.074419
0.074419
0.074394
0.074394
0.074394
0.07437
0.074345
0.074345
0.07432
0.07432
0.074296
0.074271
0.074246
0.074222
0.074222
0.074197
0.074197
0.074173
0.074173
0.074148
0.074148
0.074123
0.074123
0.074123
0.074099
0.074099
0.074099
0.074074
0.074074
0.074074
0.074049
0.074049
0.074025
0.074025
0.074025
0.074
0.074
0.074
0.074
0.073976
0.073976
0.073976
0.073976
0.073976
0.073976
0.073976
0.073976
0.073976
0.073976
0.073976
0.073976
0.073976
0.073877
0.073853
0.073803
0.073779
0.073754
0.073729
0.073705
0.073705
0.073705
0.073729
0.073729
0.073754
0.073779
0.073779
0.073803
0.073803
0.073803
0.073803
0.073803
0.073803
0.073779
0.073779
0.073754
0.073754
0.073729
0.073729
0.073705
0.073705
0.07368
0.07368
0.073656
0.073656
0.073656
0.07368
0.07368
0.07368
0.073656
0.073656
0.073631
0.073631
0.073582
0.073557
0.073557
0.073557
0.073533
0.073533
0.073508
0.073508
0.073483
0.073483
0.073459
0.073459
0.073434
0.073434
0.073409
0.073409
0.073385
0.073385
0.073385
0.07336
0.07336
0.07336
0.073336
0.073336
0.073336
0.073311
0.073311
0.073311
0.073311
0.073311
0.073311
0.073311
0.073311
0.073311
0.073286
0.073286
0.073286
0.073286
0.073262
0.073237
0.073163
0.073139
0.073114
0.073089
0.073065
0.073065
0.07304
0.073016
0.072991
0.072991
0.072966
0.072942
0.072942
0.072917
0.072892
0.072868
0.072868
0.072843
0.072819
0.072794
0.072794
0.072769
0.072745
0.072745
0.07272
0.072671
0.072646
0.072597
0.072449
0.072302
0.072228
0.072179
0.072129
0.072105
0.072055
0.072006
0.071982
0.071957
0.071908
0.071883
0.071686
0.071662
0.071637
0.071588
0.071539
0.071514
0.071465
0.071415
0.071391
0.071342
0.071292
0.071268
0.071218
0.071194
0.071145
0.071095
0.071071
0.071046
0.070997
0.070972
0.070948
0.070898
0.070874
0.070849
0.070825
0.070775
0.070751
0.070726
0.070702
0.070652
0.070628
0.070603
0.070554
0.070505
0.07048
0.070431
0.070406
0.070357
0.070332
0.070308
0.070185
0.070135
0.070111
0.070086
0.070061
0.070012
0.069988
0.069963
0.069938
0.069889
0.069865
0.06984
0.069815
0.069766
0.069741
0.069717
0.069668
0.069643
0.069594
0.069569
0.06952
0.069495
0.069471
0.069446
0.069397
0.069372
0.069348
0.069323
0.069274
0.069249
0.069224
0.0692
0.069175
0.069151
0.069101
0.069077
0.069052
0.069028
0.069003
0.068978
0.068855
0.068806
0.068732
0.068683
0.068634
0.068584
0.06856
0.068535
0.068511
0.068486
0.068486
0.068486
0.068461
0.068461
0.068461
0.068437
0.068412
0.068412
0.068387
0.068363
0.068338
0.068314
0.068289
0.068264
0.06824
0.068191
0.068166
0.068141
0.068117
0.068092
0.068067
0.068043
0.068043
0.068018
0.067994
0.067969
0.067944
0.06792
0.06787
0.067846
0.067674
0.067624
0.0676
0.067575
0.06755
0.067526
0.067501
0.067477
0.067452
0.067427
0.067403
0.067378
0.067354
0.067329
0.067304
0.06728
0.06728
0.067255
0.06723
0.067206
0.067181
0.067157
0.067157
0.067132
0.067107
0.067083
0.067058
0.067058
0.067033
0.067009
0.066984
0.06696
0.066935
0.06691
0.066886
0.066861
0.066837
0.066812
0.066787
0.066763
0.066664
0.06664
0.066615
0.06659
0.066566
0.066541
0.066517
0.066492
0.066492
0.066467
0.066443
0.066418
0.066369
0.066344
0.066344
0.06632
0.066295
0.06627
0.06627
0.066246
0.066221
0.066197
0.066172
0.066147
0.066147
0.066123
0.066098
0.066098
0.066073
0.066049
0.066049
0.066024
0.066
0.066
0.065975
0.06595
0.06595
0.065926
0.065901
0.065876
0.065803
0.065778
0.065753
0.065729
0.065704
0.06568
0.065655
0.06563
0.06563
0.065606
0.065606
0.065581
0.065581
0.065581
0.065581
0.065581
0.065606
0.065606
0.06563
0.065655
0.06568
0.06568
0.065704
0.065704
0.065704
0.065729
0.065753
0.065778
0.065778
0.065803
0.06595
0.066541
0.066812
0.066935
0.067033
0.067132
0.067206
0.067304
0.067378
0.067477
0.067846
0.067895
0.067944
0.067994
0.068043
0.068067
0.068117
0.068141
0.068191
0.06824
0.068289
0.068338
0.068363
0.068412
0.068461
0.068535
0.068658
0.068683
0.068707
0.068732
0.068757
0.068781
0.068831
0.068855
0.06888
0.068904
0.068929
0.068978
0.069003
0.069028
0.069077
0.069101
0.069151
0.069175
0.069224
0.069274
0.069348
0.069397
0.069446
0.06952
0.069766
0.069766
0.069741
0.069717
0.069717
0.069692
0.069668
0.069668
0.069643
0.069668
0.069717
0.069766
0.06984
0.069938
0.069988
0.070037
0.070061
0.070086
0.070111
0.070111
0.070111
0.070111
0.070111
0.070111
0.070135
0.070135
0.070135
0.070135
0.070135
0.070135
0.070135
0.070135
0.070135
0.07016
0.07016
0.070135
0.070135
0.070135
0.070111
0.070111
0.070086
0.070086
0.070086
0.070086
0.070086
0.070086
0.070086
0.070086
0.070086
0.070061
0.070061
0.070061
0.070037
0.070037
0.070037
0.070012
0.070012
0.070012
0.069988
0.069988
0.069988
0.069963
0.069963
0.069963
0.069963
0.069963
0.069963
0.069963
0.069938
0.069938
0.069938
0.069938
0.069938
0.069938
0.069938
0.069963
0.069963
0.069963
0.069963
0.069963
0.069914
0.069889
0.069889
0.069865
0.06984
0.06984
0.069815
0.069791
0.069791
0.069766
0.069741
0.069741
0.069717
0.069692
0.069668
0.069668
0.069643
0.069643
0.069618
0.069594
0.069594
0.069569
0.069569
0.069544
0.06952
0.06952
0.06952
0.069495
0.069495
0.069495
0.069471
0.069471
0.069446
0.069446
0.069421
0.069421
0.069397
0.069397
0.069372
0.069372
0.069298
0.069298
0.069274
0.069249
0.069249
0.069249
0.069224
0.069224
0.069224
0.0692
0.0692
0.0692
0.0692
0.0692
0.069175
0.069175
0.069151
0.069151
0.069151
0.069126
0.069126
0.069101
0.069101
0.069077
0.069077
0.069052
0.069052
0.069028
0.069028
0.069003
0.069003
0.068978
0.068978
0.068978
0.068954
0.068954
0.068929
0.068929
0.068929
0.068904
0.06888
0.068855
0.068855
0.068831
0.068831
0.068831
0.068806
0.068806
0.068806
0.068781
0.068781
0.068757
0.068757
0.068757
0.068732
0.068732
0.068732
0.068707
0.068707
0.068707
0.068683
0.068683
0.068683
0.068658
0.068658
0.068658
0.068634
0.068634
0.068634
0.068609
0.068609
0.068584
0.068584
0.068584
0.068584
0.06856
0.06856
0.068535
0.068535
0.068535
0.068511
0.068511
0.068511
0.068511
0.068511
0.068486
0.068437
0.068412
0.068363
0.068338
0.068314
0.068289
0.068264
0.068264
0.068264
0.068264
0.068289
0.068289
0.068314
0.068314
0.068338
0.068338
0.068338
0.068338
0.068338
0.068338
0.068314
0.068314
0.068314
0.068289
0.068289
0.068289
0.068289
0.068264
0.068264
0.068264
0.068264
0.06824
0.06824
0.06824
0.068191
0.068166
0.068166
0.068166
0.068141
0.068141
0.068141
0.068117
0.068117
0.068092
0.068092
0.068092
0.068067
0.068067
0.068067
0.068067
0.068043
0.068043
0.068043
0.068043
0.068043
0.068043
0.068043
0.068043
0.068043
0.068043
0.068043
0.068043
0.068043
0.068043
0.068018
0.068018
0.068018
0.067994
0.067994
0.067994
0.067969
0.067969
0.067969
0.067969
0.06792
0.06792
0.067895
0.067895
0.067895
0.06787
0.06787
0.067846
0.067846
0.067846
0.067821
0.067821
0.067821
0.067821
0.067797
0.067797
0.067797
0.067772
0.067772
0.067772
0.067747
0.067747
0.067747
0.067723
0.067723
0.067723
0.067698
0.067698
0.067698
0.067698
0.067674
0.067674
0.067674
0.067649
0.067649
0.067649
0.067624
0.067624
0.067624
0.0676
0.067575
0.067575
0.067575
0.067575
0.06755
0.06755
0.06755
0.06755
0.067526
0.067526
0.067501
0.067501
0.067501
0.067477
0.067477
0.067477
0.067477
0.067452
0.067452
0.067427
0.067427
0.067427
0.067403
0.067403
0.067403
0.067378
0.067378
0.067378
0.067378
0.067378
0.067354
0.067354
0.067354
0.067354
0.067329
0.067329
0.067304
0.067304
0.067304
0.067304
0.06728
0.067255
0.067255
0.067255
0.06723
0.06723
0.06723
0.06723
0.067206
0.067206
0.067206
0.067206
0.067181
0.067181
0.067157
0.067157
0.067157
0.067132
0.067132
0.067132
0.067107
0.067107
0.067083
0.067083
0.067083
0.067058
0.067058
0.067058
0.067033
0.067033
0.067033
0.067009
0.067009
0.067009
0.066984
0.066984
0.066984
0.06696
0.06696
0.06696
0.06691
0.06691
0.06691
0.06691
0.066886
0.066886
0.066886
0.066861
0.066837
0.066787
0.066763
0.066738
0.066713
0.066689
0.066664
0.06664
0.066664
0.066664
0.066664
0.066689
0.066689
0.066689
0.066713
0.066713
0.066713
0.066738
0.066738
0.066738
0.066738
0.066738
0.066763
0.066763
0.066763
0.066787
0.066787
0.066787
0.066787
0.066763
0.066763
0.066763
0.066738
0.066713
0.066713
0.066689
0.066689
0.066689
0.066689
0.066689
0.066689
0.066664
0.066664
0.066664
0.06664
0.06664
0.06664
0.06664
0.06664
0.066615
0.066615
0.066615
0.066615
0.066615
0.06659
0.06659
0.06659
0.06659
0.06659
0.066566
0.066566
0.066566
0.066541
0.066541
0.066541
0.066541
0.066541
0.066541
0.066517
0.066517
0.066517
0.066517
0.066492
0.066467
0.066467
0.066467
0.066467
0.066467
0.066467
0.066467
0.066443
0.066443
0.066443
0.066443
0.066418
0.066418
0.066418
0.066418
0.066393
0.066393
0.066369
0.066369
0.066344
0.066344
0.066344
0.06632
0.06632
0.06632
0.06632
0.066295
0.066295
0.066295
0.066295
0.066295
0.066295
0.06632
0.06632
0.066344
0.066344
0.066344
0.066344
0.066344
0.06627
0.066246
0.066221
0.066197
0.066172
0.066147
0.066123
0.066098
0.066073
0.066049
0.066024
0.066024
0.066
0.065975
0.06595
0.06595
0.065926
0.065926
0.065901
0.065876
0.065852
0.065827
0.065803
0.065729
0.065409
0.065138
0.065039
0.064966
0.064892
0.064818
0.064769
0.064695
0.064646
0.064596
0.064547
0.064498
0.064473
0.064424
0.064399
0.06435
0.064202
0.064153
0.064104
0.064055
0.064006
0.063956
0.063932
0.063882
0.063833
0.063784
0.063735
0.06371
0.063661
0.063612
0.063562
0.063538
0.063489
0.063464
0.063415
0.063365
0.063316
0.063292
0.063242
0.063218
0.063169
0.063144
0.063119
0.06307
0.063045
0.063021
0.062996
0.062947
0.062922
0.062898
0.062849
0.062824
0.062799
0.06275
0.062725
0.062701
0.062578
0.062553
0.062528
0.062504
0.062479
0.06243
0.062405
0.062332
0.062282
0.062233
0.062159
0.062135
0.062085
0.062036
0.062012
0.062012
0.061987
0.061987
0.061962
0.061962
0.061962
0.061938
0.061938
0.061913
0.061888
0.061888
0.061864
0.061839
0.061815
0.06179
0.061765
0.061741
0.061716
0.061691
0.061667
0.061642
0.061642
0.061618
0.061618
0.061593
0.061519
0.06147
0.061445
0.061421
0.061371
0.061347
0.061322
0.061273
0.061248
0.061224
0.061199
0.061175
0.061125
0.061101
0.061076
0.061051
0.061027
0.061002
0.060978
0.060978
0.060953
0.060928
0.060904
0.060879
0.060854
0.06083
0.060805
0.060781
0.060756
0.060731
0.060707
0.060682
0.060658
0.060633
0.060608
0.060584
0.060559
0.060534
0.06051
0.060485
0.060411
0.060387
0.060362
0.060362
0.060338
0.060313
0.060288
0.060264
0.060214
0.06019
0.060141
0.060091
0.060067
0.060042
0.059993
0.059944
0.059919
0.05987
0.059845
0.059796
0.059771
0.059722
0.059697
0.059673
0.059624
0.059599
0.059574
0.059525
0.059501
0.059476
0.059451
0.059402
0.059377
0.059353
0.059328
0.059328
0.059304
0.059279
0.059279
0.059254
0.059205
0.059181
0.059156
0.059131
0.059107
0.059057
0.059033
0.058984
0.058959
0.05891
0.05886
0.058836
0.058811
0.058762
0.058737
0.058688
0.058664
0.058639
0.05859
0.058565
0.05854
0.058491
0.058467
0.058442
0.058417
0.058393
0.058344
0.058319
0.058294
0.05827
0.058245
0.05822
0.058196
0.058171
0.058147
0.058122
0.058097
0.058073
0.058048
0.058023
0.05795
0.057925
0.057876
0.057851
0.057802
0.057777
0.057728
0.057679
0.05763
0.057605
0.057556
0.057507
0.057457
0.057433
0.057383
0.057359
0.05731
0.057285
0.057236
0.057211
0.057162
0.057137
0.057113
0.057063
0.057039
0.057014
0.056965
0.05694
0.056891
0.056866
0.056842
0.056793
0.056768
0.056719
0.056694
0.056645
0.056596
0.056571
0.056522
0.056497
0.056325
0.0563
0.056276
0.056226
0.056177
0.056153
0.056128
0.056103
0.056054
0.056029
0.056005
0.05598
0.055931
0.055857
0.055808
0.055734
0.055685
0.055611
0.055586
0.055537
0.055512
0.055488
0.055488
0.055488
0.055463
0.055439
0.055439
0.055439
0.055414
0.055414
0.055389
0.055365
0.05534
0.055291
0.055266
0.055217
0.055168
0.055119
0.055069
0.05502
0.054823
0.054774
0.054749
0.0547
0.054676
0.054626
0.054577
0.054528
0.054479
0.054454
0.054429
0.05438
0.054355
0.054331
0.054282
0.054257
0.054232
0.054208
0.054183
0.054183
0.054159
0.054183
0.054183
0.054208
0.054208
0.054232
0.054257
0.054282
0.054306
0.054355
0.05438
0.05438
0.054405
0.05438
0.05438
0.05438
0.054355
0.05438
0.05438
0.05438
0.054405
0.054405
0.054405
0.05438
0.05438
0.054355
0.054331
0.054306
0.054306
0.054282
0.054232
0.054208
0.054183
0.054183
0.054159
0.054134
0.054085
0.05406
0.054035
0.054011
0.053986
0.053962
0.053937
0.053912
0.053888
0.053863
0.053839
0.053814
0.053789
0.053765
0.05374
0.053715
0.053691
0.053666
0.053642
0.053617
0.053617
0.053592
0.053568
0.053568
0.053469
0.053445
0.05342
0.053395
0.053346
0.053346
0.053322
0.053297
0.053272
0.053248
0.053223
0.053198
0.053174
0.053149
0.053125
0.0531
0.053075
0.053051
0.053026
0.053002
0.053002
0.052977
0.052952
0.052928
0.052878
0.052878
0.052854
0.052829
0.052805
0.05278
0.052755
0.052731
0.052706
0.052681
0.052657
0.052632
0.052608
0.052608
0.052583
0.052558
0.052411
0.052361
0.052312
0.052263
0.052214
0.052165
0.052091
0.052041
0.051968
0.051918
0.051844
0.051771
0.051721
0.051672
0.051598
0.051549
0.0515
0.051451
0.051377
0.051328
0.051278
0.051204
0.051155
0.051081
0.050983
0.050909
0.050835
0.050761
0.050687
0.050614
0.05054
0.050466
0.050417
0.050367
0.050294
0.050244
0.050195
0.050146
0.050072
0.050023
0.049777
0.049727
0.049654
0.049604
0.049555
0.049481
0.049432
0.049383
0.049334
0.049284
0.04921
0.049161
0.049112
0.049013
0.04894
0.048866
0.048817
0.048767
0.048743
0.048718
0.048693
0.048693
0.048693
0.048669
0.048669
0.048644
0.04862
0.048595
0.048546
0.048521
0.048472
0.048423
0.048373
0.048324
0.048275
0.048226
0.048201
0.048176
0.048127
0.048078
0.047955
0.047906
0.047881
0.047832
0.047783
0.047733
0.047684
0.04766
0.04761
0.047561
0.047536
0.047487
0.047463
0.047413
0.047389
0.047339
0.04729
0.047241
0.047216
0.047167
0.047118
0.047069
0.047044
0.046995
0.04697
0.046946
0.046946
0.046921
0.046921
0.046896
0.046896
0.046872
0.046847
0.046798
0.046773
0.046724
0.046699
0.04665
0.046601
0.046576
0.046429
0.046379
0.046355
0.046306
0.046256
0.046207
0.046158
0.046109
0.046059
0.04601
0.045961
0.045912
0.045887
0.045838
0.045789
0.045739
0.045715
0.045665
0.045616
0.045567
0.045518
0.045444
0.045395
0.045321
0.045272
0.045198
0.045124
0.045075
0.045025
0.044976
0.044902
0.044853
0.044804
0.044755
0.044705
0.044632
0.044582
0.044533
0.044484
0.044435
0.043992
0.043868
0.043745
0.043647
0.043548
0.04345
0.043351
0.043253
0.043155
0.043056
0.042982
0.042884
0.04281
0.042711
0.042638
0.042564
0.04249
0.042416
0.042367
0.042293
0.042244
0.04217
0.042121
0.042071
0.042022
0.041948
0.041874
0.041825
0.041776
0.041727
0.041653
0.041604
0.041554
0.041505
0.041456
0.041382
0.041333
0.041284
0.041234
0.041185
0.040964
0.040914
0.040865
0.040816
0.040767
0.040717
0.040668
0.040619
0.040594
0.04057
0.040545
0.040545
0.04052
0.04052
0.04052
0.04052
0.040496
0.040496
0.040471
0.040422
0.040397
0.040373
0.040323
0.040274
0.040225
0.040176
0.040102
0.040053
0.040003
0.039954
0.039905
0.039856
0.039782
0.039733
0.039683
0.039634
0.03961
0.03956
0.039511
0.039462
