2018
8
9
9
46
38.684
0.11531
0.11528
0.11526
0.11523
0.11523
0.11521
0.11519
0.11519
0.11516
0.11514
0.11511
0.11509
0.11509
0.11506
0.11504
0.11501
0.11501
0.11499
0.11496
0.11496
0.11494
0.11491
0.11489
0.11489
0.11487
0.11484
0.11484
0.11482
0.11479
0.11477
0.11477
0.11474
0.11472
0.11469
0.11469
0.11467
0.11464
0.11464
0.11462
0.11459
0.11455
0.11452
0.11452
0.1145
0.1145
0.11447
0.11445
0.11442
0.11442
0.1144
0.1144
0.11437
0.11435
0.11432
0.11432
0.1143
0.1143
0.11427
0.11425
0.11425
0.11423
0.1142
0.11418
0.11418
0.11415
0.11415
0.11413
0.1141
0.1141
0.11408
0.11405
0.11405
0.11403
0.11403
0.114
0.11398
0.11398
0.11395
0.11393
0.11393
0.11386
0.11383
0.11381
0.11381
0.11378
0.11376
0.11376
0.11373
0.11371
0.11371
0.11368
0.11366
0.11366
0.11363
0.11361
0.11361
0.11359
0.11356
0.11356
0.11354
0.11351
0.11351
0.11349
0.11346
0.11346
0.11344
0.11344
0.11341
0.11339
0.11339
0.11336
0.11334
0.11334
0.11331
0.11331
0.11329
0.11327
0.11327
0.11324
0.11322
0.11314
0.11314
0.11312
0.11309
0.11309
0.11307
0.11304
0.11304
0.11302
0.11302
0.11299
0.11297
0.11297
0.11295
0.11292
0.11292
0.1129
0.1129
0.11287
0.11287
0.11285
0.11282
0.1128
0.1128
0.11277
0.11275
0.11275
0.11272
0.1127
0.1127
0.11267
0.11267
0.11265
0.11263
0.1126
0.1126
0.11258
0.11258
0.11255
0.11255
0.11245
0.1124
0.11235
0.11231
0.11223
0.11218
0.11213
0.11208
0.11203
0.11199
0.11196
0.11199
0.11221
0.11275
0.11327
0.11344
0.11331
0.11312
0.1129
0.1127
0.11255
0.11243
0.11235
0.11228
0.11221
0.11218
0.11213
0.11211
0.11208
0.11206
0.11203
0.11203
0.11201
0.11199
0.11199
0.11196
0.11196
0.11196
0.11194
0.11194
0.11189
0.11186
0.11186
0.11184
0.11184
0.11184
0.11181
0.11181
0.11179
0.11179
0.11176
0.11176
0.11174
0.11174
0.11171
0.11169
0.11169
0.11167
0.11167
0.11164
0.11164
0.11162
0.11162
0.11159
0.11159
0.11157
0.11157
0.11154
0.11154
0.11152
0.11152
0.11149
0.11149
0.11149
0.11149
0.11147
0.11147
0.11144
0.11144
0.11144
0.11142
0.11139
0.11139
0.11139
0.11139
0.11139
0.11137
0.11137
0.11137
0.11137
0.11137
0.11135
0.11135
0.11132
0.1113
0.11127
0.11127
0.11125
0.11122
0.1112
0.1112
0.11117
0.11115
0.11112
0.11112
0.1111
0.11107
0.11107
0.11105
0.11102
0.11102
0.111
0.111
0.11098
0.11098
0.11095
0.11095
0.11093
0.11093
0.1109
0.11085
0.11085
0.11083
0.11083
0.1108
0.11078
0.11078
0.11078
0.11075
0.11075
0.11073
0.11073
0.1107
0.1107
0.11068
0.11068
0.11066
0.11066
0.11063
0.11063
0.11061
0.11061
0.11061
0.11058
0.11056
0.11056
0.11056
0.11053
0.11053
0.11051
0.11051
0.11048
0.11048
0.11046
0.11046
0.11043
0.11043
0.11041
0.11041
0.11038
0.11034
0.11034
0.11031
0.11031
0.11029
0.11029
0.11026
0.11026
0.11024
0.11024
0.11024
0.11021
0.11021
0.11019
0.11019
0.11019
0.11016
0.11016
0.11014
0.11014
0.11011
0.11011
0.11009
0.11009
0.11006
0.11006
0.11004
0.11004
0.11002
0.10999
0.10999
0.10999
0.10997
0.10997
0.10994
0.10994
0.10992
0.10992
0.10989
0.10989
0.10979
0.10972
0.10967
0.10962
0.10957
0.10955
0.10952
0.10952
0.1095
0.10957
0.10972
0.11014
0.11063
0.11088
0.1108
0.11061
0.11036
0.11016
0.11002
0.10989
0.10982
0.10974
0.1097
0.10965
0.10962
0.1096
0.10957
0.10955
0.10952
0.1095
0.1095
0.10947
0.10947
0.10945
0.10945
0.10945
0.10942
0.10942
0.10942
0.1094
0.10935
0.10935
0.10933
0.10933
0.1093
0.1093
0.10928
0.10928
0.10925
0.10925
0.10925
0.10923
0.1092
0.1092
0.1092
0.10918
0.10918
0.10915
0.10915
0.10913
0.10913
0.10913
0.1091
0.1091
0.10908
0.10908
0.10906
0.10906
0.10903
0.10903
0.10903
0.10901
0.10901
0.10901
0.10898
0.10898
0.10898
0.10898
0.10898
0.10896
0.10896
0.10896
0.10896
0.10896
0.10896
0.10893
0.10893
0.10893
0.10891
0.10888
0.10888
0.10886
0.10883
0.10883
0.10881
0.10878
0.10878
0.10876
0.10874
0.10874
0.10871
0.10871
0.10869
0.10869
0.10869
0.10866
0.10866
0.10866
0.10864
0.10864
0.10864
0.10861
0.10861
0.10861
0.10859
0.10859
0.10856
0.10856
0.10854
0.10854
0.10849
0.10849
0.10846
0.10846
0.10844
0.10844
0.10842
0.10842
0.10839
0.10839
0.10839
0.10837
0.10837
0.10837
0.10834
0.10832
0.10832
0.10829
0.10829
0.10827
0.10824
0.10824
0.10822
0.10822
0.10819
0.10819
0.10817
0.10817
0.10814
0.10814
0.10814
0.10812
0.1081
0.1081
0.1081
0.10807
0.10807
0.10805
0.10805
0.10802
0.10797
0.10797
0.10795
0.10795
0.10792
0.10792
0.10792
0.1079
0.1079
0.10787
0.10787
0.10785
0.10785
0.10782
0.10782
0.1078
0.1078
0.10778
0.10778
0.10775
0.10775
0.10773
0.10773
0.1077
0.1077
0.1077
0.10768
0.10768
0.10765
0.10763
0.10763
0.1076
0.1076
0.10758
0.10758
0.10755
0.10753
0.10748
0.10741
0.10736
0.10721
0.10718
0.10718
0.10723
0.10738
0.1078
0.10832
0.10856
0.10849
0.10827
0.10805
0.10785
0.1077
0.10758
0.10748
0.10743
0.10736
0.10733
0.10728
0.10726
0.10723
0.10721
0.10721
0.10718
0.10716
0.10716
0.10714
0.10714
0.10711
0.10711
0.10709
0.10709
0.10706
0.10706
0.10704
0.10704
0.10701
0.10701
0.10701
0.10699
0.10694
0.10691
0.10691
0.10689
0.10689
0.10686
0.10686
0.10684
0.10684
0.10682
0.10682
0.10682
0.10679
0.10679
0.10677
0.10677
0.10674
0.10674
0.10672
0.10672
0.10669
0.10669
0.10667
0.10667
0.10667
0.10664
0.10664
0.10664
0.10662
0.10662
0.10662
0.10662
0.10659
0.10659
0.10659
0.10659
0.10659
0.10659
0.10659
0.10657
0.10657
0.10654
0.10654
0.10652
0.1065
0.1065
0.10647
0.10645
0.10642
0.1064
0.1064
0.10637
0.10637
0.10635
0.10632
0.10632
0.10632
0.1063
0.1063
0.10627
0.10627
0.10627
0.10625
0.10625
0.10622
0.1062
0.1062
0.1062
0.10618
0.10618
0.10618
0.10615
0.10613
0.10613
0.1061
0.1061
0.10608
0.10608
0.10605
0.10605
0.106
0.10598
0.10598
0.10598
0.10595
0.10595
0.10593
0.10593
0.10593
0.1059
0.1059
0.10588
0.10588
0.10588
0.10586
0.10586
0.10586
0.10583
0.10583
0.10583
0.10581
0.10581
0.10578
0.10578
0.10578
0.10576
0.10573
0.10573
0.10573
0.10571
0.10571
0.10571
0.10568
0.10568
0.10568
0.10568
0.10566
0.10563
0.10563
0.10563
0.10558
0.10558
0.10556
0.10556
0.10554
0.10554
0.10549
0.10544
0.10539
0.10534
0.10529
0.10524
0.10522
0.10522
0.10519
0.10522
0.10531
0.10554
0.10598
0.10645
0.10662
0.10647
0.10625
0.10603
0.10583
0.10571
0.10558
0.10551
0.10544
0.10539
0.10536
0.10531
0.10529
0.10526
0.10526
0.10524
0.10524
0.10522
0.10522
0.10519
0.10517
0.10517
0.10514
0.10514
0.10514
0.10512
0.10512
0.10512
0.10509
0.10509
0.10509
0.10507
0.10507
0.10504
0.10504
0.10504
0.10502
0.10502
0.10502
0.10499
0.10499
0.10497
0.10497
0.10497
0.10494
0.10494
0.10494
0.10492
0.10492
0.1049
0.1049
0.1049
0.10487
0.10487
0.10487
0.10487
0.10485
0.10485
0.10485
0.10485
0.10482
0.10482
0.10482
0.10482
0.10482
0.10482
0.10482
0.10482
0.10482
0.10482
0.10482
0.1048
0.1048
0.1048
0.10477
0.10477
0.10475
0.10475
0.10472
0.10472
0.1047
0.1047
0.10467
0.10467
0.10467
0.10467
0.10465
0.10465
0.10465
0.10465
0.10465
0.10462
0.10462
0.10462
0.10462
0.10462
0.1046
0.1046
0.1046
0.1046
0.10458
0.10455
0.10455
0.10453
0.10453
0.10453
0.1045
0.1045
0.1045
0.10448
0.10448
0.10445
0.10445
0.10445
0.10443
0.10443
0.10443
0.1044
0.1044
0.1044
0.10438
0.10438
0.10438
0.10435
0.10435
0.10433
0.10433
0.10433
0.1043
0.1043
0.1043
0.10428
0.10428
0.10426
0.10426
0.10426
0.10426
0.10423
0.10423
0.10423
0.10421
0.10418
0.10418
0.10418
0.10416
0.10416
0.10416
0.10413
0.10413
0.10411
0.10411
0.10411
0.10411
0.10411
0.10411
0.10408
0.10408
0.10408
0.10406
0.10406
0.10406
0.10406
0.10406
0.10403
0.10403
0.10403
0.10403
0.10401
0.10401
0.10398
0.10394
0.10389
0.10384
0.10379
0.10374
0.10371
0.10371
0.10371
0.10371
0.10379
0.10512
0.10502
0.1048
0.10458
0.1044
0.10426
0.10413
0.10406
0.10398
0.10394
0.10391
0.10389
0.10386
0.10384
0.10384
0.10381
0.10381
0.10379
0.10379
0.10379
0.10376
0.10376
0.10376
0.10376
0.10376
0.10376
0.10376
0.10376
0.10376
0.10376
0.10376
0.10376
0.10374
0.10374
0.10374
0.10374
0.10371
0.10371
0.10371
0.10369
0.10366
0.10366
0.10366
0.10366
0.10364
0.10364
0.10364
0.10362
0.10362
0.10362
0.10359
0.10359
0.10359
0.10357
0.10357
0.10357
0.10357
0.10357
0.10357
0.10357
0.10357
0.10357
0.10357
0.10357
0.10357
0.10357
0.10357
0.10357
0.10357
0.10357
0.10357
0.10357
0.10357
0.10357
0.10357
0.10357
0.10357
0.10357
0.10354
0.10352
0.10347
0.10347
0.10344
0.10344
0.10344
0.10342
0.10342
0.10342
0.10342
0.10342
0.10342
0.10342
0.10342
0.10342
0.10339
0.10339
0.10339
0.10339
0.10339
0.10339
0.10339
0.10337
0.10337
0.10334
0.10334
0.10332
0.10332
0.10332
0.1033
0.1033
0.10327
0.10327
0.10325
0.10325
0.10325
0.10322
0.10322
0.1032
0.1032
0.1032
0.10315
0.10315
0.10315
0.10312
0.10312
0.10312
0.1031
0.1031
0.1031
0.10307
0.10307
0.10307
0.10307
0.10305
0.10305
0.10305
0.10305
0.10302
0.10302
0.10302
0.103
0.103
0.103
0.103
0.103
0.10298
0.10298
0.10295
0.10295
0.10293
0.10293
0.10293
0.1029
0.1029
0.1029
0.1029
0.10288
0.10288
0.10288
0.10285
0.10283
0.10283
0.10283
0.10283
0.1028
0.1028
0.1028
0.1028
0.10278
0.10278
0.10278
0.10275
0.10275
0.10273
0.10273
0.10273
0.1027
0.1027
0.1027
0.10268
0.10268
0.10268
0.10266
0.10266
0.10266
0.10266
0.10263
0.10263
0.10263
0.10263
0.10261
0.10261
0.10261
0.10258
0.10258
0.10258
0.10258
0.10256
0.10256
0.10256
0.10253
0.10251
0.10251
0.10251
0.10251
0.10248
0.10248
0.10248
0.10248
0.10246
0.10246
0.10246
0.10243
0.10243
0.10243
0.10241
0.10241
0.10238
0.10234
0.10229
0.10224
0.10219
0.10214
0.10211
0.10209
0.10206
0.10206
0.10211
0.10234
0.10285
0.10334
0.10349
0.10337
0.10317
0.10295
0.10278
0.10263
0.10251
0.10243
0.10236
0.10219
0.10219
0.10216
0.10216
0.10214
0.10214
0.10211
0.10211
0.10211
0.10209
0.10209
0.10209
0.10206
0.10206
0.10206
0.10204
0.10204
0.10201
0.10199
0.10199
0.10199
0.10197
0.10197
0.10194
0.10194
0.10194
0.10192
0.10192
0.10192
0.10189
0.10189
0.10187
0.10187
0.10187
0.10184
0.10184
0.10182
0.10182
0.10179
0.10179
0.10174
0.10174
0.10174
0.10172
0.10172
0.10172
0.10172
0.10169
0.10169
0.10169
0.10169
0.10169
0.10169
0.10167
0.10167
0.10167
0.10167
0.10167
0.10167
0.10167
0.10167
0.10167
0.10167
0.10167
0.10165
0.10165
0.10162
0.10162
0.1016
0.10157
0.10155
0.10155
0.10152
0.10152
0.1015
0.10147
0.10147
0.10147
0.10145
0.10145
0.1014
0.1014
0.10137
0.10137
0.10137
0.10137
0.10135
0.10135
0.10133
0.10133
0.10133
0.1013
0.1013
0.1013
0.10128
0.10128
0.10125
0.10125
0.10125
0.10123
0.10123
0.10123
0.1012
0.1012
0.1012
0.10118
0.10118
0.10115
0.10115
0.10115
0.10113
0.10113
0.10113
0.1011
0.1011
0.1011
0.1011
0.10108
0.10108
0.10105
0.10101
0.10101
0.10101
0.10101
0.10098
0.10098
0.10098
0.10096
0.10096
0.10096
0.10093
0.10093
0.10093
0.10091
0.10091
0.10091
0.10091
0.10088
0.10088
0.10086
0.10086
0.10086
0.10083
0.10083
0.10081
0.10081
0.10081
0.10081
0.10078
0.10078
0.10078
0.10076
0.10076
0.10076
0.10073
0.10073
0.10073
0.10071
0.10071
0.10071
0.10069
0.10066
0.10066
0.10066
0.10064
0.10064
0.10061
0.10059
0.10054
0.10049
0.10044
0.10039
0.10037
0.10034
0.10034
0.10032
0.10037
0.10046
0.10081
0.10133
0.10172
0.10172
0.10152
0.1013
0.1011
0.10093
0.10081
0.10071
0.10064
0.10059
0.10054
0.10051
0.10049
0.10046
0.10044
0.10044
0.10041
0.10041
0.10041
0.10039
0.10037
0.10034
0.10034
0.10034
0.10034
0.10034
0.10032
0.10032
0.10032
0.10029
0.10029
0.10029
0.10027
0.10027
0.10027
0.10027
0.10024
0.10024
0.10024
0.10022
0.10022
0.10022
0.10019
0.10019
0.10019
0.10017
0.10017
0.10017
0.10017
0.10014
0.10014
0.10014
0.10012
0.10012
0.10012
0.10012
0.10009
0.10009
0.10009
0.10009
0.10007
0.10007
0.10007
0.10007
0.10007
0.10007
0.10007
0.10007
0.10007
0.10007
0.10007
0.10007
0.10007
0.10007
0.10007
0.10005
0.10005
0.10002
0.099996
0.099996
0.099972
0.099972
0.099947
0.099947
0.099922
0.099922
0.099898
0.099898
0.099898
0.099873
0.099873
0.099873
0.099873
0.099849
0.099849
0.099849
0.099824
0.099824
0.099824
0.099799
0.099775
0.09975
0.09975
0.09975
0.099726
0.099726
0.099726
0.099701
0.099701
0.099701
0.099701
0.099676
0.099676
0.099676
0.099652
0.099652
0.099652
0.099652
0.099652
0.099627
0.099627
0.099627
0.099602
0.099602
0.099602
0.099602
0.099578
0.099578
0.099578
0.099578
0.099553
0.099553
0.099553
0.099553
0.099529
0.099529
0.099529
0.099529
0.099529
0.099504
0.099504
0.099504
0.099479
0.099479
0.099479
0.099479
0.099455
0.099455
0.099455
0.099455
0.09943
0.09943
0.09943
0.09943
0.099406
0.099406
0.099406
0.099406
0.099381
0.099381
0.099381
0.099381
0.099381
0.099356
0.099356
0.099356
0.099356
0.099332
0.099282
0.099233
0.099209
0.099159
0.09911
0.099086
0.099061
0.099061
0.099061
0.099086
0.099209
0.099504
0.10027
0.10002
0.099824
0.099676
0.099553
0.099455
0.099381
0.099332
0.099307
0.099258
0.099233
0.099209
0.099209
0.099184
0.099184
0.099159
0.099159
0.099159
0.099159
0.099135
0.099135
0.099135
0.099135
0.099135
0.09911
0.09911
0.09911
0.09911
0.09911
0.09911
0.09911
0.09911
0.09911
0.099086
0.099086
0.099086
0.099086
0.099086
0.099061
0.099061
0.099036
0.099036
0.099036
0.099012
0.099012
0.099012
0.099012
0.098987
0.098987
0.098987
0.098987
0.098987
0.098962
0.098962
0.098962
0.098962
0.098962
0.098962
0.098962
0.098962
0.098962
0.098962
0.098962
0.098962
0.098962
0.098962
0.098962
0.098962
0.098962
0.098962
0.098987
0.098987
0.098987
0.098987
0.098987
0.098987
0.098987
0.098962
0.098938
0.098938
0.098864
0.098864
0.098864
0.098839
0.098839
0.098839
0.098839
0.098815
0.098815
0.098815
0.098815
0.098815
0.09879
0.09879
0.09879
0.09879
0.09879
0.098765
0.098765
0.098765
0.098765
0.098741
0.098741
0.098716
0.098716
0.098716
0.098716
0.098692
0.098692
0.098692
0.098692
0.098667
0.098667
0.098667
0.098642
0.098642
0.098642
0.098642
0.098618
0.098618
0.098593
0.098593
0.098593
0.098569
0.098569
0.098569
0.098544
0.098544
0.098544
0.098544
0.098519
0.098519
0.098519
0.098519
0.098495
0.098495
0.098495
0.098495
0.098495
0.09847
0.09847
0.09847
0.09847
0.098445
0.098445
0.098445
0.098445
0.098445
0.098421
0.098421
0.098421
0.098421
0.098396
0.098396
0.098396
0.098372
0.098372
0.098372
0.098372
0.098347
0.098347
0.098322
0.098298
0.098249
0.098199
0.09815
0.098101
0.098076
0.098052
0.098027
0.098027
0.098052
0.098125
0.098396
0.098889
0.099356
0.099455
0.099307
0.099086
0.098864
0.098692
0.098569
0.098445
0.098372
0.098322
0.098273
0.098249
0.098224
0.098199
0.098175
0.098175
0.09815
0.09815
0.09815
0.098125
0.098125
0.098101
0.098101
0.098101
0.098101
0.098076
0.098052
0.098052
0.098052
0.098027
0.098027
0.098027
0.098027
0.098002
0.098002
0.098002
0.098002
0.097978
0.097978
0.097978
0.097978
0.097978
0.097953
0.097953
0.097953
0.097953
0.097928
0.097928
0.097928
0.097928
0.097928
0.097904
0.097904
0.097904
0.097904
0.097904
0.097879
0.097879
0.097879
0.097879
0.097879
0.097879
0.097879
0.097879
0.097879
0.097879
0.097879
0.097879
0.097879
0.097879
0.097879
0.097879
0.097879
0.097855
0.097855
0.09783
0.09783
0.097805
0.097781
0.097781
0.097756
0.097756
0.097756
0.097732
0.097732
0.097732
0.097707
0.097707
0.097707
0.097682
0.097682
0.097682
0.097682
0.097658
0.097658
0.097658
0.097658
0.097633
0.097633
0.097633
0.097608
0.097608
0.097608
0.097608
0.097584
0.097559
0.097559
0.097535
0.097535
0.097535
0.097535
0.09751
0.09751
0.09751
0.09751
0.097485
0.097485
0.097485
0.097485
0.097461
0.097461
0.097461
0.097461
0.097436
0.097436
0.097436
0.097412
0.097412
0.097412
0.097412
0.097412
0.097387
0.097387
0.097387
0.097387
0.097362
0.097362
0.097362
0.097362
0.097338
0.097338
0.097338
0.097338
0.097338
0.097313
0.097313
0.097313
0.097288
0.097288
0.097288
0.097288
0.097264
0.097264
0.097264
0.097264
0.097239
0.097239
0.097239
0.097239
0.097239
0.097215
0.097215
0.097215
0.09719
0.097141
0.097091
0.097018
0.096993
0.096944
0.096919
0.096919
0.096895
0.096895
0.096968
0.097165
0.097608
0.098125
0.098322
0.098199
0.097978
0.097756
0.097584
0.097461
0.097338
0.097264
0.097091
0.097067
0.097042
0.097018
0.097018
0.096993
0.096993
0.096993
0.096993
0.096968
0.096968
0.096968
0.096944
0.096944
0.096944
0.096944
0.096944
0.096919
0.096919
0.096895
0.096895
0.096895
0.096895
0.09687
0.09687
0.09687
0.09687
0.09687
0.096845
0.096845
0.096845
0.096845
0.096845
0.096821
0.096821
0.096821
0.096821
0.096796
0.096796
0.096796
0.096771
0.096771
0.096771
0.096747
0.096747
0.096747
0.096747
0.096722
0.096722
0.096722
0.096722
0.096722
0.096722
0.096722
0.096722
0.096722
0.096722
0.096722
0.096722
0.096722
0.096722
0.096722
0.096722
0.096722
0.096722
0.096722
0.096722
0.096698
0.096698
0.096673
0.096648
0.096648
0.096624
0.096624
0.096624
0.096599
0.096599
0.096575
0.096575
0.096575
0.09655
0.09655
0.096525
0.096525
0.096525
0.096525
0.096501
0.096501
0.096501
0.096501
0.096501
0.096476
0.096476
0.096476
0.096451
0.096451
0.096451
0.096451
0.096427
0.096427
0.096427
0.096427
0.096402
0.096402
0.096402
0.096402
0.096402
0.096378
0.096378
0.096378
0.096378
0.096378
0.096353
0.096353
0.096353
0.096353
0.096328
0.096328
0.096328
0.096328
0.096304
0.096304
0.096304
0.096304
0.096304
0.096304
0.096304
0.096279
0.096279
0.096279
0.096279
0.096279
0.096279
0.096279
0.096279
0.096279
0.096279
0.096279
0.096254
0.096254
0.096254
0.096279
0.096279
0.096279
0.096279
0.096279
0.096279
0.096279
0.096279
0.096279
0.096254
0.096254
0.096279
0.096279
0.096254
0.096254
0.09623
0.096205
0.096156
0.096107
0.095984
0.095984
0.095984
0.096082
0.096254
0.096698
0.097239
0.097461
0.097362
0.097141
0.096919
0.096747
0.096599
0.096476
0.096402
0.096353
0.096304
0.096279
0.096254
0.09623
0.096205
0.096205
0.096205
0.096181
0.096181
0.096181
0.096156
0.096156
0.096156
0.096156
0.096156
0.096156
0.096156
0.096156
0.096156
0.096131
0.096131
0.096131
0.096131
0.096131
0.096131
0.096107
0.096107
0.096107
0.096107
0.096107
0.096107
0.096082
0.096082
0.096082
0.096082
0.096082
0.096082
0.096058
0.096058
0.096058
0.096058
0.096058
0.096058
0.096033
0.096033
0.096033
0.096033
0.096033
0.096033
0.096033
0.096033
0.096033
0.096033
0.096033
0.096033
0.096033
0.096033
0.096033
0.096033
0.096033
0.096058
0.096058
0.096058
0.096058
0.096058
0.096033
0.096033
0.096033
0.096008
0.096008
0.095984
0.095984
0.095959
0.095959
0.095959
0.095934
0.095934
0.095934
0.095934
0.095934
0.09591
0.09591
0.09591
0.09591
0.09591
0.09591
0.095885
0.095885
0.095885
0.095885
0.095885
0.095885
0.095861
0.095861
0.095861
0.095861
0.095861
0.095836
0.095836
0.095836
0.095836
0.095811
0.095811
0.095811
0.095787
0.095787
0.095787
0.095787
0.095762
0.095762
0.095762
0.095738
0.095738
0.095738
0.095738
0.095738
0.095738
0.095713
0.095713
0.095713
0.095713
0.095713
0.095713
0.095688
0.095688
0.095688
0.095688
0.095688
0.095688
0.095688
0.095664
0.095664
0.095664
0.095664
0.095664
0.095639
0.095639
0.095639
0.095639
0.095614
0.095614
0.095614
0.095614
0.095614
0.09559
0.09559
0.09559
0.09559
0.09559
0.09559
0.09559
0.09559
0.09559
0.095565
0.095565
0.095565
0.095565
0.095565
0.095565
0.095565
0.095541
0.095541
0.095541
0.095541
0.095541
0.095541
0.095516
0.095516
0.095516
0.095516
0.095516
0.095516
0.095516
0.095516
0.095516
0.095516
0.095516
0.095491
0.095491
0.095491
0.095491
0.095491
0.095467
0.095467
0.095368
0.095319
0.09527
0.095245
0.095196
0.095196
0.095171
0.095147
0.095171
0.09527
0.09559
0.096156
0.09655
0.09655
0.096378
0.096156
0.095959
0.095811
0.095688
0.09559
0.095516
0.095467
0.095417
0.095393
0.095368
0.095344
0.095319
0.095319
0.095319
0.095319
0.095294
0.095294
0.095294
0.095294
0.095294
0.095294
0.095294
0.095294
0.095294
0.095294
0.095294
0.095294
0.095294
0.095294
0.095294
0.095294
0.095294
0.095294
0.095294
0.09527
0.09527
0.09527
0.09527
0.09527
0.09527
0.09527
0.09527
0.095245
0.095245
0.095245
0.095245
0.095245
0.095245
0.095221
0.095221
0.095221
0.095221
0.095221
0.095221
0.095221
0.095221
0.095221
0.095221
0.095221
0.095221
0.095221
0.095221
0.095221
0.095245
0.095245
0.09527
0.09527
0.09527
0.09527
0.09527
0.095245
0.095245
0.095245
0.095221
0.095196
0.095196
0.095171
0.095171
0.095171
0.095147
0.095147
0.095147
0.095147
0.095122
0.095122
0.095122
0.095122
0.095122
0.095097
0.095097
0.095097
0.095097
0.095097
0.095097
0.095097
0.095073
0.095073
0.095073
0.095073
0.095073
0.095073
0.095073
0.095048
0.095048
0.095048
0.095024
0.095024
0.095024
0.094999
0.094999
0.094999
0.094999
0.094974
0.094974
0.094974
0.094974
0.094974
0.094974
0.094974
0.094974
0.094974
0.09495
0.09495
0.09495
0.09495
0.09495
0.09495
0.09495
0.09495
0.09495
0.094925
0.094925
0.094925
0.094925
0.094925
0.094925
0.094925
0.094925
0.094901
0.094901
0.094901
0.094901
0.094876
0.094876
0.094876
0.094851
0.094851
0.094851
0.094851
0.094851
0.094851
0.094851
0.094827
0.094827
0.094827
0.094827
0.094827
0.094802
0.094802
0.094777
0.094728
0.094679
0.09463
0.09458
0.094556
0.094531
0.094531
0.094531
0.094556
0.09463
0.094876
0.095344
0.095836
0.095959
0.095811
0.09559
0.095393
0.095221
0.095073
0.094974
0.094901
0.094851
0.094802
0.094777
0.094753
0.094679
0.094679
0.094679
0.094679
0.094654
0.094654
0.094654
0.09463
0.09463
0.09463
0.09463
0.09463
0.09463
0.09463
0.09463
0.094605
0.094605
0.094605
0.094605
0.094605
0.094605
0.09458
0.09458
0.09458
0.09458
0.09458
0.094556
0.094556
0.094556
0.094556
0.094556
0.094556
0.094556
0.094556
0.094531
0.094531
0.094531
0.094531
0.094531
0.094507
0.094507
0.094482
0.094482
0.094482
0.094482
0.094482
0.094482
0.094482
0.094482
0.094507
0.094482
0.094507
0.094507
0.094507
0.094507
0.094507
0.094531
0.094531
0.094531
0.094531
0.094531
0.094507
0.094507
0.094507
0.094482
0.094482
0.094457
0.094457
0.094433
0.094433
0.094408
0.094408
0.094408
0.094408
0.094408
0.094408
0.094408
0.094384
0.094384
0.094384
