2018
8
9
9
52
23.304
0.079367
0.079367
0.079367
0.079367
0.079367
0.079342
0.079342
0.079342
0.079342
0.079342
0.079318
0.079318
0.079318
0.079318
0.079318
0.079318
0.079318
0.079318
0.079293
0.079318
0.079318
0.079318
0.079318
0.079318
0.079318
0.079318
0.079318
0.079318
0.079318
0.079342
0.079342
0.079342
0.079367
0.079367
0.079367
0.079391
0.079391
0.079391
0.079391
0.079391
0.079391
0.079391
0.079391
0.079391
0.079391
0.079391
0.079391
0.079391
0.079367
0.079367
0.079367
0.079367
0.079367
0.079367
0.079367
0.079367
0.079367
0.079367
0.079367
0.079367
0.079367
0.079367
0.079367
0.079367
0.079367
0.079367
0.079367
0.079367
0.079367
0.079342
0.079342
0.079342
0.079342
0.079342
0.079342
0.079342
0.079342
0.079342
0.079342
0.079342
0.079342
0.079342
0.079342
0.079318
0.079318
0.079318
0.079318
0.079318
0.079318
0.079318
0.079318
0.079318
0.079318
0.079293
0.079293
0.079293
0.079293
0.079293
0.079293
0.079293
0.079293
0.079293
0.079293
0.079268
0.079268
0.079268
0.079268
0.079268
0.079268
0.079268
0.079268
0.079268
0.079268
0.079244
0.079244
0.079244
0.079244
0.079244
0.079244
0.079244
0.079219
0.079219
0.079219
0.079219
0.079219
0.079219
0.079219
0.079219
0.079195
0.079195
0.079195
0.079195
0.079195
0.079195
0.079195
0.079195
0.079195
0.079195
0.07917
0.07917
0.07917
0.07917
0.07917
0.07917
0.07917
0.07917
0.079145
0.079145
0.079145
0.079145
0.079145
0.079145
0.079145
0.079145
0.079145
0.079145
0.079145
0.079145
0.079121
0.079121
0.079293
0.079539
0.079835
0.080081
0.080327
0.080524
0.080622
0.080524
0.080278
0.080007
0.079761
0.079564
0.079367
0.079244
0.079195
0.079145
0.079121
0.079096
0.079071
0.079071
0.079047
0.079047
0.079022
0.079022
0.079022
0.079022
0.078998
0.078998
0.078998
0.078998
0.078998
0.078998
0.078998
0.078973
0.078973
0.078973
0.078973
0.078973
0.078973
0.078973
0.078973
0.078973
0.078973
0.078973
0.078948
0.078948
0.078948
0.078948
0.078948
0.078948
0.078948
0.078948
0.078948
0.078924
0.078924
0.078924
0.078924
0.078924
0.078924
0.078924
0.078899
0.078899
0.078899
0.078899
0.078899
0.078899
0.078899
0.078899
0.078875
0.078875
0.078899
0.078875
0.078875
0.078899
0.078899
0.078899
0.078899
0.078899
0.078899
0.078899
0.078924
0.078924
0.078948
0.078948
0.078973
0.078973
0.078973
0.078973
0.078973
0.078998
0.078998
0.078998
0.078973
0.078973
0.078973
0.078973
0.078973
0.078973
0.078973
0.078973
0.078973
0.078973
0.078973
0.078973
0.078973
0.078973
0.078973
0.078973
0.078973
0.078948
0.078973
0.078973
0.078973
0.078973
0.078948
0.078948
0.078948
0.078948
0.078948
0.078948
0.078948
0.078948
0.078948
0.078948
0.078948
0.078948
0.078948
0.078948
0.078948
0.078948
0.078948
0.078924
0.078924
0.078924
0.078924
0.078924
0.078924
0.078924
0.078924
0.078924
0.078924
0.078924
0.078924
0.078924
0.078924
0.078924
0.078924
0.078899
0.078899
0.078899
0.078899
0.078899
0.078899
0.078899
0.078899
0.078899
0.078899
0.078899
0.078899
0.078899
0.078875
0.078875
0.078875
0.078875
0.078875
0.078875
0.07885
0.07885
0.07885
0.07885
0.07885
0.07885
0.07885
0.07885
0.07885
0.07885
0.07885
0.07885
0.07885
0.07885
0.078825
0.078825
0.078825
0.078825
0.078825
0.078825
0.078825
0.078825
0.078825
0.078825
0.078825
0.078825
0.078801
0.078801
0.078801
0.078801
0.078801
0.078801
0.078801
0.078801
0.078801
0.078801
0.078776
0.078776
0.078776
0.078776
0.078751
0.078751
0.078751
0.078801
0.078924
0.079145
0.079441
0.079712
0.079958
0.080179
0.080278
0.080228
0.079982
0.079712
0.079441
0.079244
0.079047
0.078899
0.078825
0.078801
0.078751
0.078727
0.078727
0.078702
0.078702
0.078678
0.078678
0.078653
0.078653
0.078653
0.078653
0.078653
0.078628
0.078628
0.078628
0.078628
0.078628
0.078628
0.078628
0.078628
0.078604
0.078604
0.078604
0.078604
0.078604
0.078604
0.078604
0.078604
0.078604
0.078604
0.078579
0.078579
0.078579
0.078579
0.078579
0.078579
0.078554
0.078554
0.078554
0.078554
0.078554
0.078554
0.07853
0.07853
0.07853
0.07853
0.07853
0.07853
0.07853
0.07853
0.07853
0.078505
0.078505
0.078505
0.078505
0.078505
0.07853
0.07853
0.07853
0.07853
0.07853
0.07853
0.078554
0.078554
0.078554
0.078579
0.078579
0.078579
0.078604
0.078604
0.078604
0.078604
0.078604
0.078604
0.078604
0.078604
0.078604
0.078604
0.078604
0.078604
0.078604
0.078604
0.078604
0.078579
0.078579
0.078579
0.078579
0.078579
0.078579
0.078579
0.078579
0.078579
0.078579
0.078579
0.078579
0.078554
0.078554
0.078554
0.078554
0.078554
0.078554
0.078554
0.078554
0.078554
0.078554
0.078554
0.078554
0.078554
0.078554
0.078554
0.078554
0.078554
0.078554
0.078554
0.078554
0.078554
0.078554
0.07853
0.07853
0.07853
0.07853
0.07853
0.07853
0.07853
0.07853
0.07853
0.07853
0.07853
0.07853
0.07853
0.07853
0.07853
0.07853
0.078505
0.078505
0.078505
0.078505
0.078505
0.078505
0.078505
0.078505
0.078505
0.078505
0.078505
0.078505
0.078505
0.078505
0.078481
0.078481
0.078481
0.078481
0.078481
0.078481
0.078481
0.078481
0.078481
0.078481
0.078481
0.078481
0.078481
0.078481
0.078481
0.078481
0.078456
0.078456
0.078456
0.078456
0.078456
0.078456
0.078456
0.078456
0.078456
0.078456
0.078456
0.078431
0.078431
0.078431
0.078431
0.078431
0.078431
0.078431
0.078431
0.078431
0.078407
0.078407
0.078407
0.078407
0.078407
0.078407
0.078407
0.078407
0.078407
0.078382
0.078358
0.078407
0.078456
0.078604
0.07885
0.079121
0.079391
0.079613
0.07981
0.079884
0.079761
0.079515
0.079219
0.078998
0.078801
0.078628
0.078505
0.078456
0.078407
0.078382
0.078358
0.078308
0.078308
0.078308
0.078308
0.078284
0.078284
0.078284
0.078284
0.078259
0.078259
0.078259
0.078259
0.078259
0.078259
0.078259
0.078259
0.078259
0.078259
0.078259
0.078259
0.078259
0.078234
0.078234
0.078234
0.078234
0.078234
0.078234
0.078234
0.07821
0.07821
0.07821
0.07821
0.07821
0.07821
0.07821
0.078185
0.078185
0.078185
0.078185
0.078185
0.078161
0.078161
0.078161
0.078161
0.078161
0.078161
0.078136
0.078136
0.078136
0.078136
0.078136
0.078136
0.078136
0.078136
0.078161
0.078161
0.078161
0.078161
0.078161
0.078161
0.078161
0.078185
0.078185
0.078185
0.078185
0.07821
0.07821
0.078234
0.078234
0.078234
0.078234
0.078234
0.078234
0.078234
0.078234
0.078234
0.078234
0.078234
0.07821
0.07821
0.07821
0.07821
0.07821
0.07821
0.07821
0.07821
0.07821
0.07821
0.07821
0.07821
0.078185
0.07821
0.078185
0.078185
0.078185
0.078185
0.078185
0.078185
0.078185
0.078185
0.078185
0.078185
0.078185
0.078185
0.078185
0.078185
0.078185
0.078185
0.078185
0.078185
0.078185
0.078185
0.078185
0.078185
0.078185
0.078185
0.078161
0.078161
0.078161
0.078161
0.078161
0.078161
0.078161
0.078161
0.078161
0.078161
0.078161
0.078136
0.078136
0.078136
0.078136
0.078136
0.078136
0.078136
0.078136
0.078136
0.078136
0.078136
0.078136
0.078136
0.078136
0.078111
0.078111
0.078111
0.078111
0.078111
0.078111
0.078111
0.078111
0.078111
0.078111
0.078111
0.078111
0.078111
0.078111
0.078111
0.078111
0.078111
0.078111
0.078111
0.078111
0.078111
0.078111
0.078111
0.078111
0.078111
0.078087
0.078087
0.078087
0.078087
0.078087
0.078087
0.078087
0.078087
0.078087
0.078087
0.078087
0.078087
0.078087
0.078087
0.078087
0.078062
0.078062
0.078062
0.078062
0.078038
0.078038
0.078087
0.078185
0.078358
0.078628
0.078899
0.079145
0.079367
0.079515
0.079515
0.079342
0.079047
0.078776
0.078579
0.078087
0.078062
0.078038
0.078038
0.078013
0.078013
0.077988
0.077988
0.077964
0.077964
0.077964
0.077964
0.077964
0.077939
0.077939
0.077939
0.077939
0.077939
0.077939
0.077939
0.077939
0.077939
0.077939
0.077939
0.077914
0.077914
0.077914
0.077914
0.077914
0.077914
0.077914
0.077914
0.077914
0.07789
0.07789
0.07789
0.07789
0.07789
0.07789
0.07789
0.077865
0.077865
0.077865
0.077865
0.077841
0.077841
0.077841
0.077841
0.077841
0.077841
0.077841
0.077841
0.077841
0.077841
0.077841
0.077841
0.077841
0.077841
0.077841
0.077841
0.077841
0.077841
0.077865
0.077865
0.077865
0.077865
0.07789
0.07789
0.07789
0.077914
0.077914
0.077914
0.077939
0.077939
0.077939
0.077939
0.077939
0.077939
0.077939
0.077939
0.077939
0.077939
0.077914
0.077914
0.077914
0.077914
0.077914
0.077914
0.077914
0.077914
0.077914
0.077914
0.077914
0.077914
0.077914
0.077914
0.07789
0.077914
0.07789
0.07789
0.077914
0.07789
0.07789
0.07789
0.07789
0.07789
0.07789
0.07789
0.07789
0.07789
0.07789
0.07789
0.07789
0.07789
0.07789
0.07789
0.07789
0.07789
0.07789
0.07789
0.07789
0.07789
0.07789
0.07789
0.07789
0.07789
0.07789
0.07789
0.07789
0.07789
0.07789
0.07789
0.07789
0.07789
0.07789
0.077865
0.077865
0.077865
0.077865
0.077865
0.077865
0.077865
0.077865
0.077865
0.077865
0.077865
0.077865
0.077865
0.077865
0.077865
0.077865
0.077865
0.077865
0.077865
0.077865
0.077865
0.077865
0.077841
0.077841
0.077841
0.077841
0.077841
0.077841
0.077841
0.077841
0.077816
0.077816
0.077816
0.077816
0.077816
0.077816
0.077816
0.077816
0.077816
0.077816
0.077816
0.077816
0.077816
0.077791
0.077816
0.077816
0.077791
0.077791
0.077791
0.077791
0.077791
0.077791
0.077791
0.077767
0.077767
0.077791
0.077865
0.078013
0.078284
0.078579
0.078825
0.079071
0.079244
0.079293
0.07917
0.078185
0.077988
0.07789
0.077841
0.077791
0.077767
0.077767
0.077742
0.077742
0.077717
0.077717
0.077717
0.077693
0.077693
0.077693
0.077693
0.077693
0.077693
0.077668
0.077668
0.077668
0.077668
0.077668
0.077668
0.077668
0.077668
0.077668
0.077668
0.077668
0.077668
0.077668
0.077644
0.077644
0.077644
0.077644
0.077644
0.077644
0.077644
0.077644
0.077619
0.077619
0.077619
0.077619
0.077619
0.077594
0.077594
0.077594
0.077594
0.077594
0.077594
0.077594
0.07757
0.07757
0.07757
0.07757
0.07757
0.07757
0.07757
0.07757
0.077545
0.077545
0.077545
0.07757
0.07757
0.07757
0.07757
0.07757
0.07757
0.07757
0.07757
0.07757
0.077594
0.077594
0.077594
0.077619
0.077619
0.077619
0.077644
0.077644
0.077644
0.077644
0.077644
0.077644
0.077644
0.077644
0.077644
0.077619
0.077619
0.077619
0.077619
0.077619
0.077619
0.077619
0.077619
0.077619
0.077619
0.077619
0.077619
0.077619
0.077619
0.077619
0.077619
0.077619
0.077619
0.077619
0.077619
0.077619
0.077594
0.077594
0.077594
0.077594
0.077594
0.077594
0.077594
0.077594
0.077594
0.077594
0.077594
0.077594
0.077594
0.077594
0.077594
0.077594
0.077594
0.077594
0.07757
0.07757
0.07757
0.07757
0.07757
0.07757
0.07757
0.07757
0.07757
0.07757
0.07757
0.07757
0.07757
0.07757
0.07757
0.07757
0.07757
0.07757
0.07757
0.07757
0.07757
0.07757
0.07757
0.07757
0.07757
0.07757
0.07757
0.07757
0.07757
0.07757
0.07757
0.07757
0.077545
0.077545
0.077545
0.077545
0.077545
0.077545
0.077545
0.077545
0.077545
0.077545
0.077545
0.077545
0.077545
0.077545
0.077545
0.077545
0.077545
0.077545
0.077545
0.077545
0.077545
0.077545
0.077545
0.077545
0.077545
0.077545
0.077545
0.077545
0.077521
0.077521
0.077521
0.077521
0.077521
0.077521
0.077521
0.077521
0.077521
0.077521
0.077521
0.077521
0.077545
0.077521
0.077496
0.077767
0.078013
0.078308
0.078554
0.078776
0.078924
0.078948
0.078801
0.07853
0.078259
0.078062
0.077865
0.077717
0.077619
0.07757
0.077545
0.077521
0.077496
0.077496
0.077471
0.077471
0.077447
0.077447
0.077447
0.077422
0.077422
0.077422
0.077422
0.077422
0.077422
0.077397
0.077397
0.077397
0.077397
0.077397
0.077397
0.077397
0.077397
0.077397
0.077397
0.077397
0.077397
0.077397
0.077397
0.077373
0.077373
0.077373
0.077373
0.077373
0.077373
0.077348
0.077348
0.077348
0.077348
0.077348
0.077348
0.077348
0.077348
0.077348
0.077324
0.077324
0.077324
0.077324
0.077324
0.077324
0.077324
0.077324
0.077324
0.077324
0.077324
0.077324
0.077324
0.077324
0.077324
0.077324
0.077324
0.077324
0.077324
0.077324
0.077324
0.077348
0.077373
0.077373
0.077373
0.077397
0.077397
0.077397
0.077422
0.077422
0.077422
0.077422
0.077422
0.077422
0.077422
0.077422
0.077397
0.077397
0.077397
0.077397
0.077397
0.077397
0.077397
0.077397
0.077397
0.077397
0.077397
0.077397
0.077397
0.077397
0.077397
0.077397
0.077397
0.077397
0.077397
0.077373
0.077373
0.077373
0.077373
0.077373
0.077373
0.077373
0.077373
0.077373
0.077373
0.077373
0.077373
0.077373
0.077373
0.077373
0.077373
0.077373
0.077373
0.077373
0.077373
0.077373
0.077373
0.077373
0.077373
0.077373
0.077373
0.077348
0.077348
0.077348
0.077348
0.077348
0.077348
0.077348
0.077348
0.077348
0.077348
0.077348
0.077348
0.077348
0.077348
0.077348
0.077324
0.077324
0.077324
0.077324
0.077324
0.077324
0.077324
0.077324
0.077324
0.077324
0.077324
0.077324
0.077324
0.077324
0.077324
0.077324
0.077324
0.077324
0.077324
0.077324
0.077324
0.077299
0.077299
0.077299
0.077299
0.077299
0.077299
0.077299
0.077299
0.077299
0.077299
0.077299
0.077299
0.077299
0.077299
0.077274
0.077274
0.077274
0.077274
0.077274
0.077274
0.077274
0.077274
0.077274
0.077274
0.07725
0.07725
0.077299
0.077397
0.077594
0.07789
0.078161
0.078431
0.078653
0.078776
0.078751
0.07853
0.078234
0.077988
0.077767
0.07757
0.077422
0.077348
0.077299
0.077274
0.07725
0.077225
0.077225
0.077201
0.077201
0.077176
0.077176
0.077176
0.077151
0.077151
0.077151
0.077151
0.077151
0.077151
0.077127
0.077127
0.077127
0.077127
0.077127
0.077127
0.077102
0.077102
0.077102
0.077102
0.077102
0.077102
0.077102
0.077102
0.077077
0.077077
0.077077
0.077077
0.077077
0.077077
0.077077
0.077077
0.077077
0.077077
0.077077
0.077077
0.077053
0.077053
0.077053
0.077053
0.077053
0.077053
0.077053
0.077028
0.077028
0.077028
0.077028
0.077028
0.077028
0.077028
0.077028
0.077028
0.077028
0.077028
0.077028
0.077028
0.077053
0.077053
0.077053
0.077077
0.077077
0.077077
0.077102
0.077102
0.077102
0.077127
0.077127
0.077127
0.077127
0.077127
0.077127
0.077127
0.077127
0.077127
0.077127
0.077127
0.077102
0.077102
0.077102
0.077102
0.077102
0.077102
0.077102
0.077102
0.077102
0.077102
0.077102
0.077102
0.077102
0.077102
0.077102
0.077102
0.077102
0.077102
0.077102
0.077102
0.077102
0.077102
0.077102
0.077102
0.077102
0.077102
0.077102
0.077102
0.077102
0.077102
0.077102
0.077102
0.077102
0.077102
0.077102
0.077102
0.077102
0.077102
0.077102
0.077102
0.077077
0.077102
0.077102
0.077077
0.077077
0.077077
0.077077
0.077077
0.077077
0.077077
0.077077
0.077077
0.077077
0.077077
0.077077
0.077077
0.077077
0.077077
0.077077
0.077077
0.077053
0.077053
0.077053
0.077053
0.077053
0.077053
0.077053
0.077053
0.077053
0.077053
0.077053
0.077053
0.077053
0.077053
0.077053
0.077053
0.077053
0.077053
0.077053
0.077053
0.077053
0.077053
0.077053
0.077053
0.077053
0.077053
0.077053
0.077053
0.077053
0.077028
0.077028
0.077028
0.077028
0.077028
0.077028
0.077028
0.077028
0.077028
0.077028
0.077028
0.077028
0.077004
0.076979
0.077028
0.077077
0.077201
0.077447
0.077717
0.077988
0.078234
0.078407
0.078481
0.078382
0.078136
0.077841
0.077619
0.077422
0.07725
0.077127
0.077077
0.077028
0.077004
0.076979
0.076979
0.076954
0.076954
0.07693
0.07693
0.07693
0.076905
0.076905
0.076905
0.076905
0.076905
0.076905
0.076905
0.076881
0.076881
0.076881
0.076881
0.076881
0.076881
0.076881
0.076881
0.076856
0.076856
0.076856
0.076856
0.076856
0.076856
0.076856
0.076856
0.076856
0.076831
0.076831
0.076831
0.076831
0.076831
0.076831
0.076831
0.076831
0.076807
0.076807
0.076807
0.076807
0.076807
0.076807
0.076807
0.076807
0.076782
0.076782
0.076782
0.076782
0.076782
0.076782
0.076782
0.076782
0.076782
0.076782
0.076782
0.076807
0.076807
0.076807
0.076807
0.076807
0.076831
0.076831
0.076831
0.076856
0.076856
0.076856
0.076881
0.076881
0.076881
0.076881
0.076881
0.076881
0.076881
0.076881
0.076881
0.076856
0.076856
0.076856
0.076856
0.076856
0.076856
0.076856
0.076856
0.076856
0.076856
0.076856
0.076856
0.076856
0.076856
0.076856
0.076856
0.076856
0.076856
0.076856
0.076856
0.076856
0.076856
0.076856
0.076856
0.076856
0.076856
0.076856
0.076856
0.076856
0.076856
0.076856
0.076856
0.076831
0.076856
0.076856
0.076831
0.076831
0.076831
0.076831
0.076831
0.076831
0.076831
0.076831
0.076831
0.076831
0.076831
0.076831
0.076831
0.076831
0.076831
0.076831
0.076831
0.076831
0.076831
0.076831
0.076831
0.076807
0.076807
0.076807
0.076807
0.076807
0.076807
0.076807
0.076807
0.076807
0.076807
0.076807
0.076807
0.076807
0.076807
0.076807
0.076807
0.076807
0.076807
0.076807
0.076782
0.076782
0.076782
0.076782
0.076782
0.076782
0.076782
0.076782
0.076782
0.076782
0.076782
0.076782
0.076782
0.076782
0.076782
0.076782
0.076782
0.076782
0.076782
0.076782
0.076782
0.076782
0.076782
0.076782
0.076782
0.076757
0.076757
0.076757
0.076757
0.076757
0.076757
0.076757
0.076757
0.076757
0.076757
0.076757
0.076757
0.076757
0.076757
0.076757
0.076757
0.076757
0.076757
0.076757
0.076733
0.076733
0.076733
0.076733
0.076733
0.076733
0.076733
0.076733
0.076733
0.076733
0.076733
0.076733
0.076733
0.076733
0.076733
0.076733
0.076733
0.076733
0.076733
0.076733
0.076733
0.076733
0.076708
0.076733
0.076708
0.076708
0.076708
0.076708
0.076708
0.076708
0.076708
0.076708
0.076708
0.076708
0.076708
0.076708
0.076684
0.076684
0.076684
0.076757
0.076881
0.077102
0.077373
0.077644
0.07789
0.078087
0.078161
0.078087
0.077841
0.07757
0.077348
0.077151
0.076954
0.076856
0.076782
0.076757
0.076708
0.076708
0.076684
0.076659
0.076659
0.07661
0.07661
0.07661
0.07661
0.07661
0.07661
0.07661
0.07661
0.07661
0.076585
0.076585
0.076585
0.076585
0.076585
0.076585
0.076585
0.076585
0.076585
0.076585
0.076585
0.07656
0.07656
0.07656
0.07656
0.07656
0.07656
0.07656
0.07656
0.07656
0.07656
0.07656
0.076536
0.076536
0.076536
0.076536
0.076536
0.076536
0.076536
0.076536
0.076536
0.076511
0.076511
0.076511
0.076511
0.076511
0.076511
0.076511
0.076487
0.076487
0.076511
0.076511
0.076511
0.076511
0.076511
0.076511
0.076511
0.076536
0.076536
0.076536
0.076536
0.07656
0.07656
0.07656
0.076585
0.076585
0.076585
0.07661
0.07661
0.07661
0.07661
0.07661
0.07661
0.07661
0.07661
0.07661
0.07661
0.076585
0.076585
0.076585
0.076585
0.076585
0.076585
0.076585
0.076585
0.076585
0.076585
0.076585
0.076585
0.076585
0.076585
0.076585
0.076585
0.076585
0.076585
0.07656
0.07656
0.07656
0.07656
0.07656
0.07656
0.07656
0.07656
0.07656
0.07656
0.07656
0.07656
0.07656
0.07656
0.07656
0.07656
0.07656
0.07656
0.07656
0.07656
0.07656
0.07656
0.07656
0.07656
0.07656
0.076536
0.076536
0.076536
0.076536
0.076536
0.076536
0.076536
0.076536
0.076536
0.076536
0.076536
0.076536
0.076536
0.076536
0.076536
0.076536
0.076536
0.076536
0.076536
0.076536
0.076511
0.076511
0.076511
0.076511
0.076511
0.076511
0.076511
0.076511
0.076511
0.076511
0.076511
0.076511
0.076511
0.076511
0.076511
0.076511
0.076511
0.076511
0.076511
0.076511
0.076511
0.076487
0.076487
0.076487
0.076487
0.076487
0.076487
0.076487
0.076487
0.076487
0.076487
0.076487
0.076487
0.076487
0.076487
0.076487
0.076487
0.076487
0.076487
0.076487
0.076487
0.076487
0.076487
0.076487
0.076487
0.076487
0.076462
0.076462
0.076462
0.076462
0.076462
0.076462
0.076462
0.076462
0.076462
0.076462
0.076462
0.076462
0.076437
0.076437
0.076437
0.076437
0.076437
0.076437
0.076437
0.076437
0.076437
0.076437
0.076437
0.076437
0.076413
0.076388
0.076413
0.076462
0.07656
0.076757
0.077028
0.077324
0.07757
0.077791
0.077914
0.077914
0.077693
0.077422
0.077151
0.07693
0.076733
0.07661
0.076511
0.076487
0.076437
0.076413
0.076388
0.076388
0.076388
0.076364
0.076364
0.076339
0.076339
0.076339
0.076339
0.076314
0.076314
0.076314
0.076314
0.076314
0.076314
0.076314
0.076314
0.076314
0.076314
0.07629
0.07629
0.07629
0.07629
0.07629
0.07629
0.07629
0.07629
0.07629
0.07629
0.07629
0.07629
0.07629
0.076265
0.076265
0.076265
0.076265
0.076265
0.076265
0.07624
0.07624
0.07624
0.07624
0.07624
0.07624
0.07624
0.07624
0.076216
0.076216
0.076216
0.076216
0.076216
0.076216
0.076216
0.076216
0.076216
0.076216
0.076216
0.07624
0.07624
0.07624
0.07624
0.07624
0.076265
0.076265
0.076265
0.07629
0.07629
0.076314
0.076314
0.076314
0.076314
0.076314
0.076314
0.076339
0.076339
0.076339
0.076314
0.076314
0.076314
0.076314
0.076314
0.076314
0.076314
0.076314
0.076314
0.076314
0.076314
0.07629
0.07629
0.07629
0.07629
0.07629
0.07629
0.07629
0.07629
0.07629
0.07629
0.07629
0.07629
0.07629
0.07629
0.07629
0.07629
0.07629
0.07629
0.07629
0.07629
0.07629
0.07629
0.07629
0.07629
0.07629
0.07629
0.07629
0.07629
0.07629
0.076265
0.076265
0.076265
0.076265
0.076265
0.076265
0.076265
0.076265
0.076265
0.076265
0.076265
0.076265
0.076265
0.076265
0.076265
0.076265
0.076265
0.076265
0.076265
0.076265
0.07624
0.07624
0.07624
0.07624
0.07624
0.07624
0.07624
0.07624
0.07624
0.07624
0.07624
0.076216
0.076216
0.076216
0.076216
0.076216
0.076216
0.07624
0.07624
0.076216
0.07624
0.07624
0.07624
0.07624
0.07624
0.07624
0.076216
0.076216
0.07624
0.07624
0.07624
0.076216
0.076216
0.076216
0.076216
0.076216
0.076216
0.076216
0.076216
0.076216
0.076216
0.076216
0.076191
0.076191
0.076191
0.076191
0.076191
0.076191
0.076191
0.076191
0.076191
0.076191
0.076191
0.076191
0.076191
0.076191
0.076167
0.076142
0.076167
0.076191
0.07629
0.076462
0.076733
0.077028
0.077274
0.077496
0.077619
0.077619
0.077422
0.077151
0.076881
0.076684
0.076487
0.076191
0.076167
0.076167
0.076142
0.076117
0.076117
0.076117
0.076093
0.076093
0.076093
0.076093
0.076093
0.076068
0.076068
0.076068
0.076068
0.076068
0.076068
0.076068
0.076068
0.076044
0.076044
0.076044
0.076044
0.076044
0.076044
0.076044
0.076044
0.076044
0.076044
0.076044
0.076044
0.076044
0.076019
0.076019
0.076019
0.076019
0.076019
0.076019
0.075994
0.075994
0.075994
0.075994
0.07597
0.07597
0.07597
0.07597
0.07597
0.07597
0.07597
0.07597
0.07597
0.075945
0.075945
0.075945
0.075945
0.075945
0.075945
0.075945
0.075945
0.07597
0.07597
0.07597
0.07597
0.07597
0.07597
0.075994
0.075994
0.075994
0.076019
0.076019
0.076044
0.076044
0.076044
0.076044
0.076044
0.076068
0.076068
0.076068
0.076044
0.076044
0.076044
0.076019
0.076019
0.076019
0.076019
0.076019
0.076019
0.076019
0.076019
0.076019
0.076019
0.076019
0.076019
0.076019
0.076019
0.076019
0.076019
0.076019
0.076019
0.076019
0.076019
0.076019
0.076019
0.076019
0.076019
0.076019
0.076019
0.076019
0.076019
0.076019
0.076019
0.076019
0.076019
0.076019
0.076019
0.076019
0.076019
0.076019
0.076019
0.076019
0.076019
0.076019
0.076019
0.076019
0.076019
0.075994
0.075994
0.076019
0.075994
0.075994
0.075994
0.075994
0.075994
0.075994
0.075994
0.075994
0.075994
0.075994
0.075994
0.075994
0.075994
0.075994
0.075994
0.075994
0.07597
0.07597
0.07597
0.07597
0.07597
0.07597
0.07597
0.075994
0.075994
0.075994
0.075994
0.075994
0.075994
0.075994
0.07597
0.07597
0.07597
0.07597
0.07597
0.07597
0.07597
0.07597
0.07597
0.07597
0.07597
0.07597
0.07597
0.07597
0.07597
0.075945
0.075945
0.075945
0.075945
0.075945
0.075945
0.075945
0.075945
0.075945
0.075945
0.075945
0.075945
0.075945
0.075945
0.07592
0.07592
0.075945
0.076044
0.076216
0.076462
0.076757
0.077004
0.07725
0.077397
0.077397
0.077225
