2018
8
9
9
51
58.838
0.051648
0.051746
0.051771
0.051697
0.051648
0.051672
0.051746
0.051795
0.051721
0.051672
0.051672
0.051771
0.051795
0.051746
0.051672
0.051697
0.051771
0.051795
0.051746
0.051697
0.051697
0.051771
0.05182
0.051771
0.051697
0.051721
0.051795
0.051844
0.051771
0.051721
0.051721
0.051795
0.051844
0.051795
0.051721
0.051721
0.05182
0.051844
0.051795
0.051721
0.051795
0.051721
0.051746
0.05182
0.051844
0.051795
0.051746
0.051746
0.05182
0.051869
0.05182
0.051746
0.051771
0.051844
0.051869
0.05182
0.051746
0.051771
0.051844
0.051869
0.05182
0.051746
0.051771
0.051844
0.051894
0.051844
0.051771
0.051771
0.051844
0.051894
0.051869
0.051795
0.051795
0.051869
0.051918
0.051869
0.05182
0.05182
0.051894
0.051918
0.051894
0.051943
0.051968
0.052017
0.052189
0.052509
0.05278
0.052928
0.052977
0.053002
0.053002
0.052903
0.052706
0.052485
0.052337
0.052238
0.052115
0.051968
0.051869
0.051844
0.051918
0.051943
0.051918
0.051844
0.051844
0.051918
0.051943
0.051918
0.051844
0.051844
0.051918
0.051968
0.051918
0.051844
0.051844
0.051894
0.051943
0.051918
0.051844
0.051844
0.051844
0.05182
0.051894
0.051943
0.051894
0.051844
0.051844
0.051894
0.051943
0.051918
0.051869
0.051844
0.051918
0.051968
0.051918
0.051869
0.051844
0.051918
0.051968
0.051918
0.051844
0.051844
0.051894
0.051943
0.051918
0.051844
0.05182
0.051894
0.051943
0.051918
0.051844
0.051844
0.051918
0.051968
0.051943
0.051869
0.051869
0.051918
0.051992
0.051943
0.051992
0.051968
0.051894
0.051869
0.051943
0.051992
0.051968
0.051918
0.051918
0.051968
0.052017
0.051992
0.051918
0.051894
0.051943
0.051992
0.051968
0.051894
0.051869
0.051918
0.051943
0.051918
0.051844
0.05182
0.051869
0.051918
0.051894
0.05182
0.051795
0.051844
0.051894
0.051869
0.051795
0.051771
0.05182
0.051869
0.051844
0.051795
0.051771
0.05182
0.051746
0.051795
0.051844
0.05182
0.051771
0.051746
0.051795
0.051844
0.05182
0.051746
0.051721
0.051771
0.05182
0.051795
0.051721
0.051721
0.051771
0.05182
0.051795
0.051721
0.051697
0.051746
0.051795
0.051795
0.051721
0.051697
0.051746
0.051795
0.051795
0.051721
0.051697
0.051746
0.051795
0.051795
0.051721
0.051672
0.051721
0.051795
0.051771
0.051697
0.051771
0.051697
0.051672
0.051721
0.051771
0.051746
0.051672
0.051648
0.051697
0.051746
0.051721
0.051648
0.051623
0.051672
0.051746
0.051721
0.051672
0.051623
0.051672
0.051746
0.051721
0.051648
0.051623
0.051672
0.051721
0.051697
0.051648
0.051598
0.051648
0.051697
0.051697
0.051648
0.051598
0.051648
0.051721
0.051697
0.051648
0.051598
0.051648
0.051721
0.051648
0.051697
0.051697
0.051623
0.051574
0.051623
0.051697
0.051697
0.051648
0.051598
0.051648
0.051721
0.051795
0.051869
0.052066
0.052386
0.052706
0.052854
0.052878
0.052854
0.052805
0.052706
0.052534
0.052312
0.052115
0.051992
0.051869
0.051771
0.051672
0.051623
0.051648
0.051721
0.051721
0.051648
0.051598
0.051648
0.051721
0.051721
0.051648
0.051598
0.051623
0.051598
0.051623
0.051697
0.051697
0.051648
0.051598
0.051623
0.051697
0.051697
0.051623
0.051598
0.051623
0.051697
0.051721
0.051648
0.051598
0.051648
0.051697
0.051697
0.051648
0.051598
0.051648
0.051721
0.051721
0.051648
0.051598
0.051623
0.051697
0.051697
0.051648
0.051598
0.051648
0.051697
0.051697
0.051648
0.051598
0.051648
0.051721
0.051721
0.051697
0.051648
0.051672
0.051746
0.051771
0.051721
0.051672
0.051721
0.051795
0.051795
0.051746
0.051697
0.051746
0.05182
0.051844
0.051795
0.051746
0.051771
0.051844
0.051844
0.051771
0.051721
0.051746
0.051795
0.05182
0.051746
0.051697
0.051697
0.051746
0.051771
0.051697
0.051648
0.051672
0.051746
0.051746
0.051697
0.051648
0.051648
0.051721
0.051721
0.051697
0.051697
0.051648
0.051574
0.051598
0.051672
0.051672
0.051623
0.051574
0.051574
0.051648
0.051672
0.051598
0.051549
0.051574
0.051648
0.051648
0.051598
0.051549
0.051574
0.051648
0.051648
0.051598
0.051549
0.051574
0.051623
0.051648
0.051598
0.051549
0.051549
0.051623
0.051648
0.051598
0.051524
0.051549
0.051623
0.051648
0.051574
0.051524
0.051549
0.051524
0.051524
0.051598
0.051623
0.051574
0.0515
0.051524
0.051598
0.051623
0.051549
0.0515
0.051524
0.051574
0.051598
0.051549
0.0515
0.0515
0.051574
0.051598
0.051524
0.051475
0.0515
0.051549
0.051574
0.051524
0.051475
0.0515
0.051574
0.051598
0.051549
0.051475
0.0515
0.051549
0.051574
0.051524
0.051475
0.051475
0.051549
0.051574
0.051524
0.051574
0.051524
0.051451
0.051451
0.051524
0.051549
0.0515
0.051426
0.051451
0.0515
0.051524
0.0515
0.051426
0.051451
0.0515
0.051524
0.051475
0.051426
0.051426
0.0515
0.051524
0.0515
0.0515
0.051623
0.051869
0.052165
0.052386
0.052534
0.052632
0.052731
0.052706
0.052509
0.052263
0.052115
0.052041
0.051918
0.051697
0.0515
0.051451
0.0515
0.051426
0.051475
0.0515
0.051475
0.051401
0.051401
0.051475
0.051524
0.051475
0.051401
0.051401
0.051475
0.0515
0.051475
0.051401
0.051401
0.051475
0.0515
0.051475
0.051401
0.051401
0.051451
0.0515
0.051451
0.051377
0.051377
0.051451
0.0515
0.051451
0.051401
0.051401
0.051451
0.0515
0.051475
0.051401
0.051401
0.051451
0.0515
0.051451
0.051401
0.051401
0.051401
0.051451
0.0515
0.051451
0.051401
0.051401
0.051451
0.0515
0.051475
0.051401
0.051401
0.051475
0.051524
0.0515
0.051451
0.051451
0.0515
0.051549
0.051524
0.051475
0.051475
0.051549
0.051598
0.051574
0.0515
0.0515
0.051574
0.051623
0.051598
0.051524
0.0515
0.051549
0.051574
0.051549
0.051475
0.051451
0.0515
0.051524
0.0515
0.0515
0.051475
0.051426
0.051401
0.051451
0.0515
0.051475
0.051401
0.051377
0.051451
0.051475
0.051451
0.051377
0.051377
0.051426
0.051475
0.051451
0.051377
0.051352
0.051401
0.051451
0.051426
0.051377
0.051352
0.051426
0.051475
0.051451
0.051377
0.051352
0.051401
0.051451
0.051426
0.051377
0.051352
0.051401
0.051451
0.051426
0.051352
0.051328
0.051401
0.051328
0.051401
0.051451
0.051426
0.051377
0.051352
0.051401
0.051451
0.051426
0.051377
0.051352
0.051401
0.051451
0.051426
0.051377
0.051352
0.051401
0.051451
0.051426
0.051352
0.051352
0.051377
0.051426
0.051426
0.051352
0.051328
0.051377
0.051426
0.051426
0.051352
0.051328
0.051377
0.051426
0.051426
0.051352
0.051328
0.051377
0.051426
0.051426
0.051352
0.051426
0.051352
0.051328
0.051377
0.051426
0.051401
0.051352
0.051328
0.051377
0.051426
0.051401
0.051352
0.051328
0.051377
0.051426
0.051426
0.051352
0.051328
0.051352
0.051426
0.051401
0.051352
0.051352
0.051377
0.051451
0.0515
0.051524
0.051672
0.051968
0.052263
0.05246
0.052534
0.052558
0.052558
0.052485
0.052312
0.052091
0.051918
0.051795
0.051672
0.051401
0.051451
0.051426
0.051377
0.051352
0.051377
0.051426
0.051426
0.051377
0.051352
0.051401
0.051451
0.051451
0.051401
0.051352
0.051401
0.051475
0.051475
0.051401
0.051377
0.051426
0.051475
0.051475
0.051426
0.051401
0.051451
0.0515
0.0515
0.051451
0.051426
0.051451
0.051524
0.051524
0.051475
0.051426
0.051475
0.051524
0.051549
0.051475
0.051451
0.0515
0.051475
0.0515
0.051574
0.051574
0.051524
0.0515
0.051524
0.051598
0.051598
0.051524
0.051475
0.051524
0.051598
0.051598
0.051549
0.051524
0.051549
0.051623
0.051623
0.051574
0.051549
0.051598
0.051672
0.051672
0.051623
0.051598
0.051623
0.051697
0.051697
0.051648
0.051598
0.051648
0.051697
0.051697
0.051648
0.051598
0.051623
0.051697
0.051697
0.051648
0.051648
0.051598
0.051549
0.051574
0.051648
0.051648
0.051574
0.051524
0.051574
0.051623
0.051623
0.051574
0.051524
0.051549
0.051598
0.051623
0.051549
0.0515
0.051549
0.051598
0.051598
0.051549
0.0515
0.051524
0.051598
0.051598
0.051549
0.0515
0.051524
0.051598
0.051598
0.051549
0.0515
0.051524
0.051574
0.051574
0.051524
0.051475
0.0515
0.051451
0.051475
0.051524
0.051524
0.051475
0.051426
0.051451
0.051524
0.051549
0.051475
0.051426
0.051451
0.0515
0.051524
0.051475
0.051426
0.051451
0.051524
0.051524
0.051475
0.051426
0.051451
0.0515
0.051524
0.051475
0.051426
0.051426
0.0515
0.051524
0.051451
0.051426
0.051451
0.0515
0.051524
0.051451
0.051401
0.051426
0.0515
0.051524
0.051475
0.051401
0.051426
0.051475
0.0515
0.051451
0.051401
0.051401
0.051475
0.051475
0.051426
0.051377
0.051401
0.051451
0.051475
0.051426
0.051377
0.051377
0.051451
0.051475
0.051426
0.051377
0.051377
0.051451
0.051475
0.051426
0.051377
0.051401
0.051475
0.051524
0.051574
0.051672
0.051918
0.052238
0.052485
0.052558
0.052583
0.052558
0.052509
0.052361
0.052165
0.051623
0.0515
0.051426
0.051426
0.051475
0.0515
0.051475
0.051426
0.051426
0.051475
0.0515
0.051475
0.051426
0.051426
0.051475
0.0515
0.051475
0.051401
0.051426
0.051475
0.0515
0.051451
0.051401
0.051401
0.051475
0.0515
0.051451
0.051401
0.051401
0.051475
0.0515
0.051451
0.051401
0.051426
0.051475
0.0515
0.051475
0.051426
0.051426
0.0515
0.051426
0.0515
0.051524
0.051475
0.051426
0.051451
0.0515
0.051549
0.0515
0.051451
0.051451
0.0515
0.051524
0.0515
0.051451
0.051451
0.051524
0.051549
0.051524
0.051475
0.051475
0.051549
0.051574
0.051549
0.0515
0.0515
0.051574
0.051598
0.051574
0.051524
0.051524
0.051598
0.051648
0.051623
0.051549
0.051549
0.051623
0.051648
0.051623
0.051549
0.0515
0.0515
0.051549
0.051574
0.051549
0.051475
0.051475
0.051524
0.051574
0.051524
0.051475
0.051451
0.051524
0.051549
0.0515
0.051451
0.051451
0.0515
0.051524
0.0515
0.051426
0.051426
0.051475
0.051524
0.051475
0.051426
0.051401
0.051475
0.0515
0.051451
0.051401
0.051377
0.051451
0.051475
0.051451
0.051401
0.051377
0.051426
0.051475
0.051451
0.051475
0.051451
0.051401
0.051377
0.051451
0.051475
0.051451
0.051401
0.051377
0.051451
0.051475
0.051451
0.051377
0.051377
0.051451
0.051475
0.051451
0.051401
0.051377
0.051426
0.051475
0.051426
0.051377
0.051377
0.051426
0.051451
0.051426
0.051377
0.051377
0.051401
0.051451
0.051426
0.051377
0.051352
0.051401
0.051451
0.051426
0.051352
0.051328
0.051401
0.051328
0.051401
0.051451
0.051426
0.051352
0.051352
0.051401
0.051451
0.051426
0.051352
0.051328
0.051401
0.051426
0.051401
0.051352
0.051328
0.051377
0.051426
0.051401
0.051352
0.051328
0.051377
0.051426
0.051401
0.051352
0.051328
0.051377
0.051426
0.051401
0.051352
0.051328
0.051377
0.051426
0.051401
0.051352
0.051328
0.051377
0.051426
0.051426
0.051401
0.052214
0.052361
0.052485
0.052608
0.052632
0.052485
0.052238
0.052066
0.051968
0.051869
0.051672
0.051475
0.051401
0.051401
0.051451
0.051426
0.051352
0.051352
0.051377
0.051426
0.051426
0.051352
0.051328
0.051377
0.051426
0.051426
0.051352
0.051328
0.051377
0.051426
0.051426
0.051352
0.051328
0.051377
0.051426
0.051401
0.051352
0.051328
0.051377
0.051426
0.051377
0.051426
0.051426
0.051352
0.051328
0.051377
0.051426
0.051426
0.051377
0.051352
0.051377
0.051426
0.051426
0.051377
0.051352
0.051377
0.051426
0.051426
0.051377
0.051352
0.051401
0.051451
0.051451
0.051377
0.051352
0.051401
0.051451
0.051426
0.051377
0.051352
0.051401
0.051451
0.051451
0.051401
0.051377
0.051426
0.051475
0.051475
0.051426
0.051401
0.051426
0.051475
0.051524
0.051524
0.051475
0.051426
0.051451
0.0515
0.0515
0.051451
0.051401
0.051426
0.051475
0.051475
0.051401
0.051377
0.051401
0.051451
0.051451
0.051377
0.051352
0.051377
0.051451
0.051426
0.051377
0.051328
0.051377
0.051426
0.051426
0.051352
0.051303
0.051328
0.051401
0.051401
0.051328
0.051303
0.051328
0.051377
0.051377
0.051328
0.051377
0.051303
0.051278
0.051328
0.051377
0.051377
0.051328
0.051278
0.051328
0.051377
0.051377
0.051328
0.051278
0.051328
0.051377
0.051377
0.051328
0.051303
0.051328
0.051401
0.051401
0.051352
0.051303
0.051328
0.051377
0.051377
0.051328
0.051278
0.051303
0.051377
0.051377
0.051328
0.051303
0.051328
0.051377
0.051377
0.051328
0.051303
0.051328
0.051377
0.051328
0.051377
0.051377
0.051328
0.051303
0.051328
0.051377
0.051401
0.051328
0.051303
0.051328
0.051377
0.051401
0.051352
0.051303
0.051328
0.051401
0.051401
0.051352
0.051303
0.051328
0.051377
0.051401
0.051328
0.051303
0.051328
0.051377
0.051401
0.051328
0.051303
0.051303
0.051377
0.051377
0.051328
0.051278
0.051303
0.051377
0.051377
0.051328
0.051278
0.051475
0.051648
0.051943
0.052189
0.052337
0.052411
0.05246
0.05246
0.052337
0.05214
0.051943
0.05182
0.051746
0.051574
0.051426
0.051352
0.051352
0.051401
0.051426
0.051377
0.051328
0.051328
0.051401
0.051401
0.051352
0.051328
0.051328
0.051401
0.051426
0.051377
0.051328
0.051352
0.051401
0.051426
0.051377
0.051328
0.051352
0.051401
0.051426
0.051377
0.051426
0.051377
0.051328
0.051352
0.051401
0.051426
0.051401
0.051352
0.051377
0.051426
0.051451
0.051401
0.051352
0.051377
0.051451
0.051475
0.051426
0.051377
0.051401
0.051451
0.051451
0.051426
0.051377
0.051377
0.051451
0.051475
0.051426
0.051401
0.051401
0.051475
0.0515
0.051451
0.051401
0.051426
0.0515
0.051524
0.051475
0.051426
0.051451
0.051524
0.051475
0.051549
0.051574
0.051549
0.0515
0.0515
0.051549
0.051574
0.051549
0.051475
0.051475
0.051524
0.051549
0.0515
0.051451
0.051451
0.0515
0.0515
0.051451
0.051401
0.051401
0.051475
0.0515
0.051451
0.051401
0.051401
0.051451
0.051475
0.051451
0.051377
0.051377
0.051451
0.051451
0.051426
0.051352
0.051377
0.051426
0.051451
0.051401
0.051352
0.051328
0.051352
0.051401
0.051426
0.051401
0.051328
0.051328
0.051401
0.051426
0.051401
0.051328
0.051352
0.051401
0.051426
0.051401
0.051328
0.051328
0.051401
0.051426
0.051401
0.051328
0.051328
0.051377
0.051426
0.051401
0.051328
0.051328
0.051377
0.051401
0.051377
0.051328
0.051328
0.051377
0.051401
0.051377
0.051328
0.051303
0.051377
0.051401
0.051377
0.051401
0.051352
0.051303
0.051303
0.051352
0.051401
0.051352
0.051303
0.051278
0.051352
0.051377
0.051377
0.051303
0.051303
0.051352
0.051401
0.051377
0.051303
0.051303
0.051352
0.051401
0.051352
0.051303
0.051303
0.051328
0.051377
0.051352
0.051303
0.051303
0.051352
0.051377
0.051352
0.051278
0.051278
0.051328
0.051377
0.051352
0.051278
0.051278
0.051328
0.051278
0.051328
0.051377
0.051352
0.051303
0.051303
0.051352
0.051401
0.051377
0.051328
0.051328
0.051426
0.051574
0.051721
0.051894
0.052165
0.052411
0.052583
0.052608
0.052509
0.052361
0.052238
0.052115
0.051968
0.051746
0.051549
0.051475
0.051451
0.051401
0.051352
0.051352
0.051377
0.051426
0.051401
0.051352
0.051328
0.051377
0.051426
0.051401
0.051352
0.051401
0.051352
0.051352
0.051401
0.051451
0.051426
0.051352
0.051352
0.051401
0.051451
0.051426
0.051377
0.051352
0.051401
0.051451
0.051451
0.051377
0.051377
0.051426
0.051475
0.051451
0.051401
0.051401
0.051426
0.0515
0.051475
0.051426
0.051401
0.051451
0.0515
0.051475
0.051426
0.051426
0.051451
0.051524
0.0515
0.051426
0.051426
0.051475
0.051524
0.051475
0.051524
0.051524
0.051475
0.051451
0.0515
0.051549
0.051549
0.0515
0.051475
0.051524
0.051574
0.051574
0.0515
0.0515
0.051549
0.051598
0.051598
0.051549
0.051524
0.051549
0.051598
0.051574
0.051524
0.0515
0.051524
0.051574
0.051549
0.051475
0.051451
0.051475
0.051524
0.051524
0.051451
0.051426
0.051451
0.0515
0.0515
0.051426
0.051401
0.051401
0.051377
0.051426
0.051475
0.051451
0.051401
0.051377
0.051401
0.051451
0.051451
0.051377
0.051352
0.051377
0.051426
0.051426
0.051377
0.051328
0.051377
0.051426
0.051426
0.051377
0.051352
0.051377
0.051426
0.051426
0.051377
0.051328
0.051377
0.051426
0.051426
0.051352
0.051328
0.051377
0.051426
0.051426
0.051377
0.051328
0.051377
0.051451
0.051426
0.051451
0.051451
0.051377
0.051328
0.051377
0.051426
0.051426
0.051352
0.051328
0.051377
0.051426
0.051426
0.051352
0.051328
0.051352
0.051401
0.051401
0.051352
0.051303
0.051352
0.051401
0.051401
0.051352
0.051303
0.051352
0.051401
0.051401
0.051352
0.051303
0.051352
0.051401
0.051426
0.051352
0.051328
0.051352
0.051426
0.051426
0.051352
0.051303
0.051352
0.051303
0.051328
0.051401
0.051401
0.051328
0.051303
0.051328
0.051401
0.051401
0.051352
0.051303
0.051328
0.051401
0.051401
0.051352
0.051303
0.051352
0.051426
0.0515
0.051524
0.051672
0.051918
0.052238
0.052411
0.05246
0.052435
0.052386
0.052312
0.052165
0.051968
0.051795
0.051672
0.051574
0.051475
0.051377
0.051303
0.051328
0.051401
0.051401
0.051328
0.051328
0.051278
0.051303
0.051377
0.051377
0.051328
0.051303
0.051328
0.051377
0.051401
0.051328
0.051303
0.051328
0.051377
0.051401
0.051352
0.051303
0.051328
0.051401
0.051401
0.051352
0.051303
0.051352
0.051401
0.051401
0.051352
0.051328
0.051328
0.051401
0.051426
0.051377
0.051328
0.051352
0.051426
0.051426
0.051377
0.051352
0.051377
0.051426
0.051451
0.051426
0.051451
0.051401
0.051352
0.051377
0.051451
0.051475
0.051426
0.051377
0.051401
0.051475
0.0515
0.051451
0.051426
0.051426
0.0515
0.051524
0.051475
0.051451
0.051475
0.051549
0.051574
0.051549
0.0515
0.051524
0.051574
0.051598
0.051549
0.0515
0.0515
0.051549
0.051549
0.0515
0.051451
0.051451
0.0515
0.051524
0.051475
0.051451
0.051451
0.051426
0.051426
0.0515
0.0515
0.051451
0.051401
0.051426
0.051475
0.0515
0.051451
0.051401
0.051426
0.051475
0.0515
0.051451
0.051401
0.051426
0.051475
0.0515
0.051451
0.051401
0.051426
0.051475
0.0515
0.051451
0.051401
0.051401
0.051475
0.0515
0.051451
0.051401
0.051401
0.051451
0.051475
0.051451
0.051401
0.051401
0.051451
0.051475
0.051426
0.051475
0.051426
0.051377
0.051377
0.051426
0.051451
0.051426
0.051377
0.051377
0.051451
0.051475
0.051426
0.051377
0.051377
0.051426
0.051475
0.051426
0.051377
0.051377
0.051426
0.051475
0.051426
0.051377
0.051377
0.051426
0.051475
0.051426
0.051377
0.051377
0.051426
0.051475
0.051426
0.051377
0.051377
0.051426
0.051451
0.051426
0.051377
0.051377
0.051426
0.051426
0.051451
0.051401
0.051352
0.051352
0.051426
0.051451
0.051426
0.051377
0.051377
0.051426
0.051451
0.051426
0.051377
0.051352
0.051426
0.051451
0.051451
0.051377
0.051401
0.0515
0.051623
0.051771
0.051943
0.052214
0.05246
0.052608
0.052632
0.052534
0.052386
0.052288
0.052165
0.052017
0.05182
0.051623
0.051549
0.051524
0.051475
0.051426
0.051426
0.051426
0.051426
0.051475
0.051524
0.0515
0.051451
0.051451
0.0515
0.051524
0.051524
0.051451
0.051451
0.0515
0.051549
0.051524
0.051475
0.051475
0.051524
0.051549
0.051524
0.051475
0.051475
0.051524
0.051574
0.051549
0.0515
0.0515
0.051549
0.051598
0.051574
0.051524
0.0515
0.051574
0.051598
0.051574
0.051524
0.051524
0.051574
0.051623
0.051598
0.051623
0.051598
0.051549
0.051549
0.051598
0.051648
0.051623
0.051574
0.051549
0.051598
0.051672
0.051648
0.051598
0.051598
0.051648
0.051697
0.051697
0.051648
0.051648
0.051697
0.051746
0.051746
0.051697
0.051672
0.051721
0.051771
0.051771
0.051721
0.051697
0.051746
0.051771
0.051746
0.051697
0.051672
0.051697
0.051721
0.051721
0.051648
0.051623
0.051672
0.051598
0.051648
0.051697
0.051672
0.051623
0.051598
0.051648
0.051672
0.051672
0.051598
0.051598
0.051623
0.051672
0.051648
0.051598
0.051574
0.051598
0.051648
0.051648
0.051574
0.051549
0.051598
0.051648
0.051623
0.051574
0.051549
0.051574
0.051623
0.051623
0.051574
0.051549
0.051574
0.051648
0.051623
0.051574
0.051549
0.051598
0.051648
0.051648
0.051574
0.051623
0.051574
0.051549
0.051598
0.051648
0.051623
0.051574
0.051549
0.051598
0.051623
0.051623
0.051574
0.051549
0.051574
0.051623
0.051623
0.051574
0.051549
0.051574
0.051623
0.051623
0.051549
0.051549
0.051574
0.051623
0.051623
0.051574
0.051549
0.051574
0.051623
0.051623
0.051574
0.051549
0.051574
0.051623
0.051623
0.051574
0.051549
0.051574
0.051623
0.051623
0.051623
0.051574
0.051549
0.051574
0.051623
0.051623
0.051574
0.051549
0.051574
0.051623
0.051623
0.051574
0.051549
0.051574
0.051623
0.051623
0.051574
0.051549
0.051574
0.051623
0.051648
0.051574
0.051549
0.051648
0.051795
0.051992
0.052189
0.052435
0.052657
0.052829
0.052878
0.05278
0.052608
0.05246
0.052337
0.052214
0.052017
0.051795
0.051672
0.051574
0.051598
0.051648
0.051648
0.051598
0.051549
0.051598
0.051648
0.051648
0.051598
0.051574
0.051598
0.051648
0.051648
0.051598
0.051574
0.051598
0.051672
0.051672
0.051623
0.051574
0.051598
0.051648
0.051648
0.051598
0.051574
0.051598
0.051648
0.051672
0.051623
0.051598
0.051623
0.051672
0.051672
0.051648
0.051598
0.051623
0.051672
0.051697
0.051648
0.051697
0.051648
0.051623
0.051648
0.051697
0.051697
0.051648
0.051623
0.051648
0.051697
0.051721
0.051672
0.051623
0.051648
0.051697
0.051721
0.051697
0.051648
0.051672
0.051721
0.051746
0.051697
0.051672
0.051697
0.051746
0.051771
0.051746
0.051697
0.051746
0.051795
0.05182
0.051771
0.051746
0.051771
0.05182
0.05182
0.051771
0.051721
0.051721
0.051771
0.051697
0.051746
0.051771
0.051721
0.051672
0.051672
0.051746
0.051746
0.051697
0.051672
0.051672
0.051721
0.051721
0.051672
0.051648
0.051648
0.051697
0.051721
0.051672
0.051623
0.051648
0.051697
0.051697
0.051672
0.051623
0.051623
0.051672
0.051697
0.051648
0.051598
0.051623
0.051672
0.051697
0.051648
0.051623
0.051623
0.051672
0.051697
0.051672
0.051623
0.051672
0.051623
0.051623
0.051697
0.051697
0.051672
0.051623
0.051623
0.051672
0.051697
0.051672
0.051623
0.051623
0.051697
0.051721
0.051672
0.051623
0.051648
0.051697
0.051697
0.051672
0.051623
0.051623
0.051672
0.051697
0.051648
0.051598
0.051623
0.051672
0.051697
0.051648
0.051598
0.051623
0.051672
0.051697
0.051648
0.051598
0.051598
0.051672
0.051697
0.051648
0.051672
0.051648
0.051598
0.051598
0.051648
0.051672
0.051648
0.051598
0.051598
0.051648
0.051697
0.051648
0.051598
0.051598
0.051648
0.051697
0.051672
0.051623
0.051623
0.051672
0.051697
0.051672
0.051623
0.051623
0.051672
0.051721
0.051721
0.051746
0.051894
0.05214
0.052411
0.052608
0.052706
0.05278
0.052805
0.052731
0.052534
0.052337
0.052189
0.051697
0.051648
0.051697
0.051721
0.051697
0.051623
0.051623
0.051672
0.051697
0.051672
0.051623
0.051623
0.051672
0.051721
0.051672
0.051623
0.051623
0.051697
0.051721
0.051697
0.051648
0.051648
0.051697
0.051721
0.051697
0.051648
0.051648
0.051697
0.051721
0.051697
0.051648
0.051672
0.051721
0.051746
0.051721
0.051672
0.051672
0.051721
0.051771
0.051746
0.051771
0.051721
0.051697
0.051746
0.051795
0.051771
0.051721
0.051721
0.051771
0.05182
0.051795
0.051746
0.051746
0.051795
0.05182
0.05182
0.051771
0.051771
0.05182
0.051844
0.051844
0.051795
0.051795
0.051844
0.051894
0.051869
0.051844
0.051844
0.051894
0.051943
0.051918
0.051869
0.051869
0.051918
0.051968
0.051943
0.051869
0.051869
0.051894
0.051918
0.051869
0.051894
0.051869
0.05182
0.051795
0.051844
0.051869
0.051844
0.051795
0.051795
0.05182
0.051869
0.051844
0.051795
0.051771
0.05182
0.051844
0.051844
0.051771
0.051771
0.051795
0.051844
0.05182
0.051771
0.051746
0.051795
0.051844
0.05182
0.051771
0.051746
0.051795
0.05182
0.05182
0.051771
0.051746
0.051795
0.05182
0.05182
0.051746
0.051746
0.051746
0.051721
0.051771
0.05182
0.051795
0.051746
0.051721
0.051771
0.05182
0.051795
0.051746
0.051721
0.051771
0.051795
0.051795
0.051721
0.051697
0.051746
0.051795
0.051771
0.051721
0.051697
0.051721
0.051771
0.051771
0.051721
0.051697
0.051746
0.051771
0.051771
0.051721
0.051697
0.051746
0.051795
0.051771
0.051721
0.051697
0.051746
0.051771
0.051771
