2018
8
9
9
48
3.8324
0.078727
0.078727
0.078727
0.078702
0.078702
0.078702
0.078702
0.078702
0.078702
0.078702
0.078702
0.078702
0.078702
0.078702
0.078702
0.078702
0.078702
0.078702
0.078702
0.078702
0.078702
0.078702
0.078702
0.078678
0.078678
0.078678
0.078678
0.078678
0.078678
0.078678
0.078653
0.078653
0.078653
0.078653
0.078653
0.078653
0.078653
0.078653
0.078653
0.078653
0.078653
0.078653
0.078653
0.078628
0.078628
0.078628
0.078628
0.078628
0.078628
0.078628
0.078628
0.078628
0.078628
0.078628
0.078604
0.078554
0.078481
0.078407
0.078308
0.07821
0.078111
0.078062
0.078087
0.078161
0.078259
0.078358
0.078456
0.07853
0.078579
0.078579
0.078604
0.078604
0.078604
0.078604
0.078579
0.078579
0.078579
0.078579
0.078579
0.078579
0.078554
0.078554
0.078554
0.078554
0.078554
0.078554
0.07853
0.07853
0.07853
0.07853
0.07853
0.07853
0.07853
0.07853
0.078505
0.078505
0.078505
0.078505
0.078505
0.078505
0.078505
0.078505
0.078505
0.078481
0.078481
0.078505
0.078505
0.078481
0.078481
0.078481
0.078481
0.078481
0.078481
0.078481
0.078481
0.078481
0.078456
0.078456
0.078456
0.078456
0.078431
0.078431
0.078431
0.078431
0.078431
0.078431
0.078407
0.078407
0.078407
0.078407
0.078382
0.078382
0.078382
0.078382
0.078382
0.078358
0.078358
0.078358
0.078358
0.078358
0.078333
0.078333
0.078333
0.078333
0.078333
0.078333
0.078333
0.078333
0.078333
0.078333
0.078333
0.078333
0.078333
0.078333
0.078333
0.078333
0.078308
0.078308
0.078308
0.078284
0.078284
0.078284
0.078259
0.078259
0.078259
0.078259
0.078259
0.078259
0.078259
0.078259
0.078259
0.078259
0.078259
0.078259
0.078259
0.078234
0.078234
0.078234
0.078234
0.078234
0.078234
0.078234
0.078234
0.07821
0.07821
0.07821
0.07821
0.07821
0.07821
0.078185
0.078185
0.078185
0.078185
0.078185
0.078185
0.078185
0.078185
0.078185
0.078185
0.078161
0.078161
0.078161
0.078185
0.078161
0.078161
0.078161
0.078161
0.078161
0.078161
0.078161
0.078161
0.078161
0.078161
0.078161
0.078161
0.078161
0.078161
0.078161
0.078136
0.078136
0.078136
0.078136
0.078136
0.078136
0.078136
0.078136
0.078136
0.078136
0.078136
0.078136
0.078136
0.078111
0.078062
0.077988
0.077914
0.077816
0.077717
0.077644
0.07757
0.07757
0.078038
0.078087
0.078087
0.078087
0.078111
0.078087
0.078087
0.078087
0.078087
0.078062
0.078062
0.078062
0.078062
0.078062
0.078038
0.078038
0.078038
0.078038
0.078038
0.078038
0.078038
0.078038
0.078038
0.078038
0.078013
0.078013
0.078013
0.078013
0.077988
0.077988
0.077988
0.077964
0.077964
0.077964
0.077964
0.077939
0.077939
0.077939
0.077939
0.077939
0.077914
0.077914
0.07789
0.07789
0.07789
0.07789
0.07789
0.07789
0.077865
0.077865
0.077865
0.077865
0.077865
0.077865
0.077841
0.077841
0.077841
0.077841
0.077841
0.077816
0.077816
0.077816
0.077816
0.077791
0.077791
0.077791
0.077791
0.077767
0.077767
0.077767
0.077767
0.077767
0.077767
0.077767
0.077742
0.077742
0.077742
0.077742
0.077742
0.077742
0.077717
0.077717
0.077742
0.077742
0.077717
0.077742
0.077742
0.077742
0.077717
0.077717
0.077717
0.077717
0.077693
0.077693
0.077693
0.077693
0.077693
0.077693
0.077693
0.077693
0.077693
0.077693
0.077693
0.077693
0.077668
0.077668
0.077668
0.077668
0.077668
0.077668
0.077668
0.077644
0.077644
0.077644
0.077619
0.077619
0.077619
0.077619
0.077619
0.077619
0.077594
0.077594
0.077594
0.07757
0.07757
0.07757
0.07757
0.07757
0.07757
0.07757
0.07757
0.077545
0.077545
0.077545
0.077545
0.077545
0.077521
0.077521
0.077521
0.077521
0.077521
0.077496
0.077496
0.077496
0.077496
0.077496
0.077496
0.077496
0.077496
0.077496
0.077496
0.077496
0.077496
0.077496
0.077496
0.077496
0.077496
0.077496
0.077496
0.077496
0.077496
0.077496
0.077496
0.077496
0.077496
0.077496
0.077471
0.077447
0.077397
0.077324
0.07725
0.077176
0.077077
0.076979
0.07693
0.076954
0.077028
0.077127
0.07725
0.077324
0.077397
0.077447
0.077471
0.077471
0.077447
0.077447
0.077447
0.077447
0.077422
0.077422
0.077422
0.077422
0.077422
0.077422
0.077422
0.077422
0.077422
0.077422
0.077397
0.077397
0.077397
0.077373
0.077373
0.077373
0.077373
0.077373
0.077373
0.077373
0.077373
0.077373
0.077373
0.077373
0.077348
0.077348
0.077348
0.077348
0.077348
0.077348
0.077348
0.077348
0.077324
0.077324
0.077324
0.077324
0.077324
0.077324
0.077324
0.077324
0.077324
0.077299
0.077299
0.077299
0.077299
0.077299
0.077299
0.077299
0.077299
0.077274
0.077274
0.077274
0.07725
0.07725
0.07725
0.07725
0.07725
0.07725
0.077225
0.077225
0.077225
0.077225
0.077225
0.077225
0.077201
0.077201
0.077201
0.077201
0.077201
0.077201
0.077201
0.077201
0.077201
0.077201
0.077201
0.077201
0.077201
0.077201
0.077201
0.077176
0.077176
0.077176
0.077176
0.077176
0.077176
0.077176
0.077176
0.077176
0.077176
0.077176
0.077176
0.077176
0.077151
0.077151
0.077151
0.077151
0.077151
0.077151
0.077151
0.077151
0.077151
0.077151
0.077127
0.077127
0.077127
0.077127
0.077127
0.077127
0.077127
0.077127
0.077127
0.077127
0.077127
0.077127
0.077102
0.077102
0.077102
0.077102
0.077102
0.077102
0.077102
0.077102
0.077102
0.077102
0.077077
0.077077
0.077077
0.077077
0.077077
0.077077
0.077077
0.077053
0.077053
0.077028
0.077028
0.077028
0.077028
0.077028
0.077028
0.077028
0.077028
0.077028
0.077028
0.077028
0.077028
0.077028
0.077028
0.077028
0.077028
0.077028
0.077028
0.077004
0.077004
0.077004
0.077004
0.077004
0.077004
0.077004
0.076979
0.076954
0.076905
0.076831
0.076757
0.076659
0.07656
0.076487
0.076462
0.076511
0.076585
0.076684
0.076782
0.076881
0.076979
0.076979
0.076979
0.076954
0.076954
0.076954
0.076954
0.07693
0.07693
0.07693
0.07693
0.07693
0.07693
0.076905
0.076905
0.076905
0.076905
0.076905
0.076905
0.076905
0.076905
0.076905
0.076905
0.076881
0.076881
0.076881
0.076881
0.076881
0.076881
0.076881
0.076881
0.076881
0.076881
0.076856
0.076856
0.076856
0.076856
0.076856
0.076856
0.076856
0.076831
0.076831
0.076831
0.076831
0.076831
0.076831
0.076807
0.076807
0.076807
0.076807
0.076807
0.076807
0.076807
0.076807
0.076782
0.076782
0.076782
0.076782
0.076782
0.076757
0.076757
0.076757
0.076757
0.076757
0.076757
0.076733
0.076733
0.076733
0.076733
0.076733
0.076733
0.076708
0.076733
0.076708
0.076708
0.076708
0.076708
0.076708
0.076708
0.076708
0.076708
0.076708
0.076708
0.076708
0.076708
0.076708
0.076708
0.076708
0.076684
0.076684
0.076684
0.076684
0.076684
0.076684
0.076684
0.076684
0.076684
0.076684
0.076684
0.076684
0.076684
0.076684
0.076684
0.076684
0.076684
0.076684
0.076659
0.076659
0.076659
0.076659
0.076659
0.076659
0.076659
0.076659
0.076659
0.076634
0.076634
0.076634
0.076634
0.076634
0.076634
0.076634
0.076634
0.07661
0.07661
0.07661
0.07661
0.07661
0.07661
0.07661
0.076585
0.07661
0.07661
0.07661
0.076585
0.076585
0.076585
0.076585
0.076585
0.076585
0.076585
0.076585
0.076585
0.076585
0.076585
0.07656
0.07656
0.07656
0.07656
0.07656
0.07656
0.07656
0.07656
0.07656
0.07656
0.07656
0.07656
0.07656
0.076536
0.076536
0.076511
0.076511
0.076511
0.076511
0.076511
0.076511
0.076511
0.076511
0.076511
0.076511
0.076511
0.076511
0.076487
0.076462
0.076388
0.076314
0.07624
0.076142
0.076044
0.07597
0.07597
0.076044
0.076117
0.07624
0.076339
0.076413
0.076462
0.076487
0.076487
0.076487
0.076487
0.076487
0.076487
0.076462
0.076462
0.076462
0.076462
0.076462
0.076462
0.076437
0.076437
0.076437
0.076437
0.076413
0.076413
0.076413
0.076413
0.076413
0.076413
0.076413
0.076388
0.076388
0.076388
0.076388
0.076388
0.076388
0.076388
0.076388
0.076364
0.076364
0.076364
0.076364
0.076364
0.076364
0.076364
0.076364
0.076364
0.076364
0.076339
0.076339
0.076339
0.076339
0.076339
0.076339
0.076339
0.076314
0.076314
0.076314
0.076314
0.076314
0.07629
0.07629
0.07629
0.07629
0.07629
0.076265
0.076265
0.076265
0.076265
0.076265
0.07624
0.07624
0.07624
0.07624
0.07624
0.076216
0.076216
0.076216
0.076216
0.076216
0.076216
0.076216
0.076216
0.076216
0.076216
0.076191
0.076191
0.076191
0.076191
0.076191
0.076191
0.076191
0.076191
0.076191
0.076191
0.076191
0.076191
0.076191
0.076191
0.076191
0.076167
0.076167
0.076167
0.076167
0.076167
0.076167
0.076167
0.076167
0.076167
0.076142
0.076167
0.076167
0.076167
0.076142
0.076142
0.076142
0.076142
0.076142
0.076142
0.076117
0.076117
0.076117
0.076117
0.076117
0.076117
0.076117
0.076117
0.076093
0.076093
0.076093
0.076093
0.076093
0.076093
0.076093
0.076068
0.076068
0.076068
0.076068
0.076044
0.076044
0.076044
0.076044
0.076044
0.076019
0.076019
0.076019
0.075994
0.075994
0.075994
0.075994
0.075994
0.075994
0.075994
0.07597
0.07597
0.07597
0.07597
0.07597
0.07597
0.07597
0.075945
0.075945
0.075945
0.075945
0.075945
0.07592
0.07592
0.07592
0.07592
0.07592
0.07592
0.07592
0.075896
0.075896
0.075896
0.075896
0.075896
0.075896
0.075896
0.075896
0.075871
0.075871
0.075871
0.075871
0.075871
0.075871
0.075847
0.075847
0.075847
0.075847
0.075847
0.075847
0.075847
0.075847
0.075847
0.075822
0.075748
0.075674
0.0756
0.075502
0.075403
0.075305
0.07528
0.07533
0.075403
0.075502
0.0756
0.075674
0.075748
0.075773
0.075797
0.075797
0.075797
0.075797
0.075797
0.075773
0.075773
0.075773
0.075773
0.075748
0.075748
0.075748
0.075723
0.075699
0.075699
0.075674
0.075674
0.075674
0.07565
0.07565
0.07565
0.07565
0.075625
0.075625
0.075625
0.0756
0.0756
0.0756
0.0756
0.075576
0.075576
0.075576
0.075576
0.075551
0.075551
0.075551
0.075527
0.075527
0.075527
0.075527
0.075551
0.075551
0.075527
0.075527
0.075527
0.075527
0.075527
0.075527
0.075527
0.075502
0.075502
0.075502
0.075502
0.075502
0.075502
0.075477
0.075477
0.075477
0.075477
0.075477
0.075453
0.075453
0.075453
0.075453
0.075453
0.075428
0.075428
0.075428
0.075428
0.075428
0.075403
0.075403
0.075403
0.075403
0.075403
0.075403
0.075403
0.075403
0.075403
0.075403
0.075403
0.075403
0.075403
0.075403
0.075403
0.075403
0.075403
0.075403
0.075403
0.075403
0.075379
0.075379
0.075379
0.075379
0.075379
0.075354
0.075354
0.075354
0.075354
0.075354
0.075354
0.075354
0.075354
0.075354
0.075354
0.075354
0.075354
0.075354
0.075354
0.075354
0.075354
0.07533
0.07533
0.07533
0.07533
0.07533
0.07533
0.07533
0.07533
0.07533
0.07533
0.075305
0.075305
0.075305
0.075305
0.075305
0.075305
0.075305
0.075305
0.075305
0.075305
0.075305
0.075305
0.07528
0.07528
0.07528
0.07528
0.07528
0.07528
0.07528
0.075256
0.075256
0.075256
0.075256
0.075256
0.075256
0.075256
0.075256
0.075256
0.075256
0.075256
0.075256
0.075231
0.075231
0.075231
0.075231
0.075231
0.075231
0.075231
0.075231
0.075207
0.075207
0.075207
0.075207
0.075207
0.075207
0.075207
0.075207
0.075207
0.075207
0.075182
0.075182
0.075182
0.075182
0.075182
0.075182
0.075182
0.075182
0.075182
0.075157
0.075157
0.075157
0.075157
0.075157
0.075157
0.075157
0.075133
0.075133
0.075133
0.075133
0.075133
0.075133
0.075133
0.075133
0.075133
0.075108
0.075083
0.07501
0.074936
0.074837
0.074763
0.074665
0.074566
0.074566
0.074616
0.07469
0.074788
0.074886
0.074985
0.075034
0.075083
0.075059
0.075059
0.075059
0.075059
0.075059
0.075059
0.075034
0.075034
0.075034
0.075034
0.075034
0.075034
0.07501
0.07501
0.07501
0.07501
0.07501
0.07501
0.07501
0.07501
0.074985
0.074985
0.074985
0.074985
0.074985
0.07496
0.07496
0.07496
0.07496
0.07496
0.07496
0.07496
0.074936
0.074936
0.074936
0.074936
0.074936
0.074936
0.074936
0.074911
0.074911
0.074911
0.074911
0.074911
0.074911
0.074911
0.074886
0.074886
0.074886
0.074886
0.074886
0.074886
0.074862
0.074862
0.074862
0.074862
0.074862
0.074837
0.074837
0.074837
0.074837
0.074813
0.074813
0.074813
0.074813
0.074788
0.074788
0.074788
0.074788
0.074788
0.074788
0.074788
0.074763
0.074763
0.074763
0.074763
0.074763
0.074763
0.074763
0.074763
0.074763
0.074763
0.074763
0.074763
0.074763
0.074739
0.074739
0.074739
0.074739
0.074739
0.074739
0.074739
0.074739
0.074739
0.074739
0.074739
0.074714
0.074739
0.074714
0.074714
0.074714
0.074714
0.074714
0.074714
0.074714
0.074714
0.074714
0.074714
0.074714
0.07469
0.07469
0.07469
0.07469
0.07469
0.07469
0.07469
0.07469
0.07469
0.07469
0.074665
0.074665
0.074665
0.074665
0.074665
0.074665
0.074665
0.07464
0.07464
0.07464
0.07464
0.07464
0.07464
0.07464
0.074616
0.074616
0.07464
0.074616
0.074616
0.074616
0.074616
0.074616
0.074616
0.074616
0.074616
0.074616
0.074616
0.074591
0.074591
0.074591
0.074591
0.074591
0.074591
0.074591
0.074591
0.074591
0.074591
0.074591
0.074591
0.074591
0.074566
0.074566
0.074566
0.074566
0.074566
0.074566
0.074566
0.074542
0.074542
0.074542
0.074542
0.074542
0.074542
0.074542
0.074542
0.074517
0.074517
0.074517
0.074517
0.074517
0.074517
0.074517
0.074517
0.074517
0.074517
0.074493
0.074493
0.074493
0.074493
0.074493
0.074493
0.074493
0.074493
0.074493
0.074493
0.074493
0.074468
0.074468
0.074443
0.074443
0.074443
0.074443
0.074443
0.074443
0.074443
0.074443
0.074443
0.074443
0.074443
0.074443
0.074443
0.074443
0.074419
0.074419
0.074419
0.074419
0.074419
0.074419
0.074419
0.074394
0.074345
0.074271
0.074197
0.074099
0.074
0.073926
0.073877
0.073902
0.073976
0.074074
0.074197
0.074271
0.074345
0.07437
0.074394
0.074394
0.074394
0.074394
0.074394
0.074394
0.07437
0.07437
0.07437
0.07437
0.07437
0.074345
0.074345
0.074345
0.074345
0.074345
0.074345
0.074345
0.074345
0.074345
0.074345
0.07432
0.07432
0.07432
0.07432
0.074296
0.074296
0.074296
0.074296
0.074296
0.074271
0.074271
0.074271
0.074271
0.074271
0.074271
0.074271
0.074271
0.074271
0.074246
0.074246
0.074246
0.074246
0.074246
0.074246
0.074246
0.074222
0.074222
0.074222
0.074222
0.074222
0.074222
0.074222
0.074197
0.074197
0.074197
0.074197
0.074197
0.074197
0.074173
0.074173
0.074173
0.074173
0.074173
0.074173
0.074173
0.074148
0.074148
0.074148
0.074148
0.074148
0.074123
0.074123
0.074123
0.074123
0.074123
0.074123
0.074123
0.074123
0.074123
0.074123
0.074123
0.074123
0.074123
0.074123
0.074123
0.074123
0.074123
0.074123
0.074123
0.074123
0.074123
0.074123
0.074099
0.074099
0.074099
0.074099
0.074099
0.074099
0.074099
0.074099
0.074099
0.074099
0.074099
0.074099
0.074099
0.074099
0.074099
0.074099
0.074099
0.074099
0.074099
0.074099
0.074099
0.074074
0.074074
0.074074
0.074074
0.074074
0.074074
0.074074
0.074074
0.074074
0.074074
0.074049
0.074049
0.074049
0.074049
0.074049
0.074049
0.074049
0.074049
0.074049
0.074025
0.074025
0.074025
0.074025
0.074025
0.074025
0.074025
0.074025
0.074025
0.074025
0.074025
0.074025
0.074025
0.074
0.074
0.074
0.074
0.074
0.074
0.074
0.074
0.074
0.074
0.074
0.074
0.073976
0.073976
0.073976
0.073976
0.073976
0.073976
0.073976
0.073976
0.073976
0.073976
0.073976
0.073951
0.073951
0.073951
0.073951
0.073951
0.073951
0.073951
0.073951
0.073951
0.073926
0.073926
0.073926
0.073926
0.073926
0.073926
0.073926
0.073926
0.073926
0.073902
0.073902
0.073902
0.073902
0.073902
0.073902
0.073902
0.073902
0.073902
0.073902
0.073902
0.073902
0.073877
0.073877
0.073877
0.073877
0.073877
0.073877
0.073877
0.073877
0.073877
0.073877
0.073853
0.073828
0.073779
0.073705
0.073606
0.073533
0.073434
0.07336
0.073311
0.07336
0.073434
0.073533
0.073631
0.073705
0.073779
0.073803
0.073828
0.073828
0.073828
0.073828
0.073828
0.073828
0.073803
0.073803
0.073803
0.073803
0.073803
0.073803
0.073803
0.073803
0.073803
0.073779
0.073779
0.073779
0.073779
0.073779
0.073779
0.073779
0.073754
0.073754
0.073754
0.073754
0.073754
0.073754
0.073754
0.073729
0.073729
0.073729
0.073729
0.073729
0.073729
0.073729
0.073729
0.073705
0.073705
0.073705
0.073705
0.073705
0.073705
0.073705
0.073705
0.07368
0.07368
0.07368
0.07368
0.07368
0.07368
0.07368
0.073656
0.073656
0.073656
0.073656
0.073656
0.073631
0.073631
0.073631
0.073631
0.073606
0.073606
0.073606
0.073606
0.073582
0.073582
0.073582
0.073582
0.073557
0.073557
0.073557
0.073557
0.073557
0.073557
0.073557
0.073533
0.073533
0.073557
0.073533
0.073533
0.073533
0.073533
0.073533
0.073533
0.073533
0.073533
0.073533
0.073533
0.073533
0.073533
0.073533
0.073533
0.073533
0.073508
0.073508
0.073508
0.073508
0.073508
0.073508
0.073508
0.073483
0.073483
0.073483
0.073483
0.073483
0.073483
0.073459
0.073459
0.073459
0.073459
0.073459
0.073459
0.073459
0.073434
0.073434
0.073434
0.073434
0.073434
0.073434
0.073434
0.073434
0.073434
0.073409
0.073409
0.073409
0.073409
0.073409
0.073385
0.07336
0.073336
0.073311
0.073311
0.073311
0.073286
0.073286
0.073286
0.073286
0.073286
0.073286
0.073262
0.073262
0.073262
0.073262
0.073237
0.073237
0.073237
0.073237
0.073237
0.073237
0.073237
0.073237
0.073237
0.073237
0.073237
0.073212
0.073212
0.073212
0.073212
0.073212
0.073212
0.073212
0.073212
0.073188
0.073188
0.073188
0.073188
0.073188
0.073188
0.073188
0.073188
0.073188
0.073188
0.073188
0.073163
0.073163
0.073163
0.073163
0.073163
0.073163
0.073163
0.073139
0.073139
0.073163
0.073163
0.073139
0.073114
0.073089
0.073016
0.072942
0.072868
0.072769
0.072671
0.072597
0.072597
0.072671
0.072745
0.072843
0.072942
0.073016
0.073065
0.073089
0.073089
0.073114
0.073114
0.073089
0.073089
0.073089
0.073089
0.073065
0.073065
0.073065
0.073065
0.073065
0.073065
0.073065
0.073065
0.07304
0.07304
0.07304
0.07304
0.073016
0.073016
0.073016
0.072991
0.072991
0.072991
0.072966
0.072966
0.072966
0.072966
0.072966
0.072942
0.072942
0.072942
0.072942
0.072942
0.072942
0.072942
0.072942
0.072942
0.072942
0.072917
0.072917
0.072917
0.072917
0.072917
0.072917
0.072892
0.072892
0.072892
0.072892
0.072892
0.072892
0.072892
0.072868
0.072868
0.072868
0.072868
0.072868
0.072868
0.072843
0.072843
0.072843
0.072819
0.072819
0.072819
0.072819
0.072794
0.072794
0.072794
0.072794
0.072794
0.072769
0.072769
0.072769
0.072769
0.072769
0.072769
0.072769
0.072769
0.072769
0.072769
0.072769
0.072769
0.072769
0.072769
0.072769
0.072769
0.072769
0.072769
0.072769
0.072769
0.072745
0.072745
0.072745
0.072745
0.072745
0.072745
0.072745
0.072745
0.072745
0.072745
0.07272
0.07272
0.07272
0.07272
0.07272
0.07272
0.07272
0.07272
0.07272
0.072696
0.072696
0.072696
0.072696
0.072696
0.072696
0.072696
0.072696
0.072696
0.072671
0.072671
0.072671
0.072671
0.072671
0.072671
0.072671
0.072671
0.072671
0.072646
0.072646
0.072646
0.072646
0.072646
0.072646
0.072646
0.072646
0.072646
0.072646
0.072646
0.072622
0.072622
0.072622
0.072622
0.072622
0.072622
0.072622
0.072622
0.072597
0.072597
0.072597
0.072597
0.072597
0.072597
0.072597
0.072572
0.072572
0.072572
0.072572
0.072572
0.072572
0.072572
0.072572
0.072572
0.072572
0.072572
0.072572
0.072572
0.072572
0.072548
0.072548
0.072548
0.072548
0.072548
0.072548
0.072548
0.072548
0.072523
0.072548
0.072548
0.072425
0.072351
0.072252
0.072179
0.07208
0.072006
0.071982
0.072031
0.072105
0.072203
0.072302
0.0724
0.072449
0.072474
0.072499
0.072499
0.072499
0.072499
0.072499
0.072474
0.072474
0.072474
0.072474
0.072474
0.072474
0.072474
0.072449
0.072449
0.072449
0.072449
0.072449
0.072449
0.072449
0.072449
0.072425
0.072425
0.072425
0.072425
0.072425
0.072425
0.0724
0.0724
0.0724
0.0724
0.0724
0.0724
0.072375
0.072375
0.072375
0.072375
0.072375
0.072375
0.072375
0.072351
0.072351
0.072351
0.072351
0.072351
0.072351
0.072351
0.072351
0.072351
0.072326
0.072326
0.072326
0.072326
0.072326
0.072326
0.072326
0.072302
0.072302
0.072302
0.072302
0.072302
0.072277
0.072277
0.072277
0.072277
0.072277
0.072252
0.072228
0.072228
0.072228
0.072228
0.072228
0.072228
0.072203
0.072203
0.072203
0.072203
0.072203
0.072203
0.072203
0.072179
0.072179
0.072179
0.072179
0.072179
0.072179
0.072179
0.072179
0.072179
0.072179
0.072179
0.072179
0.072154
0.072154
0.072154
0.072154
0.072154
0.072154
0.072154
0.072154
0.072154
0.072154
0.072154
0.072154
0.072154
0.072129
0.072129
0.072129
0.072129
0.072129
0.072129
0.072105
0.072105
0.072105
0.072105
0.072105
0.072105
0.072105
0.072105
0.072105
0.07208
0.07208
0.07208
0.07208
0.07208
0.07208
0.07208
0.07208
0.072055
0.072055
0.072055
0.072055
0.072055
0.072055
0.072055
0.072055
0.072055
0.072031
0.072031
0.072031
0.072031
0.072031
0.072031
0.072031
0.072031
0.072031
0.072031
0.072006
0.072006
0.072006
0.071982
0.072006
0.071982
0.071982
0.071982
0.071982
0.071982
0.071982
0.071982
0.071982
0.071982
0.071957
0.071957
0.071957
0.071957
0.071957
0.071957
0.071957
0.071932
0.071932
0.071932
0.071957
0.071957
0.071932
0.071908
0.071859
0.071809
0.071711
0.071637
0.071539
0.07144
0.071391
0.071415
0.071489
0.071588
0.071686
0.071785
0.071908
0.071908
0.071908
0.071908
0.071883
0.071883
0.071883
0.071883
0.071883
0.071883
0.071883
0.071883
0.071883
0.071859
0.071859
0.071859
0.071859
0.071859
0.071859
0.071859
0.071859
0.071859
0.071859
0.071834
0.071834
0.071834
0.071834
0.071834
0.071834
0.071834
0.071809
0.071809
0.071809
0.071809
0.071809
0.071809
0.071809
0.071785
0.071785
0.071785
0.071785
0.07176
0.071785
0.071785
0.071785
0.07176
0.07176
0.07176
0.07176
0.07176
0.07176
0.071735
0.071735
0.071735
0.071735
0.071735
0.071711
0.071711
0.071711
0.071711
0.071711
0.071686
0.071686
0.071686
0.071686
0.071686
0.071662
0.071662
0.071662
0.071662
0.071662
0.071662
0.071637
0.071637
0.071637
0.071637
0.071637
0.071637
0.071637
0.071637
0.071637
0.071637
0.071637
0.071612
0.071612
0.071612
0.071612
0.071612
0.071612
0.071612
0.071612
0.071612
0.071612
0.071612
0.071612
0.071612
0.071612
0.071612
0.071588
0.071588
0.071588
0.071588
0.071588
0.071588
0.071588
0.071588
0.071588
0.071563
0.071563
0.071563
0.071563
0.071563
0.071563
0.071563
0.071563
0.071563
0.071563
0.071563
0.071539
0.071539
0.071539
0.071539
0.071539
0.071539
0.071514
0.071514
0.071514
0.071514
0.071514
0.071514
0.071514
0.071489
0.071489
0.071489
0.071489
0.071489
0.071489
0.071489
0.071489
0.071489
0.071465
0.071465
0.071465
0.071465
0.071465
0.071465
0.071465
0.071465
0.071465
0.071465
0.07144
0.07144
0.07144
0.07144
0.07144
0.07144
0.07144
0.07144
0.07144
0.071415
0.071415
0.071415
0.071415
0.071415
0.071415
0.071415
0.071415
0.071415
0.071391
0.071415
0.071415
0.071391
0.071391
0.071391
0.071391
0.071391
0.071391
0.071391
0.071366
0.071366
0.071366
0.071391
0.071366
0.071366
0.071342
0.071317
0.071243
0.071169
0.071095
0.071022
0.070923
0.070849
0.070825
0.070898
0.070997
0.07112
0.071194
0.071268
0.071317
0.071342
0.071342
0.071342
0.071317
0.071317
0.071317
0.071317
0.071317
0.071317
0.071317
0.071292
0.071292
0.071292
0.071292
0.071292
0.071292
0.071292
0.071292
0.071292
0.071292
0.071292
0.071292
0.071292
0.071268
0.071268
0.071268
0.071268
0.071268
0.071268
0.071268
0.071243
0.071243
0.071243
0.071243
0.071243
0.071243
0.071243
0.071243
0.071243
0.071243
0.071218
0.071218
0.071218
0.071218
0.071218
0.071194
0.071194
0.071194
0.071194
0.071194
0.071194
0.071194
0.071194
0.071169
0.071169
0.071169
0.071169
0.071169
0.071169
0.071169
0.071145
0.071145
0.071145
0.071145
0.071145
0.071145
0.07112
0.07112
0.07112
0.07112
0.07112
0.07112
0.07112
0.07112
0.07112
0.07112
0.071095
0.071095
0.071095
0.071095
0.071095
