2018
8
9
9
54
10.645
-0.051131
-0.050835
-0.050392
-0.050417
-0.050884
-0.051155
-0.05086
-0.050392
-0.050392
-0.05086
-0.051131
-0.050835
-0.050367
-0.050392
-0.05086
-0.051131
-0.050835
-0.050392
-0.050392
-0.050835
-0.051106
-0.050835
-0.050343
-0.050343
-0.050811
-0.051081
-0.050811
-0.050343
-0.050343
-0.050811
-0.051106
-0.050835
-0.050343
-0.050318
-0.050761
-0.051057
-0.050811
-0.050318
-0.050294
-0.050761
-0.050269
-0.050737
-0.051032
-0.050786
-0.050318
-0.050269
-0.050737
-0.051032
-0.050786
-0.050318
-0.050269
-0.050712
-0.051032
-0.050786
-0.050294
-0.050244
-0.050687
-0.051007
-0.050786
-0.050318
-0.050269
-0.050712
-0.051032
-0.050786
-0.050318
-0.050244
-0.050687
-0.051007
-0.050786
-0.050318
-0.050244
-0.050687
-0.051007
-0.050786
-0.050318
-0.050244
-0.050687
-0.051007
-0.050786
-0.050294
-0.050761
-0.050269
-0.050195
-0.050614
-0.050958
-0.050761
-0.050269
-0.050195
-0.050638
-0.051007
-0.05086
-0.050367
-0.050269
-0.050687
-0.051032
-0.050835
-0.050343
-0.05022
-0.050614
-0.050983
-0.050786
-0.050294
-0.050195
-0.050589
-0.050958
-0.050761
-0.050269
-0.050146
-0.050564
-0.050934
-0.050761
-0.050244
-0.050146
-0.05054
-0.050884
-0.050737
-0.050244
-0.050121
-0.050515
-0.050884
-0.050515
-0.050884
-0.050737
-0.050244
-0.050097
-0.050491
-0.050884
-0.050737
-0.050244
-0.050097
-0.050491
-0.050884
-0.050737
-0.050244
-0.050072
-0.050466
-0.050884
-0.050737
-0.050244
-0.050097
-0.050466
-0.05086
-0.050737
-0.050244
-0.050072
-0.050441
-0.05086
-0.050712
-0.05022
-0.050047
-0.050417
-0.050835
-0.050712
-0.05022
-0.050047
-0.050417
-0.050835
-0.050712
-0.05022
-0.050047
-0.050047
-0.050417
-0.050835
-0.050737
-0.05022
-0.050047
-0.050417
-0.050835
-0.050761
-0.050269
-0.050072
-0.050417
-0.050835
-0.050761
-0.050244
-0.050047
-0.050417
-0.05086
-0.050761
-0.050269
-0.050072
-0.050417
-0.050835
-0.050761
-0.050269
-0.050047
-0.050392
-0.050835
-0.050761
-0.050269
-0.050047
-0.050392
-0.050835
-0.050761
-0.050269
-0.050047
-0.050367
-0.050835
-0.050761
-0.050269
-0.050761
-0.050269
-0.050047
-0.050367
-0.050811
-0.050737
-0.050269
-0.050023
-0.050343
-0.050786
-0.050737
-0.050244
-0.049998
-0.050318
-0.050761
-0.050737
-0.050269
-0.050023
-0.050318
-0.050786
-0.050761
-0.050269
-0.050023
-0.050318
-0.050786
-0.050761
-0.050294
-0.050023
-0.050318
-0.050786
-0.050761
-0.050269
-0.050023
-0.050294
-0.050761
-0.050737
-0.050269
-0.049998
-0.050269
-0.050712
-0.050244
-0.050712
-0.050712
-0.05022
-0.049949
-0.05022
-0.050687
-0.050712
-0.050244
-0.049974
-0.050244
-0.050712
-0.050712
-0.050244
-0.049949
-0.050195
-0.050687
-0.050687
-0.05022
-0.049924
-0.050195
-0.050663
-0.050663
-0.05022
-0.049924
-0.050195
-0.050687
-0.050737
-0.050318
-0.050023
-0.050269
-0.050737
-0.050761
-0.050294
-0.049974
-0.05022
-0.050712
-0.050737
-0.050269
-0.049949
-0.050244
-0.049949
-0.05017
-0.050663
-0.050712
-0.050269
-0.049949
-0.05017
-0.050663
-0.050712
-0.050269
-0.049949
-0.050146
-0.050638
-0.050687
-0.050244
-0.0499
-0.050146
-0.050638
-0.050687
-0.050269
-0.049924
-0.050146
-0.050638
-0.050687
-0.050269
-0.049924
-0.050121
-0.050614
-0.050663
-0.050244
-0.0499
-0.050097
-0.050589
-0.050663
-0.05022
-0.049875
-0.050072
-0.050564
-0.050638
-0.05054
-0.050638
-0.05022
-0.04985
-0.050023
-0.050515
-0.050638
-0.05022
-0.04985
-0.050023
-0.05054
-0.050638
-0.05022
-0.04985
-0.050023
-0.050515
-0.050638
-0.05022
-0.04985
-0.049998
-0.050515
-0.050614
-0.05022
-0.049826
-0.049998
-0.050491
-0.050614
-0.050195
-0.049826
-0.049974
-0.050466
-0.050589
-0.050195
-0.049826
-0.049949
-0.050466
-0.050589
-0.05022
-0.049826
-0.049974
-0.049826
-0.049974
-0.050466
-0.050589
-0.05022
-0.049826
-0.049949
-0.050441
-0.050614
-0.05022
-0.049826
-0.049924
-0.050441
-0.050589
-0.050195
-0.049801
-0.0499
-0.050417
-0.050564
-0.050195
-0.049801
-0.0499
-0.050392
-0.050564
-0.050195
-0.049777
-0.0499
-0.050392
-0.050564
-0.050195
-0.049777
-0.049875
-0.050367
-0.05054
-0.050195
-0.049777
-0.049875
-0.050367
-0.05054
-0.050195
-0.05054
-0.05017
-0.049752
-0.049826
-0.050318
-0.050515
-0.050146
-0.049727
-0.049801
-0.050294
-0.050491
-0.05017
-0.049727
-0.049826
-0.050318
-0.050515
-0.05017
-0.049752
-0.049801
-0.050294
-0.050491
-0.05017
-0.049727
-0.049801
-0.050294
-0.050515
-0.05017
-0.049727
-0.049777
-0.050244
-0.050466
-0.050146
-0.049703
-0.049752
-0.050244
-0.050466
-0.050146
-0.049727
-0.049777
-0.050244
-0.049752
-0.050244
-0.050466
-0.05017
-0.049727
-0.049752
-0.05022
-0.050466
-0.050146
-0.049703
-0.049727
-0.050195
-0.050441
-0.050146
-0.049678
-0.049703
-0.05017
-0.050441
-0.050146
-0.049678
-0.049678
-0.050146
-0.050392
-0.050097
-0.049654
-0.049654
-0.050121
-0.050367
-0.050097
-0.049629
-0.049629
-0.050097
-0.050367
-0.050072
-0.049604
-0.049604
-0.050047
-0.050318
-0.050047
-0.04958
-0.050097
-0.049678
-0.049678
-0.050121
-0.050417
-0.050146
-0.049678
-0.049654
-0.050097
-0.050392
-0.050121
-0.049654
-0.049604
-0.050047
-0.050343
-0.050097
-0.049629
-0.049604
-0.050047
-0.050343
-0.050097
-0.049604
-0.04958
-0.050023
-0.050318
-0.050072
-0.04958
-0.049555
-0.049998
-0.050318
-0.050097
-0.049604
-0.049555
-0.050023
-0.050318
-0.050097
-0.049604
-0.049555
-0.049998
-0.050318
-0.049998
-0.050318
-0.050097
-0.04958
-0.04953
-0.049949
-0.050294
-0.050072
-0.04958
-0.049506
-0.049949
-0.050269
-0.050072
-0.04958
-0.049506
-0.049949
-0.050269
-0.050072
-0.04958
-0.049506
-0.049924
-0.050269
-0.050072
-0.04958
-0.049481
-0.0499
-0.050244
-0.050047
-0.04958
-0.049481
-0.0499
-0.050244
-0.050072
-0.049555
-0.049457
-0.049875
-0.050244
-0.050047
-0.049555
-0.049457
-0.049457
-0.049875
-0.050244
-0.050072
-0.04958
-0.049457
-0.04985
-0.05022
-0.050072
-0.049555
-0.049432
-0.04985
-0.05022
-0.050047
-0.049555
-0.049407
-0.049826
-0.05022
-0.050047
-0.049555
-0.049407
-0.049801
-0.05017
-0.050023
-0.04953
-0.049407
-0.049801
-0.05017
-0.050047
-0.04953
-0.049383
-0.049777
-0.05017
-0.050023
-0.04953
-0.049383
-0.049752
-0.05017
-0.050023
-0.04953
-0.04953
-0.049358
-0.049727
-0.050146
-0.050023
-0.049506
-0.049358
-0.049703
-0.050121
-0.049998
-0.049506
-0.049334
-0.049703
-0.050097
-0.049998
-0.049506
-0.049334
-0.049678
-0.050097
-0.049974
-0.049481
-0.049309
-0.049654
-0.050072
-0.049974
-0.049481
-0.049284
-0.049629
-0.050072
-0.049974
-0.049481
-0.049284
-0.049629
-0.050047
-0.049974
-0.049481
-0.049284
-0.049604
-0.050047
-0.049974
-0.050023
-0.049949
-0.049457
-0.04926
-0.04958
-0.049998
-0.049924
-0.049432
-0.049235
-0.049555
-0.049974
-0.0499
-0.049432
-0.04921
-0.049555
-0.049974
-0.049924
-0.049432
-0.04921
-0.04953
-0.049974
-0.049924
-0.049432
-0.04921
-0.049506
-0.049949
-0.0499
-0.049407
-0.049186
-0.049481
-0.049924
-0.049875
-0.049407
-0.049161
-0.049457
-0.0499
-0.04985
-0.049383
-0.049161
-0.049432
-0.049137
-0.049432
-0.049875
-0.04985
-0.049383
-0.049112
-0.049407
-0.04985
-0.04985
-0.049383
-0.049112
-0.049383
-0.04985
-0.049826
-0.049358
-0.049087
-0.049358
-0.049826
-0.049826
-0.049334
-0.049063
-0.049334
-0.049801
-0.049777
-0.049309
-0.049038
-0.049284
-0.049727
-0.049752
-0.049284
-0.048989
-0.04926
-0.049727
-0.049752
-0.049309
-0.049087
-0.049334
-0.049801
-0.049826
-0.049383
-0.049777
-0.049334
-0.049038
-0.04926
-0.049752
-0.049777
-0.049334
-0.049038
-0.04926
-0.049727
-0.049777
-0.049334
-0.049038
-0.04926
-0.049727
-0.049752
-0.049309
-0.049013
-0.049235
-0.049703
-0.049752
-0.049309
-0.048989
-0.04921
-0.049678
-0.049727
-0.049309
-0.048989
-0.04921
-0.049678
-0.049727
-0.049284
-0.048964
-0.049161
-0.049654
-0.049703
-0.049284
-0.04894
-0.049161
-0.049629
-0.049112
-0.049604
-0.049678
-0.049235
-0.048915
-0.049112
-0.04958
-0.049654
-0.049235
-0.04889
-0.049087
-0.04958
-0.049654
-0.049235
-0.04889
-0.049063
-0.049555
-0.049654
-0.049235
-0.04889
-0.049063
-0.04953
-0.049629
-0.04921
-0.048866
-0.049038
-0.049506
-0.049604
-0.04921
-0.048841
-0.049013
-0.049506
-0.049604
-0.04921
-0.048841
-0.049013
-0.049506
-0.049604
-0.04921
-0.048841
-0.049186
-0.048841
-0.048989
-0.049457
-0.04958
-0.049186
-0.048817
-0.048964
-0.049432
-0.04958
-0.049186
-0.048817
-0.04894
-0.049432
-0.049555
-0.049186
-0.048792
-0.048915
-0.049407
-0.04953
-0.049161
-0.048767
-0.04889
-0.049383
-0.04953
-0.049161
-0.048767
-0.04889
-0.049358
-0.049506
-0.049137
-0.048743
-0.048866
-0.049358
-0.049506
-0.049137
-0.048743
-0.048841
-0.049334
-0.049481
-0.049309
-0.049457
-0.049112
-0.048693
-0.048792
-0.049284
-0.049457
-0.049087
-0.048669
-0.048767
-0.049235
-0.049407
-0.049087
-0.048669
-0.048767
-0.049235
-0.049407
-0.049063
-0.048644
-0.048718
-0.049186
-0.049383
-0.049038
-0.04862
-0.048693
-0.049161
-0.049358
-0.049013
-0.048595
-0.048669
-0.049137
-0.049334
-0.049013
-0.04857
-0.048644
-0.049112
-0.049309
-0.048989
-0.04857
-0.04862
-0.048546
-0.04862
-0.049087
-0.049284
-0.048964
-0.048546
-0.048595
-0.049063
-0.049284
-0.048964
-0.048546
-0.048595
-0.049063
-0.04926
-0.048964
-0.048521
-0.048546
-0.049013
-0.049235
-0.048915
-0.048497
-0.048546
-0.048989
-0.04921
-0.04889
-0.048447
-0.048472
-0.04894
-0.049161
-0.048841
-0.048423
-0.048423
-0.04889
-0.049137
-0.048866
-0.048447
-0.048497
-0.048989
-0.049235
-0.048964
-0.049186
-0.04889
-0.048447
-0.048423
-0.048866
-0.049137
-0.048866
-0.048398
-0.048423
-0.048866
-0.049137
-0.048866
-0.048423
-0.048423
-0.048866
-0.049137
-0.048866
-0.048398
-0.048373
-0.048841
-0.049087
-0.048817
-0.048373
-0.048349
-0.048792
-0.049087
-0.048817
-0.048373
-0.048349
-0.048792
-0.049087
-0.048817
-0.048373
-0.048324
-0.048767
-0.049038
-0.048792
-0.048324
-0.0483
-0.048718
-0.048693
-0.048989
-0.048743
-0.0483
-0.04825
-0.048693
-0.048989
-0.048767
-0.0483
-0.04825
-0.048669
-0.048964
-0.048743
-0.048275
-0.048226
-0.048669
-0.048964
-0.048743
-0.048275
-0.048226
-0.048644
-0.04894
-0.048743
-0.048275
-0.048201
-0.04862
-0.04894
-0.048718
-0.048275
-0.048201
-0.04862
-0.04894
-0.048743
-0.048275
-0.048201
-0.04862
-0.04894
-0.048743
-0.04825
-0.048176
-0.04825
-0.048176
-0.04857
-0.048915
-0.048718
-0.04825
-0.048176
-0.048595
-0.048915
-0.048743
-0.04825
-0.048152
-0.048546
-0.04889
-0.048718
-0.048226
-0.048127
-0.048521
-0.048866
-0.048693
-0.048226
-0.048127
-0.048521
-0.048866
-0.048693
-0.048226
-0.048127
-0.048497
-0.048841
-0.048669
-0.048201
-0.048078
-0.048472
-0.048817
-0.048669
-0.048201
-0.048078
-0.048447
-0.048817
-0.048669
-0.048792
-0.048644
-0.048176
-0.048053
-0.048423
-0.048792
-0.048669
-0.048176
-0.048029
-0.048423
-0.048792
-0.048644
-0.048176
-0.048029
-0.048398
-0.048767
-0.048644
-0.048152
-0.048029
-0.048373
-0.048743
-0.04862
-0.048152
-0.048004
-0.048349
-0.048743
-0.04862
-0.048152
-0.04798
-0.048324
-0.048718
-0.048595
-0.048127
-0.047955
-0.0483
-0.048693
-0.04857
-0.048103
-0.047955
-0.0483
-0.04793
-0.04825
-0.048644
-0.048546
-0.048078
-0.047906
-0.04825
-0.048644
-0.048546
-0.048078
-0.047906
-0.048226
-0.04862
-0.048546
-0.048078
-0.047881
-0.048201
-0.048595
-0.048521
-0.048078
-0.047881
-0.048176
-0.048595
-0.048521
-0.048053
-0.047856
-0.048176
-0.048595
-0.048497
-0.048029
-0.047832
-0.048127
-0.048546
-0.048472
-0.048004
-0.047807
-0.048103
-0.048497
-0.048447
-0.04798
-0.048447
-0.048029
-0.047856
-0.048152
-0.04857
-0.048521
-0.048053
-0.047832
-0.048103
-0.048521
-0.048472
-0.048004
-0.047783
-0.048078
-0.048497
-0.048472
-0.048004
-0.047783
-0.048078
-0.048497
-0.048472
-0.048029
-0.047783
-0.048053
-0.048497
-0.048447
-0.048004
-0.047758
-0.048029
-0.048472
-0.048423
-0.04798
-0.047733
-0.048004
-0.048447
-0.048423
-0.047955
-0.047733
-0.04798
-0.048423
-0.04798
-0.048398
-0.048398
-0.047955
-0.047684
-0.04793
-0.048373
-0.048373
-0.04793
-0.04766
-0.047906
-0.048349
-0.048349
-0.047906
-0.047635
-0.047881
-0.048324
-0.048324
-0.047906
-0.047635
-0.047856
-0.048324
-0.048324
-0.047906
-0.04761
-0.047856
-0.0483
-0.0483
-0.047881
-0.047586
-0.047832
-0.048275
-0.0483
-0.047856
-0.047586
-0.047807
-0.048275
-0.0483
-0.047881
-0.047586
-0.047881
-0.047586
-0.047807
-0.048275
-0.0483
-0.047881
-0.047586
-0.047807
-0.04825
-0.0483
-0.047881
-0.047561
-0.047783
-0.048226
-0.048275
-0.047881
-0.047561
-0.047758
-0.048226
-0.048275
-0.047856
-0.047536
-0.047733
-0.048201
-0.04825
-0.047856
-0.047536
-0.047709
-0.048176
-0.04825
-0.047832
-0.047512
-0.047709
-0.048152
-0.048226
-0.047832
-0.047487
-0.04766
-0.048127
-0.048201
-0.048127
-0.048201
-0.047807
-0.047487
-0.047635
-0.048103
-0.048201
-0.047807
-0.047463
-0.04761
-0.048078
-0.048176
-0.047783
-0.047438
-0.04761
-0.048053
-0.048152
-0.047783
-0.047413
-0.047586
-0.048053
-0.048152
-0.047783
-0.047413
-0.047561
-0.048029
-0.048152
-0.047783
-0.047413
-0.047561
-0.048029
-0.048152
-0.047758
-0.047413
-0.047536
-0.048004
-0.048127
-0.047758
-0.047389
-0.047536
-0.047389
-0.047512
-0.04798
-0.048127
-0.047783
-0.047389
-0.047512
-0.04798
-0.048127
-0.047758
-0.047389
-0.047487
-0.04798
-0.048103
-0.047758
-0.047364
-0.047487
-0.04793
-0.048103
-0.047733
-0.047339
-0.047438
-0.047906
-0.048078
-0.047733
-0.047339
-0.047438
-0.047881
-0.048053
-0.047709
-0.047315
-0.047413
-0.047856
-0.048029
-0.047684
-0.047266
-0.047364
-0.047856
-0.048029
-0.047733
-0.048103
-0.047758
-0.047364
-0.047438
-0.047881
-0.048053
-0.047733
-0.047315
-0.047389
-0.047832
-0.048029
-0.047709
-0.04729
-0.047339
-0.047807
-0.048004
-0.047684
-0.047266
-0.047339
-0.047807
-0.048004
-0.047684
-0.047266
-0.047315
-0.047783
-0.04798
-0.04766
-0.047241
-0.04729
-0.047758
-0.047955
-0.04766
-0.047216
-0.047266
-0.047733
-0.047955
-0.047635
-0.047192
-0.047216
-0.047684
-0.047143
-0.04761
-0.047832
-0.047536
-0.047093
-0.047143
-0.04761
-0.047856
-0.047561
-0.047143
-0.047167
-0.04761
-0.047856
-0.047561
-0.047143
-0.047143
-0.04761
-0.047832
-0.047561
-0.047118
-0.047143
-0.04761
-0.047856
-0.047561
-0.047118
-0.047143
-0.047586
-0.047856
-0.047586
-0.047143
-0.047143
-0.04761
-0.047856
-0.047586
-0.047143
-0.047143
-0.047586
-0.047856
-0.04761
-0.047143
-0.047561
-0.047118
-0.047118
-0.047561
-0.047832
-0.047586
-0.047118
-0.047093
-0.047536
-0.047807
-0.047561
-0.047069
-0.047044
-0.047487
-0.047783
-0.047536
-0.047069
-0.047019
-0.047463
-0.047758
-0.047512
-0.047044
-0.047019
-0.047463
-0.047758
-0.047536
-0.047069
-0.047019
-0.047438
-0.047733
-0.047512
-0.047044
-0.046995
-0.047438
-0.047758
-0.047512
-0.047044
-0.046995
-0.047413
-0.047733
-0.047413
-0.047733
-0.047512
-0.047044
-0.04697
-0.047389
-0.047684
-0.047487
-0.047019
-0.046946
-0.047364
-0.047684
-0.047487
-0.047019
-0.046946
-0.047339
-0.04766
-0.047463
-0.046995
-0.046896
-0.047315
-0.04766
-0.047463
-0.04697
-0.046896
-0.04729
-0.047635
-0.047463
-0.046995
-0.046921
-0.047315
-0.04766
-0.047487
-0.046995
-0.046896
-0.047315
-0.04766
-0.047487
-0.046995
-0.046896
-0.046995
-0.046872
-0.047241
-0.04761
-0.047438
-0.046946
-0.046823
-0.047216
-0.047561
-0.047413
-0.046921
-0.046798
-0.047167
-0.047512
-0.047364
-0.046872
-0.046749
-0.047143
-0.047512
-0.047364
-0.046872
-0.046749
-0.047118
-0.047487
-0.047339
-0.046872
-0.046699
-0.047069
-0.047438
-0.047315
-0.046847
-0.046724
-0.047093
-0.047487
-0.047413
-0.046946
-0.046798
-0.047167
-0.047536
-0.047413
-0.047487
-0.047364
-0.046896
-0.046724
-0.047069
-0.047438
-0.047339
-0.046847
-0.046699
-0.047044
-0.047438
-0.047315
-0.046847
-0.046675
-0.047019
-0.047389
-0.04729
-0.046823
-0.04665
-0.04697
-0.047364
-0.04729
-0.046823
-0.04665
-0.046995
-0.047389
-0.04729
-0.046823
-0.04665
-0.04697
-0.047364
-0.04729
-0.046823
-0.046626
-0.046921
-0.047315
-0.047241
-0.046749
-0.046576
-0.046896
-0.046576
-0.046872
-0.047315
-0.047241
-0.046773
-0.046576
-0.046872
-0.04729
-0.047216
-0.046749
-0.046552
-0.046847
-0.047266
-0.047192
-0.046749
-0.046527
-0.046823
-0.047241
-0.047192
-0.046749
-0.046527
-0.046823
-0.047241
-0.047192
-0.046749
-0.046527
-0.046823
-0.047241
-0.047192
-0.046749
-0.046502
-0.046798
-0.047216
-0.047192
-0.046749
-0.046502
-0.046798
-0.047241
-0.047192
-0.046749
-0.047167
-0.046699
-0.046453
-0.046724
-0.047167
-0.047167
-0.046724
-0.046478
-0.046749
-0.047167
-0.047143
-0.046699
-0.046453
-0.046724
-0.047143
-0.047143
-0.046675
-0.046404
-0.046675
-0.047093
-0.047093
-0.046675
-0.046429
-0.046675
-0.047118
-0.047118
-0.046675
-0.046404
-0.04665
-0.047093
-0.047093
-0.04665
-0.046379
-0.046626
-0.047069
-0.047093
-0.046626
-0.046355
-0.046601
-0.047019
-0.046995
-0.047044
-0.046601
-0.04633
-0.046552
-0.046995
-0.047019
-0.046601
-0.04633
-0.046552
-0.046995
-0.047019
-0.046601
-0.046306
-0.046527
-0.04697
-0.04697
-0.046527
-0.046256
-0.046453
-0.046896
-0.046921
-0.046502
-0.046232
-0.046429
-0.046896
-0.046946
-0.046527
-0.046232
-0.046429
-0.046872
-0.046921
-0.046502
-0.046207
-0.046404
-0.046847
-0.046896
-0.046502
-0.046207
-0.046379
-0.046207
-0.046379
-0.046847
-0.046921
-0.046527
-0.046182
-0.046355
-0.046823
-0.046896
-0.046478
-0.046158
-0.04633
-0.046773
-0.046847
-0.046478
-0.046158
-0.04633
-0.046823
-0.046946
-0.046576
-0.046232
-0.046404
-0.046823
-0.046921
-0.046527
-0.046182
-0.04633
-0.046798
-0.046896
-0.046502
-0.046158
-0.04633
-0.046773
-0.046896
-0.046502
-0.046182
-0.04633
-0.046798
-0.046896
-0.046527
-0.046872
-0.046502
-0.046133
-0.046281
-0.046724
-0.046847
-0.046478
-0.046133
-0.046256
-0.046724
-0.046847
-0.046478
-0.046109
-0.046232
-0.046699
-0.046823
-0.046453
-0.046084
-0.046207
-0.046675
-0.046798
-0.046453
-0.046059
-0.046182
-0.04665
-0.046798
-0.046429
-0.046059
-0.046182
-0.046626
-0.046773
-0.046404
-0.046035
-0.046158
-0.046626
-0.046773
-0.046429
-0.046059
-0.046158
-0.046626
-0.046158
-0.046601
-0.046749
-0.046429
-0.046035
-0.046109
-0.046576
-0.046724
-0.046404
-0.04601
-0.046084
-0.046552
-0.046724
-0.046404
-0.04601
-0.046084
-0.046552
-0.046724
-0.046404
-0.04601
-0.046084
-0.046527
-0.046699
-0.046379
-0.045961
-0.046035
-0.046502
-0.046675
-0.046355
-0.045961
-0.04601
-0.046478
-0.04665
-0.04633
-0.045936
-0.045986
-0.046429
-0.046626
-0.04633
-0.045912
-0.046306
-0.045887
-0.045936
-0.046379
-0.046601
-0.046306
-0.045887
-0.045936
-0.046379
-0.046576
-0.046281
-0.045862
-0.045887
-0.04633
-0.046552
-0.046281
-0.045862
-0.045887
-0.04633
-0.046576
-0.046281
-0.045862
-0.045887
-0.046306
-0.046527
-0.046256
-0.045838
-0.045862
-0.046281
-0.046527
-0.046232
-0.045813
-0.045813
-0.046256
-0.046502
-0.046232
-0.045789
-0.045813
-0.046232
-0.046478
-0.046232
-0.046478
-0.046207
-0.045764
-0.045764
-0.046182
-0.046453
-0.046182
-0.045739
-0.045739
-0.046158
-0.046404
-0.046158
-0.045739
-0.045739
-0.046158
-0.046404
-0.046158
-0.045715
-0.04569
-0.046109
-0.046379
-0.046133
-0.04569
-0.045665
-0.046084
-0.046355
-0.046133
-0.045665
-0.045641
-0.046084
-0.046355
-0.046109
-0.045665
-0.045616
-0.04601
-0.046306
-0.046084
-0.045616
-0.045567
-0.045592
-0.045542
-0.045986
-0.046281
-0.046109
-0.04569
-0.045641
-0.046035
-0.04633
-0.046109
-0.045665
-0.045592
-0.045986
-0.046281
-0.046059
-0.045616
-0.045567
-0.045961
-0.046256
-0.046059
-0.045592
-0.045542
-0.045936
-0.046232
-0.046035
-0.045592
-0.045518
-0.045912
-0.046207
-0.046035
-0.045567
-0.045493
-0.045887
-0.046207
-0.04601
-0.045542
-0.045469
-0.045862
-0.046182
-0.045986
-0.046158
-0.045986
-0.045542
-0.045444
-0.045813
-0.046133
-0.045961
-0.045518
-0.045419
-0.045789
-0.046109
-0.045936
-0.045469
-0.04537
-0.045739
-0.046084
-0.045912
-0.045469
-0.04537
-0.045739
-0.046059
-0.045912
-0.045444
-0.045345
-0.045715
-0.046059
-0.045912
-0.045444
-0.045321
-0.04569
-0.046035
-0.045887
-0.045444
-0.045321
-0.045665
-0.04601
-0.045887
-0.045419
-0.045296
-0.045641
-0.045272
-0.045641
-0.045986
-0.045862
-0.045419
-0.045272
-0.045616
-0.045961
-0.045862
-0.045395
-0.045272
-0.045616
-0.045986
-0.045838
-0.045395
-0.045247
-0.045567
-0.045936
-0.045838
-0.045395
-0.045222
-0.045567
-0.045961
-0.045838
-0.045395
-0.045222
-0.045567
-0.045936
-0.045838
-0.04537
-0.045222
-0.045542
-0.045912
-0.045813
-0.04537
-0.045198
-0.045518
-0.045887
-0.045789
-0.045345
-0.045764
-0.045321
-0.045149
-0.045444
-0.045838
-0.045764
-0.045296
-0.045124
-0.045419
-0.045813
-0.045739
-0.045296
-0.045099
-0.045395
-0.045813
-0.045739
-0.045296
-0.045099
-0.045395
-0.045789
-0.045739
-0.045272
-0.045075
-0.04537
-0.045764
-0.045715
-0.045247
-0.045025
-0.045321
-0.045715
-0.045665
-0.045222
-0.045001
-0.045296
-0.04569
-0.045641
-0.045198
-0.044976
-0.045272
-0.045665
-0.045592
-0.045149
-0.044927
-0.045198
-0.045616
-0.045567
-0.045124
-0.044902
-0.045173
-0.045592
-0.045567
-0.045124
-0.044878
-0.045149
-0.045567
-0.045542
-0.045124
-0.044878
-0.045124
-0.045542
-0.045542
-0.045099
-0.044853
-0.045099
-0.045542
-0.045542
-0.045099
-0.044853
-0.045099
-0.045518
-0.045518
-0.045075
-0.044828
-0.045075
-0.045493
-0.045493
-0.04505
-0.044804
-0.045025
-0.045444
-0.045025
-0.045444
-0.045419
-0.045001
-0.04473
-0.044952
-0.045395
-0.045395
-0.044976
-0.044681
-0.044927
-0.04537
-0.045419
-0.045001
-0.044779
-0.045001
-0.045444
-0.045469
-0.04505
-0.044755
-0.044976
-0.045395
-0.045419
-0.045001
-0.044705
-0.044927
-0.045345
-0.045395
-0.044976
-0.044681
-0.044902
-0.045345
-0.045395
-0.044976
-0.044681
-0.044902
-0.045345
-0.045395
-0.044976
-0.044681
-0.044952
-0.044656
-0.044853
-0.045296
-0.04537
-0.044976
-0.044656
-0.044853
-0.045296
-0.045345
-0.044952
-0.044656
-0.044828
-0.045272
-0.045321
-0.044927
-0.044607
-0.044779
-0.045222
-0.045296
-0.044902
-0.044582
-0.044755
-0.045198
-0.045272
-0.044902
-0.044582
-0.044755
-0.045198
-0.045272
-0.044902
-0.044582
-0.04473
-0.045173
-0.045272
-0.044878
-0.044558
-0.044705
-0.045149
-0.045222
-0.045124
-0.045222
-0.044853
-0.044508
-0.044656
-0.045099
-0.045222
-0.044853
-0.044508
-0.044656
-0.045099
-0.045222
-0.044853
-0.044508
-0.044632
-0.045099
-0.045222
-0.044853
-0.044508
-0.044632
-0.045075
-0.045198
-0.044853
-0.044484
-0.044607
-0.045075
-0.045198
-0.044853
-0.044484
-0.044607
-0.04505
-0.045198
-0.044853
-0.044484
-0.044582
-0.04505
-0.045173
-0.044828
-0.044459
-0.044558
-0.044533
-0.045001
-0.045149
-0.044804
-0.044435
-0.044533
-0.044976
-0.045124
-0.044804
-0.04441
-0.044508
-0.044952
-0.045124
-0.044804
-0.04441
-0.044484
-0.044952
-0.045124
-0.044779
-0.044385
-0.044484
-0.044927
-0.045099
-0.044804
-0.04441
-0.044459
-0.044927
-0.045099
-0.044779
-0.044385
-0.044435
-0.044878
-0.045075
-0.044755
-0.044361
-0.04441
-0.044853
-0.04505
-0.04473
-0.044312
-0.04473
-0.044312
-0.044361
-0.044804
-0.045001
-0.044705
-0.044287
-0.044336
-0.044779
-0.045001
-0.044705
-0.044287
-0.044336
-0.044779
-0.045001
-0.044705
-0.044287
-0.044312
-0.04473
-0.044976
-0.044681
-0.044238
-0.044262
-0.04473
-0.044927
-0.044656
-0.044238
-0.044262
-0.044681
-0.044902
-0.044632
-0.044213
-0.044238
-0.044681
-0.044902
-0.044632
-0.044213
-0.044238
-0.044656
-0.044902
-0.044656
-0.044902
-0.044656
-0.044213
-0.044213
-0.044656
-0.044878
-0.044632
-0.044188
-0.044188
-0.044607
-0.044853
-0.044607
-0.044164
-0.044164
-0.044582
-0.044828
-0.044607
-0.044164
-0.044164
-0.044558
-0.044828
-0.044582
-0.044139
-0.044115
-0.044533
-0.044804
-0.044558
-0.044115
-0.044065
-0.044508
-0.044779
-0.044582
-0.044164
-0.044164
-0.044582
-0.044853
-0.044632
-0.044164
-0.044115
-0.044139
-0.04409
-0.044508
-0.044804
-0.044582
-0.044115
-0.044065
-0.044459
-0.044755
-0.044558
-0.044115
-0.044065
-0.044459
-0.044755
-0.044533
-0.04409
-0.044016
-0.04441
-0.04473
-0.044533
-0.044065
-0.044016
-0.04441
-0.044705
-0.044533
-0.044065
-0.044016
-0.04441
-0.044705
-0.044533
-0.044065
-0.043992
-0.044385
-0.044705
-0.044508
-0.044041
-0.043967
-0.044361
-0.044681
-0.044508
-0.044681
-0.044508
-0.044041
-0.043967
-0.044336
-0.044681
-0.044508
-0.044041
-0.043942
-0.044312
-0.044632
-0.044484
-0.044016
-0.043918
-0.044287
-0.044607
-0.044459
-0.043992
-0.043893
-0.044262
-0.044607
-0.044459
-0.043992
-0.043868
-0.044262
-0.044607
-0.044484
-0.044016
-0.043918
-0.044287
-0.044632
-0.044508
-0.044041
-0.043918
-0.044262
-0.044632
-0.044508
-0.044041
-0.043918
-0.044262
-0.043893
-0.044238
-0.044607
-0.044484
-0.044016
-0.043868
-0.044213
-0.044582
-0.044459
-0.044016
-0.043844
-0.044188
-0.044558
-0.044435
-0.043967
-0.043819
-0.044164
-0.044533
-0.044435
-0.043967
-0.043819
-0.044164
-0.044533
-0.044435
-0.043967
-0.043795
-0.044139
-0.044508
-0.04441
-0.043967
-0.04377
-0.04409
-0.044484
-0.044385
-0.043942
-0.043745
-0.044065
-0.044459
-0.044385
-0.043942
-0.04441
-0.043942
-0.04377
-0.044065
-0.044484
-0.04441
-0.043942
-0.043745
-0.044041
-0.044435
-0.044385
-0.043918
-0.043721
-0.044041
-0.044435
-0.044361
-0.043918
-0.043721
-0.044016
-0.04441
-0.044361
-0.043918
-0.043696
-0.043992
-0.04441
-0.044361
-0.043893
-0.043696
-0.043967
-0.044385
-0.044336
-0.043893
-0.043671
-0.043967
-0.044385
-0.044336
-0.043893
-0.043647
-0.043918
-0.044336
-0.044312
-0.043893
-0.043671
-0.043918
-0.044336
-0.044312
-0.043868
-0.043647
-0.043893
-0.044312
-0.044287
-0.043844
-0.043598
-0.043868
-0.044287
-0.044287
-0.043844
-0.043598
-0.043844
-0.044262
-0.044262
-0.043844
-0.043573
-0.043819
-0.044262
-0.044262
-0.043819
-0.043573
-0.043819
-0.044238
-0.044238
-0.043819
-0.043548
-0.043795
-0.044213
-0.044213
-0.043795
-0.043524
-0.04377
-0.044213
