2018
8
9
9
52
55.06
0.096304
0.096254
0.096378
0.096525
0.096501
0.096328
0.096304
0.096501
0.096698
0.096648
0.096427
0.096304
0.096402
0.09655
0.096476
0.096279
0.096107
0.096156
0.096254
0.096181
0.095984
0.095934
0.096107
0.096304
0.096279
0.096082
0.096008
0.096131
0.096304
0.096254
0.096058
0.095959
0.096107
0.096279
0.096254
0.096058
0.095959
0.096082
0.096279
0.096254
0.096328
0.096304
0.096107
0.096008
0.096131
0.096304
0.096279
0.096058
0.095959
0.096058
0.096205
0.096156
0.095959
0.095836
0.095959
0.096131
0.096107
0.09591
0.095787
0.09591
0.096082
0.096082
0.095885
0.095811
0.09591
0.096107
0.096107
0.09591
0.095811
0.095934
0.096107
0.096107
0.095934
0.095836
0.095934
0.096131
0.096107
0.095934
0.095811
0.095934
0.095787
0.095885
0.096058
0.096033
0.095861
0.095738
0.095836
0.096008
0.096008
0.095811
0.095664
0.095738
0.095885
0.095861
0.095664
0.095516
0.09559
0.095762
0.095738
0.095541
0.095417
0.095491
0.095664
0.095664
0.095491
0.095344
0.095442
0.095614
0.095639
0.095442
0.095319
0.095393
0.09559
0.09559
0.095417
0.095294
0.095368
0.095565
0.095565
0.095393
0.095516
0.095344
0.095196
0.09527
0.095442
0.095442
0.09527
0.095147
0.095196
0.095393
0.095393
0.095221
0.095073
0.095147
0.095319
0.095344
0.095171
0.095024
0.095097
0.09527
0.09527
0.095097
0.094974
0.095048
0.095221
0.095245
0.095097
0.09495
0.095024
0.095221
0.09527
0.095097
0.094974
0.095024
0.095196
0.095245
0.095073
0.09495
0.094999
0.095171
0.09495
0.095122
0.095147
0.094974
0.094827
0.094876
0.095048
0.095097
0.094925
0.094777
0.094851
0.094999
0.095048
0.094876
0.094728
0.094802
0.094974
0.095024
0.094851
0.094704
0.094753
0.094925
0.094974
0.094802
0.094654
0.094679
0.094851
0.094901
0.094753
0.094605
0.09463
0.094802
0.094851
0.094704
0.094556
0.094605
0.094777
0.094827
0.094679
0.094507
0.094679
0.09458
0.094654
0.094876
0.09495
0.094802
0.094605
0.09458
0.094704
0.094753
0.094605
0.094433
0.094359
0.094457
0.094482
0.094334
0.094187
0.09426
0.094457
0.094556
0.094433
0.094285
0.09431
0.094507
0.09458
0.094433
0.09426
0.094285
0.094457
0.094531
0.094408
0.09426
0.094285
0.094457
0.094531
0.094433
0.094285
0.09431
0.094507
0.09458
0.094507
0.09458
0.094433
0.09426
0.09426
0.094433
0.094482
0.094359
0.094187
0.094211
0.094384
0.094457
0.094334
0.094162
0.094187
0.094359
0.094433
0.094334
0.094162
0.094162
0.094334
0.094433
0.09431
0.094137
0.094162
0.094334
0.094433
0.094334
0.094162
0.094137
0.094334
0.094408
0.09431
0.094137
0.094137
0.09431
0.094384
0.094285
0.094113
0.094113
0.094064
0.094064
0.094211
0.09431
0.094187
0.094014
0.09399
0.094162
0.094236
0.094137
0.09394
0.093916
0.094088
0.094187
0.094064
0.093891
0.093867
0.094014
0.094113
0.09399
0.093817
0.093793
0.09394
0.094039
0.09394
0.093768
0.093744
0.093916
0.094014
0.093916
0.093744
0.093744
0.093891
0.094014
0.09394
0.093768
0.093793
0.09399
0.094113
0.094039
0.093965
0.093867
0.093694
0.093571
0.093596
0.093596
0.093497
0.093325
0.09335
0.093547
0.09367
0.093596
0.093423
0.093399
0.093547
0.09367
0.093571
0.093399
0.093374
0.093547
0.09367
0.093596
0.093423
0.093399
0.093547
0.093645
0.093571
0.093399
0.09335
0.093497
0.093596
0.093522
0.09335
0.0933
0.093448
0.093571
0.093522
0.093325
0.0933
0.093448
0.093251
0.093399
0.093522
0.093448
0.093251
0.093202
0.09335
0.093473
0.093399
0.093202
0.093153
0.0933
0.093448
0.093374
0.093177
0.093128
0.093276
0.093423
0.09335
0.093177
0.093128
0.093276
0.093399
0.09335
0.093153
0.093103
0.093227
0.093374
0.0933
0.093103
0.093054
0.093177
0.0933
0.093251
0.093054
0.09298
0.093103
0.093227
0.093153
0.092956
0.093054
0.092857
0.092783
0.092907
0.09303
0.09298
0.092808
0.09271
0.092833
0.09298
0.092931
0.092734
0.09266
0.092783
0.092931
0.092882
0.092685
0.092611
0.092734
0.092882
0.092833
0.09266
0.092586
0.09271
0.092857
0.092808
0.092611
0.092537
0.09266
0.092808
0.092759
0.092586
0.092488
0.092611
0.092759
0.09271
0.092537
0.092463
0.092562
0.092734
0.092537
0.092685
0.09266
0.092463
0.092365
0.092488
0.092636
0.092611
0.092414
0.09234
0.092439
0.092586
0.092537
0.092365
0.092266
0.09239
0.092537
0.092513
0.09234
0.092242
0.092365
0.092513
0.092488
0.092316
0.092217
0.092316
0.092488
0.092463
0.092266
0.092168
0.092266
0.092439
0.092414
0.092217
0.092119
0.092217
0.09239
0.092365
0.092193
0.092094
0.092168
0.09207
0.092168
0.092316
0.092291
0.092143
0.092045
0.092119
0.092291
0.092266
0.092094
0.091996
0.092094
0.092266
0.092266
0.09207
0.091971
0.09207
0.092242
0.092217
0.092045
0.091946
0.09202
0.092193
0.092168
0.091996
0.091897
0.091971
0.092143
0.092143
0.091971
0.091848
0.091946
0.092094
0.092094
0.091922
0.091799
0.091897
0.092045
0.092045
0.091996
0.091996
0.091848
0.091725
0.091799
0.091971
0.091971
0.091823
0.0917
0.091774
0.091946
0.091946
0.091774
0.091651
0.091725
0.091897
0.091897
0.091749
0.091651
0.091774
0.091971
0.091996
0.091873
0.091749
0.091774
0.091897
0.091873
0.091725
0.091602
0.091626
0.091725
0.091651
0.091454
0.091356
0.091454
0.091651
0.0917
0.091577
0.091454
0.091553
0.091553
0.091725
0.091749
0.091626
0.091479
0.091577
0.091749
0.091799
0.091651
0.091503
0.091577
0.091725
0.091774
0.091602
0.091454
0.091503
0.091651
0.091676
0.091528
0.09138
0.091429
0.091577
0.091602
0.091454
0.091331
0.09138
0.091553
0.091577
0.091454
0.091331
0.09138
0.091553
0.091602
0.091479
0.091331
0.09138
0.091553
0.091602
0.091454
0.091331
0.091454
0.091306
0.091356
0.091503
0.091553
0.091405
0.091282
0.091306
0.091479
0.091528
0.091405
0.091257
0.091282
0.091454
0.091503
0.09138
0.091208
0.091233
0.091405
0.091454
0.091306
0.091134
0.091159
0.091306
0.091356
0.091233
0.09106
0.091085
0.091233
0.091282
0.091159
0.090986
0.090986
0.091159
0.091208
0.091085
0.090937
0.090937
0.091109
0.091159
0.09106
0.091109
0.090986
0.090814
0.090839
0.090986
0.09106
0.090912
0.090765
0.090789
0.090937
0.090986
0.090863
0.090716
0.090716
0.090863
0.090937
0.090814
0.090642
0.090642
0.090789
0.090863
0.09074
0.090568
0.090592
0.09074
0.090789
0.090691
0.090519
0.090519
0.090666
0.09074
0.090642
0.090469
0.090469
0.090642
0.090691
0.090592
0.090445
0.090445
0.090396
0.090396
0.090568
0.090642
0.090543
0.090371
0.090371
0.090519
0.090592
0.090469
0.090322
0.090297
0.090445
0.090519
0.09042
0.090248
0.090248
0.090396
0.090494
0.090396
0.090223
0.090199
0.090346
0.090445
0.090346
0.090149
0.090149
0.090297
0.090371
0.090272
0.090125
0.0901
0.090248
0.090322
0.090223
0.090075
0.090051
0.090199
0.090297
0.090199
0.090272
0.090149
0.090149
0.090297
0.090396
0.090272
0.090051
0.090002
0.090149
0.090272
0.0901
0.089854
0.089755
0.089879
0.090002
0.089977
0.089829
0.089829
0.090002
0.0901
0.090051
0.089879
0.089879
0.090026
0.090125
0.090026
0.089854
0.089829
0.089952
0.090075
0.090002
0.089829
0.089805
0.089952
0.090051
0.090002
0.089829
0.089829
0.089977
0.090075
0.089928
0.090026
0.089952
0.08978
0.089731
0.089854
0.089977
0.089903
0.089706
0.089682
0.089805
0.089928
0.089854
0.089682
0.089657
0.08978
0.089903
0.089854
0.089682
0.089657
0.089805
0.089928
0.089854
0.089706
0.089657
0.08978
0.089928
0.089854
0.089706
0.089657
0.08978
0.089928
0.089854
0.089706
0.089657
0.08978
0.089928
0.089854
0.089682
0.089632
0.089632
0.089559
0.089682
0.08978
0.089706
0.089534
0.08946
0.089559
0.089657
0.089608
0.089411
0.089362
0.089485
0.089583
0.089534
0.089362
0.089288
0.089411
0.089534
0.089485
0.089312
0.089238
0.089362
0.089485
0.089435
0.089263
0.089214
0.089312
0.08946
0.089411
0.089238
0.089189
0.089288
0.089411
0.089362
0.089189
0.089115
0.089238
0.089362
0.089312
0.089263
0.089214
0.089042
0.088968
0.089091
0.089214
0.089165
0.088992
0.088918
0.089017
0.089165
0.089115
0.088968
0.088894
0.088992
0.089115
0.089091
0.088918
0.088845
0.088943
0.089091
0.089042
0.088869
0.088795
0.088894
0.089042
0.089017
0.088869
0.088771
0.088894
0.089017
0.089017
0.088845
0.088771
0.088869
0.089017
0.088992
0.088845
0.088746
0.088845
0.088697
0.088795
0.088918
0.088918
0.088746
0.088648
0.088746
0.088894
0.088894
0.088746
0.088648
0.088722
0.088869
0.088869
0.088697
0.088598
0.088697
0.088845
0.08882
0.088672
0.088623
0.088746
0.088943
0.088943
0.08882
0.088722
0.088771
0.088869
0.08882
0.088648
0.088549
0.088623
0.088672
0.088574
0.088377
0.088278
0.088401
0.088598
0.088623
0.088475
0.088672
0.088525
0.088451
0.088525
0.088672
0.088672
0.088525
0.088401
0.088475
0.088623
0.088648
0.0885
0.088401
0.0885
0.088648
0.088648
0.0885
0.088401
0.088475
0.088623
0.088623
0.088475
0.088352
0.088401
0.088549
0.088574
0.088401
0.088278
0.088328
0.088475
0.0885
0.088352
0.088229
0.088278
0.088451
0.088475
0.088328
0.088229
0.088303
0.088451
0.088303
0.088475
0.0885
0.088352
0.088254
0.088303
0.088475
0.0885
0.088377
0.088254
0.088303
0.088475
0.0885
0.088352
0.088229
0.088278
0.088451
0.088451
0.088303
0.08818
0.088229
0.088377
0.088377
0.088205
0.088081
0.088131
0.088254
0.088254
0.088106
0.087958
0.088008
0.088131
0.088155
0.088008
0.08786
0.087909
0.088057
0.088081
0.087934
0.087811
0.087909
0.087786
0.087811
0.087958
0.088008
0.08786
0.087737
0.087786
0.087934
0.087958
0.087835
0.087688
0.087737
0.087885
0.087909
0.087786
0.087638
0.087688
0.087811
0.08786
0.087712
0.087589
0.087614
0.087761
0.087786
0.087663
0.087515
0.08754
0.087688
0.087712
0.087589
0.087466
0.087491
0.087638
0.087688
0.087565
0.087417
0.087441
0.087589
0.087638
0.08754
0.087614
0.087491
0.087343
0.087368
0.087515
0.087565
0.087441
0.087294
0.087318
0.087466
0.087515
0.087392
0.087269
0.087269
0.087417
0.087466
0.087368
0.08722
0.087244
0.087392
0.087441
0.087318
0.087195
0.08722
0.087368
0.087417
0.087318
0.087171
0.087195
0.087343
0.087392
0.087294
0.087146
0.087146
0.087294
0.087368
0.087244
0.087097
0.087097
0.087048
0.087195
0.087269
0.087146
0.087023
0.087023
0.087171
0.087244
0.087121
0.086974
0.086974
0.087121
0.087195
0.087072
0.086924
0.086949
0.087121
0.087244
0.087195
0.087072
0.087097
0.08722
0.087269
0.087121
0.086949
0.086949
0.087072
0.087121
0.086924
0.086703
0.086654
0.086826
0.086949
0.086875
0.086752
0.086777
0.086924
0.087023
0.086949
0.086801
0.086924
0.086777
0.086777
0.0869
0.086998
0.0869
0.086752
0.086752
0.086924
0.086998
0.086924
0.086777
0.086752
0.0869
0.086998
0.0869
0.086752
0.086728
0.086851
0.086924
0.086826
0.086654
0.086629
0.086777
0.086851
0.086752
0.086604
0.08658
0.086703
0.086801
0.086728
0.086555
0.086555
0.086703
0.086801
0.086728
0.08658
0.086555
0.086703
0.086801
0.086728
0.086826
0.086752
0.08658
0.086555
0.086703
0.086801
0.086728
0.08658
0.086531
0.086654
0.086752
0.086703
0.086531
0.086506
0.086629
0.086728
0.086654
0.086481
0.086457
0.08658
0.086654
0.08658
0.086407
0.086358
0.086481
0.086555
0.086481
0.086309
0.08626
0.086383
0.086457
0.086383
0.086235
0.086186
0.086284
0.086383
0.086334
0.086186
0.086137
0.086161
0.086112
0.086235
0.086334
0.086284
0.086137
0.086087
0.086211
0.086309
0.08626
0.086087
0.086038
0.086161
0.08626
0.086211
0.086038
0.085989
0.086112
0.086211
0.086161
0.086014
0.085964
0.086063
0.086186
0.086137
0.085964
0.08594
0.086038
0.086161
0.086112
0.08594
0.085891
0.085989
0.086112
0.086063
0.085891
0.085841
0.085964
0.086063
0.086014
0.086038
0.085989
0.085841
0.085767
0.085891
0.086014
0.085964
0.085817
0.085743
0.085866
0.085964
0.08594
0.085792
0.085718
0.085841
0.085964
0.085915
0.085767
0.085694
0.085792
0.085915
0.085891
0.085718
0.085669
0.085767
0.085891
0.085866
0.085694
0.08562
0.085718
0.085841
0.085817
0.085644
0.085595
0.085694
0.085817
0.085767
0.08562
0.085546
0.08562
0.085497
0.085595
0.085718
0.085694
0.085546
0.085472
0.085546
0.085669
0.085644
0.085497
0.085423
0.085521
0.085644
0.08562
0.085497
0.085472
0.085595
0.085743
0.085767
0.08562
0.085521
0.08557
0.085644
0.08562
0.085472
0.085374
0.085398
0.085447
0.085374
0.085201
0.085127
0.08525
0.085423
0.085447
0.085324
0.08525
0.085349
0.085497
0.085472
0.085324
0.085447
0.0853
0.085226
0.0853
0.085423
0.085447
0.0853
0.085226
0.085324
0.085472
0.085472
0.085324
0.085226
0.0853
0.085447
0.085423
0.085275
0.085177
0.085226
0.085374
0.085349
0.085201
0.085103
0.085177
0.0853
0.0853
0.085177
0.085078
0.085152
0.0853
0.0853
0.085152
0.085078
0.085152
0.0853
0.085324
0.085177
0.085078
0.085152
0.0853
0.085152
0.0853
0.0853
0.085177
0.085078
0.085127
0.085275
0.085275
0.085152
0.085029
0.085103
0.085226
0.08525
0.085103
0.08498
0.085054
0.085177
0.085201
0.085054
0.084955
0.08498
0.085127
0.085127
0.084955
0.084832
0.084881
0.085004
0.085004
0.084857
0.084733
0.084783
0.08493
0.08493
0.084783
0.08466
0.084709
0.084857
0.084881
0.084758
0.084635
0.084733
0.084635
0.08466
0.084807
0.084832
0.084709
0.084586
0.084635
0.084783
0.084807
0.08466
0.084537
0.084586
0.084709
0.084733
0.08461
0.084487
0.084537
0.08466
0.084684
0.084561
0.084438
0.084463
0.08461
0.08466
0.084512
0.084389
0.084438
0.084561
0.08461
0.084487
0.084364
0.084389
0.084537
0.084586
0.084463
0.08434
0.084364
0.084512
0.084537
0.084487
0.084512
0.084389
0.084266
0.08429
0.084438
0.084487
0.084364
0.084241
0.084266
0.084413
0.084463
0.084315
0.084192
0.084217
0.084364
0.084413
0.08429
0.084167
0.084192
0.084315
0.084364
0.084266
0.084118
0.084143
0.084266
0.084315
0.084217
0.084069
0.084093
0.084241
0.084266
0.084167
0.08402
0.084044
0.084167
0.084241
0.084118
0.083995
0.08402
0.08397
0.08397
0.084118
0.084167
0.084044
0.083921
0.08397
0.084143
0.084241
0.084167
0.084069
0.084093
0.084217
0.084241
0.084069
0.083921
0.083946
0.084069
0.084069
0.083872
0.08365
0.08365
0.083798
0.083896
0.083823
0.083724
0.083749
0.083896
0.08397
0.083896
0.083773
0.083773
0.083896
0.08397
0.083896
0.083749
0.083749
0.083896
0.083946
0.083872
0.083946
0.083872
0.083749
0.083749
0.083872
0.083946
0.083847
0.0837
0.0837
0.083823
0.083872
0.083798
0.08365
0.083626
0.083749
0.083823
0.083749
0.083576
0.083576
0.083724
0.083798
0.083724
0.083576
0.083576
0.0837
0.083798
0.083724
0.083576
0.083576
0.083724
0.083798
0.083724
0.083601
0.083576
0.083724
0.083798
0.083724
0.083601
0.083576
0.083724
0.083798
0.083724
0.083576
0.083552
0.0837
0.083773
0.0837
0.083552
0.083503
0.083626
0.0837
0.083601
0.083453
0.083404
0.083527
0.083601
0.083527
0.083355
0.08333
0.083429
0.083527
0.083453
0.083281
0.083256
0.08338
0.083453
0.08338
0.083232
0.083207
0.08333
0.083429
0.083355
0.083207
0.083183
0.083306
0.083404
0.08333
0.083207
0.083158
0.083281
0.083133
0.083232
0.08333
0.083256
0.083109
0.083059
0.083158
0.083256
0.083207
0.083035
0.08301
0.083109
0.083207
0.083158
0.08301
0.082961
0.083084
0.083183
0.083133
0.082986
0.082936
0.083035
0.083133
0.083084
0.082936
0.082887
0.082986
0.083084
0.083035
0.082887
0.082838
0.082961
0.083059
0.08301
0.082863
0.082813
0.082936
0.083035
0.082986
0.082838
0.082936
0.082764
0.082715
0.082813
0.082936
0.082887
0.082715
0.082666
0.082764
0.082863
0.082813
0.082666
0.082616
0.082715
0.082813
0.082764
0.082616
0.082567
0.082641
0.082764
0.082715
0.082567
0.082493
0.082592
0.08269
0.082666
0.082518
0.082469
0.082543
0.082666
0.082616
0.082469
0.082419
0.082518
0.082616
0.082592
0.082444
0.082419
0.082567
0.082715
0.082641
0.082592
0.082419
0.08237
0.082419
0.082419
0.082321
0.082124
0.082075
0.082198
0.082346
0.082346
0.082223
0.082173
0.082272
0.082419
0.082395
0.082247
0.082173
0.082272
0.08237
0.082346
0.082198
0.082149
0.082223
0.082346
0.082346
0.082198
0.082124
0.082223
0.082346
0.082321
0.082173
0.082099
0.082198
0.082296
0.082296
0.082149
0.082075
0.082149
0.082026
0.082099
0.082223
0.082198
0.082075
0.081976
0.082075
0.082198
0.082173
0.08205
0.081976
0.08205
0.082198
0.082198
0.082075
0.082001
0.082075
0.082223
0.082223
0.082099
0.082026
0.082099
0.082223
0.082223
0.082075
0.082001
0.082075
0.082223
0.082198
0.082075
0.081976
0.08205
0.082198
0.082173
0.08205
0.081952
0.082026
0.082149
0.082149
0.082001
0.08205
0.081902
0.081779
0.081829
0.081952
0.081952
0.081779
0.081681
0.08173
0.081853
0.081853
0.08173
0.081632
0.081681
0.081829
0.081829
0.081706
0.081607
0.081656
0.081804
0.081804
0.081681
0.081582
0.081632
0.081779
0.081779
0.081656
0.081558
0.081607
0.08173
0.08173
0.081582
0.081484
0.081533
0.081656
0.081681
0.081533
0.081435
0.081484
0.081607
0.081435
0.081582
0.081582
0.081459
0.081361
0.08141
0.081533
0.081533
0.08141
0.081312
0.081361
0.081484
0.081509
0.081386
0.081262
0.081312
0.081459
0.081484
0.081361
0.081238
0.081287
0.081435
0.081459
0.081336
0.081238
0.081262
0.08141
0.081435
0.081312
0.081189
0.081238
0.081361
0.081386
0.081262
0.081139
0.081189
0.081312
0.081336
0.081213
0.081115
0.081164
0.081065
0.08109
0.081213
0.081238
0.081115
0.081016
0.081016
0.081139
0.081189
0.08109
0.080967
0.080992
0.081115
0.081139
0.081041
0.080918
0.080942
0.08109
0.081139
0.081016
0.080893
0.080918
0.081041
0.08109
0.080967
0.080844
0.080869
0.081016
0.081041
0.080942
0.080819
0.080819
0.080942
0.080992
0.080893
0.08077
0.08077
0.080918
0.080942
0.080869
0.080918
0.080819
0.080696
0.080696
0.080819
0.080869
0.08077
0.080647
0.080647
0.08077
0.080819
0.080721
0.080598
0.080622
0.080745
0.080819
0.080696
0.080573
0.080598
0.080721
0.08077
0.080672
0.080573
0.080622
0.080795
0.080893
0.080819
0.080696
0.080696
0.08077
0.08077
0.080647
0.080524
0.080524
0.080598
0.080549
0.080376
0.080228
0.080278
0.080352
0.080376
0.080524
0.080598
0.080499
0.080376
0.080401
0.080524
0.080573
0.080499
0.080376
0.080376
0.080499
0.080573
0.080499
0.080376
0.080401
0.080524
0.080598
0.080499
0.080376
0.080376
0.080499
0.080549
0.08045
0.080327
0.080302
0.080425
0.080499
0.080401
0.080253
0.080253
0.080376
0.08045
0.080352
0.080228
0.080228
0.080352
0.080425
0.080352
0.08045
0.080376
0.080228
0.080228
0.080352
0.08045
0.080376
0.080253
0.080228
0.080352
0.080425
0.080352
0.080228
0.080228
0.080352
0.080425
0.080352
0.080204
0.080204
0.080302
0.080376
0.080302
0.080179
0.080155
0.080278
0.080352
0.080278
0.08013
0.080105
0.080204
0.080278
0.080204
0.080032
0.080007
0.080105
0.080179
0.080105
0.079958
0.079933
0.080032
0.079859
0.079958
0.080032
0.079982
0.079835
0.07981
0.079908
0.080007
0.079933
0.07981
0.079785
0.079884
0.079982
0.079908
0.079785
0.079736
0.079859
0.079958
0.079884
0.079736
0.079712
0.07981
0.079884
0.079835
0.079687
0.079662
0.079761
0.079835
0.079785
0.079638
0.079613
0.079712
0.079785
0.079736
0.079588
0.079564
0.079662
0.079736
0.079687
0.079539
0.079638
0.07949
0.079465
0.079564
0.079638
0.079613
0.079465
0.079416
0.079515
0.079613
0.079564
0.079416
0.079391
0.07949
0.079588
0.079539
0.079416
0.079367
0.079465
0.079564
0.079515
0.079391
0.079342
0.079441
0.079539
0.079515
0.079367
0.079318
0.079416
0.079515
0.07949
0.079342
0.079293
0.079391
0.07949
0.079441
0.079318
0.079268
0.079342
0.079441
0.079268
0.079391
0.079342
0.079195
0.079145
0.079219
0.079342
0.079293
0.07917
0.079121
0.079195
0.079318
0.079268
0.079145
0.079071
0.07917
0.079268
0.079244
0.079121
0.079047
0.079145
0.079244
0.079219
0.079071
0.079022
0.079096
0.079219
0.07917
0.079047
0.078973
0.079047
0.07917
0.079145
0.078998
0.078924
0.078998
0.079121
0.079096
0.078973
0.078875
0.078924
0.07885
0.078924
0.079022
0.079022
0.078924
0.078924
0.079047
0.079195
0.079195
0.079071
0.078973
0.078998
0.079071
0.079022
0.078899
0.078801
0.078776
0.078801
0.078751
0.078628
0.078604
0.078727
0.078875
0.078875
0.078776
0.078727
0.078801
0.078924
0.078924
0.078801
0.078727
0.078801
0.078924
0.078924
0.078801
0.078727
0.078801
0.078924
0.078924
0.078948
0.078948
0.078825
0.078751
0.078801
0.078924
0.078924
0.078801
0.078702
0.078751
0.078875
0.07885
0.078727
0.078628
0.078678
0.078801
0.078801
0.078678
0.078604
0.078653
0.078776
0.078776
0.078653
0.078579
0.078653
0.078776
0.078776
0.078653
0.078579
0.078628
0.078751
0.078776
0.078653
0.078579
0.078628
0.078751
0.078751
0.078628
0.078554
0.078604
0.07853
0.078579
0.078702
0.078702
0.078579
0.078481
0.07853
0.078653
0.078653
0.07853
0.078431
0.078456
0.078554
0.078554
0.078431
0.078308
0.078358
0.078456
0.078456
0.078333
0.078234
0.078284
0.078407
0.078407
0.078259
0.078161
0.07821
0.078333
0.078333
0.07821
0.078111
0.078161
0.078284
0.078284
0.078161
0.078062
0.078111
0.078234
0.078234
0.078111
0.078308
0.078234
0.078185
0.078259
0.078333
0.078308
0.078185
0.078038
0.078087
0.078185
0.078062
0.077841
0.077693
0.077742
0.07789
0.077964
0.07789
0.077816
0.077841
0.077988
0.078013
0.07789
0.077791
0.077816
0.077939
0.077988
0.07789
0.077791
0.077816
0.077939
0.077964
0.077865
0.077767
0.077791
0.07789
0.077939
0.077816
0.077717
0.077742
0.077841
0.077717
0.077841
0.077865
0.077791
0.077668
0.077693
0.077816
0.077841
0.077742
0.077619
0.077644
0.077767
0.077791
0.077693
0.07757
0.077594
0.077717
0.077767
0.077668
0.077545
0.07757
0.077693
0.077742
0.077644
0.077545
0.077545
0.077668
0.077717
0.077619
0.077521
0.077545
0.077668
0.077693
0.077619
0.077496
0.077496
0.077619
0.077644
0.077545
0.077447
0.077373
0.077496
0.077521
0.077422
0.077299
0.077299
0.077397
0.077447
0.077348
0.077225
0.077225
0.077348
0.077397
0.077299
0.077176
0.077176
0.077274
0.077324
0.07725
0.077127
0.077127
0.077225
0.077274
0.077201
0.077077
0.077077
0.077201
0.07725
0.077151
0.077053
0.077053
0.077176
0.077225
0.077151
0.077028
0.077028
0.077151
0.077201
0.077127
0.077004
0.077077
0.076954
0.076954
0.077053
0.077127
0.077028
0.076905
0.076905
0.077004
0.077053
0.076979
0.076856
0.076856
0.076954
0.077028
0.07693
0.076807
0.076807
0.076905
0.076979
0.076881
0.076757
0.076757
0.076881
0.07693
0.076856
0.076733
0.076733
0.076856
0.07693
0.076856
0.076733
0.076708
0.076807
0.076881
0.076831
0.076684
0.076684
0.076782
0.076856
0.076757
0.076831
0.076782
0.076634
0.076634
0.076733
0.076807
0.076733
0.07661
0.076585
0.076708
0.076757
0.076708
0.07656
0.076536
0.076659
0.076708
0.076659
0.076536
0.076511
0.07661
0.076684
0.07661
0.076487
0.076462
0.076585
0.076659
0.07661
0.076462
0.076437
0.076536
0.076634
0.07656
0.076437
0.076437
0.076536
0.07661
0.07656
0.076437
0.076413
0.076388
0.076388
0.076487
0.07656
0.076511
0.076388
0.076364
0.076462
0.07656
0.076487
0.076364
0.076339
0.076437
0.076511
0.076462
0.076339
0.076314
0.076413
0.076487
0.076437
0.07629
0.076265
0.076339
0.076437
0.076388
0.07624
0.076216
0.07629
0.076388
0.076339
0.076216
0.076167
0.076265
0.076364
0.076314
0.076191
0.076142
0.07624
0.076339
0.076265
0.076314
0.076265
0.076142
0.076093
0.076191
0.07629
0.07624
0.076117
0.076068
0.076167
0.076265
0.076216
0.076093
0.076019
0.076117
0.07624
0.076265
0.076191
0.076167
0.076265
0.076339
0.07629
0.076068
0.07597
0.076044
0.076117
0.076068
0.075871
0.075723
0.075797
0.075896
0.07592
0.075822
0.075822
0.07592
0.076044
0.076044
0.07592
0.075871
0.07597
