2018
8
9
9
51
11.359
-0.01285
-0.012653
-0.012481
-0.01258
-0.012801
-0.01285
-0.012653
-0.012481
-0.012555
-0.012801
-0.01285
-0.012653
-0.012481
-0.012555
-0.012801
-0.01285
-0.012653
-0.012506
-0.01258
-0.012801
-0.01285
-0.012678
-0.012481
-0.01258
-0.012801
-0.01285
-0.012678
-0.012506
-0.01258
-0.012801
-0.012875
-0.012678
-0.012506
-0.012604
-0.012826
-0.0129
-0.012703
-0.01253
-0.012604
-0.012826
-0.012629
-0.012875
-0.012949
-0.012776
-0.012604
-0.012678
-0.0129
-0.012973
-0.012801
-0.012629
-0.012678
-0.012924
-0.012998
-0.012826
-0.012653
-0.012703
-0.012924
-0.013023
-0.01285
-0.012678
-0.012727
-0.012949
-0.013023
-0.01285
-0.012678
-0.012727
-0.012949
-0.013023
-0.012875
-0.012678
-0.012727
-0.012949
-0.013023
-0.012875
-0.012703
-0.012752
-0.012949
-0.013023
-0.012875
-0.012678
-0.012875
-0.012678
-0.012727
-0.012949
-0.013023
-0.012875
-0.012678
-0.012727
-0.012949
-0.013047
-0.0129
-0.012703
-0.012727
-0.012949
-0.013047
-0.0129
-0.012703
-0.012752
-0.012949
-0.013047
-0.0129
-0.012703
-0.012752
-0.012949
-0.013047
-0.0129
-0.012703
-0.012727
-0.012949
-0.013047
-0.0129
-0.012703
-0.012727
-0.012949
-0.013047
-0.0129
-0.012703
-0.012727
-0.012949
-0.013047
-0.012949
-0.013047
-0.012924
-0.012727
-0.012752
-0.012949
-0.013047
-0.012924
-0.012727
-0.012752
-0.012973
-0.013072
-0.012924
-0.012727
-0.012752
-0.012949
-0.013072
-0.012924
-0.012727
-0.012727
-0.012949
-0.013047
-0.012924
-0.012727
-0.012727
-0.012949
-0.013072
-0.012924
-0.012727
-0.012752
-0.012949
-0.013072
-0.012949
-0.012752
-0.012752
-0.012949
-0.013072
-0.012949
-0.012752
-0.012752
-0.012752
-0.012752
-0.012973
-0.013072
-0.012949
-0.012752
-0.012752
-0.012973
-0.013072
-0.012973
-0.012752
-0.012752
-0.012949
-0.013097
-0.012973
-0.012776
-0.012776
-0.012973
-0.013097
-0.012973
-0.012776
-0.012776
-0.012973
-0.013097
-0.012998
-0.012776
-0.012776
-0.012973
-0.013097
-0.012998
-0.012776
-0.012776
-0.012973
-0.013097
-0.012998
-0.012776
-0.012776
-0.012973
-0.013097
-0.012998
-0.013097
-0.012973
-0.012727
-0.012678
-0.012875
-0.013047
-0.012973
-0.01285
-0.012924
-0.013195
-0.013343
-0.013269
-0.013047
-0.013023
-0.013195
-0.013343
-0.013244
-0.012998
-0.012973
-0.013121
-0.01322
-0.013097
-0.01285
-0.012826
-0.012998
-0.013146
-0.013047
-0.012826
-0.012801
-0.012973
-0.013121
-0.013023
-0.012826
-0.012776
-0.012973
-0.013121
-0.013047
-0.012826
-0.012801
-0.012973
-0.012801
-0.012973
-0.013121
-0.013047
-0.01285
-0.012801
-0.012998
-0.013146
-0.013047
-0.01285
-0.012801
-0.012998
-0.013146
-0.013072
-0.01285
-0.012826
-0.012998
-0.013146
-0.013072
-0.01285
-0.012826
-0.012998
-0.013146
-0.013072
-0.01285
-0.012801
-0.012973
-0.013146
-0.013072
-0.01285
-0.012801
-0.012973
-0.013121
-0.013072
-0.01285
-0.012801
-0.012973
-0.013146
-0.013072
-0.01285
-0.013097
-0.012875
-0.012826
-0.012998
-0.01317
-0.013121
-0.012924
-0.012875
-0.013023
-0.013195
-0.013146
-0.012924
-0.012875
-0.013072
-0.013244
-0.013195
-0.012973
-0.012924
-0.013097
-0.013244
-0.013195
-0.012998
-0.012924
-0.013097
-0.013269
-0.013195
-0.012973
-0.012924
-0.013072
-0.013244
-0.013195
-0.012998
-0.012924
-0.013072
-0.013269
-0.013195
-0.012998
-0.012924
-0.013097
-0.013244
-0.013072
-0.013269
-0.01322
-0.012998
-0.012924
-0.013072
-0.013269
-0.01322
-0.012998
-0.012924
-0.013097
-0.013269
-0.01322
-0.013023
-0.012949
-0.013097
-0.013293
-0.013244
-0.013023
-0.012949
-0.013097
-0.013293
-0.013244
-0.013047
-0.012973
-0.013121
-0.013293
-0.013269
-0.013072
-0.012973
-0.013121
-0.013318
-0.013269
-0.013072
-0.012998
-0.013121
-0.013318
-0.013269
-0.013072
-0.012973
-0.012998
-0.013121
-0.013318
-0.013293
-0.013072
-0.012973
-0.013121
-0.013318
-0.013269
-0.013072
-0.012973
-0.013121
-0.013318
-0.013293
-0.013097
-0.012998
-0.013146
-0.013318
-0.013293
-0.013097
-0.012998
-0.013146
-0.013343
-0.013318
-0.013121
-0.013023
-0.013146
-0.013343
-0.013318
-0.013121
-0.013023
-0.013146
-0.013343
-0.013318
-0.013121
-0.013023
-0.013146
-0.013343
-0.013318
-0.013121
-0.013318
-0.013121
-0.013023
-0.013146
-0.013343
-0.013343
-0.013146
-0.013023
-0.013146
-0.013343
-0.013343
-0.013146
-0.013047
-0.013146
-0.013343
-0.013343
-0.013146
-0.013023
-0.013146
-0.013343
-0.013343
-0.013146
-0.013047
-0.013146
-0.013343
-0.013367
-0.01317
-0.013047
-0.01317
-0.013367
-0.013367
-0.013195
-0.013072
-0.013195
-0.013392
-0.013392
-0.013195
-0.013072
-0.01317
-0.013367
-0.013146
-0.013367
-0.013367
-0.013195
-0.013072
-0.01317
-0.013392
-0.013392
-0.013195
-0.013072
-0.013195
-0.013392
-0.013392
-0.01322
-0.013047
-0.013121
-0.013293
-0.013318
-0.01317
-0.013072
-0.013244
-0.013564
-0.013638
-0.013466
-0.013343
-0.013441
-0.013613
-0.013663
-0.01349
-0.013343
-0.013392
-0.013564
-0.013564
-0.013343
-0.01317
-0.01322
-0.013417
-0.013417
-0.013244
-0.013097
-0.013244
-0.013097
-0.013195
-0.013392
-0.013417
-0.01322
-0.013097
-0.01317
-0.013367
-0.013392
-0.01322
-0.013072
-0.01317
-0.013367
-0.013392
-0.01322
-0.013097
-0.01317
-0.013367
-0.013417
-0.013244
-0.013097
-0.01317
-0.013367
-0.013417
-0.013244
-0.013097
-0.013146
-0.013343
-0.013392
-0.01322
-0.013072
-0.01317
-0.013367
-0.013392
-0.013244
-0.013072
-0.013146
-0.013367
-0.013392
-0.013343
-0.013392
-0.013244
-0.013072
-0.013146
-0.013367
-0.013417
-0.013244
-0.013072
-0.013146
-0.013367
-0.013417
-0.013269
-0.013097
-0.01317
-0.013392
-0.013441
-0.013269
-0.013121
-0.013195
-0.013392
-0.013466
-0.013318
-0.013146
-0.01322
-0.013417
-0.01349
-0.013343
-0.01317
-0.01322
-0.013441
-0.01349
-0.013343
-0.013195
-0.013244
-0.013441
-0.013515
-0.013343
-0.013195
-0.013244
-0.013195
-0.013244
-0.013441
-0.013515
-0.013343
-0.013195
-0.013244
-0.013441
-0.013515
-0.013343
-0.01317
-0.01322
-0.013441
-0.013515
-0.013367
-0.013195
-0.01322
-0.013441
-0.013515
-0.013367
-0.013195
-0.01322
-0.013441
-0.013515
-0.013367
-0.01317
-0.01322
-0.013441
-0.013515
-0.013367
-0.013195
-0.013244
-0.013441
-0.013515
-0.013392
-0.013195
-0.013244
-0.013441
-0.013515
-0.013392
-0.01354
-0.013392
-0.01322
-0.013269
-0.013466
-0.01354
-0.013417
-0.01322
-0.013269
-0.013441
-0.01354
-0.013417
-0.013244
-0.013244
-0.013441
-0.01354
-0.013392
-0.01322
-0.013244
-0.013441
-0.01354
-0.013441
-0.013244
-0.013269
-0.013466
-0.013564
-0.013441
-0.013269
-0.013269
-0.013466
-0.013564
-0.013441
-0.013269
-0.013269
-0.013466
-0.013564
-0.013441
-0.013269
-0.013269
-0.013466
-0.013269
-0.013466
-0.013564
-0.013466
-0.013269
-0.013269
-0.013466
-0.013589
-0.013466
-0.013269
-0.013269
-0.013466
-0.013564
-0.013441
-0.013269
-0.013269
-0.013466
-0.01354
-0.013392
-0.013195
-0.01322
-0.013417
-0.013564
-0.01354
-0.013441
-0.01349
-0.013712
-0.013835
-0.013712
-0.013515
-0.01354
-0.013737
-0.013835
-0.013687
-0.013466
-0.013417
-0.01354
-0.013638
-0.013515
-0.013293
-0.01349
-0.013293
-0.013269
-0.013441
-0.013564
-0.013466
-0.013269
-0.013269
-0.013466
-0.013564
-0.013466
-0.013293
-0.013269
-0.013466
-0.013564
-0.013466
-0.013293
-0.013269
-0.013466
-0.013589
-0.01349
-0.013293
-0.013269
-0.013466
-0.013589
-0.01349
-0.013293
-0.013269
-0.013441
-0.013564
-0.013466
-0.013293
-0.013269
-0.013441
-0.013589
-0.01349
-0.013293
-0.013269
-0.013441
-0.013564
-0.013417
-0.013564
-0.013466
-0.013269
-0.013244
-0.013417
-0.013564
-0.013466
-0.013269
-0.013244
-0.013417
-0.013564
-0.013466
-0.013293
-0.013269
-0.013441
-0.013564
-0.01349
-0.013293
-0.013269
-0.013466
-0.013589
-0.013515
-0.013343
-0.013318
-0.01349
-0.013638
-0.013564
-0.013367
-0.013318
-0.01349
-0.013638
-0.013564
-0.013367
-0.013343
-0.01349
-0.013638
-0.013564
-0.013367
-0.013318
-0.013318
-0.01349
-0.013638
-0.013564
-0.013367
-0.013318
-0.01349
-0.013638
-0.013564
-0.013367
-0.013318
-0.01349
-0.013638
-0.013564
-0.013367
-0.013318
-0.013466
-0.013613
-0.013564
-0.013367
-0.013318
-0.013466
-0.013613
-0.013564
-0.013367
-0.013293
-0.013466
-0.013613
-0.01354
-0.013343
-0.013293
-0.013441
-0.013613
-0.01354
-0.013367
-0.013318
-0.013466
-0.013613
-0.013564
-0.013367
-0.013589
-0.013392
-0.013318
-0.013466
-0.013613
-0.013564
-0.013367
-0.013318
-0.013441
-0.013613
-0.013564
-0.013367
-0.013293
-0.013441
-0.013613
-0.013564
-0.013367
-0.013293
-0.013441
-0.013613
-0.013564
-0.013367
-0.013318
-0.013441
-0.013613
-0.013589
-0.013392
-0.013318
-0.013466
-0.013638
-0.013589
-0.013392
-0.013318
-0.013466
-0.013638
-0.013589
-0.013392
-0.013318
-0.013441
-0.013613
-0.013441
-0.013613
-0.013589
-0.013392
-0.013318
-0.013441
-0.013613
-0.013589
-0.013392
-0.013318
-0.013441
-0.013613
-0.013589
-0.013392
-0.013269
-0.013367
-0.01354
-0.013515
-0.013367
-0.013343
-0.013564
-0.01381
-0.013835
-0.013663
-0.013589
-0.013712
-0.01386
-0.01386
-0.013687
-0.013564
-0.013638
-0.013786
-0.013737
-0.01349
-0.013367
-0.013466
-0.013638
-0.013613
-0.013417
-0.013318
-0.013392
-0.013293
-0.013417
-0.013589
-0.013589
-0.013392
-0.013293
-0.013392
-0.013589
-0.013564
-0.013392
-0.013269
-0.013392
-0.013564
-0.013564
-0.013367
-0.013269
-0.013392
-0.013564
-0.013564
-0.013392
-0.013269
-0.013392
-0.013564
-0.013564
-0.013367
-0.013269
-0.013367
-0.013564
-0.01354
-0.013367
-0.013269
-0.013367
-0.01354
-0.01354
-0.013367
-0.013244
-0.013367
-0.01354
-0.01354
-0.01354
-0.01354
-0.013367
-0.013244
-0.013367
-0.01354
-0.01354
-0.013367
-0.013244
-0.013343
-0.01354
-0.013564
-0.013367
-0.013269
-0.013367
-0.013564
-0.013589
-0.013417
-0.013293
-0.013392
-0.013589
-0.013589
-0.013417
-0.013318
-0.013417
-0.013589
-0.013613
-0.013441
-0.013318
-0.013417
-0.013589
-0.013613
-0.013441
-0.013318
-0.013417
-0.013589
-0.013613
-0.013441
-0.013318
-0.013417
-0.013318
-0.013392
-0.013589
-0.013613
-0.013441
-0.013318
-0.013417
-0.013589
-0.013613
-0.013441
-0.013293
-0.013392
-0.013564
-0.013613
-0.013441
-0.013318
-0.013392
-0.013564
-0.013613
-0.013441
-0.013318
-0.013392
-0.013564
-0.013613
-0.013441
-0.013318
-0.013392
-0.013589
-0.013613
-0.013441
-0.013318
-0.013392
-0.013589
-0.013613
-0.013466
-0.013318
-0.013392
-0.013564
-0.013613
-0.013441
-0.013613
-0.013441
-0.013318
-0.013392
-0.013564
-0.013613
-0.013466
-0.013318
-0.013392
-0.013564
-0.013613
-0.013466
-0.013318
-0.013392
-0.013589
-0.013613
-0.013466
-0.013343
-0.013392
-0.013589
-0.013638
-0.01349
-0.013343
-0.013392
-0.013589
-0.013638
-0.01349
-0.013343
-0.013392
-0.013589
-0.013638
-0.01349
-0.013343
-0.013392
-0.013589
-0.013638
-0.01349
-0.013343
-0.013392
-0.013589
-0.013392
-0.013564
-0.013613
-0.013417
-0.013244
-0.013318
-0.01354
-0.013638
-0.013564
-0.013515
-0.013638
-0.013835
-0.013909
-0.013786
-0.013613
-0.013663
-0.013884
-0.013909
-0.013761
-0.013564
-0.013564
-0.013712
-0.013737
-0.013564
-0.013392
-0.013417
-0.013613
-0.013663
-0.01354
-0.013367
-0.013392
-0.013589
-0.013638
-0.013515
-0.013343
-0.013392
-0.013589
-0.013638
-0.013515
-0.013367
-0.013515
-0.013367
-0.013392
-0.013589
-0.013663
-0.01354
-0.013367
-0.013417
-0.013589
-0.013663
-0.01354
-0.013367
-0.013417
-0.013589
-0.013663
-0.01354
-0.013392
-0.013392
-0.013589
-0.013663
-0.01354
-0.013367
-0.013392
-0.013564
-0.013663
-0.01354
-0.013367
-0.013392
-0.013564
-0.013663
-0.01354
-0.013367
-0.013392
-0.013564
-0.013663
-0.01354
-0.013367
-0.013392
-0.013589
-0.013663
-0.013589
-0.013687
-0.013564
-0.013417
-0.013417
-0.013613
-0.013712
-0.013589
-0.013417
-0.013441
-0.013613
-0.013712
-0.013613
-0.013441
-0.013441
-0.013638
-0.013737
-0.013613
-0.013441
-0.013441
-0.013638
-0.013737
-0.013638
-0.013466
-0.013466
-0.013638
-0.013761
-0.013638
-0.013466
-0.013466
-0.013638
-0.013737
-0.013638
-0.013466
-0.013466
-0.013638
-0.013761
-0.013638
-0.013466
-0.013466
-0.013466
-0.013466
-0.013638
-0.013761
-0.013638
-0.013466
-0.013466
-0.013638
-0.013761
-0.013663
-0.013466
-0.013466
-0.013638
-0.013761
-0.013663
-0.01349
-0.013466
-0.013638
-0.013761
-0.013687
-0.01349
-0.01349
-0.013663
-0.013786
-0.013687
-0.01349
-0.01349
-0.013663
-0.013761
-0.013663
-0.01349
-0.013466
-0.013638
-0.013761
-0.013687
-0.013515
-0.01349
-0.013638
-0.013761
-0.013687
-0.013761
-0.013687
-0.013515
-0.01349
-0.013663
-0.013786
-0.013687
-0.013515
-0.01349
-0.013663
-0.013786
-0.013712
-0.013515
-0.01349
-0.013663
-0.013786
-0.013687
-0.013515
-0.01349
-0.013638
-0.013786
-0.013712
-0.013515
-0.01349
-0.013638
-0.013786
-0.013712
-0.013515
-0.01349
-0.013638
-0.013786
-0.013712
-0.013515
-0.013466
-0.013589
-0.013712
-0.013638
-0.01349
-0.01349
-0.013712
-0.013761
-0.013909
-0.014057
-0.013983
-0.013835
-0.013761
-0.013884
-0.013983
-0.013884
-0.013638
-0.013564
-0.013687
-0.013786
-0.013737
-0.01354
-0.01349
-0.013638
-0.013786
-0.013737
-0.01354
-0.01349
-0.013638
-0.013786
-0.013712
-0.01354
-0.01349
-0.013613
-0.013761
-0.013712
-0.013515
-0.013466
-0.013613
-0.013761
-0.013712
-0.01354
-0.013466
-0.013613
-0.013761
-0.013712
-0.01354
-0.013712
-0.01354
-0.013466
-0.013613
-0.013761
-0.013712
-0.013515
-0.013441
-0.013589
-0.013737
-0.013687
-0.013515
-0.013466
-0.013589
-0.013761
-0.013712
-0.013515
-0.013466
-0.013589
-0.013737
-0.013687
-0.013515
-0.013441
-0.013564
-0.013737
-0.013712
-0.013515
-0.013441
-0.013589
-0.013737
-0.013687
-0.013515
-0.013466
-0.013589
-0.013737
-0.013712
-0.01354
-0.013466
-0.013613
-0.013761
-0.013613
-0.013786
-0.013761
-0.013589
-0.013515
-0.013638
-0.013786
-0.013761
-0.013589
-0.013515
-0.013638
-0.01381
-0.013786
-0.013613
-0.013515
-0.013638
-0.01381
-0.013786
-0.013613
-0.013515
-0.013638
-0.01381
-0.013786
-0.013589
-0.013515
-0.013638
-0.01381
-0.013786
-0.013589
-0.013515
-0.013613
-0.013786
-0.013786
-0.013589
-0.013515
-0.013613
-0.013786
-0.013786
-0.013613
-0.013515
-0.013613
-0.013515
-0.013638
-0.01381
-0.013786
-0.013613
-0.013515
-0.013638
-0.01381
-0.01381
-0.013638
-0.01354
-0.013638
-0.01381
-0.01381
-0.013613
-0.01354
-0.013638
-0.01381
-0.01381
-0.013638
-0.01354
-0.013638
-0.01381
-0.01381
-0.013638
-0.01354
-0.013638
-0.01381
-0.01381
-0.013638
-0.01354
-0.013638
-0.01381
-0.01381
-0.013638
-0.01354
-0.013638
-0.01381
-0.013835
-0.01381
-0.01381
-0.013663
-0.01354
-0.013638
-0.01381
-0.01381
-0.013663
-0.01354
-0.013638
-0.01381
-0.013835
-0.013663
-0.01354
-0.013638
-0.01381
-0.01381
-0.013638
-0.013515
-0.013613
-0.013786
-0.01381
-0.013663
-0.01354
-0.013638
-0.01381
-0.013835
-0.013687
-0.013564
-0.013638
-0.013835
-0.013835
-0.013687
-0.013564
-0.013638
-0.013835
-0.013835
-0.013687
-0.013564
-0.013663
-0.013663
-0.013835
-0.01386
-0.013712
-0.013589
-0.013638
-0.013835
-0.01386
-0.013687
-0.013564
-0.013638
-0.01381
-0.01386
-0.013712
-0.013564
-0.013638
-0.01381
-0.013835
-0.013663
-0.01349
-0.013564
-0.013761
-0.013835
-0.013737
-0.013687
-0.013835
-0.014057
-0.01413
-0.013983
-0.013835
-0.013884
-0.014081
-0.01413
-0.013958
-0.013786
-0.01381
-0.013958
-0.013958
-0.013786
-0.013613
-0.013737
-0.013589
-0.013663
-0.013835
-0.013884
-0.013737
-0.013589
-0.013638
-0.013835
-0.013884
-0.013737
-0.013589
-0.013638
-0.01381
-0.01386
-0.013737
-0.013589
-0.013638
-0.01381
-0.01386
-0.013737
-0.013589
-0.013613
-0.01381
-0.01386
-0.013737
-0.013589
-0.013638
-0.01381
-0.01386
-0.013737
-0.013589
-0.013613
-0.01381
-0.01386
-0.013737
-0.013589
-0.013638
-0.01381
-0.01386
-0.013786
-0.013835
-0.013712
-0.01354
-0.013589
-0.013786
-0.01386
-0.013712
-0.013564
-0.013613
-0.013786
-0.013835
-0.013712
-0.013564
-0.013589
-0.013786
-0.01386
-0.013737
-0.013589
-0.013613
-0.013786
-0.01386
-0.013737
-0.013589
-0.013613
-0.01381
-0.013884
-0.013761
-0.013613
-0.013663
-0.013835
-0.013909
-0.013786
-0.013613
-0.013638
-0.013835
-0.013909
-0.013786
-0.013613
-0.013663
-0.013663
-0.013835
-0.013934
-0.01381
-0.013638
-0.013663
-0.013835
-0.013934
-0.01381
-0.013638
-0.013663
-0.013835
-0.013909
-0.01381
-0.013638
-0.013663
-0.01381
-0.013909
-0.01381
-0.013638
-0.013638
-0.01381
-0.013909
-0.01381
-0.013638
-0.013638
-0.013835
-0.013934
-0.01381
-0.013663
-0.013663
-0.013835
-0.013934
-0.013835
-0.013663
-0.013663
-0.013835
-0.013934
-0.013835
-0.013663
-0.013663
-0.013687
-0.01386
-0.013958
-0.01386
-0.013687
-0.013687
-0.013835
-0.013934
-0.01386
-0.013663
-0.013663
-0.013835
-0.013934
-0.013835
-0.013663
-0.013663
-0.013835
-0.013934
-0.01386
-0.013687
-0.013663
-0.013835
-0.013934
-0.01386
-0.013663
-0.013663
-0.013835
-0.013958
-0.01386
-0.013687
-0.013663
-0.013835
-0.013934
-0.013835
-0.013663
-0.013663
-0.01381
-0.013934
-0.01386
-0.01386
-0.013687
-0.013663
-0.013835
-0.013958
-0.01386
-0.013687
-0.013663
-0.013835
-0.013934
-0.01386
-0.013687
-0.013663
-0.013835
-0.013934
-0.01386
-0.013687
-0.013663
-0.013835
-0.013958
-0.01386
-0.013687
-0.013663
-0.01381
-0.013884
-0.013786
-0.013613
-0.013589
-0.013786
-0.013958
-0.013983
-0.013884
-0.013909
-0.014057
-0.014204
-0.01413
-0.013934
-0.013934
-0.014081
-0.01418
-0.013909
-0.014007
-0.013934
-0.013737
-0.013687
-0.013835
-0.013958
-0.013884
-0.013712
-0.013663
-0.01381
-0.013958
-0.013884
-0.013712
-0.013663
-0.01381
-0.013934
-0.013884
-0.013687
-0.013638
-0.013786
-0.013909
-0.01386
-0.013687
-0.013663
-0.013786
-0.013934
-0.01386
-0.013687
-0.013638
-0.013761
-0.013909
-0.01386
-0.013687
-0.013638
-0.013786
-0.013909
-0.01386
-0.013687
-0.013638
-0.013638
-0.013761
-0.013909
-0.01386
-0.013687
-0.013638
-0.013761
-0.013909
-0.01386
-0.013687
-0.013638
-0.013761
-0.013909
-0.01386
-0.013687
-0.013638
-0.013761
-0.013909
-0.01386
-0.013687
-0.013638
-0.013786
-0.013934
-0.013884
-0.013737
-0.013663
-0.013786
-0.013958
-0.013909
-0.013737
-0.013687
-0.01381
-0.013958
-0.013934
-0.013761
-0.013687
-0.01381
-0.013958
-0.013934
-0.013761
-0.013934
-0.013761
-0.013687
-0.01381
-0.013983
-0.013934
-0.013761
-0.013687
-0.01381
-0.013958
-0.013934
-0.013761
-0.013687
-0.013786
-0.013958
-0.013934
-0.013761
-0.013687
-0.01381
-0.013958
-0.013934
-0.013761
-0.013687
-0.013786
-0.013958
-0.013934
-0.013786
-0.013687
-0.013786
-0.013934
-0.013934
-0.013761
-0.013687
-0.013786
-0.013958
-0.013958
-0.013786
-0.013687
-0.013786
-0.013958
-0.013958
-0.013958
-0.013786
-0.013712
-0.01381
-0.013983
-0.013958
-0.01381
-0.013712
-0.01381
-0.013983
-0.013983
-0.01381
-0.013712
-0.01381
-0.013983
-0.013983
-0.013835
-0.013737
-0.01381
-0.013983
-0.014007
-0.013835
-0.013737
-0.013835
-0.014007
-0.014007
-0.013835
-0.013737
-0.013835
-0.013983
-0.014007
-0.01386
-0.013761
-0.013835
-0.014007
-0.014007
-0.013835
-0.013737
-0.013835
-0.013737
-0.013835
-0.014007
-0.014032
-0.01386
-0.013761
-0.013835
-0.014007
-0.014032
-0.01386
-0.013761
-0.013835
-0.014007
-0.014032
-0.013884
-0.013761
-0.013835
-0.014007
-0.014032
-0.013884
-0.013761
-0.013835
-0.014007
-0.014032
-0.013884
-0.013761
-0.013835
-0.014007
-0.014032
-0.01386
-0.013712
-0.013761
-0.013934
-0.013983
-0.01386
-0.013786
-0.013958
-0.014204
-0.014254
-0.01413
-0.014155
-0.014007
-0.014032
-0.014155
-0.014155
-0.013958
-0.01381
-0.01386
-0.014007
-0.014032
-0.013884
-0.013761
-0.013835
-0.014007
-0.014032
-0.013884
-0.013761
-0.01381
-0.013983
-0.014032
-0.013884
-0.013761
-0.01381
-0.013983
-0.014032
-0.013884
-0.013761
-0.01381
-0.013983
-0.014032
-0.013884
-0.013761
-0.01381
-0.013983
-0.014032
-0.013884
-0.013761
-0.01381
-0.013983
-0.014007
-0.013958
-0.014007
-0.01386
-0.013737
-0.013786
-0.013958
-0.014007
-0.01386
-0.013737
-0.013786
-0.013958
-0.014007
-0.013884
-0.013737
-0.013786
-0.013958
-0.014007
-0.013884
-0.013737
-0.013786
-0.013958
-0.014007
-0.01386
-0.013737
-0.013786
-0.013958
-0.014007
-0.013884
-0.013737
-0.013786
-0.013958
-0.014032
-0.013909
-0.013761
-0.013786
-0.013958
-0.014032
-0.013909
-0.013786
-0.01381
-0.013835
-0.014007
-0.014081
-0.013958
-0.01381
-0.013835
-0.014007
-0.014081
-0.013958
-0.01381
-0.013835
-0.014007
-0.014081
-0.013958
-0.01381
-0.013835
-0.014007
-0.014081
-0.013958
-0.01381
-0.013835
-0.014007
-0.014081
-0.013983
-0.01381
-0.013835
-0.014007
-0.014081
-0.013983
-0.01381
-0.013835
-0.013983
-0.014081
-0.013958
-0.01381
-0.013835
-0.013983
-0.014081
-0.013983
-0.01381
-0.013983
-0.01381
-0.013835
-0.013983
-0.014081
-0.013983
-0.01381
-0.013835
-0.014007
-0.014106
-0.013983
-0.013835
-0.013835
-0.014007
-0.014106
-0.013983
-0.013835
-0.013835
-0.014007
-0.014106
-0.014007
-0.013835
-0.013835
-0.014007
-0.014106
-0.013983
-0.013835
-0.013835
-0.013983
-0.014081
-0.013983
-0.013835
-0.013835
-0.013983
-0.014081
-0.013983
-0.013835
-0.013835
-0.014007
-0.014106
-0.014106
-0.014032
-0.01386
-0.013835
-0.014007
-0.014106
-0.014007
-0.01386
-0.013835
-0.014007
-0.014106
-0.014007
-0.01386
-0.013835
-0.014007
-0.014106
-0.014032
-0.01386
-0.01386
-0.013983
-0.014106
-0.014032
-0.01386
-0.013835
-0.014007
-0.014106
-0.014032
-0.01386
-0.01386
-0.014007
-0.014106
-0.014032
-0.01386
-0.013835
-0.013983
-0.014106
-0.014007
-0.01381
-0.013761
-0.013909
-0.014007
-0.014204
-0.014352
-0.014303
-0.01413
-0.014106
-0.014254
-0.014377
-0.014303
-0.014106
-0.014057
-0.01413
-0.014229
-0.01413
-0.013909
-0.01386
-0.014007
-0.014106
-0.014057
-0.013884
-0.013835
-0.013983
-0.014106
-0.014032
-0.01386
-0.013835
-0.013958
-0.014106
-0.014032
-0.01386
-0.013835
-0.013958
-0.014081
-0.014032
-0.01386
-0.013835
-0.013958
-0.014106
-0.014057
-0.01386
-0.01386
-0.013835
-0.013958
-0.014106
-0.014032
-0.01386
-0.01381
-0.013958
-0.014081
-0.014032
-0.01386
-0.01381
-0.013934
-0.014081
-0.014032
-0.01386
-0.013786
-0.013909
-0.014057
-0.014007
-0.013835
-0.013786
-0.013909
-0.014057
-0.014007
-0.01386
-0.01381
-0.013934
-0.014057
-0.014032
-0.01386
-0.01381
-0.013934
-0.014081
-0.014032
-0.01386
-0.01381
-0.013934
-0.014081
-0.014057
-0.014106
-0.014057
-0.013909
-0.013835
-0.013958
-0.014106
-0.014081
-0.013909
-0.013835
-0.013958
-0.01413
-0.014081
-0.013934
-0.01386
-0.013983
-0.01413
-0.014106
-0.013934
-0.01386
-0.013983
-0.01413
-0.014106
-0.013934
-0.01386
-0.013983
-0.01413
-0.014106
-0.013958
-0.01386
-0.013983
-0.01413
-0.014106
-0.013934
-0.01386
-0.013958
-0.01413
-0.014106
-0.013934
-0.01386
-0.013958
-0.01386
-0.013983
-0.01413
-0.014106
-0.013958
-0.01386
-0.013983
-0.01413
-0.01413
-0.013958
-0.013884
-0.013983
-0.014155
-0.01413
-0.013983
-0.013884
-0.013983
-0.01413
-0.01413
-0.013983
-0.013884
-0.013983
-0.01413
-0.014155
-0.013983
-0.013909
-0.014007
-0.01418
-0.014155
-0.014007
-0.013909
-0.014007
-0.014155
-0.014155
-0.014007
-0.013909
-0.014007
-0.014155
-0.01418
-0.014007
-0.01418
-0.014032
-0.013934
-0.014007
-0.01418
-0.01418
-0.014032
-0.013934
-0.014032
-0.014204
-0.014204
-0.014032
-0.013934
-0.014007
-0.01418
-0.01418
-0.014032
-0.013934
-0.014007
-0.01418
-0.014204
-0.014057
-0.013934
-0.014032
-0.01418
-0.014204
-0.014057
-0.013958
-0.014032
-0.014204
-0.014229
-0.014081
-0.013958
-0.014032
-0.014204
-0.014204
-0.014057
-0.013958
-0.014032
-0.01418
-0.014032
-0.014204
-0.014229
-0.014081
-0.013958
-0.014007
-0.01413
-0.01413
-0.014007
-0.013934
-0.014032
-0.014278
-0.014401
-0.014327
-0.014229
-0.014303
-0.014475
-0.014475
-0.014352
-0.014254
-0.014278
-0.014426
-0.014426
-0.014254
-0.014081
-0.014106
-0.014254
-0.014254
-0.01413
-0.014007
-0.014057
-0.014229
-0.014254
-0.014106
-0.013983
-0.014032
-0.014204
-0.014254
-0.014106
-0.013983
-0.014106
-0.013983
-0.014032
-0.014204
-0.014254
-0.01413
-0.013983
-0.014032
-0.014204
-0.014254
-0.014106
-0.013983
-0.014032
-0.014204
-0.014254
-0.01413
-0.013983
-0.014032
-0.014204
-0.014254
-0.01413
-0.014007
-0.014032
-0.014204
-0.014254
-0.01413
-0.013983
-0.014032
-0.01418
-0.014254
-0.01413
-0.013983
-0.014007
-0.01418
-0.014229
-0.014106
-0.013983
-0.014007
-0.01418
-0.014229
-0.01418
-0.014254
-0.01413
-0.014007
-0.014032
-0.014204
-0.014278
-0.01418
-0.014032
-0.014057
-0.014229
-0.014303
-0.01418
-0.014057
-0.014081
-0.014254
-0.014303
-0.01418
-0.014032
-0.014081
-0.014254
-0.014327
-0.014204
-0.014057
-0.014081
-0.014254
-0.014327
-0.014229
-0.014081
-0.014106
-0.014254
-0.014327
-0.014229
-0.014081
-0.014106
-0.014278
-0.014352
-0.014229
-0.014081
-0.014106
-0.014081
-0.014106
-0.014278
-0.014352
-0.014254
-0.014081
-0.014106
-0.014254
-0.014352
-0.014254
-0.014081
-0.014106
-0.014254
-0.014352
-0.014254
-0.014081
-0.014106
-0.014254
-0.014352
-0.014254
-0.014106
-0.014106
-0.014254
-0.014352
-0.014254
-0.014106
-0.014106
-0.014278
-0.014352
-0.014278
-0.014106
-0.01413
-0.014278
-0.014377
-0.014278
-0.01413
-0.01413
-0.014303
-0.014401
-0.014303
-0.014401
-0.014327
-0.014155
-0.014155
-0.014327
-0.014426
-0.014327
-0.01418
-0.01418
-0.014327
-0.014426
-0.014352
-0.01418
-0.01418
-0.014327
-0.01445
-0.014377
-0.014204
-0.014204
-0.014352
-0.01445
-0.014377
-0.014204
-0.014204
-0.014327
-0.01445
-0.014377
-0.014204
-0.014204
-0.014352
-0.01445
-0.014377
-0.014204
-0.014204
-0.014352
-0.01445
-0.014377
-0.014204
-0.01418
-0.014327
-0.01418
-0.014327
-0.014426
-0.014377
-0.014204
-0.01418
-0.014327
-0.014426
-0.014377
-0.014204
-0.01418
-0.014303
-0.014426
-0.014377
-0.01418
-0.014106
-0.014229
-0.014352
-0.014303
-0.01418
-0.014229
-0.01445
-0.014647
-0.014623
-0.014475
-0.01445
-0.014574
-0.014672
-0.014647
-0.014475
-0.014401
-0.0145
-0.014574
-0.014475
-0.014278
-0.014204
-0.014327
-0.01445
-0.014401
-0.014229
