2018
3
20
17
29
18.738
0.030969
0.030969
0.030969
0.030969
0.030969
0.030969
0.030944
0.030944
0.030969
0.030969
0.030944
0.030944
0.030944
0.030969
0.030969
0.030969
0.030944
0.030944
0.030969
0.030969
0.030969
0.030969
0.030969
0.030969
0.030993
0.030969
0.030969
0.030993
0.030993
0.030993
0.030993
0.030993
0.030993
0.030993
0.030993
0.030993
0.030993
0.030993
0.030993
0.031018
0.031018
0.031018
0.031018
0.031018
0.031018
0.031018
0.031018
0.031018
0.031018
0.031018
0.031018
0.031018
0.031018
0.031018
0.031018
0.031018
0.031018
0.031018
0.031018
0.031018
0.031018
0.031018
0.031018
0.031018
0.031018
0.031018
0.031018
0.031018
0.031018
0.031018
0.031018
0.031043
0.031043
0.031018
0.031018
0.031018
0.031043
0.031043
0.031018
0.031018
0.031018
0.031018
0.031018
0.031043
0.031043
0.031018
0.031018
0.031018
0.031043
0.031043
0.031043
0.031043
0.031043
0.031043
0.031043
0.031043
0.031043
0.031043
0.031043
0.031043
0.031043
0.031043
0.031043
0.031043
0.031043
0.031043
0.031043
0.031043
0.031043
0.031043
0.031043
0.031043
0.031043
0.031043
0.031043
0.031043
0.031043
0.031043
0.031043
0.031067
0.031067
0.031043
0.031043
0.031043
0.031067
0.031067
0.031067
0.031043
0.031043
0.031043
0.031067
0.031043
0.031043
0.031043
0.031043
0.030993
0.030944
0.030895
0.03087
0.030993
0.031289
0.031584
0.031806
0.031904
0.031855
0.031683
0.031437
0.031387
0.031387
0.031313
0.03124
0.03119
0.031141
0.031092
0.031043
0.031043
0.031018
0.031018
0.031018
0.030993
0.030993
0.030993
0.031018
0.030993
0.030993
0.030993
0.030993
0.030993
0.030993
0.030993
0.030993
0.030993
0.030993
0.030993
0.030993
0.030969
0.030969
0.030969
0.030969
0.030969
0.030944
0.030944
0.030944
0.030944
0.03092
0.03092
0.03092
0.030895
0.030895
0.03087
0.03087
0.03087
0.03087
0.030846
0.030846
0.030846
0.030846
0.030846
0.030846
0.030846
0.03087
0.030895
0.030895
0.03092
0.030944
0.030944
0.030969
0.030969
0.030993
0.030993
0.030993
0.030993
0.031018
0.031018
0.031043
0.031043
0.031043
0.031043
0.031043
0.031043
0.031043
0.031043
0.031043
0.031043
0.031043
0.031043
0.031043
0.031043
0.031043
0.031043
0.031043
0.031043
0.031043
0.031043
0.031043
0.031043
0.031043
0.031043
0.031043
0.031043
0.031043
0.031067
0.031067
0.031067
0.031067
0.031067
0.031067
0.031067
0.031067
0.031067
0.031067
0.031067
0.031067
0.031067
0.031067
0.031067
0.031092
0.031092
0.031067
0.031067
0.031092
0.031067
0.031067
0.031067
0.031067
0.031067
0.031092
0.031092
0.031067
0.031067
0.031067
0.031092
0.031092
0.031092
0.031067
0.031092
0.031092
0.031092
0.031092
0.031067
0.031067
0.031067
0.031092
0.031092
0.031067
0.031067
0.031067
0.031067
0.031092
0.031067
0.031067
0.031067
0.031067
0.031067
0.031067
0.031067
0.031067
0.031092
0.031092
0.031067
0.031067
0.031067
0.031067
0.031067
0.031067
0.031067
0.031067
0.031067
0.031067
0.031067
0.031067
0.031067
0.031092
0.031092
0.031092
0.031067
0.031092
0.031092
0.031092
0.031092
0.031067
0.031067
0.031067
0.031067
0.031092
0.031092
0.031092
0.031092
0.031092
0.031092
0.031092
0.031092
0.031092
0.031092
0.031092
0.031092
0.031092
0.031092
0.031092
0.031092
0.031092
0.031092
0.031092
0.031092
0.031092
0.031092
0.031092
0.031092
0.031092
0.031067
0.031018
0.030969
0.03092
0.030944
0.031166
0.031486
0.031757
0.031929
0.031954
0.031855
0.031412
0.031313
0.03124
0.03119
0.031166
0.031117
0.031067
0.031067
0.031043
0.031043
0.031043
0.031043
0.031043
0.031043
0.031043
0.031043
0.031043
0.031043
0.031043
0.031043
0.031043
0.031043
0.031043
0.031043
0.031043
0.031043
0.031043
0.031018
0.031018
0.031018
0.031018
0.031018
0.031018
0.031018
0.030993
0.030993
0.030993
0.030993
0.030969
0.030944
0.030895
0.030895
0.030895
0.030895
0.030895
0.03087
0.030895
0.030895
0.03087
0.03087
0.030895
0.030895
0.030895
0.030895
0.030895
0.03092
0.030944
0.030969
0.030969
0.030969
0.030993
0.030993
0.031018
0.031018
0.031018
0.031043
0.031043
0.031043
0.031043
0.031043
0.031067
0.031067
0.031067
0.031067
0.031067
0.031067
0.031067
0.031067
0.031067
0.031067
0.031067
0.031067
0.031067
0.031067
0.031067
0.031067
0.031067
0.031067
0.031067
0.031067
0.031067
0.031067
0.031067
0.031067
0.031067
0.031067
0.031067
0.031067
0.031067
0.031092
0.031092
0.031067
0.031092
0.031092
0.031092
0.031092
0.031092
0.031092
0.031092
0.031092
0.031092
0.031092
0.031092
0.031092
0.031092
0.031092
0.031092
0.031092
0.031092
0.031092
0.031092
0.031092
0.031092
0.031092
0.031092
0.031092
0.031092
0.031092
0.031092
0.031092
0.031092
0.031092
0.031092
0.031092
0.031092
0.031092
0.031092
0.031092
0.031092
0.031092
0.031092
0.031092
0.031092
0.031092
0.031092
0.031092
0.031092
0.031092
0.031092
0.031092
0.031092
0.031092
0.031092
0.031092
0.031092
0.031092
0.031092
0.031092
0.031092
0.031092
0.031092
0.031092
0.031092
0.031092
0.031092
0.031092
0.031092
0.031092
0.031092
0.031092
0.031092
0.031092
0.031092
0.031092
0.031092
0.031092
0.031092
0.031092
0.031092
0.031092
0.031092
0.031092
0.031092
0.031092
0.031067
0.031067
0.031067
0.031092
0.031092
0.031092
0.031092
0.031092
0.031092
0.031117
0.031092
0.031092
0.031092
0.031117
0.031117
0.031117
0.031117
0.031117
0.031117
0.031117
0.031117
0.031117
0.031092
0.031092
0.031092
0.031092
0.031067
0.031018
0.030944
0.030944
0.031018
0.031313
0.031609
0.031855
0.031978
0.031954
0.031781
0.031535
0.031412
0.031461
0.031387
0.031313
0.03124
0.03119
0.031141
0.031092
0.031067
0.031067
0.031043
0.031043
0.031043
0.031043
0.031043
0.031043
0.031043
0.031043
0.031043
0.031043
0.031043
0.031018
0.031018
0.031043
0.031043
0.031018
0.031018
0.031018
0.031018
0.031018
0.031018
0.030993
0.030993
0.030993
0.030993
0.030969
0.030969
0.030969
0.030944
0.030944
0.03092
0.03092
0.03092
0.030895
0.030895
0.030895
0.03087
0.03087
0.03087
0.03087
0.03087
0.03087
0.03087
0.03087
0.03087
0.030895
0.030895
0.030895
0.030944
0.030969
0.030993
0.030993
0.031018
0.031018
0.031018
0.031043
0.031043
0.031043
0.031043
0.031043
0.031043
0.031067
0.031067
0.031043
0.031043
0.031067
0.031067
0.031067
0.031067
0.031043
0.031043
0.031043
0.031043
0.031043
0.031043
0.031043
0.031043
0.031043
0.031043
0.031043
0.031043
0.031043
0.031043
0.031043
0.031043
0.031043
0.031043
0.031043
0.031043
0.031043
0.031043
0.031043
0.031067
0.031067
0.031067
0.031043
0.031043
0.031043
0.031067
0.031067
0.031067
0.031043
0.031067
0.031067
0.031067
0.031043
0.031043
0.031043
0.031067
0.031043
0.031043
0.031043
0.031067
0.031043
0.031043
0.031043
0.031043
0.031043
0.031043
0.031043
0.031043
0.031043
0.031043
0.031043
0.031043
0.031043
0.031043
0.031043
0.031043
0.031043
0.031043
0.031043
0.031043
0.031043
0.031043
0.031043
0.031043
0.031043
0.031018
0.031043
0.031043
0.031043
0.031043
0.031043
0.031043
0.031043
0.031043
0.031043
0.031043
0.031043
0.031043
0.031043
0.031043
0.031043
0.031043
0.031043
0.031043
0.031043
0.031018
0.031018
0.031043
0.031043
0.031043
0.031018
0.031018
0.031043
0.031043
0.031043
0.031043
0.031018
0.031018
0.031018
0.031018
0.031018
0.031018
0.031018
0.031018
0.031043
0.031043
0.031043
0.031043
0.031043
0.031043
0.031043
0.031043
0.031043
0.031043
0.031043
0.031043
0.031043
0.031043
0.031043
0.031043
0.031043
0.031043
0.031043
0.031018
0.031043
0.031043
0.031043
0.031018
0.031018
0.030969
0.03092
0.03087
0.030895
0.031092
0.031437
0.03183
0.031609
0.031387
0.031387
0.031363
0.031264
0.03119
0.031141
0.031092
0.031043
0.031018
0.030993
0.030993
0.030993
0.030993
0.030969
0.030993
0.030993
0.030993
0.030969
0.030969
0.030969
0.030969
0.030969
0.030969
0.030969
0.030969
0.030969
0.030969
0.030944
0.030969
0.030969
0.030969
0.030944
0.030944
0.030944
0.030944
0.030944
0.03092
0.03092
0.030895
0.03087
0.03087
0.03087
0.030846
0.030846
0.030821
0.030821
0.030821
0.030821
0.030821
0.030821
0.030797
0.030821
0.030821
0.030821
0.030821
0.030821
0.030821
0.030846
0.03087
0.03087
0.03087
0.030895
0.03092
0.03092
0.030944
0.030944
0.030969
0.030969
0.030993
0.030993
0.030993
0.030993
0.031018
0.031018
0.031018
0.031018
0.031018
0.031018
0.031018
0.031018
0.031018
0.031018
0.031018
0.031018
0.031018
0.031018
0.031018
0.030993
0.030993
0.031018
0.031018
0.030993
0.030993
0.031018
0.031018
0.031018
0.031018
0.031018
0.031018
0.031018
0.031018
0.031018
0.031018
0.031043
0.031043
0.031043
0.031043
0.031043
0.031043
0.031043
0.031043
0.031043
0.031043
0.031043
0.031043
0.031043
0.031043
0.031043
0.031043
0.031043
0.031043
0.031043
0.031043
0.031043
0.031043
0.031043
0.031043
0.031043
0.031043
0.031043
0.031043
0.031043
0.031043
0.031043
0.031043
0.031067
0.031067
0.031043
0.031043
0.031043
0.031043
0.031067
0.031043
0.031043
0.031043
0.031067
0.031067
0.031067
0.031043
0.031043
0.031043
0.031067
0.031067
0.031043
0.031043
0.031067
0.031067
0.031067
0.031067
0.031067
0.031067
0.031067
0.031067
0.031067
0.031067
0.031067
0.031067
0.031067
0.031067
0.031067
0.031067
0.031067
0.031067
0.031067
0.031067
0.031067
0.031067
0.031067
0.031067
0.031067
0.031067
0.031067
0.031067
0.031067
0.031067
0.031043
0.031043
0.031043
0.031067
0.031067
0.031067
0.031043
0.031067
0.031067
0.031067
0.031067
0.031067
0.031067
0.031067
0.031067
0.031067
0.031067
0.031067
0.031067
0.031067
0.031067
0.031067
0.031067
0.031067
0.031067
0.031067
0.031067
0.031067
0.031067
0.031067
0.031043
0.030993
0.03092
0.030895
0.03092
0.031141
0.031461
0.031732
0.031904
0.031929
0.03183
0.031609
0.031412
0.031412
0.031412
0.031313
0.03124
0.031166
0.031117
0.031092
0.031067
0.031043
0.031043
0.031018
0.031018
0.031018
0.031018
0.031018
0.031018
0.031018
0.031018
0.031018
0.031018
0.031018
0.031018
0.030993
0.030993
0.031018
0.030993
0.030993
0.030993
0.030993
0.030993
0.030993
0.030993
0.030993
0.030969
0.030969
0.030969
0.030969
0.030944
0.030944
0.03092
0.03092
0.030895
0.030895
0.030895
0.030895
0.03087
0.03087
0.03087
0.03087
0.03087
0.03087
0.03087
0.030895
0.030895
0.03092
0.030944
0.030944
0.030969
0.030969
0.030969
0.030993
0.031018
0.031018
0.031043
0.031043
0.031043
0.031043
0.031043
0.031043
0.031043
0.031043
0.031067
0.031067
0.031067
0.031067
0.031067
0.031067
0.031067
0.031067
0.031043
0.031043
0.031043
0.031043
0.031043
0.031043
0.031043
0.031043
0.031043
0.031043
0.031043
0.031067
0.031043
0.031067
0.031067
0.031067
0.031067
0.031067
0.031067
0.031067
0.031067
0.031067
0.031067
0.031067
0.031092
0.031092
0.031092
0.031092
0.031092
0.031092
0.031092
0.031092
0.031092
0.031092
0.031092
0.031092
0.031092
0.031092
0.031092
0.031092
0.031092
0.031092
0.031092
0.031092
0.031117
0.031117
0.031117
0.031092
0.031092
0.031092
0.031092
0.031092
0.031117
0.031092
0.031092
0.031092
0.031117
0.031117
0.031117
0.031092
0.031117
0.031117
0.031117
0.031117
0.031117
0.031117
0.031117
0.031117
0.031117
0.031117
0.031117
0.031117
0.031117
0.031117
0.031117
0.031117
0.031117
0.031117
0.031117
0.031117
0.031117
0.031117
0.031141
0.031117
0.031117
0.031141
0.031141
0.031141
0.031141
0.031117
0.031117
0.031117
0.031117
0.031141
0.031141
0.031141
0.031141
0.031141
0.031141
0.031141
0.031141
0.031117
0.031141
0.031141
0.031141
0.031141
0.031141
0.031141
0.031141
0.031141
0.031166
0.031141
0.031141
0.031141
0.031141
0.031141
0.031141
0.031141
0.031141
0.031166
0.031141
0.031166
0.031166
0.031166
0.031166
0.031166
0.031166
0.031166
0.031166
0.031166
0.031166
0.031166
0.031117
0.031067
0.031018
0.031043
0.031215
0.031535
0.03183
0.032027
0.032101
0.032027
0.031806
0.03156
0.031535
0.031535
0.031461
0.031387
0.031313
0.031264
0.03124
0.03119
0.031166
0.031166
0.031166
0.031166
0.031166
0.031166
0.031166
0.031166
0.031166
0.031166
0.031166
0.031166
0.031166
0.031166
0.031166
0.031166
0.031166
0.031166
0.031166
0.031141
0.031166
0.031166
0.031141
0.031141
0.031141
0.031141
0.031141
0.031117
0.031117
0.031117
0.031092
0.031092
0.031067
0.031067
0.031067
0.031043
0.031043
0.031043
0.031018
0.031018
0.031018
0.031018
0.031018
0.031018
0.031018
0.031018
0.031043
0.031043
0.031043
0.031067
0.031092
0.031092
0.031117
0.031117
0.031141
0.031141
0.031166
0.031166
0.031166
0.031215
0.031215
0.031215
0.031215
0.031215
0.031215
0.031215
0.031215
0.031215
0.031215
0.031215
0.031215
0.031215
0.031215
0.031215
0.031215
0.031215
0.031215
0.031215
0.031215
0.031215
0.031215
0.031215
0.031215
0.031215
0.03124
0.031215
0.031215
0.031215
0.031215
0.031215
0.031215
0.031215
0.03124
0.03124
0.03124
0.03124
0.03124
0.03124
0.03124
0.03124
0.031264
0.03124
0.03124
0.03124
0.03124
0.031264
0.031264
0.03124
0.03124
0.03124
0.031264
0.03124
0.03124
0.03124
0.03124
0.03124
0.03124
0.03124
0.03124
0.03124
0.03124
0.03124
0.03124
0.03124
0.03124
0.03124
0.03124
0.03124
0.03124
0.03124
0.03124
0.03124
0.03124
0.03124
0.03124
0.03124
0.03124
0.03124
0.03124
0.03124
0.03124
0.03124
0.03124
0.03124
0.03124
0.03124
0.03124
0.03124
0.03124
0.03124
0.03124
0.03124
0.03124
0.03124
0.03124
0.03124
0.03124
0.03124
0.03124
0.03124
0.03124
0.03124
0.03124
0.03124
0.03124
0.03124
0.03124
0.03124
0.03124
0.03124
0.03124
0.03124
0.03124
0.03124
0.031215
0.031215
0.031215
0.031215
0.031215
0.03124
0.03124
0.03124
0.03124
0.03124
0.031264
0.03124
0.03124
0.03124
0.03124
0.03124
0.03124
0.03124
0.03124
0.031264
0.031264
0.03124
0.03124
0.03124
0.03124
0.03124
0.03124
0.03124
0.03124
0.03124
0.031215
0.031166
0.031092
0.031092
0.031166
0.031461
0.031781
0.032003
0.032126
0.032101
0.031954
0.031683
0.031584
0.031609
0.031535
0.03124
0.031215
0.031215
0.03119
0.03119
0.031215
0.031215
0.03119
0.03119
0.03119
0.03119
0.03119
0.03119
0.031166
0.03119
0.03119
0.03119
0.03119
0.031166
0.031166
0.03119
0.03119
0.03119
0.031166
0.031166
0.031166
0.031166
0.031166
0.031141
0.031141
0.031141
0.031141
0.031117
0.031117
0.031092
0.031092
0.031092
0.031067
0.031043
0.031043
0.031018
0.031018
0.031018
0.031018
0.031018
0.030993
0.031018
0.031018
0.031018
0.031043
0.031043
0.031067
0.031067
0.031092
0.031092
0.031117
0.031117
0.031141
0.031166
0.031166
0.031166
0.031166
0.03119
0.03119
0.03119
0.03119
0.03119
0.03119
0.03119
0.03119
0.03119
0.03119
0.03119
0.03119
0.03119
0.03119
0.03119
0.03119
0.03119
0.03119
0.031166
0.031166
0.031166
0.03119
0.03119
0.03119
0.03119
0.03119
0.03119
0.03119
0.03119
0.03119
0.03119
0.03119
0.03119
0.03119
0.03119
0.03119
0.03119
0.031215
0.03119
0.03119
0.03119
0.031215
0.031215
0.03119
0.03119
0.03119
0.031215
0.031215
0.031215
0.031215
0.031215
0.031215
0.031215
0.03119
0.03119
0.03119
0.03119
0.03119
0.03119
0.03119
0.03119
0.03119
0.03119
0.03119
0.03119
0.03119
0.03119
0.03119
0.03119
0.03119
0.03119
0.03119
0.03119
0.03119
0.03119
0.03119
0.031166
0.03119
0.03119
0.03119
0.03119
0.03119
0.03119
0.03119
0.03119
0.03119
0.031166
0.031166
0.03119
0.03119
0.031166
0.031166
0.031166
0.03119
0.03119
0.031166
0.031166
0.031166
0.031166
0.031166
0.031166
0.031166
0.031166
0.031166
0.031166
0.031166
0.031166
0.031166
0.031166
0.031166
0.031166
0.031166
0.031166
0.031166
0.031166
0.031166
0.031166
0.031141
0.031141
0.031141
0.031166
0.031166
0.031141
0.031166
0.031166
0.031166
0.031166
0.031166
0.031166
0.031166
0.031166
0.031166
0.031166
0.031166
0.031166
0.031166
0.031166
0.031166
0.031166
0.031166
0.031166
0.031166
0.031166
0.031166
0.031166
0.031141
0.031117
0.031043
0.031018
0.031018
0.03119
0.03151
0.031806
0.032003
0.032052
0.031954
0.031732
0.03151
0.03151
0.031486
0.031387
0.031313
0.031264
0.031215
0.031166
0.031141
0.031117
0.031117
0.031117
0.031117
0.031117
0.031117
0.031117
0.031117
0.031092
0.031092
0.031092
0.031092
0.031092
0.031092
0.031092
0.031092
0.031092
0.031092
0.031092
0.031092
0.031092
0.031067
0.031067
0.031067
0.031067
0.031043
0.031043
0.031018
0.031018
0.031018
0.030993
0.030993
0.030969
0.030969
0.030944
0.030944
0.030944
0.03092
0.03092
0.03092
0.03092
0.03092
0.030895
0.03092
0.03092
0.03092
0.03092
0.03092
0.030944
0.030944
0.030969
0.030993
0.031043
0.031043
0.031043
0.031043
0.031067
0.031067
0.031067
0.031067
0.031092
0.031092
0.031092
0.031092
0.031092
0.031092
0.031092
0.031092
0.031092
0.031067
0.031067
0.031092
0.031092
0.031067
0.031067
0.031067
0.031067
0.031067
0.031067
0.031067
0.031067
0.031067
0.031067
0.031067
0.031067
0.031067
0.031067
0.031067
0.031067
0.031067
0.031067
0.031067
0.031067
0.031067
0.031067
0.031067
0.031067
0.031092
0.031092
0.031092
0.031067
0.031067
0.031067
0.031092
0.031067
0.031067
0.031067
0.031067
0.031092
0.031092
0.031067
0.031067
0.031067
0.031067
0.031067
0.031067
0.031067
0.031067
0.031067
0.031067
0.031067
0.031067
0.031067
0.031067
0.031067
0.031067
0.031067
0.031067
0.031067
0.031067
0.031067
0.031067
0.031067
0.031067
0.031067
0.031067
0.031067
0.031067
0.031067
0.031067
0.031067
0.031067
0.031043
0.031043
0.031043
0.031043
0.031067
0.031067
0.031043
0.031043
0.031067
0.031067
0.031043
0.031043
0.031043
0.031043
0.031043
0.031043
0.031043
0.031043
0.031043
0.031043
0.031043
0.031043
0.031043
0.031067
0.031067
0.031067
0.031067
0.031067
0.031043
0.031043
0.031043
0.031043
0.031043
0.031018
0.031043
0.031043
0.031043
0.031043
0.031043
0.031043
0.031043
0.031043
0.031043
0.031043
0.031043
0.031043
0.031043
0.031043
0.031018
0.031018
0.031043
0.031018
0.031018
0.031018
0.031018
0.031018
0.031018
0.031018
0.031018
0.031018
0.030993
0.030969
0.030895
0.030846
0.030846
0.031043
0.031363
0.031658
0.031855
0.031904
0.031338
0.031338
0.03124
0.031166
0.031117
0.031067
0.031018
0.030969
0.030969
0.030944
0.030944
0.030944
0.030944
0.030944
0.030944
0.03092
0.03092
0.030944
0.03092
0.03092
0.03092
0.03092
0.03092
0.030895
0.030895
0.030895
0.030895
0.030895
0.030895
0.030895
0.03087
0.03087
0.03087
0.03087
0.03087
0.030846
0.030846
0.030846
0.030821
0.030821
0.030772
0.030772
0.030747
0.030747
0.030747
0.030723
0.030723
0.030698
0.030698
0.030698
0.030698
0.030698
0.030698
0.030698
0.030723
0.030723
0.030747
0.030747
0.030772
0.030772
0.030797
0.030797
0.030821
0.030821
0.030846
0.030846
0.03087
0.03087
0.03087
0.030895
0.030895
0.030895
0.03087
0.030895
0.030895
0.030895
0.030895
0.03087
0.03087
0.03087
0.03087
0.03087
0.03087
0.03087
0.030846
0.030846
0.030846
0.030846
0.030846
0.030846
0.030846
0.030846
0.030846
0.030846
0.030846
0.030846
0.030846
0.030846
0.030846
0.030846
0.030846
0.030846
0.03087
0.030846
0.030846
0.030846
0.030846
0.03087
0.03087
0.030846
0.030846
0.030846
0.03087
0.030846
0.030846
0.030846
0.030846
0.03087
0.030846
0.030846
0.03087
0.030846
0.030846
0.030846
0.030846
0.030846
0.030846
0.030846
0.030846
0.03087
0.030846
0.030846
0.030846
0.030846
0.030846
0.030846
0.030846
0.030846
0.030846
0.030846
0.030846
0.030846
0.030846
0.030846
0.030846
0.030846
0.030846
0.030846
0.030846
0.030846
0.030846
0.030846
0.030846
0.030846
0.030846
0.030846
0.030821
0.030821
0.030846
0.030846
0.030821
0.030821
0.030821
0.030821
0.030821
0.030821
0.030821
0.030821
0.030821
0.030797
0.030821
0.030821
0.030797
0.030797
0.030797
0.030797
0.030797
0.030797
0.030797
0.030797
0.030797
0.030797
0.030772
0.030772
0.030772
0.030772
0.030772
0.030772
0.030772
0.030772
0.030797
0.030797
0.030797
0.030797
0.030797
0.030797
0.030797
0.030797
0.030797
0.030797
0.030797
0.030797
0.030797
0.030797
0.030797
0.030797
0.030797
0.030797
0.030797
0.030797
0.030772
0.030772
0.030772
0.030747
0.030698
0.030649
0.030624
0.030723
0.031018
0.031313
0.03156
0.031683
0.031634
0.031461
0.031215
0.031117
0.031141
0.031067
0.030993
0.03092
0.03087
0.030821
0.030797
0.030772
0.030747
0.030747
0.030747
0.030747
0.030723
0.030723
0.030723
0.030698
0.030698
0.030698
0.030698
0.030673
0.030673
0.030673
0.030649
0.030649
0.030624
0.030624
0.0306
0.0306
0.0306
0.0306
0.030575
0.030575
0.03055
0.03055
0.03055
0.030526
0.030526
0.030526
0.030501
0.030501
0.030476
0.030476
0.030452
0.030452
0.030452
0.030452
0.030427
0.030427
0.030452
0.030427
0.030427
0.030427
0.030452
0.030452
0.030526
0.030526
0.03055
0.03055
0.030575
0.030575
0.0306
0.0306
0.0306
0.030624
0.030624
0.030624
0.030649
0.030649
0.030649
0.030649
0.030649
0.030649
0.030649
0.030649
0.030649
0.030649
0.030649
0.030649
0.030649
0.030649
0.030649
0.030649
0.030624
0.030624
0.030624
0.030624
0.030624
0.030624
0.030624
0.030624
0.030624
0.030649
0.030624
0.030624
0.030649
0.030649
0.030649
0.030673
0.030673
0.030673
0.030673
0.030673
0.030673
0.030673
0.030673
0.030673
0.030673
0.030673
0.030673
0.030673
0.030673
0.030673
0.030673
0.030673
0.030649
0.030649
0.030649
0.030649
0.030649
0.030649
0.030649
0.030649
0.030673
0.030649
0.030649
0.030649
0.030649
0.030649
0.030649
0.030649
0.030649
0.030649
0.030649
0.030649
0.030649
0.030649
0.030649
0.030649
0.030649
0.030649
0.030649
0.030649
0.030649
0.030649
0.030649
0.030649
0.030624
0.030649
0.030649
0.030649
0.030649
0.030624
0.030624
0.030649
0.030649
0.030624
0.030624
0.030624
0.030649
0.030649
0.030624
0.030624
0.030649
0.030649
0.030649
0.030624
0.030624
0.030624
0.030624
0.030649
0.030624
0.030624
0.030649
0.030624
0.030624
0.030624
0.030624
0.030624
0.030624
0.030624
0.030624
0.030624
0.0306
0.0306
0.030624
0.030624
0.030624
0.030624
0.030624
0.030624
0.030624
0.030624
0.030624
0.0306
0.0306
0.0306
0.0306
0.0306
0.0306
0.0306
0.0306
0.0306
0.030575
0.030575
0.030575
0.030575
0.030575
0.030575
0.03055
0.03055
0.030526
0.030452
0.030403
0.030378
0.031313
0.031437
0.031412
0.03124
0.030993
0.030895
0.03092
0.030846
0.030772
0.030698
0.030649
0.0306
0.03055
0.030526
0.030526
0.030526
0.030501
0.030501
0.030526
0.030501
0.030501
0.030501
0.030501
0.030501
0.030501
0.030501
0.030501
0.030501
0.030501
0.030476
0.030476
0.030476
0.030476
0.030476
0.030476
0.030476
0.030452
0.030452
0.030476
0.030452
0.030427
0.030403
0.030403
0.030378
0.030378
0.030378
0.030353
0.030329
0.030329
0.030329
0.030304
0.030304
0.030304
0.03028
0.03028
0.03028
0.03028
0.03028
0.03028
0.03028
0.03028
0.030304
0.030304
0.030304
0.030329
0.030353
0.030378
0.030378
0.030378
0.030403
0.030427
0.030427
0.030427
0.030427
0.030427
0.030452
0.030452
0.030452
0.030452
0.030452
0.030452
0.030476
0.030476
0.030452
0.030452
0.030452
0.030452
0.030452
0.030452
0.030452
0.030452
0.030452
0.030452
0.030452
0.030452
0.030452
0.030452
0.030452
0.030452
0.030452
0.030452
0.030476
0.030476
0.030476
0.030476
0.030476
0.030476
0.030476
0.030476
0.030476
0.030476
0.030501
0.030501
0.030501
0.030476
0.030476
0.030476
0.030501
0.030501
0.030476
0.030476
0.030476
0.030476
0.030476
0.030476
0.030476
0.030452
0.030452
0.030476
0.030476
0.030476
0.030476
0.030476
0.030476
0.030476
0.030476
0.030476
0.030476
0.030476
0.030476
0.030476
0.030476
0.030476
0.030476
0.030501
0.030476
0.030476
0.030476
0.030476
0.030476
0.030476
0.030476
0.030476
0.030476
0.030476
0.030476
0.030476
0.030476
0.030476
0.030476
