2018
3
20
17
29
18.738
0.041579
0.041579
0.041579
0.041579
0.041579
0.041579
0.041579
0.041579
0.041579
0.041579
0.041579
0.041579
0.041579
0.041579
0.041579
0.041579
0.041579
0.041579
0.041579
0.041579
0.041579
0.041579
0.041579
0.041579
0.041579
0.041579
0.041579
0.041579
0.041579
0.041579
0.041579
0.041579
0.041579
0.041579
0.041579
0.041579
0.041579
0.041554
0.041554
0.041554
0.041554
0.041554
0.041554
0.041554
0.041554
0.041554
0.041554
0.041554
0.041554
0.041554
0.041554
0.041554
0.041554
0.041554
0.041554
0.041554
0.041554
0.041554
0.041554
0.041554
0.041554
0.041554
0.041554
0.041554
0.041554
0.041554
0.041554
0.041554
0.041554
0.041554
0.041554
0.041554
0.041554
0.041554
0.041554
0.041554
0.041554
0.041554
0.041554
0.041554
0.041554
0.041554
0.041554
0.041554
0.041554
0.041554
0.041554
0.041554
0.041554
0.041554
0.041554
0.041554
0.041554
0.041554
0.041554
0.041554
0.041554
0.041554
0.041554
0.041554
0.041554
0.041554
0.041554
0.041554
0.041554
0.041554
0.041554
0.041554
0.041554
0.041579
0.041579
0.041579
0.041579
0.041579
0.041579
0.041579
0.041579
0.041579
0.041579
0.041554
0.041579
0.041554
0.041554
0.041554
0.041554
0.041554
0.041554
0.041579
0.041579
0.041579
0.041579
0.041579
0.041579
0.041579
0.041554
0.041554
0.041554
0.041554
0.041604
0.041776
0.042071
0.042391
0.042662
0.042884
0.042982
0.042933
0.042613
0.042071
0.041727
0.041628
0.041604
0.041579
0.041579
0.041579
0.041554
0.041554
0.041579
0.041579
0.041579
0.041554
0.041554
0.041554
0.041554
0.041554
0.041554
0.041554
0.041579
0.041579
0.041579
0.041579
0.041579
0.041579
0.041579
0.041579
0.041579
0.041579
0.041579
0.041579
0.041604
0.041604
0.041604
0.041604
0.041604
0.041628
0.041628
0.041628
0.041628
0.041653
0.041653
0.041677
0.041677
0.041677
0.041702
0.041702
0.041727
0.041727
0.041727
0.041751
0.041751
0.041751
0.041751
0.041751
0.041727
0.041727
0.041702
0.041702
0.041677
0.041677
0.041653
0.041628
0.041628
0.041628
0.041604
0.041604
0.041604
0.041604
0.041604
0.041604
0.041604
0.041604
0.041604
0.041604
0.041604
0.041604
0.041604
0.041628
0.041628
0.041628
0.041628
0.041628
0.041628
0.041628
0.041628
0.041628
0.041628
0.041628
0.041628
0.041628
0.041628
0.041628
0.041604
0.041604
0.041604
0.041604
0.041604
0.041604
0.041604
0.041604
0.041604
0.041604
0.041579
0.041579
0.041579
0.041579
0.041579
0.041579
0.041579
0.041579
0.041579
0.041579
0.041579
0.041554
0.041554
0.041554
0.041579
0.041579
0.041554
0.041554
0.041579
0.041579
0.041579
0.041579
0.041579
0.041579
0.041579
0.041579
0.041579
0.041579
0.041579
0.041579
0.041579
0.041579
0.041579
0.041604
0.041604
0.041604
0.041604
0.041604
0.041604
0.041604
0.041604
0.041604
0.041604
0.041604
0.041604
0.041604
0.041604
0.041604
0.041604
0.041604
0.041604
0.041604
0.041604
0.041604
0.041604
0.041604
0.041604
0.041604
0.041604
0.041604
0.041604
0.041604
0.041604
0.041604
0.041604
0.041604
0.041604
0.041604
0.041604
0.041604
0.041628
0.041628
0.041628
0.041628
0.041653
0.041653
0.041653
0.041628
0.041653
0.041628
0.041628
0.041628
0.041628
0.041628
0.041628
0.041628
0.041628
0.041628
0.041628
0.041604
0.041604
0.041628
0.041604
0.041604
0.041604
0.041628
0.041628
0.041628
0.041604
0.041604
0.041604
0.041604
0.041628
0.041727
0.041973
0.042293
0.042588
0.042834
0.042982
0.043031
0.041702
0.041653
0.041628
0.041628
0.041628
0.041628
0.041628
0.041628
0.041628
0.041628
0.041628
0.041628
0.041628
0.041604
0.041604
0.041604
0.041628
0.041628
0.041628
0.041628
0.041628
0.041628
0.041628
0.041628
0.041628
0.041628
0.041628
0.041628
0.041628
0.041628
0.041653
0.041653
0.041653
0.041653
0.041653
0.041653
0.041677
0.041677
0.041677
0.041677
0.041727
0.041751
0.041751
0.041776
0.041776
0.041776
0.041776
0.041776
0.041801
0.041801
0.041801
0.041801
0.041801
0.041801
0.041801
0.041801
0.041776
0.041776
0.041751
0.041751
0.041727
0.041727
0.041702
0.041702
0.041702
0.041677
0.041677
0.041677
0.041653
0.041653
0.041677
0.041653
0.041653
0.041653
0.041653
0.041653
0.041677
0.041677
0.041677
0.041677
0.041677
0.041677
0.041677
0.041677
0.041677
0.041677
0.041677
0.041677
0.041653
0.041677
0.041677
0.041653
0.041653
0.041653
0.041653
0.041653
0.041653
0.041653
0.041653
0.041653
0.041653
0.041653
0.041653
0.041653
0.041653
0.041628
0.041628
0.041653
0.041653
0.041628
0.041628
0.041628
0.041628
0.041628
0.041628
0.041628
0.041628
0.041653
0.041628
0.041628
0.041628
0.041653
0.041653
0.041653
0.041653
0.041653
0.041653
0.041653
0.041653
0.041653
0.041653
0.041653
0.041653
0.041653
0.041653
0.041653
0.041653
0.041653
0.041677
0.041677
0.041677
0.041677
0.041677
0.041677
0.041677
0.041677
0.041677
0.041677
0.041677
0.041677
0.041677
0.041677
0.041677
0.041677
0.041677
0.041677
0.041677
0.041677
0.041677
0.041677
0.041677
0.041677
0.041677
0.041677
0.041677
0.041677
0.041677
0.041677
0.041677
0.041677
0.041677
0.041677
0.041677
0.041677
0.041677
0.041677
0.041677
0.041677
0.041677
0.041677
0.041677
0.041677
0.041677
0.041677
0.041702
0.041702
0.041702
0.041702
0.041702
0.041702
0.041702
0.041702
0.041702
0.041702
0.041702
0.041702
0.041702
0.041702
0.041677
0.041702
0.041677
0.041677
0.041677
0.041677
0.041677
0.041677
0.041677
0.041677
0.041677
0.041653
0.041653
0.041677
0.041677
0.041702
0.04185
0.042121
0.042441
0.042711
0.042933
0.043056
0.043056
0.042785
0.042293
0.041874
0.041751
0.041702
0.041677
0.041677
0.041677
0.041677
0.041677
0.041677
0.041677
0.041677
0.041677
0.041677
0.041677
0.041677
0.041677
0.041677
0.041677
0.041677
0.041677
0.041677
0.041677
0.041677
0.041702
0.041702
0.041702
0.041702
0.041702
0.041702
0.041702
0.041702
0.041727
0.041702
0.041727
0.041727
0.041727
0.041727
0.041727
0.041751
0.041751
0.041751
0.041776
0.041801
0.041801
0.041801
0.041801
0.041825
0.041825
0.041825
0.04185
0.04185
0.04185
0.04185
0.04185
0.04185
0.04185
0.04185
0.041825
0.041801
0.041776
0.041776
0.041776
0.041751
0.041751
0.041751
0.041727
0.041727
0.041727
0.041727
0.041702
0.041702
0.041702
0.041702
0.041702
0.041702
0.041702
0.041727
0.041727
0.041727
0.041727
0.041727
0.041727
0.041727
0.041727
0.041702
0.041702
0.041702
0.041702
0.041702
0.041702
0.041702
0.041702
0.041702
0.041702
0.041702
0.041702
0.041702
0.041677
0.041677
0.041677
0.041677
0.041677
0.041677
0.041677
0.041677
0.041677
0.041677
0.041677
0.041677
0.041677
0.041677
0.041677
0.041677
0.041677
0.041677
0.041677
0.041653
0.041677
0.041653
0.041653
0.041677
0.041677
0.041653
0.041677
0.041653
0.041653
0.041653
0.041653
0.041677
0.041677
0.041677
0.041677
0.041677
0.041677
0.041677
0.041677
0.041653
0.041653
0.041677
0.041677
0.041677
0.041677
0.041677
0.041677
0.041653
0.041653
0.041653
0.041653
0.041653
0.041653
0.041653
0.041653
0.041653
0.041677
0.041677
0.041653
0.041677
0.041653
0.041653
0.041653
0.041653
0.041653
0.041653
0.041653
0.041653
0.041653
0.041653
0.041653
0.041653
0.041653
0.041653
0.041653
0.041653
0.041653
0.041653
0.041653
0.041628
0.041653
0.041653
0.041653
0.041653
0.041653
0.041653
0.041653
0.041677
0.041653
0.041653
0.041653
0.041653
0.041653
0.041653
0.041653
0.041628
0.041628
0.041628
0.041628
0.041628
0.041628
0.041628
0.041628
0.041628
0.041628
0.041628
0.041628
0.041628
0.041628
0.041628
0.041628
0.041628
0.041604
0.041604
0.041604
0.041604
0.041628
0.041702
0.041924
0.042244
0.043031
0.042908
0.042465
0.041948
0.041727
0.041653
0.041628
0.041628
0.041628
0.041628
0.041604
0.041604
0.041604
0.041604
0.041604
0.041604
0.041604
0.041604
0.041604
0.041604
0.041604
0.041579
0.041604
0.041579
0.041579
0.041554
0.04153
0.04153
0.04153
0.041505
0.041505
0.041505
0.041505
0.041505
0.041505
0.041505
0.041505
0.041505
0.041505
0.041505
0.04153
0.04153
0.04153
0.041554
0.041554
0.041554
0.041579
0.041579
0.041604
0.041604
0.041604
0.041604
0.041604
0.041628
0.041628
0.041628
0.041628
0.041628
0.041628
0.041628
0.041604
0.041604
0.041604
0.041579
0.041579
0.041554
0.041554
0.04153
0.04153
0.041505
0.041505
0.041505
0.041505
0.041481
0.041481
0.041481
0.041481
0.041481
0.041481
0.041481
0.041481
0.041481
0.041481
0.041481
0.041481
0.041481
0.041481
0.041481
0.041481
0.041481
0.041481
0.041481
0.041481
0.041481
0.041481
0.041481
0.041456
0.041456
0.041456
0.041456
0.041456
0.041456
0.041456
0.041456
0.041456
0.041456
0.041456
0.041456
0.041431
0.041431
0.041431
0.041431
0.041431
0.041431
0.041431
0.041431
0.041431
0.041431
0.041431
0.041431
0.041431
0.041407
0.041407
0.041431
0.041431
0.041431
0.041431
0.041431
0.041431
0.041431
0.041431
0.041431
0.041431
0.041431
0.041431
0.041431
0.041431
0.041431
0.041431
0.041431
0.041431
0.041431
0.041431
0.041431
0.041431
0.041431
0.041431
0.041431
0.041456
0.041456
0.041431
0.041431
0.041431
0.041456
0.041456
0.041431
0.041456
0.041456
0.041456
0.041431
0.041431
0.041431
0.041431
0.041431
0.041431
0.041431
0.041431
0.041431
0.041431
0.041431
0.041431
0.041431
0.041431
0.041431
0.041431
0.041431
0.041431
0.041431
0.041431
0.041431
0.041431
0.041431
0.041431
0.041431
0.041431
0.041431
0.041431
0.041431
0.041431
0.041456
0.041456
0.041456
0.041456
0.041456
0.041456
0.041456
0.041456
0.041456
0.041456
0.041456
0.041456
0.041431
0.041431
0.041431
0.041431
0.041431
0.041431
0.041431
0.041431
0.041431
0.041431
0.041431
0.041431
0.041431
0.041431
0.041431
0.041431
0.041407
0.041431
0.041431
0.041431
0.04153
0.041751
0.042071
0.042367
0.042613
0.042761
0.042834
0.042687
0.042244
0.041751
0.04153
0.041481
0.041456
0.041456
0.041456
0.041456
0.041431
0.041431
0.041431
0.041431
0.041431
0.041431
0.041431
0.041431
0.041431
0.041431
0.041431
0.041431
0.041431
0.041431
0.041431
0.041431
0.041431
0.041431
0.041431
0.041431
0.041431
0.041431
0.041456
0.041456
0.041456
0.041456
0.041456
0.041456
0.041481
0.041481
0.041481
0.041481
0.041505
0.041505
0.041505
0.041505
0.04153
0.04153
0.041554
0.041554
0.041554
0.041554
0.041579
0.041579
0.041604
0.041604
0.041579
0.041579
0.041579
0.041554
0.041554
0.04153
0.04153
0.041505
0.041505
0.041505
0.041481
0.041481
0.041481
0.041481
0.041456
0.041456
0.041456
0.041456
0.041456
0.041456
0.041456
0.041456
0.041456
0.041481
0.041481
0.041481
0.041481
0.041481
0.041481
0.041481
0.041481
0.041481
0.041481
0.041481
0.041481
0.041481
0.041481
0.041481
0.041481
0.041481
0.041481
0.041481
0.041481
0.041481
0.041456
0.041456
0.041481
0.041456
0.041456
0.041456
0.041456
0.041456
0.041456
0.041456
0.041456
0.041456
0.041431
0.041431
0.041431
0.041431
0.041431
0.041431
0.041431
0.041431
0.041431
0.041431
0.041431
0.041431
0.041431
0.041431
0.041431
0.041431
0.041407
0.041407
0.041407
0.041407
0.041407
0.041407
0.041407
0.041407
0.041407
0.041407
0.041407
0.041407
0.041407
0.041407
0.041407
0.041407
0.041407
0.041407
0.041407
0.041407
0.041431
0.041431
0.041431
0.041431
0.041431
0.041431
0.041431
0.041431
0.041431
0.041431
0.041431
0.041431
0.041431
0.041431
0.041456
0.041456
0.041456
0.041456
0.041456
0.041456
0.041456
0.041456
0.041481
0.041481
0.041481
0.041481
0.041481
0.041481
0.041481
0.041456
0.041456
0.041456
0.041456
0.041456
0.041456
0.041481
0.041481
0.041481
0.041481
0.041481
0.041481
0.041481
0.041505
0.041505
0.041481
0.041481
0.041481
0.041481
0.041481
0.041481
0.041481
0.041456
0.041456
0.041456
0.041456
0.041456
0.041456
0.041456
0.041456
0.041456
0.041456
0.041456
0.041456
0.041456
0.041456
0.041431
0.041431
0.041431
0.041456
0.04153
0.041702
0.042022
0.042318
0.042588
0.042761
0.042859
0.042761
0.042391
0.041874
0.041579
0.041505
0.041456
0.041456
0.041456
0.041456
0.041456
0.041456
0.041456
0.041456
0.041456
0.041456
0.041456
0.041456
0.041456
0.041456
0.041456
0.041456
0.041456
0.041456
0.041456
0.041456
0.041456
0.041456
0.041456
0.041456
0.041481
0.041481
0.041481
0.041505
0.041505
0.041505
0.041505
0.041505
0.041505
0.041505
0.04153
0.04153
0.04153
0.04153
0.041554
0.041554
0.041579
0.041579
0.041579
0.041604
0.041604
0.041604
0.041628
0.041628
0.041628
0.041628
0.041653
0.041653
0.041653
0.041653
0.041628
0.041628
0.041628
0.041604
0.041604
0.041604
0.041579
0.041579
0.041579
0.041554
0.04153
0.04153
0.04153
0.04153
0.04153
0.04153
0.04153
0.04153
0.04153
0.04153
0.04153
0.04153
0.04153
0.04153
0.041554
0.041554
0.041554
0.041554
0.041554
0.041554
0.041554
0.041554
0.041554
0.041554
0.041554
0.041554
0.04153
0.04153
0.04153
0.04153
0.04153
0.04153
0.04153
0.04153
0.04153
0.04153
0.04153
0.04153
0.04153
0.041505
0.041505
0.041505
0.041505
0.041505
0.041505
0.041505
0.041505
0.041505
0.041505
0.041505
0.041505
0.041505
0.041505
0.041505
0.041481
0.041505
0.041505
0.041481
0.041481
0.041481
0.041481
0.041481
0.041481
0.041481
0.041481
0.041481
0.041481
0.041505
0.041481
0.041481
0.041481
0.041481
0.041481
0.041505
0.041505
0.041481
0.041505
0.041505
0.041505
0.041505
0.041505
0.041505
0.041505
0.041505
0.041505
0.041505
0.041505
0.041505
0.041505
0.041505
0.041505
0.041505
0.041505
0.041505
0.041505
0.041505
0.041505
0.041505
0.041505
0.041481
0.041505
0.041505
0.041505
0.041505
0.041505
0.041505
0.041505
0.041505
0.041505
0.041505
0.041505
0.041505
0.041505
0.041505
0.041505
0.041505
0.041505
0.041505
0.04153
0.04153
0.04153
0.04153
0.04153
0.04153
0.04153
0.04153
0.04153
0.041505
0.041505
0.041505
0.041505
0.041505
0.041505
0.041505
0.041505
0.041505
0.041505
0.041505
0.041505
0.041505
0.041505
0.041505
0.041505
0.041505
0.041505
0.041505
0.041505
0.041505
0.041554
0.041677
0.041973
0.042268
0.042564
0.042785
0.042884
0.042884
0.042638
0.042121
0.041702
0.041579
0.041505
0.041505
0.041505
0.041505
0.041505
0.041505
0.041505
0.041505
0.041505
0.041505
0.041505
0.041505
0.041505
0.041505
0.041505
0.041505
0.041505
0.041505
0.041505
0.041505
0.041505
0.041505
0.041505
0.041505
0.041505
0.041505
0.04153
0.04153
0.04153
0.04153
0.04153
0.04153
0.041554
0.041554
0.041554
0.041554
0.041579
0.041579
0.041579
0.041604
0.041653
0.041653
0.041653
0.041653
0.041653
0.041653
0.041653
0.041653
0.041677
0.041677
0.041653
0.041653
0.041628
0.041628
0.041628
0.041604
0.041604
0.041579
0.041554
0.041554
0.041554
0.041554
0.041554
0.04153
0.041554
0.04153
0.04153
0.04153
0.04153
0.04153
0.04153
0.04153
0.041554
0.041554
0.041554
0.041554
0.041554
0.041554
0.041554
0.041554
0.041554
0.041554
0.041554
0.041554
0.041554
0.041554
0.041554
0.04153
0.04153
0.04153
0.041554
0.04153
0.04153
0.04153
0.04153
0.04153
0.041554
0.04153
0.041554
0.041554
0.041554
0.041554
0.04153
0.04153
0.04153
0.04153
0.04153
0.04153
0.04153
0.04153
0.04153
0.04153
0.04153
0.04153
0.04153
0.04153
0.04153
0.04153
0.04153
0.04153
0.041505
0.041505
0.041505
0.041505
0.04153
0.04153
0.04153
0.04153
0.041505
0.041505
0.04153
0.041505
0.041505
0.041505
0.041505
0.04153
0.041505
0.041505
0.04153
0.041505
0.041505
0.041505
0.041505
0.041505
0.041505
0.041505
0.041505
0.041505
0.04153
0.04153
0.04153
0.04153
0.04153
0.04153
0.04153
0.04153
0.04153
0.04153
0.04153
0.041505
0.04153
0.04153
0.04153
0.04153
0.04153
0.04153
0.04153
0.04153
0.04153
0.04153
0.04153
0.04153
0.04153
0.04153
0.04153
0.04153
0.04153
0.04153
0.041554
0.041554
0.041554
0.041554
0.041554
0.041554
0.041554
0.041579
0.041554
0.041554
0.041554
0.041554
0.041554
0.041554
0.041554
0.04153
0.04153
0.04153
0.04153
0.04153
0.04153
0.04153
0.04153
0.04153
0.04153
0.04153
0.04153
0.04153
0.041505
0.041505
0.041505
0.041505
0.04153
0.041604
0.041801
0.042096
0.042391
0.042662
0.042834
0.042908
0.04281
0.042416
0.041899
0.041653
0.041579
0.041554
0.04153
0.041554
0.041554
0.04153
0.04153
0.04153
0.04153
0.04153
0.04153
0.04153
0.04153
0.04153
0.04153
0.04153
0.04153
0.04153
0.041554
0.041554
0.041554
0.041554
0.041554
0.041554
0.041554
0.041554
0.041554
0.041554
0.041554
0.041579
0.041579
0.041579
0.041579
0.041604
0.041604
0.041604
0.041604
0.041628
0.041604
0.041628
0.041628
0.041653
0.041653
0.041653
0.041677
0.041677
0.041677
0.041702
0.041702
0.041702
0.041702
0.041727
0.041727
0.041727
0.041727
0.041702
0.041702
0.041702
0.041653
0.041628
0.041628
0.041628
0.041628
0.041604
0.041604
0.041604
0.041604
0.041604
0.041604
0.041604
0.041579
0.041579
0.041579
0.041579
0.041579
0.041579
0.041579
0.041579
0.041579
0.041604
0.041579
0.041604
0.041579
0.041604
0.041604
0.041604
0.041579
0.041579
0.041579
0.041579
0.041579
0.041579
0.041579
0.041579
0.041579
0.041579
0.041579
0.041579
0.041554
0.041554
0.041554
0.041554
0.041554
0.041579
0.041579
0.041579
0.041554
0.041554
0.041554
0.041554
0.041554
0.041554
0.041554
0.041554
0.041554
0.041554
0.041554
0.041554
0.041554
0.041554
0.04153
0.04153
0.04153
0.04153
0.04153
0.04153
0.04153
0.04153
0.04153
0.04153
0.04153
0.041554
0.041554
0.041554
0.041554
0.041554
0.041554
0.041554
0.041554
0.041554
0.041554
0.041554
0.041554
0.041554
0.041554
0.041554
0.04153
0.041554
0.041554
0.041554
0.041554
0.041554
0.041554
0.041554
0.041554
0.041554
0.041554
0.041554
0.041554
0.041554
0.041554
0.041554
0.041554
0.041554
0.041554
0.041554
0.041554
0.041554
0.041554
0.041554
0.041554
0.041554
0.041554
0.041554
0.041554
0.041579
0.041554
0.041554
0.041579
0.041579
0.041579
0.041579
0.041604
0.041604
0.041604
0.041604
0.041579
0.041604
0.041579
0.041579
0.041604
0.041579
0.041579
0.041579
0.041579
0.041579
0.041554
0.041554
0.041554
0.041554
0.041554
0.041554
0.041554
0.041554
0.041554
0.041554
0.041554
0.041554
0.04153
0.04153
0.041554
0.041554
0.041628
0.041825
0.042145
0.042441
0.042687
0.042859
0.041948
0.041677
0.041628
0.041579
0.041579
0.041579
0.041579
0.041554
0.041554
0.041554
0.041554
0.041554
0.041554
0.041554
0.041554
0.041554
0.041554
0.041554
0.041554
0.041554
0.041554
0.041554
0.041554
0.041554
0.041554
0.041554
0.041579
0.041554
0.041579
0.041579
0.041579
0.041579
0.041579
0.041604
0.041604
0.041604
0.041604
0.041604
0.041604
0.041628
0.041653
0.041653
0.041653
0.041653
0.041677
0.041677
0.041677
0.041702
0.041702
0.041702
0.041727
0.041727
0.041727
0.041751
0.041727
0.041727
0.041727
0.041727
0.041727
0.041702
0.041702
0.041677
0.041677
0.041677
0.041653
0.041653
0.041653
0.041628
0.041628
0.041628
0.041628
0.041604
0.041604
0.041604
0.041604
0.041628
0.041604
0.041604
0.041628
0.041628
0.041628
0.041628
0.041628
0.041628
0.041628
0.041628
0.041628
0.041628
0.041628
0.041628
0.041628
0.041628
0.041628
0.041628
0.041604
0.041604
0.041604
0.041604
0.041604
0.041604
0.041604
0.041604
0.041604
0.041604
0.041604
0.041604
0.041604
0.041604
0.041604
0.041604
0.041604
0.041604
0.041604
0.041604
0.041579
0.041579
0.041579
0.041604
0.041604
0.041604
0.041604
0.041604
0.041604
0.041604
0.041604
0.041604
0.041604
0.041604
0.041604
0.041604
0.041604
0.041604
0.041604
0.041604
0.041604
0.041604
0.041604
0.041604
0.041604
0.041604
0.041604
0.041604
0.041604
0.041628
0.041604
0.041604
0.041604
0.041604
0.041604
0.041628
0.041604
0.041604
0.041604
0.041604
0.041604
0.041604
0.041604
0.041604
0.041604
0.041604
0.041604
0.041604
0.041604
0.041604
0.041604
0.041604
0.041604
0.041604
0.041604
0.041604
0.041604
0.041604
0.041604
0.041604
0.041604
0.041604
0.041604
0.041604
0.041604
0.041628
0.041604
0.041604
0.041604
0.041628
0.041628
0.041628
0.041628
0.041628
0.041628
0.041628
0.041653
0.041628
0.041628
0.041628
0.041628
0.041628
0.041628
0.041628
0.041628
0.041628
0.041604
0.041604
0.041604
0.041604
0.041604
0.041604
0.041604
0.041604
0.041604
0.041604
0.041604
0.041604
0.041604
0.041579
0.041579
0.041579
0.041628
0.041776
0.042047
0.042367
0.042638
0.042859
0.042958
0.042958
0.042711
0.042194
0.041801
0.041677
0.041628
0.041628
0.041628
0.041604
0.041604
0.041604
0.041604
0.041604
0.041604
0.041604
0.041604
0.041604
0.041604
0.041604
0.041604
0.041604
0.041604
0.041604
0.041604
0.041604
0.041604
0.041604
0.041604
0.041604
0.041628
0.041628
0.041628
0.041628
0.041628
0.041653
0.041653
0.041653
0.041653
0.041677
0.041677
0.041677
0.041677
0.041702
0.041702
0.041727
0.041727
0.041727
0.041751
0.041751
0.041751
0.041776
0.041776
0.041776
0.041776
0.041776
0.041776
0.041776
0.041751
0.041751
0.041727
0.041727
0.041727
0.041702
0.041702
0.041677
0.041677
0.041677
0.041677
0.041677
0.041653
0.041653
0.041653
0.041653
0.041653
0.041653
0.041653
0.041653
0.041653
0.041653
0.041653
0.041653
0.041653
0.041653
0.041653
0.041653
0.041653
0.041653
0.041653
0.041653
0.041677
0.041677
0.041653
0.041653
0.041653
0.041677
0.041653
0.041653
0.041653
0.041653
0.041653
0.041653
0.041653
0.041653
0.041653
0.041653
0.041653
0.041653
0.041653
0.041628
0.041628
0.041628
0.041628
0.041628
0.041628
0.041628
0.041628
0.041628
0.041653
0.041653
0.041653
0.041653
0.041653
0.041653
0.041653
0.041653
0.041653
0.041628
0.041628
0.041653
0.041653
0.041653
0.041653
0.041628
0.041628
0.041653
0.041653
0.041653
0.041653
0.041653
0.041653
0.041653
0.041653
0.041653
0.041653
0.041653
0.041677
0.041653
0.041653
0.041653
0.041653
0.041653
0.041653
0.041653
0.041653
0.041653
0.041653
0.041653
0.041653
0.041653
0.041653
0.041653
0.041653
0.041653
0.041653
0.041653
0.041653
0.041653
0.041653
0.041653
0.041653
0.041653
0.041653
0.041653
0.041653
0.041653
0.041677
0.041677
0.041653
0.041653
0.041653
0.041653
0.041653
0.041677
0.041677
0.041677
0.041677
0.041677
0.041677
0.041677
0.041677
0.041702
0.041677
0.041677
0.041677
0.041677
0.041677
0.041677
0.041677
0.041677
0.041653
0.041653
0.041653
0.041653
0.041653
0.041653
0.041653
0.041653
0.041653
0.041653
0.041653
0.041653
0.041653
0.041628
0.041628
0.041653
0.041653
0.041677
0.042687
0.042884
0.043007
0.043007
0.042761
0.042293
0.041874
0.041751
0.041702
0.041677
0.041677
0.041677
0.041653
0.041653
0.041653
0.041653
0.041653
0.041653
0.041653
0.041653
0.041653
0.041653
0.041653
0.041653
0.041653
0.041653
0.041653
0.041653
0.041653
0.041653
0.041653
0.041653
0.041653
0.041653
0.041653
0.041653
0.041653
0.041677
0.041677
0.041677
0.041677
0.041702
0.041702
0.041702
0.041702
0.041727
0.041727
0.041727
0.041751
0.041751
0.041776
0.041776
0.041776
0.041801
0.041801
0.041801
0.041801
0.041825
0.041825
0.041825
0.041825
0.041825
0.041825
0.041801
0.041801
0.041801
0.041776
0.041776
0.041751
0.041751
0.041727
0.041727
0.041727
0.041727
0.041702
0.041702
0.041702
0.041702
0.041702
0.041702
0.041702
0.041702
0.041702
0.041702
0.041727
0.041727
0.041727
0.041727
0.041727
0.041727
0.041727
0.041751
0.041727
0.041727
0.041727
0.041727
0.041727
0.041727
0.041727
0.041727
0.041727
0.041727
0.041727
0.041727
0.041727
0.041727
0.041727
0.041727
0.041702
0.041702
0.041702
0.041702
0.041702
0.041702
0.041702
0.041702
0.041702
0.041702
0.041702
0.041702
0.041702
0.041702
0.041702
0.041702
0.041702
0.041702
0.041702
0.041702
0.041702
0.041702
0.041702
0.041702
0.041702
0.041702
0.041702
0.041702
0.041702
0.041727
0.041727
0.041702
0.041702
0.041702
0.041727
0.041702
0.041727
0.041727
0.041727
0.041702
0.041702
0.041702
0.041702
0.041727
0.041727
0.041702
0.041702
0.041702
0.041702
0.041702
0.041702
0.041702
