2018
3
20
17
28
51.381
0.037172
0.037172
0.037172
0.037172
0.037197
0.037197
0.037197
0.037197
0.037197
0.037197
0.037197
0.037197
0.037197
0.037197
0.037197
0.037197
0.037197
0.037197
0.037197
0.037197
0.037197
0.037197
0.037197
0.037172
0.037172
0.037197
0.037197
0.037197
0.037197
0.037197
0.037197
0.037197
0.037197
0.037197
0.037197
0.037197
0.037197
0.037197
0.037197
0.037197
0.037197
0.037197
0.037197
0.037197
0.037222
0.037222
0.037222
0.037222
0.037222
0.037222
0.037222
0.037222
0.037222
0.037222
0.037222
0.037197
0.037197
0.037197
0.037222
0.037222
0.037222
0.037222
0.037222
0.037222
0.037222
0.037222
0.037222
0.037222
0.037246
0.037246
0.037246
0.037246
0.037246
0.037246
0.037246
0.037246
0.037271
0.037271
0.037271
0.037296
0.037296
0.03732
0.037296
0.03732
0.03732
0.03732
0.03732
0.03732
0.037345
0.037345
0.037345
0.037345
0.037345
0.037345
0.037345
0.037369
0.037369
0.037369
0.037369
0.037369
0.037369
0.037369
0.037369
0.037369
0.037394
0.037394
0.037394
0.037394
0.037394
0.037394
0.037394
0.037394
0.037419
0.037419
0.037419
0.037419
0.037419
0.037419
0.037443
0.037443
0.037443
0.037443
0.037468
0.037468
0.037443
0.037468
0.037468
0.037468
0.037468
0.037468
0.037468
0.037468
0.037468
0.037492
0.037492
0.037492
0.037492
0.037492
0.037492
0.037517
0.037517
0.037517
0.037517
0.037517
0.037517
0.037517
0.037542
0.037542
0.037542
0.037542
0.037566
0.037566
0.037566
0.037591
0.037591
0.037591
0.037591
0.037591
0.037591
0.037591
0.037591
0.037591
0.037591
0.037591
0.037591
0.037591
0.037591
0.037591
0.037591
0.037591
0.037591
0.037591
0.037591
0.037591
0.037591
0.037591
0.037591
0.037616
0.037788
0.038157
0.038502
0.038699
0.038773
0.038748
0.038674
0.038502
0.038182
0.037911
0.037763
0.037665
0.037616
0.037665
0.037665
0.037665
0.03764
0.037665
0.037689
0.037689
0.037689
0.037689
0.037689
0.037714
0.037714
0.037714
0.037714
0.037714
0.037739
0.037739
0.037763
0.037763
0.037763
0.037788
0.037788
0.037788
0.037788
0.037813
0.037788
0.037788
0.037763
0.037763
0.037763
0.037763
0.037739
0.037739
0.037739
0.037739
0.037739
0.037739
0.037714
0.037689
0.037689
0.037689
0.037665
0.037665
0.037665
0.037665
0.037665
0.037665
0.037665
0.037665
0.037689
0.037689
0.037689
0.037689
0.037689
0.037689
0.037689
0.037689
0.037689
0.037689
0.037689
0.037689
0.037689
0.037689
0.037689
0.037689
0.037689
0.037689
0.037689
0.037689
0.037689
0.037689
0.037689
0.037689
0.037689
0.037689
0.037689
0.037714
0.037714
0.037714
0.037714
0.037714
0.037714
0.037739
0.037739
0.037714
0.037739
0.037739
0.037739
0.037739
0.037763
0.037763
0.037763
0.037739
0.037763
0.037763
0.037763
0.037763
0.037763
0.037763
0.037763
0.037763
0.037763
0.037788
0.037788
0.037788
0.037788
0.037788
0.037788
0.037813
0.037813
0.037813
0.037813
0.037813
0.037813
0.037813
0.037813
0.037813
0.037813
0.037813
0.037813
0.037813
0.037813
0.037813
0.037813
0.037813
0.037837
0.037837
0.037813
0.037837
0.037837
0.037862
0.037862
0.037862
0.037862
0.037862
0.037886
0.037886
0.037886
0.037886
0.037886
0.037886
0.037911
0.037911
0.037911
0.037911
0.037911
0.037911
0.037911
0.037911
0.037911
0.037936
0.037936
0.037936
0.037936
0.03796
0.03796
0.03796
0.03796
0.03796
0.03796
0.03796
0.03796
0.037985
0.037985
0.037985
0.037985
0.037985
0.037985
0.038009
0.038034
0.038034
0.038034
0.038034
0.038034
0.038034
0.038034
0.038034
0.038059
0.038059
0.038059
0.038059
0.038059
0.038083
0.038083
0.038083
0.038083
0.038083
0.038083
0.038083
0.038083
0.038083
0.038083
0.038083
0.038083
0.038083
0.038083
0.038083
0.038083
0.038083
0.038083
0.038083
0.038108
0.038108
0.038108
0.038133
0.038133
0.038133
0.038133
0.038133
0.038206
0.038428
0.038822
0.039117
0.039265
0.03929
0.03924
0.039166
0.03892
0.0386
0.038354
0.038231
0.038157
0.038157
0.038182
0.038182
0.038182
0.038182
0.038206
0.038206
0.038206
0.038206
0.038206
0.038206
0.038206
0.038206
0.038206
0.038231
0.038231
0.038231
0.038231
0.038256
0.038256
0.03828
0.03828
0.03828
0.03828
0.03828
0.03828
0.038305
0.038329
0.038354
0.038354
0.038354
0.038354
0.038354
0.038379
0.038354
0.038379
0.038354
0.038354
0.038354
0.038354
0.038354
0.038354
0.038354
0.038354
0.038354
0.038354
0.038354
0.038354
0.038354
0.038354
0.038379
0.038379
0.038379
0.038379
0.038379
0.038379
0.038403
0.038379
0.038379
0.038379
0.038379
0.038379
0.038379
0.038354
0.038354
0.038354
0.038354
0.038354
0.038354
0.038354
0.038354
0.038354
0.038354
0.038354
0.038354
0.038379
0.038379
0.038379
0.038379
0.038379
0.038379
0.038379
0.038379
0.038379
0.038379
0.038379
0.038379
0.038379
0.038379
0.038379
0.038379
0.038379
0.038379
0.038379
0.038379
0.038379
0.038379
0.038379
0.038379
0.038379
0.038379
0.038379
0.038379
0.038379
0.038379
0.038379
0.038379
0.038379
0.038379
0.038379
0.038379
0.038379
0.038379
0.038379
0.038403
0.038403
0.038403
0.038403
0.038403
0.038403
0.038403
0.038403
0.038403
0.038403
0.038403
0.038403
0.038403
0.038403
0.038428
0.038428
0.038428
0.038428
0.038428
0.038428
0.038428
0.038453
0.038453
0.038453
0.038453
0.038453
0.038453
0.038453
0.038453
0.038477
0.038477
0.038453
0.038453
0.038477
0.038477
0.038477
0.038477
0.038477
0.038477
0.038502
0.038502
0.038477
0.038477
0.038502
0.038502
0.038502
0.038502
0.038502
0.038502
0.038502
0.038502
0.038526
0.038526
0.038526
0.038526
0.038526
0.038526
0.038526
0.038526
0.038551
0.038551
0.038551
0.038551
0.038551
0.038551
0.038551
0.038551
0.038551
0.038576
0.038576
0.038576
0.038576
0.038576
0.038576
0.038576
0.038576
0.038576
0.038576
0.038576
0.038576
0.038576
0.038576
0.038576
0.038576
0.038576
0.038576
0.038576
0.038576
0.038576
0.0386
0.0386
0.0386
0.0386
0.0386
0.0386
0.038576
0.038576
0.038576
0.038625
0.038723
0.039043
0.039413
0.039634
0.039757
0.039757
0.039683
0.03956
0.039265
0.038945
0.038748
0.03865
0.0386
0.038625
0.038625
0.03865
0.03865
0.03865
0.038674
0.038674
0.038674
0.038674
0.038674
0.038674
0.038699
0.038699
0.038699
0.038699
0.038699
0.038723
0.038723
0.038748
0.038748
0.038748
0.038773
0.038797
0.038797
0.038797
0.038822
0.038822
0.038822
0.038822
0.038822
0.038846
0.038846
0.038846
0.038846
0.038846
0.038846
0.038871
0.038871
0.038871
0.038871
0.038871
0.038871
0.038871
0.038871
0.038871
0.038871
0.038871
0.038896
0.038896
0.038896
0.038896
0.038896
0.038896
0.038896
0.038896
0.038896
0.038896
0.038896
0.038896
0.038896
0.038896
0.038896
0.038896
0.038896
0.038871
0.038871
0.038896
0.038896
0.038871
0.038871
0.038871
0.038871
0.038871
0.038871
0.038871
0.038871
0.038871
0.038896
0.038896
0.038896
0.038896
0.038896
0.038896
0.038896
0.038896
0.038896
0.038896
0.038896
0.03892
0.03892
0.03892
0.03892
0.03892
0.03892
0.03892
0.03892
0.03892
0.03892
0.03892
0.03892
0.03892
0.03892
0.03892
0.03892
0.03892
0.03892
0.03892
0.03892
0.03892
0.03892
0.03892
0.038945
0.038945
0.038945
0.038945
0.038945
0.038945
0.038945
0.038945
0.038945
0.038945
0.03897
0.03897
0.038945
0.038945
0.03897
0.03897
0.03897
0.03897
0.03897
0.03897
0.03897
0.03897
0.03897
0.03897
0.03897
0.038994
0.038994
0.038994
0.038994
0.038994
0.038994
0.038994
0.038994
0.038994
0.038994
0.039019
0.039019
0.039019
0.039019
0.039019
0.039019
0.039019
0.039019
0.039019
0.039019
0.039043
0.039043
0.039043
0.039043
0.039043
0.039068
0.039068
0.039068
0.039068
0.039068
0.039068
0.039068
0.039068
0.039068
0.039068
0.039093
0.039093
0.039093
0.039093
0.039093
0.039093
0.039117
0.039117
0.039117
0.039117
0.039117
0.039117
0.039142
0.039142
0.039142
0.039142
0.039142
0.039142
0.039166
0.039166
0.039166
0.039166
0.039191
0.039191
0.039191
0.039191
0.039191
0.039191
0.039191
0.039191
0.039191
0.039191
0.039191
0.039191
0.039191
0.039191
0.039191
0.039191
0.039191
0.039216
0.039216
0.039216
0.039216
0.039216
0.039191
0.039191
0.039191
0.039216
0.03929
0.039585
0.039979
0.04025
0.040373
0.040373
0.040323
0.0402
0.039954
0.039634
0.039413
0.039314
0.03924
0.03924
0.039265
0.039265
0.039265
0.039265
0.039265
0.039265
0.039265
0.039265
0.039265
0.039265
0.039265
0.039265
0.039265
0.03929
0.03929
0.03929
0.03929
0.03929
0.03929
0.039314
0.039314
0.039339
0.039339
0.039339
0.039339
0.039363
0.039363
0.039363
0.039363
0.039388
0.039388
0.039388
0.039388
0.039388
0.039388
0.039388
0.039413
0.039413
0.039413
0.039413
0.039437
0.039437
0.039437
0.039437
0.039437
0.039437
0.039437
0.039437
0.039437
0.039437
0.039437
0.039437
0.039437
0.039437
0.039437
0.039437
0.039437
0.039437
0.039437
0.039437
0.039437
0.039437
0.039437
0.039437
0.039437
0.039437
0.039437
0.039437
0.039437
0.039437
0.039437
0.039437
0.039437
0.039437
0.039437
0.039437
0.039437
0.039437
0.039437
0.039437
0.039437
0.039437
0.039462
0.039462
0.039462
0.039462
0.039462
0.039462
0.039462
0.039462
0.039462
0.039462
0.039486
0.039486
0.039486
0.039486
0.039486
0.039486
0.039486
0.039486
0.039486
0.039486
0.039486
0.039486
0.039486
0.039511
0.039486
0.039486
0.039486
0.039511
0.039511
0.039511
0.039511
0.039511
0.039511
0.039511
0.039511
0.039536
0.039536
0.039536
0.039536
0.039536
0.039536
0.039536
0.039536
0.039536
0.03956
0.03956
0.03956
0.03956
0.03956
0.03956
0.039585
0.039585
0.039585
0.039585
0.03961
0.03961
0.03961
0.03961
0.03961
0.03961
0.03961
0.03961
0.03961
0.03961
0.039634
0.039634
0.039634
0.039634
0.039634
0.039634
0.039634
0.039634
0.039634
0.039634
0.039634
0.039659
0.039659
0.039659
0.039659
0.039659
0.039659
0.039659
0.039659
0.039659
0.039683
0.039683
0.039683
0.039708
0.039708
0.039708
0.039708
0.039708
0.039708
0.039708
0.039708
0.039708
0.039708
0.039708
0.039708
0.039708
0.039708
0.039708
0.039733
0.039733
0.039733
0.039733
0.039757
0.039757
0.039757
0.039782
0.039782
0.039782
0.039782
0.039782
0.039782
0.039807
0.039807
0.039782
0.039782
0.039782
0.039782
0.039782
0.039782
0.039782
0.039782
0.039782
0.039807
0.039807
0.039807
0.039807
0.039807
0.039807
0.039831
0.039831
0.039807
0.039807
0.039807
0.039831
0.039856
0.040003
0.040348
0.040693
0.04089
0.040988
0.040964
0.04089
0.040717
0.040422
0.040127
0.039979
0.03988
0.039831
0.039856
0.03988
0.03988
0.039856
0.03988
0.03988
0.039905
0.039905
0.039905
0.039905
0.039905
0.039905
0.039905
0.039905
0.03993
0.03993
0.039954
0.039954
0.039954
0.039979
0.039979
0.039979
0.039979
0.039979
0.040003
0.040003
0.040003
0.040003
0.040003
0.040028
0.040028
0.040028
0.040028
0.040028
0.040053
0.040028
0.040053
0.040053
0.040053
0.040053
0.040053
0.040053
0.040053
0.040077
0.040077
0.040077
0.040077
0.040077
0.040077
0.040077
0.040077
0.040077
0.040077
0.040077
0.040053
0.040053
0.040053
0.040053
0.040053
0.040028
0.040028
0.040028
0.040028
0.040028
0.040028
0.040028
0.040028
0.040028
0.040028
0.040053
0.040053
0.040028
0.040028
0.040028
0.040028
0.040028
0.040028
0.040028
0.040028
0.040003
0.040028
0.040028
0.040028
0.040028
0.040028
0.040028
0.040028
0.040028
0.040028
0.040028
0.040028
0.040028
0.040053
0.040053
0.040053
0.040053
0.040053
0.040053
0.040053
0.040053
0.040077
0.040077
0.040077
0.040077
0.040077
0.040053
0.040077
0.040077
0.040077
0.040077
0.040077
0.040077
0.040077
0.040077
0.040077
0.040077
0.040077
0.040077
0.040077
0.040102
0.040102
0.040102
0.040102
0.040102
0.040127
0.040127
0.040127
0.040127
0.040127
0.040127
0.040127
0.040127
0.040151
0.040151
0.040151
0.040151
0.040151
0.040151
0.040151
0.040176
0.040176
0.040176
0.040176
0.040176
0.040176
0.040176
0.040176
0.040176
0.040176
0.0402
0.0402
0.0402
0.0402
0.0402
0.0402
0.0402
0.0402
0.0402
0.0402
0.0402
0.0402
0.0402
0.0402
0.0402
0.0402
0.040225
0.040225
0.040225
0.040225
0.040225
0.040225
0.040225
0.040225
0.040225
0.040225
0.04025
0.04025
0.04025
0.04025
0.04025
0.04025
0.04025
0.04025
0.04025
0.040274
0.040274
0.040274
0.040274
0.040274
0.040274
0.040274
0.040299
0.040299
0.040299
0.040299
0.040323
0.040299
0.040323
0.040323
0.040323
0.040323
0.040323
0.040323
0.040323
0.040323
0.040323
0.040323
0.040323
0.040323
0.040323
0.040323
0.040323
0.040323
0.040323
0.040348
0.040348
0.040348
0.040348
0.040348
0.040348
0.040348
0.040323
0.040323
0.040348
0.040397
0.040594
0.040964
0.041284
0.041431
0.041481
0.041431
0.041357
0.04116
0.04084
0.04057
0.040447
0.040373
0.040348
0.040397
0.040397
0.040373
0.040373
0.040397
0.040397
0.040422
0.040397
0.040397
0.040397
0.040397
0.040422
0.040422
0.040422
0.040422
0.040422
0.040447
0.040471
0.040471
0.040471
0.040471
0.040496
0.040496
0.040496
0.040496
0.04052
0.04052
0.04052
0.04052
0.040545
0.040545
0.040545
0.040545
0.040545
0.04057
0.04057
0.04057
0.04057
0.04057
0.04057
0.04057
0.04057
0.04057
0.04057
0.040594
0.040594
0.040594
0.040594
0.040594
0.040594
0.040594
0.040619
0.040619
0.040619
0.040619
0.040619
0.040594
0.040594
0.040594
0.040594
0.04057
0.04057
0.04057
0.04057
0.04057
0.04057
0.04057
0.04057
0.04057
0.04057
0.04057
0.04057
0.040594
0.04057
0.04057
0.04057
0.04057
0.04057
0.04057
0.04057
0.04057
0.04057
0.04057
0.04057
0.04057
0.04057
0.04057
0.04057
0.04057
0.04057
0.04057
0.04057
0.040594
0.040594
0.040594
0.04057
0.040594
0.040594
0.04057
0.04057
0.04057
0.040594
0.04057
0.04057
0.04057
0.04057
0.04057
0.040594
0.040594
0.040594
0.040594
0.040594
0.040594
0.040594
0.040594
0.040594
0.040594
0.040619
0.040619
0.040619
0.040619
0.040619
0.040619
0.040619
0.040619
0.040619
0.040619
0.040619
0.040619
0.040619
0.040619
0.040644
0.040644
0.040644
0.040644
0.040644
0.040644
0.040668
0.040668
0.040668
0.040668
0.040668
0.040668
0.040693
0.040693
0.040693
0.040693
0.040693
0.040693
0.040693
0.040693
0.040693
0.040693
0.040717
0.040717
0.040717
0.040717
0.040717
0.040717
0.040717
0.040717
0.040717
0.040742
0.040717
0.040742
0.040742
0.040742
0.040742
0.040742
0.040742
0.040742
0.040767
0.040767
0.040767
0.040767
0.040767
0.040742
0.040742
0.040742
0.040742
0.040767
0.040767
0.040767
0.040767
0.040767
0.040767
0.040767
0.040767
0.040791
0.040791
0.040791
0.040791
0.040791
0.040791
0.040816
0.040816
0.040816
0.040816
0.040816
0.04084
0.04084
0.040816
0.040816
0.040816
0.040816
0.040816
0.040816
0.040816
0.040816
0.040816
0.040816
0.040816
0.040816
0.040816
0.040816
0.040816
0.04084
0.04084
0.04084
0.040816
0.040816
0.040816
0.040865
0.041037
0.041407
0.041727
0.041924
0.041973
0.041924
0.04185
0.041653
0.041357
0.041087
0.040939
0.04084
0.040816
0.04084
0.040865
0.04084
0.04084
0.04084
0.040865
0.040865
0.040865
0.040865
0.040865
0.040865
0.040865
0.040865
0.040865
0.040865
0.040865
0.040865
0.040865
0.040865
0.04089
0.040914
0.040914
0.040939
0.040939
0.040939
0.040939
0.040939
0.040939
0.040964
0.040964
0.040964
0.040964
0.040964
0.040964
0.040964
0.040964
0.040988
0.040988
0.040988
0.040988
0.040988
0.040988
0.040988
0.040988
0.040988
0.040988
0.040988
0.040988
0.040988
0.040988
0.040988
0.040988
0.040988
0.040988
0.040988
0.040988
0.040988
0.040988
0.040988
0.040964
0.040964
0.040964
0.040964
0.040964
0.040964
0.040964
0.040964
0.040964
0.040964
0.040964
0.040964
0.040964
0.040964
0.040964
0.040964
0.040964
0.040964
0.040964
0.040964
0.040964
0.040964
0.040964
0.040964
0.040964
0.040964
0.040964
0.040964
0.040964
0.040964
0.040964
0.040964
0.040964
0.040964
0.040964
0.040964
0.040964
0.040964
0.040964
0.040964
0.040964
0.040964
0.040964
0.040964
0.040964
0.040964
0.040988
0.040988
0.040964
0.040964
0.040964
0.040964
0.040964
0.040964
0.040964
0.040964
0.040964
0.040964
0.040964
0.040988
0.040988
0.040988
0.040988
0.040988
0.040988
0.040988
0.040988
0.041013
0.041013
0.041013
0.041013
0.041013
0.041013
0.041013
0.041013
0.041013
0.041013
0.041013
0.041037
0.041037
0.041037
0.041037
0.041037
0.041037
0.041037
0.041037
0.041037
0.041062
0.041062
0.041062
0.041062
0.041062
0.041062
0.041062
0.041062
0.041062
0.041062
0.041062
0.041062
0.041062
0.041062
0.041062
0.041062
0.041062
0.041062
0.041062
0.041062
0.041062
0.041062
0.041087
0.041087
0.041087
0.041087
0.041087
0.041087
0.041087
0.041087
0.041087
0.041087
0.041087
0.041087
0.041087
0.041087
0.041111
0.041111
0.041111
0.041111
0.041111
0.041111
0.041111
0.041136
0.041136
0.041136
0.041136
0.041136
0.041136
0.04116
0.04116
0.04116
0.04116
0.04116
0.04116
0.04116
0.04116
0.04116
0.04116
0.04116
0.04116
0.04116
0.04116
0.04116
0.04116
0.04116
0.04116
0.04116
0.04116
0.04116
0.04116
0.04116
0.041185
0.041185
0.04116
0.041185
0.041284
0.041604
0.041948
0.042194
0.042293
0.042293
0.042219
0.042096
0.041801
0.041505
0.041308
0.04121
0.041136
0.04116
0.041185
0.041185
0.04116
0.04116
0.041185
0.041185
0.041185
0.041185
0.041185
0.041185
0.041185
0.041185
0.041185
0.04121
0.04121
0.04121
0.04121
0.04121
0.041234
0.041234
0.041234
0.041234
0.041259
0.041259
0.041284
0.041284
0.041284
0.041284
0.041284
0.041308
0.041308
0.041308
0.041308
0.041308
0.041308
0.041308
0.041308
0.041308
0.041333
0.041333
0.041333
0.041333
0.041333
0.041333
0.041333
0.041333
0.041333
0.041333
0.041357
0.041357
0.041357
0.041357
0.041357
0.041357
0.041357
0.041357
0.041333
0.041333
0.041333
0.041333
0.041333
0.041333
0.041333
0.041333
0.041333
0.041333
0.041333
0.041333
0.041308
0.041308
0.041308
0.041333
0.041333
0.041333
0.041333
0.041333
0.041333
0.041308
0.041308
0.041308
0.041333
0.041333
0.041333
0.041333
0.041333
0.041333
0.041333
0.041333
0.041333
0.041333
0.041333
0.041333
0.041333
0.041333
0.041333
0.041333
0.041333
0.041333
0.041333
0.041333
0.041333
0.041357
0.041333
0.041333
0.041357
0.041357
0.041357
0.041357
0.041357
0.041357
0.041357
0.041357
0.041357
0.041357
0.041357
0.041357
0.041357
0.041357
0.041357
0.041357
0.041357
0.041357
0.041357
0.041357
0.041357
0.041357
0.041357
0.041357
0.041382
0.041382
0.041382
0.041357
0.041382
0.041382
0.041382
0.041382
0.041382
0.041382
0.041382
0.041382
0.041382
0.041382
0.041382
0.041382
0.041407
0.041407
0.041407
0.041407
0.041407
0.041407
0.041407
0.041407
0.041407
0.041407
0.041407
0.041407
0.041407
0.041407
0.041407
0.041431
0.041431
0.041431
0.041431
0.041431
0.041431
0.041431
0.041431
0.041431
0.041431
0.041431
0.041456
0.041431
0.041456
0.041456
0.041456
0.041456
0.041456
0.041456
0.041456
0.041456
0.041456
0.041456
0.041456
0.041481
0.041481
0.041481
0.041481
0.041481
0.041505
0.041505
0.041505
0.041505
0.041505
0.041481
0.041481
0.041481
0.041481
0.041481
0.041481
0.041481
0.041481
0.041481
0.041481
0.041481
0.041481
0.041481
0.041481
0.041505
0.041505
0.041505
0.041505
0.041505
0.041505
0.041481
0.041481
0.041481
0.041505
0.041628
0.041924
0.042293
0.042514
0.042638
0.042638
0.042564
0.041677
0.041554
0.041505
0.041505
0.04153
0.04153
0.041505
0.04153
0.041554
0.041554
0.041554
0.041554
0.041554
0.041554
0.041554
0.041554
0.041554
0.041554
0.041554
0.041554
0.041554
0.041554
0.041579
0.041579
0.041579
0.041579
0.041579
0.041604
0.041604
0.041604
0.041604
0.041604
0.041628
0.041628
0.041628
0.041628
0.041628
0.041653
0.041653
0.041653
0.041653
0.041653
0.041653
0.041653
0.041653
0.041653
0.041653
0.041653
0.041653
0.041677
0.041677
0.041677
0.041677
0.041677
0.041677
0.041677
0.041677
0.041677
0.041677
0.041653
0.041653
0.041653
0.041653
0.041653
0.041653
0.041653
0.041653
0.041653
0.041653
0.041653
0.041653
0.041653
0.041628
0.041628
0.041628
0.041628
0.041653
0.041628
0.041628
0.041628
0.041628
0.041628
0.041628
0.041628
0.041628
0.041628
0.041653
0.041653
0.041653
0.041653
0.041653
0.041653
0.041653
0.041653
0.041653
0.041653
0.041653
0.041628
0.041628
0.041628
0.041628
0.041628
0.041628
0.041628
0.041628
0.041628
0.041604
0.041628
0.041628
0.041628
0.041628
0.041628
0.041628
0.041628
0.041628
0.041604
0.041604
0.041604
0.041604
0.041604
0.041604
0.041604
0.041604
0.041604
0.041604
0.041604
0.041628
0.041628
0.041604
0.041628
0.041628
0.041628
0.041628
0.041628
0.041628
0.041628
0.041628
0.041628
0.041628
0.041628
0.041628
0.041628
0.041628
0.041628
0.041628
0.041628
0.041628
0.041628
0.041628
0.041628
0.041628
0.041628
0.041628
0.041628
0.041628
0.041628
0.041653
0.041653
0.041628
0.041653
0.041653
0.041653
0.041653
0.041653
0.041653
0.041653
0.041653
0.041653
0.041653
0.041653
0.041653
0.041653
0.041653
0.041653
0.041653
0.041653
0.041653
0.041653
0.041653
0.041653
0.041653
0.041653
0.041677
0.041677
0.041653
0.041653
0.041677
0.041677
0.041677
0.041677
0.041677
0.041677
0.041702
0.041702
0.041702
0.041702
0.041702
0.041677
0.041677
0.041677
0.041653
0.041653
0.041653
0.041653
0.041653
0.041653
0.041677
0.041653
0.041653
0.041653
0.041653
0.041653
0.041653
0.041628
0.041628
0.041628
0.041628
0.041677
0.041874
0.042244
0.042564
0.042711
0.042761
0.042711
0.042638
0.042416
0.042096
0.04185
0.041702
0.041604
0.041604
0.041628
0.041628
0.041604
0.041604
0.041604
0.041628
0.041628
0.041628
0.041628
0.041628
0.041628
0.041628
0.041628
0.041628
0.041628
0.041628
0.041628
0.041628
0.041628
0.041628
0.041628
0.041628
0.041653
0.041653
0.041653
0.041653
0.041702
0.041727
0.041751
0.041751
0.041751
0.041751
0.041751
0.041751
0.041751
0.041751
0.041751
0.041751
0.041751
0.041751
0.041751
0.041751
0.041727
0.041727
0.041727
0.041727
0.041727
0.041702
0.041702
0.041702
0.041702
0.041702
0.041677
0.041677
0.041677
0.041653
0.041653
0.041653
0.041653
0.041628
0.041628
0.041628
0.041628
0.041628
0.041604
0.041604
0.041604
0.041604
0.041604
0.041579
0.041579
0.041579
0.041579
0.041579
0.041579
0.041554
0.041554
0.041554
0.041554
0.041554
0.04153
0.04153
0.04153
0.04153
0.04153
0.041505
0.041505
0.041505
0.041505
0.041481
0.041481
0.041481
0.041481
0.041481
0.041456
0.041456
0.041456
0.041456
0.041456
0.041431
0.041431
0.041431
0.041431
0.041431
0.041407
0.041407
0.041407
0.041407
0.041407
0.041382
0.041382
0.041382
0.041382
0.041382
0.041382
0.041382
0.041382
0.041357
0.041357
0.041357
0.041357
0.041357
0.041357
0.041357
0.041333
0.041333
0.041333
0.041333
0.041333
0.041308
0.041308
0.041308
0.041308
0.041308
0.041284
0.041284
0.041284
0.041284
0.041284
0.041284
0.041284
0.041259
0.041259
0.041259
0.041259
0.041234
0.041234
0.041234
0.041234
0.041234
0.04121
0.04121
0.04121
0.04121
0.04121
0.04121
0.04121
0.04121
0.04121
0.041185
0.041185
0.041185
0.041185
0.041185
0.04116
0.04116
0.04116
0.04116
0.04116
0.041136
0.041136
0.041136
0.041136
0.041111
0.041111
0.041111
0.041111
0.041111
0.041111
0.041111
0.041087
0.041087
0.041087
0.041087
0.041087
0.041087
0.041087
0.041087
0.041087
0.041087
0.041062
0.041062
0.041062
0.041062
0.041037
0.041037
0.041037
0.041037
0.041013
0.041013
0.041013
0.041013
0.041013
0.041013
0.041013
0.041013
0.040988
0.040988
0.041013
0.040964
0.040964
0.041037
0.041308
0.041677
0.041924
0.042047
0.042047
0.041997
0.041874
0.041628
0.041284
0.041062
0.040964
0.04089
0.04089
0.040914
0.040914
0.04089
0.04089
0.04089
0.040914
0.04089
0.04089
0.04089
0.04089
0.04089
0.04089
0.04089
0.04089
0.04089
0.040865
0.040865
0.040865
0.040865
0.040865
0.040865
0.04084
0.04084
0.04084
