2018
7
19
9
44
56.415
-0.0088623
-0.0088623
-0.0088623
-0.0088623
-0.0088623
-0.0088869
-0.0088869
-0.0089362
-0.0089608
-0.00901
-0.0090346
-0.0090592
-0.0090839
-0.0090839
-0.0091085
-0.0091085
-0.0091085
-0.0091331
-0.0091577
-0.0091823
-0.0091823
-0.0091577
-0.0091577
-0.0091577
-0.0091577
-0.0091085
-0.0090839
-0.0090592
-0.0090592
-0.00901
-0.0089854
-0.0089362
-0.0089115
-0.0089115
-0.0088869
-0.0088623
-0.0088377
-0.0088131
-0.0088131
-0.0088131
-0.0087885
-0.0087885
-0.0087638
-0.0087638
-0.0087638
-0.0087638
-0.0087638
-0.0087638
-0.0087392
-0.0087392
-0.0087638
-0.0087638
-0.0087392
-0.0087146
-0.0087146
-0.0087392
-0.0087392
-0.0087146
-0.0087146
-0.0087146
-0.0087146
-0.0087146
-0.00869
-0.00869
-0.00869
-0.00869
-0.00869
-0.00869
-0.0086654
-0.0086654
-0.00869
-0.00869
-0.0086654
-0.0086654
-0.0086654
-0.0086654
-0.0086654
-0.0086654
-0.0086654
-0.0086654
-0.0086654
-0.0086654
-0.00869
-0.00869
-0.0086654
-0.0086654
-0.0086654
-0.00869
-0.0087146
-0.0087146
-0.0087146
-0.0087146
-0.0087146
-0.0087392
-0.0087146
-0.0087146
-0.0087392
-0.0087392
-0.0087638
-0.0087392
-0.0087392
-0.0087392
-0.0087638
-0.0087638
-0.0087392
-0.0087392
-0.0087392
-0.0087638
-0.0087638
-0.0087392
-0.0087392
-0.0087392
-0.0087392
-0.0087392
-0.0087392
-0.0087392
-0.0087392
-0.0087392
-0.0087392
-0.0087392
-0.0087392
-0.0087392
-0.0087146
-0.0087146
-0.0087392
-0.0087392
-0.0087392
-0.0087146
-0.0087392
-0.0087392
-0.0087392
-0.0087392
-0.0087146
-0.0087146
-0.0087392
-0.0087392
-0.0087392
-0.0087146
-0.0087146
-0.0087392
-0.0087392
-0.0087146
-0.0087146
-0.0087146
-0.0087392
-0.0087392
-0.0087146
-0.0087146
-0.0087146
-0.0087146
-0.0087392
-0.0087146
-0.0087146
-0.0087146
-0.0087146
-0.0087392
-0.0087146
-0.0087146
-0.0087146
-0.0087146
-0.0087146
-0.0087392
-0.0087146
-0.0087146
-0.0087146
-0.0087146
-0.0087392
-0.0087146
-0.00869
-0.00869
-0.0087146
-0.0087146
-0.0087146
-0.00869
-0.00869
-0.0087146
-0.0087146
-0.0087146
-0.00869
-0.00869
-0.0087146
-0.0087146
-0.0087146
-0.00869
-0.00869
-0.0087146
-0.0087146
-0.00869
-0.00869
-0.00869
-0.00869
-0.0087146
-0.00869
-0.00869
-0.00869
-0.00869
-0.00869
-0.00869
-0.00869
-0.0086654
-0.0087392
-0.0087638
-0.0088131
-0.0088623
-0.0088869
-0.0088869
-0.0089115
-0.0089362
-0.0089362
-0.0089362
-0.0089608
-0.0089608
-0.0089854
-0.00901
-0.00901
-0.00901
-0.0089854
-0.0089854
-0.0089854
-0.0089608
-0.0089115
-0.0088869
-0.0088869
-0.0088377
-0.0088131
-0.0087885
-0.0087638
-0.0087392
-0.0087392
-0.0087146
-0.0086654
-0.0086407
-0.0086407
-0.0086407
-0.0086407
-0.0086161
-0.0086161
-0.0086161
-0.0086407
-0.0086161
-0.0086161
-0.0085915
-0.0085915
-0.0085915
-0.0085915
-0.0085915
-0.0085915
-0.0085669
-0.0085669
-0.0085669
-0.0085915
-0.0085669
-0.0085669
-0.0085669
-0.0085669
-0.0085669
-0.0085423
-0.0085423
-0.0085423
-0.0085423
-0.0085669
-0.0085423
-0.0085423
-0.0085423
-0.0085423
-0.0085423
-0.0085423
-0.0085423
-0.0085177
-0.0085423
-0.0085423
-0.0085177
-0.0085177
-0.0085177
-0.0085177
-0.0085423
-0.0085423
-0.0085177
-0.0085177
-0.0085423
-0.0085423
-0.0085669
-0.0085669
-0.0085915
-0.0085669
-0.0085669
-0.0085915
-0.0085915
-0.0085915
-0.0085915
-0.0086161
-0.0086161
-0.0086161
-0.0086161
-0.0086161
-0.0086161
-0.0086407
-0.0086407
-0.0086161
-0.0086161
-0.0086161
-0.0086407
-0.0086407
-0.0086407
-0.0086407
-0.0086161
-0.0086407
-0.0086161
-0.0086161
-0.0086161
-0.0086161
-0.0086161
-0.0086161
-0.0086161
-0.0086161
-0.0086161
-0.0086161
-0.0086161
-0.0086161
-0.0085915
-0.0085915
-0.0085915
-0.0085915
-0.0086161
-0.0086161
-0.0086161
-0.0086161
-0.0085915
-0.0086161
-0.0086161
-0.0085915
-0.0085915
-0.0085915
-0.0086161
-0.0086161
-0.0086161
-0.0085915
-0.0085915
-0.0085915
-0.0086161
-0.0086161
-0.0085915
-0.0085915
-0.0086161
-0.0086161
-0.0086161
-0.0085915
-0.0085915
-0.0085915
-0.0086161
-0.0086161
-0.0085915
-0.0085915
-0.0085915
-0.0086161
-0.0085915
-0.0085915
-0.0085915
-0.0085915
-0.0085915
-0.0086161
-0.0086161
-0.0085915
-0.0085915
-0.0085915
-0.0085915
-0.0085915
-0.0085915
-0.0085915
-0.0085915
-0.0085915
-0.0085915
-0.0085915
-0.0085915
-0.0085915
-0.0085915
-0.0085915
-0.0085915
-0.0085915
-0.0085915
-0.0085915
-0.0085915
-0.0085915
-0.0085915
-0.0085915
-0.0085915
-0.0085915
-0.0085915
-0.0085915
-0.0085915
-0.0085915
-0.0085915
-0.0085669
-0.0085669
-0.0085669
-0.0085915
-0.0085915
-0.0086161
-0.0086407
-0.00869
-0.0087885
-0.0088131
-0.0088377
-0.0088377
-0.0088377
-0.0088623
-0.0088869
-0.0089115
-0.0089115
-0.0089115
-0.0088869
-0.0088869
-0.0088869
-0.0088623
-0.0088377
-0.0088131
-0.0087885
-0.0087638
-0.0087146
-0.00869
-0.0086654
-0.0086407
-0.0086407
-0.0086161
-0.0085915
-0.0085669
-0.0085669
-0.0085423
-0.0085423
-0.0085177
-0.0085177
-0.0085177
-0.0085177
-0.0085177
-0.0085177
-0.008493
-0.0085177
-0.0085177
-0.0085177
-0.008493
-0.0084684
-0.0084684
-0.008493
-0.008493
-0.0084684
-0.0084684
-0.0084684
-0.0084684
-0.0084684
-0.0084684
-0.0084684
-0.0084438
-0.0084438
-0.0084438
-0.0084438
-0.0084438
-0.0084438
-0.0084438
-0.0084438
-0.0084438
-0.0084192
-0.0084192
-0.0084438
-0.0084438
-0.0084438
-0.0084438
-0.0084192
-0.0084192
-0.0084438
-0.0084438
-0.0084438
-0.0084438
-0.0084438
-0.0084684
-0.0084684
-0.0084438
-0.0084438
-0.0084684
-0.0084684
-0.008493
-0.008493
-0.0085177
-0.0085177
-0.0085177
-0.0085177
-0.0085177
-0.0085423
-0.0085423
-0.0085423
-0.0085423
-0.0085423
-0.0085423
-0.0085423
-0.0085423
-0.0085423
-0.0085423
-0.0085423
-0.0085423
-0.0085177
-0.0085423
-0.0085423
-0.0085423
-0.0085423
-0.0085423
-0.0085423
-0.0085423
-0.0085423
-0.0085177
-0.0085177
-0.0085177
-0.0085423
-0.0085423
-0.0085177
-0.0085177
-0.0085177
-0.0085423
-0.0085177
-0.0085177
-0.0085177
-0.0085177
-0.0085177
-0.0085177
-0.0085177
-0.0085177
-0.0085177
-0.0085177
-0.0085177
-0.0085177
-0.0085177
-0.0085177
-0.0085177
-0.0085177
-0.0085177
-0.0085177
-0.0085177
-0.0085177
-0.0085177
-0.0085177
-0.0085177
-0.0085177
-0.0085177
-0.0085177
-0.0085177
-0.0085177
-0.008493
-0.0085177
-0.0085177
-0.0085177
-0.008493
-0.008493
-0.008493
-0.0085177
-0.0085177
-0.0085177
-0.0085177
-0.0085177
-0.0085177
-0.0085177
-0.0085177
-0.0085177
-0.0085177
-0.0085177
-0.0085177
-0.0085177
-0.008493
-0.008493
-0.008493
-0.008493
-0.008493
-0.008493
-0.008493
-0.008493
-0.008493
-0.008493
-0.008493
-0.008493
-0.008493
-0.008493
-0.008493
-0.008493
-0.0084684
-0.008493
-0.008493
-0.008493
-0.008493
-0.0084684
-0.0084684
-0.008493
-0.0084684
-0.0084684
-0.008493
-0.0085177
-0.0085669
-0.0085915
-0.0086407
-0.0086654
-0.00869
-0.0087146
-0.0087392
-0.0087146
-0.0087885
-0.0087885
-0.0088131
-0.0088131
-0.0088131
-0.0088131
-0.0087885
-0.0087638
-0.0087146
-0.0087146
-0.0086654
-0.0086407
-0.0085915
-0.0085669
-0.0085423
-0.0085177
-0.008493
-0.0084684
-0.0084684
-0.0084684
-0.0084438
-0.0084192
-0.0084192
-0.0084192
-0.0084192
-0.0083946
-0.0083946
-0.0083946
-0.0083946
-0.0083946
-0.0083946
-0.00837
-0.00837
-0.00837
-0.0083946
-0.00837
-0.00837
-0.00837
-0.00837
-0.00837
-0.0083453
-0.0083453
-0.0083453
-0.0083453
-0.0083207
-0.0083207
-0.0083207
-0.0083207
-0.0083207
-0.0083207
-0.0083207
-0.0083207
-0.0083207
-0.0082961
-0.0082961
-0.0082961
-0.0082961
-0.0082961
-0.0082961
-0.0082961
-0.0082961
-0.0082961
-0.0082961
-0.0082961
-0.0082961
-0.0083207
-0.0083207
-0.0083207
-0.0083207
-0.0083207
-0.0083207
-0.0083453
-0.0083453
-0.0083453
-0.0083453
-0.0083453
-0.00837
-0.00837
-0.00837
-0.00837
-0.0083946
-0.0083946
-0.0083946
-0.0083946
-0.0083946
-0.0083946
-0.0083946
-0.0083946
-0.0084192
-0.0084192
-0.0083946
-0.0083946
-0.0083946
-0.0083946
-0.0084192
-0.0083946
-0.0083946
-0.0083946
-0.0083946
-0.0083946
-0.0083946
-0.0083946
-0.0083946
-0.0083946
-0.0083946
-0.0083946
-0.00837
-0.0083946
-0.0083946
-0.0083946
-0.0083946
-0.00837
-0.00837
-0.0083946
-0.0083946
-0.0083946
-0.00837
-0.0083946
-0.0083946
-0.0083946
-0.0083946
-0.0083946
-0.00837
-0.00837
-0.00837
-0.0083946
-0.0083946
-0.0083946
-0.00837
-0.00837
-0.0083946
-0.0083946
-0.00837
-0.00837
-0.00837
-0.00837
-0.00837
-0.00837
-0.00837
-0.00837
-0.00837
-0.00837
-0.00837
-0.00837
-0.00837
-0.00837
-0.00837
-0.00837
-0.00837
-0.00837
-0.00837
-0.00837
-0.00837
-0.00837
-0.00837
-0.00837
-0.00837
-0.00837
-0.00837
-0.00837
-0.00837
-0.00837
-0.00837
-0.00837
-0.00837
-0.00837
-0.00837
-0.00837
-0.00837
-0.00837
-0.0083453
-0.00837
-0.00837
-0.00837
-0.0083453
-0.0083453
-0.0083453
-0.00837
-0.00837
-0.0083453
-0.0083453
-0.0083453
-0.0083453
-0.0083453
-0.0083207
-0.0083453
-0.00837
-0.0084192
-0.0084438
-0.0084684
-0.008493
-0.0085423
-0.0085669
-0.0085915
-0.0085915
-0.0086161
-0.0086161
-0.0086407
-0.0086407
-0.0086654
-0.0086654
-0.0086407
-0.0086407
-0.0086161
-0.0085915
-0.0085669
-0.0085177
-0.008493
-0.0084438
-0.0084438
-0.0084192
-0.0083946
-0.00837
-0.0083453
-0.0083453
-0.0083207
-0.0083207
-0.0082961
-0.0082961
-0.0082961
-0.0082961
-0.0082961
-0.0082961
-0.0082961
-0.0082961
-0.0082961
-0.0082715
-0.0082715
-0.0082715
-0.0082715
-0.0082961
-0.0082715
-0.0082715
-0.0082715
-0.0082715
-0.0082715
-0.0082469
-0.0082469
-0.0082469
-0.0082469
-0.0082469
-0.0082469
-0.0082469
-0.0082223
-0.0082223
-0.0082223
-0.0082223
-0.0082223
-0.0082223
-0.0082223
-0.0082223
-0.0082223
-0.0082223
-0.0082223
-0.0081976
-0.0081976
-0.0082223
-0.0082223
-0.0082223
-0.0082223
-0.0082223
-0.0082469
-0.0082469
-0.0082469
-0.0082469
-0.0082469
-0.0082469
-0.0082715
-0.0082715
-0.0082715
-0.0082715
-0.0082715
-0.0082961
-0.0082961
-0.0082961
-0.0082961
-0.0082961
-0.0083207
-0.0082961
-0.0082961
-0.0083207
-0.0083207
-0.0083207
-0.0083207
-0.0083207
-0.0083207
-0.0083207
-0.0083207
-0.0083207
-0.0083207
-0.0083207
-0.0083207
-0.0083207
-0.0083207
-0.0083207
-0.0083207
-0.0082961
-0.0083207
-0.0083207
-0.0083207
-0.0083207
-0.0082961
-0.0082961
-0.0083207
-0.0083207
-0.0083207
-0.0082961
-0.0082961
-0.0082961
-0.0083207
-0.0083207
-0.0082961
-0.0082961
-0.0083207
-0.0083207
-0.0082961
-0.0082961
-0.0082961
-0.0083207
-0.0083207
-0.0083207
-0.0083207
-0.0083207
-0.0082961
-0.0082961
-0.0083207
-0.0083207
-0.0083207
-0.0082961
-0.0082961
-0.0083207
-0.0083207
-0.0082961
-0.0082961
-0.0082961
-0.0082961
-0.0082961
-0.0082961
-0.0082961
-0.0082961
-0.0082961
-0.0082961
-0.0082961
-0.0082961
-0.0082961
-0.0082961
-0.0083207
-0.0083207
-0.0082961
-0.0083207
-0.0083207
-0.0083207
-0.0083207
-0.0082961
-0.0082961
-0.0083207
-0.0083207
-0.0083207
-0.0082961
-0.0082961
-0.0082961
-0.0083207
-0.0083207
-0.0082961
-0.0082961
-0.0082961
-0.0082961
-0.0082961
-0.0082961
-0.0082961
-0.0082961
-0.0082961
-0.0082961
-0.0082961
-0.0082961
-0.0082961
-0.0082961
-0.0082961
-0.0082961
-0.0082715
-0.0082715
-0.0082961
-0.0083453
-0.00837
-0.0083946
-0.0084192
-0.0084684
-0.008493
-0.0085177
-0.0085177
-0.0085423
-0.0085423
-0.0085669
-0.0085669
-0.0085915
-0.0085915
-0.0086161
-0.0086161
-0.0086161
-0.0085915
-0.0085177
-0.008493
-0.0084438
-0.0084438
-0.0084192
-0.00837
-0.0083453
-0.0083207
-0.0083207
-0.0082961
-0.0082715
-0.0082469
-0.0082469
-0.0082469
-0.0082469
-0.0082469
-0.0082223
-0.0082223
-0.0082223
-0.0082223
-0.0082223
-0.0082223
-0.0082223
-0.0082223
-0.0082223
-0.0081976
-0.0081976
-0.0081976
-0.0081976
-0.0081976
-0.0081976
-0.008173
-0.008173
-0.0081976
-0.0081976
-0.008173
-0.008173
-0.008173
-0.008173
-0.008173
-0.008173
-0.008173
-0.0081484
-0.0081484
-0.0081484
-0.0081484
-0.0081484
-0.0081484
-0.0081484
-0.0081484
-0.0081484
-0.0081484
-0.0081484
-0.0081484
-0.0081484
-0.0081484
-0.008173
-0.0081484
-0.0081484
-0.0081484
-0.008173
-0.008173
-0.0081976
-0.008173
-0.0081976
-0.0081976
-0.0082223
-0.0082223
-0.0082223
-0.0082223
-0.0082223
-0.0082469
-0.0082469
-0.0082469
-0.0082469
-0.0082469
-0.0082715
-0.0082715
-0.0082469
-0.0082469
-0.0082715
-0.0082715
-0.0082715
-0.0082715
-0.0082469
-0.0082715
-0.0082715
-0.0082715
-0.0082715
-0.0082469
-0.0082469
-0.0082715
-0.0082715
-0.0082715
-0.0082469
-0.0082469
-0.0082469
-0.0082469
-0.0082469
-0.0082469
-0.0082469
-0.0082469
-0.0082715
-0.0082469
-0.0082469
-0.0082469
-0.0082469
-0.0082715
-0.0082469
-0.0082469
-0.0082469
-0.0082469
-0.0082469
-0.0082469
-0.0082469
-0.0082469
-0.0082469
-0.0082469
-0.0082469
-0.0082469
-0.0082469
-0.0082469
-0.0082469
-0.0082469
-0.0082469
-0.0082469
-0.0082469
-0.0082469
-0.0082469
-0.0082469
-0.0082469
-0.0082223
-0.0082223
-0.0082223
-0.0082223
-0.0082469
-0.0082469
-0.0082469
-0.0082469
-0.0082469
-0.0082469
-0.0082469
-0.0082469
-0.0082469
-0.0082469
-0.0082469
-0.0082223
-0.0082469
-0.0082469
-0.0082469
-0.0082469
-0.0082469
-0.0082469
-0.0082469
-0.0082469
-0.0082469
-0.0082469
-0.0082469
-0.0082469
-0.0082469
-0.0082469
-0.0082469
-0.0082469
-0.0082469
-0.0082469
-0.0082469
-0.0082469
-0.0082469
-0.0082469
-0.0082469
-0.0082469
-0.0082469
-0.0082469
-0.0082223
-0.0082223
-0.0082469
-0.0082715
-0.0082961
-0.0083207
-0.0083453
-0.0083946
-0.0084438
-0.0084438
-0.0084684
-0.0084684
-0.008493
-0.008493
-0.0085177
-0.0085423
-0.0085423
-0.0085669
-0.0085669
-0.0085669
-0.0085669
-0.0085423
-0.0085423
-0.0085177
-0.008493
-0.0084438
-0.0084192
-0.0083207
-0.0082961
-0.0082715
-0.0082715
-0.0082469
-0.0082223
-0.0081976
-0.0081976
-0.0081976
-0.0081976
-0.008173
-0.008173
-0.0081976
-0.008173
-0.008173
-0.008173
-0.008173
-0.008173
-0.008173
-0.008173
-0.0081484
-0.0081484
-0.0081484
-0.0081484
-0.0081484
-0.0081484
-0.0081484
-0.0081484
-0.0081484
-0.0081238
-0.0081238
-0.0081238
-0.0081238
-0.0081238
-0.0081238
-0.0081238
-0.0081238
-0.0081238
-0.0081238
-0.0081238
-0.0080992
-0.0080992
-0.0080992
-0.0080992
-0.0081238
-0.0081238
-0.0080992
-0.0080992
-0.0081238
-0.0081238
-0.0081238
-0.0081238
-0.0081238
-0.0081238
-0.0081484
-0.0081484
-0.0081484
-0.0081484
-0.0081484
-0.008173
-0.008173
-0.008173
-0.008173
-0.008173
-0.0081976
-0.0081976
-0.0081976
-0.0081976
-0.0081976
-0.0082223
-0.0082223
-0.0082223
-0.0082223
-0.0082223
-0.0082223
-0.0082223
-0.0082223
-0.0082223
-0.0082223
-0.0082223
-0.0082223
-0.0082223
-0.0082223
-0.0082223
-0.0082223
-0.0082223
-0.0082223
-0.0082223
-0.0082223
-0.0082223
-0.0082223
-0.0082223
-0.0082223
-0.0082223
-0.0081976
-0.0081976
-0.0082223
-0.0082223
-0.0081976
-0.0081976
-0.0082223
-0.0082223
-0.0081976
-0.0081976
-0.0081976
-0.0082223
-0.0082223
-0.0082223
-0.0081976
-0.0081976
-0.0082223
-0.0082223
-0.0082223
-0.0082223
-0.0082223
-0.0082223
-0.0082223
-0.0082223
-0.0082223
-0.0082223
-0.0081976
-0.0081976
-0.0082223
-0.0082223
-0.0082223
-0.0081976
-0.0081976
-0.0082223
-0.0082223
-0.0082223
-0.0081976
-0.0081976
-0.0082223
-0.0082223
-0.0082223
-0.0082223
-0.0082223
-0.0082223
-0.0082223
-0.0082223
-0.0082223
-0.0082223
-0.0082223
-0.0082223
-0.0082223
-0.0082223
-0.0081976
-0.0082223
-0.0082223
-0.0082223
-0.0081976
-0.0081976
-0.0082223
-0.0082223
-0.0082223
-0.0081976
-0.0081976
-0.0081976
-0.0081976
-0.0081976
-0.0081976
-0.0081976
-0.0081976
-0.0081976
-0.0081976
-0.0081976
-0.0081976
-0.0081976
-0.0081976
-0.0081976
-0.0082469
-0.0082715
-0.0082961
-0.0083207
-0.00837
-0.0083946
-0.0084192
-0.0084438
-0.0084438
-0.0084684
-0.0084684
-0.008493
-0.008493
-0.0085177
-0.0085423
-0.0085423
-0.0085423
-0.0085177
-0.0085177
-0.008493
-0.008493
-0.0084438
-0.0084192
-0.0083946
-0.00837
-0.0083453
-0.0082961
-0.0082715
-0.0082715
-0.0082469
-0.008173
-0.008173
-0.008173
-0.0081484
-0.0081484
-0.0081484
-0.0081484
-0.0081484
-0.0081484
-0.0081238
-0.0081238
-0.0081484
-0.0081484
-0.0081238
-0.0081238
-0.0081238
-0.0081238
-0.0081238
-0.0080992
-0.0080992
-0.0080992
-0.0080992
-0.0080992
-0.0080992
-0.0080992
-0.0080992
-0.0080992
-0.0080992
-0.0080992
-0.0080745
-0.0080745
-0.0080745
-0.0080745
-0.0080745
-0.0080745
-0.0080745
-0.0080745
-0.0080745
-0.0080745
-0.0080745
-0.0080499
-0.0080745
-0.0080745
-0.0080745
-0.0080745
-0.0080745
-0.0080745
-0.0080745
-0.0080992
-0.0080992
-0.0080992
-0.0080992
-0.0081238
-0.0081238
-0.0081238
-0.0081238
-0.0081238
-0.0081484
-0.0081484
-0.0081484
-0.0081484
-0.0081484
-0.0081484
-0.008173
-0.0081484
-0.0081484
-0.0081484
-0.008173
-0.008173
-0.0081484
-0.0081484
-0.0081484
-0.008173
-0.008173
-0.0081484
-0.0081484
-0.0081484
-0.0081484
-0.0081484
-0.0081484
-0.0081484
-0.0081484
-0.0081484
-0.0081484
-0.0081484
-0.0081484
-0.0081484
-0.0081484
-0.0081484
-0.0081484
-0.0081484
-0.0081484
-0.0081484
-0.0081484
-0.0081484
-0.0081484
-0.0081484
-0.0081484
-0.0081484
-0.0081484
-0.0081484
-0.0081484
-0.0081484
-0.0081484
-0.0081484
-0.0081484
-0.0081238
-0.0081484
-0.0081484
-0.0081484
-0.0081484
-0.0081484
-0.0081484
-0.0081484
-0.0081484
-0.0081484
-0.0081238
-0.0081238
-0.0081484
-0.0081484
-0.0081238
-0.0081484
-0.0081238
-0.0081238
-0.0081238
-0.0081238
-0.0081238
-0.0081238
-0.0081238
-0.0081238
-0.0081484
-0.0081484
-0.0081484
-0.0081238
-0.0081484
-0.0081484
-0.0081484
-0.0081238
-0.0081238
-0.0081238
-0.0081484
-0.0081484
-0.0081238
-0.0081238
-0.0081238
-0.0081484
-0.0081484
-0.0081484
-0.0081238
-0.0081238
-0.0081484
-0.0081484
-0.0081238
-0.0081238
-0.0081238
-0.0081484
-0.0081484
-0.0081484
-0.0081238
-0.0081238
-0.0081238
-0.0081484
-0.0081238
-0.0081238
-0.0081238
-0.0081484
-0.008173
-0.0082223
-0.0082469
-0.0082715
-0.0083207
-0.0083453
-0.00837
-0.00837
-0.0083946
-0.0083946
-0.0084192
-0.0084438
-0.0084438
-0.0084684
-0.0084684
-0.008493
-0.008493
-0.0084684
-0.0084438
-0.0084192
-0.0084192
-0.0083946
-0.0083453
-0.0083207
-0.0082715
-0.0082469
-0.0082223
-0.0081976
-0.008173
-0.0081484
-0.0081484
-0.0081238
-0.0080992
-0.0080992
-0.0080745
-0.0080499
-0.0080745
-0.0080745
-0.0080745
-0.0080499
-0.0080499
-0.0080499
-0.0080499
-0.0080499
-0.0080499
-0.0080499
-0.0080253
-0.0080499
-0.0080253
-0.0080253
-0.0080253
-0.0080253
-0.0080253
-0.0080253
-0.0080253
-0.0080007
-0.0080007
-0.0080007
-0.0080253
-0.0080007
-0.0080007
-0.0080007
-0.0080007
-0.0080007
-0.0080007
-0.0080007
-0.0080007
-0.0080007
-0.0080007
-0.0079761
-0.0079761
-0.0079761
-0.0080007
-0.0080007
-0.0080007
-0.0080007
-0.0080007
-0.0080007
-0.0080253
-0.0080253
-0.0080253
-0.0080253
-0.0080253
-0.0080253
-0.0080499
-0.0080499
-0.0080499
-0.0080499
-0.0080499
-0.0080745
-0.0080745
-0.0080745
-0.0080745
-0.0080745
-0.0080992
-0.0080992
-0.0080745
-0.0080745
-0.0080745
-0.0080992
-0.0080992
-0.0080992
-0.0080745
-0.0080992
-0.0080992
-0.0080992
-0.0080992
-0.0080992
-0.0080992
-0.0080992
-0.0080992
-0.0080992
-0.0080745
-0.0080745
-0.0080745
-0.0080745
-0.0080992
-0.0080992
-0.0080745
-0.0080745
-0.0080745
-0.0080745
-0.0080992
-0.0080992
-0.0080745
-0.0080745
-0.0080745
-0.0080745
-0.0080745
-0.0080745
-0.0080745
-0.0080745
-0.0080745
-0.0080745
-0.0080745
-0.0080745
-0.0080745
-0.0080745
-0.0080745
-0.0080745
-0.0080745
-0.0080745
-0.0080745
-0.0080745
-0.0080745
-0.0080745
-0.0080745
-0.0080745
-0.0080745
-0.0080499
-0.0080745
-0.0080745
-0.0080745
-0.0080745
-0.0080745
-0.0080745
-0.0080745
-0.0080745
-0.0080745
-0.0080992
-0.0080745
-0.0080745
-0.0080745
-0.0080745
-0.0080745
-0.0080745
-0.0080745
-0.0080745
-0.0080745
-0.0080745
-0.0080745
-0.0080745
-0.0080745
-0.0080745
-0.0080745
-0.0080745
-0.0080745
-0.0080745
-0.0080745
-0.0080745
-0.0080745
-0.0080745
-0.0080499
-0.0080745
-0.0080745
-0.0080745
-0.0080499
-0.0080499
-0.0080745
-0.0080745
-0.0080499
-0.0080499
-0.0080499
-0.0080745
-0.0080745
-0.0081238
-0.008173
-0.0081976
-0.0082223
-0.0082469
-0.0082961
-0.0082961
-0.0083207
-0.0083207
-0.0083207
-0.0083453
-0.00837
-0.0083946
-0.0083946
-0.0083946
-0.0083946
-0.0083946
-0.00837
-0.0083453
-0.0083207
-0.0082961
-0.0082715
-0.0082469
-0.0081976
-0.008173
-0.0081484
-0.0081484
-0.0081238
-0.0080992
-0.0080745
-0.0080499
-0.0080499
-0.0080253
-0.0080007
-0.0080007
-0.0080253
-0.0080253
-0.0080007
-0.0080007
-0.0080007
-0.0080007
-0.0080007
-0.0079761
-0.0079761
-0.0079761
-0.0079761
-0.0079761
-0.0079761
-0.0079761
-0.0079515
-0.0079515
-0.0079515
-0.0079515
-0.0079515
-0.0079515
-0.0079515
-0.0079515
-0.0079515
-0.0079268
-0.0079268
-0.0079268
-0.0079268
-0.0079268
-0.0079268
-0.0079268
-0.0079268
-0.0079268
-0.0079268
-0.0079268
-0.0079268
-0.0079268
-0.0079268
-0.0079268
-0.0079268
-0.0079268
-0.0079268
-0.0079268
-0.0079268
-0.0079515
-0.0079761
-0.0079761
-0.0079761
-0.0079761
-0.0080007
-0.0080007
-0.0080007
-0.0080007
-0.0080007
-0.0080253
-0.0080253
-0.0080253
-0.0080253
-0.0080253
-0.0080253
-0.0080253
-0.0080253
-0.0080253
-0.0080253
-0.0080499
-0.0080499
-0.0080499
-0.0080253
-0.0080253
-0.0080499
-0.0080499
-0.0080499
-0.0080253
-0.0080253
-0.0080253
-0.0080499
-0.0080499
-0.0080253
-0.0080253
-0.0080253
-0.0080499
-0.0080253
-0.0080253
-0.0080253
-0.0080253
-0.0080253
-0.0080253
-0.0080253
-0.0080253
-0.0080253
-0.0080253
-0.0080499
-0.0080499
-0.0080253
-0.0080253
-0.0080253
-0.0080253
-0.0080253
-0.0080253
-0.0080253
-0.0080253
-0.0080499
-0.0080253
-0.0080253
-0.0080253
-0.0080253
-0.0080253
-0.0080253
-0.0080253
-0.0080253
-0.0080253
-0.0080253
-0.0080253
-0.0080253
-0.0080253
-0.0080253
-0.0080253
-0.0080253
-0.0080253
-0.0080007
-0.0080253
-0.0080253
-0.0080253
-0.0080253
-0.0080253
-0.0080253
-0.0080253
-0.0080253
-0.0080499
-0.0080499
-0.0080253
-0.0080253
-0.0080253
-0.0080499
-0.0080499
-0.0080499
-0.0080499
-0.0080253
-0.0080499
-0.0080499
-0.0080253
-0.0080253
-0.0080253
-0.0080499
-0.0080499
-0.0080253
-0.0080253
-0.0080253
-0.0080499
-0.0080499
-0.0080253
-0.0080253
-0.0080253
-0.0080499
-0.0080253
-0.0080253
-0.0080253
-0.0080499
-0.0080499
-0.0080253
-0.0080253
-0.0080253
-0.0080499
-0.0080745
-0.0080992
-0.0082469
-0.0082715
-0.0082961
-0.0082961
-0.0082961
-0.0083207
-0.0083453
-0.0083453
-0.00837
-0.0083946
-0.0083946
-0.0083946
-0.00837
-0.0083453
-0.0083207
-0.0083207
-0.0082961
-0.0082715
-0.0082223
-0.0081976
-0.008173
-0.0081484
-0.0081238
-0.0080992
-0.0080745
-0.0080745
-0.0080499
-0.0080253
-0.0080007
-0.0080007
-0.0080007
-0.0080007
-0.0080007
-0.0080007
-0.0080007
-0.0080007
-0.0080007
-0.0079761
-0.0079761
-0.0079761
-0.0079761
-0.0079761
-0.0079761
-0.0079761
-0.0079515
-0.0079515
-0.0079515
-0.0079515
-0.0079515
-0.0079515
-0.0079515
-0.0079515
-0.0079515
-0.0079515
-0.0079268
-0.0079268
-0.0079268
-0.0079515
-0.0079515
-0.0079268
-0.0079268
-0.0079268
-0.0079268
-0.0079268
-0.0079268
-0.0079268
-0.0079268
-0.0079268
-0.0079268
-0.0079268
-0.0079268
-0.0079515
-0.0079515
-0.0079515
-0.0079515
-0.0079515
-0.0079515
-0.0079761
-0.0079761
-0.0079761
-0.0080007
-0.0080007
-0.0080007
-0.0080253
-0.0080253
-0.0080253
-0.0080253
-0.0080253
-0.0080253
-0.0080499
-0.0080499
-0.0080499
-0.0080499
-0.0080499
-0.0080499
-0.0080745
-0.0080499
-0.0080499
-0.0080499
-0.0080499
-0.0080499
-0.0080499
-0.0080499
-0.0080499
-0.0080499
-0.0080499
-0.0080499
-0.0080499
-0.0080499
-0.0080499
-0.0080499
-0.0080499
-0.0080499
-0.0080499
-0.0080745
-0.0080745
-0.0080499
-0.0080499
-0.0080499
-0.0080499
-0.0080499
-0.0080745
-0.0080499
-0.0080499
-0.0080499
-0.0080499
-0.0080499
-0.0080745
-0.0080499
-0.0080499
-0.0080745
-0.0080745
-0.0080745
-0.0080745
-0.0080499
-0.0080745
-0.0080745
-0.0080745
-0.0080745
-0.0080499
-0.0080745
-0.0080745
-0.0080745
-0.0080745
-0.0080745
-0.0080745
-0.0080745
-0.0080745
-0.0080499
-0.0080499
-0.0080499
-0.0080745
-0.0080745
-0.0080745
-0.0080499
-0.0080745
-0.0080745
-0.0080745
-0.0080745
-0.0080745
-0.0080745
-0.0080745
-0.0080745
-0.0080992
-0.0080745
-0.0080745
-0.0080745
-0.0080745
-0.0080992
-0.0080745
-0.0080745
-0.0080745
-0.0080745
-0.0080745
-0.0080745
-0.0080745
-0.0080745
-0.0080745
-0.0080745
-0.0080745
-0.0080745
-0.0080745
-0.0080745
-0.0080745
-0.0080745
-0.0080745
-0.0080745
-0.0080745
-0.0080745
-0.0080992
-0.0080745
-0.0080745
-0.0080745
-0.0080745
-0.0080992
-0.0080992
-0.0081484
-0.008173
-0.0082223
-0.0082469
-0.0083453
-0.0083453
-0.0083453
-0.00837
-0.0083946
-0.0084192
-0.0084192
-0.0084192
-0.0084192
-0.0084192
-0.0083946
-0.00837
-0.0083453
-0.0083207
-0.0082961
-0.0082715
-0.0082469
-0.0081976
-0.008173
-0.008173
-0.0081484
-0.0081238
-0.0080992
-0.0080745
-0.0080745
-0.0080745
-0.0080499
-0.0080499
-0.0080499
-0.0080499
-0.0080499
-0.0080499
-0.0080253
-0.0080253
-0.0080253
-0.0080253
-0.0080253
-0.0080253
-0.0080007
-0.0080007
-0.0080007
-0.0080007
-0.0080007
-0.0080007
-0.0080007
-0.0080007
-0.0080007
-0.0080007
-0.0080007
-0.0079761
-0.0079761
-0.0079761
-0.0079761
-0.0079761
-0.0079761
-0.0079515
-0.0079761
-0.0079761
-0.0079761
-0.0079761
-0.0079761
-0.0079761
-0.0079761
-0.0079761
-0.0079761
-0.0079761
-0.0079761
-0.0079761
-0.0079761
-0.0079761
-0.0079761
-0.0079761
-0.0080007
-0.0080007
-0.0080007
-0.0080007
-0.0080007
-0.0080007
-0.0080253
-0.0080253
-0.0080499
-0.0080499
-0.0080499
-0.0080745
-0.0080745
-0.0080745
-0.0080745
-0.0080745
-0.0080745
-0.0080745
-0.0080992
-0.0080745
-0.0080745
-0.0080745
-0.0080745
-0.0080745
-0.0080745
-0.0080745
-0.0080745
-0.0080745
-0.0080745
-0.0080745
-0.0080745
-0.0080745
-0.0080745
-0.0080992
-0.0080745
-0.0080745
-0.0080745
-0.0080745
-0.0080745
-0.0080745
-0.0080745
-0.0080745
-0.0080745
-0.0080745
-0.0080745
-0.0080745
-0.0080745
-0.0080745
-0.0080745
-0.0080745
-0.0080992
-0.0080745
-0.0080745
-0.0080745
-0.0080745
-0.0080745
-0.0080745
-0.0080745
-0.0080745
-0.0080745
-0.0080745
-0.0080745
-0.0080745
-0.0080745
-0.0080992
-0.0080992
-0.0080745
-0.0080745
-0.0080745
-0.0080745
-0.0080992
-0.0080745
-0.0080745
-0.0080745
-0.0080992
-0.0080992
-0.0080992
-0.0080745
-0.0080992
-0.0080992
-0.0080992
-0.0080992
-0.0080992
-0.0080992
-0.0080992
-0.0080992
-0.0080992
-0.0080992
-0.0080992
-0.0080992
-0.0080992
-0.0080992
-0.0080992
-0.0080992
-0.0080992
-0.0080992
-0.0080992
-0.0080992
-0.0080992
-0.0080992
-0.0080992
-0.0080992
-0.0080992
-0.0080992
-0.0080992
-0.0080992
-0.0080992
-0.0080992
-0.0080992
-0.0080992
-0.0080992
-0.0080992
-0.0080992
-0.0080992
-0.0080992
-0.0080992
-0.0080992
-0.0080992
-0.0081238
-0.0081484
-0.008173
-0.0082223
-0.0082469
-0.0082961
-0.0083207
-0.0083453
-0.00837
-0.00837
-0.0084438
-0.0084684
-0.0084438
-0.0084438
-0.0084438
-0.0084192
-0.0084192
-0.00837
-0.0083453
-0.0083207
-0.0082961
-0.0082715
-0.0082223
-0.0081976
-0.0081976
-0.008173
-0.0081484
-0.0081238
-0.0080992
-0.0080992
-0.0080745
-0.0080745
-0.0080745
-0.0080745
-0.0080745
-0.0080745
-0.0080499
-0.0080499
-0.0080499
-0.0080499
-0.0080745
-0.0080499
-0.0080499
-0.0080499
-0.0080499
-0.0080499
-0.0080499
-0.0080499
-0.0080499
-0.0080499
-0.0080499
-0.0080499
-0.0080499
-0.0080499
-0.0080499
-0.0080499
-0.0080499
-0.0080499
-0.0080499
-0.0080499
-0.0080253
-0.0080499
-0.0080499
-0.0080253
-0.0080253
-0.0080253
-0.0080499
-0.0080499
-0.0080253
-0.0080253
-0.0080499
-0.0080499
-0.0080499
-0.0080499
-0.0080499
-0.0080499
-0.0080745
-0.0080745
-0.0080745
-0.0080745
-0.0080745
-0.0080992
-0.0080992
-0.0080992
-0.0080992
-0.0080992
-0.0081238
-0.0081238
-0.0081238
-0.0080992
-0.0081238
-0.0081238
-0.0081238
-0.0081238
-0.0081484
-0.0081484
-0.0081484
-0.0081484
-0.0081484
-0.0081484
-0.0081484
-0.0081484
-0.0081484
-0.0081484
-0.0081484
-0.0081484
-0.0081238
-0.0081238
-0.0081484
-0.0081484
-0.0081484
-0.0081238
-0.0081484
-0.0081484
-0.0081484
-0.0081484
-0.0081238
-0.0081238
-0.0081484
-0.0081484
-0.0081484
-0.0081484
-0.0081484
-0.0081484
-0.0081484
-0.0081484
-0.0081238
-0.0081238
-0.0081484
-0.0081484
-0.0081484
-0.0081238
-0.0081238
-0.0081484
-0.0081484
-0.0081484
-0.0081484
-0.0081484
-0.0081484
-0.0081484
-0.0081484
-0.0081484
-0.0081484
-0.0081484
-0.0081484
-0.0081484
-0.0081484
-0.0081484
-0.0081484
-0.0081484
-0.0081484
-0.0081484
-0.0081484
-0.0081484
-0.0081484
-0.0081484
-0.0081484
-0.0081484
-0.0081484
-0.0081484
-0.008173
-0.0081484
-0.0081484
-0.0081484
-0.0081484
-0.0081484
-0.0081484
-0.0081484
-0.0081484
-0.0081484
