2018
7
19
9
45
49.345
-0.03252
-0.032594
-0.032692
-0.032717
-0.032643
-0.032594
-0.032667
-0.032766
-0.032766
-0.032692
-0.032643
-0.032692
-0.032815
-0.032815
-0.032717
-0.032667
-0.032717
-0.032815
-0.032815
-0.032741
-0.032667
-0.032741
-0.03284
-0.03284
-0.032741
-0.032667
-0.032741
-0.03284
-0.03284
-0.032741
-0.032692
-0.032741
-0.03284
-0.03284
-0.032741
-0.032692
-0.032741
-0.03284
-0.03284
-0.032741
-0.03284
-0.032741
-0.032692
-0.032741
-0.03284
-0.03284
-0.032766
-0.032692
-0.032741
-0.03284
-0.032864
-0.032766
-0.032692
-0.032766
-0.032864
-0.032864
-0.032766
-0.032692
-0.032741
-0.03284
-0.032864
-0.032766
-0.032692
-0.032741
-0.032815
-0.03284
-0.032741
-0.032692
-0.032741
-0.03284
-0.03284
-0.032766
-0.032692
-0.032741
-0.03284
-0.032864
-0.032791
-0.032717
-0.032766
-0.032864
-0.032766
-0.032864
-0.032864
-0.032791
-0.032717
-0.032766
-0.032864
-0.032889
-0.032791
-0.032717
-0.032766
-0.032864
-0.032889
-0.032791
-0.032717
-0.032766
-0.032864
-0.032889
-0.032791
-0.032717
-0.032741
-0.03284
-0.032864
-0.032791
-0.032717
-0.032766
-0.032864
-0.032889
-0.032791
-0.032692
-0.032717
-0.032815
-0.032889
-0.032864
-0.032864
-0.032987
-0.03316
-0.033234
-0.033184
-0.033135
-0.033184
-0.033209
-0.033332
-0.033357
-0.033258
-0.03316
-0.03316
-0.033234
-0.033234
-0.033111
-0.032987
-0.032963
-0.033012
-0.033012
-0.032889
-0.032791
-0.032791
-0.032889
-0.032889
-0.032791
-0.032692
-0.032717
-0.032815
-0.03284
-0.032741
-0.032667
-0.032692
-0.032791
-0.032815
-0.032717
-0.032643
-0.032667
-0.032766
-0.032791
-0.032692
-0.032618
-0.032643
-0.032741
-0.032766
-0.032667
-0.032741
-0.032643
-0.032569
-0.032594
-0.032667
-0.032717
-0.032618
-0.032544
-0.032544
-0.032643
-0.032692
-0.032594
-0.03252
-0.03252
-0.032643
-0.032667
-0.032594
-0.032495
-0.03252
-0.032618
-0.032667
-0.032594
-0.03252
-0.032544
-0.032643
-0.032692
-0.032618
-0.032544
-0.032594
-0.032692
-0.032741
-0.032692
-0.032618
-0.032643
-0.032766
-0.032791
-0.032741
-0.032643
-0.032692
-0.032791
-0.032692
-0.032815
-0.032864
-0.032791
-0.032717
-0.032741
-0.03284
-0.032889
-0.032815
-0.032717
-0.032741
-0.03284
-0.032889
-0.032815
-0.032717
-0.032741
-0.03284
-0.032864
-0.032791
-0.032717
-0.032717
-0.032815
-0.032864
-0.032791
-0.032717
-0.032717
-0.032815
-0.032864
-0.032791
-0.032692
-0.032717
-0.032815
-0.03284
-0.032791
-0.032692
-0.032692
-0.032791
-0.03284
-0.032766
-0.032667
-0.032692
-0.032717
-0.032791
-0.03284
-0.032766
-0.032692
-0.032692
-0.032766
-0.032815
-0.032741
-0.032667
-0.032667
-0.032741
-0.032791
-0.032717
-0.032643
-0.032643
-0.032717
-0.032766
-0.032717
-0.032643
-0.032643
-0.032717
-0.032766
-0.032717
-0.032643
-0.032643
-0.032717
-0.032766
-0.032717
-0.032618
-0.032618
-0.032692
-0.032741
-0.032692
-0.032618
-0.032618
-0.032692
-0.032741
-0.032692
-0.032717
-0.032667
-0.032594
-0.032594
-0.032667
-0.032692
-0.032667
-0.032594
-0.032594
-0.032643
-0.032692
-0.032643
-0.032594
-0.032594
-0.032643
-0.032692
-0.032643
-0.032544
-0.032544
-0.032618
-0.032717
-0.032741
-0.032766
-0.03284
-0.032963
-0.033037
-0.033037
-0.032987
-0.032987
-0.033037
-0.033086
-0.033061
-0.033012
-0.033012
-0.033061
-0.033111
-0.033061
-0.032963
-0.032938
-0.032987
-0.032741
-0.032766
-0.032766
-0.032717
-0.032618
-0.032594
-0.032643
-0.032667
-0.032618
-0.03252
-0.03252
-0.032569
-0.032618
-0.032569
-0.032495
-0.032495
-0.032544
-0.032594
-0.032569
-0.032471
-0.032471
-0.032544
-0.032594
-0.032544
-0.032471
-0.032446
-0.03252
-0.032569
-0.03252
-0.032421
-0.032421
-0.032471
-0.03252
-0.032471
-0.032397
-0.032372
-0.032446
-0.032495
-0.032446
-0.032372
-0.032421
-0.032347
-0.032347
-0.032421
-0.032471
-0.032446
-0.032372
-0.032347
-0.032397
-0.032471
-0.032446
-0.032372
-0.032347
-0.032421
-0.032495
-0.032471
-0.032397
-0.032397
-0.032471
-0.032544
-0.03252
-0.032446
-0.032446
-0.03252
-0.032594
-0.032569
-0.032495
-0.032495
-0.032569
-0.032618
-0.032618
-0.032544
-0.03252
-0.032594
-0.032643
-0.032618
-0.032544
-0.032544
-0.032594
-0.032667
-0.032618
-0.032667
-0.032643
-0.032569
-0.032544
-0.032618
-0.032667
-0.032643
-0.032569
-0.032569
-0.032618
-0.032692
-0.032667
-0.032594
-0.032569
-0.032618
-0.032692
-0.032667
-0.032594
-0.032569
-0.032618
-0.032692
-0.032667
-0.032594
-0.032569
-0.032618
-0.032692
-0.032667
-0.032594
-0.032569
-0.032618
-0.032692
-0.032667
-0.032594
-0.032569
-0.032643
-0.032717
-0.032692
-0.032618
-0.032594
-0.032594
-0.032569
-0.032618
-0.032667
-0.032667
-0.032594
-0.032569
-0.032618
-0.032667
-0.032667
-0.032594
-0.032569
-0.032618
-0.032692
-0.032692
-0.032618
-0.032594
-0.032643
-0.032717
-0.032692
-0.032618
-0.032594
-0.032643
-0.032717
-0.032692
-0.032643
-0.032618
-0.032667
-0.032717
-0.032717
-0.032643
-0.032618
-0.032667
-0.032741
-0.032717
-0.032667
-0.032618
-0.032667
-0.032741
-0.032717
-0.032717
-0.032717
-0.032667
-0.032618
-0.032667
-0.032717
-0.032717
-0.032643
-0.032594
-0.032643
-0.032741
-0.032791
-0.032791
-0.032864
-0.032963
-0.033061
-0.033086
-0.033061
-0.033012
-0.033061
-0.03316
-0.03316
-0.033111
-0.033086
-0.033135
-0.033209
-0.033184
-0.033111
-0.033061
-0.033086
-0.033111
-0.033061
-0.032963
-0.032864
-0.032864
-0.032914
-0.032889
-0.032791
-0.032717
-0.032741
-0.032643
-0.032692
-0.032766
-0.032766
-0.032692
-0.032643
-0.032692
-0.032766
-0.032766
-0.032667
-0.032618
-0.032667
-0.032741
-0.032741
-0.032667
-0.032594
-0.032643
-0.032717
-0.032717
-0.032618
-0.032569
-0.032594
-0.032667
-0.032692
-0.032594
-0.032544
-0.032594
-0.032667
-0.032692
-0.032594
-0.032544
-0.032594
-0.032667
-0.032692
-0.032618
-0.032544
-0.032594
-0.032692
-0.032692
-0.032618
-0.032717
-0.032643
-0.032569
-0.032618
-0.032717
-0.032741
-0.032667
-0.032618
-0.032667
-0.032766
-0.032791
-0.032717
-0.032667
-0.032717
-0.032815
-0.032864
-0.032791
-0.032717
-0.032791
-0.032889
-0.032914
-0.03284
-0.032766
-0.032815
-0.032938
-0.032963
-0.032889
-0.032815
-0.032864
-0.032963
-0.032987
-0.032914
-0.03284
-0.032889
-0.032987
-0.033012
-0.032938
-0.032864
-0.032914
-0.033012
-0.032938
-0.033037
-0.033061
-0.032963
-0.032889
-0.032938
-0.033037
-0.033086
-0.033012
-0.032938
-0.032963
-0.033061
-0.033111
-0.033012
-0.032938
-0.032963
-0.033061
-0.033111
-0.033012
-0.032938
-0.032987
-0.033086
-0.033111
-0.033037
-0.032963
-0.032987
-0.033086
-0.033111
-0.033037
-0.032963
-0.032987
-0.033086
-0.033135
-0.033037
-0.032963
-0.032987
-0.033086
-0.033135
-0.033037
-0.032963
-0.033061
-0.032987
-0.033012
-0.033135
-0.033184
-0.033111
-0.033012
-0.033061
-0.03316
-0.033184
-0.033111
-0.033037
-0.033086
-0.033184
-0.033234
-0.03316
-0.033086
-0.033111
-0.033209
-0.033258
-0.033184
-0.033111
-0.033135
-0.033234
-0.033283
-0.033234
-0.033135
-0.033184
-0.033283
-0.033332
-0.033258
-0.033184
-0.033209
-0.033307
-0.033357
-0.033283
-0.033209
-0.033209
-0.033307
-0.033332
-0.033455
-0.033603
-0.033603
-0.033578
-0.033628
-0.033775
-0.033824
-0.033751
-0.033677
-0.033726
-0.033824
-0.033898
-0.033824
-0.033751
-0.033751
-0.033849
-0.033874
-0.0338
-0.033677
-0.033628
-0.033701
-0.033701
-0.033578
-0.033455
-0.033431
-0.033504
-0.033529
-0.033431
-0.033332
-0.033332
-0.033406
-0.033431
-0.033357
-0.033283
-0.033283
-0.033381
-0.033431
-0.033357
-0.033258
-0.033283
-0.033234
-0.033258
-0.033332
-0.033381
-0.033307
-0.033209
-0.033209
-0.033307
-0.033357
-0.033283
-0.033184
-0.033184
-0.033258
-0.033332
-0.033258
-0.03316
-0.033135
-0.033234
-0.033283
-0.033234
-0.033135
-0.033135
-0.033209
-0.033258
-0.033209
-0.033111
-0.033111
-0.033209
-0.033258
-0.033209
-0.033111
-0.033111
-0.033209
-0.033283
-0.033209
-0.033135
-0.033135
-0.033234
-0.033307
-0.033258
-0.033357
-0.033307
-0.033234
-0.033234
-0.033332
-0.033406
-0.033357
-0.033283
-0.033283
-0.033381
-0.033455
-0.033406
-0.033307
-0.033307
-0.033406
-0.03348
-0.033431
-0.033332
-0.033307
-0.033406
-0.03348
-0.033431
-0.033332
-0.033307
-0.033406
-0.03348
-0.033431
-0.033332
-0.033332
-0.033406
-0.03348
-0.033431
-0.033357
-0.033332
-0.033431
-0.03348
-0.033431
-0.033332
-0.033307
-0.033406
-0.033307
-0.033406
-0.033455
-0.033406
-0.033307
-0.033283
-0.033381
-0.033455
-0.033406
-0.033307
-0.033283
-0.033357
-0.033431
-0.033406
-0.033307
-0.033283
-0.033357
-0.033431
-0.033406
-0.033283
-0.033283
-0.033357
-0.033431
-0.033406
-0.033283
-0.033258
-0.033357
-0.033431
-0.033381
-0.033283
-0.033258
-0.033332
-0.033406
-0.033381
-0.033283
-0.033258
-0.033357
-0.033431
-0.033381
-0.033283
-0.033381
-0.033283
-0.033234
-0.033332
-0.033406
-0.033357
-0.033258
-0.033234
-0.033332
-0.033406
-0.033381
-0.033283
-0.033234
-0.033332
-0.033406
-0.033357
-0.033258
-0.033234
-0.033307
-0.033381
-0.033357
-0.033258
-0.033209
-0.033283
-0.033381
-0.033332
-0.033234
-0.033209
-0.033258
-0.033332
-0.033283
-0.033209
-0.033209
-0.033357
-0.033554
-0.033603
-0.033554
-0.033578
-0.033701
-0.0338
-0.033726
-0.0338
-0.0338
-0.033701
-0.033652
-0.033701
-0.033775
-0.033726
-0.033603
-0.033504
-0.033529
-0.033578
-0.033504
-0.033357
-0.033283
-0.033332
-0.033381
-0.033332
-0.033209
-0.03316
-0.033209
-0.033283
-0.033234
-0.033135
-0.033086
-0.03316
-0.033234
-0.033234
-0.033135
-0.033061
-0.033111
-0.033209
-0.033184
-0.033086
-0.033012
-0.033086
-0.03316
-0.03316
-0.033037
-0.032987
-0.032987
-0.032938
-0.032987
-0.033061
-0.033061
-0.032938
-0.032889
-0.032938
-0.033037
-0.033012
-0.032914
-0.032864
-0.032914
-0.033012
-0.033012
-0.032914
-0.032864
-0.032914
-0.033012
-0.033012
-0.032914
-0.032864
-0.032914
-0.033012
-0.033012
-0.032914
-0.032864
-0.032938
-0.033037
-0.033061
-0.032963
-0.032914
-0.032987
-0.033086
-0.033111
-0.033012
-0.032987
-0.033061
-0.03316
-0.03316
-0.033184
-0.033184
-0.033086
-0.033037
-0.033086
-0.033184
-0.033184
-0.033086
-0.033037
-0.033086
-0.033184
-0.033184
-0.033086
-0.033012
-0.033061
-0.03316
-0.03316
-0.033086
-0.033012
-0.033061
-0.03316
-0.03316
-0.033061
-0.032987
-0.033037
-0.033135
-0.03316
-0.033061
-0.032987
-0.033037
-0.033135
-0.033135
-0.033061
-0.032987
-0.033037
-0.033135
-0.033135
-0.033061
-0.032987
-0.033037
-0.033012
-0.033111
-0.033111
-0.033012
-0.032963
-0.033012
-0.033086
-0.033111
-0.033012
-0.032938
-0.032987
-0.033086
-0.033111
-0.033012
-0.032938
-0.032987
-0.033086
-0.033111
-0.033012
-0.032938
-0.032987
-0.033086
-0.033111
-0.033012
-0.032938
-0.032987
-0.033086
-0.033111
-0.033012
-0.032938
-0.032963
-0.033061
-0.033086
-0.032987
-0.032914
-0.032963
-0.033061
-0.033086
-0.032987
-0.032914
-0.032987
-0.032914
-0.032963
-0.033061
-0.033061
-0.032987
-0.032914
-0.032938
-0.033037
-0.033061
-0.032963
-0.032889
-0.032914
-0.033012
-0.033061
-0.032963
-0.032889
-0.032914
-0.033012
-0.033012
-0.032938
-0.032864
-0.032938
-0.033111
-0.033234
-0.033234
-0.033209
-0.033283
-0.033406
-0.033455
-0.033381
-0.033283
-0.033307
-0.033431
-0.033455
-0.033381
-0.033307
-0.033307
-0.033381
-0.033406
-0.033209
-0.033209
-0.033086
-0.032938
-0.032938
-0.033012
-0.033012
-0.032914
-0.032815
-0.032815
-0.032889
-0.032914
-0.032815
-0.032717
-0.032741
-0.03284
-0.032864
-0.032791
-0.032717
-0.032717
-0.032815
-0.032864
-0.032791
-0.032692
-0.032717
-0.032815
-0.03284
-0.032766
-0.032667
-0.032667
-0.032766
-0.032791
-0.032717
-0.032618
-0.032618
-0.032717
-0.032766
-0.032692
-0.032594
-0.032594
-0.032544
-0.032544
-0.032643
-0.032692
-0.032618
-0.03252
-0.032544
-0.032643
-0.032667
-0.032618
-0.03252
-0.032544
-0.032643
-0.032692
-0.032643
-0.032544
-0.032569
-0.032667
-0.032717
-0.032667
-0.032594
-0.032594
-0.032692
-0.032766
-0.032717
-0.032618
-0.032643
-0.032741
-0.032791
-0.032741
-0.032667
-0.032667
-0.032766
-0.032815
-0.032766
-0.032667
-0.032667
-0.032766
-0.03284
-0.032791
-0.03284
-0.032791
-0.032692
-0.032692
-0.032766
-0.03284
-0.032791
-0.032692
-0.032667
-0.032766
-0.032815
-0.032766
-0.032692
-0.032667
-0.032766
-0.032815
-0.032766
-0.032667
-0.032667
-0.032766
-0.032815
-0.032766
-0.032667
-0.032667
-0.032741
-0.032815
-0.032766
-0.032667
-0.032643
-0.032741
-0.032791
-0.032766
-0.032667
-0.032643
-0.032741
-0.032815
-0.032766
-0.032667
-0.032643
-0.032741
-0.032643
-0.032717
-0.032791
-0.032741
-0.032643
-0.032618
-0.032692
-0.032766
-0.032717
-0.032643
-0.032618
-0.032692
-0.032766
-0.032717
-0.032643
-0.032618
-0.032692
-0.032766
-0.032741
-0.032643
-0.032618
-0.032717
-0.032791
-0.032741
-0.032643
-0.032618
-0.032717
-0.032791
-0.032766
-0.032667
-0.032643
-0.032717
-0.032791
-0.032766
-0.032667
-0.032643
-0.032717
-0.032791
-0.032766
-0.032667
-0.032766
-0.032667
-0.032643
-0.032717
-0.032791
-0.032766
-0.032667
-0.032618
-0.032717
-0.032791
-0.032741
-0.032643
-0.032594
-0.032643
-0.032741
-0.032741
-0.032717
-0.032766
-0.032914
-0.033037
-0.033061
-0.032987
-0.032987
-0.033061
-0.03316
-0.033135
-0.033061
-0.033037
-0.033135
-0.033209
-0.033184
-0.033086
-0.033037
-0.033086
-0.033135
-0.033086
-0.032938
-0.032864
-0.032889
-0.032914
-0.032741
-0.032815
-0.032791
-0.032692
-0.032618
-0.032692
-0.032766
-0.032766
-0.032667
-0.032643
-0.032692
-0.032791
-0.032766
-0.032692
-0.032643
-0.032692
-0.032791
-0.032766
-0.032667
-0.032618
-0.032667
-0.032766
-0.032741
-0.032643
-0.032594
-0.032667
-0.032741
-0.032741
-0.032643
-0.032594
-0.032643
-0.032717
-0.032717
-0.032618
-0.032569
-0.032618
-0.032717
-0.032717
-0.032618
-0.032569
-0.032569
-0.032618
-0.032717
-0.032717
-0.032643
-0.032594
-0.032643
-0.032741
-0.032741
-0.032667
-0.032618
-0.032667
-0.032791
-0.032791
-0.032717
-0.032667
-0.032717
-0.03284
-0.03284
-0.032766
-0.032717
-0.032791
-0.032889
-0.032889
-0.032815
-0.032766
-0.032815
-0.032914
-0.032938
-0.03284
-0.032791
-0.03284
-0.032938
-0.032963
-0.032864
-0.032815
-0.032864
-0.032963
-0.032963
-0.032889
-0.032963
-0.032889
-0.032815
-0.032864
-0.032963
-0.032987
-0.032889
-0.03284
-0.032889
-0.032987
-0.033012
-0.032914
-0.032864
-0.032914
-0.033012
-0.033012
-0.032938
-0.032864
-0.032914
-0.033012
-0.033037
-0.032938
-0.032889
-0.032914
-0.033012
-0.033037
-0.032963
-0.032889
-0.032938
-0.033037
-0.033061
-0.032987
-0.032914
-0.032963
-0.033061
-0.033061
-0.032987
-0.032914
-0.032938
-0.033037
-0.032938
-0.033037
-0.033061
-0.032987
-0.032914
-0.032938
-0.033037
-0.033061
-0.032987
-0.032914
-0.032963
-0.033061
-0.033111
-0.033037
-0.032963
-0.032987
-0.033086
-0.033135
-0.033037
-0.032987
-0.033012
-0.033111
-0.033135
-0.033061
-0.032987
-0.033012
-0.033111
-0.03316
-0.033086
-0.033012
-0.033037
-0.033135
-0.03316
-0.033111
-0.033012
-0.033037
-0.033135
-0.033184
-0.033111
-0.033037
-0.033037
-0.033061
-0.033135
-0.03316
-0.033061
-0.033012
-0.033061
-0.033234
-0.033357
-0.033357
-0.033332
-0.033406
-0.033529
-0.033603
-0.033529
-0.033455
-0.03348
-0.033603
-0.033652
-0.033603
-0.033529
-0.033529
-0.033628
-0.033652
-0.033578
-0.033455
-0.033431
-0.03348
-0.033504
-0.033381
-0.033258
-0.033234
-0.033307
-0.033357
-0.033258
-0.03316
-0.03316
-0.033234
-0.033283
-0.033209
-0.033209
-0.033135
-0.033135
-0.033234
-0.033283
-0.033209
-0.033111
-0.033111
-0.033209
-0.033258
-0.033209
-0.033111
-0.033111
-0.033184
-0.033234
-0.033184
-0.033086
-0.033086
-0.03316
-0.033234
-0.03316
-0.033061
-0.033086
-0.03316
-0.033234
-0.03316
-0.033061
-0.033061
-0.03316
-0.033234
-0.03316
-0.033086
-0.033086
-0.033184
-0.033234
-0.033184
-0.033111
-0.033111
-0.033209
-0.033258
-0.033307
-0.033258
-0.033184
-0.033184
-0.033283
-0.033357
-0.033332
-0.033234
-0.033234
-0.033357
-0.033431
-0.033381
-0.033283
-0.033283
-0.033381
-0.033455
-0.033406
-0.033307
-0.033307
-0.033406
-0.03348
-0.033431
-0.033332
-0.033307
-0.033406
-0.03348
-0.033431
-0.033332
-0.033307
-0.033406
-0.033455
-0.033431
-0.033332
-0.033307
-0.033381
-0.033455
-0.033431
-0.033332
-0.033307
-0.033381
-0.033307
-0.033381
-0.033455
-0.033406
-0.033307
-0.033283
-0.033381
-0.033455
-0.033406
-0.033307
-0.033307
-0.033381
-0.033455
-0.033406
-0.033307
-0.033283
-0.033357
-0.033431
-0.033406
-0.033307
-0.033283
-0.033357
-0.033431
-0.033406
-0.033307
-0.033258
-0.033332
-0.033406
-0.033381
-0.033283
-0.033258
-0.033332
-0.033406
-0.033381
-0.033283
-0.033258
-0.033332
-0.033406
-0.033381
-0.033283
-0.033406
-0.033307
-0.033258
-0.033332
-0.033431
-0.033406
-0.033307
-0.033258
-0.033332
-0.033406
-0.033381
-0.033283
-0.033258
-0.033332
-0.033406
-0.033381
-0.033283
-0.033234
-0.033307
-0.033406
-0.033381
-0.033283
-0.033234
-0.033307
-0.033406
-0.033381
-0.033283
-0.033234
-0.033307
-0.033381
-0.033381
-0.033283
-0.033209
-0.033258
-0.033357
-0.033357
-0.033332
-0.033357
-0.033504
-0.033677
-0.033775
-0.033775
-0.033701
-0.033652
-0.033726
-0.033824
-0.033824
-0.033701
-0.033628
-0.033677
-0.033751
-0.033726
-0.033578
-0.03348
-0.033504
-0.033554
-0.033504
-0.033381
-0.033283
-0.033332
-0.033406
-0.033381
-0.033258
-0.033184
-0.033234
-0.033307
-0.033307
-0.033209
-0.033135
-0.033209
-0.033283
-0.033283
-0.033184
-0.033135
-0.033184
-0.033258
-0.033258
-0.03316
-0.033111
-0.033135
-0.033061
-0.033111
-0.033184
-0.033184
-0.033086
-0.033012
-0.033086
-0.03316
-0.03316
-0.033061
-0.032987
-0.033037
-0.033135
-0.033135
-0.033037
-0.032963
-0.033012
-0.033111
-0.033111
-0.033012
-0.032963
-0.033012
-0.033111
-0.033111
-0.033037
-0.032963
-0.033012
-0.033111
-0.033135
-0.033061
-0.033012
-0.033061
-0.03316
-0.033184
-0.033111
-0.033061
-0.033111
-0.033234
-0.033258
-0.033184
-0.033283
-0.033209
-0.03316
-0.033184
-0.033307
-0.033332
-0.033234
-0.033184
-0.033234
-0.033307
-0.033332
-0.033258
-0.033184
-0.033209
-0.033307
-0.033332
-0.033234
-0.03316
-0.033209
-0.033307
-0.033332
-0.033234
-0.03316
-0.033209
-0.033307
-0.033332
-0.033234
-0.03316
-0.033184
-0.033283
-0.033307
-0.033234
-0.03316
-0.033184
-0.033283
-0.033307
-0.033234
-0.033135
-0.033184
-0.033283
-0.033283
-0.033307
-0.033234
-0.03316
-0.033184
-0.033283
-0.033332
-0.033258
-0.03316
-0.033209
-0.033307
-0.033332
-0.033234
-0.03316
-0.033184
-0.033283
-0.033307
-0.033209
-0.033111
-0.033135
-0.033234
-0.033258
-0.033184
-0.033111
-0.033111
-0.033209
-0.033258
-0.033184
-0.033111
-0.033135
-0.033258
-0.033283
-0.033184
-0.033111
-0.033135
-0.033209
-0.033258
-0.033184
-0.033086
-0.033111
-0.033086
-0.033111
-0.033209
-0.033258
-0.033184
-0.033086
-0.033086
-0.033184
-0.033234
-0.03316
-0.033086
-0.033086
-0.033184
-0.033234
-0.03316
-0.033061
-0.033061
-0.03316
-0.033209
-0.033135
-0.033037
-0.033037
-0.033111
-0.033135
-0.033061
-0.032963
-0.033037
-0.033184
-0.033332
-0.033357
-0.033307
-0.033357
-0.033504
-0.033578
-0.033504
-0.033431
-0.033431
-0.033529
-0.033603
-0.033529
-0.033554
-0.033455
-0.033332
-0.033283
-0.033332
-0.033357
-0.033234
-0.033111
-0.033061
-0.033135
-0.03316
-0.033086
-0.032963
-0.032938
-0.033012
-0.033061
-0.032987
-0.032889
-0.032889
-0.032963
-0.033012
-0.032963
-0.032864
-0.03284
-0.032938
-0.032987
-0.032938
-0.03284
-0.032815
-0.032914
-0.032963
-0.032914
-0.032815
-0.032791
-0.032864
-0.032938
-0.032864
-0.032766
-0.032741
-0.03284
-0.032791
-0.03284
-0.032791
-0.032692
-0.032667
-0.032766
-0.032815
-0.032791
-0.032692
-0.032667
-0.032741
-0.032815
-0.032766
-0.032667
-0.032667
-0.032741
-0.032815
-0.032791
-0.032692
-0.032692
-0.032766
-0.03284
-0.032815
-0.032741
-0.032717
-0.032815
-0.032889
-0.032864
-0.032791
-0.032766
-0.032864
-0.032938
-0.032914
-0.03284
-0.032815
-0.032889
-0.032963
-0.032938
-0.032864
-0.03284
-0.032889
-0.032864
-0.032938
-0.033012
-0.032987
-0.032889
-0.032864
-0.032938
-0.033012
-0.032987
-0.032889
-0.032864
-0.032914
-0.033012
-0.032987
-0.032889
-0.032864
-0.032914
-0.032987
-0.032963
-0.032864
-0.03284
-0.032914
-0.032987
-0.032963
-0.032864
-0.03284
-0.032914
-0.032987
-0.032963
-0.032864
-0.032815
-0.032889
-0.032963
-0.032938
-0.032864
-0.032815
-0.032889
-0.032963
-0.032938
-0.032938
-0.032864
-0.032815
-0.032864
-0.032963
-0.032938
-0.03284
-0.032815
-0.032864
-0.032938
-0.032914
-0.03284
-0.032766
-0.03284
-0.032914
-0.032889
-0.032791
-0.032741
-0.032815
-0.032889
-0.032864
-0.032791
-0.032741
-0.032791
-0.032889
-0.032889
-0.032791
-0.032741
-0.032815
-0.032889
-0.032889
-0.032791
-0.032717
-0.032791
-0.032864
-0.032864
-0.032766
-0.032717
-0.032791
-0.032864
-0.032864
-0.032864
-0.032766
-0.032717
-0.032766
-0.032864
-0.032864
-0.032766
-0.032717
-0.032766
-0.032864
-0.032864
-0.032766
-0.032717
-0.032766
-0.03284
-0.03284
-0.032741
-0.032667
-0.032717
-0.032791
-0.032815
-0.032791
-0.032791
-0.032914
-0.033086
-0.033135
-0.033086
-0.033061
-0.033111
-0.033209
-0.033234
-0.03316
-0.033111
-0.03316
-0.033258
-0.033258
-0.033184
-0.033111
-0.033135
-0.032963
-0.032963
-0.032987
-0.032963
-0.032864
-0.032766
-0.032791
-0.03284
-0.03284
-0.032741
-0.032667
-0.032692
-0.032766
-0.032791
-0.032717
-0.032643
-0.032667
-0.032766
-0.032791
-0.032692
-0.032618
-0.032643
-0.032741
-0.032766
-0.032667
-0.032594
-0.032643
-0.032717
-0.032741
-0.032643
-0.032569
-0.032594
-0.032692
-0.032717
-0.032643
-0.032569
-0.032594
-0.032667
-0.032692
-0.032618
-0.032692
-0.032618
-0.032544
-0.032569
-0.032667
-0.032692
-0.032618
-0.032544
-0.032569
-0.032667
-0.032717
-0.032643
-0.032569
-0.032594
-0.032692
-0.032741
-0.032667
-0.032618
-0.032643
-0.032741
-0.032766
-0.032717
-0.032643
-0.032667
-0.032766
-0.032815
-0.032766
-0.032692
-0.032717
-0.032815
-0.032864
-0.032815
-0.032741
-0.032766
-0.032864
-0.032914
-0.03284
-0.032766
-0.032791
-0.032889
-0.032791
-0.032889
-0.032938
-0.032864
-0.032791
-0.032815
-0.032889
-0.032938
-0.032889
-0.032791
-0.032815
-0.032889
-0.032938
-0.032889
-0.032791
-0.032815
-0.032889
-0.032938
-0.032889
-0.032791
-0.032815
-0.032889
-0.032938
-0.032889
-0.032815
-0.032815
-0.032889
-0.032963
-0.032889
-0.032815
-0.032815
-0.032914
-0.032963
-0.032914
-0.03284
-0.03284
-0.032914
-0.032963
-0.032914
-0.03284
-0.032938
-0.03284
-0.03284
-0.032938
-0.032987
-0.032938
-0.03284
-0.03284
-0.032938
-0.032987
-0.032938
-0.03284
-0.03284
-0.032914
-0.032987
-0.032938
-0.03284
-0.03284
-0.032938
-0.032987
-0.032963
-0.032889
-0.032889
-0.032963
-0.033037
-0.032987
-0.032889
-0.032889
-0.032963
-0.033037
-0.032987
-0.032889
-0.032889
-0.032963
-0.033037
-0.032987
-0.032914
-0.032889
-0.032987
-0.033037
-0.032987
-0.033061
-0.033012
-0.032938
-0.032914
-0.032987
-0.033061
-0.033012
-0.032938
-0.032914
-0.032987
-0.033061
-0.033037
-0.032938
-0.032914
-0.032963
-0.033012
-0.032987
-0.032938
-0.032963
-0.033135
-0.033283
-0.033307
-0.033283
-0.033283
-0.033381
-0.03348
-0.033455
-0.033381
-0.033357
-0.033455
-0.033529
-0.033504
-0.033431
-0.033406
-0.033455
-0.033529
-0.03348
-0.033332
-0.033283
-0.033135
-0.033086
-0.033135
-0.033184
-0.033135
-0.033037
-0.032987
-0.033061
-0.033111
-0.033086
-0.032987
-0.032963
-0.033037
-0.033111
-0.033086
-0.032987
-0.032938
-0.033012
-0.033086
-0.033061
-0.032987
-0.032938
-0.033012
-0.033086
-0.033061
-0.032963
-0.032914
-0.032987
-0.033061
-0.033037
-0.032938
-0.032889
-0.032963
-0.033037
-0.033037
-0.032938
-0.032914
-0.032963
-0.033061
-0.033037
-0.033061
-0.033037
-0.032963
-0.032914
-0.032987
-0.033061
-0.033061
-0.032963
-0.032938
-0.032987
-0.033086
-0.033086
-0.033012
-0.032963
-0.033037
-0.033135
-0.033111
-0.033037
-0.033012
-0.033061
-0.03316
-0.03316
-0.033111
-0.033061
-0.033135
-0.033209
-0.033234
-0.03316
-0.033111
-0.033184
-0.033258
-0.033258
-0.033184
-0.033135
-0.033209
-0.033307
-0.033307
-0.033209
-0.03316
-0.033209
-0.033184
-0.033234
-0.033307
-0.033307
-0.033234
-0.033184
-0.033234
-0.033307
-0.033307
-0.033234
-0.033184
-0.033234
-0.033307
-0.033307
-0.033234
-0.033184
-0.033234
-0.033307
-0.033307
-0.033234
-0.033184
-0.033234
-0.033307
-0.033307
-0.033234
-0.03316
-0.033209
-0.033307
-0.033307
-0.033234
-0.033184
-0.033209
-0.033307
-0.033332
-0.033234
-0.033184
-0.033234
-0.033307
-0.033332
-0.033234
-0.033307
-0.033234
-0.03316
-0.033209
-0.033283
-0.033307
-0.033234
-0.03316
-0.033184
-0.033283
-0.033307
-0.033234
-0.033184
-0.033209
-0.033307
-0.033332
-0.033258
-0.033184
-0.033234
-0.033307
-0.033332
-0.033258
-0.033184
-0.033209
-0.033307
-0.033332
-0.033258
-0.033184
-0.033209
-0.033283
-0.033307
-0.033234
-0.03316
-0.033209
-0.033283
-0.033307
-0.033234
-0.03316
-0.033184
-0.033283
-0.033184
-0.033258
-0.033283
-0.033234
-0.03316
-0.033184
-0.033258
-0.033283
-0.033184
-0.033111
-0.03316
-0.033307
-0.033406
-0.033406
-0.033406
-0.03348
-0.033628
-0.033677
-0.033628
-0.033554
-0.033578
-0.033677
-0.033726
-0.033652
-0.033603
-0.033603
-0.033701
-0.033726
-0.033628
-0.033529
-0.033529
-0.033554
-0.033554
-0.033455
-0.033332
-0.033307
-0.033357
-0.033381
-0.033283
-0.033184
-0.033184
-0.033111
-0.033111
-0.033184
-0.033234
-0.03316
-0.033086
-0.033086
-0.03316
-0.033209
-0.033135
-0.033061
-0.033061
-0.033135
-0.033184
-0.033111
-0.033037
-0.033037
-0.033111
-0.033135
-0.033086
-0.032987
-0.033012
-0.033086
-0.033111
-0.033061
-0.032963
-0.032963
-0.033061
-0.033086
-0.033037
-0.032963
-0.032963
-0.033037
-0.033086
-0.033012
-0.032938
-0.032938
-0.033012
-0.033061
-0.033012
-0.033086
-0.033037
-0.032963
-0.032963
-0.033037
-0.033111
-0.033061
-0.032987
-0.032987
-0.033086
-0.033135
-0.033111
-0.033037
-0.033037
-0.033135
-0.033209
-0.03316
-0.033086
-0.033086
-0.033184
-0.033234
-0.033184
-0.033111
-0.033111
-0.033184
-0.033258
-0.033209
-0.033135
-0.033135
-0.033209
-0.033258
-0.033234
-0.033135
-0.033135
-0.033209
-0.033258
-0.033209
-0.033135
-0.033111
