2018
7
19
9
40
53.723
-0.0041357
-0.0041357
-0.0041604
-0.0041604
-0.0041604
-0.0041604
-0.0041604
-0.0041604
-0.0041604
-0.004185
-0.004185
-0.004185
-0.004185
-0.004185
-0.0041357
-0.0040373
-0.0039388
-0.0038157
-0.0036926
-0.0035942
-0.0034957
-0.0033972
-0.0033234
-0.0032987
-0.0032987
-0.0032987
-0.003348
-0.0033972
-0.0034711
-0.0035449
-0.0036188
-0.003668
-0.0037172
-0.0037665
-0.0038157
-0.0038403
-0.0038896
-0.0039142
-0.0039388
-0.0039634
-0.0041604
-0.004185
-0.0042096
-0.0042096
-0.0042342
-0.0042342
-0.0042588
-0.0042588
-0.0042588
-0.0042588
-0.0042834
-0.0042834
-0.0042834
-0.0042834
-0.0042834
-0.0043081
-0.0043081
-0.0043081
-0.0042834
-0.0043081
-0.0043327
-0.0043327
-0.0043573
-0.0043819
-0.0044065
-0.0044065
-0.0044312
-0.0044312
-0.0044312
-0.0044312
-0.0044065
-0.0044065
-0.0043819
-0.0043573
-0.0043327
-0.0043327
-0.0043081
-0.0043081
-0.0043081
-0.0043327
-0.0044065
-0.0044065
-0.0044312
-0.0044558
-0.0044558
-0.0044558
-0.0044804
-0.0044804
-0.0044804
-0.0044804
-0.0044558
-0.0044558
-0.0044558
-0.0044312
-0.0044312
-0.0044312
-0.0044065
-0.0044065
-0.0044065
-0.0043819
-0.0043819
-0.0043819
-0.0043819
-0.0043819
-0.0043573
-0.0043573
-0.0043573
-0.0043327
-0.0043327
-0.0043081
-0.0043081
-0.0042834
-0.0042588
-0.0042588
-0.0042588
-0.0042342
-0.0042342
-0.0042342
-0.0042588
-0.0042588
-0.0043081
-0.0043081
-0.0043081
-0.0043327
-0.0043327
-0.0043573
-0.0043327
-0.0043327
-0.0043327
-0.0043327
-0.0043081
-0.0043081
-0.0042834
-0.0042834
-0.0043081
-0.0043081
-0.0043081
-0.0043327
-0.0043327
-0.0043573
-0.0043573
-0.0043573
-0.0043819
-0.0043819
-0.0043819
-0.0044065
-0.0044065
-0.0044065
-0.0044065
-0.0044312
-0.0044312
-0.0044312
-0.0044312
-0.0044312
-0.0044312
-0.0044312
-0.0044312
-0.0044312
-0.0044312
-0.0044312
-0.0044312
-0.0044558
-0.0044558
-0.0044558
-0.0044558
-0.0044558
-0.0044558
-0.0044804
-0.0044558
-0.0044558
-0.0044558
-0.0044558
-0.0044558
-0.0044312
-0.0044065
-0.0044065
-0.0044065
-0.0043819
-0.0043819
-0.0043573
-0.0043573
-0.0043573
-0.0043327
-0.0043327
-0.0043327
-0.0043327
-0.0043573
-0.0043573
-0.0043573
-0.0043573
-0.0043819
-0.0043819
-0.0044065
-0.0044065
-0.0044312
-0.0044312
-0.0044558
-0.0044558
-0.0044558
-0.0044804
-0.0044804
-0.0044804
-0.0044804
-0.0044804
-0.0044804
-0.0044804
-0.0044804
-0.0044804
-0.0044804
-0.0044804
-0.0044804
-0.0044804
-0.0044804
-0.0044804
-0.004505
-0.004505
-0.004505
-0.0044558
-0.0043819
-0.0042588
-0.0041357
-0.0040127
-0.0039142
-0.0038157
-0.0037419
-0.003668
-0.0036434
-0.0036188
-0.0036434
-0.003668
-0.0037419
-0.0037911
-0.0038896
-0.0039634
-0.0040373
-0.0041111
-0.0041604
-0.0042096
-0.0042588
-0.0043081
-0.0044065
-0.0044312
-0.0044804
-0.004505
-0.0045296
-0.0045542
-0.0045542
-0.0045789
-0.0045789
-0.0045789
-0.0046035
-0.0046035
-0.0046035
-0.0046035
-0.0046035
-0.0046281
-0.0046281
-0.0046281
-0.0046281
-0.0046527
-0.0046527
-0.0046773
-0.0046773
-0.0046773
-0.0046773
-0.0047019
-0.0047019
-0.0047019
-0.0047019
-0.0047019
-0.0047266
-0.0047266
-0.0047266
-0.0047266
-0.0047266
-0.0047266
-0.0047266
-0.0047019
-0.0047019
-0.0047019
-0.0047019
-0.0047019
-0.0047019
-0.0047019
-0.0047019
-0.0047019
-0.0047019
-0.0047019
-0.0047019
-0.0047019
-0.0047019
-0.0046773
-0.0046773
-0.0046527
-0.0046281
-0.0046035
-0.0046035
-0.0045789
-0.0045789
-0.0045542
-0.0045542
-0.0045296
-0.0045296
-0.0045296
-0.0045296
-0.0045296
-0.0045296
-0.0045296
-0.0045296
-0.004505
-0.0045296
-0.0045296
-0.0045296
-0.0045296
-0.004505
-0.004505
-0.004505
-0.004505
-0.004505
-0.0044804
-0.0044558
-0.0044558
-0.0044312
-0.0044312
-0.0044312
-0.0044312
-0.0044312
-0.0044312
-0.0044312
-0.0044312
-0.0044312
-0.0044312
-0.0044312
-0.0044558
-0.0044558
-0.0044558
-0.0044558
-0.0044558
-0.0044558
-0.0044558
-0.0044558
-0.0044558
-0.0044558
-0.0044558
-0.0044558
-0.0044558
-0.0044804
-0.0044804
-0.0044804
-0.004505
-0.004505
-0.004505
-0.004505
-0.004505
-0.0045296
-0.0045296
-0.0045296
-0.0045296
-0.0045542
-0.0045542
-0.0045789
-0.0045789
-0.0045789
-0.0045789
-0.0045789
-0.0046035
-0.0046035
-0.0046035
-0.0046035
-0.0046035
-0.0046035
-0.0046035
-0.0046035
-0.0045789
-0.0045789
-0.0045789
-0.0045789
-0.0045789
-0.0045789
-0.0045789
-0.0045789
-0.0045542
-0.0045542
-0.0045542
-0.0045542
-0.0045542
-0.0045542
-0.0045542
-0.0045542
-0.0045542
-0.0045542
-0.0045542
-0.0045296
-0.0045542
-0.0045542
-0.0045542
-0.0045542
-0.0045542
-0.0045542
-0.0045542
-0.0045542
-0.0045542
-0.0045296
-0.0045296
-0.0045542
-0.0045542
-0.0045542
-0.0045542
-0.0045542
-0.0045542
-0.0045542
-0.0045542
-0.0045542
-0.0045542
-0.0045542
-0.0045789
-0.0045542
-0.0044804
-0.0043819
-0.0042834
-0.0041604
-0.0040373
-0.0039388
-0.0038403
-0.0037665
-0.0037172
-0.0037172
-0.0036926
-0.0037172
-0.0037665
-0.0038157
-0.0038896
-0.0039634
-0.0040373
-0.0040865
-0.0041604
-0.0042096
-0.0042342
-0.0042834
-0.0043081
-0.0044065
-0.0044558
-0.004505
-0.0045296
-0.0045542
-0.0045789
-0.0045789
-0.0046035
-0.0046035
-0.0046281
-0.0046281
-0.0046281
-0.0046281
-0.0046527
-0.0046527
-0.0046527
-0.0046527
-0.0046527
-0.0046773
-0.0046773
-0.0046773
-0.0047019
-0.0047019
-0.0047266
-0.0047266
-0.0047266
-0.0047512
-0.0047512
-0.0047512
-0.0047758
-0.0047758
-0.0047758
-0.0047758
-0.0047758
-0.0047758
-0.0047758
-0.0047758
-0.0047758
-0.0047758
-0.0047512
-0.0047266
-0.0047266
-0.0047266
-0.0047266
-0.0047512
-0.0047512
-0.0047512
-0.0047512
-0.0047512
-0.0047512
-0.0047266
-0.0047266
-0.0047019
-0.0047019
-0.0046773
-0.0046773
-0.0046773
-0.0046527
-0.0046281
-0.0046281
-0.0046281
-0.0046035
-0.0045789
-0.0045789
-0.0045789
-0.0045789
-0.0045542
-0.0045542
-0.0045542
-0.0045542
-0.0045542
-0.0045542
-0.0045296
-0.0045296
-0.0045296
-0.0045296
-0.0045296
-0.0045296
-0.0045296
-0.0045296
-0.004505
-0.004505
-0.004505
-0.0044804
-0.0044804
-0.0044804
-0.0044804
-0.0044804
-0.0044804
-0.0044804
-0.0044804
-0.0044804
-0.0044804
-0.0044804
-0.0044804
-0.0044804
-0.0044804
-0.0044804
-0.0044558
-0.0044558
-0.0044558
-0.0044558
-0.0044558
-0.0044558
-0.0044558
-0.0044558
-0.0044558
-0.0044558
-0.0044804
-0.0044804
-0.0044804
-0.0044804
-0.004505
-0.004505
-0.004505
-0.004505
-0.0045296
-0.0045296
-0.0045296
-0.0045296
-0.0045296
-0.0045296
-0.004505
-0.004505
-0.0045296
-0.0045296
-0.0045296
-0.0045296
-0.0045296
-0.0045296
-0.0045296
-0.0045296
-0.0045296
-0.0045296
-0.0045296
-0.0045296
-0.0045296
-0.0045296
-0.0045296
-0.0045296
-0.004505
-0.004505
-0.004505
-0.0044804
-0.0044804
-0.0044804
-0.0044558
-0.0044558
-0.0044558
-0.0044558
-0.0044312
-0.0044312
-0.0044312
-0.0044558
-0.0044558
-0.0044558
-0.0044804
-0.0044804
-0.004505
-0.004505
-0.0045542
-0.0045542
-0.0045542
-0.0045296
-0.0045296
-0.0045296
-0.0045296
-0.0045296
-0.0045296
-0.0045542
-0.0045542
-0.0045542
-0.0045542
-0.0045542
-0.0045789
-0.0045789
-0.0045789
-0.0046035
-0.0046035
-0.0046035
-0.0045296
-0.0044558
-0.0043327
-0.0042096
-0.0040865
-0.003988
-0.0039142
-0.0038157
-0.0037665
-0.0037419
-0.0037419
-0.0037665
-0.0038157
-0.003865
-0.0039388
-0.0040127
-0.0040865
-0.0041604
-0.0042096
-0.0042588
-0.0044065
-0.0044312
-0.0044558
-0.0044804
-0.0045296
-0.0045542
-0.0046035
-0.0046281
-0.0046527
-0.0046527
-0.0046773
-0.0046773
-0.0046773
-0.0047019
-0.0047019
-0.0047019
-0.0047019
-0.0047266
-0.0047266
-0.0047266
-0.0047266
-0.0047266
-0.0047266
-0.0047512
-0.0047512
-0.0047512
-0.0047758
-0.0047758
-0.0048004
-0.0048004
-0.0048004
-0.004825
-0.004825
-0.004825
-0.004825
-0.004825
-0.004825
-0.004825
-0.004825
-0.0048004
-0.0047512
-0.0047266
-0.0047266
-0.0047266
-0.0047266
-0.0047266
-0.0047512
-0.0047512
-0.0047512
-0.0047512
-0.0047512
-0.0047512
-0.0047512
-0.0047512
-0.0047512
-0.0047266
-0.0047266
-0.0047019
-0.0047019
-0.0046773
-0.0046773
-0.0046527
-0.0046527
-0.0046527
-0.0046281
-0.0046281
-0.0046281
-0.0046035
-0.0046035
-0.0046035
-0.0046035
-0.0046035
-0.0045789
-0.0045789
-0.0045789
-0.0045789
-0.0045789
-0.0045542
-0.0045542
-0.0045542
-0.0045542
-0.0045542
-0.0045542
-0.0045542
-0.0045542
-0.0045542
-0.0045542
-0.0045542
-0.0045542
-0.0045542
-0.0045542
-0.0045542
-0.0045542
-0.0045542
-0.0045542
-0.0045789
-0.0045789
-0.0045789
-0.0045789
-0.0045789
-0.0045789
-0.0045789
-0.0045789
-0.0045789
-0.0045789
-0.0045789
-0.0045789
-0.0045789
-0.0045789
-0.0045789
-0.0045789
-0.0045789
-0.0045789
-0.0045789
-0.0045789
-0.0045789
-0.0045789
-0.0045789
-0.0045542
-0.0045542
-0.0045542
-0.0045542
-0.0045542
-0.0045542
-0.0045542
-0.0045542
-0.0045542
-0.0045789
-0.0045789
-0.0045789
-0.0045789
-0.0045789
-0.0045789
-0.0046035
-0.0045789
-0.0045789
-0.0045789
-0.0045789
-0.0045789
-0.0045789
-0.0045789
-0.0045789
-0.0045789
-0.0045789
-0.0045789
-0.0045542
-0.0045542
-0.0045542
-0.0045542
-0.0045542
-0.0045542
-0.0045542
-0.0045542
-0.0045542
-0.0045542
-0.0045542
-0.0045542
-0.0045542
-0.0045542
-0.0045542
-0.0045789
-0.0045789
-0.0045789
-0.0045789
-0.0046035
-0.0046035
-0.0046035
-0.0045789
-0.0046035
-0.0046035
-0.0045789
-0.0045789
-0.0045789
-0.0045789
-0.0045789
-0.0045789
-0.0045789
-0.0046035
-0.0045789
-0.0045296
-0.0044312
-0.0043081
-0.004185
-0.0040865
-0.0040127
-0.0039142
-0.0038403
-0.0037911
-0.0037911
-0.0037911
-0.0038157
-0.003865
-0.0039142
-0.003988
-0.0040619
-0.0041357
-0.004185
-0.0042342
-0.0042834
-0.0043327
-0.0044312
-0.0044804
-0.004505
-0.0045296
-0.0045789
-0.0046035
-0.0046281
-0.0046527
-0.0046773
-0.0046773
-0.0047019
-0.0047019
-0.0047019
-0.0047019
-0.0047019
-0.0047266
-0.0047266
-0.0047266
-0.0047266
-0.0047266
-0.0047512
-0.0047512
-0.0047512
-0.0047512
-0.0047512
-0.0047758
-0.0047758
-0.0048004
-0.0048004
-0.0048004
-0.004825
-0.004825
-0.004825
-0.004825
-0.004825
-0.0048497
-0.0048497
-0.0048497
-0.0048497
-0.0048497
-0.004825
-0.004825
-0.0048497
-0.004825
-0.004825
-0.004825
-0.004825
-0.0048004
-0.0048004
-0.0048004
-0.0048004
-0.0048004
-0.0047758
-0.0047758
-0.0047758
-0.0047512
-0.0047512
-0.0047512
-0.0047266
-0.0047266
-0.0047019
-0.0047019
-0.0046773
-0.0046773
-0.0046527
-0.0046527
-0.0046527
-0.0046527
-0.0046281
-0.0046281
-0.0046281
-0.0046281
-0.0046281
-0.0046281
-0.0046035
-0.0046035
-0.0046035
-0.0046035
-0.0046035
-0.0046035
-0.0046035
-0.0046035
-0.0046035
-0.0046035
-0.0046035
-0.0046035
-0.0046035
-0.0046035
-0.0046035
-0.0046035
-0.0046035
-0.0046035
-0.0046035
-0.0046035
-0.0046035
-0.0046035
-0.0045789
-0.0045789
-0.0045789
-0.0045789
-0.0045789
-0.0045789
-0.0045789
-0.0045789
-0.0045789
-0.0045789
-0.0045789
-0.0045789
-0.0045789
-0.0045789
-0.0045789
-0.0045789
-0.0045789
-0.0046035
-0.0046035
-0.0046035
-0.0046035
-0.0046035
-0.0046035
-0.0046281
-0.0046035
-0.0046281
-0.0046035
-0.0046035
-0.0046035
-0.0046035
-0.0046281
-0.0046281
-0.0046281
-0.0046035
-0.0046281
-0.0046281
-0.0046281
-0.0046281
-0.0046035
-0.0046281
-0.0046281
-0.0046281
-0.0046035
-0.0046035
-0.0046035
-0.0046035
-0.0046035
-0.0046035
-0.0046035
-0.0046035
-0.0046035
-0.0046035
-0.0046035
-0.0046035
-0.0046035
-0.0046035
-0.0046035
-0.0046035
-0.0046035
-0.0046035
-0.0046281
-0.0046281
-0.0046281
-0.0046281
-0.0046281
-0.0046281
-0.0046527
-0.0046281
-0.0046281
-0.0046281
-0.0046281
-0.0046281
-0.0046281
-0.0046281
-0.0046281
-0.0046281
-0.0046281
-0.0046281
-0.0046281
-0.0046281
-0.0046281
-0.0046527
-0.0046527
-0.0045789
-0.0044804
-0.0043819
-0.0042834
-0.0041604
-0.0040619
-0.0039634
-0.0038896
-0.0038403
-0.0038403
-0.0038157
-0.0038157
-0.003865
-0.0039388
-0.003988
-0.0040619
-0.0041357
-0.004185
-0.0042588
-0.0043081
-0.0043327
-0.0044558
-0.0044804
-0.004505
-0.0045542
-0.0045789
-0.0046281
-0.0046527
-0.0046527
-0.0046773
-0.0047019
-0.0047019
-0.0047019
-0.0047019
-0.0047266
-0.0047266
-0.0047266
-0.0047512
-0.0047512
-0.0047512
-0.0047758
-0.0047758
-0.0047758
-0.0047758
-0.0048004
-0.0048004
-0.0048004
-0.0048004
-0.004825
-0.004825
-0.0048497
-0.0048497
-0.0048497
-0.0048497
-0.0048497
-0.0048743
-0.0048743
-0.0048743
-0.0048743
-0.0048743
-0.0048989
-0.0048989
-0.0048989
-0.0048989
-0.0048989
-0.0048989
-0.0048989
-0.0048989
-0.0048989
-0.0048743
-0.0048743
-0.0048743
-0.0048743
-0.0048497
-0.0048497
-0.004825
-0.004825
-0.0048004
-0.0048004
-0.0047758
-0.0047512
-0.0047512
-0.0047512
-0.0047266
-0.0047019
-0.0047019
-0.0047019
-0.0047019
-0.0046773
-0.0046773
-0.0046527
-0.0046527
-0.0046527
-0.0046527
-0.0046527
-0.0046281
-0.0046281
-0.0046527
-0.0046281
-0.0046281
-0.0046281
-0.0046281
-0.0046281
-0.0046527
-0.0046527
-0.0046527
-0.0046527
-0.0046527
-0.0046527
-0.0046773
-0.0046773
-0.0046773
-0.0046773
-0.0046773
-0.0046773
-0.0046773
-0.0046773
-0.0046773
-0.0046773
-0.0046773
-0.0046773
-0.0046527
-0.0046527
-0.0046527
-0.0046773
-0.0046773
-0.0046773
-0.0046527
-0.0046773
-0.0046773
-0.0046773
-0.0046773
-0.0046773
-0.0046773
-0.0046773
-0.0046773
-0.0046773
-0.0046773
-0.0046773
-0.0047019
-0.0047019
-0.0047019
-0.0047019
-0.0047019
-0.0047019
-0.0047019
-0.0047019
-0.0047019
-0.0047019
-0.0047019
-0.0047019
-0.0047019
-0.0047019
-0.0047019
-0.0046773
-0.0047019
-0.0047019
-0.0047019
-0.0047019
-0.0046773
-0.0046773
-0.0047019
-0.0047019
-0.0047019
-0.0047019
-0.0047019
-0.0047019
-0.0047019
-0.0047019
-0.0047019
-0.0047019
-0.0047019
-0.0047019
-0.0047019
-0.0046773
-0.0046773
-0.0047019
-0.0047019
-0.0046773
-0.0046773
-0.0046773
-0.0046773
-0.0046773
-0.0047019
-0.0047019
-0.0047019
-0.0046773
-0.0046773
-0.0046773
-0.0047019
-0.0046773
-0.0046773
-0.0046773
-0.0047019
-0.0047019
-0.0047019
-0.0047019
-0.0047019
-0.0047019
-0.0047019
-0.0047019
-0.0047019
-0.0047019
-0.0047019
-0.0047019
-0.0047266
-0.0047019
-0.0046527
-0.0045789
-0.0044804
-0.0043573
-0.0042342
-0.0041357
-0.0040373
-0.0039634
-0.0038896
-0.003865
-0.003865
-0.0038896
-0.0039142
-0.003988
-0.0042588
-0.0043081
-0.0043573
-0.0044065
-0.0044312
-0.0044804
-0.004505
-0.004505
-0.0045296
-0.0045542
-0.0046035
-0.0046281
-0.0046773
-0.0047019
-0.0047266
-0.0047266
-0.0047266
-0.0047512
-0.0047512
-0.0047512
-0.0047512
-0.0047512
-0.0047512
-0.0047758
-0.0047758
-0.0047758
-0.0047758
-0.0047758
-0.0047758
-0.0047758
-0.0048004
-0.0048004
-0.0048004
-0.0048004
-0.004825
-0.004825
-0.004825
-0.004825
-0.004825
-0.0048497
-0.0048497
-0.0048743
-0.0048743
-0.0048743
-0.0048743
-0.0048743
-0.0048743
-0.0048743
-0.0048743
-0.0048743
-0.0048743
-0.0048743
-0.0048743
-0.0048743
-0.0048497
-0.0048497
-0.0048497
-0.0048497
-0.004825
-0.0048004
-0.0048004
-0.0048004
-0.0047758
-0.0047758
-0.0047512
-0.0047266
-0.0047266
-0.0047266
-0.0047019
-0.0046773
-0.0046527
-0.0046527
-0.0046527
-0.0046281
-0.0046035
-0.0046035
-0.0046035
-0.0046035
-0.0046035
-0.0045789
-0.0045789
-0.0045789
-0.0045789
-0.0045789
-0.0046035
-0.0045789
-0.0045789
-0.0045789
-0.0045789
-0.0046035
-0.0046035
-0.0045789
-0.0045789
-0.0046035
-0.0046035
-0.0046035
-0.0045789
-0.0045789
-0.0045789
-0.0046035
-0.0046035
-0.0045789
-0.0045789
-0.0045789
-0.0046035
-0.0045789
-0.0045789
-0.0045789
-0.0045789
-0.0046035
-0.0045789
-0.0045789
-0.0045789
-0.0045789
-0.0045789
-0.0045789
-0.0045789
-0.0045789
-0.0045789
-0.0045789
-0.0046035
-0.0046035
-0.0046035
-0.0046035
-0.0046035
-0.0046281
-0.0046281
-0.0046281
-0.0046281
-0.0046281
-0.0046527
-0.0046527
-0.0046527
-0.0046527
-0.0046527
-0.0046527
-0.0046527
-0.0046527
-0.0046527
-0.0046527
-0.0046773
-0.0046773
-0.0046773
-0.0046773
-0.0046773
-0.0046773
-0.0046773
-0.0046773
-0.0046773
-0.0046773
-0.0046773
-0.0046773
-0.0046773
-0.0046773
-0.0046527
-0.0046773
-0.0046773
-0.0046773
-0.0046527
-0.0046527
-0.0046527
-0.0046527
-0.0046773
-0.0046773
-0.0046773
-0.0046773
-0.0046773
-0.0046773
-0.0046773
-0.0046773
-0.0046773
-0.0046773
-0.0046773
-0.0047019
-0.0047019
-0.0046773
-0.0046773
-0.0047019
-0.0047019
-0.0047019
-0.0047019
-0.0047019
-0.0047019
-0.0047019
-0.0047019
-0.0047019
-0.0047019
-0.0047019
-0.0047266
-0.0047266
-0.0047266
-0.0047019
-0.0046773
-0.0045789
-0.0044804
-0.0043573
-0.0042342
-0.0041357
-0.0040619
-0.003988
-0.0039388
-0.003988
-0.0040619
-0.0041357
-0.0042096
-0.0042834
-0.0043081
-0.0043573
-0.0044065
-0.0044558
-0.0044804
-0.004505
-0.004505
-0.0045296
-0.0045789
-0.0046035
-0.0046527
-0.0046773
-0.0047019
-0.0047266
-0.0047512
-0.0047758
-0.0047758
-0.0047758
-0.0048004
-0.0048004
-0.0048004
-0.0048004
-0.0048004
-0.004825
-0.004825
-0.004825
-0.004825
-0.004825
-0.0048497
-0.0048497
-0.0048497
-0.0048497
-0.0048743
-0.0048743
-0.0048989
-0.0049235
-0.0049235
-0.0049235
-0.0049235
-0.0049235
-0.0049481
-0.0049481
-0.0049481
-0.0049235
-0.0049481
-0.0049481
-0.0049481
-0.0049481
-0.0049481
-0.0049481
-0.0049481
-0.0049481
-0.0049481
-0.0049235
-0.0049235
-0.0049235
-0.0049235
-0.0048989
-0.0048989
-0.0048743
-0.0048743
-0.0048497
-0.0048497
-0.004825
-0.0048004
-0.0048004
-0.0047758
-0.0047758
-0.0047512
-0.0047266
-0.0047266
-0.0047266
-0.0047019
-0.0046773
-0.0046773
-0.0046773
-0.0046773
-0.0046773
-0.0046773
-0.0046773
-0.0046773
-0.0046773
-0.0046773
-0.0046773
-0.0046773
-0.0046773
-0.0046773
-0.0046773
-0.0046773
-0.0046773
-0.0046773
-0.0046773
-0.0046773
-0.0046773
-0.0046773
-0.0046773
-0.0046773
-0.0046773
-0.0046773
-0.0046773
-0.0046773
-0.0046773
-0.0046773
-0.0046773
-0.0046773
-0.0046527
-0.0046527
-0.0046773
-0.0046773
-0.0046527
-0.0046527
-0.0046527
-0.0046527
-0.0046527
-0.0046527
-0.0046527
-0.0046527
-0.0046527
-0.0046527
-0.0046527
-0.0046527
-0.0046527
-0.0046281
-0.0046527
-0.0046527
-0.0046527
-0.0046527
-0.0046281
-0.0046281
-0.0046527
-0.0046527
-0.0046527
-0.0046281
-0.0046281
-0.0046527
-0.0046527
-0.0046281
-0.0046281
-0.0046281
-0.0046527
-0.0046527
-0.0046281
-0.0046281
-0.0046281
-0.0046527
-0.0046527
-0.0046281
-0.0046281
-0.0046281
-0.0046281
-0.0046281
-0.0046281
-0.0046281
-0.0046281
-0.0046281
-0.0046281
-0.0046281
-0.0046281
-0.0046035
-0.0046035
-0.0046281
-0.0046281
-0.0046281
-0.0046281
-0.0046281
-0.0046281
-0.0046527
-0.0046281
-0.0046281
-0.0046281
-0.0046281
-0.0046281
-0.0046281
-0.0046281
-0.0046281
-0.0046527
-0.0046527
-0.0046281
-0.0046281
-0.0046281
-0.0046281
-0.0046527
-0.0046281
-0.0046281
-0.0046281
-0.0046281
-0.0046527
-0.0046527
-0.0046527
-0.0046281
-0.0045789
-0.0044804
-0.0043819
-0.0042588
-0.0038896
-0.0038403
-0.0038157
-0.0038157
-0.0038403
-0.0038896
-0.0039388
-0.0040127
-0.0040865
-0.0041604
-0.0042096
-0.0042342
-0.0042834
-0.0043327
-0.0043573
-0.0043819
-0.0044065
-0.0044065
-0.0044558
-0.0044804
-0.0045296
-0.0045542
-0.0045789
-0.0046035
-0.0046527
-0.0046527
-0.0046527
-0.0046527
-0.0046773
-0.0046773
-0.0046773
-0.0046773
-0.0046773
-0.0047019
-0.0047019
-0.0047019
-0.0047019
-0.0047019
-0.0047019
-0.0047266
-0.0047266
-0.0047512
-0.0047512
-0.0047266
-0.0047266
-0.0047512
-0.0047512
-0.0047512
-0.0047512
-0.0047512
-0.0047758
-0.0047758
-0.0047758
-0.0047758
-0.0047758
-0.0047758
-0.0048004
-0.0047758
-0.0047758
-0.0047758
-0.0048004
-0.0048004
-0.0048004
-0.0047758
-0.0047758
-0.0047758
-0.0047758
-0.0047512
-0.0047266
-0.0047266
-0.0047019
-0.0047019
-0.0046773
-0.0046527
-0.0046527
-0.0046281
-0.0046281
-0.0046035
-0.0045789
-0.0045542
-0.0045296
-0.004505
-0.004505
-0.004505
-0.004505
-0.0044804
-0.0044804
-0.004505
-0.004505
-0.004505
-0.0044804
-0.0044804
-0.004505
-0.004505
-0.004505
-0.0044804
-0.0044804
-0.004505
-0.004505
-0.004505
-0.004505
-0.0044804
-0.004505
-0.004505
-0.004505
-0.004505
-0.0044804
-0.004505
-0.004505
-0.004505
-0.004505
-0.0044804
-0.004505
-0.004505
-0.004505
-0.0044804
-0.0044804
-0.0044804
-0.0044804
-0.0044804
-0.0044804
-0.0044804
-0.0044804
-0.0044804
-0.0044804
-0.0044804
-0.0044804
-0.0044558
-0.0044804
-0.0044804
-0.0044804
-0.0044804
-0.0044558
-0.0044804
-0.0044804
-0.0044804
-0.0044804
-0.0044558
-0.0044804
-0.0044804
-0.0044804
-0.0044558
-0.0044558
-0.0044558
-0.0044804
-0.0044804
-0.0044558
-0.0044558
-0.0044804
-0.0044804
-0.0044804
-0.0044558
-0.0044558
-0.0044804
-0.0044804
-0.0044804
-0.0044558
-0.0044558
-0.0044558
-0.0044804
-0.0044558
-0.0044558
-0.0044558
-0.0044558
-0.0044558
-0.0044558
-0.0044558
-0.0044804
-0.0044558
-0.0044558
-0.0044558
-0.0044804
-0.0044804
-0.0044558
-0.0044558
-0.0044804
-0.0044804
-0.0044804
-0.0044558
-0.0044558
-0.0044558
-0.0044804
-0.0044804
-0.0044804
-0.0044558
-0.0044804
-0.0044804
-0.0044804
-0.0044558
-0.0044558
-0.0044804
-0.0044804
-0.0044804
-0.0044804
-0.0044558
-0.0044804
-0.004505
-0.004505
-0.0044558
-0.0043573
-0.0039388
-0.0038403
-0.0037665
-0.0036926
-0.003668
-0.0036434
-0.0036434
-0.0036926
-0.0037419
-0.0038157
-0.003865
-0.0039388
-0.003988
-0.0040619
-0.0041111
-0.0041357
-0.004185
-0.0042096
-0.0042342
-0.0042588
-0.0042834
-0.0042834
-0.0043327
-0.0043819
-0.0044312
-0.0044312
-0.0044558
-0.0044804
-0.004505
-0.0045296
-0.0045296
-0.0045296
-0.0045296
-0.0045542
-0.0045542
-0.0045542
-0.0045542
-0.0045542
-0.0045789
-0.0045789
-0.0046035
-0.0046281
-0.0046035
-0.0046035
-0.0046281
-0.0046281
-0.0046527
-0.0046527
-0.0046527
-0.0046527
-0.0046527
-0.0046773
-0.0046773
-0.0046527
-0.0046773
-0.0046773
-0.0047019
-0.0046773
-0.0046773
-0.0047019
-0.0047019
-0.0047019
-0.0047019
-0.0046773
-0.0047019
-0.0047019
-0.0047019
-0.0046773
-0.0046773
-0.0046527
-0.0046773
-0.0046527
-0.0046527
-0.0046281
-0.0046035
-0.0046035
-0.0046035
-0.0045789
-0.0045542
-0.0045296
-0.0044804
-0.0044804
-0.0044804
-0.0044558
-0.0044558
-0.0044558
-0.0044558
-0.0044558
-0.0044558
-0.0044312
-0.0044312
-0.0044558
-0.0044558
-0.0044558
-0.0044312
-0.0044312
-0.0044558
-0.0044558
-0.0044558
-0.0044312
-0.0044558
-0.0044558
-0.0044558
-0.0044558
-0.0044558
-0.0044558
-0.0044558
-0.0044804
-0.0044558
-0.0044558
-0.0044558
-0.0044558
-0.0044804
-0.0044558
-0.0044558
-0.0044558
-0.0044558
-0.0044558
-0.0044558
-0.0044312
-0.0044558
-0.0044558
-0.0044558
-0.0044558
-0.0044804
-0.0044558
-0.0044558
-0.0044558
-0.0044804
-0.0044804
-0.0044804
-0.0044804
-0.0044804
-0.0044804
-0.0044804
-0.0044804
-0.0044558
-0.0044804
-0.0044804
-0.0044804
-0.0044804
-0.0044804
-0.0044804
-0.0044804
-0.004505
-0.0044804
-0.0044804
-0.0044804
-0.004505
-0.004505
-0.004505
-0.0044804
-0.0044804
-0.004505
-0.004505
-0.004505
-0.0044804
-0.0044804
-0.0044804
-0.004505
-0.0044804
-0.0044804
-0.0044804
-0.0044804
-0.0044804
-0.0044804
-0.0044804
-0.0044804
-0.0044558
-0.0044558
-0.0044804
-0.0044804
-0.0044804
-0.0044558
-0.0044558
-0.0044804
-0.0044804
-0.0044804
-0.0044804
-0.0044804
-0.0044804
-0.0044804
-0.0044804
-0.0044804
-0.0044804
-0.0044804
-0.004505
-0.004505
-0.0044804
-0.0044804
-0.0044804
-0.004505
-0.004505
-0.0044804
-0.0044804
-0.0044804
-0.004505
-0.0044804
-0.0044804
-0.0044804
-0.0043327
-0.0042096
-0.0041111
-0.003988
-0.0039142
-0.0038157
-0.0037172
-0.0036926
-0.0036926
-0.003668
-0.003668
-0.0037172
-0.0037911
-0.003865
-0.0039388
-0.003988
-0.0040373
-0.0041111
-0.0041604
-0.004185
-0.0042096
-0.0042342
-0.0042588
-0.0042834
-0.0043081
-0.0043327
-0.0043573
-0.0044065
-0.0044558
-0.0044804
-0.0044804
-0.0044804
-0.004505
-0.0045296
-0.0045296
-0.0045296
-0.0045296
-0.0045542
-0.0045542
-0.0045542
-0.0045789
-0.0045789
-0.0045789
-0.0045789
-0.0046035
-0.0046035
-0.0046035
-0.0046035
-0.0046035
-0.0046281
-0.0046281
-0.0046527
-0.0046281
-0.0046281
-0.0046527
-0.0046527
-0.0046773
-0.0046527
-0.0046527
-0.0046773
-0.0046773
-0.0047019
-0.0046773
-0.0046773
-0.0047019
-0.0047019
-0.0047019
-0.0047019
-0.0046773
-0.0047019
-0.0047019
-0.0047019
-0.0046773
-0.0046527
-0.0046527
-0.0046527
-0.0046527
-0.0046281
-0.0046035
-0.0046035
-0.0045296
-0.0045296
-0.0045296
-0.004505
-0.0044804
-0.0044558
-0.0044558
-0.0044558
-0.0044558
-0.0044312
-0.0044312
-0.0044312
-0.0044312
-0.0044312
-0.0044312
-0.0044312
-0.0044312
-0.0044558
-0.0044558
-0.0044312
-0.0044312
-0.0044312
-0.0044558
-0.0044558
-0.0044312
-0.0044312
-0.0044558
-0.0044558
-0.0044558
-0.0044558
-0.0044312
-0.0044558
-0.0044558
-0.0044558
-0.0044558
-0.0044312
-0.0044558
-0.0044558
-0.0044558
-0.0044312
-0.0044558
-0.0044312
-0.0044312
-0.0044312
-0.0044558
-0.0044558
-0.0044312
-0.0044312
-0.0044312
-0.0044558
-0.0044558
-0.0044312
-0.0044312
-0.0044312
-0.0044558
-0.0044558
-0.0044558
-0.0044558
-0.0044558
-0.0044558
-0.0044558
-0.0044558
-0.0044558
-0.0044558
-0.0044558
-0.0044558
-0.0044558
-0.0044558
-0.0044558
-0.0044558
-0.0044558
-0.0044558
-0.0044558
-0.0044558
-0.0044558
-0.0044558
-0.0044558
-0.0044558
-0.0044558
-0.0044804
-0.0044558
-0.0044558
-0.0044558
-0.0044558
-0.0044558
-0.0044558
-0.0044558
-0.0044558
-0.0044558
-0.0044558
-0.0044558
-0.0044558
-0.0044804
-0.0044558
-0.0044558
-0.0044558
-0.0044558
-0.0044804
-0.0044558
-0.0044558
-0.0044558
-0.0044804
-0.0044804
-0.0044804
-0.0044804
-0.0044804
-0.0044804
-0.0044804
-0.0044804
-0.0044804
-0.0044804
-0.0044804
-0.004505
-0.0044804
-0.0044804
-0.0044804
-0.004505
-0.004505
-0.004505
-0.0044804
-0.004505
-0.004505
-0.0044804
-0.0044312
-0.0043327
-0.0042342
-0.0041111
-0.003988
-0.0039142
-0.0038403
-0.0037419
-0.0036926
-0.003668
-0.0036926
-0.0036926
-0.0037419
-0.0037911
-0.003865
-0.0039388
-0.0040127
-0.0040619
-0.0041111
-0.0041604
-0.0042096
-0.0042342
-0.0042588
-0.0042834
-0.0042834
-0.0043327
-0.0043573
-0.0044065
-0.0044312
-0.0044804
-0.004505
-0.0045296
-0.0045296
-0.0045542
-0.0045542
-0.0045789
-0.0045789
-0.0046035
-0.0046035
-0.0046035
-0.0046035
-0.0046281
-0.0046527
-0.0046527
-0.0046281
-0.0046527
-0.0046527
-0.0046773
-0.0046773
-0.0046773
-0.0046773
-0.0047019
-0.0047019
-0.0047019
-0.0047019
-0.0047019
-0.0047266
-0.0047266
-0.0047266
-0.0047266
-0.0047266
-0.0047266
-0.0047512
-0.0047512
-0.0047512
-0.0047512
-0.0047512
-0.0047512
-0.0047512
-0.0047266
-0.0047266
-0.0047266
-0.0047266
-0.0047266
-0.0047019
-0.0047019
-0.0047019
-0.0046281
-0.0046281
-0.0046035
-0.0046035
-0.0045789
-0.0045542
-0.0045542
-0.0045542
-0.0045296
-0.004505
-0.004505
-0.004505
-0.004505
-0.004505
-0.0044804
-0.0044804
-0.0044804
-0.0044804
-0.0044804
-0.0044804
-0.0044804
-0.0044804
-0.004505
-0.004505
-0.0044804
-0.0044804
-0.004505
-0.004505
-0.004505
-0.0044804
-0.0044804
-0.004505
-0.004505
-0.004505
-0.0044804
-0.0044804
-0.0044804
-0.004505
-0.004505
-0.004505
-0.0044804
-0.0044804
-0.004505
-0.004505
-0.0044804
-0.0044804
-0.0044804
-0.0044804
-0.004505
-0.004505
-0.0044804
-0.0044804
-0.004505
-0.004505
-0.004505
-0.004505
-0.0044804
-0.004505
-0.004505
-0.004505
-0.004505
-0.004505
-0.004505
-0.0045296
-0.0045296
-0.004505
-0.004505
-0.004505
-0.0045296
-0.004505
-0.004505
-0.004505
-0.004505
-0.004505
-0.004505
-0.004505
-0.004505
-0.004505
-0.0045296
-0.004505
-0.0045296
-0.0045296
-0.004505
-0.004505
-0.004505
-0.0045296
-0.004505
-0.004505
-0.004505
-0.004505
-0.004505
-0.004505
-0.004505
-0.0044804
-0.004505
-0.004505
-0.004505
-0.004505
-0.004505
-0.004505
-0.0045296
-0.0045296
-0.004505
-0.004505
-0.004505
-0.0045296
-0.0045296
-0.004505
-0.004505
-0.004505
-0.004505
-0.004505
-0.004505
-0.0044804
-0.004505
-0.004505
-0.004505
-0.004505
-0.004505
-0.004505
-0.0044804
-0.004505
-0.004505
-0.0045296
-0.004505
-0.0044312
-0.0043573
-0.0042834
-0.0041604
-0.0040373
-0.0039142
-0.0038403
-0.0037665
-0.0037172
-0.003668
-0.0036434
-0.003668
-0.0037172
-0.0037665
-0.0038157
-0.0038896
-0.0039634
-0.0040373
-0.0040865
-0.0041111
-0.0041357
-0.004185
-0.0042342
-0.0042588
-0.0042588
-0.0042588
-0.0043081
-0.0043573
-0.0043819
-0.0044065
-0.0044312
-0.0044558
-0.004505
-0.004505
-0.004505
-0.0045542
-0.0045296
-0.0045296
-0.0045542
-0.0045789
-0.0045789
-0.0045789
-0.0045789
-0.0045789
-0.0046035
-0.0046035
-0.0046035
-0.0046035
-0.0046281
-0.0046281
-0.0046527
-0.0046527
-0.0046281
-0.0046527
-0.0046773
-0.0046773
-0.0046773
-0.0046527
-0.0046773
-0.0047019
-0.0047019
-0.0046773
-0.0046773
-0.0047019
-0.0047019
-0.0047019
-0.0047019
-0.0047019
-0.0047019
-0.0047019
-0.0047019
-0.0047019
-0.0046773
-0.0046773
-0.0047019
