2018
7
19
9
43
43.486
-0.027399
-0.027473
-0.027473
-0.027375
-0.02735
-0.027375
-0.027449
-0.027449
-0.027375
-0.027325
-0.027375
-0.027449
-0.027449
-0.027375
-0.027325
-0.027375
-0.027449
-0.027449
-0.027375
-0.027325
-0.027375
-0.027449
-0.027449
-0.027375
-0.027325
-0.027375
-0.027449
-0.027473
-0.027399
-0.02735
-0.027399
-0.027498
-0.027498
-0.027449
-0.027399
-0.027449
-0.027547
-0.027547
-0.027498
-0.027449
-0.027498
-0.027547
-0.027621
-0.027645
-0.027572
-0.027522
-0.027572
-0.027645
-0.02767
-0.027596
-0.027547
-0.027596
-0.02767
-0.02767
-0.027596
-0.027547
-0.027596
-0.02767
-0.02767
-0.027621
-0.027547
-0.027596
-0.02767
-0.02767
-0.027621
-0.027547
-0.027596
-0.02767
-0.027695
-0.027621
-0.027572
-0.027596
-0.02767
-0.027695
-0.027621
-0.027572
-0.027596
-0.02767
-0.027695
-0.027621
-0.027695
-0.027621
-0.027572
-0.027596
-0.02767
-0.027695
-0.027645
-0.027572
-0.027621
-0.027695
-0.027719
-0.027645
-0.027596
-0.027621
-0.027695
-0.027719
-0.027645
-0.027596
-0.027621
-0.027695
-0.027695
-0.027645
-0.027572
-0.027596
-0.02767
-0.027695
-0.027645
-0.027572
-0.027596
-0.02767
-0.027719
-0.027645
-0.027596
-0.027621
-0.027695
-0.027719
-0.02767
-0.027621
-0.027645
-0.027719
-0.027645
-0.027719
-0.027744
-0.02767
-0.027621
-0.027645
-0.027719
-0.027744
-0.027695
-0.027621
-0.027645
-0.027719
-0.027744
-0.02767
-0.027621
-0.027621
-0.027695
-0.027744
-0.02767
-0.027621
-0.027621
-0.027695
-0.027744
-0.02767
-0.027621
-0.027621
-0.02767
-0.027695
-0.027621
-0.027596
-0.027645
-0.027818
-0.027941
-0.027965
-0.027941
-0.028015
-0.028113
-0.028162
-0.028089
-0.028039
-0.028113
-0.028064
-0.028064
-0.028113
-0.028138
-0.028064
-0.027965
-0.027916
-0.027941
-0.027965
-0.027867
-0.027744
-0.027719
-0.027769
-0.027793
-0.027695
-0.027621
-0.027596
-0.02767
-0.027695
-0.027645
-0.027547
-0.027547
-0.027621
-0.02767
-0.027621
-0.027547
-0.027547
-0.027621
-0.027645
-0.027596
-0.027522
-0.027522
-0.027596
-0.027621
-0.027572
-0.027498
-0.027498
-0.027547
-0.027596
-0.027572
-0.027522
-0.027449
-0.027449
-0.027498
-0.027547
-0.027498
-0.027424
-0.027424
-0.027498
-0.027522
-0.027473
-0.027424
-0.027424
-0.027473
-0.027522
-0.027498
-0.027424
-0.027424
-0.027498
-0.027547
-0.027498
-0.027449
-0.027449
-0.027522
-0.027572
-0.027547
-0.027498
-0.027498
-0.027572
-0.027621
-0.027596
-0.027547
-0.027547
-0.027621
-0.02767
-0.027645
-0.027572
-0.027572
-0.027645
-0.027621
-0.02767
-0.027744
-0.027695
-0.027621
-0.027621
-0.02767
-0.027719
-0.027695
-0.027621
-0.027621
-0.02767
-0.027719
-0.027695
-0.027621
-0.027621
-0.02767
-0.027719
-0.027695
-0.027621
-0.027621
-0.02767
-0.027719
-0.027695
-0.027621
-0.027621
-0.02767
-0.027719
-0.027695
-0.027621
-0.027596
-0.02767
-0.027719
-0.027695
-0.027621
-0.027621
-0.02767
-0.027719
-0.027695
-0.027621
-0.027621
-0.027596
-0.02767
-0.027719
-0.027695
-0.027621
-0.027596
-0.02767
-0.027719
-0.027695
-0.027621
-0.027596
-0.027645
-0.027695
-0.02767
-0.027596
-0.027572
-0.027621
-0.02767
-0.02767
-0.027596
-0.027572
-0.027621
-0.02767
-0.027645
-0.027596
-0.027572
-0.027645
-0.027695
-0.02767
-0.027596
-0.027572
-0.027621
-0.027695
-0.02767
-0.027596
-0.027572
-0.027621
-0.02767
-0.02767
-0.02767
-0.027645
-0.027572
-0.027547
-0.027596
-0.02767
-0.027645
-0.027572
-0.027547
-0.027596
-0.02767
-0.027645
-0.027572
-0.027547
-0.027596
-0.027645
-0.027645
-0.027572
-0.027547
-0.027572
-0.027621
-0.027596
-0.027522
-0.027522
-0.027621
-0.027744
-0.027842
-0.027867
-0.027892
-0.02799
-0.028089
-0.028089
-0.028015
-0.027965
-0.028015
-0.028089
-0.028089
-0.028015
-0.02799
-0.028015
-0.027867
-0.027867
-0.027892
-0.027842
-0.027744
-0.02767
-0.027695
-0.027719
-0.02767
-0.027596
-0.027547
-0.027572
-0.027596
-0.027572
-0.027498
-0.027473
-0.027498
-0.027547
-0.027547
-0.027473
-0.027449
-0.027473
-0.027522
-0.027522
-0.027473
-0.027424
-0.027449
-0.027498
-0.027498
-0.027424
-0.027399
-0.027424
-0.027473
-0.027473
-0.027399
-0.02735
-0.027399
-0.027449
-0.027449
-0.027375
-0.027399
-0.02735
-0.027301
-0.027325
-0.027399
-0.027399
-0.027325
-0.027276
-0.027325
-0.027375
-0.027375
-0.027325
-0.027276
-0.027301
-0.027375
-0.027399
-0.027325
-0.027301
-0.027325
-0.027399
-0.027424
-0.027375
-0.027325
-0.027375
-0.027449
-0.027449
-0.027399
-0.027375
-0.027424
-0.027473
-0.027498
-0.027449
-0.027399
-0.027449
-0.027522
-0.027522
-0.027473
-0.027424
-0.027449
-0.027522
-0.027522
-0.027547
-0.027473
-0.027449
-0.027473
-0.027522
-0.027522
-0.027473
-0.027424
-0.027449
-0.027522
-0.027522
-0.027473
-0.027424
-0.027449
-0.027498
-0.027498
-0.027449
-0.027399
-0.027424
-0.027498
-0.027498
-0.027449
-0.027399
-0.027424
-0.027473
-0.027498
-0.027424
-0.027375
-0.027399
-0.027473
-0.027473
-0.027424
-0.027375
-0.027399
-0.027473
-0.027473
-0.027424
-0.027375
-0.027399
-0.027375
-0.027375
-0.027449
-0.027473
-0.027399
-0.02735
-0.027375
-0.027449
-0.027449
-0.027399
-0.027325
-0.02735
-0.027424
-0.027424
-0.027375
-0.027325
-0.02735
-0.027399
-0.027424
-0.027375
-0.027325
-0.02735
-0.027399
-0.027424
-0.027399
-0.02735
-0.02735
-0.027424
-0.027449
-0.027399
-0.027325
-0.02735
-0.027424
-0.027449
-0.027399
-0.02735
-0.02735
-0.027424
-0.027449
-0.027399
-0.027424
-0.027399
-0.02735
-0.02735
-0.027399
-0.027424
-0.027399
-0.02735
-0.02735
-0.027399
-0.027424
-0.027399
-0.02735
-0.02735
-0.027399
-0.027424
-0.027375
-0.027325
-0.027325
-0.02735
-0.027399
-0.027424
-0.027449
-0.027547
-0.02767
-0.027744
-0.027769
-0.027769
-0.027769
-0.027818
-0.027842
-0.027818
-0.027793
-0.027793
-0.027842
-0.027867
-0.027818
-0.027769
-0.027744
-0.027769
-0.027596
-0.027596
-0.027572
-0.027522
-0.027449
-0.027424
-0.027424
-0.027424
-0.027399
-0.027325
-0.027325
-0.02735
-0.02735
-0.027325
-0.027301
-0.027301
-0.027325
-0.02735
-0.027325
-0.027276
-0.027276
-0.027301
-0.027325
-0.027301
-0.027252
-0.027252
-0.027276
-0.027301
-0.027276
-0.027227
-0.027227
-0.027252
-0.027276
-0.027252
-0.027202
-0.027202
-0.027227
-0.027252
-0.027227
-0.027202
-0.027227
-0.027178
-0.027178
-0.027202
-0.027227
-0.027202
-0.027178
-0.027153
-0.027202
-0.027227
-0.027227
-0.027178
-0.027178
-0.027227
-0.027252
-0.027252
-0.027202
-0.027202
-0.027252
-0.027276
-0.027276
-0.027252
-0.027252
-0.027301
-0.027325
-0.027325
-0.027301
-0.027301
-0.027325
-0.027375
-0.02735
-0.027325
-0.027325
-0.027375
-0.027399
-0.027375
-0.02735
-0.02735
-0.027375
-0.027424
-0.027399
-0.027424
-0.027424
-0.027375
-0.027375
-0.027399
-0.027424
-0.027424
-0.027375
-0.027375
-0.027399
-0.027424
-0.027424
-0.027375
-0.027375
-0.027399
-0.027424
-0.027424
-0.027375
-0.027375
-0.027399
-0.027424
-0.027424
-0.027375
-0.027375
-0.027399
-0.027424
-0.027424
-0.027375
-0.027375
-0.027399
-0.027424
-0.027424
-0.027375
-0.027375
-0.027399
-0.027424
-0.027424
-0.027375
-0.027375
-0.027375
-0.027375
-0.027399
-0.027424
-0.027399
-0.027375
-0.02735
-0.027399
-0.027424
-0.027399
-0.027375
-0.02735
-0.027375
-0.027424
-0.027399
-0.027375
-0.027375
-0.027399
-0.027424
-0.027424
-0.027399
-0.027375
-0.027424
-0.027449
-0.027424
-0.027399
-0.027375
-0.027399
-0.027449
-0.027424
-0.027399
-0.027375
-0.027399
-0.027449
-0.027424
-0.027399
-0.027399
-0.027424
-0.027449
-0.027449
-0.027449
-0.027399
-0.027375
-0.027399
-0.027449
-0.027449
-0.027399
-0.027399
-0.027424
-0.027449
-0.027449
-0.027399
-0.02735
-0.027375
-0.027424
-0.027473
-0.027522
-0.027596
-0.027695
-0.027769
-0.027818
-0.027818
-0.027818
-0.027818
-0.027867
-0.027867
-0.027842
-0.027842
-0.027842
-0.027867
-0.027867
-0.027818
-0.027769
-0.027769
-0.027769
-0.027719
-0.027645
-0.027596
-0.027572
-0.027572
-0.027449
-0.027449
-0.027449
-0.027399
-0.027375
-0.027375
-0.027424
-0.027424
-0.027375
-0.02735
-0.027375
-0.027424
-0.027424
-0.027375
-0.02735
-0.027375
-0.027399
-0.027399
-0.02735
-0.027325
-0.02735
-0.027375
-0.027375
-0.027325
-0.027301
-0.027301
-0.027325
-0.02735
-0.027301
-0.027276
-0.027301
-0.027325
-0.027325
-0.027301
-0.027276
-0.027301
-0.027325
-0.027325
-0.027301
-0.027276
-0.027301
-0.027276
-0.027276
-0.027325
-0.027325
-0.027301
-0.027276
-0.027301
-0.02735
-0.02735
-0.027325
-0.027325
-0.02735
-0.027375
-0.027399
-0.027375
-0.027375
-0.027399
-0.027449
-0.027473
-0.027449
-0.027424
-0.027449
-0.027498
-0.027522
-0.027498
-0.027473
-0.027498
-0.027547
-0.027547
-0.027522
-0.027498
-0.027522
-0.027572
-0.027572
-0.027547
-0.027522
-0.027547
-0.027572
-0.027596
-0.027572
-0.027596
-0.027572
-0.027547
-0.027547
-0.027596
-0.027596
-0.027572
-0.027547
-0.027547
-0.027596
-0.027596
-0.027572
-0.027547
-0.027547
-0.027596
-0.027596
-0.027572
-0.027547
-0.027547
-0.027596
-0.027596
-0.027572
-0.027547
-0.027547
-0.027596
-0.027596
-0.027572
-0.027547
-0.027547
-0.027596
-0.027596
-0.027572
-0.027547
-0.027547
-0.027572
-0.027596
-0.027572
-0.027522
-0.027547
-0.027522
-0.027522
-0.027547
-0.027572
-0.027547
-0.027498
-0.027522
-0.027547
-0.027572
-0.027522
-0.027522
-0.027522
-0.027572
-0.027572
-0.027547
-0.027522
-0.027522
-0.027547
-0.027572
-0.027522
-0.027498
-0.027498
-0.027547
-0.027547
-0.027522
-0.027498
-0.027498
-0.027522
-0.027547
-0.027522
-0.027473
-0.027498
-0.027522
-0.027522
-0.027498
-0.027473
-0.027473
-0.027498
-0.027522
-0.027498
-0.027522
-0.027473
-0.027449
-0.027449
-0.027473
-0.027473
-0.027424
-0.027399
-0.027449
-0.027572
-0.02767
-0.027744
-0.027769
-0.027818
-0.027892
-0.027916
-0.027892
-0.027867
-0.027867
-0.027916
-0.027941
-0.027916
-0.027867
-0.027867
-0.027892
-0.027867
-0.027842
-0.027769
-0.027744
-0.027719
-0.027695
-0.027645
-0.027572
-0.027547
-0.027547
-0.027522
-0.027473
-0.027424
-0.027399
-0.027399
-0.027325
-0.02735
-0.02735
-0.027325
-0.027301
-0.027301
-0.027325
-0.027325
-0.027301
-0.027276
-0.027252
-0.027276
-0.027301
-0.027276
-0.027227
-0.027227
-0.027252
-0.027252
-0.027227
-0.027202
-0.027178
-0.027202
-0.027227
-0.027202
-0.027153
-0.027153
-0.027178
-0.027202
-0.027178
-0.027129
-0.027129
-0.027153
-0.027178
-0.027153
-0.027129
-0.027104
-0.027153
-0.027153
-0.027153
-0.027104
-0.027129
-0.027129
-0.027178
-0.027202
-0.027178
-0.027153
-0.027178
-0.027202
-0.027252
-0.027227
-0.027202
-0.027202
-0.027252
-0.027276
-0.027276
-0.027252
-0.027252
-0.027276
-0.027301
-0.027301
-0.027276
-0.027276
-0.027301
-0.027325
-0.027301
-0.027276
-0.027276
-0.027301
-0.027325
-0.027301
-0.027276
-0.027276
-0.027301
-0.027301
-0.027301
-0.027276
-0.027252
-0.027276
-0.027301
-0.027276
-0.027301
-0.027276
-0.027252
-0.027227
-0.027252
-0.027276
-0.027276
-0.027227
-0.027227
-0.027252
-0.027276
-0.027252
-0.027227
-0.027202
-0.027227
-0.027252
-0.027252
-0.027202
-0.027202
-0.027227
-0.027252
-0.027227
-0.027202
-0.027202
-0.027227
-0.027252
-0.027227
-0.027202
-0.027178
-0.027202
-0.027227
-0.027227
-0.027178
-0.027178
-0.027202
-0.027202
-0.027202
-0.027178
-0.027153
-0.027178
-0.027153
-0.027178
-0.027202
-0.027202
-0.027153
-0.027153
-0.027178
-0.027202
-0.027202
-0.027178
-0.027153
-0.027178
-0.027202
-0.027178
-0.027153
-0.027153
-0.027178
-0.027202
-0.027178
-0.027153
-0.027129
-0.027153
-0.027178
-0.027178
-0.027129
-0.027129
-0.027153
-0.027178
-0.027153
-0.027129
-0.027104
-0.027129
-0.027153
-0.027153
-0.027104
-0.027104
-0.027129
-0.027153
-0.027129
-0.027104
-0.02703
-0.02703
-0.027104
-0.027202
-0.027301
-0.02735
-0.027399
-0.027473
-0.027522
-0.027547
-0.027498
-0.027498
-0.027498
-0.027547
-0.027547
-0.027498
-0.027473
-0.027498
-0.027498
-0.027473
-0.027424
-0.027375
-0.02735
-0.027325
-0.027301
-0.027202
-0.027153
-0.027153
-0.027153
-0.027104
-0.027055
-0.027005
-0.027005
-0.027005
-0.026981
-0.026932
-0.026932
-0.026932
-0.026956
-0.026932
-0.026932
-0.026907
-0.026858
-0.026858
-0.026858
-0.026882
-0.026882
-0.026833
-0.026808
-0.026833
-0.026858
-0.026833
-0.026808
-0.026784
-0.026784
-0.026808
-0.026808
-0.026759
-0.026735
-0.026759
-0.026784
-0.026759
-0.026735
-0.02671
-0.02671
-0.026735
-0.026735
-0.026685
-0.026685
-0.026685
-0.02671
-0.02671
-0.026685
-0.026661
-0.026685
-0.02671
-0.02671
-0.026685
-0.026661
-0.026685
-0.02671
-0.026759
-0.026759
-0.026735
-0.026735
-0.026759
-0.026784
-0.026784
-0.026759
-0.026759
-0.026759
-0.026808
-0.026808
-0.026759
-0.026759
-0.026759
-0.026808
-0.026808
-0.026759
-0.026735
-0.026759
-0.026784
-0.026784
-0.026759
-0.026735
-0.026735
-0.026759
-0.026759
-0.026735
-0.02671
-0.026735
-0.026759
-0.026735
-0.02671
-0.026685
-0.02671
-0.026735
-0.026735
-0.026685
-0.026661
-0.026661
-0.026661
-0.026661
-0.026685
-0.026685
-0.026636
-0.026612
-0.026636
-0.026661
-0.026661
-0.026636
-0.026612
-0.026612
-0.026636
-0.026636
-0.026612
-0.026587
-0.026612
-0.026636
-0.026636
-0.026587
-0.026562
-0.026587
-0.026612
-0.026612
-0.026587
-0.026562
-0.026562
-0.026587
-0.026587
-0.026562
-0.026538
-0.026562
-0.026562
-0.026562
-0.026538
-0.026513
-0.026513
-0.026538
-0.026538
-0.026513
-0.026538
-0.026513
-0.026488
-0.026488
-0.026513
-0.026538
-0.026513
-0.026488
-0.026488
-0.026513
-0.026513
-0.026488
-0.026464
-0.026488
-0.026513
-0.026513
-0.026488
-0.026464
-0.026464
-0.026488
-0.026488
-0.026464
-0.026439
-0.026439
-0.026464
-0.026464
-0.026439
-0.026415
-0.026439
-0.026464
-0.026464
-0.026439
-0.026415
-0.026415
-0.026439
-0.026439
-0.026415
-0.02639
-0.02639
-0.026341
-0.026341
-0.026365
-0.026439
-0.026488
-0.026538
-0.026636
-0.02671
-0.026759
-0.026784
-0.026759
-0.026759
-0.026808
-0.026808
-0.026784
-0.026784
-0.026784
-0.026808
-0.026784
-0.026759
-0.02671
-0.02671
-0.02671
-0.026661
-0.026612
-0.026538
-0.026513
-0.026488
-0.026488
-0.026415
-0.026365
-0.026365
-0.026365
-0.026365
-0.026316
-0.026267
-0.026267
-0.026292
-0.026292
-0.026267
-0.026267
-0.026242
-0.026218
-0.026218
-0.026242
-0.026242
-0.026218
-0.026193
-0.026193
-0.026218
-0.026218
-0.026193
-0.026168
-0.026168
-0.026193
-0.026193
-0.026168
-0.026119
-0.026119
-0.026144
-0.026168
-0.026144
-0.026119
-0.026119
-0.026119
-0.026144
-0.026119
-0.026095
-0.026095
-0.026119
-0.026119
-0.026095
-0.02607
-0.026095
-0.026119
-0.026119
-0.026095
-0.026095
-0.026095
-0.026119
-0.026119
-0.026144
-0.026168
-0.026144
-0.026144
-0.026144
-0.026193
-0.026193
-0.026193
-0.026168
-0.026168
-0.026218
-0.026242
-0.026218
-0.026193
-0.026218
-0.026242
-0.026267
-0.026242
-0.026218
-0.026218
-0.026267
-0.026267
-0.026242
-0.026218
-0.026218
-0.026267
-0.026267
-0.026242
-0.026218
-0.026218
-0.026242
-0.026267
-0.026242
-0.026218
-0.026218
-0.026242
-0.026267
-0.026242
-0.026218
-0.026242
-0.026218
-0.026218
-0.026242
-0.026242
-0.026242
-0.026193
-0.026193
-0.026218
-0.026242
-0.026218
-0.026193
-0.026193
-0.026218
-0.026242
-0.026218
-0.026193
-0.026193
-0.026218
-0.026218
-0.026218
-0.026193
-0.026193
-0.026218
-0.026242
-0.026218
-0.026193
-0.026193
-0.026218
-0.026218
-0.026218
-0.026193
-0.026193
-0.026193
-0.026218
-0.026193
-0.026168
-0.026168
-0.026193
-0.026193
-0.026193
-0.026168
-0.026168
-0.026168
-0.026193
-0.026218
-0.026218
-0.026193
-0.026193
-0.026218
-0.026242
-0.026218
-0.026193
-0.026193
-0.026218
-0.026218
-0.026218
-0.026193
-0.026193
-0.026193
-0.026218
-0.026193
-0.026168
-0.026168
-0.026193
-0.026218
-0.026218
-0.026193
-0.026168
-0.026193
-0.026218
-0.026193
-0.026168
-0.026168
-0.026193
-0.026218
-0.026193
-0.026168
-0.026168
-0.026193
-0.026144
-0.026144
-0.026168
-0.026218
-0.026242
-0.026341
-0.026439
-0.026513
-0.026538
-0.026538
-0.026562
-0.026562
-0.026612
-0.026587
-0.026587
-0.026587
-0.026612
-0.026636
-0.026612
-0.026587
-0.026562
-0.026562
-0.026562
-0.026488
-0.026415
-0.02639
-0.026365
-0.026341
-0.026292
-0.026242
-0.026218
-0.026218
-0.026218
-0.026193
-0.026168
-0.026144
-0.026144
-0.026168
-0.026168
-0.026144
-0.026119
-0.026119
-0.026144
-0.026144
-0.026144
-0.026119
-0.026095
-0.026119
-0.026144
-0.026119
-0.026095
-0.02607
-0.026095
-0.026095
-0.026095
-0.02607
-0.026045
-0.02607
-0.02607
-0.02607
-0.026045
-0.026021
-0.026045
-0.02607
-0.026045
-0.026021
-0.026021
-0.026021
-0.026045
-0.026045
-0.026021
-0.025996
-0.026021
-0.026045
-0.026045
-0.026021
-0.026021
-0.026045
-0.02607
-0.02607
-0.026119
-0.026119
-0.026095
-0.026095
-0.026119
-0.026168
-0.026168
-0.026144
-0.026144
-0.026168
-0.026193
-0.026193
-0.026168
-0.026168
-0.026193
-0.026218
-0.026218
-0.026193
-0.026193
-0.026193
-0.026218
-0.026218
-0.026193
-0.026193
-0.026218
-0.026218
-0.026218
-0.026193
-0.026193
-0.026193
-0.026218
-0.026218
-0.026193
-0.026193
-0.026193
-0.026218
-0.026218
-0.026193
-0.026168
-0.026193
-0.026168
-0.026193
-0.026218
-0.026218
-0.026193
-0.026168
-0.026193
-0.026218
-0.026218
-0.026193
-0.026168
-0.026193
-0.026218
-0.026218
-0.026193
-0.026168
-0.026193
-0.026218
-0.026218
-0.026168
-0.026168
-0.026193
-0.026218
-0.026218
-0.026168
-0.026168
-0.026168
-0.026193
-0.026193
-0.026168
-0.026144
-0.026168
-0.026193
-0.026193
-0.026144
-0.026144
-0.026144
-0.026193
-0.026168
-0.026144
-0.026144
-0.026144
-0.026168
-0.026193
-0.026193
-0.026168
-0.026144
-0.026168
-0.026193
-0.026193
-0.026168
-0.026144
-0.026168
-0.026193
-0.026193
-0.026144
-0.026144
-0.026144
-0.026193
-0.026168
-0.026144
-0.026144
-0.026144
-0.026168
-0.026168
-0.026144
-0.026119
-0.026144
-0.026168
-0.026168
-0.026144
-0.026119
-0.026144
-0.026168
-0.026168
-0.026144
-0.026119
-0.026119
-0.026119
-0.026119
-0.026415
-0.026464
-0.026488
-0.026538
-0.026587
-0.026587
-0.026562
-0.026538
-0.026562
-0.026612
-0.026612
-0.026587
-0.026538
-0.026538
-0.026538
-0.026538
-0.026488
-0.026415
-0.02639
-0.02639
-0.026341
-0.026292
-0.026242
-0.026218
-0.026218
-0.026193
-0.026144
-0.026095
-0.026095
-0.026119
-0.026095
-0.02607
-0.026045
-0.02607
-0.02607
-0.02607
-0.026045
-0.026021
-0.026045
-0.026045
-0.026021
-0.026045
-0.026021
-0.025996
-0.025971
-0.025971
-0.025996
-0.025996
-0.025971
-0.025947
-0.025947
-0.025971
-0.025971
-0.025947
-0.025922
-0.025922
-0.025947
-0.025947
-0.025922
-0.025898
-0.025898
-0.025922
-0.025922
-0.025898
-0.025873
-0.025898
-0.025922
-0.025922
-0.025898
-0.025898
-0.025898
-0.025922
-0.025947
-0.025922
-0.025922
-0.025922
-0.025971
-0.025971
-0.025947
-0.025947
-0.025996
-0.025996
-0.026021
-0.026045
-0.026045
-0.026045
-0.026045
-0.026045
-0.02607
-0.026095
-0.02607
-0.026045
-0.02607
-0.026095
-0.026095
-0.02607
-0.02607
-0.02607
-0.026095
-0.026095
-0.02607
-0.02607
-0.02607
-0.026095
-0.026095
-0.02607
-0.02607
-0.02607
-0.026095
-0.026095
-0.02607
-0.026045
-0.02607
-0.026095
-0.026095
-0.02607
-0.026045
-0.02607
-0.02607
-0.026095
-0.026095
-0.02607
-0.026045
-0.026045
-0.02607
-0.02607
-0.026045
-0.026045
-0.026045
-0.02607
-0.026095
-0.02607
-0.026045
-0.026045
-0.02607
-0.026095
-0.02607
-0.026045
-0.026045
-0.02607
-0.02607
-0.026045
-0.026021
-0.026021
-0.026045
-0.02607
-0.026045
-0.026021
-0.026021
-0.026045
-0.026045
-0.026045
-0.026021
-0.026021
-0.026045
-0.02607
-0.026045
-0.026021
-0.026045
-0.02607
-0.026045
-0.02607
-0.02607
-0.026045
-0.026021
-0.026045
-0.02607
-0.02607
-0.026045
-0.026021
-0.026021
-0.02607
-0.02607
-0.026045
-0.026021
-0.026021
-0.02607
-0.02607
-0.026045
-0.026021
-0.026021
-0.026045
-0.026045
-0.026045
-0.026021
-0.026021
-0.026045
-0.026045
-0.026045
-0.025996
-0.025996
-0.025996
-0.025996
-0.025996
-0.026021
-0.026095
-0.026218
-0.026316
-0.026341
-0.026365
-0.026439
-0.026439
-0.026439
-0.026464
-0.026488
-0.026464
-0.026415
-0.026415
-0.026415
-0.026415
-0.026365
-0.026316
-0.026267
-0.026267
-0.026218
-0.026168
-0.026119
-0.026095
-0.026095
-0.026095
-0.026045
-0.025996
-0.025971
-0.025996
-0.025996
-0.025947
-0.025922
-0.025922
-0.025947
-0.025947
-0.025922
-0.025898
-0.025898
-0.025922
-0.025922
-0.025898
-0.025873
-0.025873
-0.025898
-0.025898
-0.025848
-0.025873
-0.025848
-0.025799
-0.025799
-0.025824
-0.025824
-0.025824
-0.025799
-0.025775
-0.025799
-0.025799
-0.025775
-0.02575
-0.02575
-0.025775
-0.025799
-0.025775
-0.02575
-0.02575
-0.025775
-0.025775
-0.025775
-0.02575
-0.02575
-0.025775
-0.025799
-0.025775
-0.025775
-0.025775
-0.025799
-0.025824
-0.025824
-0.025799
-0.025799
-0.025848
-0.025873
-0.025848
-0.025848
-0.025848
-0.025873
-0.025898
-0.025922
-0.025922
-0.025898
-0.025898
-0.025922
-0.025947
-0.025922
-0.025898
-0.025898
-0.025922
-0.025947
-0.025922
-0.025898
-0.025898
-0.025922
-0.025947
-0.025922
-0.025898
-0.025898
-0.025922
-0.025922
-0.025922
-0.025898
-0.025898
-0.025922
-0.025922
-0.025922
-0.025898
-0.025873
-0.025898
-0.025922
-0.025898
-0.025873
-0.025873
-0.025898
-0.025922
-0.025898
-0.025873
-0.025873
-0.025873
-0.025898
-0.025922
-0.025898
-0.025873
-0.025873
-0.025898
-0.025922
-0.025898
-0.025873
-0.025873
-0.025898
-0.025922
-0.025898
-0.025873
-0.025873
-0.025898
-0.025922
-0.025898
-0.025873
-0.025873
-0.025898
-0.025898
-0.025898
-0.025873
-0.025848
-0.025873
-0.025873
-0.025873
-0.025848
-0.025848
-0.025848
-0.025873
-0.025873
-0.025824
-0.025824
-0.025848
-0.025873
-0.025873
-0.025898
-0.025873
-0.025848
-0.025848
-0.025873
-0.025898
-0.025873
-0.025873
-0.025848
-0.025873
-0.025898
-0.025873
-0.025848
-0.025848
-0.025873
-0.025898
-0.025873
-0.025848
-0.025848
-0.025873
-0.025873
-0.025873
-0.025848
-0.025848
-0.025873
-0.025873
-0.025873
-0.025848
-0.025824
-0.025848
-0.025873
-0.025848
-0.025824
-0.025824
-0.025848
-0.025848
-0.025799
-0.025799
-0.025824
-0.025898
-0.026144
-0.026193
-0.026242
-0.026242
-0.026218
-0.026218
-0.026267
-0.026292
-0.026267
-0.026242
-0.026242
-0.026242
-0.026242
-0.026242
-0.026193
-0.026144
-0.026119
-0.026095
-0.026045
-0.025996
-0.025947
-0.025947
-0.025947
-0.025922
-0.025873
-0.025848
-0.025848
-0.025848
-0.025824
-0.025799
-0.025799
-0.025824
-0.025824
-0.025824
-0.025799
-0.025799
-0.025799
-0.025824
-0.025824
-0.025775
-0.02575
-0.02575
-0.02575
-0.025775
-0.02575
-0.025725
-0.025701
-0.025725
-0.02575
-0.02575
-0.025725
-0.025701
-0.025725
-0.02575
-0.02575
-0.025701
-0.025701
-0.025725
-0.02575
-0.025725
-0.025701
-0.025701
-0.025725
-0.025725
-0.025725
-0.025701
-0.025701
-0.025725
-0.02575
-0.02575
-0.025725
-0.025725
-0.02575
-0.025775
-0.025775
-0.025775
-0.025775
-0.025799
-0.025824
-0.025824
-0.025873
-0.025873
-0.025873
-0.025873
-0.025898
-0.025922
-0.025922
-0.025898
-0.025898
-0.025922
-0.025947
-0.025947
-0.025922
-0.025922
-0.025947
-0.025971
-0.025947
-0.025922
-0.025922
-0.025947
-0.025971
-0.025947
-0.025947
-0.025922
-0.025947
-0.025971
-0.025971
-0.025947
-0.025922
-0.025947
-0.025971
-0.025947
-0.025922
-0.025922
-0.025947
-0.025971
-0.025947
-0.025922
-0.025922
-0.025947
-0.025947
-0.025971
-0.025947
-0.025947
-0.025922
-0.025947
-0.025971
-0.025971
-0.025947
-0.025922
-0.025947
-0.025971
-0.025971
-0.025947
-0.025922
-0.025947
-0.025971
-0.025971
-0.025947
-0.025947
-0.025947
-0.025971
-0.025971
-0.025947
-0.025947
-0.025971
-0.025996
-0.025996
-0.025947
-0.025947
-0.025947
-0.025971
-0.025971
-0.025947
-0.025947
-0.025947
-0.025971
-0.025971
-0.025947
-0.025947
-0.025947
-0.025947
-0.025971
-0.025996
-0.025996
-0.025971
-0.025971
-0.025996
-0.026021
-0.026021
-0.025996
-0.025971
-0.025996
-0.026021
-0.026021
-0.025996
-0.025971
-0.025996
-0.026021
-0.026021
-0.025996
-0.025971
-0.025996
-0.026021
-0.026021
-0.025996
-0.025996
-0.025996
-0.026021
-0.026021
-0.025996
-0.025996
-0.025996
-0.026021
-0.026021
-0.025996
-0.025996
-0.025996
-0.026021
-0.025996
-0.02607
-0.026144
-0.026193
-0.026267
-0.026316
-0.026365
-0.026415
-0.02639
-0.02639
-0.02639
-0.026439
-0.026439
-0.026439
-0.026415
-0.026439
-0.026439
-0.026415
-0.02639
-0.026341
-0.026341
-0.026316
-0.026292
-0.026218
-0.026168
-0.026144
-0.026144
-0.026119
-0.02607
-0.026021
-0.026021
-0.026021
-0.026021
-0.025971
-0.025947
-0.025947
-0.025971
-0.025971
-0.025947
-0.025922
-0.025947
-0.025922
-0.025922
-0.025947
-0.025947
-0.025922
-0.025898
-0.025898
-0.025922
-0.025922
-0.025873
-0.025848
-0.025873
-0.025898
-0.025873
-0.025873
-0.025848
-0.025848
-0.025873
-0.025873
-0.025848
-0.025824
-0.025824
-0.025848
-0.025848
-0.025824
-0.025799
-0.025824
-0.025824
-0.025848
-0.025824
-0.025799
-0.025799
-0.025848
-0.025848
-0.025824
-0.025824
-0.025824
-0.025873
-0.025873
-0.025848
-0.025898
-0.025898
-0.025898
-0.025922
-0.025947
-0.025947
-0.025947
-0.025922
-0.025947
-0.025971
-0.025996
-0.025971
-0.025971
-0.025971
-0.025996
-0.025996
-0.025996
-0.025971
-0.025996
-0.026021
-0.026021
-0.025996
-0.025971
-0.025971
-0.025996
-0.025996
-0.025971
-0.025971
-0.025971
-0.025996
-0.025996
-0.025996
-0.025971
-0.025971
-0.025996
-0.025996
-0.025971
-0.025971
-0.025971
-0.025996
-0.025971
-0.025971
-0.025996
-0.025971
-0.025947
-0.025947
-0.025971
-0.025971
-0.025971
-0.025947
-0.025947
-0.025971
-0.025971
-0.025947
-0.025947
-0.025947
-0.025971
-0.025971
-0.025947
-0.025947
-0.025947
-0.025971
-0.025971
-0.025947
-0.025922
-0.025947
-0.025971
-0.025971
-0.025947
-0.025922
-0.025947
-0.025971
-0.025971
-0.025947
-0.025922
-0.025922
-0.025947
-0.025947
-0.025922
-0.025922
-0.025922
-0.025898
-0.025922
-0.025947
-0.025947
-0.025947
-0.025922
-0.025922
-0.025947
-0.025971
-0.025947
-0.025922
-0.025922
-0.025947
-0.025947
-0.025922
-0.025922
-0.025922
-0.025947
-0.025947
-0.025922
-0.025922
-0.025922
-0.025947
-0.025947
-0.025922
-0.025898
-0.025922
-0.025922
-0.025947
-0.025922
-0.025898
-0.025898
-0.025922
-0.025922
-0.025898
-0.025898
-0.025898
-0.025922
-0.025922
