2018
7
19
9
39
46.344
0.00049235
0.00049235
0.00046773
0.00046773
0.00046773
0.00049235
0.00049235
0.00046773
0.00044312
0.00044312
0.00046773
0.00046773
0.00046773
0.00044312
0.00044312
0.00046773
0.00046773
0.00046773
0.00044312
0.00044312
0.00046773
0.00049235
0.00046773
0.00044312
0.00044312
0.00046773
0.00049235
0.00046773
0.00044312
0.00044312
0.00046773
0.00049235
0.00046773
0.00044312
0.00044312
0.00046773
0.00049235
0.00046773
0.00044312
0.00044312
0.00044312
0.00044312
0.00046773
0.00049235
0.00046773
0.00044312
0.00044312
0.00046773
0.00049235
0.00046773
0.00044312
0.00044312
0.00046773
0.00049235
0.00046773
0.00044312
0.00044312
0.00046773
0.00049235
0.00049235
0.00046773
0.00046773
0.00051697
0.00054159
0.00049235
0.0004185
0.00034465
0.00029541
0.00024618
0.00017232
0.00012309
9.847e-05
9.847e-05
0.00012309
0.00012309
9.847e-05
7.3853e-05
0.00012309
0.00012309
0.00012309
0.00022156
0.00022156
0.00024618
0.00027079
0.00032003
0.00039388
0.0004185
0.0004185
0.0004185
0.00046773
0.00049235
0.00049235
0.00049235
0.00049235
0.00054159
0.0005662
0.00054159
0.00054159
0.00054159
0.0005662
0.0005662
0.0005662
0.00054159
0.00054159
0.0005662
0.00059082
0.00059082
0.0005662
0.0005662
0.00061544
0.00061544
0.00061544
0.00059082
0.00059082
0.00061544
0.00064006
0.00061544
0.00061544
0.00059082
0.00061544
0.00061544
0.00064006
0.00066467
0.00066467
0.00064006
0.00061544
0.00064006
0.00066467
0.00066467
0.00064006
0.00064006
0.00066467
0.00068929
0.00066467
0.00064006
0.00064006
0.00064006
0.00066467
0.00066467
0.00064006
0.00061544
0.00064006
0.00064006
0.00064006
0.00061544
0.00059082
0.00061544
0.00064006
0.00061544
0.00059082
0.0005662
0.00059082
0.00061544
0.00059082
0.0005662
0.0005662
0.0005662
0.00059082
0.00059082
0.0005662
0.0005662
0.00054159
0.00054159
0.00054159
0.0005662
0.0005662
0.00054159
0.00054159
0.00054159
0.0005662
0.0005662
0.00054159
0.00054159
0.00054159
0.0005662
0.0005662
0.00054159
0.00054159
0.0005662
0.00059082
0.0005662
0.00054159
0.00054159
0.0005662
0.00059082
0.00059082
0.0005662
0.00054159
0.0005662
0.00059082
0.00059082
0.0005662
0.00054159
0.0005662
0.0005662
0.0005662
0.00054159
0.00054159
0.00054159
0.0005662
0.00054159
0.0005662
0.0005662
0.00054159
0.00051697
0.00054159
0.0005662
0.0005662
0.00054159
0.00051697
0.00054159
0.0005662
0.0005662
0.00054159
0.00051697
0.00054159
0.0005662
0.0005662
0.00054159
0.00051697
0.00054159
0.0005662
0.0005662
0.00054159
0.00051697
0.00054159
0.0005662
0.0005662
0.00054159
0.00051697
0.00054159
0.0005662
0.0005662
0.00054159
0.00054159
0.00054159
0.0005662
0.0005662
0.00054159
0.00054159
0.0005662
0.00054159
0.0005662
0.0005662
0.00059082
0.0005662
0.00054159
0.00054159
0.0005662
0.0005662
0.00054159
0.00054159
0.00054159
0.0005662
0.0005662
0.0005662
0.00054159
0.0005662
0.00059082
0.0005662
0.00049235
0.00039388
0.00032003
0.00029541
0.00024618
0.00019694
0.00017232
0.00017232
0.00019694
0.00022156
0.00019694
0.00017232
0.00019694
0.00022156
0.00022156
0.00019694
0.00022156
0.00024618
0.00029541
0.00034465
0.00046773
0.00051697
0.00051697
0.00051697
0.00054159
0.0005662
0.00059082
0.00059082
0.00059082
0.00059082
0.00061544
0.00064006
0.00061544
0.00061544
0.00061544
0.00064006
0.00066467
0.00064006
0.00064006
0.00064006
0.00066467
0.00068929
0.00066467
0.00066467
0.00066467
0.00068929
0.00068929
0.00068929
0.00066467
0.00066467
0.00071391
0.00071391
0.00071391
0.00068929
0.00068929
0.00073853
0.00073853
0.00073853
0.00071391
0.00073853
0.00073853
0.00073853
0.00076314
0.00076314
0.00073853
0.00071391
0.00071391
0.00073853
0.00073853
0.00073853
0.00071391
0.00071391
0.00071391
0.00073853
0.00071391
0.00068929
0.00068929
0.00071391
0.00071391
0.00068929
0.00066467
0.00066467
0.00066467
0.00068929
0.00066467
0.00064006
0.00061544
0.00064006
0.00064006
0.00064006
0.00061544
0.00061544
0.00061544
0.00064006
0.00061544
0.00059082
0.00059082
0.00061544
0.00061544
0.00059082
0.00059082
0.00059082
0.0005662
0.00054159
0.0005662
0.00059082
0.0005662
0.00054159
0.00051697
0.00054159
0.00054159
0.00054159
0.00051697
0.00049235
0.00051697
0.00054159
0.00051697
0.00049235
0.00049235
0.00051697
0.00054159
0.00051697
0.00049235
0.00049235
0.00051697
0.00051697
0.00051697
0.00049235
0.00049235
0.00049235
0.00051697
0.00051697
0.00049235
0.00046773
0.00049235
0.00051697
0.00049235
0.00049235
0.00046773
0.00049235
0.00046773
0.00049235
0.00049235
0.00049235
0.00046773
0.00046773
0.00046773
0.00049235
0.00049235
0.00044312
0.00044312
0.00046773
0.00049235
0.00049235
0.00046773
0.00044312
0.00046773
0.00049235
0.00046773
0.00044312
0.00044312
0.00044312
0.00046773
0.00044312
0.0004185
0.0004185
0.00044312
0.00046773
0.00044312
0.00044312
0.0004185
0.00044312
0.00044312
0.00044312
0.0004185
0.0004185
0.00044312
0.00044312
0.00044312
0.0004185
0.00044312
0.00044312
0.0004185
0.00044312
0.00046773
0.00044312
0.00044312
0.0004185
0.00044312
0.00044312
0.00044312
0.0004185
0.0004185
0.00044312
0.00046773
0.00044312
0.00039388
0.00032003
0.00027079
0.00019694
0.00012309
7.3853e-05
2.4618e-05
2.4618e-05
4.9235e-05
4.9235e-05
2.4618e-05
0
2.4618e-05
2.4618e-05
2.4618e-05
0
0
4.9235e-05
7.3853e-05
9.847e-05
0.00012309
0.00012309
0.00017232
0.00022156
0.00034465
0.00036926
0.00034465
0.00034465
0.00036926
0.00039388
0.0004185
0.00039388
0.00039388
0.0004185
0.0004185
0.00044312
0.0004185
0.0004185
0.0004185
0.00044312
0.00044312
0.00044312
0.00044312
0.00044312
0.00046773
0.00046773
0.00046773
0.00044312
0.00046773
0.00049235
0.00049235
0.00046773
0.00046773
0.00046773
0.00049235
0.00049235
0.00046773
0.00046773
0.00049235
0.00051697
0.00051697
0.00049235
0.00049235
0.00049235
0.00046773
0.00046773
0.00049235
0.00049235
0.00046773
0.00044312
0.00044312
0.00046773
0.00044312
0.0004185
0.0004185
0.0004185
0.0004185
0.0004185
0.00036926
0.00034465
0.00036926
0.00036926
0.00036926
0.00034465
0.00032003
0.00032003
0.00034465
0.00032003
0.00029541
0.00027079
0.00029541
0.00029541
0.00029541
0.00027079
0.00027079
0.00027079
0.00029541
0.00029541
0.00027079
0.00024618
0.00024618
0.00027079
0.00027079
0.00024618
0.00027079
0.00024618
0.00022156
0.00024618
0.00027079
0.00027079
0.00027079
0.00024618
0.00024618
0.00027079
0.00027079
0.00024618
0.00022156
0.00024618
0.00024618
0.00024618
0.00024618
0.00022156
0.00022156
0.00024618
0.00024618
0.00024618
0.00022156
0.00022156
0.00024618
0.00027079
0.00024618
0.00022156
0.00022156
0.00024618
0.00024618
0.00024618
0.00022156
0.00022156
0.00024618
0.00024618
0.00024618
0.00022156
0.00022156
0.00024618
0.00022156
0.00024618
0.00024618
0.00024618
0.00022156
0.00022156
0.00022156
0.00024618
0.00022156
0.00022156
0.00022156
0.00022156
0.00022156
0.00022156
0.00019694
0.00019694
0.00019694
0.00019694
0.00019694
0.00017232
0.00017232
0.00019694
0.00019694
0.00019694
0.00017232
0.00017232
0.00019694
0.00022156
0.00019694
0.00019694
0.00017232
0.00019694
0.00019694
0.00019694
0.00017232
0.00017232
0.00019694
0.00022156
0.00019694
0.00017232
0.00019694
0.00017232
0.00017232
0.00019694
0.00019694
0.00019694
0.00019694
0.00017232
0.00017232
0.00012309
2.4618e-05
-2.4618e-05
-9.847e-05
-9.847e-05
-0.00012309
-0.00014771
-0.00017232
-0.00017232
-0.00014771
-0.00014771
-0.00014771
-0.00017232
-0.00017232
-0.00014771
-0.00014771
-0.00012309
-0.00012309
-9.847e-05
-4.9235e-05
0
0
0
4.9235e-05
9.847e-05
0.00012309
0.00012309
0.00012309
0.00014771
0.00017232
0.00019694
0.00019694
0.00022156
0.00022156
0.00019694
0.00019694
0.00022156
0.00022156
0.00022156
0.00019694
0.00019694
0.00022156
0.00022156
0.00022156
0.00019694
0.00019694
0.00022156
0.00024618
0.00022156
0.00019694
0.00019694
0.00022156
0.00022156
0.00022156
0.00019694
0.00019694
0.00019694
0.00022156
0.00022156
0.00022156
0.00019694
0.00022156
0.00024618
0.00022156
0.00022156
0.00022156
0.00022156
0.00024618
0.00022156
0.00019694
0.00019694
0.00017232
0.00019694
0.00019694
0.00019694
0.00017232
0.00014771
0.00014771
0.00017232
0.00017232
0.00014771
0.00012309
0.00014771
0.00014771
0.00012309
9.847e-05
9.847e-05
9.847e-05
0.00012309
9.847e-05
7.3853e-05
7.3853e-05
9.847e-05
9.847e-05
9.847e-05
7.3853e-05
4.9235e-05
7.3853e-05
9.847e-05
7.3853e-05
4.9235e-05
4.9235e-05
7.3853e-05
9.847e-05
7.3853e-05
4.9235e-05
4.9235e-05
7.3853e-05
7.3853e-05
7.3853e-05
4.9235e-05
4.9235e-05
4.9235e-05
4.9235e-05
7.3853e-05
7.3853e-05
4.9235e-05
2.4618e-05
4.9235e-05
7.3853e-05
4.9235e-05
4.9235e-05
2.4618e-05
4.9235e-05
7.3853e-05
4.9235e-05
2.4618e-05
2.4618e-05
4.9235e-05
7.3853e-05
7.3853e-05
4.9235e-05
2.4618e-05
4.9235e-05
7.3853e-05
4.9235e-05
2.4618e-05
2.4618e-05
2.4618e-05
4.9235e-05
4.9235e-05
2.4618e-05
2.4618e-05
4.9235e-05
7.3853e-05
7.3853e-05
4.9235e-05
2.4618e-05
4.9235e-05
4.9235e-05
4.9235e-05
4.9235e-05
2.4618e-05
0
2.4618e-05
4.9235e-05
4.9235e-05
0
0
0
2.4618e-05
2.4618e-05
2.4618e-05
0
2.4618e-05
4.9235e-05
4.9235e-05
2.4618e-05
0
2.4618e-05
4.9235e-05
4.9235e-05
2.4618e-05
0
2.4618e-05
4.9235e-05
4.9235e-05
2.4618e-05
2.4618e-05
2.4618e-05
4.9235e-05
4.9235e-05
4.9235e-05
2.4618e-05
4.9235e-05
7.3853e-05
7.3853e-05
0
-7.3853e-05
-0.00012309
-0.00017232
-0.00032003
-0.00027079
-0.00027079
-0.00027079
-0.00029541
-0.00029541
-0.00027079
-0.00027079
-0.00027079
-0.00027079
-0.00024618
-0.00019694
-0.00017232
-0.00017232
-0.00014771
-0.00012309
-4.9235e-05
0
0
0
0
2.4618e-05
4.9235e-05
4.9235e-05
2.4618e-05
4.9235e-05
7.3853e-05
9.847e-05
9.847e-05
7.3853e-05
7.3853e-05
9.847e-05
0.00012309
9.847e-05
9.847e-05
9.847e-05
0.00012309
0.00014771
0.00012309
9.847e-05
0.00014771
0.00012309
0.00012309
0.00017232
0.00017232
0.00014771
0.00012309
0.00014771
0.00017232
0.00017232
0.00014771
0.00014771
0.00014771
0.00017232
0.00019694
0.00017232
0.00017232
0.00017232
0.00019694
0.00019694
0.00017232
0.00014771
0.00017232
0.00019694
0.00019694
0.00017232
0.00014771
0.00014771
0.00017232
0.00017232
0.00017232
0.00014771
0.00014771
0.00017232
0.00017232
0.00014771
0.00014771
0.00012309
0.00014771
0.00014771
0.00012309
9.847e-05
7.3853e-05
7.3853e-05
9.847e-05
0.00012309
9.847e-05
7.3853e-05
9.847e-05
0.00012309
0.00012309
9.847e-05
7.3853e-05
7.3853e-05
9.847e-05
0.00012309
9.847e-05
9.847e-05
9.847e-05
0.00012309
0.00012309
0.00012309
9.847e-05
9.847e-05
0.00012309
0.00012309
9.847e-05
9.847e-05
9.847e-05
0.00012309
0.00012309
0.00012309
9.847e-05
9.847e-05
0.00012309
0.00014771
0.00012309
9.847e-05
9.847e-05
0.00012309
0.00012309
0.00012309
0.00014771
0.00014771
0.00012309
0.00012309
0.00012309
0.00014771
0.00014771
0.00012309
0.00012309
0.00012309
0.00014771
0.00012309
0.00012309
0.00012309
0.00014771
0.00017232
0.00014771
0.00014771
0.00014771
0.00017232
0.00017232
0.00017232
0.00014771
0.00014771
0.00017232
0.00019694
0.00017232
0.00017232
0.00017232
0.00019694
0.00019694
0.00019694
0.00017232
0.00017232
0.00017232
0.00019694
0.00019694
0.00017232
0.00017232
0.00014771
0.00014771
0.00017232
0.00017232
0.00017232
0.00014771
0.00014771
0.00017232
0.00019694
0.00017232
0.00014771
0.00014771
0.00017232
0.00019694
0.00019694
0.00017232
0.00017232
0.00019694
0.00022156
0.00019694
0.00012309
4.9235e-05
0
-4.9235e-05
-9.847e-05
-0.00017232
-0.00017232
-0.00017232
-0.00014771
-0.00014771
-0.00017232
-0.00017232
-0.00014771
-0.00012309
-0.00014771
-0.00014771
-0.00014771
-9.847e-05
-4.9235e-05
2.4618e-05
7.3853e-05
9.847e-05
9.847e-05
0.00012309
0.00014771
0.00019694
0.00019694
0.00019694
0.00019694
0.00022156
0.00027079
0.00027079
0.00024618
0.00022156
0.00024618
0.00027079
0.00027079
0.00024618
0.00024618
0.00027079
0.00029541
0.00029541
0.00027079
0.00027079
0.00029541
0.00032003
0.00032003
0.00029541
0.00029541
0.00032003
0.00034465
0.00034465
0.00032003
0.00032003
0.00032003
0.00034465
0.00034465
0.00032003
0.00032003
0.00034465
0.00034465
0.00036926
0.00036926
0.00036926
0.00034465
0.00034465
0.00034465
0.00036926
0.00036926
0.00034465
0.00032003
0.00034465
0.00036926
0.00036926
0.00034465
0.00032003
0.00032003
0.00034465
0.00034465
0.00032003
0.00029541
0.00029541
0.00032003
0.00032003
0.00029541
0.00027079
0.00027079
0.00029541
0.00029541
0.00027079
0.00024618
0.00027079
0.00027079
0.00027079
0.00024618
0.00022156
0.00024618
0.00027079
0.00027079
0.00027079
0.00027079
0.00024618
0.00024618
0.00024618
0.00027079
0.00027079
0.00024618
0.00022156
0.00024618
0.00027079
0.00027079
0.00024618
0.00024618
0.00024618
0.00027079
0.00027079
0.00027079
0.00024618
0.00024618
0.00027079
0.00027079
0.00027079
0.00024618
0.00027079
0.00029541
0.00029541
0.00027079
0.00024618
0.00027079
0.00027079
0.00029541
0.00027079
0.00024618
0.00027079
0.00027079
0.00029541
0.00027079
0.00024618
0.00027079
0.00027079
0.00027079
0.00029541
0.00029541
0.00027079
0.00027079
0.00027079
0.00029541
0.00029541
0.00029541
0.00027079
0.00027079
0.00029541
0.00029541
0.00027079
0.00024618
0.00027079
0.00029541
0.00029541
0.00027079
0.00027079
0.00027079
0.00029541
0.00029541
0.00027079
0.00027079
0.00027079
0.00029541
0.00029541
0.00029541
0.00027079
0.00027079
0.00029541
0.00029541
0.00029541
0.00027079
0.00029541
0.00029541
0.00032003
0.00029541
0.00032003
0.00029541
0.00029541
0.00029541
0.00032003
0.00032003
0.00032003
0.00032003
0.00032003
0.00029541
0.00024618
0.00017232
7.3853e-05
2.4618e-05
0
0
-2.4618e-05
-4.9235e-05
-2.4618e-05
0
0
0
-2.4618e-05
-2.4618e-05
0
0
0
0
4.9235e-05
7.3853e-05
0.00012309
0.00012309
0.00014771
0.00019694
0.00024618
0.00029541
0.00029541
0.00029541
0.00029541
0.00034465
0.00036926
0.00039388
0.00039388
0.00039388
0.00036926
0.00036926
0.00039388
0.0004185
0.00039388
0.00039388
0.00039388
0.0004185
0.0004185
0.0004185
0.00039388
0.0004185
0.00044312
0.00044312
0.0004185
0.0004185
0.0004185
0.00044312
0.00044312
0.00044312
0.0004185
0.00044312
0.00046773
0.00046773
0.00046773
0.00044312
0.00044312
0.00046773
0.00049235
0.00046773
0.00046773
0.00046773
0.00049235
0.00049235
0.00049235
0.00046773
0.00046773
0.00044312
0.00044312
0.00044312
0.00046773
0.00044312
0.0004185
0.0004185
0.0004185
0.0004185
0.0004185
0.00039388
0.00036926
0.00039388
0.00039388
0.00039388
0.00036926
0.00034465
0.00036926
0.00036926
0.00034465
0.00032003
0.00032003
0.00034465
0.00034465
0.00034465
0.00032003
0.00032003
0.00034465
0.00034465
0.00034465
0.00032003
0.00032003
0.00034465
0.00034465
0.00034465
0.00032003
0.00032003
0.00034465
0.00034465
0.00034465
0.00034465
0.00034465
0.00032003
0.00032003
0.00034465
0.00034465
0.00034465
0.00032003
0.00032003
0.00034465
0.00034465
0.00034465
0.00032003
0.00032003
0.00032003
0.00034465
0.00034465
0.00032003
0.00032003
0.00032003
0.00034465
0.00032003
0.00029541
0.00029541
0.00032003
0.00032003
0.00032003
0.00029541
0.00029541
0.00029541
0.00032003
0.00032003
0.00029541
0.00029541
0.00029541
0.00032003
0.00032003
0.00029541
0.00029541
0.00029541
0.00029541
0.00029541
0.00032003
0.00029541
0.00027079
0.00027079
0.00029541
0.00029541
0.00029541
0.00027079
0.00027079
0.00029541
0.00029541
0.00029541
0.00027079
0.00027079
0.00027079
0.00029541
0.00029541
0.00027079
0.00027079
0.00029541
0.00029541
0.00029541
0.00027079
0.00024618
0.00027079
0.00029541
0.00029541
0.00027079
0.00024618
0.00027079
0.00029541
0.00029541
0.00027079
0.00024618
0.00027079
0.00029541
0.00029541
9.847e-05
2.4618e-05
-2.4618e-05
-4.9235e-05
-2.4618e-05
-4.9235e-05
-7.3853e-05
-4.9235e-05
-4.9235e-05
-2.4618e-05
-2.4618e-05
-4.9235e-05
-7.3853e-05
-4.9235e-05
-2.4618e-05
0
0
0
4.9235e-05
7.3853e-05
9.847e-05
0.00012309
0.00014771
0.00019694
0.00024618
0.00024618
0.00024618
0.00024618
0.00027079
0.00029541
0.00032003
0.00029541
0.00029541
0.00029541
0.00032003
0.00032003
0.00032003
0.00029541
0.00032003
0.00034465
0.00034465
0.00034465
0.00034465
0.00032003
0.00034465
0.00036926
0.00036926
0.00034465
0.00034465
0.00034465
0.00036926
0.00039388
0.00036926
0.00034465
0.00036926
0.00039388
0.00039388
0.00036926
0.00036926
0.00036926
0.00039388
0.00039388
0.00039388
0.00036926
0.00039388
0.00039388
0.0004185
0.00039388
0.00036926
0.00036926
0.00039388
0.00036926
0.00034465
0.00032003
0.00034465
0.00036926
0.00034465
0.00032003
0.00029541
0.00032003
0.00027079
0.00027079
0.00027079
0.00027079
0.00024618
0.00022156
0.00024618
0.00024618
0.00024618
0.00022156
0.00022156
0.00022156
0.00024618
0.00024618
0.00022156
0.00019694
0.00019694
0.00022156
0.00022156
0.00022156
0.00019694
0.00019694
0.00022156
0.00022156
0.00019694
0.00019694
0.00019694
0.00022156
0.00022156
0.00019694
0.00017232
0.00017232
0.00019694
0.00019694
0.00019694
0.00017232
0.00017232
0.00019694
0.00022156
0.00019694
0.00019694
0.00017232
0.00014771
0.00014771
0.00017232
0.00017232
0.00014771
0.00014771
0.00014771
0.00017232
0.00017232
0.00017232
0.00014771
0.00017232
0.00019694
0.00019694
0.00019694
0.00017232
0.00017232
0.00019694
0.00019694
0.00017232
0.00014771
0.00017232
0.00019694
0.00019694
0.00017232
0.00014771
0.00017232
0.00017232
0.00019694
0.00017232
0.00014771
0.00014771
0.00017232
0.00017232
0.00014771
0.00014771
0.00014771
0.00017232
0.00017232
0.00019694
0.00019694
0.00017232
0.00017232
0.00017232
0.00019694
0.00019694
0.00017232
0.00014771
0.00014771
0.00017232
0.00019694
0.00017232
0.00014771
0.00014771
0.00017232
0.00019694
0.00017232
0.00014771
0.00014771
0.00017232
0.00019694
0.00017232
0.00014771
0.00014771
0.00017232
0.00019694
0.00019694
0.00014771
9.847e-05
4.9235e-05
0
-4.9235e-05
-0.00012309
-0.00014771
-0.00014771
-0.00014771
-0.00017232
-0.00017232
-0.00017232
-0.00017232
-0.00014771
-0.00012309
-9.847e-05
-9.847e-05
-7.3853e-05
-2.4618e-05
0
2.4618e-05
2.4618e-05
4.9235e-05
9.847e-05
0.00012309
0.00012309
9.847e-05
0.00012309
0.00014771
0.00014771
0.00014771
0.00014771
0.00014771
0.00017232
0.00019694
0.00019694
0.00017232
0.00017232
0.00019694
0.00019694
0.00019694
0.00017232
0.00017232
0.00019694
0.00022156
0.00019694
0.00019694
0.00019694
0.00022156
0.00024618
0.00022156
0.00024618
0.00024618
0.00022156
0.00024618
0.00024618
0.00027079
0.00027079
0.00024618
0.00024618
0.00027079
0.00029541
0.00027079
0.00024618
0.00024618
0.00027079
0.00027079
0.00027079
0.00024618
0.00024618
0.00024618
0.00027079
0.00024618
0.00022156
0.00022156
0.00022156
0.00024618
0.00022156
0.00019694
0.00019694
0.00019694
0.00019694
0.00019694
0.00014771
0.00014771
0.00017232
0.00017232
0.00014771
0.00012309
0.00012309
0.00014771
9.847e-05
0.00012309
0.00014771
0.00012309
9.847e-05
9.847e-05
0.00012309
0.00014771
0.00012309
9.847e-05
9.847e-05
0.00012309
0.00014771
0.00012309
9.847e-05
9.847e-05
0.00012309
0.00014771
0.00012309
9.847e-05
9.847e-05
0.00012309
0.00014771
0.00012309
0.00012309
0.00012309
0.00012309
0.00014771
0.00014771
0.00012309
0.00012309
0.00014771
0.00017232
0.00014771
0.00014771
0.00012309
0.00014771
0.00014771
0.00014771
0.00014771
0.00014771
0.00014771
0.00014771
0.00017232
0.00017232
0.00014771
0.00012309
0.00014771
0.00017232
0.00017232
0.00017232
0.00014771
0.00017232
0.00019694
0.00019694
0.00017232
0.00017232
0.00017232
0.00019694
0.00019694
0.00017232
0.00014771
0.00017232
0.00019694
0.00017232
0.00017232
0.00014771
0.00017232
0.00019694
0.00019694
0.00017232
0.00014771
0.00017232
0.00019694
0.00019694
0.00017232
0.00014771
0.00017232
0.00019694
0.00019694
0.00019694
0.00017232
0.00017232
0.00014771
0.00017232
0.00019694
0.00019694
0.00017232
0.00014771
0.00017232
0.00017232
0.00017232
0.00017232
0.00014771
0.00017232
0.00022156
0.00019694
0.00014771
7.3853e-05
2.4618e-05
0
-4.9235e-05
-0.00012309
-0.00017232
-0.00014771
-0.00012309
-0.00012309
-0.00012309
-0.00014771
-0.00012309
-9.847e-05
-9.847e-05
-0.00012309
-0.00012309
-9.847e-05
-4.9235e-05
-2.4618e-05
-2.4618e-05
0
0
0.00017232
0.00019694
0.00022156
0.00019694
0.00019694
0.00022156
0.00027079
0.00027079
0.00027079
0.00024618
0.00027079
0.00029541
0.00029541
0.00027079
0.00027079
0.00029541
0.00032003
0.00032003
0.00029541
0.00029541
0.00029541
0.00032003
0.00032003
0.00032003
0.00029541
0.00032003
0.00034465
0.00036926
0.00034465
0.00034465
0.00034465
0.00036926
0.00039388
0.00036926
0.00036926
0.00036926
0.00039388
0.00039388
0.00039388
0.00036926
0.00039388
0.00039388
0.00039388
0.0004185
0.0004185
0.00039388
0.00036926
0.00036926
0.00039388
0.00039388
0.00036926
0.00036926
0.00036926
0.00036926
0.00036926
0.00034465
0.00034465
0.00034465
0.00034465
0.00034465
0.00032003
0.00029541
0.00029541
0.00032003
0.00032003
0.00029541
0.00027079
0.00027079
0.00029541
0.00029541
0.00029541
0.00027079
0.00027079
0.00029541
0.00029541
0.00027079
0.00027079
0.00027079
0.00029541
0.00029541
0.00032003
0.00032003
0.00029541
0.00029541
0.00029541
0.00032003
0.00032003
0.00032003
0.00029541
0.00029541
0.00032003
0.00032003
0.00032003
0.00029541
0.00029541
0.00032003
0.00032003
0.00032003
0.00029541
0.00029541
0.00032003
0.00034465
0.00032003
0.00029541
0.00029541
0.00032003
0.00034465
0.00032003
0.00029541
0.00029541
0.00032003
0.00034465
0.00032003
0.00029541
0.00029541
0.00032003
0.00034465
0.00032003
0.00029541
0.00029541
0.00029541
0.00032003
0.00034465
0.00034465
0.00032003
0.00032003
0.00032003
0.00034465
0.00034465
0.00032003
0.00032003
0.00032003
0.00032003
0.00034465
0.00032003
0.00029541
0.00029541
0.00032003
0.00034465
0.00034465
0.00032003
0.00032003
0.00034465
0.00034465
0.00034465
0.00032003
0.00032003
0.00034465
0.00034465
0.00034465
0.00032003
0.00032003
0.00034465
0.00034465
0.00034465
0.00032003
0.00032003
0.00034465
0.00036926
0.00034465
0.00036926
0.00034465
0.00034465
0.00036926
0.00036926
0.00036926
0.00036926
0.00036926
0.00036926
0.00032003
0.00024618
0.00014771
9.847e-05
4.9235e-05
4.9235e-05
2.4618e-05
0
0
2.4618e-05
4.9235e-05
2.4618e-05
0
0
2.4618e-05
4.9235e-05
4.9235e-05
4.9235e-05
7.3853e-05
0.00012309
0.00017232
0.00017232
0.00019694
0.00022156
0.00027079
0.00032003
0.00034465
0.00034465
0.00034465
0.00036926
0.0004185
0.00044312
0.00046773
0.00044312
0.00044312
0.00044312
0.00044312
0.00046773
0.00046773
0.00044312
0.00044312
0.00046773
0.00049235
0.00046773
0.00046773
0.00046773
0.00046773
0.00049235
0.00049235
0.00046773
0.00046773
0.00049235
0.00051697
0.00051697
0.00049235
0.00049235
0.00049235
0.00051697
0.00051697
0.00049235
0.00049235
0.00051697
0.00054159
0.00054159
0.00051697
0.00051697
0.00051697
0.00054159
0.00054159
0.00051697
0.00051697
0.00051697
0.00049235
0.00051697
0.00051697
0.00051697
0.00049235
0.00046773
0.00049235
0.00049235
0.00049235
0.00044312
0.00044312
0.00044312
0.00044312
0.00044312
0.0004185
0.00039388
0.0004185
0.0004185
0.0004185
0.00039388
0.00039388
0.00039388
0.0004185
0.0004185
0.00039388
0.00039388
0.00039388
0.0004185
0.0004185
0.00039388
0.00036926
0.00039388
0.0004185
0.00039388
0.00036926
0.00036926
0.00039388
0.00039388
0.00039388
0.00039388
0.00039388
0.00039388
0.00036926
0.00039388
0.00039388
0.00039388
0.00036926
0.00036926
0.00036926
0.00039388
0.00039388
0.00036926
0.00034465
0.00036926
0.00039388
0.00039388
0.00036926
0.00034465
0.00036926
0.00036926
0.00036926
0.00034465
0.00034465
0.00034465
0.00036926
0.00036926
0.00034465
0.00034465
0.00034465
0.00036926
0.00036926
0.00034465
0.00034465
0.00034465
0.00036926
0.00036926
0.00034465
0.00032003
0.00034465
0.00034465
0.00034465
0.00036926
0.00036926
0.00034465
0.00034465
0.00034465
0.00036926
0.00036926
0.00034465
0.00032003
0.00032003
0.00034465
0.00034465
0.00032003
0.00032003
0.00032003
0.00034465
0.00034465
0.00032003
0.00032003
0.00032003
0.00034465
0.00034465
0.00032003
0.00032003
0.00032003
0.00034465
0.00034465
0.00032003
0.00032003
0.00032003
0.00034465
0.00034465
0.00032003
0.00029541
0.00032003
0.00032003
0.00032003
0.00032003
0.00032003
0.00029541
0.00032003
0.00032003
0.00027079
0.00019694
9.847e-05
4.9235e-05
2.4618e-05
0
-2.4618e-05
-4.9235e-05
-2.4618e-05
0
0
0
-2.4618e-05
-2.4618e-05
0
0
0
0
0
4.9235e-05
7.3853e-05
9.847e-05
9.847e-05
0.00014771
0.00022156
0.00024618
0.00024618
0.00024618
0.00027079
0.00029541
0.00032003
0.00032003
0.00029541
0.00032003
0.00034465
0.00034465
0.00034465
0.00034465
0.00034465
0.00032003
0.00034465
0.00034465
0.00036926
0.00034465
0.00032003
0.00034465
0.00034465
0.00036926
0.00034465
0.00034465
0.00034465
0.00036926
0.00036926
0.00036926
0.00034465
0.00034465
0.00036926
0.00039388
0.00036926
0.00036926
0.00036926
0.00039388
0.00039388
0.00039388
0.00036926
0.00036926
0.00039388
0.00039388
0.00036926
0.00036926
0.00036926
0.00036926
0.00039388
0.00036926
0.00034465
0.00034465
0.00032003
0.00029541
0.00032003
0.00032003
0.00029541
0.00027079
0.00027079
0.00027079
0.00029541
0.00027079
0.00024618
0.00022156
0.00024618
0.00024618
0.00022156
0.00022156
0.00019694
0.00022156
0.00022156
0.00022156
0.00019694
0.00019694
0.00022156
0.00022156
0.00022156
0.00019694
0.00017232
0.00019694
0.00019694
0.00019694
0.00017232
0.00017232
0.00019694
0.00022156
0.00019694
0.00017232
0.00017232
0.00019694
0.00019694
0.00019694
0.00019694
0.00019694
0.00017232
0.00017232
0.00019694
0.00019694
0.00019694
0.00017232
0.00017232
0.00019694
0.00019694
0.00019694
0.00017232
0.00014771
0.00017232
0.00019694
0.00017232
0.00014771
0.00014771
0.00017232
0.00017232
0.00017232
0.00014771
0.00014771
0.00017232
0.00017232
0.00017232
0.00014771
0.00014771
0.00017232
0.00019694
0.00019694
0.00017232
0.00017232
0.00017232
0.00019694
0.00017232
0.00017232
0.00014771
0.00017232
0.00014771
0.00017232
0.00019694
0.00017232
0.00014771
0.00014771
0.00017232
0.00019694
0.00017232
0.00014771
0.00014771
0.00017232
0.00019694
0.00017232
0.00017232
0.00014771
0.00017232
0.00019694
0.00017232
0.00017232
0.00014771
0.00017232
0.00019694
0.00019694
0.00017232
0.00017232
0.00019694
0.00019694
0.00019694
0.00017232
0.00014771
0.00017232
0.00019694
0.00017232
0.00014771
0.00014771
0.00017232
0.00019694
0.00017232
0.00012309
-9.847e-05
-0.00014771
-0.00017232
-0.00017232
-0.00014771
-0.00014771
-0.00014771
-0.00017232
-0.00017232
-0.00014771
-0.00014771
-0.00017232
-0.00017232
-0.00012309
-9.847e-05
-7.3853e-05
-7.3853e-05
-4.9235e-05
0
2.4618e-05
4.9235e-05
4.9235e-05
7.3853e-05
9.847e-05
0.00012309
0.00012309
0.00012309
0.00012309
0.00014771
0.00017232
0.00017232
0.00017232
0.00017232
0.00017232
0.00019694
0.00019694
0.00019694
0.00017232
0.00019694
0.00022156
0.00019694
0.00022156
0.00022156
0.00019694
0.00019694
0.00022156
0.00024618
0.00024618
0.00022156
0.00022156
0.00022156
0.00027079
0.00024618
0.00024618
0.00022156
0.00024618
0.00027079
0.00027079
0.00024618
0.00024618
0.00024618
0.00027079
0.00027079
0.00027079
0.00024618
0.00024618
0.00027079
0.00027079
0.00024618
0.00024618
0.00024618
0.00024618
0.00024618
0.00022156
0.00019694
0.00022156
0.00022156
0.00022156
0.00019694
0.00017232
0.00014771
0.00012309
0.00014771
0.00014771
0.00014771
0.00012309
0.00012309
0.00012309
0.00014771
0.00014771
0.00012309
9.847e-05
0.00012309
0.00012309
0.00012309
0.00012309
9.847e-05
9.847e-05
0.00012309
0.00012309
0.00012309
9.847e-05
0.00012309
0.00012309
0.00012309
0.00012309
9.847e-05
9.847e-05
0.00012309
0.00014771
0.00012309
9.847e-05
9.847e-05
0.00014771
0.00014771
0.00012309
0.00012309
0.00012309
0.00014771
0.00014771
0.00014771
0.00014771
0.00012309
0.00012309
0.00012309
0.00014771
0.00014771
0.00012309
0.00012309
0.00012309
0.00014771
0.00014771
0.00012309
0.00012309
0.00012309
0.00014771
0.00014771
0.00014771
0.00012309
0.00012309
0.00014771
0.00017232
0.00014771
0.00012309
0.00012309
0.00014771
0.00014771
0.00012309
0.00012309
0.00012309
0.00014771
0.00014771
0.00012309
0.00012309
0.00012309
0.00014771
0.00014771
0.00014771
0.00012309
0.00012309
