2018
8
16
10
1
23.738
0.0038403
0.0038157
0.0036926
0.0035942
0.0036188
0.0037419
0.0037419
0.0036434
0.0035695
0.0036188
0.0037419
0.0037172
0.0036188
0.0035449
0.0035942
0.0037172
0.0037172
0.0036188
0.0035449
0.0035942
0.0036926
0.0036926
0.0035942
0.0035203
0.0035695
0.0036926
0.0036926
0.0035942
0.0035203
0.0035449
0.003668
0.0036926
0.0035942
0.0034957
0.0035449
0.0036434
0.003668
0.0035695
0.0034711
0.0035203
0.0034711
0.0034957
0.0036188
0.0036434
0.0035449
0.0034465
0.0034957
0.0035942
0.0036188
0.0035449
0.0034465
0.0034711
0.0035942
0.0035942
0.0035203
0.0034218
0.0034465
0.0035695
0.0035942
0.0034957
0.0033972
0.0034465
0.0035449
0.0035695
0.0034711
0.0033972
0.0034218
0.0035449
0.0035449
0.0034465
0.0033726
0.0033972
0.0035203
0.0035449
0.0034711
0.0033726
0.0034218
0.0035449
0.0035449
0.0034711
0.0034711
0.0033972
0.0034218
0.0035449
0.0035695
0.0034957
0.0034218
0.0034711
0.0035695
0.0035942
0.0035203
0.0034465
0.0034957
0.0035942
0.0036188
0.0035449
0.0034465
0.0034957
0.0036188
0.0036434
0.0035695
0.0034711
0.0035203
0.0036434
0.003668
0.0035942
0.0034957
0.0035449
0.0036434
0.003668
0.0035942
0.0035203
0.0035449
0.003668
0.0036926
0.0035942
0.0035203
0.0035449
0.0036434
0.0036926
0.003668
0.0036926
0.0036188
0.0035449
0.0035695
0.003668
0.0036926
0.0036188
0.0035203
0.0035695
0.003668
0.0036926
0.0036188
0.0035203
0.0035695
0.003668
0.0036926
0.0036188
0.0035203
0.0035695
0.0036434
0.0036926
0.0036188
0.0035203
0.0035449
0.0036434
0.0036926
0.0036188
0.0035203
0.0035203
0.0036188
0.003668
0.0035942
0.0034957
0.0035203
0.0036188
0.003668
0.0035942
0.0034957
0.0035203
0.0034957
0.0035203
0.0036188
0.003668
0.0035942
0.0034957
0.0035203
0.0036188
0.003668
0.0035942
0.0035203
0.0035203
0.0036188
0.003668
0.0035942
0.0034957
0.0034957
0.0035942
0.0036434
0.0035695
0.0034957
0.0034957
0.0035695
0.0036188
0.0035695
0.0034711
0.0034957
0.0035942
0.003668
0.0036188
0.0035695
0.0035695
0.003668
0.0037665
0.0037172
0.0036188
0.0035942
0.0036926
0.0037665
0.0037172
0.0037911
0.0037172
0.0036188
0.0035942
0.003668
0.0037172
0.003668
0.0035695
0.0035449
0.0036188
0.0036926
0.0036434
0.0035449
0.0035449
0.0036188
0.0036926
0.003668
0.0035695
0.0035449
0.0036188
0.0036926
0.003668
0.0035695
0.0035203
0.0035942
0.0036926
0.0036434
0.0035449
0.0035203
0.0035942
0.003668
0.0036434
0.0035449
0.0035203
0.0035942
0.003668
0.0036434
0.0035449
0.0035203
0.0035942
0.0035203
0.0035942
0.003668
0.0036434
0.0035449
0.0035203
0.0035942
0.0036926
0.003668
0.0035695
0.0035203
0.0035942
0.0036926
0.003668
0.0035695
0.0035203
0.0035942
0.003668
0.0036434
0.0035449
0.0034957
0.0035695
0.0036434
0.0036188
0.0035449
0.0035203
0.0035695
0.0036434
0.0036188
0.0035203
0.0034957
0.0035695
0.0036434
0.0036188
0.0035203
0.0034957
0.0035695
0.0036434
0.0036434
0.0035449
0.0036434
0.0035449
0.0034957
0.0035449
0.0036434
0.0036188
0.0035449
0.0034957
0.0035449
0.0036434
0.0036434
0.0035203
0.0034711
0.0035449
0.0036434
0.0036434
0.0035449
0.0034957
0.0035449
0.0036434
0.0036434
0.0035449
0.0034711
0.0035203
0.0036434
0.0036434
0.0035449
0.0034957
0.0035449
0.003668
0.003668
0.0035695
0.0034957
0.0035695
0.0036926
0.0036926
0.0035942
0.0035449
0.0035942
0.0036926
0.0035942
0.0037172
0.0037419
0.0036434
0.0035695
0.0036188
0.0037172
0.0037419
0.0036434
0.0035695
0.0036188
0.0037172
0.0037419
0.003668
0.0035695
0.0035942
0.0037172
0.0037419
0.003668
0.0035695
0.0035942
0.0036926
0.0037419
0.003668
0.0035695
0.0035942
0.0037172
0.0037419
0.003668
0.0035695
0.0035942
0.0036926
0.0037419
0.003668
0.0035695
0.0035942
0.0036926
0.0037172
0.0036434
0.0035449
0.0035449
0.0035695
0.003668
0.0037172
0.0036434
0.0035695
0.0035695
0.003668
0.0037172
0.003668
0.0035695
0.0035695
0.0036926
0.0037172
0.003668
0.0035695
0.0035942
0.003668
0.0037419
0.003668
0.0035695
0.0035695
0.003668
0.0037172
0.003668
0.0035695
0.0035695
0.003668
0.0037172
0.0036434
0.0035449
0.0035449
0.0036434
0.0037172
0.0036434
0.0035203
0.0035203
0.0036188
0.0036926
0.0036188
0.0037665
0.0037419
0.0036434
0.003668
0.0037665
0.0038157
0.0037665
0.003668
0.003668
0.0037665
0.0038403
0.0038157
0.0036926
0.0036926
0.0037665
0.0038403
0.0037665
0.0036434
0.0036434
0.0037172
0.0037911
0.0037419
0.0036434
0.0036188
0.0037172
0.0037911
0.0037419
0.0036434
0.0036188
0.0036926
0.0037665
0.0037172
0.0036188
0.0036188
0.0037172
0.0037911
0.0037419
0.0036434
0.0036188
0.0037172
0.0037419
0.0038157
0.0037911
0.003668
0.003668
0.0037419
0.0038157
0.0037911
0.0036926
0.003668
0.0037419
0.0038157
0.0037911
0.0036926
0.003668
0.0037419
0.0038157
0.0037911
0.0036926
0.003668
0.0037419
0.0038157
0.0037911
0.0036926
0.0036434
0.0037172
0.0038157
0.0037665
0.003668
0.0036188
0.0036926
0.0037911
0.0037419
0.0036434
0.0036188
0.0036926
0.0037665
0.0037419
0.0036434
0.0035942
0.0036188
0.0035942
0.003668
0.0037665
0.0037419
0.0036188
0.0035942
0.003668
0.0037665
0.0037419
0.0036434
0.0036188
0.0036926
0.0037911
0.0037665
0.003668
0.0036434
0.0037172
0.0038157
0.0037911
0.0036926
0.003668
0.0037172
0.0038403
0.0038157
0.0037172
0.003668
0.0037419
0.0038403
0.0038403
0.0037172
0.0036926
0.0037665
0.003865
0.0038403
0.0037419
0.0036926
0.0037665
0.003865
0.0038403
0.003865
0.0037665
0.0037172
0.0037911
0.0038896
0.0038896
0.0037911
0.0037172
0.0037911
0.0039142
0.0038896
0.0037911
0.0037419
0.0037911
0.0039142
0.0038896
0.0037911
0.0037419
0.0037911
0.0039142
0.0038896
0.0037911
0.0037419
0.0037911
0.0038896
0.0038896
0.0037911
0.0037419
0.0037911
0.0038896
0.0038896
0.0037911
0.0037419
0.0037911
0.0039142
0.0039142
0.0038157
0.0037419
0.0037911
0.0039142
0.0039142
0.0039142
0.0038157
0.0037419
0.0037911
0.0039142
0.0039142
0.0038157
0.0037172
0.0037665
0.003865
0.0038896
0.0037911
0.0036926
0.0037419
0.0038403
0.003865
0.0037911
0.0037172
0.0037665
0.0039142
0.0039388
0.003865
0.0038157
0.0038403
0.0039634
0.0039634
0.003865
0.0037911
0.0038403
0.0039634
0.0039634
0.0038896
0.0038157
0.0038403
0.0039388
0.0039634
0.003865
0.0037419
0.0037665
0.0037172
0.0037419
0.003865
0.0038896
0.0037911
0.0037172
0.0037419
0.0038403
0.003865
0.0037911
0.0036926
0.0037172
0.0038403
0.003865
0.0037911
0.0036926
0.0037172
0.0038403
0.003865
0.0037911
0.0036926
0.0037172
0.0038157
0.003865
0.0037911
0.0036926
0.0037172
0.0038157
0.003865
0.0037911
0.003668
0.0036926
0.0037911
0.0038403
0.0037665
0.003668
0.0036926
0.0037911
0.0038157
0.0037665
0.0037172
0.0036188
0.0036434
0.0037419
0.0037911
0.0037172
0.0035942
0.0035942
0.0037172
0.0037665
0.003668
0.0035695
0.0035695
0.003668
0.0037172
0.0036434
0.0035449
0.0035449
0.0036434
0.0036926
0.0036434
0.0035203
0.0035203
0.0036188
0.003668
0.0035942
0.0034957
0.0034957
0.0035695
0.0036434
0.0035695
0.0034465
0.0034465
0.0035449
0.0035942
0.0035449
0.0034218
0.0034465
0.0035449
0.0035942
0.0035695
0.0035203
0.0033972
0.0033972
0.0034957
0.0035449
0.0034957
0.0033726
0.0033726
0.0034711
0.0035203
0.0034711
0.0033726
0.003348
0.0034465
0.0035203
0.0034711
0.0033726
0.003348
0.0034465
0.0035203
0.0034711
0.003348
0.003348
0.0034218
0.0034957
0.0034465
0.0033234
0.0033234
0.0033972
0.0034711
0.0034218
0.0032987
0.0032741
0.003348
0.0034465
0.0033972
0.0032741
0.0032495
0.0033234
0.0032249
0.0032741
0.0033726
0.0033234
0.0032003
0.0031757
0.0032495
0.003348
0.0032987
0.0031757
0.003151
0.0032249
0.0032987
0.0032741
0.003151
0.0031264
0.0032003
0.0032987
0.0032495
0.003151
0.0031018
0.0031757
0.0032741
0.0032495
0.0031264
0.0031018
0.0031757
0.0032741
0.0032495
0.0031264
0.0031018
0.0031757
0.0032495
0.0032249
0.0031018
0.0030772
0.003151
0.0032495
0.0032003
0.0031018
0.0032003
0.0031018
0.0030526
0.0031264
0.0032249
0.0032003
0.0031018
0.0030526
0.0031018
0.0032003
0.0032003
0.0030772
0.0030526
0.0031018
0.0032003
0.0031757
0.0030772
0.003028
0.0031018
0.0032003
0.0031757
0.0030772
0.003028
0.0030772
0.0031757
0.003151
0.003028
0.0029787
0.0030526
0.0031757
0.003151
0.0030526
0.0030033
0.0030526
0.003151
0.003151
0.0030772
0.003028
0.0031264
0.0032495
0.0031757
0.0032741
0.0032495
0.003151
0.0031018
0.003151
0.0032495
0.0032495
0.003151
0.0030772
0.0031264
0.0032249
0.0031757
0.0030526
0.0029787
0.0030033
0.0031264
0.0031264
0.003028
0.0029541
0.0030033
0.0031264
0.0031264
0.003028
0.0029541
0.0030033
0.0031018
0.0031018
0.0030033
0.0029541
0.0029787
0.0031018
0.0031018
0.0030033
0.0029295
0.0029787
0.0030772
0.0030772
0.0030033
0.0029295
0.0030033
0.0029049
0.0029541
0.0030526
0.0030772
0.0030033
0.0029049
0.0029541
0.0030526
0.0030772
0.0029787
0.0029049
0.0029295
0.003028
0.0030526
0.0029787
0.0029049
0.0029295
0.003028
0.0030526
0.0029787
0.0028802
0.0029049
0.003028
0.0030526
0.0029541
0.0028802
0.0029049
0.003028
0.003028
0.0029541
0.0028802
0.0029049
0.0030033
0.003028
0.0029541
0.0028802
0.0029295
0.003028
0.0030526
0.003028
0.0030526
0.0029787
0.0029049
0.0029295
0.003028
0.0030772
0.0030033
0.0029049
0.0029541
0.0030526
0.0030772
0.0030033
0.0029295
0.0029541
0.0030772
0.0031018
0.003028
0.0029541
0.0029787
0.0030772
0.0031264
0.0030526
0.0029541
0.0030033
0.0031018
0.0031264
0.0030772
0.0029787
0.0030033
0.0031018
0.003151
0.0030772
0.0029787
0.0030033
0.0031018
0.003151
0.0030772
0.0030033
0.0030033
0.0029787
0.0029787
0.0030772
0.0031264
0.0030526
0.0029541
0.0029787
0.0031018
0.0031264
0.0030526
0.0029787
0.0030033
0.0031018
0.0031264
0.0030772
0.0029787
0.0030033
0.0031018
0.0031264
0.0030772
0.0029787
0.0029787
0.0030772
0.003151
0.0030772
0.0030033
0.0030033
0.0031018
0.003151
0.0031018
0.0030033
0.0030033
0.0031018
0.0031757
0.0031264
0.003028
0.003028
0.0031264
0.0031757
0.003151
0.0031757
0.0031264
0.003028
0.003028
0.0031018
0.0031757
0.0031264
0.003028
0.003028
0.0031018
0.0031757
0.0031264
0.003028
0.003028
0.0031018
0.0031757
0.0031264
0.003028
0.0030033
0.0030772
0.003151
0.0031264
0.0030033
0.0029787
0.0030526
0.0031264
0.0030772
0.0029787
0.0029541
0.003028
0.0031018
0.0030772
0.0029541
0.0029295
0.0029787
0.0030772
0.003028
0.0029295
0.0029295
0.003028
0.0030526
0.0031264
0.0032003
0.003151
0.0030526
0.0030033
0.0030772
0.003151
0.0031264
0.003028
0.0030033
0.0030772
0.0031264
0.0030772
0.0029541
0.0029049
0.0029787
0.0030526
0.003028
0.0029295
0.0028802
0.0029541
0.0030526
0.003028
0.0029049
0.0028802
0.0029295
0.003028
0.0030033
0.0029049
0.0028556
0.0029049
0.0030033
0.0029787
0.0028802
0.0028556
0.0029049
0.0030033
0.0029787
0.0028802
0.0029787
0.0028802
0.002831
0.0029049
0.0030033
0.0030033
0.0029049
0.0028556
0.0029049
0.0030033
0.0030033
0.0029049
0.0028556
0.0029049
0.0030033
0.0030033
0.0029049
0.0028556
0.0029049
0.0030033
0.0030033
0.0029049
0.002831
0.0028802
0.0029787
0.0029787
0.0028802
0.002831
0.0028802
0.0029787
0.0029787
0.0028802
0.002831
0.0028802
0.0029787
0.0029787
0.0028802
0.002831
0.0028802
0.0029787
0.0029787
0.0030033
0.0029049
0.002831
0.0028802
0.0030033
0.0030033
0.0029295
0.0028556
0.0029049
0.003028
0.003028
0.0029295
0.0028556
0.0029049
0.0030033
0.003028
0.0029295
0.0028556
0.0029049
0.0030033
0.003028
0.0029541
0.0028802
0.0029049
0.003028
0.003028
0.0029541
0.0028802
0.0029295
0.003028
0.0030526
0.0029787
0.0028802
0.0029295
0.003028
0.0030526
0.0029787
0.0029049
0.0029295
0.0029049
0.0029295
0.0030526
0.0030772
0.0030033
0.0029295
0.0029541
0.0030526
0.0030772
0.0030033
0.0029295
0.0029541
0.0030526
0.0031018
0.003028
0.0029295
0.0029541
0.0030772
0.0031018
0.003028
0.0029295
0.0029541
0.0030526
0.0031018
0.003028
0.0029295
0.0029541
0.0030526
0.0031018
0.003028
0.0029541
0.0029541
0.0030526
0.0031018
0.003028
0.0029295
0.0029541
0.0030526
0.0030772
0.003028
0.0030772
0.0030033
0.0029049
0.0029295
0.003028
0.0030772
0.003028
0.0029049
0.0029295
0.003028
0.0030772
0.003028
0.0029295
0.0029295
0.003028
0.0030772
0.0030033
0.0029049
0.0029295
0.0030033
0.0030772
0.0030033
0.0029049
0.0029049
0.0030033
0.0030772
0.0030033
0.0029049
0.0029049
0.0029787
0.003028
0.0029787
0.0029049
0.0029295
0.0030526
0.0031264
0.0031018
0.0030033
0.003028
0.0031264
0.003028
0.0031264
0.0032003
0.003151
0.0030526
0.0030526
0.0031018
0.0031757
0.0031264
0.0030033
0.0029787
0.0030526
0.0031018
0.0030526
0.0029541
0.0029541
0.003028
0.0031018
0.0030526
0.0029541
0.0029541
0.003028
0.0031018
0.0030526
0.0029541
0.0029541
0.003028
0.0031018
0.0030526
0.0029541
0.0029295
0.003028
0.0031018
0.0030526
0.0029541
0.0029541
0.003028
0.0031018
0.0030526
0.0029541
0.0029541
0.0029541
0.003028
0.0031018
0.0030772
0.0029787
0.0029541
0.003028
0.0031018
0.0030772
0.0029787
0.0029541
0.003028
0.0031018
0.0030772
0.0029787
0.0029541
0.003028
0.0031018
0.0030772
0.0029787
0.0029295
0.0030033
0.0031018
0.0030526
0.0029787
0.0029295
0.0030033
0.0030772
0.0030526
0.0029541
0.0029295
0.0030033
0.0030772
0.0030526
0.0029787
0.0029541
0.003028
0.0031018
0.0030772
0.0031018
0.0031018
0.0030033
0.0029787
0.003028
0.0031264
0.0031018
0.0030033
0.0029541
0.003028
0.0031264
0.0031018
0.0030033
0.0029787
0.0030526
0.0031264
0.0031018
0.0030033
0.0029787
0.0030526
0.0031264
0.0031264
0.003028
0.0030033
0.0030526
0.003151
0.0031264
0.003028
0.0030033
0.0030526
0.003151
0.003151
0.0030526
0.0030033
0.0030772
0.003151
0.003151
0.0030526
0.0030033
0.0030526
0.003028
0.0030772
0.0031757
0.003151
0.0030772
0.003028
0.0030772
0.0031757
0.003151
0.0030772
0.0030033
0.0030526
0.003151
0.003151
0.0030772
0.0030033
0.0030526
0.003151
0.003151
0.0030772
0.003028
0.0030772
0.0031757
0.0031757
0.0031018
0.003028
0.0030772
0.0031757
0.0031757
0.0031018
0.003028
0.0030772
0.0031757
0.0031757
0.0031018
0.003028
0.0030772
0.0031757
0.0031757
0.0031018
0.0031757
0.0030772
0.003028
0.0030526
0.003151
0.0031757
0.0031018
0.003028
0.0030526
0.0031757
0.0031757
0.0031018
0.003028
0.0030772
0.0031757
0.0031757
0.0031018
0.003028
0.0030772
0.0031757
0.0032003
0.0031264
0.0030526
0.0030772
0.0031757
0.0032003
0.0031264
0.0030526
0.0030772
0.0031757
0.0032003
0.0031264
0.0030526
0.0030772
0.0031757
0.0032003
0.0031264
0.0030526
0.0031018
0.0032003
0.0031018
0.0032003
0.0032249
0.003151
0.0030772
0.0031018
0.0031757
0.0032003
0.0031264
0.0030526
0.0030772
0.0031757
0.0032003
0.0031264
0.003028
0.0030526
0.003151
0.0032003
0.003151
0.0030772
0.0031018
0.0032495
0.0032987
0.0032249
0.003151
0.0031757
0.0032741
0.0032987
0.0032249
0.003151
0.0031757
0.0032741
0.0033234
0.0032495
0.003151
0.0031757
0.0032741
0.0032741
0.0032003
0.0031018
0.0031757
0.0031018
0.0031264
0.0032249
0.0032495
0.0032003
0.0031018
0.0031264
0.0032249
0.0032495
0.0031757
0.0031018
0.0031264
0.0032003
0.0032495
0.0031757
0.0031018
0.0031264
0.0032003
0.0032495
0.0032003
0.0031018
0.0031264
0.0032249
0.0032495
0.0032003
0.0031264
0.003151
0.0032249
0.0032741
0.0032249
0.0031264
0.003151
0.0032495
0.0032741
0.0032249
0.003151
0.0031757
0.0032495
0.0032987
0.0032741
0.0033234
0.0032495
0.0031757
0.0032003
0.0032741
0.0033234
0.0032495
0.0031757
0.0032003
0.0032741
0.0033234
0.0032495
0.0031757
0.0032003
0.0032741
0.0033234
0.0032741
0.0032003
0.0032003
0.0032987
0.003348
0.0032987
0.0032003
0.0032249
0.0033234
0.003348
0.0032987
0.0032249
0.0032495
0.0033234
0.0033726
0.0032987
0.0032249
0.0032495
0.0033234
0.0033726
0.0033234
0.0032249
0.0032495
0.0032249
0.0032495
0.0033234
0.0033726
0.0033234
0.0032495
0.0032495
0.0033234
0.0033726
0.0033234
0.0032495
0.0032741
0.003348
0.0033972
0.003348
0.0032495
0.0032495
0.003348
0.0033972
0.003348
0.0032495
0.0032495
0.003348
0.0033972
0.003348
0.0032495
0.0032741
0.003348
0.0033972
0.003348
0.0032495
0.0032741
0.0033234
0.0033972
0.003348
0.0032741
0.0032495
0.003348
0.0033972
0.003348
0.0033726
0.0033234
0.0032495
0.0032249
0.0032987
0.0033726
0.0033234
0.0032249
0.0032003
0.0032741
0.0033234
0.0032987
0.0032003
0.0031757
0.0032495
0.0032987
0.0032495
0.0031757
0.003151
0.0032249
0.0032741
0.0032249
0.003151
0.0031264
0.0031757
0.0032495
0.0032003
0.0031264
0.0031018
0.0031757
0.0032495
0.0032003
0.0031264
0.0031018
0.003151
0.0032249
0.0032003
0.0031018
0.0030772
0.003151
0.0030526
0.0031264
0.0032003
0.0031757
0.0030772
0.0030526
0.0031018
0.0032003
0.0031757
0.0030772
0.0030526
0.0031264
0.0031757
0.003151
0.0030772
0.003028
0.0031018
0.0031757
0.003151
0.0030526
0.003028
0.0030772
0.003151
0.0031264
0.003028
0.0030033
0.0030526
0.0031264
0.0031018
0.003028
0.0029787
0.003028
0.0031018
0.0030772
0.0030033
0.0029541
0.003028
0.0031018
0.0030772
0.0030033
0.0030526
0.0029787
0.0029295
0.0029787
0.0030526
0.0030526
0.0029787
0.0029295
0.0029541
0.003028
0.003028
0.0029541
0.0028802
0.0029295
0.003028
0.0030033
0.0029295
0.0028802
0.0029049
0.0030033
0.0029787
0.0029049
0.0028556
0.0029049
0.0029787
0.0029541
0.0028802
0.002831
0.0028802
0.0029541
0.0029541
0.0028802
0.0028064
0.0028802
0.0029541
0.0029541
0.0028802
0.002831
0.0028556
0.0029541
0.0028556
0.0029295
0.0029541
0.0028802
0.0028064
0.002831
0.0029295
0.0029541
0.0028802
0.0028064
0.002831
0.0029295
0.0029295
0.0028556
0.0027818
0.0028064
0.0029049
0.0029049
0.0028556
0.0027818
0.0028064
0.0029049
0.0029049
0.0028556
0.0027818
0.0028064
0.0029049
0.0029541
0.0029049
0.0028556
0.0029049
0.0030033
0.0030526
0.0029787
0.0028802
0.0029049
0.0030033
0.0030526
0.0030033
0.0029295
0.0030526
0.0029541
0.0029541
0.003028
0.0030772
0.003028
0.0029541
0.0029787
0.0030772
0.0031264
0.0031018
0.0030033
0.0030033
0.0031018
0.003151
0.0031018
0.003028
0.003028
0.0031264
0.0031757
0.0031264
0.0030526
0.0030526
0.0031264
0.0031757
0.003151
0.0030526
0.0030526
0.003151
0.0032003
0.003151
0.0030526
0.0030772
0.003151
0.0032003
0.0031757
0.0030772
0.0030772
0.003151
0.0032249
0.0031264
0.0032003
0.0031757
0.0030772
0.0030526
0.003151
0.0032249
0.0031757
0.0030772
0.0030772
0.003151
0.0032249
0.0031757
0.0030772
0.0030772
0.0031264
0.0032003
0.0031757
0.0030772
0.0030772
0.0031264
0.0032003
0.0031757
0.0031018
0.0030772
0.0031264
0.0032003
0.0031757
0.0031018
0.0030772
0.003151
0.0032495
0.0032249
0.0031264
0.0031018
0.0031757
0.0032741
0.0032495
0.003151
0.0031264
0.003151
0.0031264
0.0031757
0.0032741
0.0032495
0.003151
0.0031264
0.0032003
0.0032741
0.0032495
0.0031757
0.003151
0.0032249
0.0032987
0.0032495
0.0031757
0.0031264
0.0032003
0.0032741
0.0032741
0.0031757
0.003151
0.0032003
0.0032987
0.0032741
0.0032003
0.003151
0.0032249
0.0033234
0.0032987
0.0032249
0.0031757
0.0032249
0.0033234
0.0032987
0.0032003
0.0031757
0.0032249
0.0032987
0.0032987
0.0032987
0.0032987
0.0032003
0.003151
0.0032249
0.0032987
0.0032741
0.0032003
0.003151
0.0032003
0.0032987
0.0032741
0.0032003
0.003151
0.0032003
0.0032987
0.0032741
0.0032003
0.003151
0.0032003
0.0032987
0.0032741
0.0032003
0.003151
0.0032003
0.0032987
0.0032987
0.0032003
0.003151
0.0032003
0.0032987
0.0032987
0.0032003
0.003151
0.0032003
0.0032741
0.0032741
0.0032003
0.003151
0.0031757
0.003151
0.0031757
0.0032741
0.0032741
0.0032003
0.003151
0.0031757
0.0032741
0.0032741
0.0032003
0.0031264
0.003151
0.0032495
0.0032495
0.0031757
0.0031018
0.003151
0.0032495
0.0032495
0.003151
0.0030772
0.0031264
0.0032249
0.0032495
0.0032003
0.003151
0.0032003
0.0033234
0.003348
0.0032987
0.0032249
0.0032495
0.003348
0.003348
0.0032987
0.0032249
0.0032495
0.003348
0.003348
0.0032741
0.0032741
0.0031757
0.0030772
0.0031264
0.0032003
0.0032249
0.0031757
0.0030772
0.0031018
0.0032003
0.0032249
0.0031757
0.0030772
0.0031018
0.0032003
0.0032249
0.003151
0.0030772
0.0031018
0.0031757
0.0032003
0.0031264
0.0030526
0.0030772
0.003151
0.0032003
0.0031264
0.0030526
0.0030772
0.003151
0.0032003
0.0031264
0.0030526
0.0030772
0.003151
0.0032003
0.0031264
0.0030526
0.0030772
0.003151
0.003151
0.0032003
0.003151
0.0030526
0.0030772
0.003151
0.0032003
0.003151
0.0030526
0.0030772
0.003151
0.0032003
0.003151
0.0030526
0.0030526
0.0031264
0.0031757
0.0031264
0.0030526
0.0030526
0.0031264
0.0031757
0.0031264
0.003028
0.0030526
0.0031264
0.0031757
0.0031018
0.003028
0.003028
0.0031018
0.003151
0.0031018
0.0030033
0.0030033
0.0031018
0.0031264
0.0030772
0.0029787
0.0030033
0.0029787
0.0030526
0.0031018
0.0030772
0.0029787
0.0029541
0.003028
0.0031018
0.0030526
0.0029541
0.0029295
0.0030033
0.0030772
0.0030526
0.0029541
0.0029541
0.003028
0.0031018
0.0030772
0.0029787
0.0029787
0.0030526
0.0031264
0.0031018
0.003028
0.0030033
0.0030772
0.003151
0.0031264
0.003028
0.003028
0.0031018
0.0031757
0.003151
0.0030772
0.0030526
0.0031264
0.0032003
0.0031757
0.0030772
0.0031757
0.0030772
0.0030772
0.0031264
0.0032003
0.0031757
0.0030772
0.0030772
0.0031264
0.0032249
0.0031757
0.0031018
0.0030526
0.0031264
0.0032249
0.0031757
0.0031018
0.0030772
0.0031264
0.0032003
0.0031757
0.0031018
0.0030772
0.0031264
0.0032003
0.0031757
0.0030772
0.0030526
0.0031018
0.0032003
0.0031757
0.0030772
0.0030526
0.0031018
0.0031757
0.0031757
0.0030772
0.0030526
0.0031018
0.0031757
0.0030772
0.0031757
0.003151
0.0030526
0.003028
0.0030772
0.0031757
0.003151
0.0030772
0.003028
0.0031018
0.0031757
0.0031757
0.0030772
0.0030526
0.0031018
0.0032003
0.0032003
0.0031018
0.0030526
0.0031264
0.0032003
0.0032003
0.0031264
0.0030772
0.0031018
0.0032003
0.0032003
0.0031018
0.0030526
0.0031018
0.0032003
0.0032003
0.0031264
0.0030772
0.0031018
0.0032003
0.0032003
0.0031264
0.0030772
0.0031264
0.0030772
0.0031018
0.0031757
0.0031757
0.0031018
0.003028
0.0030772
0.0031757
0.0031757
0.0030772
0.003028
0.0030526
0.003151
0.0031757
0.0031018
0.0030526
0.0031264
0.0032495
0.0032495
0.0032003
0.003151
0.0031757
0.0032741
0.0032741
0.0032003
0.003151
0.0032003
0.0032987
0.0033234
0.0032495
0.003151
0.0031757
0.0032741
0.0032741
0.0031757
0.0031018
0.0031264
0.0032003
0.0032249
0.0032003
0.0032249
0.003151
0.0030772
0.0031018
0.0032003
0.0032003
0.0031264
0.0030772
0.0031018
0.0032003
0.0032249
0.003151
0.0030772
0.0031264
0.0032003
0.0032003
0.0031264
0.0030772
0.0031018
0.0032003
0.0032003
0.003151
0.0030772
0.0031264
0.0032003
0.0032249
0.003151
0.0030772
0.0031264
0.0032003
0.0032249
0.003151
0.0031018
0.0031264
0.0032003
0.0032495
0.0031757
0.0031018
0.0031264
0.0031018
0.0031264
0.0032249
0.0032249
0.0031757
0.0031018
0.0031264
0.0032003
0.0032249
0.003151
0.0031018
0.0031264
0.0032003
0.0032249
0.003151
0.0030772
0.0031018
0.0032003
0.0032249
0.0031757
0.0031018
0.0031264
0.0032003
0.0032249
0.0031757
0.0031018
0.0031264
0.0032003
0.0032249
0.0031757
0.0031018
0.0031264
0.0032003
0.0032249
0.0031757
0.0031018
0.0031264
0.0032249
0.0032495
0.0031757
0.0032495
0.0031757
0.0031018
0.0031264
0.0032249
0.0032495
0.0032003
0.0031264
0.003151
0.0032249
0.0032495
0.0032003
0.0031264
0.003151
0.0032249
0.0032741
0.0032249
0.003151
0.0031757
0.0032495
0.0032987
0.0032249
0.003151
0.0031757
0.0032495
0.0032987
0.0032495
0.0031757
0.0032003
0.0032741
0.0033234
0.0032741
0.0032003
0.0032003
0.0032741
0.0033234
0.0032741
0.0032003
0.0032003
0.0032741
0.0032741
0.0033234
0.0032741
0.0032003
0.0032003
0.0032741
0.0033234
0.0032987
0.0032003
0.0032003
0.0032741
0.0033234
0.0032741
0.0032003
0.0032003
0.0032741
0.0033234
0.0032741
0.0032003
0.0032003
0.0032495
0.0033234
0.0032741
0.0032003
0.0031757
0.0032495
0.0032987
0.0032741
0.0032003
0.0031757
0.0032495
0.0033234
0.0032741
0.0032003
0.0032003
0.0032741
0.0033234
0.0032987
0.0032003
0.0032003
0.0032003
0.0031757
0.0032495
0.0033234
0.0032987
0.0032003
0.0032003
0.0032495
0.0033234
0.0032987
0.0032003
0.0031757
0.0032495
0.0033234
0.0032987
0.0032003
0.0031757
0.0032495
0.0033234
0.0032987
0.0032249
0.0031757
0.0032495
0.0033234
0.0032987
0.0032003
0.0031757
0.0032495
0.0033234
0.0032987
0.0032003
0.0031757
0.0032495
0.0033234
0.0032987
0.0032249
0.0031757
0.0032495
0.0033234
0.0032987
0.0032987
0.0032987
0.0032003
0.003151
0.0032249
0.0033234
0.0033234
0.0032741
0.0032495
0.0033234
0.0034218
0.0034218
0.003348
0.0032987
0.003348
0.0034465
0.0034465
0.0033726
0.0033234
0.0033726
0.0034711
0.0034465
0.0033726
0.0033234
0.003348
0.0034218
0.0033972
0.0033234
0.0032741
0.0032987
0.0033972
0.0033972
0.0033234
0.0032495
0.0032987
0.0033972
0.0033972
0.0033234
0.0032741
0.0032987
0.0032741
0.0032987
0.0033972
0.0033972
0.0033234
0.0032741
0.0032987
0.0033972
0.0033972
0.0033234
0.0032741
0.0032987
0.0033726
0.0033972
0.0033234
0.0032741
0.0032987
0.0033972
0.0034218
0.003348
0.0032987
0.0033234
0.0034218
0.0034218
0.0033726
0.0032987
0.0033234
0.0034218
0.0034465
0.0033726
0.0033234
0.003348
0.0034218
0.0034465
0.0033972
0.0033234
0.003348
0.0034218
0.0034465
0.0033726
0.0034465
0.0033726
0.0032987
0.0033234
0.0034218
0.0034465
0.0033726
0.0032987
0.0033234
0.0034218
0.0034465
0.0033972
0.0033234
0.003348
0.0034218
0.0034465
0.0033972
0.0033234
0.003348
0.0034218
0.0034711
0.0033972
0.0033234
0.003348
0.0034465
0.0034711
0.0034218
0.003348
0.003348
0.0034465
0.0034711
0.0034218
0.003348
0.0033726
0.0034465
0.0034711
0.0034218
0.003348
0.0033726
0.0034465
0.0033726
0.0034465
0.0034957
0.0034465
0.0033726
0.0033726
0.0034711
0.0035203
0.0034711
0.0033726
0.0033972
0.0034711
0.0035203
0.0034711
0.0033972
0.0033972
0.0034711
0.0035449
0.0034711
0.0033972
0.0033972
0.0034711
0.0035203
0.0034711
0.0033972
0.0033972
0.0034711
0.0035203
0.0034711
0.0033726
0.0033726
0.0034465
0.0034957
0.0034465
0.0033726
0.0033726
0.0034465
0.0034957
0.0034465
0.003348
