2018
8
16
9
59
23.829
-0.12905
-0.12944
-0.1287
-0.12776
-0.12806
-0.12914
-0.12956
-0.12882
-0.12786
-0.12813
-0.12922
-0.12966
-0.12892
-0.12794
-0.12823
-0.12932
-0.12976
-0.12902
-0.12804
-0.12828
-0.12937
-0.12983
-0.12912
-0.12811
-0.12836
-0.12941
-0.12991
-0.12922
-0.12821
-0.12845
-0.12951
-0.13003
-0.12934
-0.12833
-0.12855
-0.12961
-0.13015
-0.12946
-0.12845
-0.12865
-0.1285
-0.1287
-0.12973
-0.13028
-0.12961
-0.12855
-0.12872
-0.12978
-0.13035
-0.12969
-0.12868
-0.12882
-0.12988
-0.13047
-0.12986
-0.12882
-0.12897
-0.13003
-0.13065
-0.13003
-0.129
-0.12912
-0.13018
-0.13079
-0.13018
-0.12914
-0.12927
-0.1303
-0.13094
-0.13035
-0.12929
-0.12939
-0.13042
-0.13109
-0.1305
-0.12944
-0.12951
-0.13052
-0.13121
-0.13065
-0.13131
-0.13074
-0.12966
-0.12971
-0.13072
-0.13143
-0.13087
-0.12978
-0.12981
-0.13082
-0.13153
-0.13099
-0.12991
-0.12991
-0.13089
-0.13161
-0.13106
-0.12998
-0.12998
-0.13097
-0.1317
-0.13119
-0.13008
-0.13005
-0.13104
-0.1318
-0.13129
-0.13018
-0.13015
-0.13114
-0.13193
-0.13143
-0.13035
-0.1303
-0.13129
-0.13207
-0.13161
-0.1305
-0.13042
-0.13138
-0.13148
-0.13229
-0.13183
-0.13072
-0.1306
-0.13153
-0.13237
-0.1319
-0.13077
-0.13065
-0.13158
-0.13242
-0.132
-0.13089
-0.13074
-0.13168
-0.13254
-0.13212
-0.13101
-0.13084
-0.13173
-0.13259
-0.1322
-0.13109
-0.13089
-0.13178
-0.13269
-0.13229
-0.13119
-0.13097
-0.13183
-0.13271
-0.13234
-0.13126
-0.13104
-0.1319
-0.13279
-0.13242
-0.13131
-0.13109
-0.13138
-0.13111
-0.13195
-0.13284
-0.13249
-0.13143
-0.13114
-0.13197
-0.13289
-0.13257
-0.13148
-0.13119
-0.13202
-0.13296
-0.13264
-0.13156
-0.13124
-0.13205
-0.13298
-0.13269
-0.13161
-0.13131
-0.1321
-0.13306
-0.13279
-0.13173
-0.13143
-0.13225
-0.13318
-0.13291
-0.13183
-0.13146
-0.13225
-0.13321
-0.13289
-0.13178
-0.13136
-0.1321
-0.13303
-0.13274
-0.13298
-0.13274
-0.13173
-0.13133
-0.13207
-0.13301
-0.13281
-0.13175
-0.13133
-0.13205
-0.13301
-0.13281
-0.13178
-0.13136
-0.13205
-0.13306
-0.13286
-0.13185
-0.13141
-0.13212
-0.13313
-0.13296
-0.13195
-0.13148
-0.13217
-0.13316
-0.13301
-0.132
-0.13148
-0.13215
-0.13313
-0.13298
-0.132
-0.13146
-0.1321
-0.13308
-0.13296
-0.13195
-0.13141
-0.13205
-0.13136
-0.13197
-0.13296
-0.13286
-0.13188
-0.13133
-0.13193
-0.13293
-0.13284
-0.13185
-0.13126
-0.13185
-0.13284
-0.13276
-0.13178
-0.13116
-0.13173
-0.13271
-0.13264
-0.13163
-0.13099
-0.13156
-0.13254
-0.13247
-0.13146
-0.13079
-0.13133
-0.13232
-0.13227
-0.13131
-0.13065
-0.13116
-0.13217
-0.13215
-0.13119
-0.13052
-0.13104
-0.13205
-0.13205
-0.13111
-0.13193
-0.13099
-0.1303
-0.13082
-0.13185
-0.13188
-0.13097
-0.13025
-0.13074
-0.1318
-0.13188
-0.13099
-0.1303
-0.13079
-0.13183
-0.13188
-0.13099
-0.13028
-0.13074
-0.13178
-0.13188
-0.13097
-0.13023
-0.13067
-0.1317
-0.13183
-0.13094
-0.13018
-0.13062
-0.13161
-0.1317
-0.13084
-0.13005
-0.13047
-0.13146
-0.13158
-0.13069
-0.12988
-0.13033
-0.13133
-0.13023
-0.13124
-0.13138
-0.13057
-0.12976
-0.13013
-0.13111
-0.13131
-0.13052
-0.12973
-0.13008
-0.13106
-0.13126
-0.13047
-0.12966
-0.13003
-0.13101
-0.13121
-0.13037
-0.12954
-0.12988
-0.13084
-0.13104
-0.13023
-0.12937
-0.12969
-0.13065
-0.13087
-0.13008
-0.12922
-0.12954
-0.1305
-0.13077
-0.13001
-0.12914
-0.12946
-0.13042
-0.13069
-0.12993
-0.12907
-0.12897
-0.12924
-0.13018
-0.13047
-0.12973
-0.12885
-0.12909
-0.13003
-0.13033
-0.12961
-0.12872
-0.12897
-0.12988
-0.1302
-0.12949
-0.1286
-0.12882
-0.12976
-0.1301
-0.12941
-0.1285
-0.1287
-0.12964
-0.13001
-0.12932
-0.12843
-0.12863
-0.12954
-0.12993
-0.12924
-0.12833
-0.1285
-0.12941
-0.12983
-0.12917
-0.12826
-0.12845
-0.12937
-0.12976
-0.12912
-0.12971
-0.12909
-0.12818
-0.12836
-0.12924
-0.12969
-0.12907
-0.12816
-0.12828
-0.12919
-0.12966
-0.12905
-0.12811
-0.12821
-0.12907
-0.12951
-0.12895
-0.12808
-0.12828
-0.12929
-0.12988
-0.12941
-0.12858
-0.1287
-0.12959
-0.1301
-0.12956
-0.12865
-0.12875
-0.12964
-0.13013
-0.12954
-0.12855
-0.12855
-0.12937
-0.12986
-0.12927
-0.12831
-0.12833
-0.12914
-0.12816
-0.129
-0.12956
-0.129
-0.12801
-0.12801
-0.12887
-0.12944
-0.12892
-0.12796
-0.12796
-0.1288
-0.12939
-0.1289
-0.12794
-0.12794
-0.12875
-0.12937
-0.12887
-0.12794
-0.12794
-0.12875
-0.12937
-0.1289
-0.12796
-0.12791
-0.1287
-0.12934
-0.12887
-0.12791
-0.12786
-0.12868
-0.12929
-0.1288
-0.12786
-0.12779
-0.12858
-0.12919
-0.12875
-0.12774
-0.12843
-0.12742
-0.12725
-0.12796
-0.12853
-0.12806
-0.12705
-0.12688
-0.12757
-0.12821
-0.12776
-0.12678
-0.12666
-0.12737
-0.12804
-0.12762
-0.12668
-0.12653
-0.12722
-0.12789
-0.12749
-0.12658
-0.12644
-0.12715
-0.12781
-0.12747
-0.12656
-0.12636
-0.12703
-0.12769
-0.12735
-0.12644
-0.12621
-0.12688
-0.12752
-0.12717
-0.12624
-0.12602
-0.12668
-0.12737
-0.12661
-0.12735
-0.12705
-0.12616
-0.12592
-0.12658
-0.12732
-0.12703
-0.12614
-0.12594
-0.12661
-0.12737
-0.12708
-0.12621
-0.12599
-0.12666
-0.1274
-0.12712
-0.12624
-0.12597
-0.12661
-0.12735
-0.12708
-0.12616
-0.12589
-0.12653
-0.1273
-0.12703
-0.12614
-0.12584
-0.12648
-0.12722
-0.12695
-0.12607
-0.12575
-0.12636
-0.1271
-0.12683
-0.12592
-0.12557
-0.1258
-0.12548
-0.12607
-0.12683
-0.12661
-0.12575
-0.1254
-0.12599
-0.12676
-0.12656
-0.12572
-0.12535
-0.12592
-0.12671
-0.12651
-0.12567
-0.1253
-0.12587
-0.12668
-0.12651
-0.12565
-0.12528
-0.12584
-0.12663
-0.12646
-0.12562
-0.12523
-0.1258
-0.12661
-0.12646
-0.12557
-0.12516
-0.1257
-0.12651
-0.12636
-0.1255
-0.12506
-0.12557
-0.12636
-0.12624
-0.12631
-0.12619
-0.12535
-0.12488
-0.1254
-0.12621
-0.12612
-0.12528
-0.12481
-0.12533
-0.12616
-0.12609
-0.1253
-0.12484
-0.12535
-0.12621
-0.12614
-0.12533
-0.12484
-0.12533
-0.12616
-0.12609
-0.1253
-0.12479
-0.12528
-0.12612
-0.12607
-0.12525
-0.12471
-0.1252
-0.12604
-0.12599
-0.12518
-0.12466
-0.12513
-0.12599
-0.12597
-0.12523
-0.12469
-0.12513
-0.12469
-0.12513
-0.12594
-0.12594
-0.12518
-0.12461
-0.12503
-0.12587
-0.12584
-0.12503
-0.12447
-0.12496
-0.12592
-0.12609
-0.12548
-0.12498
-0.12548
-0.12639
-0.12644
-0.12567
-0.12508
-0.1255
-0.12634
-0.12639
-0.12562
-0.12496
-0.1253
-0.12609
-0.12609
-0.1253
-0.12464
-0.12498
-0.12582
-0.12589
-0.12518
-0.12454
-0.12488
-0.1257
-0.12577
-0.12501
-0.1256
-0.12486
-0.12422
-0.12456
-0.12543
-0.12557
-0.12486
-0.1242
-0.12454
-0.1254
-0.12555
-0.12484
-0.12417
-0.12449
-0.12535
-0.12548
-0.12479
-0.1241
-0.12444
-0.12528
-0.12543
-0.12476
-0.12405
-0.12437
-0.1252
-0.12535
-0.12466
-0.12392
-0.12422
-0.12503
-0.12523
-0.12454
-0.1238
-0.1241
-0.12491
-0.12511
-0.12444
-0.12373
-0.124
-0.12484
-0.12395
-0.12476
-0.12501
-0.12434
-0.12363
-0.1239
-0.12474
-0.12501
-0.12437
-0.12365
-0.1239
-0.12474
-0.12498
-0.12437
-0.12365
-0.12392
-0.12476
-0.12503
-0.12444
-0.1237
-0.12395
-0.12476
-0.12506
-0.12444
-0.1237
-0.12392
-0.12476
-0.12506
-0.12444
-0.12368
-0.1239
-0.12471
-0.12501
-0.12442
-0.12363
-0.12383
-0.12461
-0.12493
-0.12434
-0.12358
-0.12429
-0.12353
-0.1237
-0.12452
-0.12486
-0.12429
-0.12351
-0.12368
-0.12447
-0.12481
-0.12424
-0.12346
-0.1236
-0.12442
-0.12479
-0.12422
-0.12341
-0.12356
-0.12434
-0.12474
-0.1242
-0.12336
-0.12348
-0.12427
-0.12466
-0.1241
-0.12328
-0.12338
-0.12415
-0.12456
-0.12402
-0.12319
-0.12328
-0.12405
-0.12447
-0.12392
-0.12311
-0.12319
-0.12392
-0.12434
-0.1238
-0.12422
-0.12373
-0.12292
-0.12296
-0.12373
-0.12417
-0.1237
-0.12287
-0.12292
-0.12365
-0.12412
-0.12363
-0.12282
-0.12287
-0.1236
-0.12407
-0.1236
-0.12279
-0.12284
-0.1236
-0.1241
-0.12363
-0.12279
-0.12282
-0.12356
-0.12407
-0.12363
-0.12282
-0.12284
-0.12358
-0.1241
-0.12365
-0.12284
-0.12287
-0.1236
-0.12415
-0.12373
-0.12289
-0.12289
-0.12282
-0.12353
-0.12405
-0.12363
-0.12279
-0.12274
-0.12343
-0.124
-0.12358
-0.12274
-0.12272
-0.12341
-0.12397
-0.1236
-0.12277
-0.12269
-0.12336
-0.1239
-0.12351
-0.12267
-0.12267
-0.12346
-0.12417
-0.12392
-0.12319
-0.12316
-0.12385
-0.12447
-0.1241
-0.12328
-0.12319
-0.12385
-0.12447
-0.1241
-0.12321
-0.12299
-0.12358
-0.12415
-0.12373
-0.12287
-0.12356
-0.12267
-0.12247
-0.12309
-0.12368
-0.12331
-0.12245
-0.12225
-0.12287
-0.12348
-0.12314
-0.1223
-0.12208
-0.12269
-0.12333
-0.12301
-0.12218
-0.12196
-0.12257
-0.12324
-0.12292
-0.12208
-0.12186
-0.12247
-0.12311
-0.12282
-0.12196
-0.12173
-0.12232
-0.12296
-0.12267
-0.12183
-0.12156
-0.12213
-0.12279
-0.1225
-0.12166
-0.12139
-0.12196
-0.12262
-0.12178
-0.12247
-0.12223
-0.12139
-0.12112
-0.12166
-0.12232
-0.12208
-0.12127
-0.12097
-0.12151
-0.12223
-0.122
-0.12119
-0.1209
-0.12146
-0.12218
-0.12193
-0.12112
-0.1208
-0.12134
-0.12203
-0.12181
-0.121
-0.12065
-0.12117
-0.12188
-0.12168
-0.1209
-0.12058
-0.12109
-0.12181
-0.12164
-0.12085
-0.1205
-0.12102
-0.12173
-0.12159
-0.1208
-0.12043
-0.12072
-0.12033
-0.12082
-0.12156
-0.12141
-0.12063
-0.12021
-0.1207
-0.12141
-0.12127
-0.12048
-0.12008
-0.12055
-0.12127
-0.12114
-0.12038
-0.11996
-0.12043
-0.12117
-0.12104
-0.12031
-0.11989
-0.12033
-0.12109
-0.121
-0.12026
-0.11981
-0.12026
-0.121
-0.12092
-0.12018
-0.11971
-0.12016
-0.12092
-0.12085
-0.12008
-0.11959
-0.12004
-0.12077
-0.1207
-0.12063
-0.1206
-0.11986
-0.11937
-0.11976
-0.12053
-0.1205
-0.11979
-0.1193
-0.11969
-0.12048
-0.12048
-0.11976
-0.11927
-0.11969
-0.12048
-0.12048
-0.11979
-0.11927
-0.11969
-0.12048
-0.12048
-0.11979
-0.11927
-0.11964
-0.1204
-0.12043
-0.11971
-0.11915
-0.11952
-0.12031
-0.12031
-0.11959
-0.119
-0.11937
-0.12013
-0.12016
-0.11942
-0.1188
-0.11915
-0.11866
-0.11903
-0.11984
-0.11991
-0.11922
-0.11863
-0.11903
-0.11986
-0.11996
-0.11927
-0.11866
-0.11903
-0.11984
-0.11994
-0.11925
-0.11861
-0.11895
-0.11976
-0.11986
-0.11917
-0.11848
-0.11883
-0.11967
-0.11981
-0.11912
-0.11846
-0.1188
-0.11967
-0.11981
-0.11915
-0.11848
-0.1188
-0.11964
-0.11981
-0.11915
-0.11848
-0.1188
-0.11964
-0.11981
-0.11912
-0.11999
-0.11947
-0.11888
-0.1193
-0.12021
-0.12045
-0.11979
-0.11907
-0.11937
-0.12021
-0.12043
-0.11979
-0.11905
-0.1193
-0.12006
-0.12023
-0.11957
-0.1188
-0.11903
-0.11986
-0.12008
-0.11944
-0.11868
-0.11893
-0.11974
-0.11999
-0.11935
-0.11858
-0.1188
-0.11962
-0.11989
-0.11927
-0.11856
-0.1188
-0.11964
-0.11994
-0.11935
-0.11858
-0.11883
-0.11964
-0.11875
-0.11959
-0.11991
-0.1193
-0.11851
-0.11873
-0.11959
-0.11991
-0.1193
-0.11851
-0.11873
-0.11959
-0.11994
-0.11935
-0.11853
-0.11873
-0.11957
-0.11996
-0.11937
-0.11856
-0.11875
-0.11957
-0.11994
-0.11937
-0.11856
-0.11873
-0.11957
-0.11996
-0.11939
-0.11861
-0.11878
-0.11962
-0.12004
-0.11949
-0.11866
-0.11883
-0.11967
-0.12011
-0.11957
-0.11873
-0.11959
-0.11878
-0.11893
-0.11974
-0.12021
-0.11967
-0.1188
-0.11893
-0.11976
-0.12023
-0.11969
-0.11883
-0.11895
-0.11979
-0.12028
-0.11976
-0.1189
-0.11903
-0.11984
-0.12036
-0.11984
-0.11898
-0.11905
-0.11986
-0.1204
-0.11991
-0.11903
-0.1191
-0.11989
-0.12043
-0.11991
-0.11907
-0.11912
-0.11991
-0.12045
-0.11996
-0.1191
-0.11915
-0.11994
-0.1205
-0.11999
-0.12055
-0.12008
-0.11922
-0.11925
-0.12004
-0.12063
-0.12018
-0.1193
-0.1193
-0.12006
-0.12065
-0.12021
-0.11932
-0.1193
-0.12006
-0.12068
-0.12023
-0.11935
-0.11932
-0.12008
-0.12068
-0.12026
-0.11935
-0.1193
-0.12006
-0.1207
-0.12028
-0.11942
-0.11935
-0.12011
-0.12075
-0.12036
-0.11947
-0.11939
-0.12013
-0.1208
-0.1204
-0.11954
-0.11947
-0.11949
-0.12023
-0.12092
-0.12055
-0.11967
-0.11954
-0.12026
-0.12095
-0.12058
-0.11969
-0.11959
-0.12033
-0.12102
-0.12065
-0.11976
-0.11962
-0.12036
-0.12104
-0.1207
-0.11981
-0.11967
-0.12038
-0.12109
-0.12075
-0.11989
-0.11971
-0.12043
-0.12117
-0.12085
-0.11994
-0.11976
-0.12045
-0.12122
-0.12092
-0.12004
-0.11984
-0.12053
-0.12127
-0.12097
-0.12008
-0.12102
-0.12013
-0.11991
-0.12058
-0.12134
-0.12104
-0.12016
-0.11994
-0.1206
-0.12139
-0.12112
-0.12023
-0.11996
-0.12063
-0.12141
-0.12114
-0.12028
-0.12001
-0.12065
-0.12144
-0.12119
-0.12033
-0.12004
-0.12068
-0.12146
-0.12124
-0.12038
-0.12008
-0.1207
-0.12149
-0.12127
-0.1204
-0.12008
-0.1207
-0.12151
-0.12129
-0.1204
-0.12008
-0.12072
-0.12151
-0.12072
-0.12154
-0.12129
-0.12038
-0.12001
-0.12063
-0.12151
-0.12144
-0.1207
-0.12043
-0.12112
-0.122
-0.12186
-0.121
-0.12063
-0.12119
-0.12203
-0.12186
-0.121
-0.12058
-0.12112
-0.12188
-0.12168
-0.1208
-0.12033
-0.12087
-0.12168
-0.12154
-0.1207
-0.12026
-0.1208
-0.12161
-0.12146
-0.12063
-0.12016
-0.12065
-0.12149
-0.12136
-0.12053
-0.12006
-0.12053
-0.12006
-0.12058
-0.12144
-0.12134
-0.1205
-0.12001
-0.12053
-0.12139
-0.12129
-0.12048
-0.11999
-0.1205
-0.12136
-0.12127
-0.12045
-0.11994
-0.12045
-0.12129
-0.12122
-0.1204
-0.11986
-0.12036
-0.12119
-0.12114
-0.12033
-0.11979
-0.12026
-0.12109
-0.12104
-0.12023
-0.11969
-0.12016
-0.12097
-0.12092
-0.12011
-0.11954
-0.12001
-0.12085
-0.12082
-0.12077
-0.1208
-0.12004
-0.11944
-0.11989
-0.12072
-0.12075
-0.12001
-0.11942
-0.11986
-0.12072
-0.12075
-0.12001
-0.11944
-0.11986
-0.12072
-0.1208
-0.12006
-0.11947
-0.11989
-0.12075
-0.1208
-0.12006
-0.11944
-0.11984
-0.12068
-0.12072
-0.11999
-0.11935
-0.11974
-0.12058
-0.12065
-0.11991
-0.11927
-0.11967
-0.1205
-0.12058
-0.11986
-0.1192
-0.11954
-0.1191
-0.11944
-0.12026
-0.12038
-0.11969
-0.11903
-0.11937
-0.12018
-0.12033
-0.11964
-0.11895
-0.11927
-0.12008
-0.12023
-0.11957
-0.11888
-0.1192
-0.12001
-0.12016
-0.11944
-0.11873
-0.119
-0.11979
-0.11991
-0.1192
-0.11843
-0.11871
-0.11944
-0.11957
-0.11883
-0.11807
-0.11829
-0.11903
-0.11917
-0.11848
-0.11775
-0.11799
-0.11873
-0.1189
-0.11824
-0.11871
-0.11804
-0.1173
-0.1176
-0.11839
-0.11863
-0.11799
-0.11723
-0.11747
-0.11826
-0.11853
-0.11792
-0.11718
-0.1174
-0.11816
-0.11841
-0.11782
-0.11708
-0.1173
-0.11807
-0.11834
-0.11775
-0.11701
-0.1172
-0.11792
-0.11816
-0.11757
-0.11683
-0.11701
-0.11775
-0.11802
-0.11743
-0.11666
-0.11686
-0.11762
-0.11797
-0.11743
-0.11666
-0.11683
-0.11757
-0.11679
-0.11755
-0.11787
-0.11735
-0.11661
-0.11676
-0.1175
-0.11787
-0.11735
-0.11659
-0.11671
-0.11743
-0.11779
-0.11728
-0.11651
-0.11664
-0.11738
-0.11775
-0.11723
-0.11644
-0.11656
-0.1173
-0.1177
-0.11718
-0.11639
-0.11651
-0.11723
-0.11762
-0.11713
-0.11637
-0.11647
-0.11718
-0.1176
-0.11711
-0.11632
-0.11642
-0.11711
-0.11755
-0.11706
-0.11627
-0.11703
-0.11624
-0.11632
-0.11701
-0.11745
-0.11701
-0.11622
-0.11627
-0.11693
-0.1174
-0.11696
-0.11617
-0.11622
-0.11688
-0.11733
-0.11688
-0.1161
-0.11612
-0.11681
-0.1173
-0.11686
-0.1161
-0.11612
-0.11681
-0.1173
-0.11686
-0.11607
-0.11607
-0.11674
-0.11723
-0.11681
-0.11602
-0.11602
-0.11669
-0.11718
-0.11676
-0.11597
-0.11595
-0.11661
-0.11713
-0.11659
-0.11711
-0.11671
-0.11592
-0.11587
-0.11651
-0.11703
-0.11664
-0.11585
-0.1158
-0.11644
-0.11698
-0.11661
-0.11583
-0.11575
-0.11639
-0.11696
-0.11656
-0.11578
-0.11568
-0.11632
-0.11688
-0.11651
-0.11573
-0.1156
-0.11622
-0.11681
-0.11647
-0.11565
-0.11555
-0.11617
-0.11676
-0.11642
-0.1156
-0.11548
-0.11607
-0.11666
-0.11634
-0.11555
-0.11543
-0.11553
-0.11538
-0.11597
-0.11656
-0.11622
-0.11543
-0.11528
-0.11595
-0.11669
-0.11649
-0.11583
-0.11575
-0.11639
-0.11706
-0.11676
-0.11597
-0.11575
-0.11634
-0.11698
-0.11671
-0.1159
-0.11565
-0.11615
-0.11676
-0.11644
-0.11563
-0.11538
-0.11592
-0.11656
-0.11627
-0.11551
-0.11526
-0.1158
-0.11642
-0.11612
-0.11533
-0.11506
-0.11558
-0.11622
-0.11597
-0.11617
-0.11595
-0.11516
-0.11489
-0.11546
-0.11612
-0.1159
-0.11514
-0.11482
-0.11536
-0.11605
-0.11583
-0.11504
-0.11472
-0.11523
-0.1159
-0.1157
-0.11491
-0.11459
-0.11511
-0.11578
-0.11558
-0.11482
-0.1145
-0.11499
-0.11568
-0.11548
-0.11472
-0.11437
-0.11487
-0.11555
-0.11538
-0.11462
-0.11427
-0.11477
-0.11548
-0.11531
-0.11459
-0.11423
-0.11472
-0.11464
-0.11536
-0.11523
-0.11452
-0.11413
-0.11462
-0.11533
-0.11521
-0.11447
-0.1141
-0.11457
-0.11531
-0.11519
-0.11447
-0.11408
-0.11455
-0.11526
-0.11516
-0.11445
-0.11403
-0.1145
-0.11521
-0.11511
-0.1144
-0.11398
-0.11442
-0.11514
-0.11506
-0.11432
-0.11391
-0.11435
-0.11506
-0.11499
-0.11427
-0.11383
-0.11427
-0.11501
-0.11494
-0.11423
-0.11376
-0.11413
-0.11366
-0.11408
-0.11479
-0.11474
-0.11405
-0.11356
-0.11398
-0.11469
-0.11467
-0.11398
-0.11349
-0.11388
-0.11462
-0.11459
-0.11391
-0.11341
-0.11381
-0.11452
-0.11455
-0.11388
-0.11334
-0.11373
-0.11445
-0.11445
-0.11378
-0.11324
-0.11361
-0.11432
-0.11435
-0.11368
-0.11314
-0.11349
-0.1142
-0.11423
-0.11359
-0.11304
-0.11339
-0.1141
-0.11415
-0.11395
-0.114
-0.11336
-0.1128
-0.11312
-0.11383
-0.11391
-0.11327
-0.11267
-0.11299
-0.11371
-0.11378
-0.11317
-0.11258
-0.11287
-0.11359
-0.11366
-0.11304
-0.11245
-0.11275
-0.11346
-0.11356
-0.11297
-0.11235
-0.11265
-0.11334
-0.11346
-0.11287
-0.11226
-0.11255
-0.11327
-0.11339
-0.1128
-0.11216
-0.11243
-0.11314
-0.11329
-0.1127
-0.11206
-0.11233
-0.11196
-0.11221
-0.1129
-0.11307
-0.11248
-0.11184
-0.11208
-0.11277
-0.11295
-0.11235
-0.11174
-0.11199
-0.11265
-0.11282
-0.11223
-0.11154
-0.11179
-0.11255
-0.11285
-0.1124
-0.11186
-0.11216
-0.1129
-0.11314
-0.1126
-0.11194
-0.11213
-0.11282
-0.11307
-0.11253
-0.11184
-0.11196
-0.11258
-0.11275
-0.11213
-0.11142
-0.11157
-0.11223
-0.11243
-0.11189
-0.11218
-0.11164
-0.11095
-0.11107
-0.11171
-0.11199
-0.11144
-0.11078
-0.11095
-0.11162
-0.11189
-0.11137
-0.11068
-0.11083
-0.11149
-0.11176
-0.11125
-0.11053
-0.11068
-0.11132
-0.11159
-0.1111
-0.11038
-0.11051
-0.11115
-0.11144
-0.11095
-0.11024
-0.11036
-0.11098
-0.11127
-0.11078
-0.11006
-0.11014
-0.11075
-0.11105
-0.11056
-0.10982
-0.10992
-0.11053
-0.10972
-0.11031
-0.11066
-0.11019
-0.1095
-0.10957
-0.11019
-0.11053
-0.11011
-0.1094
-0.10947
-0.11009
-0.11046
-0.11002
-0.1093
-0.10935
-0.10999
-0.11038
-0.10999
-0.10933
-0.10935
-0.10997
-0.11038
-0.10997
-0.10928
-0.10933
-0.10994
-0.11036
-0.10999
-0.10928
-0.1093
-0.10989
-0.11031
-0.10992
-0.1092
-0.1092
-0.10979
-0.11021
-0.10979
-0.10908
-0.10972
-0.10901
-0.10896
-0.10952
-0.10997
-0.10957
-0.10888
-0.10883
-0.10942
-0.10987
-0.10952
-0.10878
-0.10874
-0.10933
-0.10979
-0.10942
-0.10869
-0.10864
-0.1092
-0.1097
-0.10933
-0.10859
-0.10854
-0.10913
-0.1096
-0.10925
-0.10854
-0.10849
-0.10906
-0.10955
-0.1092
-0.10846
-0.10842
-0.10898
-0.10947
-0.10913
-0.10842
-0.10834
-0.10888
-0.10938
-0.10878
-0.1093
-0.10896
-0.10824
-0.10814
-0.10871
-0.1092
-0.10888
-0.10814
-0.10802
-0.10856
-0.1091
-0.10878
-0.10805
-0.10792
-0.10844
-0.10896
-0.10861
-0.10787
-0.10773
-0.10827
-0.10876
-0.10844
-0.1077
-0.10755
-0.10807
-0.10861
-0.10829
-0.10758
-0.10743
-0.10795
-0.10846
-0.10817
-0.10743
-0.10723
-0.10775
-0.10827
-0.10797
-0.10726
-0.10706
-0.10711
-0.10689
-0.10738
-0.10792
-0.10765
-0.10694
-0.10672
-0.10721
-0.10778
-0.10753
-0.10684
-0.10662
-0.10711
-0.1077
-0.10748
-0.10682
-0.10657
-0.10704
-0.10763
-0.10743
-0.10677
-0.1065
-0.10696
-0.10755
-0.10738
-0.10669
-0.1064
-0.10684
-0.10746
-0.10728
-0.10659
-0.1063
-0.10674
-0.10733
-0.10716
-0.1065
-0.10622
-0.10667
-0.10728
-0.10714
-0.10723
-0.10709
-0.10642
-0.1061
-0.10652
-0.10714
-0.10701
-0.10635
-0.10603
-0.10647
-0.10709
-0.10696
-0.10632
-0.10595
-0.10635
-0.10694
-0.10684
-0.10627
-0.10605
-0.10659
-0.10733
-0.10731
-0.10672
-0.1064
-0.10679
-0.10741
-0.10731
-0.10667
-0.10632
-0.10674
-0.10733
-0.10718
-0.1065
-0.10605
-0.10637
-0.10699
-0.10686
-0.10622
-0.10581
-0.10618
-0.10563
-0.106
-0.10664
-0.10654
-0.1059
-0.10549
-0.10588
-0.10652
-0.10647
-0.10586
-0.10546
-0.10583
-0.10647
-0.10645
-0.10583
-0.10541
-0.10578
-0.10642
-0.1064
-0.10581
-0.10539
-0.10576
-0.1064
-0.10637
-0.10576
-0.10529
-0.10563
-0.10627
-0.10627
-0.10566
-0.10519
-0.10554
-0.10618
-0.10618
-0.10558
-0.10512
-0.10546
-0.10613
-0.10615
-0.10556
-0.1061
-0.10554
-0.10507
-0.10541
-0.1061
-0.10615
-0.10556
-0.10509
-0.10541
-0.1061
-0.10618
-0.10563
-0.10514
-0.10549
-0.10618
-0.10627
-0.10571
-0.10522
-0.10556
-0.10625
-0.10635
-0.10578
-0.10526
-0.10561
-0.1063
-0.1064
-0.10583
-0.10529
-0.10561
-0.1063
-0.1064
-0.10586
-0.10531
-0.10563
-0.10632
-0.10645
-0.10588
-0.10534
-0.10563
-0.10635
-0.10635
-0.10647
-0.1059
-0.10531
-0.10558
-0.10627
-0.10642
-0.10586
-0.10529
-0.10556
-0.10627
-0.10642
-0.10583
-0.10522
-0.10549
-0.10618
-0.10635
-0.10578
-0.10517
-0.10544
-0.10615
-0.10632
-0.10578
-0.10517
-0.10544
-0.10615
-0.10635
-0.10578
-0.10514
-0.10539
-0.1061
-0.10632
-0.10576
-0.10514
-0.10539
-0.1061
-0.10632
-0.10578
-0.10512
-0.10539
-0.10546
-0.10618
-0.10645
-0.10593
-0.10529
-0.10549
-0.10622
-0.1065
-0.10598
-0.10531
-0.10554
-0.10625
-0.10654
-0.10605
-0.10536
-0.10556
-0.10627
-0.10657
-0.10605
-0.10539
-0.10556
-0.10625
-0.10657
-0.10605
-0.10536
-0.10554
-0.10622
-0.10654
-0.10605
-0.10536
-0.10554
-0.10622
-0.10657
-0.10608
-0.10536
-0.10554
-0.10625
-0.10662
-0.10613
-0.10541
-0.10615
-0.10544
-0.10556
-0.10625
-0.10662
-0.10618
-0.10546
-0.10558
-0.10627
-0.10669
-0.10622
-0.10551
-0.10563
-0.1063
-0.10672
-0.10625
-0.10554
-0.10566
-0.10635
-0.10674
-0.1063
-0.10558
-0.10568
-0.10635
-0.10677
-0.10632
-0.10561
-0.10568
-0.10637
-0.10682
-0.10637
-0.10566
-0.10573
-0.10642
-0.10684
-0.10642
-0.10571
-0.10576
-0.10642
-0.10686
-0.10689
-0.1065
-0.10578
-0.10581
-0.10647
-0.10694
-0.10654
-0.10581
-0.10586
-0.1065
-0.10699
-0.10659
-0.10586
-0.10586
-0.1065
-0.10699
-0.10659
-0.10586
-0.10583
-0.1065
-0.10701
-0.10662
-0.10586
-0.10586
-0.1065
-0.10701
-0.10662
-0.10588
-0.10586
-0.1065
-0.10704
-0.10664
-0.1059
-0.10588
-0.10652
-0.10706
-0.10669
-0.10595
-0.1059
-0.10652
-0.1059
-0.10652
-0.10709
-0.10674
-0.10598
-0.1059
-0.10654
-0.10711
-0.10677
-0.10603
-0.10595
-0.10657
-0.10716
-0.10682
-0.10605
-0.10595
-0.10657
-0.10714
-0.10682
-0.10605
-0.10593
-0.10654
-0.10714
-0.10684
-0.10608
-0.10593
-0.10647
-0.10706
-0.10677
-0.1061
-0.1061
-0.10682
-0.10755
-0.10736
-0.10667
-0.10657
-0.10716
-0.1078
-0.1075
-0.10677
-0.10748
-0.10667
-0.10645
-0.10699
-0.10758
-0.10726
-0.1065
-0.1063
-0.10684
-0.10748
-0.10718
-0.1064
-0.10618
-0.10674
-0.10738
-0.10706
-0.1063
-0.10605
-0.10659
-0.10723
-0.10696
-0.10618
-0.10595
-0.1065
-0.10716
-0.10691
-0.10615
-0.10593
-0.1065
-0.10718
-0.10696
-0.10622
-0.10598
-0.10654
-0.10723
-0.10701
-0.10627
-0.106
-0.10657
-0.10726
-0.10659
-0.10728
-0.10706
-0.1063
-0.106
-0.10654
-0.10723
-0.10701
-0.10625
-0.10593
-0.10645
-0.10716
-0.10699
-0.10622
-0.1059
-0.10647
-0.10718
-0.10704
-0.1063
-0.10595
-0.10647
-0.10721
-0.10704
-0.10632
-0.10598
-0.10652
-0.10726
-0.10711
-0.10637
-0.10603
-0.10657
-0.10731
-0.10718
-0.10647
-0.1061
-0.10664
-0.10738
-0.10726
-0.10657
-0.1062
-0.10664
-0.10627
-0.10677
-0.10753
-0.10741
-0.10667
-0.10627
-0.10677
-0.1075
-0.10741
-0.10667
-0.10625
-0.10674
-0.10748
-0.10741
-0.10669
-0.10625
-0.10674
-0.10748
-0.10741
-0.10672
-0.10627
-0.10672
-0.10748
-0.10741
-0.10672
-0.10627
-0.10674
-0.10748
-0.10743
-0.10672
-0.10625
-0.10669
-0.10746
-0.10741
-0.10672
-0.10622
-0.10669
-0.10743
-0.10738
