2018
8
16
9
53
56.887
0.003668
0.0036926
0.0036434
0.0035695
0.0035695
0.0036188
0.0036434
0.0035942
0.0035203
0.0035203
0.0035942
0.0036188
0.0035695
0.0035203
0.0035203
0.0036188
0.003668
0.0036188
0.0035449
0.0035942
0.0037172
0.0037911
0.0037419
0.0036434
0.0036926
0.0038403
0.0039388
0.003865
0.0037419
0.0038157
0.003988
0.0040619
0.0039634
0.0038157
0.0038896
0.0040619
0.0041357
0.0040127
0.003865
0.0039142
0.0038896
0.0039388
0.0040865
0.004185
0.0040373
0.0038896
0.0039142
0.0040865
0.004185
0.0040619
0.0038896
0.0039142
0.0040865
0.0041604
0.0040619
0.0038896
0.0039142
0.0040865
0.0041604
0.0040373
0.003865
0.0038896
0.0040619
0.0041604
0.0040373
0.0038896
0.0039142
0.0040865
0.0041604
0.0040619
0.0038896
0.0039142
0.0040865
0.004185
0.0040619
0.0039142
0.0039142
0.0040865
0.004185
0.0040865
0.0040865
0.0039142
0.0039388
0.0041111
0.0042096
0.0041111
0.0039388
0.0039634
0.0041111
0.0042342
0.0041357
0.0039634
0.0039634
0.0041111
0.0042342
0.0041357
0.0039634
0.003988
0.0041357
0.0042342
0.0041604
0.0040127
0.0040127
0.0041111
0.004185
0.0041357
0.0040373
0.0040373
0.0041111
0.004185
0.0041357
0.0040373
0.0040619
0.0041357
0.0041604
0.0041111
0.0040619
0.0040865
0.0041357
0.0041604
0.0041357
0.0041111
0.0040865
0.0040865
0.0041357
0.0041357
0.0041111
0.0040865
0.0040865
0.0041357
0.0041357
0.0041111
0.0040865
0.0041111
0.0041357
0.0041357
0.0041111
0.0041111
0.0041111
0.0041357
0.0041604
0.0041357
0.0041111
0.0041111
0.0041604
0.0041604
0.0041604
0.0041111
0.0041357
0.0041604
0.0041604
0.0041604
0.0041357
0.0041357
0.0041604
0.004185
0.0041604
0.0041357
0.0041357
0.0041604
0.0041357
0.0041604
0.004185
0.0041604
0.0041357
0.0041357
0.0041604
0.004185
0.004185
0.0041357
0.0041357
0.0041357
0.0041604
0.0042096
0.0044065
0.0046527
0.004825
0.0049974
0.0051451
0.0051943
0.0052435
0.0052189
0.0051943
0.0050958
0.0049481
0.004825
0.0047019
0.0046035
0.004505
0.0044312
0.0044065
0.0044065
0.0044065
0.0043573
0.0043327
0.0043327
0.0043327
0.0043327
0.0042834
0.0042096
0.0041357
0.0041111
0.0041111
0.0041357
0.0041357
0.0041357
0.0041111
0.0041111
0.0041357
0.0041357
0.0041111
0.0040865
0.0040865
0.0041111
0.0041357
0.0041111
0.0040865
0.0040865
0.0041111
0.0041111
0.0040865
0.0040619
0.0040619
0.0040865
0.0040865
0.0040619
0.0040373
0.0040127
0.0040373
0.0040373
0.0040373
0.003988
0.003988
0.003988
0.0040127
0.003988
0.0039634
0.0039388
0.0039634
0.0039634
0.0039388
0.0039388
0.0039388
0.0039142
0.0039142
0.0039388
0.0039634
0.0039634
0.0039388
0.0039634
0.003988
0.0040373
0.0040619
0.0040619
0.0040619
0.0041111
0.0041604
0.004185
0.004185
0.004185
0.0042342
0.0042834
0.0042834
0.0042834
0.0042834
0.0043327
0.0043573
0.0043573
0.0043573
0.0043573
0.0043819
0.0044065
0.0044065
0.0043819
0.0043819
0.0044065
0.0044312
0.0044065
0.0043819
0.0043819
0.0043819
0.0043819
0.0044065
0.0044312
0.0044065
0.0043819
0.0043819
0.0044065
0.0044312
0.0044065
0.0043819
0.0043573
0.0044065
0.0044312
0.0044312
0.0043819
0.0043573
0.0043819
0.0044312
0.0044312
0.0043819
0.0043573
0.0044065
0.0044558
0.0044558
0.0044065
0.0043573
0.0044065
0.0044804
0.004505
0.0044065
0.0043327
0.0044065
0.004505
0.0045296
0.0044312
0.0043327
0.0044065
0.0045542
0.0045789
0.0045789
0.0046035
0.0044558
0.0043327
0.0044312
0.0045789
0.0046281
0.0044804
0.0043573
0.0044312
0.0046035
0.0046281
0.0044804
0.0043573
0.0044312
0.0046035
0.0046527
0.004505
0.0043573
0.0044312
0.0046035
0.0046527
0.004505
0.0043819
0.0044558
0.0046035
0.0046773
0.0045296
0.0043819
0.0044558
0.0046281
0.0046527
0.0045296
0.0044065
0.0044804
0.0046035
0.0046281
0.0045542
0.0044558
0.0045296
0.0044804
0.0045296
0.0046035
0.0046281
0.0045789
0.004505
0.0045542
0.0046035
0.0046281
0.0045789
0.0045296
0.0045542
0.0046035
0.0046281
0.0045789
0.0045542
0.0045789
0.0046035
0.0046281
0.0045789
0.0045542
0.0045789
0.0046035
0.0046281
0.0045789
0.0045542
0.0045789
0.0046281
0.0046281
0.0046035
0.0045789
0.0046035
0.0046281
0.0046281
0.0046035
0.0045789
0.0046035
0.0046281
0.0046281
0.0046035
0.0046527
0.0046281
0.0046035
0.0046035
0.0046527
0.0046527
0.0046281
0.0046035
0.0046281
0.0046527
0.0046527
0.0046281
0.0046035
0.0046281
0.0046527
0.0046773
0.0046527
0.0046281
0.0046281
0.0046527
0.0046773
0.0046527
0.0046281
0.0046281
0.0046773
0.0046773
0.0046035
0.0045789
0.0046281
0.0048004
0.0050466
0.0052189
0.005342
0.0055143
0.005662
0.0057113
0.0056866
0.0056374
0.0055636
0.0054897
0.0049974
0.0049481
0.0049235
0.0048989
0.004825
0.0048004
0.004825
0.004825
0.0048004
0.0047512
0.0047266
0.0047019
0.0046773
0.0046281
0.0045789
0.0045542
0.0045789
0.0045789
0.0045542
0.0045296
0.0045296
0.0045542
0.0045542
0.0045296
0.004505
0.0045296
0.0045542
0.0045542
0.0045296
0.004505
0.004505
0.0045296
0.0045542
0.004505
0.0044804
0.0044804
0.0044804
0.0044804
0.0044804
0.0044558
0.0044312
0.0044065
0.0044065
0.0044065
0.0044065
0.0043819
0.0043573
0.0043327
0.0043573
0.0043573
0.0043327
0.0042834
0.0042834
0.0043081
0.0043081
0.0042834
0.0042588
0.0042588
0.0042588
0.0042834
0.0042834
0.0042588
0.0042588
0.0043081
0.0043327
0.0043327
0.0043327
0.0043573
0.0043819
0.0044312
0.0044312
0.0044558
0.0044804
0.0045296
0.0045542
0.0045789
0.0045789
0.0045789
0.0046281
0.0046527
0.0047019
0.0047266
0.0047266
0.0047019
0.0047019
0.0047266
0.0047512
0.0047266
0.0047266
0.0047266
0.0047266
0.0047512
0.0047266
0.0047266
0.0047266
0.0047512
0.0047512
0.0047512
0.0047266
0.0047019
0.0047266
0.0047512
0.0047512
0.0047266
0.0047266
0.0047266
0.0047512
0.0047266
0.0047019
0.0047019
0.0047266
0.0047512
0.0047266
0.0047019
0.0047019
0.0047266
0.0047266
0.0047266
0.0047019
0.0047019
0.0047266
0.0047019
0.0047266
0.0047512
0.0047266
0.0047266
0.0047266
0.0047266
0.0047512
0.0047512
0.0047266
0.0047266
0.0047512
0.0047758
0.0047512
0.0047512
0.0047266
0.0047512
0.0047758
0.0047758
0.0047512
0.0047512
0.0047758
0.0047758
0.0047758
0.0047512
0.0047512
0.0047758
0.0048004
0.0047758
0.0047758
0.0047512
0.0047758
0.0048004
0.0048004
0.0047758
0.0047758
0.0047758
0.0048004
0.0048004
0.0048004
0.0047758
0.0047758
0.0047758
0.0047758
0.0048004
0.0048004
0.0047758
0.0047758
0.0047758
0.0048004
0.0048004
0.0047758
0.0047758
0.0048004
0.0048004
0.0048004
0.0048004
0.0047758
0.0048004
0.004825
0.004825
0.0048004
0.0047758
0.0048004
0.004825
0.0048004
0.0048004
0.0047758
0.0048004
0.004825
0.004825
0.0048004
0.0048004
0.004825
0.004825
0.004825
0.0048004
0.0048004
0.004825
0.0048004
0.004825
0.0048497
0.0048497
0.004825
0.004825
0.004825
0.0048497
0.0048497
0.004825
0.004825
0.0048497
0.0048497
0.0048497
0.0048497
0.004825
0.0048497
0.0048743
0.0048743
0.0048497
0.0048497
0.0048497
0.0048743
0.0048743
0.0048743
0.0048497
0.0048497
0.0048743
0.0048743
0.0048497
0.0048497
0.0048743
0.0048743
0.0048743
0.0048743
0.0048497
0.0048743
0.0048743
0.0048743
0.0048743
0.0048989
0.0048743
0.0048743
0.0048743
0.0048989
0.0048989
0.0048743
0.0048743
0.0048743
0.0048989
0.0048989
0.0048989
0.0048989
0.0048989
0.0049235
0.0049235
0.0048989
0.0048743
0.0048743
0.0048497
0.0048989
0.0049974
0.0052189
0.0054405
0.0055882
0.0057851
0.0058836
0.0059328
0.0059574
0.0059328
0.0058836
0.0057605
0.0056374
0.0055389
0.0054159
0.0053174
0.0052681
0.0052189
0.0051943
0.0051943
0.0050958
0.0050712
0.005022
0.0049727
0.0049481
0.0049235
0.0049235
0.0048743
0.0048497
0.0048743
0.0048743
0.0048743
0.0048497
0.0048497
0.0048497
0.0048743
0.0048743
0.0048497
0.0048497
0.0048497
0.0048743
0.0048743
0.0048497
0.004825
0.004825
0.0048497
0.0048497
0.004825
0.0048004
0.0048004
0.004825
0.004825
0.0048004
0.0047758
0.0047758
0.0047758
0.0047758
0.0047512
0.0047266
0.0047266
0.0046773
0.0046773
0.0046773
0.0046527
0.0046527
0.0046527
0.0046527
0.0046527
0.0046527
0.0046281
0.0046527
0.0046773
0.0046773
0.0046773
0.0046773
0.0047019
0.0047266
0.0047512
0.0047758
0.0047758
0.0048004
0.0048497
0.0048743
0.0048989
0.0049235
0.0049481
0.0049727
0.005022
0.005022
0.005022
0.0050466
0.0050712
0.0050958
0.0050958
0.0050958
0.0050958
0.0051204
0.0051451
0.0051451
0.0051204
0.0051451
0.0051204
0.0051451
0.0051451
0.0051697
0.0051451
0.0051451
0.0051451
0.0051697
0.0051697
0.0051451
0.0051451
0.0051451
0.0051697
0.0051697
0.0051697
0.0051451
0.0051451
0.0051697
0.0051697
0.0051697
0.0051451
0.0051451
0.0051697
0.0051943
0.0051697
0.0051697
0.0051697
0.0051943
0.0052189
0.0051943
0.0051943
0.0051943
0.0052189
0.0052189
0.0052189
0.0052189
0.0052189
0.0052435
0.0052435
0.0052681
0.0052928
0.0052928
0.0052681
0.0052928
0.0052928
0.0053174
0.0053174
0.0053174
0.0053174
0.005342
0.005342
0.005342
0.005342
0.005342
0.0053666
0.0053912
0.0053666
0.0053666
0.0053666
0.0053912
0.0053912
0.0053912
0.0053912
0.0053912
0.0054159
0.0054405
0.0054405
0.0054159
0.0054159
0.0054159
0.0054405
0.0054405
0.0054405
0.0054405
0.0054405
0.0054651
0.0054651
0.0054405
0.0054405
0.0054651
0.0054651
0.0054651
0.0054897
0.0054897
0.0054651
0.0054651
0.0054897
0.0054897
0.0054897
0.0054897
0.0054897
0.0054897
0.0055143
0.0054897
0.0054897
0.0054897
0.0055143
0.0055143
0.0055143
0.0055143
0.0055143
0.0055143
0.0055389
0.0055389
0.0055389
0.0055389
0.0055389
0.0055636
0.0055636
0.0055389
0.0055389
0.0055636
0.0055636
0.0055636
0.0055389
0.0055389
0.0055636
0.0055882
0.0055882
0.0055882
0.0055882
0.0055882
0.0055882
0.0055882
0.0056128
0.0056128
0.0055882
0.0055882
0.0056128
0.0056128
0.0056128
0.0056128
0.0056128
0.0056128
0.0056374
0.0056374
0.0056374
0.0056374
0.0056374
0.005662
0.005662
0.0056374
0.0056374
0.005662
0.005662
0.005662
0.005662
0.005662
0.005662
0.0056866
0.0056866
0.005662
0.005662
0.005662
0.0056866
0.0056866
0.0056866
0.005662
0.0056866
0.0056866
0.0057113
0.0057113
0.0057113
0.0057113
0.0057113
0.0057113
0.0057359
0.0057359
0.0057113
0.0057113
0.0057113
0.0057359
0.0057359
0.0057359
0.0057359
0.0057605
0.0057605
0.0057851
0.0057605
0.0057605
0.0057605
0.0057851
0.0057851
0.0057605
0.0057605
0.0057851
0.0058097
0.0058097
0.0058097
0.0057851
0.0057851
0.0058097
0.0058097
0.0058097
0.0057851
0.0058097
0.0058344
0.0058344
0.0058344
0.0058344
0.0058344
0.0058344
0.005859
0.005859
0.0058344
0.0058344
0.005859
0.005859
0.0058836
0.005859
0.005859
0.0058836
0.0058836
0.0059082
0.0058836
0.0058836
0.0058836
0.0059082
0.0059082
0.0059082
0.0059082
0.0059082
0.0059328
0.0059328
0.0059328
0.0059328
0.0059328
0.0059574
0.0059574
0.0059574
0.0059574
0.0059574
0.0059821
0.0059821
0.0059821
0.0059821
0.0059821
0.0059821
0.0059574
0.0064252
0.0065236
0.0066713
0.0067944
0.0068191
0.0068437
0.0068191
0.0067452
0.0066467
0.0065483
0.0064744
0.0063759
0.0062775
0.0062282
0.0062036
0.0062282
0.0062036
0.0061544
0.0061298
0.0061298
0.0061298
0.0061298
0.0061051
0.0060559
0.0060313
0.0060313
0.0060067
0.0059821
0.0059574
0.0059574
0.0059821
0.0059821
0.0059574
0.0059574
0.0059574
0.0059574
0.0059574
0.0059574
0.0059328
0.0059328
0.0059328
0.0059328
0.0059574
0.0059328
0.0059082
0.0059082
0.0059328
0.0059328
0.0059082
0.0058836
0.0058836
0.0058836
0.0058836
0.005859
0.0058344
0.0058344
0.0058344
0.0058097
0.0058097
0.0057851
0.0057605
0.0057605
0.0057605
0.0057359
0.0057113
0.0057113
0.0057113
0.0057113
0.0056866
0.005662
0.005662
0.0056866
0.0056866
0.0056866
0.005662
0.005662
0.0057113
0.0057359
0.0057359
0.0057359
0.0058097
0.0058344
0.0059082
0.0059821
0.0059821
0.0059328
0.0059082
0.0060067
0.0061051
0.0060805
0.0059821
0.0059574
0.0060559
0.0061544
0.0061298
0.0060313
0.0059821
0.0060805
0.006179
0.0061298
0.0060313
0.0059821
0.0060805
0.006179
0.0061298
0.0060313
0.0059821
0.0060805
0.0061544
0.0061298
0.0060313
0.0059821
0.0060559
0.0061051
0.0060805
0.0060313
0.0059821
0.0060313
0.0060805
0.0060559
0.0060559
0.0059821
0.0059574
0.0060067
0.0060559
0.0060313
0.0059821
0.0059574
0.0059821
0.0060313
0.0060313
0.0059821
0.0059574
0.0059821
0.0060313
0.0060313
0.0059821
0.0059574
0.0060067
0.0060313
0.0060313
0.0059821
0.0059574
0.0060067
0.0060313
0.0060313
0.0060067
0.0059821
0.0060067
0.0060313
0.0060313
0.0059821
0.0059821
0.0060067
0.0060313
0.0060313
0.0060067
0.0059821
0.0060067
0.0060313
0.0060313
0.0060313
0.0060067
0.0059821
0.0060067
0.0060313
0.0060313
0.0060067
0.0059821
0.0060067
0.0060559
0.0060559
0.0060067
0.0059821
0.0060067
0.0060559
0.0060559
0.0060313
0.0060067
0.0060313
0.0060559
0.0060559
0.0060313
0.0060067
0.0060313
0.0060559
0.0060559
0.0060313
0.0060067
0.0060313
0.0060559
0.0060805
0.0060559
0.0060313
0.0060559
0.0060805
0.0060805
0.0060559
0.0060313
0.0060559
0.0060559
0.0060559
0.0060805
0.0061051
0.0060805
0.0060559
0.0060805
0.0061051
0.0061051
0.0060805
0.0060559
0.0060805
0.0061051
0.0061051
0.0060805
0.0060559
0.0060805
0.0061051
0.0061051
0.0060805
0.0060805
0.0060805
0.0061051
0.0061051
0.0060805
0.0060805
0.0060805
0.0061051
0.0061051
0.0060805
0.0060805
0.0060805
0.0061051
0.0061051
0.0060805
0.0060805
0.0060805
0.0061051
0.0061051
0.0061051
0.0061051
0.0060805
0.0061051
0.0061298
0.0061298
0.0061051
0.0060805
0.0061051
0.0061298
0.0061298
0.0061298
0.0061051
0.0061051
0.0061298
0.0061298
0.0061298
0.0061051
0.0061051
0.0061298
0.0061298
0.0061298
0.0061051
0.0061051
0.0061298
0.0061298
0.0061051
0.0061051
0.0061051
0.0061298
0.0061298
0.0061051
0.0061051
0.0061051
0.0061298
0.0061298
0.0061298
0.0061051
0.0061051
0.0061298
0.0061544
0.0061298
0.0061544
0.0061298
0.0061051
0.0061298
0.0061298
0.0061544
0.0061298
0.0061298
0.0061298
0.0061544
0.0061544
0.0061298
0.0061298
0.0061298
0.0061544
0.0061544
0.0061544
0.0061298
0.0061298
0.0061544
0.006179
0.0061544
0.0061544
0.0061544
0.006179
0.006179
0.006179
0.0061544
0.0061544
0.006179
0.0062036
0.006179
0.006179
0.006179
0.0062036
0.0062036
0.0062036
0.006179
0.006179
0.0062036
0.0062036
0.0062282
0.0062282
0.0062282
0.0062036
0.0062036
0.0062282
0.0062282
0.0062282
0.0062036
0.0062036
0.0062282
0.0062528
0.0062282
0.0062282
0.0062282
0.0062528
0.0062528
0.0062528
0.0062282
0.0062282
0.0062528
0.0062528
0.0062528
0.0062282
0.0062282
0.0062528
0.0062775
0.0062528
0.0062282
0.0062282
0.0062528
0.0062775
0.0062528
0.0062528
0.0062528
0.0062528
0.0062775
0.0062528
0.0062775
0.0062775
0.0062528
0.0062528
0.0062775
0.0062775
0.0062775
0.0062528
0.0062528
0.0062775
0.0063021
0.0062775
0.0062775
0.0062775
0.0062528
0.0062528
0.0062775
0.0064252
0.0066713
0.0068683
0.0069914
0.0071637
0.0072622
0.0073114
0.0073114
0.0072868
0.0071883
0.0070652
0.0069421
0.0068437
0.0067206
0.0066221
0.0065483
0.006499
0.006499
0.0064744
0.0064498
0.0064252
0.0064252
0.0064252
0.0062528
0.0062528
0.0062036
0.006179
0.006179
0.006179
0.0062036
0.006179
0.006179
0.0061544
0.006179
0.006179
0.006179
0.0061544
0.0061544
0.0061544
0.006179
0.0061544
0.0061544
0.0061298
0.0061544
0.0061544
0.0061544
0.0061298
0.0061051
0.0061298
0.0061298
0.0061051
0.0060805
0.0060805
0.0060805
0.0060805
0.0060559
0.0060313
0.0060313
0.0060313
0.0060067
0.0060067
0.0059821
0.0059574
0.0059082
0.0059082
0.0059082
0.0059082
0.0059082
0.0058836
0.005859
0.0058836
0.0058836
0.0059082
0.0058836
0.0058836
0.0059082
0.0059328
0.0059574
0.0059328
0.0059574
0.0059821
0.0060067
0.0060313
0.0060313
0.0060559
0.0061051
0.0061544
0.0061544
0.0061544
0.006179
0.0062036
0.0062528
0.0062775
0.0062528
0.0062528
0.0062775
0.0063267
0.0063267
0.0063267
0.0063021
0.0063267
0.0063513
0.0063513
0.0063513
0.0063759
0.0063513
0.0063267
0.0063267
0.0063513
0.0063759
0.0063267
0.0063021
0.0063267
0.0063513
0.0063513
0.0063021
0.0062775
0.0063021
0.0063267
0.0063267
0.0063021
0.0062775
0.0063021
0.0063267
0.0063267
0.0063021
0.0062775
0.0063021
0.0063267
0.0063267
0.0063021
0.0062528
0.0062775
0.0063021
0.0063021
0.0062775
0.0062775
0.0062775
0.0063021
0.0063021
0.0062775
0.0062775
0.0062775
0.0062775
0.0062775
0.0063021
0.0063267
0.0063021
0.0062775
0.0063021
0.0063267
0.0063267
0.0063021
0.0063021
0.0063021
0.0063267
0.0063267
0.0063021
0.0063021
0.0063021
0.0063267
0.0063267
0.0063267
0.0063021
0.0063267
0.0063267
0.0063267
0.0063267
0.0063267
0.0063267
0.0063513
0.0063513
0.0063513
0.0063267
0.0063267
0.0063513
0.0063513
0.0063513
0.0063513
0.0063513
0.0063513
0.0063759
0.0063513
0.0063513
0.0063021
0.0063021
0.0063759
0.0065483
0.0067698
0.0069175
0.0070652
0.0072375
0.007336
0.0073606
0.007336
0.0073114
0.0072375
0.0071391
0.007016
0.0068929
0.0067698
0.0067206
0.0066713
0.0066467
0.0066221
0.0065729
0.0065729
0.0065729
0.0065483
0.0065236
0.006499
0.0064744
0.0064252
0.0064006
0.0063759
0.0063267
0.0063267
0.0063021
0.0063021
0.0062775
0.0062775
0.0062775
0.0062775
0.0062528
0.0062528
0.0062528
0.0062282
0.0062282
0.0062528
0.0062528
0.0062282
0.0062036
0.0062036
0.0062036
0.0062036
0.0062036
0.006179
0.0061544
0.0061544
0.0061544
0.0061298
0.0061298
0.0061051
0.0061051
0.0061051
0.0060805
0.0060559
0.0060559
0.0060559
0.0060313
0.0060067
0.0060067
0.0059821
0.0059821
0.0059821
0.0059574
0.0059328
0.0059328
0.0059328
0.0059328
0.0059328
0.0059082
0.0059328
0.0059821
0.0060067
0.0060313
0.0060559
0.0060559
0.0060805
0.0061051
0.0061298
0.006179
0.006179
0.0062036
0.0062282
0.0062528
0.0062775
0.0063021
0.0063021
0.0063267
0.0063513
0.0063759
0.0063759
0.0063759
0.0064006
0.0064252
0.0064252
0.0064498
0.0064498
0.0064498
0.0064744
0.0064744
0.006499
0.006499
0.006499
0.0065236
0.0065236
0.0065236
0.0065236
0.0065483
0.0065483
0.0065729
0.0065729
0.0066221
0.0066221
0.0066221
0.0066221
0.0066467
0.0066467
0.0066467
0.0066467
0.0066713
0.0066713
0.0066713
0.006696
0.0066713
0.0066713
0.006696
0.006696
0.006696
0.006696
0.006696
0.006696
0.006696
0.006696
0.006696
0.006696
0.006696
0.0067206
0.0067206
0.006696
0.006696
0.0067206
0.0067206
0.0067206
0.0067206
0.0067206
0.0067452
0.0067452
0.0067452
0.0067452
0.0067206
0.0067452
0.0067452
0.0067452
0.0067698
0.0067698
0.0067698
0.0067698
0.0067698
0.0067698
0.0067698
0.0067698
0.0067698
0.0067698
0.0067944
0.0067944
0.0067944
0.0067698
0.0067944
0.0067944
0.0067944
0.0067944
0.0067698
0.0067944
0.0067944
0.0067944
0.0067944
0.0067698
0.0067944
0.0067944
0.0067944
0.0067944
0.0067944
0.0067944
0.0067944
0.0067944
0.0067944
0.0067944
0.0067944
0.0067944
0.0067944
0.0067944
0.0067944
0.0067944
0.0067944
0.0068191
0.0068191
0.0067944
0.0067944
0.0067944
0.0067944
0.0068191
0.0067944
0.0067944
0.0067944
0.0067944
0.0067944
0.0067944
0.0067944
0.0067944
0.0067944
0.0067944
0.0067944
0.0067944
0.0067944
0.0067944
0.0068191
0.0067944
0.0067944
0.0068191
0.0068191
0.0067944
0.0067698
0.0067452
0.0067944
0.0069668
0.0072129
0.0073606
0.0075083
0.0076807
0.0077791
0.0078284
0.0076068
0.0075083
0.0073606
0.0072375
0.0071637
0.0071145
0.0070898
0.0070406
0.007016
0.0069668
0.0069668
0.0069668
0.0069421
0.0069175
0.0068683
0.0068437
0.0068191
0.0067698
0.0067206
0.006696
0.006696
0.0066713
0.0066713
0.0066467
0.0066467
0.0066713
0.0066713
0.0066467
0.0066467
0.0066467
0.0066467
0.0066467
0.0066467
0.0066221
0.0066221
0.0066221
0.0066221
0.0066221
0.0065975
0.0065975
0.0065729
0.0065729
0.0065483
0.0065483
0.0065236
0.0065236
0.006499
0.006499
0.006499
0.0064744
0.0064498
0.0064498
0.0064498
0.0064252
0.0064006
0.0064006
0.0063759
0.0063759
0.0063759
0.0063759
0.0063513
0.0063513
0.0063513
0.0063513
0.0063513
0.0063513
0.0063513
0.0063513
0.0063759
0.0063759
0.0064006
0.0064006
0.0064498
0.0064744
0.0064744
0.006499
0.0065236
0.0065729
0.0065975
0.0066221
0.0067206
0.0067206
0.0067452
0.0067452
0.0067698
0.0067944
0.0067944
0.0067944
0.0067944
0.0067944
0.0068191
0.0068191
0.0067944
0.0067944
0.0068191
0.0068191
0.0068191
0.0067944
0.0067944
0.0068191
0.0068191
0.0068191
0.0067944
0.0067944
0.0067944
0.0067944
0.0067944
0.0067944
0.0067944
0.0067944
0.0067944
0.0067944
0.0067944
0.0067698
0.0067944
0.0067944
0.0067944
0.0067698
0.0067698
0.0067698
0.0067944
0.0067944
0.0067944
0.0067698
0.0067944
0.0067944
0.0067944
0.0067944
0.0067944
0.0067944
0.0067944
0.0068191
0.0067944
0.0067944
0.0067944
0.0067944
0.0068191
0.0068191
0.0067944
0.0067944
0.0068191
0.0068191
0.0068191
0.0067944
0.0067944
0.0068191
0.0068191
0.0068191
0.0067944
0.0067944
0.0068191
0.0068191
0.0068191
0.0068191
0.0068191
0.0068191
0.0068191
0.0068191
0.0068191
0.0068191
0.0068191
0.0068437
0.0068437
0.0068437
0.0068437
0.0068437
0.0068437
0.0068437
0.0068437
0.0068437
0.0068437
0.0068437
0.0068683
0.0068437
0.0068437
0.0068437
0.0068437
0.0068683
0.0068683
0.0068437
0.0068437
0.0068683
0.0068683
0.0068683
0.0068683
0.0068437
0.0068683
0.0068683
0.0068683
0.0068683
0.0068683
0.0068683
0.0068683
0.0068683
0.0068683
0.0068683
0.0068683
0.0068929
0.0068929
0.0068683
0.0068929
0.0070652
0.0072868
0.0074099
0.0075822
0.0077299
0.0077791
0.0078038
0.0077791
0.0077545
0.0076807
0.0075576
0.0074591
0.0073606
0.0072622
0.0072129
0.0071637
0.0071391
0.0071145
0.0070898
0.0070652
0.0070652
0.0070406
0.007016
0.0069914
0.0069668
0.0069175
0.0068683
0.0068683
0.0068437
0.0068191
0.0067944
0.0067944
0.0067944
0.0067944
0.0067944
0.0067944
0.0067944
0.0067944
0.0067944
0.0067698
0.0067944
0.0067698
0.0067698
0.0067698
0.0067698
0.0067698
0.0067698
0.0067452
0.0067452
0.0067452
0.0067452
0.0067206
0.0067206
0.006696
0.006696
0.006696
0.006696
0.0066713
0.0066467
0.0066467
0.0066467
0.0066221
0.0066221
0.0065975
0.0065975
0.0065975
0.0065975
0.0065729
0.0065483
0.0065483
0.0065483
0.0065483
0.0065483
0.0065483
0.0065483
0.0065729
0.0065729
0.0065729
0.0065975
0.006696
0.0067206
0.0067452
0.0067698
0.0067944
0.0068191
0.0068437
0.0068683
0.0068929
0.0068929
0.0069175
0.0069421
0.0069668
0.0069668
0.0069668
0.0069668
0.0069914
0.0069914
0.0069914
0.0069914
0.0069914
0.007016
0.007016
0.0070406
0.007016
0.007016
0.007016
0.007016
0.0070406
0.007016
0.007016
0.007016
0.007016
0.007016
0.007016
0.007016
0.007016
0.0070406
0.0070406
0.007016
0.0070406
0.0070406
0.0070406
0.0070406
0.0070406
0.0070406
0.0070406
0.0070406
0.0070406
0.0070406
0.0070406
0.0070406
0.0070406
0.0070406
0.0070406
0.0070652
0.0070406
0.0070406
0.0070406
0.0070652
0.0070652
0.0070652
0.0070652
0.0070652
0.0070652
0.0070652
0.0070652
0.0070652
0.0070652
0.0070898
0.0070898
0.0070898
0.0070898
0.0070898
0.0070898
0.0070898
0.0070898
0.0070898
0.0070898
0.0071145
0.0071145
0.0071145
0.0071145
0.0071145
0.0071145
0.0071145
0.0071391
0.0071391
0.0071391
0.0071391
0.0071391
0.0071391
0.0071637
0.0071391
0.0071391
0.0071391
0.0071391
0.0071637
0.0071637
0.0071391
0.0071391
0.0071637
0.0071637
0.0071637
0.0071637
0.0071637
0.0071637
0.0071883
0.0071883
0.0071637
0.0071637
0.0071883
0.0071883
0.0071883
0.0071883
0.0071883
0.0071883
0.0072129
0.0071883
0.0071883
0.0072129
0.0072129
0.0072129
0.0072129
0.0072129
0.0072129
0.0072129
0.0072129
0.0072129
0.0072375
0.0072129
0.0072129
0.0072129
0.0072375
0.0072375
0.0072375
0.0072375
0.0072375
0.0072375
0.0072375
0.0072375
0.0072375
0.0072375
0.0072129
0.0071883
0.0071883
0.0072622
0.0074345
0.0076314
0.0077299
0.007853
0.0080007
0.0080253
0.0080499
0.0080253
0.0079761
0.0078776
0.0077791
0.0076807
0.0075822
0.0074591
0.0074345
0.0073853
0.0073606
0.0073606
0.0073606
0.007336
0.0073114
0.0072868
0.0072622
0.0072622
0.0072375
0.0072129
0.0072129
0.0072129
0.0072129
0.0072129
0.0072129
0.0072129
0.0071883
0.0072129
0.0072129
0.0072129
0.0071883
0.0071883
0.0071883
0.0072129
0.0071883
0.0071883
0.0071883
0.0071883
0.0072129
0.0071883
0.0071883
0.0071883
0.0071883
0.0071883
0.0071883
0.0071637
0.0071637
0.0071391
0.0071145
0.0071145
0.0071145
0.0071145
0.0070898
0.0070652
0.0070652
0.0070652
0.0070652
0.0070406
0.007016
0.007016
0.007016
0.007016
0.0069914
0.0069914
0.0069914
0.0069914
0.007016
0.007016
0.007016
0.0070406
0.0070406
0.0070652
0.0070898
0.0070898
0.0071145
0.0071391
0.0071637
0.0071883
0.0072129
0.0072375
0.0072622
0.0072868
0.0072868
0.0072868
0.0073114
0.007336
0.0073606
0.0073853
0.0073853
0.0073853
0.0073853
0.0073853
0.0073853
0.0073853
0.0073853
0.0073853
0.0073853
0.0073853
0.0073853
0.0073853
0.0073853
0.0073853
0.0073853
0.0073853
0.0073853
0.0073853
0.0073853
0.0073853
0.0073853
0.0073606
0.0073606
0.0073606
0.0073606
0.0073606
0.0073606
0.0073606
0.0073606
0.0073606
0.0073606
0.0073606
0.0073606
0.0073606
0.0073606
0.0073606
0.0073606
0.0073606
0.0073606
0.0073606
0.0073606
0.0073606
0.0073606
0.0073606
0.0073606
0.0073606
0.0073853
0.0073853
0.0073853
0.0073606
0.0073853
0.0073853
0.0073853
0.0073853
0.0073853
0.0073853
0.0073853
0.0073853
0.0073853
0.0073853
0.0073853
0.0073853
0.0073853
0.0073853
0.0073853
0.0073853
0.0073853
0.0073853
0.0073853
0.0073853
0.0073853
0.0073853
0.0074099
0.0073853
0.0073853
0.0073853
0.0073853
0.0074099
0.0073853
0.0073853
0.0073853
0.0073853
0.0073853
0.0073853
0.0073853
0.0073853
0.0073853
0.0073853
0.0073853
0.0074099
0.0073853
0.0073853
0.0073853
0.0074099
0.0074099
0.0074099
0.0073853
0.0073853
0.0074099
0.0074099
0.0074099
0.0073853
0.0073853
0.0074099
0.0074099
0.0074099
0.0074099
0.0074099
0.0073853
0.0073606
0.0073606
0.0074099
0.0075822
0.0078284
0.0079515
0.0080992
0.0082715
0.0083453
0.0083946
0.0081238
0.0080007
0.0078776
0.0077545
0.0076807
0.0076314
0.0076068
0.0076068
0.0075576
0.007533
0.007533
0.007533
0.0075083
0.0074591
0.0074345
0.0074099
0.0073853
0.0073606
0.007336
0.0073114
0.0073114
0.0073114
0.0073114
0.0073114
0.0072868
0.0072868
0.0072868
0.0073114
0.0072868
0.0072868
0.0072868
0.0072868
0.0072868
0.0072868
0.0072622
0.0072622
0.0072622
0.0072622
0.0072622
0.0072375
