2018
8
16
10
0
23.49
0.0055389
0.0055143
0.0055143
0.0055143
0.0055389
0.0055143
0.0055143
0.0054897
0.0055143
0.0055143
0.0054897
0.0054897
0.0054651
0.0054897
0.0054897
0.0054897
0.0054651
0.0054651
0.0054651
0.0054651
0.0054651
0.0054651
0.0054651
0.0054651
0.0054651
0.0054651
0.0054651
0.0054405
0.0054405
0.0054651
0.0054651
0.0054405
0.0054159
0.0054405
0.0054405
0.0054405
0.0054405
0.0054159
0.0054405
0.0054405
0.0053912
0.0054159
0.0053912
0.0053912
0.0053666
0.0053912
0.0053912
0.0053912
0.0053666
0.0053666
0.0053666
0.0053912
0.0053912
0.0053666
0.0053666
0.0053666
0.0053666
0.0053666
0.0053666
0.0053666
0.0053666
0.0053666
0.0053912
0.0053666
0.0053666
0.0053666
0.0053666
0.0053666
0.0053666
0.005342
0.0053666
0.0053912
0.0053912
0.0053666
0.005342
0.005342
0.0053666
0.0053666
0.0053666
0.005342
0.0053666
0.005342
0.0053666
0.0053666
0.0053666
0.0053666
0.005342
0.005342
0.0053666
0.0053666
0.005342
0.005342
0.005342
0.0053666
0.0053666
0.005342
0.005342
0.005342
0.0053666
0.0053666
0.005342
0.005342
0.005342
0.0053666
0.0053666
0.0053666
0.0053666
0.0053666
0.0053666
0.0053912
0.0053666
0.005342
0.005342
0.005342
0.005342
0.0053174
0.0053174
0.005342
0.005342
0.0053666
0.0054405
0.0054651
0.0054897
0.0054897
0.0055143
0.0055389
0.0055389
0.0055143
0.0054651
0.0054405
0.0054405
0.0054405
0.0054159
0.0053912
0.0053912
0.0054159
0.0054159
0.0053912
0.0053912
0.0053912
0.0053912
0.0054159
0.0053912
0.0053912
0.0053912
0.0054159
0.0054159
0.0054159
0.0053912
0.0053912
0.0054159
0.0054405
0.0054159
0.0054159
0.0054159
0.0054405
0.0054405
0.0054405
0.0054159
0.0054159
0.0054159
0.0054159
0.0054405
0.0054405
0.0054405
0.0054159
0.0054405
0.0054405
0.0054651
0.0054405
0.0054405
0.0054405
0.0054405
0.0054651
0.0054405
0.0054405
0.0054405
0.0054405
0.0054405
0.0054405
0.0054159
0.0054159
0.0054405
0.0054405
0.0054405
0.0054405
0.0054405
0.0054651
0.0054651
0.0054651
0.0054651
0.0054651
0.0054651
0.0054897
0.0054897
0.0054651
0.0054897
0.0054897
0.0055143
0.0055143
0.0055143
0.0055143
0.0055143
0.0055143
0.0055389
0.0055389
0.0055143
0.0055143
0.0055389
0.0055389
0.0055389
0.0055389
0.0055389
0.0055389
0.0055636
0.0055636
0.0055389
0.0055389
0.0055389
0.0055636
0.0055389
0.0055389
0.0055143
0.0055389
0.0055389
0.0055389
0.0055389
0.0055143
0.0055389
0.0055389
0.0055389
0.0055143
0.0055143
0.0055389
0.0055636
0.0055389
0.0055143
0.0055143
0.0055389
0.0055389
0.0055636
0.0055389
0.0055389
0.0055389
0.0055389
0.0055636
0.0055389
0.0055389
0.0055389
0.0055389
0.0055636
0.0055636
0.0055389
0.0055389
0.0055636
0.0055636
0.0055636
0.0055389
0.0055389
0.0055636
0.0055636
0.0055636
0.0055389
0.0055389
0.0055636
0.0055636
0.0055636
0.0055389
0.0055389
0.0055636
0.0055636
0.0055636
0.0055389
0.0055389
0.0055389
0.0055636
0.0055636
0.0055389
0.0055389
0.0055636
0.0055389
0.0055636
0.0055636
0.0055636
0.0055636
0.0055389
0.0055636
0.0055882
0.0055636
0.0055636
0.0055389
0.0055636
0.0055636
0.0055636
0.0055636
0.0055636
0.0055636
0.0055882
0.0055882
0.0055636
0.0055636
0.0055636
0.0055882
0.0055882
0.0055636
0.0055636
0.0055882
0.0056128
0.0056128
0.0055636
0.0054897
0.0054405
0.0054159
0.0053666
0.0053174
0.0052928
0.0052928
0.0053174
0.0053174
0.0052928
0.0053666
0.0053666
0.0053912
0.0054159
0.0054405
0.0054651
0.0054651
0.0054651
0.0054651
0.0055143
0.0055143
0.0055143
0.0055389
0.0055636
0.0055882
0.0056128
0.0056128
0.0056128
0.0056128
0.0056374
0.0056374
0.0056374
0.0056374
0.0056374
0.005662
0.005662
0.0056374
0.0056374
0.0056374
0.005662
0.005662
0.005662
0.005662
0.005662
0.0056866
0.0056866
0.005662
0.005662
0.005662
0.0056866
0.0056866
0.0057113
0.0057113
0.0057113
0.0057113
0.0057113
0.0057359
0.0057359
0.0057359
0.0057113
0.0057359
0.0057605
0.0057605
0.0057605
0.0057359
0.0057359
0.0057605
0.0057605
0.0057605
0.0057359
0.0057359
0.0057605
0.0057605
0.0057359
0.0057359
0.0057359
0.0057359
0.0057605
0.0057359
0.0057113
0.0057113
0.0057359
0.0057359
0.0057113
0.0057113
0.0056866
0.0057113
0.0057113
0.0056866
0.0056866
0.005662
0.005662
0.0056866
0.0056866
0.005662
0.005662
0.005662
0.0056866
0.0056866
0.0056866
0.005662
0.005662
0.0056866
0.0056866
0.0056866
0.005662
0.005662
0.0056866
0.0056866
0.0056866
0.005662
0.005662
0.0056866
0.0056866
0.0056866
0.005662
0.005662
0.0056866
0.0056866
0.0056866
0.005662
0.005662
0.0056866
0.0056866
0.0056866
0.005662
0.005662
0.0056866
0.0056866
0.0056866
0.0057113
0.0056866
0.0056866
0.0056866
0.0056866
0.0057113
0.0056866
0.0056866
0.0056866
0.0056866
0.0057113
0.0057113
0.0056866
0.0056866
0.0057113
0.0057113
0.0057113
0.0056866
0.0056866
0.0057113
0.0057113
0.0057113
0.0056866
0.0056866
0.0057113
0.0057359
0.0057113
0.0057113
0.0057113
0.0057359
0.0057359
0.0057359
0.0057113
0.0057113
0.0057359
0.0057359
0.0057359
0.0057113
0.0057359
0.0057359
0.0057359
0.0057605
0.0057605
0.0057605
0.0057605
0.0057605
0.0057605
0.0057851
0.0057851
0.0057605
0.0057605
0.0057605
0.0057851
0.0057851
0.0057605
0.0057851
0.0057851
0.0058097
0.0058097
0.0057851
0.0057851
0.0057851
0.0058097
0.0058097
0.0057851
0.0057851
0.0058097
0.0058097
0.0058344
0.0058097
0.0058097
0.0058097
0.0058344
0.0058344
0.0058097
0.0058097
0.0058344
0.0058344
0.0058344
0.0058344
0.0058836
0.005859
0.005859
0.0058344
0.0057851
0.0057359
0.005662
0.0056128
0.0056128
0.0056128
0.0056128
0.0055882
0.0055882
0.0056128
0.0056374
0.0056374
0.0056374
0.0056374
0.0056866
0.0057113
0.0057359
0.0057359
0.0057605
0.0057851
0.0058097
0.0058097
0.0058097
0.0058344
0.005859
0.0058836
0.0059082
0.0059082
0.0059082
0.0059328
0.0059574
0.0059574
0.0059574
0.0059574
0.0059574
0.0059821
0.0059574
0.0059821
0.0059821
0.0059574
0.0059574
0.0059574
0.0059821
0.0059821
0.0059821
0.0059574
0.0059821
0.0059821
0.0060067
0.0059821
0.0059821
0.0059821
0.0060067
0.0060067
0.0060067
0.0060067
0.0060067
0.0060313
0.0060313
0.0060313
0.0060313
0.0060313
0.0060559
0.0060559
0.0060559
0.0060559
0.0060559
0.0060805
0.0060805
0.0060805
0.0060559
0.0060805
0.0061051
0.0061051
0.0060805
0.0060805
0.0060559
0.0060559
0.0060805
0.0060559
0.0060559
0.0060313
0.0060313
0.0060559
0.0060559
0.0060313
0.0060067
0.0060067
0.0060313
0.0060313
0.0060067
0.0059821
0.0060067
0.0060067
0.0060067
0.0060067
0.0059821
0.0059821
0.0060067
0.0060067
0.0059821
0.0059821
0.0059821
0.0060067
0.0060067
0.0060067
0.0059821
0.0059821
0.0060067
0.0060313
0.0060067
0.0060067
0.0060067
0.0060313
0.0060313
0.0060313
0.0060313
0.0060313
0.0060313
0.0060313
0.0060313
0.0060559
0.0060313
0.0060313
0.0060313
0.0060559
0.0060559
0.0060313
0.0060313
0.0060313
0.0060559
0.0060559
0.0060559
0.0060559
0.0060559
0.0060559
0.0060559
0.0060559
0.0060313
0.0060559
0.0060559
0.0060805
0.0060559
0.0060559
0.0060313
0.0060559
0.0060805
0.0060559
0.0060559
0.0060559
0.0060559
0.0060805
0.0060559
0.0060559
0.0060559
0.0060559
0.0060559
0.0060559
0.0060805
0.0060559
0.0060559
0.0060559
0.0060559
0.0060805
0.0060559
0.0060559
0.0060559
0.0060805
0.0060805
0.0060805
0.0060805
0.0060805
0.0060805
0.0061051
0.0060805
0.0060805
0.0060805
0.0061051
0.0061051
0.0061051
0.0061051
0.0060805
0.0061051
0.0061298
0.0061051
0.0061051
0.0061051
0.0061051
0.0061298
0.0061051
0.0061051
0.0061051
0.0061298
0.0061298
0.0061298
0.0061051
0.0061298
0.0061051
0.0061298
0.0061298
0.0061544
0.0061298
0.0061298
0.0061051
0.0061298
0.0061544
0.0061544
0.0061544
0.0061544
0.0061544
0.0061298
0.0060805
0.0060067
0.0059328
0.0059082
0.0058836
0.0058836
0.005859
0.005859
0.005859
0.0058836
0.0058836
0.0058836
0.0058836
0.0059328
0.0059574
0.0059821
0.0059821
0.0060067
0.0060313
0.0060559
0.0060559
0.0060559
0.0060805
0.0060805
0.0061051
0.006179
0.006179
0.006179
0.006179
0.006179
0.0062036
0.006179
0.006179
0.006179
0.0062036
0.0062036
0.0062036
0.006179
0.006179
0.0062036
0.0062036
0.0062036
0.006179
0.006179
0.006179
0.0062036
0.0062036
0.006179
0.006179
0.0062036
0.0062036
0.0062036
0.0062036
0.006179
0.0062036
0.0062036
0.0062036
0.0062036
0.006179
0.0062036
0.0062036
0.0062036
0.0062036
0.0062036
0.0062036
0.006179
0.0062036
0.0062282
0.0062036
0.0062036
0.006179
0.0062036
0.0062036
0.0062036
0.006179
0.0061544
0.0061544
0.006179
0.0061544
0.0061298
0.0061298
0.0061298
0.0061298
0.0061298
0.0061051
0.0060805
0.0060805
0.0060805
0.0060805
0.0060559
0.0060313
0.0060559
0.0060559
0.0060559
0.0060313
0.0060067
0.0060067
0.0060313
0.0060313
0.0060067
0.0060067
0.0060067
0.0060313
0.0060067
0.0060067
0.0060067
0.0060067
0.0059821
0.0060067
0.0060067
0.0060313
0.0060067
0.0060067
0.0060067
0.0060313
0.0060313
0.0060067
0.0059821
0.0060067
0.0060067
0.0060067
0.0059821
0.0059821
0.0059821
0.0060067
0.0060067
0.0059821
0.0059574
0.0059574
0.0059821
0.0059574
0.0059574
0.0059328
0.0059328
0.0059328
0.0059328
0.0059328
0.0059082
0.0059082
0.0059328
0.0059328
0.0059328
0.0059082
0.0059082
0.0059328
0.0059082
0.0059082
0.0059082
0.0058836
0.0058836
0.0058836
0.0059082
0.0059082
0.0058836
0.0058836
0.0058836
0.0058836
0.0059082
0.0058836
0.0058836
0.0058836
0.0058836
0.0059082
0.0058836
0.0058836
0.0058836
0.0058836
0.0058836
0.005859
0.005859
0.005859
0.005859
0.005859
0.005859
0.0058344
0.005859
0.005859
0.005859
0.005859
0.0058344
0.0058344
0.005859
0.005859
0.005859
0.0058344
0.0058097
0.0058097
0.0058344
0.0058344
0.0058097
0.0058097
0.0058097
0.0058097
0.0058097
0.0058097
0.0057851
0.0057851
0.0058097
0.0058344
0.0058344
0.0057851
0.0057605
0.0057113
0.005662
0.0055882
0.0055143
0.0054897
0.0054897
0.0054897
0.0054651
0.0054651
0.0054651
0.0054651
0.0054897
0.0054897
0.0054897
0.0055143
0.0055636
0.0055882
0.0055882
0.0055882
0.0055882
0.0056128
0.0056374
0.0056128
0.0056866
0.005662
0.0056866
0.0057113
0.0057113
0.0056866
0.0056866
0.0056866
0.0056866
0.0056866
0.0056866
0.005662
0.005662
0.005662
0.0056866
0.0056866
0.005662
0.005662
0.005662
0.005662
0.005662
0.0056374
0.0056374
0.0056374
0.0056374
0.0056374
0.0056128
0.0056128
0.0056374
0.0056374
0.0056374
0.0056128
0.0056128
0.0056374
0.0056374
0.0056374
0.0056374
0.0056128
0.0056374
0.0056374
0.0056374
0.0056374
0.0056374
0.0056128
0.0056128
0.0056128
0.0056374
0.0056128
0.0055882
0.0055882
0.0055882
0.0056128
0.0056128
0.0055882
0.0055636
0.0055882
0.0055882
0.0055636
0.0055389
0.0055389
0.0055389
0.0055389
0.0055389
0.0055143
0.0054897
0.0054897
0.0054897
0.0054897
0.0054651
0.0054651
0.0054651
0.0054651
0.0054405
0.0054405
0.0054159
0.0054405
0.0054405
0.0054405
0.0054159
0.0054159
0.0054159
0.0054405
0.0054405
0.0054405
0.0054405
0.0054159
0.0054405
0.0054405
0.0054405
0.0054405
0.0054159
0.0054159
0.0054405
0.0054405
0.0054159
0.0054159
0.0054159
0.0054405
0.0054405
0.0054159
0.0054159
0.0054159
0.0054159
0.0054159
0.0054159
0.0054159
0.0054159
0.0054405
0.0054405
0.0054159
0.0054159
0.0054159
0.0054405
0.0054405
0.0054159
0.0053912
0.0054159
0.0054159
0.0054159
0.0054159
0.0054159
0.0054159
0.0053912
0.0054159
0.0054405
0.0054405
0.0054159
0.0053912
0.0054159
0.0054405
0.0054405
0.0054159
0.0054159
0.0054159
0.0054405
0.0054405
0.0054405
0.0054159
0.0054405
0.0054651
0.0054651
0.0054405
0.0054405
0.0054405
0.0054651
0.0054651
0.0054651
0.0054651
0.0054651
0.0054897
0.0054897
0.0054897
0.0054651
0.0054651
0.0054897
0.0054897
0.0054897
0.0054651
0.0054651
0.0054897
0.0054651
0.0054897
0.0054897
0.0054897
0.0054651
0.0054651
0.0054897
0.0054897
0.0054897
0.0054651
0.0054651
0.0054897
0.0054897
0.0054897
0.0054651
0.0054651
0.0054897
0.0054897
0.0054897
0.0054651
0.0054897
0.0055143
0.0055389
0.0055143
0.0054897
0.0054405
0.0054159
0.0053666
0.0052928
0.0052435
0.0052189
0.0052189
0.0052435
0.0052189
0.0051943
0.0051943
0.0052189
0.0052435
0.0052435
0.0052435
0.005342
0.005342
0.0053666
0.0053912
0.0054159
0.0054159
0.0054159
0.0054159
0.0054651
0.0054897
0.0054897
0.0054897
0.0055143
0.0055389
0.0055389
0.0055389
0.0055143
0.0055389
0.0055389
0.0055389
0.0055389
0.0055143
0.0055143
0.0055389
0.0055389
0.0055389
0.0055389
0.0055389
0.0055389
0.0055636
0.0055389
0.0055389
0.0055389
0.0055636
0.0055636
0.0055636
0.0055389
0.0055636
0.0055636
0.0055882
0.0055882
0.0055882
0.0055882
0.0055882
0.0055882
0.0056128
0.0056128
0.0055882
0.0055882
0.0056128
0.0056128
0.0056128
0.0055882
0.0055882
0.0056128
0.0056128
0.0056128
0.0056128
0.0055882
0.0056128
0.0056128
0.0055882
0.0055636
0.0055636
0.0055636
0.0055882
0.0055636
0.0055389
0.0055389
0.0055389
0.0055636
0.0055389
0.0055143
0.0055143
0.0055143
0.0055389
0.0055143
0.0055143
0.0054897
0.0055143
0.0054897
0.0054897
0.0054897
0.0054897
0.0054897
0.0054897
0.0055143
0.0055143
0.0054897
0.0054897
0.0054897
0.0055143
0.0055143
0.0054897
0.0054897
0.0054897
0.0055143
0.0055143
0.0054897
0.0054897
0.0054897
0.0055143
0.0054897
0.0054897
0.0054651
0.0054897
0.0055143
0.0055143
0.0054897
0.0054897
0.0054897
0.0055143
0.0055143
0.0054897
0.0054897
0.0054897
0.0055143
0.0055143
0.0054897
0.0054897
0.0054897
0.0054897
0.0054897
0.0055143
0.0055143
0.0054897
0.0054897
0.0054897
0.0055143
0.0055143
0.0054897
0.0054897
0.0054897
0.0055143
0.0055143
0.0054897
0.0054897
0.0054897
0.0055143
0.0055143
0.0054897
0.0054897
0.0054897
0.0055143
0.0055143
0.0054897
0.0054897
0.0054897
0.0055143
0.0055143
0.0054897
0.0054897
0.0054897
0.0055143
0.0055143
0.0054897
0.0054897
0.0054897
0.0055143
0.0055143
0.0055143
0.0054897
0.0054897
0.0054897
0.0055143
0.0055143
0.0054897
0.0054897
0.0055143
0.0055389
0.0055389
0.0054897
0.0054405
0.0053912
0.0053666
0.0053174
0.0052681
0.0052435
0.0052189
0.0052435
0.0052435
0.0052189
0.0052189
0.0052435
0.0052681
0.0052928
0.0052928
0.0053174
0.005342
0.0053666
0.0053912
0.0053912
0.0053912
0.0054159
0.0054405
0.0054405
0.0054651
0.0054651
0.0054897
0.0055143
0.0055389
0.0055636
0.0055636
0.0055636
0.0055636
0.0055636
0.0055882
0.0055882
0.0055636
0.0055636
0.0055636
0.0055882
0.0055882
0.0055636
0.0055636
0.0055636
0.0055882
0.0055882
0.0055636
0.0055636
0.0055636
0.0055636
0.0055882
0.0055636
0.0055636
0.0055636
0.0055882
0.0055882
0.0055882
0.0055882
0.0055882
0.0056128
0.0056128
0.0056128
0.0056128
0.0056128
0.0056128
0.0056374
0.0056374
0.0056128
0.0056374
0.0056128
0.0056128
0.0056374
0.0056374
0.0056374
0.0056128
0.0056128
0.0056374
0.0056374
0.0056374
0.0056128
0.0056128
0.0056128
0.0056128
0.0055882
0.0055636
0.0055636
0.0055882
0.0055882
0.0055636
0.0055389
0.0055389
0.0055389
0.0055636
0.0055389
0.0055143
0.0055143
0.0055389
0.0055389
0.0055389
0.0055143
0.0055143
0.0055389
0.0055389
0.0055389
0.0055143
0.0055143
0.0055389
0.0055389
0.0055389
0.0055389
0.0055389
0.0055143
0.0055143
0.0055389
0.0055389
0.0055389
0.0055143
0.0055389
0.0055389
0.0055389
0.0055389
0.0055389
0.0055389
0.0055389
0.0055636
0.0055389
0.0055389
0.0055389
0.0055389
0.0055636
0.0055389
0.0055389
0.0055389
0.0055389
0.0055389
0.0055389
0.0055389
0.0055143
0.0055389
0.0055389
0.0055389
0.0055389
0.0055389
0.0055389
0.0055636
0.0055389
0.0055389
0.0055389
0.0055389
0.0055389
0.0055389
0.0055636
0.0055636
0.0055389
0.0055389
0.0055636
0.0055636
0.0055636
0.0055636
0.0055389
0.0055389
0.0055636
0.0055636
0.0055389
0.0055389
0.0055389
0.0055636
0.0055636
0.0055389
0.0055389
0.0055389
0.0055636
0.0055636
0.0055389
0.0055389
0.0055389
0.0055636
0.0055636
0.0055636
0.0055389
0.0055636
0.0055636
0.0055636
0.0055636
0.0055389
0.0055636
0.0055636
0.0055636
0.0055636
0.0055636
0.0055636
0.0055636
0.0055882
0.0056128
0.0056128
0.0055636
0.0055143
0.0054651
0.0054405
0.0053666
0.0053174
0.0052928
0.0052928
0.0052928
0.0053174
0.0052928
0.0052928
0.0052928
0.0053174
0.005342
0.005342
0.0053666
0.0053912
0.0054405
0.0054651
0.0054651
0.0054651
0.0054651
0.0055143
0.0055143
0.0055143
0.0055143
0.0055389
0.0055882
0.0055882
0.0056128
0.0056128
0.0056128
0.0056128
0.0056374
0.005662
0.005662
0.0056374
0.0056374
0.005662
0.005662
0.005662
0.005662
0.0056374
0.0056374
0.005662
0.005662
0.005662
0.0056374
0.005662
0.005662
0.0056866
0.005662
0.005662
0.005662
0.0056866
0.0056866
0.0056866
0.005662
0.0056866
0.0057113
0.0057113
0.0057113
0.0056866
0.0056866
0.0057113
0.0057359
0.0057113
0.0057113
0.0057359
0.0057359
0.0057605
0.0057605
0.0057605
0.0057359
0.0057359
0.0057359
0.0057359
0.0057359
0.0057359
0.0057113
0.0057113
0.0057359
0.0057359
0.0057113
0.0056866
0.0056866
0.0057113
0.0057113
0.0056866
0.0056866
0.0056866
0.0056866
0.0056866
0.0056866
0.005662
0.005662
0.0056866
0.0056866
0.005662
0.005662
0.005662
0.0056866
0.0056866
0.0056866
0.005662
0.005662
0.0056866
0.0057113
0.0057113
0.0056866
0.0056866
0.0056866
0.0056866
0.0057113
0.0057113
0.0057113
0.0056866
0.0056866
0.0056866
0.0057113
0.0056866
0.005662
0.005662
0.0056866
0.0056866
0.0056866
0.005662
0.005662
0.0056866
0.0056866
0.0056866
0.005662
0.005662
0.0056866
0.0056866
0.0056866
0.005662
0.005662
0.0056866
0.0056866
0.0056866
0.005662
0.005662
0.005662
0.0056866
0.0056866
0.005662
0.005662
0.005662
0.0056866
0.0056866
0.005662
0.005662
0.005662
0.005662
0.005662
0.0056866
0.005662
0.005662
0.005662
0.005662
0.0056866
0.005662
0.005662
0.005662
0.005662
0.005662
0.005662
0.005662
0.0056374
0.005662
0.005662
0.005662
0.0056374
0.0056374
0.005662
0.005662
0.005662
0.0056374
0.0056374
0.005662
0.005662
0.005662
0.005662
0.0056374
0.005662
0.005662
0.005662
0.0056374
0.0056374
0.005662
0.0056866
0.0056866
0.0056866
0.005662
0.005662
0.005662
0.0056866
0.0057113
0.0057113
0.0057113
0.0057113
0.0057359
0.0056866
0.0056374
0.0055636
0.0055143
0.0054897
0.0054651
0.0054405
0.0054405
0.0054405
0.0054651
0.0054651
0.0054405
0.0054405
0.0054651
0.0055143
0.0055389
0.0055636
0.0055636
0.0056128
0.0056374
0.0056374
0.0056374
0.0056374
0.005662
0.0056866
0.0057113
0.0057113
0.0057113
0.0057359
0.0057605
0.0057605
0.0057851
0.0057851
0.0057851
0.0057605
0.0057851
0.0058097
0.0058097
0.0057851
0.0057851
0.0058097
0.0058097
0.0058097
0.0058097
0.0057851
0.0058097
0.0058344
0.0058344
0.0058097
0.0058097
0.0058344
0.005859
0.005859
0.005859
0.0058344
0.005859
0.005859
0.0058836
0.005859
0.005859
0.005859
0.0058836
0.0058836
0.0058836
0.0058836
0.0059082
0.0059082
0.0059082
0.0059082
0.0059082
0.0058836
0.0058836
0.0058836
0.0059082
0.0059082
0.0058836
0.005859
0.0058836
0.0058836
0.0058836
0.005859
0.0058344
0.0058344
0.005859
0.005859
0.0058344
0.0058097
0.0058097
0.0058097
0.0058097
0.0057605
0.0057605
0.0057605
0.0057605
0.0057605
0.0057359
0.0057113
0.0057359
0.0057359
0.0057359
0.0057359
0.0057113
0.0057113
0.0057113
0.0057359
0.0057113
0.0057113
0.0057113
0.0057113
0.0056866
0.0057113
0.0057113
0.0057113
0.0056866
0.0056866
0.0056866
0.0056866
0.0056866
0.005662
0.005662
0.005662
0.005662
0.0056374
0.0056128
0.0056128
0.0056374
0.0056374
0.0056128
0.0055882
0.0055882
0.0055882
0.0056128
0.0055882
0.0055882
0.0055636
0.0055882
0.0056128
0.0055882
0.0055882
0.0055882
0.0056128
0.0056128
0.0056128
0.0055882
0.0055882
0.0056128
0.0056128
0.0056128
0.0055882
0.0055636
0.0055636
0.0055882
0.0055882
0.0055882
0.0055636
0.0055636
0.0055636
0.0055882
0.0055636
0.0055636
0.0055636
0.0055882
0.0055882
0.0055882
0.0055636
0.0055636
0.0055882
0.0056128
0.0055882
0.0055882
0.0055636
0.0055882
0.0055882
0.0055882
0.0055636
0.0055636
0.0055882
0.0055882
0.0055882
0.0055636
0.0055636
0.0055882
0.0055882
0.0055882
0.0055636
0.0055389
0.0055636
0.0055636
0.0055636
0.0055636
0.0055636
0.0055389
0.0055389
0.0055636
0.0055882
0.0055636
0.0055389
0.0055389
0.0055636
0.0055882
0.0055636
0.0055389
0.0055389
0.0055389
0.0055636
0.0055389
0.0055143
0.0055143
0.0055143
0.0055389
0.0055143
0.0055143
0.0054897
0.0055143
0.0055143
0.0055143
0.0054897
0.0054651
0.0054897
0.0055143
0.0055143
0.0054897
0.0054897
0.0054897
0.0055389
0.0055389
0.0055143
0.0054651
0.0054159
0.0052189
0.0052189
0.0052189
0.0052189
0.0051943
0.0051943
0.0051943
0.0052189
0.0052435
0.0052435
0.0052681
0.0052928
0.005342
0.005342
0.005342
0.005342
0.0053666
0.0053912
0.0053912
0.0053912
0.0053912
0.0054159
0.0054405
0.0054405
0.0054405
0.0054405
0.0054651
0.0054897
0.0054651
0.0054651
0.0054405
0.0054651
0.0054651
0.0054651
0.0054651
0.0054405
0.0054405
0.0054651
0.0054651
0.0054405
0.0054159
0.0054159
0.0054159
0.0054405
0.0054405
0.0054159
0.0053912
0.0054159
0.0054405
0.0054405
0.0054159
0.0054159
0.0054159
0.0054405
0.0054405
0.0054159
0.0054159
0.0054159
0.0054405
0.0054405
0.0054159
0.0054159
0.0054159
0.0054405
0.0054405
0.0054159
0.0054159
0.0054159
0.0054405
0.0054405
0.0054159
0.0053912
0.0054159
0.0054159
0.0054159
0.0053912
0.0053666
0.0053912
0.0053912
0.0053912
0.005342
0.0053174
0.0053174
0.0053174
0.0053174
0.0053174
0.0052928
0.0052681
0.0052928
0.0052928
0.0052928
0.0052681
0.0052681
0.0052681
0.0052681
0.0052681
0.0052681
0.0052435
0.0052435
0.0052681
0.0052681
0.0052681
0.0052435
0.0052435
0.0052681
0.0052681
0.0052435
0.0052189
0.0052435
0.0052435
0.0052435
0.0052435
0.0052189
0.0052189
0.0052435
0.0052435
0.0052189
0.0052189
0.0052189
0.0052435
0.0052435
0.0052435
0.0052189
0.0051943
0.0051943
0.0052189
0.0052189
0.0052189
0.0051943
0.0052189
0.0052189
0.0052435
0.0052189
0.0052189
0.0052189
0.0052189
0.0052435
0.0052189
0.0052189
0.0052189
0.0052189
0.0052435
0.0052189
0.0052189
0.0052189
0.0052435
0.0052435
0.0052435
0.0052189
0.0052189
0.0052435
0.0052435
0.0052435
0.0052189
0.0052189
0.0052435
0.0052435
0.0052435
0.0052189
0.0052189
0.0052189
0.0052435
0.0052681
0.0052435
0.0052189
0.0052189
0.0052435
0.0052435
0.0052435
0.0052189
0.0052435
0.0052435
0.0052681
0.0052435
0.0052435
0.0052435
0.0052681
0.0052681
0.0052681
0.0052435
0.0052435
0.0052681
0.0052681
0.0052681
0.0052435
0.0052681
0.0052681
0.0052928
0.0052681
0.0052435
0.0052435
0.0052681
0.0052681
0.0052681
0.0052435
0.0052435
0.0052681
0.0052681
0.0052681
0.0052435
0.0052435
0.0052435
0.0052681
0.0052681
0.0052681
0.0052435
0.0052435
0.0052681
0.0052681
0.0052681
0.0052435
0.0052435
0.0052681
0.0052928
0.0052681
0.0052435
0.0052435
0.0052681
0.0052681
0.0052681
0.0052435
0.0052435
0.0052435
0.0052681
0.0052928
0.0052681
0.0052435
0.0051943
0.0051697
0.0051204
0.0050466
0.0049974
0.0049974
0.0049974
0.0049974
0.0049974
0.0049974
0.0049974
0.005022
0.0050466
0.0051204
0.0051451
0.0051451
0.0051451
0.0051697
0.0051943
0.0051943
0.0051943
0.0051943
0.0052189
0.0052435
0.0052681
0.0052435
0.0052681
0.0052928
0.0052928
0.0052928
0.0052928
0.0052928
0.0052928
0.0053174
0.0053174
0.0052928
0.0052928
0.0052928
0.0053174
0.0053174
0.0052928
0.0052928
0.0052928
0.0053174
0.0053174
0.0053174
0.0052928
0.0053174
0.005342
0.005342
0.0053174
0.0053174
0.005342
0.005342
0.005342
0.0053666
0.0053666
0.005342
0.005342
0.005342
0.0053666
0.0053666
0.005342
0.005342
0.005342
0.0053666
0.0053666
0.005342
0.005342
0.005342
0.0053666
0.0053666
0.005342
0.005342
0.005342
0.0053666
0.0053666
0.005342
0.005342
0.005342
0.005342
0.005342
0.005342
0.0053174
0.0053174
0.005342
0.005342
0.0053174
0.0052928
0.0052928
0.0053174
0.0053174
0.0052928
0.0052928
0.0052928
0.0052681
0.0052681
0.0052928
0.0052928
0.0052681
0.0052435
0.0052681
0.0052681
0.0052681
0.0052681
0.0052681
0.0052681
0.0052928
0.0052928
0.0052681
0.0052681
0.0052681
0.0052928
0.0052928
0.0052928
0.0052681
0.0052681
0.0052928
0.0052928
0.0052928
0.0052681
0.0052928
0.0052928
0.0053174
0.0052928
0.0052681
0.0052928
0.0052928
0.0053174
0.0052928
0.0052928
0.0052928
0.0053174
0.0052928
0.0053174
0.0053174
0.0052928
0.0052928
0.0052928
0.0053174
0.0053174
0.0053174
0.0052928
0.0052928
0.0053174
0.0053174
0.0053174
0.0052928
0.0052928
0.0053174
0.0053174
0.0053174
0.0052928
0.0052928
0.0053174
0.0053174
0.0053174
0.0052928
0.0052928
0.0053174
0.0053174
0.0053174
0.0052928
0.0052928
0.0053174
0.0053174
0.0053174
0.0052928
0.0053174
0.0053174
0.005342
0.0053174
0.0053174
0.0053174
0.0052928
0.0052928
0.0053174
0.0053174
0.0053174
0.0052928
0.0053174
0.0053174
0.005342
0.0053174
0.0053174
0.0053174
0.005342
0.005342
0.005342
0.0053174
0.0053174
0.005342
0.0053666
0.005342
0.0053174
0.0053174
0.005342
0.005342
0.005342
0.0053174
0.0053174
0.005342
0.005342
0.005342
0.005342
0.0053174
0.005342
0.005342
0.005342
0.0053174
0.0053174
0.005342
0.0053666
0.005342
0.005342
0.005342
0.0053174
0.0053174
0.005342
0.005342
0.005342
0.0053174
0.0053174
0.005342
0.0053666
0.005342
0.005342
0.005342
0.005342
0.0053666
0.005342
0.005342
0.005342
0.005342
0.0053666
0.0053666
0.005342
0.005342
0.005342
0.0053666
0.0053666
0.005342
0.005342
0.005342
0.0053666
0.0053666
0.005342
0.005342
0.005342
0.0053666
0.0053666
0.005342
0.005342
0.005342
0.0053174
0.005342
0.005342
0.005342
0.005342
0.005342
0.005342
0.0053666
0.0053666
0.005342
0.005342
0.005342
0.0053666
0.0053666
0.005342
0.0053174
0.005342
0.0053666
0.005342
0.005342
0.005342
0.005342
0.0053666
0.0053666
0.005342
0.005342
0.005342
0.0053666
0.0053666
0.0053666
0.0053666
0.0053666
0.005342
0.0052928
0.0052189
0.0051451
0.0050958
0.0050958
0.0050958
0.0050958
0.0050958
0.0050958
0.0050958
0.0051204
0.0051697
0.0051943
0.0051943
0.0051943
0.0052189
0.0052435
0.0052681
0.0052681
0.0052681
0.0052928
0.0053174
0.005342
0.005342
0.005342
0.0053666
0.0053912
0.0054159
0.0053912
0.0053912
0.0053912
0.0054159
0.0054159
0.0053912
0.0053912
0.0053912
0.0054159
0.0054159
0.0054159
0.0053912
0.0054159
0.0054159
0.0054405
0.0054159
0.0054159
0.0054159
