2018
8
16
9
56
48.79
0.014401
0.014377
0.014352
0.014327
0.014327
0.014327
0.014303
0.014278
0.014278
0.014278
0.014254
0.014229
0.014204
0.014204
0.01418
0.01418
0.014155
0.01413
0.01413
0.01413
0.01413
0.014106
0.014106
0.014106
0.014106
0.014081
0.014081
0.014057
0.014057
0.014057
0.014032
0.014032
0.014007
0.014007
0.014007
0.014007
0.013983
0.013983
0.013983
0.013958
0.013934
0.013934
0.013934
0.013909
0.013884
0.013884
0.01386
0.01386
0.01386
0.01386
0.013835
0.01381
0.01381
0.013786
0.013786
0.013761
0.013761
0.013761
0.013761
0.013737
0.013712
0.013712
0.013712
0.013712
0.013687
0.013687
0.013687
0.013687
0.013663
0.013663
0.013663
0.013663
0.013638
0.013638
0.013638
0.013638
0.013638
0.013613
0.013613
0.013613
0.013589
0.013564
0.013564
0.01354
0.01354
0.013515
0.013515
0.013515
0.01349
0.01349
0.01349
0.013466
0.013466
0.013466
0.013466
0.013441
0.013441
0.013441
0.013441
0.013441
0.013441
0.013441
0.013441
0.013417
0.013367
0.013343
0.013269
0.01322
0.01317
0.013146
0.013121
0.013097
0.013121
0.013121
0.013121
0.013121
0.013121
0.013146
0.01317
0.013195
0.01322
0.013244
0.013244
0.013244
0.013244
0.013269
0.013269
0.013293
0.013293
0.013318
0.013318
0.013318
0.013318
0.013318
0.013318
0.013318
0.013318
0.013318
0.013318
0.013318
0.013318
0.013318
0.013318
0.013318
0.013318
0.013318
0.013318
0.013318
0.013318
0.013318
0.013318
0.013318
0.013293
0.013293
0.013318
0.013318
0.013318
0.013293
0.013293
0.013293
0.013318
0.013318
0.013318
0.013318
0.013318
0.013318
0.013318
0.013343
0.013343
0.013343
0.013343
0.013343
0.013343
0.013367
0.013367
0.013343
0.013343
0.013343
0.013343
0.013343
0.013343
0.013343
0.013318
0.013318
0.013318
0.013293
0.013293
0.013293
0.013293
0.013269
0.013269
0.013269
0.013269
0.013269
0.013269
0.013244
0.013244
0.013244
0.013244
0.013244
0.013244
0.013244
0.013244
0.013244
0.013269
0.013269
0.013244
0.013244
0.013269
0.013269
0.013269
0.013269
0.013269
0.013269
0.013269
0.013269
0.013269
0.013269
0.013269
0.013269
0.013269
0.013269
0.013269
0.013269
0.013269
0.013269
0.013269
0.013244
0.013244
0.013244
0.013244
0.013244
0.013244
0.013244
0.013244
0.013244
0.013244
0.013244
0.013244
0.013269
0.013244
0.013269
0.013269
0.013269
0.013269
0.013244
0.013244
0.013269
0.013269
0.013244
0.013244
0.013244
0.013269
0.013269
0.013244
0.013244
0.013244
0.013244
0.013244
0.013244
0.013244
0.013244
0.013244
0.013269
0.013244
0.013244
0.013244
0.013244
0.013244
0.013244
0.013244
0.013244
0.013244
0.013244
0.013244
0.013244
0.013244
0.013244
0.013244
0.013244
0.013244
0.013244
0.013244
0.01322
0.01322
0.01322
0.01322
0.01322
0.01322
0.01322
0.01322
0.01322
0.01322
0.01322
0.013244
0.013244
0.013244
0.013244
0.013244
0.013244
0.013244
0.01322
0.013244
0.013244
0.013244
0.013244
0.013244
0.013244
0.013244
0.013269
0.013269
0.013269
0.013269
0.013293
0.013293
0.013293
0.013269
0.013269
0.013269
0.013244
0.013195
0.01317
0.013146
0.013121
0.013097
0.013072
0.013072
0.013047
0.013023
0.012998
0.012998
0.012973
0.012949
0.012949
0.012949
0.012973
0.012949
0.012924
0.012875
0.012826
0.012776
0.012727
0.012678
0.012629
0.012604
0.012604
0.012604
0.012604
0.012604
0.012604
0.012629
0.012653
0.012678
0.012703
0.012727
0.012752
0.012776
0.012801
0.012801
0.012826
0.012949
0.012973
0.013023
0.013047
0.013047
0.013072
0.013072
0.013097
0.013097
0.013097
0.013097
0.013097
0.013121
0.013121
0.013121
0.013121
0.013121
0.013121
0.013121
0.013097
0.013121
0.013121
0.013097
0.013097
0.013072
0.013072
0.013072
0.013072
0.013072
0.013047
0.013047
0.013047
0.013047
0.013023
0.013023
0.013023
0.013023
0.012998
0.012973
0.012973
0.012949
0.012949
0.012949
0.012949
0.012924
0.012924
0.012924
0.012924
0.012924
0.012924
0.0129
0.012924
0.012924
0.012924
0.012924
0.012924
0.012924
0.012924
0.012924
0.012924
0.012924
0.012924
0.012924
0.012924
0.012924
0.012924
0.012924
0.012924
0.012924
0.0129
0.0129
0.0129
0.012924
0.012924
0.012924
0.012924
0.012924
0.012924
0.012924
0.012924
0.012973
0.012973
0.012973
0.012973
0.012973
0.012973
0.012973
0.012973
0.012973
0.012973
0.012973
0.012949
0.012949
0.012973
0.012973
0.012973
0.012973
0.012973
0.012949
0.012973
0.012949
0.012949
0.012949
0.012949
0.012949
0.012949
0.012924
0.012924
0.012924
0.012924
0.0129
0.0129
0.0129
0.0129
0.0129
0.012875
0.012875
0.01285
0.01285
0.01285
0.012826
0.012826
0.012801
0.012801
0.012801
0.012776
0.012776
0.012776
0.012776
0.012776
0.012752
0.012776
0.012752
0.012752
0.012752
0.012752
0.012776
0.012776
0.012752
0.012752
0.012752
0.012776
0.012776
0.012776
0.012776
0.012776
0.012776
0.012776
0.012776
0.012776
0.012776
0.012801
0.012801
0.012801
0.012801
0.012801
0.012801
0.012801
0.012801
0.012801
0.012801
0.012801
0.012801
0.012801
0.012801
0.012776
0.012776
0.012776
0.012776
0.012776
0.012752
0.012752
0.012752
0.012752
0.012752
0.012727
0.012727
0.012703
0.012727
0.012727
0.012727
0.012703
0.012703
0.012703
0.012703
0.012703
0.012678
0.012678
0.012678
0.012678
0.012678
0.012678
0.012678
0.012678
0.012678
0.012653
0.012653
0.012653
0.012653
0.012653
0.012653
0.012653
0.012629
0.012629
0.012629
0.012604
0.012604
0.012604
0.01258
0.01258
0.01258
0.012604
0.012604
0.01258
0.01253
0.012481
0.012432
0.012358
0.012284
0.01226
0.012235
0.012235
0.01221
0.01221
0.01221
0.01221
0.01221
0.012235
0.012235
0.01226
0.012309
0.012309
0.012333
0.012358
0.012358
0.012358
0.012383
0.012383
0.012407
0.012407
0.012481
0.012506
0.012506
0.012506
0.012506
0.012506
0.012506
0.012506
0.012506
0.012506
0.012506
0.012506
0.012506
0.012506
0.012506
0.012506
0.012506
0.012506
0.012506
0.012506
0.012481
0.012481
0.012481
0.012506
0.012506
0.012506
0.012506
0.012506
0.01253
0.01253
0.01253
0.01253
0.01253
0.01253
0.01253
0.01253
0.01253
0.012555
0.012555
0.012555
0.012555
0.012555
0.012555
0.01253
0.01253
0.01253
0.01253
0.01253
0.012506
0.012506
0.012506
0.012506
0.012481
0.012481
0.012456
0.012456
0.012456
0.012432
0.012432
0.012432
0.012407
0.012407
0.012383
0.012383
0.012383
0.012358
0.012358
0.012333
0.012333
0.012333
0.012333
0.012333
0.012333
0.012333
0.012309
0.012309
0.012309
0.012284
0.012284
0.012309
0.01226
0.01226
0.012235
0.012235
0.012235
0.012235
0.012235
0.01221
0.012186
0.012186
0.012186
0.012186
0.012161
0.012161
0.012136
0.012136
0.012136
0.012112
0.012112
0.012087
0.012087
0.012087
0.012063
0.012038
0.012038
0.012038
0.012038
0.012013
0.012013
0.011989
0.011989
0.011989
0.011964
0.011964
0.011939
0.011939
0.011915
0.011915
0.01189
0.011866
0.011841
0.011841
0.011816
0.011816
0.011816
0.011792
0.011792
0.011792
0.011767
0.011767
0.011767
0.011743
0.011743
0.011743
0.011718
0.011718
0.011693
0.011693
0.011693
0.011669
0.011644
0.011644
0.011644
0.011619
0.011619
0.011619
0.011595
0.011595
0.011595
0.01157
0.011546
0.011546
0.011546
0.011546
0.011521
0.011521
0.011496
0.011496
0.011496
0.011472
0.011423
0.011423
0.011398
0.011373
0.011373
0.011373
0.011373
0.011349
0.011349
0.011349
0.011349
0.011324
0.011299
0.011299
0.011299
0.011299
0.011275
0.01125
0.01125
0.011226
0.011226
0.011201
0.011201
0.011176
0.011176
0.011176
0.011176
0.011152
0.011152
0.011127
0.011127
0.011102
0.011078
0.011078
0.011078
0.011078
0.011053
0.011053
0.011053
0.011053
0.010906
0.010856
0.010782
0.010733
0.010709
0.010684
0.010659
0.010659
0.010659
0.010659
0.010635
0.010659
0.010659
0.010659
0.010659
0.010684
0.010709
0.010709
0.010709
0.010709
0.010709
0.010709
0.010733
0.010733
0.010733
0.010733
0.010733
0.010758
0.010758
0.010758
0.010733
0.010733
0.010733
0.010733
0.010709
0.010709
0.010709
0.010709
0.010684
0.010684
0.010635
0.010635
0.01061
0.01061
0.01061
0.01061
0.010586
0.010586
0.010586
0.010586
0.010586
0.010561
0.010561
0.010561
0.010561
0.010536
0.010536
0.010536
0.010536
0.010536
0.010536
0.010536
0.010512
0.010512
0.010512
0.010512
0.010512
0.010512
0.010512
0.010487
0.010487
0.010462
0.010462
0.010462
0.010462
0.010438
0.010438
0.010438
0.010413
0.010413
0.010389
0.010364
0.010364
0.010364
0.010339
0.010339
0.010339
0.010339
0.010315
0.010315
0.01029
0.01029
0.01029
0.010266
0.010266
0.010266
0.010266
0.010241
0.010241
0.010216
0.010216
0.010216
0.010241
0.010241
0.010216
0.010216
0.010216
0.010216
0.010216
0.010216
0.010216
0.010216
0.010216
0.010192
0.010192
0.010192
0.010192
0.010192
0.010192
0.010167
0.010192
0.010192
0.010192
0.010192
0.010167
0.010192
0.010167
0.010167
0.010167
0.010167
0.010167
0.010167
0.010167
0.010167
0.010167
0.010167
0.010167
0.010167
0.010167
0.010167
0.010142
0.010142
0.010142
0.010142
0.010142
0.010142
0.010142
0.010142
0.010142
0.010142
0.010142
0.010142
0.010167
0.010167
0.010167
0.010167
0.010167
0.010167
0.010192
0.010192
0.010192
0.010192
0.010192
0.010192
0.010192
0.010192
0.010216
0.010216
0.010216
0.010216
0.010216
0.010216
0.010216
0.010216
0.010216
0.010216
0.010241
0.010241
0.010216
0.010216
0.010241
0.010241
0.010216
0.010216
0.010216
0.010216
0.010216
0.010216
0.010216
0.010216
0.010216
0.010216
0.010216
0.010192
0.010192
0.010192
0.010216
0.010192
0.010192
0.010192
0.010192
0.010192
0.010167
0.010167
0.010167
0.010167
0.010192
0.010192
0.010167
0.010118
0.010069
0.010044
0.0099701
0.0099209
0.0098962
0.0098716
0.0098716
0.0098716
0.0098716
0.0098716
0.0098716
0.0098716
0.0098962
0.0099209
0.0099209
0.0099455
0.0099701
0.0099947
0.0099947
0.010019
0.010019
0.010044
0.010069
0.010069
0.010093
0.010093
0.010118
0.010142
0.010167
0.010167
0.010192
0.010192
0.010167
0.010167
0.010167
0.010167
0.010167
0.010167
0.010167
0.010167
0.010167
0.010167
0.010167
0.010167
0.010167
0.010167
0.010167
0.010167
0.010167
0.010167
0.010167
0.010167
0.010167
0.010167
0.010167
0.010192
0.010192
0.010192
0.010192
0.010192
0.010192
0.010192
0.010192
0.010192
0.010192
0.010192
0.010192
0.010192
0.010192
0.010216
0.010192
0.010192
0.010192
0.010192
0.010192
0.010167
0.010167
0.010167
0.010167
0.010167
0.010142
0.010142
0.010142
0.010118
0.010118
0.010118
0.010118
0.010118
0.010093
0.010093
0.010069
0.010069
0.010069
0.010069
0.010069
0.010044
0.010044
0.010044
0.010044
0.010044
0.010044
0.010019
0.010019
0.010019
0.010019
0.010019
0.010019
0.010019
0.010019
0.010019
0.010019
0.010019
0.010019
0.010019
0.010019
0.010019
0.010019
0.0099947
0.0099947
0.0099947
0.010019
0.0099947
0.0099947
0.010019
0.010019
0.010019
0.010019
0.0099947
0.0099947
0.010019
0.0099947
0.0099947
0.0099947
0.0099947
0.0099947
0.0099701
0.0099701
0.0099701
0.0099701
0.0099701
0.0099701
0.0099701
0.0099701
0.0099701
0.0099701
0.0099701
0.0099455
0.0099455
0.0099455
0.0099455
0.0099455
0.0099455
0.0099455
0.0099455
0.0099455
0.0099455
0.0099455
0.0099455
0.0099455
0.0099455
0.0099455
0.0099209
0.0099209
0.0099209
0.0099209
0.0099209
0.0099209
0.0099209
0.0098962
0.0098962
0.0098962
0.0098962
0.0098962
0.0098962
0.0098716
0.0098962
0.0098962
0.0098962
0.0098716
0.0098716
0.0098716
0.0098716
0.0098716
0.0098716
0.0098716
0.0098716
0.0098716
0.0098716
0.0098716
0.0098716
0.0098716
0.0098716
0.0098716
0.0098716
0.009847
0.009847
0.009847
0.009847
0.0098716
0.0098716
0.009847
0.009847
0.009847
0.009847
0.009847
0.009847
0.009847
0.009847
0.009847
0.009847
0.009847
0.009847
0.009847
0.009847
0.009847
0.009847
0.009847
0.009847
0.0098224
0.0098224
0.0098224
0.0098224
0.0098224
0.0098224
0.0098224
0.0097978
0.0097978
0.0098224
0.0097978
0.0097978
0.0097732
0.0097978
0.0097978
0.0097978
0.0097732
0.0097239
0.0096747
0.0096254
0.0095762
0.009527
0.0095024
0.0094777
0.0094777
0.0094777
0.0094777
0.0094777
0.0094777
0.0094777
0.0095024
0.0095024
0.009527
0.0095516
0.0095516
0.0095762
0.0096008
0.0096008
0.0096254
0.0096254
0.0096254
0.0096501
0.0096747
0.0096993
0.0096993
0.0097239
0.0097239
0.0097485
0.0097485
0.0097485
0.0097485
0.0097485
0.0097485
0.0097485
0.0097485
0.0097485
0.0097485
0.0097485
0.0097485
0.0097485
0.0097485
0.0097485
0.0097485
0.0097485
0.0097485
0.0097485
0.0097485
0.0097485
0.0097485
0.0097485
0.0097485
0.0097485
0.0097485
0.0097239
0.0097239
0.0097485
0.0097485
0.0097485
0.0097485
0.0097485
0.0097485
0.0097485
0.0097732
0.0097732
0.0097732
0.0097732
0.0097732
0.0097732
0.0097732
0.0097485
0.0097485
0.0097485
0.0097485
0.0097239
0.0097239
0.0097239
0.0097239
0.0096993
0.0097239
0.0097239
0.0096993
0.0096993
0.0096747
0.0096747
0.0096747
0.0096747
0.0096501
0.0096501
0.0096254
0.0096254
0.0096254
0.0096254
0.0096008
0.0096008
0.0096008
0.0096008
0.0095762
0.0095762
0.0095762
0.0095762
0.0095762
0.0095762
0.0095762
0.0095762
0.0095762
0.0095762
0.0095762
0.0095762
0.0095762
0.0095762
0.0095762
0.0095762
0.0095516
0.0095516
0.0095516
0.0095516
0.0095516
0.0095516
0.0095516
0.0095516
0.0095516
0.0095516
0.0095516
0.0095516
0.0095516
0.0095516
0.0095516
0.009527
0.009527
0.009527
0.009527
0.009527
0.009527
0.0095024
0.0095024
0.0095024
0.0095024
0.0095024
0.0094777
0.0094777
0.0095024
0.0095024
0.0095024
0.0095024
0.0094777
0.0094777
0.0094777
0.0094777
0.0094777
0.0094777
0.0094777
0.0094777
0.0094777
0.0094777
0.0094777
0.0094777
0.0094777
0.0094777
0.0094777
0.0094777
0.0094777
0.0094531
0.0094531
0.0094531
0.0094531
0.0094531
0.0094531
0.0094531
0.0094531
0.0094531
0.0094531
0.0094285
0.0094285
0.0094285
0.0094285
0.0094285
0.0094285
0.0094285
0.0094285
0.0094285
0.0094285
0.0094285
0.0094039
0.0094039
0.0094039
0.0094039
0.0094039
0.0094039
0.0094039
0.0094039
0.0094039
0.0094039
0.0093793
0.0093793
0.0093793
0.0093793
0.0093793
0.0093793
0.0093793
0.0093793
0.0093793
0.0093793
0.0093547
0.0093547
0.0093793
0.0093793
0.0093793
0.0093793
0.00933
0.0092808
0.0092562
0.0091823
0.0091085
0.0090839
0.0090592
0.0090592
0.0090592
0.0090592
0.0090592
0.0090592
0.0090839
0.0090839
0.0091085
0.0091331
0.0091577
0.0091577
0.0091823
0.009207
0.009207
0.009207
0.0092316
0.0092316
0.0092808
0.0093054
0.00933
0.00933
0.00933
0.00933
0.00933
0.00933
0.00933
0.00933
0.00933
0.00933
0.00933
0.00933
0.00933
0.00933
0.00933
0.0093054
0.0093054
0.0093054
0.00933
0.0093054
0.0093054
0.0093054
0.0093054
0.00933
0.00933
0.00933
0.00933
0.00933
0.00933
0.00933
0.00933
0.00933
0.00933
0.0093547
0.0093547
0.0093547
0.0093547
0.0093547
0.0093547
0.0093547
0.0093547
0.0093547
0.0093547
0.0093547
0.0093547
0.0093547
0.0093547
0.0093547
0.00933
0.00933
0.00933
0.0093054
0.0093054
0.0093054
0.0093054
0.0092808
0.0092808
0.0092808
0.0092808
0.0092808
0.0092808
0.0092562
0.0092562
0.0092316
0.0092316
0.0092316
0.0092316
0.009207
0.009207
0.009207
0.009207
0.009207
0.0091823
0.0091823
0.0091823
0.0091823
0.0091823
0.0091823
0.0091577
0.0091577
0.0091577
0.0091577
0.0091577
0.0091577
0.0091577
0.0091577
0.0091331
0.0091331
0.0091331
0.0091331
0.0091331
0.0091331
0.0091331
0.0091331
0.0091331
0.0091331
0.0091331
0.0091331
0.0091331
0.0091331
0.0091085
0.0091085
0.0091085
0.0091085
0.0091085
0.0091085
0.0091085
0.0091085
0.0090839
0.0090839
0.0090839
0.0090839
0.0090839
0.0090839
0.0090592
0.0090839
0.0090592
0.0090592
0.0090346
0.0090346
0.0090346
0.0090346
0.0090346
0.0090346
0.00901
0.00901
0.00901
0.0089854
0.0089854
0.0089854
0.0089854
0.0089854
0.0089854
0.0089854
0.0089854
0.0089608
0.0089608
0.0089608
0.0089608
0.0089608
0.0089608
0.0089362
0.0089362
0.0089362
0.0089362
0.0089362
0.0089362
0.0089362
0.0089115
0.0089115
0.0088869
0.0088869
0.0088869
0.0088869
0.0088623
0.0088623
0.0088623
0.0088623
0.0088131
0.0088131
0.0088131
0.0088131
0.0088131
0.0088377
0.0088377
0.0088131
0.0087638
0.00869
0.0086407
0.0085915
0.0085177
0.008493
0.0084684
0.0084438
0.0084438
0.0084438
0.0084438
0.0084438
0.0084438
0.0084684
0.0084684
0.008493
0.0085177
0.0085177
0.0085423
0.0085669
0.0085669
0.0085669
0.0085669
0.0085915
0.0085915
0.0085915
0.0085915
0.0086161
0.0086161
0.0086161
0.0086161
0.0086161
0.0086161
0.0085915
0.0085915
0.0085915
0.0085915
0.0085669
0.0085669
0.0085669
0.0085669
0.0085669
0.0085423
0.0085423
0.0085423
0.0085423
0.0085423
0.0085177
0.0085177
0.0085177
0.0085177
0.0085177
0.008493
0.008493
0.008493
0.008493
0.008493
0.008493
0.008493
0.008493
0.008493
0.0084684
0.0084684
0.0084684
0.0084684
0.0084684
0.0084684
0.0084438
0.0084438
0.0084438
0.0084438
0.0084438
0.0083946
0.0083946
0.0083946
0.00837
0.00837
0.0083453
0.0083453
0.0083207
0.0083207
0.0083207
0.0082961
0.0082715
0.0082715
0.0082469
0.0082469
0.0082469
0.0082223
0.0082223
0.0081976
0.0081976
0.008173
0.008173
0.0081484
0.0081484
0.0081484
0.0081238
0.0081238
0.0081238
0.0081238
0.0081238
0.0080992
0.0080992
0.0080745
0.0080745
0.0080745
0.0080745
0.0080499
0.0080499
0.0080499
0.0080499
0.0080007
0.0080007
0.0080007
0.0080007
0.0080007
0.0080007
0.0079761
0.0079761
0.0079515
0.0079515
0.0079515
0.0079515
0.0079515
0.0079268
0.0079268
0.0079268
0.0079022
0.0079022
0.0079022
0.0078776
0.0078776
0.0078776
0.007853
0.007853
0.007853
0.007853
0.0078284
0.0078284
0.0078284
0.0078284
0.0078038
0.0078038
0.0078038
0.0077791
0.0077791
0.0077791
0.0077791
0.0077545
0.0077545
0.0077545
0.0077299
0.0077299
0.0077299
0.0077299
0.0077299
0.0077053
0.0077053
0.0077053
0.0077053
0.0077053
0.0076807
0.0076807
0.0076807
0.007656
0.007656
0.007656
0.0076314
0.0076314
0.0076314
0.0076314
0.0076068
0.0076068
0.0076068
0.0076068
0.0075822
0.0075822
0.0076068
0.0076068
0.0075822
0.0075083
0.0074591
0.0074345
0.0073606
0.0073114
0.0072868
0.0072622
0.0072375
0.0072622
0.0072622
0.0072622
0.0072868
0.0072868
0.0073114
0.0073114
0.007336
0.007336
0.0073606
0.0073606
0.0073606
0.0073606
0.0073853
0.0073853
0.0073853
0.0073853
0.0073853
0.0074099
0.0074099
0.0074099
0.0073853
0.0073853
0.0073853
0.0073853
0.0073606
0.0073606
0.0073606
0.0073606
0.0073606
0.0073606
0.007336
0.007336
0.0073606
0.007336
0.007336
0.007336
0.007336
0.007336
0.007336
0.007336
0.0073114
0.0073114
0.0073114
0.007336
0.007336
0.007336
0.0073114
0.007336
0.007336
0.007336
0.0073114
0.0073114
0.0073114
0.0073114
0.007336
0.0073114
0.0073114
0.0073114
0.0073114
0.0073114
0.0073114
0.0073114
0.0072868
0.0072868
0.0072868
0.0072868
0.0072622
0.0072622
0.0072622
0.0072622
0.0072375
0.0072375
0.0072375
0.0072375
0.0072375
0.0072375
0.0072375
0.0072129
0.0072129
0.0072129
0.0072129
0.0072129
0.0071883
0.0071883
0.0071883
0.0071637
0.0071637
0.0071637
0.0071637
0.0071637
0.0071637
0.0071637
0.0071637
0.0071637
0.0071637
0.0071637
0.0071637
0.0071637
0.0071391
0.0071637
0.0071637
0.0071637
0.0071637
0.0071637
0.0071637
0.0071637
0.0071637
0.0071637
0.0071637
0.0071637
0.0071883
0.0071883
0.0071883
0.0071883
0.0071637
0.0071883
0.0071883
0.0071883
0.0071883
0.0071883
0.0071883
0.0071883
0.0071883
0.0071883
0.0071883
0.0071883
0.0071883
0.0071883
0.0071883
0.0071883
0.0071883
0.0071883
0.0071883
0.0071637
0.0071637
0.0071637
0.0071637
0.0071637
0.0071637
0.0071637
0.0071637
0.0071637
0.0071637
0.0071637
0.0071637
0.0071637
0.0071883
0.0071883
0.0071883
0.0071883
0.0071883
0.0071883
0.0071883
0.0071883
0.0071883
0.0071883
0.0072129
0.0072129
0.0072129
0.0072129
0.0072129
0.0072129
0.0072129
0.0072129
0.0072129
0.0072129
0.0072375
0.0072375
0.0072375
0.0072375
0.0072375
0.0072375
0.0072375
0.0072375
0.0072375
0.0072375
0.0072375
0.0072375
0.0072375
0.0072375
0.0072375
0.0072375
0.0072375
0.0072129
0.0072375
0.0072375
0.0072375
0.0072375
0.0072375
0.0072375
0.0072375
0.0072375
0.0072375
0.0072375
0.0072375
0.0072375
0.0072375
0.0072375
0.0072375
0.0072375
0.0072375
0.0072622
0.0071637
0.0071145
0.0070652
0.007016
0.0069668
0.0069421
0.0069421
0.0069421
0.0069421
0.0069421
0.0069421
0.0069668
0.0069668
0.0069668
0.007016
0.0070406
0.0070406
0.0070406
0.0070652
0.0070652
0.0070898
0.0071145
0.0071145
0.0071145
0.0071391
0.0071637
0.0071637
0.0071883
0.0072129
0.0072129
0.0072375
0.0072622
0.0072622
0.0072375
0.0072375
0.0072622
0.0072622
0.0072622
0.0072622
0.0072622
0.0072622
0.0072868
0.0072868
0.0072868
0.0072622
0.0072622
0.0072868
0.0072868
0.0072868
0.0072868
0.0072868
0.0072868
0.0072868
0.0072868
0.0072868
0.0072868
0.0072868
0.0072868
0.0072868
0.0072868
0.0072868
0.0072868
0.0072868
0.0072868
0.0073114
0.0073114
0.0073114
0.0073114
0.0073114
0.0073114
0.0073114
0.0073114
0.0073114
0.0073114
0.0072868
0.0072868
0.0073114
0.0072868
0.0072868
0.0072622
0.0072622
0.0072375
0.0072375
0.0072375
0.0072375
0.0072129
0.0072129
0.0071883
0.0071883
0.0071883
0.0071883
0.0071883
0.0071883
0.0071883
0.0071883
0.0071637
0.0071637
0.0071637
0.0071637
0.0071637
0.0071391
0.0071391
0.0071391
0.0071391
0.0071391
0.0071391
0.0071391
0.0071391
0.0071391
0.0071145
0.0071145
0.0071145
0.0071145
0.0071145
0.0071145
0.0071145
0.0071145
0.0071145
0.0071145
0.0071145
0.0071145
0.0071145
0.0071145
0.0071145
0.0071145
0.0071145
0.0071145
0.0071145
0.0070898
0.0070898
0.0070898
0.0070898
0.0070898
0.0070898
0.0071145
0.0071145
0.0070898
0.0070898
0.0070652
0.0070898
0.0070898
0.0070652
0.0070652
0.0070652
0.0070652
0.0070652
0.0070652
0.0070652
0.0070652
0.0070652
0.0070652
0.0070652
0.0070652
0.0070652
0.0070652
0.0070652
0.0070652
0.0070652
0.0070652
0.0070652
0.0070652
0.0070652
0.0070652
0.0070652
0.0070406
0.0070406
0.0070406
0.0070406
0.0070406
0.0070406
0.0070406
0.0070406
0.0070406
0.0070406
0.0070406
0.0070406
0.0070406
0.0070406
0.007016
0.007016
0.007016
0.007016
0.007016
0.007016
0.0069914
0.0069914
0.0069914
0.007016
0.0069914
0.0069914
0.0069914
0.0069914
0.0069914
0.0069914
0.0069914
0.0069914
0.0069914
0.007016
0.007016
0.0069914
0.007016
0.007016
0.0069914
0.0069914
0.0069914
0.0069914
0.0069668
0.0069668
0.0069914
0.0069914
0.0069668
0.0069668
0.0069668
0.0069668
0.0069668
0.0069668
0.0069668
0.0069668
0.0069668
0.0069421
0.0069421
0.0069421
0.0069421
0.0069421
0.0069421
0.0069175
0.0069175
0.0069175
0.0068929
0.0069175
0.0069175
0.0069175
0.0068929
0.0069175
0.0069175
0.0069175
0.0068929
0.0068929
0.0069175
0.0069175
0.0069175
0.0069175
0.0069175
0.0069175
0.0069175
0.0069175
0.0069175
0.0069175
0.0069175
0.0069175
0.0069175
0.0069175
0.0069175
0.0069175
0.0068929
0.0069175
0.0069175
0.0069175
0.0068929
0.0068929
0.0068929
0.0068929
0.0068929
0.0068929
0.0068929
0.0068929
0.0068929
0.0068929
0.0068929
0.0068929
0.0068929
0.0068929
0.0069175
0.0069175
0.0068929
0.0069175
0.0069175
0.0069175
0.0069175
0.0069175
0.0069175
0.0068929
0.0068929
0.0068929
0.0068929
0.0068929
0.0068929
0.0068929
0.0068929
0.0068929
0.0068683
0.0068683
0.0068437
0.0068437
0.0068437
0.0068191
0.0068191
0.0068191
0.0068191
0.0068191
0.0067944
0.0067698
0.0067698
0.0067944
0.0067944
0.0067698
0.0067698
0.0067698
0.0067698
0.0067698
0.0067698
0.0067698
0.0067698
0.0067698
0.0067944
0.0067944
0.0067944
0.0067944
0.0067944
0.0067944
0.0068191
0.0068191
0.0067944
0.0067944
0.0068191
0.0067944
0.0067944
0.0067944
0.0067944
0.0067944
0.0067944
0.0067944
0.0067944
0.0067944
0.0067944
0.0067944
0.0067944
0.0067944
0.0067944
0.0067698
0.0067944
0.0067698
0.0067698
0.0067698
0.0067944
0.0067944
0.0067698
0.0067944
0.0067698
0.0067698
0.0067944
0.0067944
0.0067944
0.0067944
0.0067944
0.0067944
0.0068191
0.0068191
0.0068191
0.0067698
0.0065483
0.006499
0.0064744
0.0064744
0.0064744
0.0064744
0.0064744
0.0064744
0.0064744
0.0064744
0.006499
0.006499
0.0065483
0.0065483
0.0065729
0.0065729
0.0065729
0.0065975
0.0066221
0.0066221
0.0066221
0.0066467
0.0066713
0.006696
0.006696
0.0067206
0.0067206
0.0067206
0.0067452
0.0067206
0.0067206
0.0067452
0.0067452
0.0067452
0.0067452
0.0067452
0.0067452
0.0067452
0.0067452
0.0067452
0.0067452
0.0067452
0.0067206
0.0067206
0.0067452
0.0067206
0.0067452
0.0067452
0.0067452
0.0067452
0.0067452
0.0067452
0.0067452
0.0067452
0.0067698
0.0067698
0.0067698
0.0067698
0.0067698
0.0067944
0.0067944
0.0067944
0.0067944
0.0067944
0.0067944
0.0067944
0.0067944
0.0067944
0.0067944
0.0067944
0.0067944
0.0067944
0.0067944
0.0067944
0.0067944
0.0067944
0.0067944
0.0067944
0.0067698
0.0067698
0.0067452
0.0067452
0.0067206
0.0067206
0.0067206
0.006696
0.006696
0.006696
0.0066713
0.0066713
0.0066713
0.0066713
0.0066713
0.0066467
0.0066467
0.0066467
0.0066467
0.0066467
0.0066467
0.0066467
0.0066221
0.0066221
0.0066467
0.0066221
0.0066221
0.0066467
0.0066467
0.0066221
0.0066221
0.0066221
0.0066467
0.0066467
0.0066467
0.0066221
0.0066221
0.0066221
0.0066221
0.0066221
0.0066221
0.0066221
