2018
8
16
9
53
33.864
0.058516
0.058491
0.058467
0.058442
0.058442
0.058417
0.058393
0.058368
0.058344
0.058344
0.058319
0.058294
0.05827
0.05827
0.058245
0.058245
0.05822
0.058196
0.058171
0.058171
0.058171
0.058147
0.058122
0.058122
0.058122
0.058097
0.058073
0.058048
0.058048
0.058023
0.058023
0.057999
0.057974
0.057974
0.057974
0.05795
0.057925
0.057925
0.0579
0.0579
0.057851
0.057851
0.057827
0.057802
0.057777
0.057777
0.057777
0.057777
0.057753
0.057728
0.057703
0.057703
0.057703
0.057679
0.057654
0.057654
0.057654
0.05763
0.057605
0.057605
0.05758
0.05758
0.05758
0.057556
0.057531
0.057531
0.057531
0.057531
0.057507
0.057482
0.057482
0.057482
0.057482
0.057457
0.057433
0.057433
0.057433
0.057433
0.057408
0.057383
0.057408
0.057433
0.057482
0.057482
0.057408
0.05726
0.057137
0.057039
0.05694
0.056916
0.05694
0.05694
0.05694
0.05694
0.056916
0.056891
0.056866
0.056842
0.056842
0.056866
0.056891
0.056916
0.056916
0.05694
0.05694
0.056965
0.056965
0.056965
0.056965
0.056965
0.056965
0.056965
0.056965
0.05699
0.05699
0.05699
0.05699
0.056965
0.056965
0.056965
0.056891
0.056866
0.056842
0.056817
0.056817
0.056817
0.056793
0.056768
0.056768
0.056743
0.056743
0.056719
0.056694
0.056694
0.056694
0.05667
0.05667
0.056645
0.056645
0.056645
0.056645
0.05662
0.05662
0.056596
0.056596
0.056596
0.056596
0.056571
0.056571
0.056546
0.056546
0.056546
0.056522
0.056497
0.056497
0.056497
0.056473
0.056448
0.056423
0.056423
0.0563
0.0563
0.056276
0.056251
0.056226
0.056202
0.056177
0.056177
0.056153
0.056128
0.056103
0.056079
0.056054
0.056029
0.056005
0.05598
0.05598
0.055956
0.055931
0.055906
0.055882
0.055857
0.055857
0.055808
0.055783
0.055759
0.055759
0.055734
0.055709
0.055685
0.05566
0.05566
0.05566
0.055636
0.055611
0.055586
0.055586
0.055586
0.055586
0.055562
0.055463
0.055463
0.055439
0.055414
0.055389
0.055389
0.055365
0.055365
0.05534
0.055316
0.055291
0.055291
0.055266
0.055266
0.055242
0.055217
0.055192
0.055192
0.055168
0.055168
0.055143
0.055143
0.055119
0.055119
0.055094
0.055069
0.055069
0.055069
0.055069
0.055069
0.055045
0.055045
0.055045
0.055045
0.05502
0.05502
0.054996
0.054996
0.054971
0.054971
0.054922
0.054922
0.054897
0.054897
0.054872
0.054872
0.054848
0.054848
0.054848
0.054823
0.054823
0.054823
0.054799
0.054799
0.054799
0.054774
0.054774
0.054749
0.054749
0.054749
0.054725
0.054725
0.0547
0.0547
0.0547
0.054676
0.054676
0.054676
0.054651
0.054651
0.054651
0.054626
0.054626
0.054626
0.054602
0.054602
0.054577
0.054577
0.054577
0.054577
0.054528
0.054528
0.054528
0.054503
0.054479
0.054479
0.054479
0.054479
0.054479
0.054479
0.054528
0.054602
0.054577
0.054454
0.054331
0.054232
0.054134
0.054035
0.054035
0.054085
0.054085
0.054109
0.054109
0.054085
0.05406
0.054035
0.054035
0.05406
0.054085
0.054109
0.054109
0.054134
0.054134
0.054159
0.054159
0.054159
0.054183
0.054208
0.054208
0.054232
0.054232
0.054232
0.054208
0.054208
0.054208
0.054208
0.054183
0.054183
0.054183
0.054183
0.054159
0.054134
0.054134
0.054134
0.054109
0.054109
0.054085
0.054085
0.054085
0.05406
0.05406
0.054035
0.054035
0.054035
0.054035
0.054035
0.054011
0.054011
0.054011
0.054011
0.054011
0.054011
0.054011
0.054011
0.054011
0.054011
0.053986
0.053986
0.053986
0.053962
0.053937
0.053912
0.053888
0.053863
0.053839
0.053839
0.053814
0.053814
0.053814
0.053789
0.053789
0.053765
0.053765
0.05374
0.05374
0.05374
0.053715
0.053691
0.053691
0.053666
0.053666
0.053642
0.053617
0.053617
0.053617
0.053592
0.053592
0.053592
0.053568
0.053568
0.053568
0.053568
0.053568
0.053568
0.053568
0.053568
0.053568
0.053568
0.053543
0.053568
0.053568
0.053568
0.053568
0.053543
0.053543
0.053543
0.053543
0.053543
0.053543
0.053543
0.053543
0.053543
0.053543
0.053543
0.053518
0.053518
0.053518
0.053518
0.053518
0.053518
0.053518
0.053518
0.053494
0.053494
0.053469
0.053494
0.053494
0.053469
0.053469
0.053445
0.053445
0.05342
0.05342
0.053395
0.053395
0.053371
0.053371
0.053371
0.053346
0.053346
0.053297
0.053272
0.053272
0.053248
0.053248
0.053223
0.053198
0.053198
0.053198
0.053174
0.053149
0.053149
0.053149
0.053125
0.053125
0.0531
0.0531
0.053075
0.053075
0.053075
0.053051
0.053026
0.053026
0.053026
0.053002
0.053002
0.052977
0.052977
0.052977
0.052952
0.052928
0.052928
0.052903
0.052903
0.052903
0.052878
0.052878
0.052878
0.052878
0.052854
0.052829
0.052829
0.052805
0.05278
0.05278
0.05278
0.05278
0.052755
0.052731
0.052731
0.052731
0.052731
0.052731
0.052706
0.052706
0.052706
0.052706
0.052681
0.052681
0.052681
0.052681
0.052681
0.052657
0.052657
0.052657
0.052632
0.052632
0.052632
0.052608
0.052608
0.052608
0.052632
0.052608
0.052583
0.052608
0.052608
0.052583
0.052558
0.052558
0.052558
0.052534
0.052534
0.052534
0.052534
0.052509
0.052509
0.052509
0.052509
0.052509
0.052509
0.052509
0.052509
0.052509
0.052509
0.052509
0.052485
0.052485
0.052509
0.052509
0.052509
0.052485
0.052485
0.052509
0.052509
0.052485
0.052485
0.052485
0.052509
0.052509
0.052509
0.052485
0.052485
0.052509
0.052509
0.052485
0.052485
0.052485
0.052485
0.052485
0.052485
0.05246
0.05246
0.05246
0.05246
0.052485
0.052485
0.052485
0.052485
0.052485
0.052485
0.05246
0.052435
0.052411
0.052411
0.052411
0.052386
0.052361
0.052361
0.052361
0.052361
0.052361
0.052337
0.052312
0.052312
0.052312
0.052288
0.052263
0.052263
0.052263
0.052238
0.052238
0.052214
0.052214
0.052214
0.052214
0.052214
0.052214
0.052214
0.052238
0.052238
0.052263
0.052288
0.052288
0.052288
0.052312
0.052312
0.052312
0.052337
0.052312
0.052312
0.052337
0.052337
0.052337
0.052361
0.052361
0.052361
0.052386
0.052386
0.052361
0.052361
0.052361
0.052361
0.052361
0.052361
0.052361
0.052361
0.052361
0.052337
0.052337
0.052312
0.052312
0.052312
0.052288
0.052288
0.052263
0.052263
0.052238
0.052214
0.052189
0.052189
0.052091
0.052066
0.052041
0.052041
0.052017
0.051992
0.051968
0.051943
0.051943
0.051918
0.051869
0.051869
0.051844
0.051844
0.05182
0.051795
0.051771
0.051771
0.051746
0.051721
0.051721
0.051697
0.051672
0.051648
0.051623
0.051598
0.051574
0.051574
0.051549
0.051524
0.051475
0.051451
0.051426
0.051401
0.051377
0.051352
0.051328
0.051303
0.051303
0.051254
0.051155
0.051131
0.051106
0.051081
0.051081
0.051081
0.051081
0.051131
0.051131
0.051032
0.050909
0.050811
0.050712
0.050589
0.05054
0.050564
0.050589
0.050564
0.05054
0.050515
0.050491
0.050466
0.050466
0.050441
0.050466
0.050491
0.050515
0.05054
0.05054
0.05054
0.05054
0.05054
0.05054
0.050515
0.050515
0.05054
0.050515
0.050491
0.050491
0.050491
0.050417
0.050367
0.050343
0.050318
0.050269
0.050244
0.050195
0.05017
0.050146
0.050097
0.050047
0.050023
0.049974
0.049949
0.0499
0.04985
0.049826
0.049801
0.049752
0.049727
0.049703
0.049678
0.049654
0.049629
0.04958
0.049555
0.049506
0.049481
0.049457
0.049432
0.049407
0.049383
0.049358
0.049334
0.049309
0.049284
0.04926
0.049235
0.04921
0.049161
0.049038
0.049013
0.048964
0.04894
0.048915
0.048866
0.048841
0.048792
0.048767
0.048743
0.048718
0.048669
0.04862
0.048595
0.04857
0.048521
0.048497
0.048472
0.048447
0.048423
0.048398
0.048373
0.048324
0.0483
0.048275
0.04825
0.048226
0.048176
0.048152
0.048152
0.048127
0.048103
0.048078
0.048053
0.048029
0.048004
0.04798
0.047955
0.04793
0.047906
0.047832
0.047807
0.047807
0.047783
0.047758
0.047758
0.047733
0.047733
0.047709
0.047684
0.04766
0.04766
0.047635
0.047635
0.04761
0.047586
0.047586
0.047561
0.047536
0.047512
0.047487
0.047487
0.047463
0.047438
0.047413
0.047389
0.047389
0.047364
0.047339
0.047339
0.047315
0.047315
0.04729
0.04729
0.047266
0.047266
0.047266
0.047241
0.047241
0.047216
0.047192
0.047167
0.047167
0.047167
0.047167
0.047143
0.047143
0.047118
0.047118
0.047118
0.047093
0.047093
0.047069
0.047069
0.047044
0.047044
0.047019
0.047019
0.047019
0.046995
0.046995
0.04697
0.04697
0.04697
0.046946
0.046946
0.046921
0.046921
0.046896
0.046896
0.046872
0.046872
0.046847
0.046847
0.046823
0.046823
0.046798
0.046773
0.046773
0.046773
0.046699
0.046699
0.046675
0.04665
0.04665
0.04665
0.046626
0.046601
0.046576
0.046576
0.046552
0.046552
0.046527
0.046502
0.046502
0.046502
0.046502
0.046502
0.046478
0.046478
0.046502
0.046527
0.046576
0.046552
0.046453
0.046355
0.046306
0.046207
0.046059
0.04601
0.046035
0.046035
0.046035
0.04601
0.045986
0.045961
0.045961
0.045936
0.045936
0.045961
0.046035
0.046035
0.046035
0.046035
0.046035
0.046035
0.046035
0.046059
0.046059
0.046059
0.046059
0.046035
0.046035
0.046035
0.04601
0.04601
0.045986
0.045986
0.045961
0.045961
0.045936
0.045912
0.045912
0.045912
0.045912
0.045887
0.045862
0.045862
0.045862
0.045838
0.045813
0.045789
0.045789
0.045764
0.045764
0.045739
0.045715
0.045715
0.045715
0.04569
0.045641
0.045641
0.045616
0.045616
0.045616
0.045592
0.045592
0.045567
0.045567
0.045542
0.045542
0.045542
0.045518
0.045518
0.045493
0.045493
0.045469
0.045444
0.045419
0.045419
0.045395
0.04537
0.04537
0.045345
0.045321
0.045296
0.045296
0.045272
0.045222
0.045198
0.045198
0.045173
0.045149
0.045149
0.045124
0.045099
0.045099
0.045075
0.04505
0.04505
0.044976
0.044976
0.044952
0.044952
0.044927
0.044927
0.044927
0.044902
0.044902
0.044878
0.044878
0.044853
0.044853
0.044853
0.044853
0.044828
0.044828
0.044804
0.044804
0.044779
0.044779
0.044779
0.044779
0.044779
0.044779
0.044755
0.044755
0.044755
0.04473
0.04473
0.044705
0.044705
0.044705
0.044681
0.044681
0.044656
0.044656
0.044656
0.044656
0.044632
0.044607
0.044582
0.044558
0.044558
0.044558
0.044558
0.044533
0.044533
0.044508
0.044508
0.044508
0.044508
0.044484
0.044508
0.044508
0.044508
0.044484
0.044484
0.044484
0.044484
0.044484
0.044484
0.044484
0.044484
0.044484
0.044484
0.044484
0.044459
0.044459
0.044459
0.044459
0.044459
0.044435
0.044435
0.044435
0.044435
0.044435
0.04441
0.04441
0.04441
0.044385
0.044385
0.044385
0.044361
0.044361
0.044361
0.044361
0.044361
0.044336
0.044336
0.044336
0.044312
0.044312
0.044312
0.044287
0.044287
0.044287
0.044287
0.044287
0.044287
0.044287
0.044287
0.044287
0.044262
0.044262
0.044262
0.044262
0.044262
0.044262
0.044262
0.044262
0.044262
0.044262
0.044262
0.044238
0.044238
0.044238
0.044238
0.044238
0.044238
0.044238
0.044213
0.044213
0.044213
0.044213
0.044213
0.044213
0.044213
0.044213
0.044213
0.044213
0.044213
0.044188
0.044213
0.044188
0.044188
0.044188
0.044188
0.044188
0.044188
0.044188
0.044188
0.044188
0.044188
0.044188
0.044188
0.044188
0.044188
0.044213
0.044238
0.044312
0.044312
0.044238
0.044115
0.044016
0.043918
0.043795
0.043721
0.04377
0.043819
0.043795
0.043819
0.043844
0.043844
0.043844
0.043893
0.043967
0.043992
0.044041
0.044041
0.044065
0.044115
0.044115
0.044139
0.044139
0.044188
0.044238
0.044262
0.044287
0.044287
0.044336
0.044361
0.044385
0.044385
0.044361
0.044385
0.04441
0.044435
0.04441
0.04441
0.044435
0.044459
0.044459
0.044459
0.044459
0.044484
0.044508
0.044533
0.044508
0.044508
0.044558
0.044558
0.044558
0.044582
0.044582
0.044582
0.044582
0.044582
0.044607
0.044632
0.044632
0.044607
0.044607
0.044632
0.044656
0.044632
0.044632
0.044632
0.044632
0.044632
0.044632
0.044607
0.044607
0.044607
0.044607
0.044582
0.044558
0.044533
0.044558
0.044533
0.044533
0.044484
0.044484
0.044459
0.044435
0.044435
0.044385
0.044385
0.044385
0.044385
0.044336
0.044336
0.044312
0.044287
0.044262
0.044262
0.044262
0.044238
0.044188
0.044188
0.044188
0.044213
0.044188
0.044164
0.044139
0.044139
0.044139
0.044115
0.04409
0.04409
0.04409
0.04409
0.04409
0.044065
0.044041
0.044041
0.044065
0.044041
0.044016
0.044016
0.044016
0.044016
0.043992
0.043967
0.043967
0.043967
0.043967
0.043967
0.043942
0.043942
0.043893
0.043893
0.043893
0.043893
0.043868
0.043844
0.043844
0.043844
0.043819
0.043819
0.043795
0.043819
0.043819
0.043795
0.043795
0.043795
0.043795
0.043795
0.043795
0.04377
0.04377
0.04377
0.043795
0.043795
0.04377
0.043745
0.043721
0.043696
0.043671
0.043622
0.043573
0.043548
0.043548
0.043548
0.043499
0.043475
0.043475
0.043524
0.043647
0.043745
0.043844
0.043844
0.043868
0.043819
0.04377
0.043795
0.043696
0.043573
0.043598
0.043647
0.043671
0.043671
0.043671
0.043696
0.043696
0.043696
0.043696
0.043671
0.043696
0.043696
0.043696
0.043671
0.043671
0.043671
0.043696
0.043671
0.043647
0.043647
0.043647
0.043647
0.043647
0.043647
0.043622
0.043622
0.043647
0.043647
0.043622
0.043598
0.043598
0.043598
0.043573
0.043598
0.043573
0.043573
0.043548
0.043548
0.043573
0.043573
0.043548
0.043548
0.043548
0.043548
0.043548
0.043524
0.043524
0.043524
0.043524
0.043524
0.043499
0.043475
0.043475
0.043499
0.043499
0.043475
0.043475
0.043475
0.043475
0.043475
0.04345
0.04345
0.04345
0.04345
0.04345
0.043401
0.043376
0.043376
0.043401
0.043401
0.043376
0.043351
0.043351
0.043327
0.043327
0.043327
0.043327
0.043302
0.043278
0.043302
0.043302
0.043302
0.043278
0.043253
0.043253
0.043278
0.043278
0.043253
0.043228
0.043228
0.043253
0.043253
0.043228
0.043204
0.043204
0.043204
0.043204
0.043179
0.043155
0.043155
0.043179
0.043155
0.043155
0.04313
0.043105
0.04313
0.043105
0.043105
0.043081
0.043056
0.043081
0.043081
0.043031
0.043056
0.043031
0.043007
0.043007
0.043007
0.043031
0.043007
0.042982
0.042982
0.043007
0.043007
0.042982
0.042958
0.042958
0.042982
0.042982
0.042982
0.042958
0.042958
0.042958
0.042982
0.042958
0.042958
0.042933
0.042958
0.042958
0.042958
0.042933
0.042933
0.042933
0.042933
0.042908
0.042884
0.042884
0.042884
0.042908
0.042884
0.042859
0.042859
0.042859
0.042834
0.042859
0.042859
0.042859
0.042834
0.04281
0.042834
0.042834
0.042834
0.04281
0.04281
0.04281
0.042834
0.04281
0.04281
0.042785
0.04281
0.04281
0.04281
0.042785
0.042785
0.042785
0.042785
0.042785
0.042761
0.042761
0.042785
0.042785
0.042761
0.042761
0.042761
0.042761
0.042785
0.042761
0.042761
0.042736
0.042761
0.042761
0.042761
0.042711
0.042711
0.042711
0.042687
0.042687
0.042687
0.042711
0.042711
0.042687
0.042687
0.042687
0.042711
0.042687
0.042687
0.042687
0.042687
0.042687
0.042687
0.042687
0.042662
0.042687
0.042687
0.042687
0.042662
0.042662
0.042662
0.042662
0.042662
0.042662
0.042638
0.042662
0.042687
0.042711
0.042761
0.042785
0.042736
0.042638
0.042514
0.042416
0.042293
0.042318
0.042318
0.042318
0.042318
0.042293
0.042293
0.042268
0.042293
0.042342
0.042391
0.042391
0.042391
0.042416
0.042441
0.042465
0.042465
0.042465
0.04249
0.042514
0.042539
0.042539
0.042539
0.042564
0.042613
0.042613
0.042588
0.042588
0.042588
0.042588
0.042588
0.042588
0.042588
0.042588
0.042588
0.042588
0.042564
0.042564
0.042539
0.042564
0.042564
0.042514
0.042514
0.042514
0.04249
0.04249
0.04249
0.042514
0.04249
0.04249
0.04249
0.04249
0.04249
0.04249
0.04249
0.04249
0.04249
0.042514
0.04249
0.04249
0.04249
0.04249
0.04249
0.04249
0.042465
0.042465
0.042465
0.042441
0.042416
0.042391
0.042391
0.042391
0.042391
0.042367
0.042342
0.042318
0.042318
0.042318
0.042293
0.042268
0.042268
0.042219
0.042194
0.042194
0.042194
0.042145
0.042121
0.042121
0.042121
0.042121
0.042096
0.042071
0.042047
0.042047
0.042047
0.042022
0.041997
0.041997
0.041997
0.041997
0.041973
0.041948
0.041948
0.041948
0.041948
0.041924
0.041899
0.041899
0.041924
0.041924
0.041924
0.041899
0.041899
0.041899
0.041899
0.041899
0.041874
0.041874
0.041874
0.041899
0.041874
0.04185
0.041825
0.041801
0.041801
0.041801
0.041801
0.041801
0.041776
0.041751
0.041776
0.041776
0.041751
0.041751
0.041727
0.041751
0.041751
0.041751
0.041727
0.041702
0.041727
0.041727
0.041727
0.041702
0.041702
0.041702
0.041702
0.041702
0.041677
0.041677
0.041677
0.041677
0.041653
0.041653
0.041653
0.041653
0.041677
0.041653
0.041653
0.041628
0.041653
0.041628
0.041628
0.041653
0.041628
0.041604
0.041604
0.041604
0.041628
0.041604
0.041579
0.041579
0.041579
0.041579
0.041579
0.041554
0.04153
0.04153
0.04153
0.04153
0.041481
0.041481
0.041481
0.041481
0.041456
0.041431
0.041431
0.041407
0.041431
0.041407
0.041382
0.041357
0.041357
0.041357
0.041333
0.041284
0.041259
0.041259
0.041259
0.041234
0.041185
0.041136
0.041111
0.041087
0.041062
0.041087
0.041062
0.041013
0.041013
0.040988
0.040988
0.040964
0.040939
0.040914
0.040914
0.040914
0.040914
0.040914
0.040964
0.040964
0.04089
0.040742
0.040644
0.040545
0.040447
0.040422
0.040471
0.040447
0.040422
0.040422
0.040422
0.040373
0.040348
0.040323
0.040323
0.040373
0.040373
0.040373
0.040373
0.040397
0.040397
0.040348
0.040323
0.040348
0.040348
0.040323
0.040299
0.040274
0.04025
0.04025
0.040225
0.040176
0.040127
0.040102
0.040102
0.040053
0.040028
0.039979
0.039979
0.039979
0.039979
0.039954
0.03993
0.039905
0.03993
0.039905
0.03988
0.039856
0.039856
0.039856
0.039856
0.039831
0.039807
0.039782
0.039807
0.039782
0.039757
0.039733
0.039733
0.039757
0.039733
0.039683
0.039708
0.039683
0.039634
0.039634
0.039634
0.039634
0.03961
0.03956
0.03956
0.03956
0.03956
0.039536
0.039511
0.039511
0.039511
0.039511
0.039486
0.039462
0.039437
0.039437
0.039437
0.039413
0.039388
0.039388
0.039388
0.039388
0.039363
0.039339
0.039339
0.039339
0.039339
0.039314
0.03929
0.03929
0.039314
0.039314
0.03929
0.039265
0.03924
0.03924
0.03924
0.039265
0.039265
0.03924
0.039216
0.039216
0.039216
0.039216
0.039216
0.039191
0.039191
0.039191
0.039216
0.039191
0.039166
0.039166
0.039191
0.039191
0.039166
0.039142
0.039166
0.039166
0.039191
0.039166
0.039142
0.039142
0.039166
0.039166
0.039142
0.039117
0.039117
0.039142
0.039142
0.039117
0.039093
0.039093
0.039117
0.039117
0.039117
0.039117
0.039117
0.039093
0.039093
0.039093
0.039093
0.039093
0.039068
0.039068
0.039093
0.039093
0.039093
0.039068
0.039068
0.039068
0.039093
0.039068
0.039068
0.039043
0.039068
0.039068
0.039068
0.039043
0.039043
0.039068
0.039093
0.039068
0.039043
0.039043
0.039068
0.039068
0.039068
0.039043
0.039019
0.039043
0.039043
0.039043
0.039019
0.038994
0.039019
0.038994
0.038994
0.039019
0.039019
0.038994
0.03897
0.038994
0.038994
0.038994
0.03897
0.03897
0.03897
0.039019
0.039019
0.039068
0.039093
0.039043
0.038945
0.038822
0.038723
0.0386
0.038551
0.0386
0.038625
0.038625
0.038625
0.038625
0.038625
0.038625
0.038625
0.0386
0.038625
0.038699
0.038723
0.038748
0.038748
0.038773
0.038797
0.038822
0.038822
0.038896
0.038871
0.038896
0.03892
0.038945
0.038945
0.03892
0.038896
0.038896
0.03892
0.03892
0.038896
0.038871
0.038896
0.03892
0.038896
0.038896
0.038871
0.038896
0.038896
0.038896
0.038896
0.038871
0.038871
0.038896
0.038896
0.038871
0.038871
0.038871
0.038896
0.038896
0.038896
0.038871
0.038896
0.03892
0.03892
0.03892
0.03892
0.03892
0.038945
0.038945
0.03897
0.03897
0.038945
0.03892
0.038945
0.038945
0.038945
0.038945
0.03892
0.03892
0.03892
0.03892
0.038896
0.038846
0.038846
0.038871
0.038871
0.038846
0.038822
0.038822
0.038822
0.038822
0.038822
0.038797
0.038797
0.038797
0.038797
0.038773
0.038748
0.038748
0.038773
0.038773
0.038748
0.038723
0.038723
0.038748
0.038748
0.038723
0.038699
0.038748
0.038723
0.038723
0.038748
0.038748
0.038723
0.038723
0.038723
0.038748
0.038748
0.038723
0.038723
0.038723
0.038723
0.038748
0.038723
0.038699
0.038699
0.038723
0.038723
0.038699
0.038699
0.038699
0.038699
0.038723
0.038699
0.038674
0.038674
0.038674
0.038699
0.038674
0.03865
0.03865
0.038674
0.038674
0.038674
0.03865
0.03865
0.03865
0.038674
0.03865
0.03865
0.038625
0.038625
0.03865
0.03865
0.03865
0.038625
0.0386
0.038625
0.038625
0.0386
0.038576
0.038576
0.0386
0.0386
0.0386
0.038576
0.038576
0.038576
0.0386
0.038576
0.038551
0.038551
0.038576
0.038576
0.038576
0.038551
0.038551
0.038576
0.038576
0.038576
0.038551
0.038551
0.038576
0.038576
0.038576
0.038551
0.038551
0.038576
0.038576
0.038576
0.0386
0.0386
0.038551
0.038551
0.038576
0.038576
0.038576
0.038551
0.038551
0.038551
0.038576
0.038576
0.038551
0.038526
0.038551
0.038551
0.038551
0.038526
0.038526
0.038526
0.038551
0.038551
0.038526
0.038526
0.038526
0.038551
0.038551
0.038526
0.038526
0.038551
0.038551
0.038551
0.038526
0.038526
0.038526
0.038551
0.038551
0.038502
0.038526
0.038502
0.038502
0.038502
0.038526
0.038502
0.038477
0.038477
0.038502
0.038502
0.038502
0.038477
0.038477
0.038477
0.038502
0.038502
0.038477
0.038477
0.038502
0.038526
0.038526
0.038502
0.038477
0.038502
0.038526
0.038526
0.038502
0.038477
0.038502
0.038502
0.038502
0.038502
0.038477
0.038502
0.038526
0.038502
0.038502
0.038477
0.038502
0.038502
0.038502
0.038526
0.038576
0.038625
0.0386
0.038526
0.038403
0.038329
0.038231
0.038108
0.038133
0.038182
0.038206
0.038206
0.038182
0.038182
0.038206
0.038206
0.038182
0.038182
0.038206
0.038256
0.038305
0.038305
0.038305
0.038329
0.038379
0.038379
0.038379
0.038379
0.038403
0.038428
0.038453
0.038453
0.038453
0.038477
0.038502
0.038502
0.038502
0.038477
0.038502
0.038477
0.038502
0.038526
0.038526
0.038502
0.038502
0.038502
0.038526
0.038526
0.038502
0.038477
0.038502
0.038526
0.038526
0.038502
0.038477
0.038477
0.038502
0.038526
0.038502
0.038502
0.038502
0.038526
0.038551
0.038526
0.038526
0.038551
0.038576
0.038576
0.038576
0.038551
0.038551
0.0386
0.0386
0.0386
0.038576
0.038576
0.0386
0.038625
0.0386
0.038625
0.0386
0.038576
0.038551
0.038576
0.038576
0.038551
0.038526
0.038502
0.038526
0.038526
0.038526
0.038502
0.038477
0.038502
0.038502
0.038477
0.038428
0.038428
0.038428
0.038453
0.038428
0.038403
0.038403
0.038428
0.038428
0.038403
0.038379
0.038379
0.038379
0.038403
0.038403
0.038354
0.038354
0.038379
0.038403
0.038379
0.038354
0.038354
0.038379
0.038354
0.038379
0.038403
0.038379
0.038354
0.038354
0.038379
0.038403
0.038379
0.038354
0.038354
0.038379
0.038379
0.038379
0.038354
0.038354
0.038379
0.038379
0.038379
0.038354
0.038354
0.038354
0.038379
0.038379
0.038354
0.038354
0.038354
0.038379
0.038379
0.038354
0.038354
0.038354
0.038379
0.038379
0.038354
0.038329
0.038354
0.038379
0.038379
0.038379
0.038379
0.038354
0.038329
0.038354
0.038379
0.038379
0.038354
0.038329
0.038354
0.038379
0.038379
0.038354
0.038354
0.038354
0.038379
0.038379
0.038354
0.038354
0.038354
0.038379
0.038354
0.038354
0.038329
0.038354
0.038379
0.038379
0.038354
0.038329
0.038354
0.038379
0.038379
0.038354
0.038329
0.038354
0.038354
0.038354
0.038329
0.038329
0.038329
0.038305
0.038329
0.038329
0.038329
0.038305
0.038305
0.038305
0.038329
0.038329
0.038305
0.038305
0.038329
0.038354
0.038354
0.038329
0.038305
0.038329
0.038354
0.038354
0.038329
0.038305
0.038329
0.038354
0.038354
0.038329
0.038305
0.038329
0.038354
0.038354
0.038329
0.038329
0.038329
0.038354
0.038354
0.038354
0.038329
0.038329
0.038354
0.038403
0.038428
0.038256
0.038157
0.038059
0.03796
0.038009
0.038059
0.038059
0.038059
0.038059
0.038083
0.038059
0.038059
0.038034
0.038034
0.038083
0.038133
0.038133
0.038133
0.038182
0.038206
0.038206
0.038206
0.038206
0.038206
0.038256
0.038256
0.038256
0.038256
0.03828
0.038305
0.038329
0.038329
0.038305
0.038305
0.038329
0.038354
0.038329
0.038305
0.038305
0.038329
