2018
8
16
9
51
18.45
-0.032741
-0.031978
-0.030747
-0.030673
-0.031781
-0.032717
-0.031978
-0.030723
-0.030624
-0.031707
-0.032667
-0.031954
-0.030723
-0.0306
-0.031707
-0.032692
-0.032027
-0.030772
-0.030575
-0.031683
-0.032692
-0.032052
-0.030821
-0.0306
-0.031658
-0.032692
-0.032052
-0.030821
-0.03055
-0.031634
-0.032692
-0.032077
-0.030846
-0.030526
-0.031584
-0.032667
-0.032077
-0.030846
-0.030501
-0.031535
-0.030476
-0.031486
-0.032594
-0.032077
-0.030846
-0.030427
-0.031437
-0.032544
-0.032077
-0.030846
-0.030378
-0.031363
-0.03252
-0.032077
-0.030846
-0.030353
-0.031338
-0.03252
-0.032101
-0.030895
-0.030353
-0.031313
-0.032471
-0.032101
-0.030895
-0.030304
-0.03124
-0.032421
-0.032077
-0.03092
-0.030304
-0.03124
-0.032421
-0.032126
-0.030944
-0.030304
-0.03119
-0.032397
-0.032126
-0.030944
-0.03215
-0.030993
-0.03028
-0.031141
-0.032347
-0.03215
-0.030993
-0.03023
-0.031092
-0.032323
-0.03215
-0.030993
-0.03023
-0.031043
-0.032249
-0.03215
-0.031018
-0.030206
-0.030993
-0.032249
-0.032175
-0.031067
-0.03023
-0.030993
-0.032224
-0.032175
-0.031067
-0.030206
-0.030944
-0.032175
-0.032175
-0.031067
-0.030181
-0.030895
-0.03215
-0.0322
-0.031117
-0.030181
-0.03087
-0.032126
-0.03215
-0.032274
-0.031166
-0.030181
-0.030846
-0.032101
-0.032249
-0.03119
-0.030181
-0.030797
-0.032052
-0.032274
-0.031215
-0.030206
-0.030797
-0.032027
-0.032298
-0.031264
-0.030206
-0.030772
-0.032003
-0.032298
-0.031264
-0.030206
-0.030723
-0.031978
-0.032323
-0.031289
-0.030206
-0.030723
-0.031954
-0.032323
-0.031289
-0.030181
-0.030673
-0.031904
-0.032323
-0.031313
-0.030181
-0.030624
-0.030181
-0.0306
-0.031806
-0.032274
-0.031313
-0.030181
-0.030526
-0.031757
-0.032274
-0.031338
-0.030181
-0.030501
-0.031683
-0.032274
-0.031363
-0.030181
-0.030476
-0.031658
-0.032274
-0.031387
-0.03023
-0.030476
-0.031683
-0.032323
-0.031437
-0.03023
-0.030452
-0.031634
-0.032298
-0.031437
-0.03023
-0.030403
-0.031584
-0.032274
-0.031412
-0.030206
-0.030378
-0.031535
-0.032274
-0.031437
-0.032274
-0.031461
-0.03023
-0.030304
-0.031461
-0.032249
-0.031461
-0.030255
-0.030304
-0.031412
-0.032249
-0.031486
-0.030255
-0.03023
-0.031363
-0.032224
-0.031486
-0.030255
-0.030206
-0.031313
-0.032224
-0.03151
-0.030304
-0.030206
-0.031313
-0.032224
-0.031535
-0.030304
-0.030181
-0.031264
-0.0322
-0.03151
-0.03028
-0.030132
-0.03119
-0.03215
-0.03151
-0.030304
-0.030083
-0.031141
-0.031092
-0.032126
-0.031535
-0.030304
-0.030033
-0.031067
-0.032126
-0.03156
-0.030353
-0.030009
-0.031018
-0.032077
-0.031535
-0.030353
-0.029984
-0.030969
-0.032052
-0.03156
-0.030353
-0.02996
-0.030944
-0.032027
-0.03156
-0.030378
-0.02996
-0.03092
-0.032027
-0.031584
-0.030378
-0.02991
-0.03087
-0.032003
-0.031609
-0.030427
-0.02991
-0.030846
-0.032003
-0.031634
-0.030452
-0.029886
-0.030476
-0.029886
-0.030772
-0.031929
-0.031609
-0.030452
-0.029861
-0.030723
-0.031904
-0.031634
-0.030452
-0.029812
-0.030673
-0.031855
-0.031634
-0.030476
-0.029812
-0.030649
-0.03183
-0.031634
-0.030501
-0.029787
-0.0306
-0.031806
-0.031634
-0.030526
-0.029763
-0.030575
-0.031781
-0.031658
-0.030526
-0.029738
-0.030526
-0.031732
-0.031658
-0.03055
-0.029738
-0.030501
-0.031707
-0.031658
-0.031683
-0.031683
-0.030575
-0.029713
-0.030452
-0.031658
-0.031683
-0.0306
-0.029713
-0.030403
-0.031609
-0.031683
-0.030624
-0.029689
-0.030353
-0.031584
-0.031683
-0.030624
-0.029664
-0.030304
-0.031535
-0.031683
-0.030649
-0.029664
-0.03028
-0.031486
-0.031683
-0.030673
-0.029664
-0.030255
-0.031486
-0.031707
-0.030673
-0.029664
-0.03023
-0.031437
-0.031707
-0.030698
-0.029664
-0.030206
-0.029664
-0.030156
-0.031363
-0.031707
-0.030723
-0.029639
-0.030107
-0.031289
-0.031683
-0.030698
-0.02959
-0.030033
-0.031215
-0.031658
-0.030698
-0.02959
-0.030009
-0.03119
-0.031658
-0.030723
-0.02959
-0.02996
-0.031141
-0.031634
-0.030673
-0.029566
-0.029886
-0.031043
-0.03156
-0.030649
-0.029541
-0.029861
-0.031018
-0.031584
-0.030698
-0.029541
-0.029812
-0.030944
-0.03156
-0.030698
-0.031535
-0.030673
-0.029516
-0.029689
-0.030821
-0.031486
-0.030649
-0.029467
-0.029639
-0.030747
-0.031437
-0.030624
-0.029443
-0.029566
-0.030673
-0.031412
-0.0306
-0.029418
-0.029516
-0.0306
-0.031363
-0.030575
-0.029418
-0.029467
-0.03055
-0.031313
-0.030526
-0.029369
-0.029393
-0.030476
-0.031289
-0.03055
-0.029393
-0.029344
-0.030403
-0.031264
-0.030526
-0.029369
-0.029295
-0.030353
-0.029246
-0.030304
-0.03119
-0.030501
-0.029344
-0.029196
-0.03023
-0.031166
-0.030501
-0.029319
-0.029147
-0.030181
-0.031117
-0.030501
-0.029344
-0.029123
-0.030132
-0.031117
-0.030501
-0.029344
-0.029098
-0.030083
-0.031067
-0.030501
-0.029319
-0.029049
-0.030009
-0.031018
-0.030501
-0.029344
-0.029024
-0.030009
-0.031043
-0.030526
-0.029369
-0.028999
-0.02996
-0.030993
-0.030501
-0.029344
-0.030501
-0.029344
-0.028926
-0.029836
-0.03092
-0.030501
-0.029344
-0.028901
-0.029812
-0.030895
-0.030526
-0.029369
-0.028876
-0.029763
-0.03087
-0.030501
-0.029369
-0.028852
-0.029738
-0.03087
-0.030526
-0.029393
-0.028827
-0.029689
-0.030821
-0.030501
-0.029393
-0.028778
-0.029639
-0.030772
-0.030526
-0.029418
-0.028778
-0.029615
-0.030747
-0.030501
-0.029393
-0.028729
-0.029566
-0.030698
-0.029492
-0.030649
-0.030501
-0.029418
-0.028704
-0.029492
-0.030649
-0.030526
-0.029443
-0.028704
-0.029443
-0.0306
-0.030526
-0.029467
-0.028679
-0.029418
-0.030575
-0.030526
-0.029467
-0.028655
-0.029369
-0.030526
-0.030526
-0.029467
-0.02863
-0.029319
-0.030476
-0.030526
-0.029492
-0.02863
-0.029295
-0.030452
-0.030526
-0.029492
-0.028581
-0.029246
-0.030427
-0.030526
-0.029492
-0.028581
-0.029516
-0.028581
-0.029172
-0.030329
-0.030501
-0.029516
-0.028556
-0.029147
-0.030304
-0.030526
-0.029541
-0.028556
-0.029073
-0.030255
-0.030501
-0.029516
-0.028532
-0.029049
-0.030206
-0.030501
-0.029516
-0.028507
-0.028975
-0.030132
-0.030476
-0.029541
-0.028532
-0.028975
-0.030132
-0.030501
-0.029541
-0.028507
-0.028926
-0.030083
-0.030476
-0.029541
-0.028482
-0.028901
-0.030058
-0.030476
-0.02996
-0.030452
-0.029541
-0.028458
-0.028802
-0.029935
-0.030452
-0.029566
-0.028458
-0.028729
-0.029861
-0.030403
-0.029541
-0.028433
-0.028679
-0.029812
-0.030378
-0.029516
-0.028409
-0.02863
-0.029738
-0.030353
-0.029492
-0.028359
-0.028532
-0.029639
-0.030304
-0.029492
-0.028384
-0.028532
-0.029639
-0.030304
-0.029492
-0.028359
-0.028482
-0.029566
-0.03028
-0.029492
-0.028359
-0.028458
-0.028409
-0.029467
-0.030206
-0.029467
-0.028335
-0.028359
-0.029418
-0.030206
-0.029492
-0.028335
-0.02831
-0.029369
-0.030181
-0.029467
-0.02831
-0.028261
-0.029295
-0.030156
-0.029467
-0.02831
-0.028236
-0.029246
-0.030107
-0.029443
-0.02831
-0.028187
-0.029196
-0.030083
-0.029443
-0.028286
-0.028138
-0.029147
-0.030058
-0.029467
-0.02831
-0.028113
-0.029123
-0.030058
-0.029467
-0.028335
-0.029467
-0.02831
-0.028039
-0.029024
-0.030009
-0.029467
-0.028335
-0.028039
-0.028975
-0.029984
-0.029467
-0.028335
-0.02799
-0.02895
-0.02996
-0.029467
-0.028335
-0.027965
-0.028901
-0.029935
-0.029492
-0.028359
-0.027941
-0.028852
-0.02991
-0.029492
-0.028384
-0.027941
-0.028852
-0.02991
-0.029516
-0.028384
-0.027916
-0.028802
-0.029886
-0.029516
-0.028433
-0.027916
-0.028802
-0.029886
-0.028778
-0.029886
-0.02959
-0.028482
-0.027892
-0.028753
-0.029886
-0.029615
-0.028532
-0.027916
-0.028753
-0.029861
-0.029639
-0.028532
-0.027892
-0.028729
-0.029861
-0.029639
-0.028581
-0.027892
-0.028704
-0.029836
-0.029689
-0.028581
-0.027867
-0.028655
-0.029812
-0.029689
-0.02863
-0.027892
-0.028655
-0.029787
-0.029713
-0.02863
-0.027867
-0.02863
-0.029787
-0.029738
-0.028679
-0.027892
-0.028704
-0.027892
-0.028606
-0.029787
-0.029787
-0.028753
-0.027916
-0.028606
-0.029763
-0.029812
-0.028778
-0.027916
-0.028581
-0.029738
-0.029836
-0.028802
-0.027916
-0.028556
-0.029713
-0.029861
-0.028827
-0.027916
-0.028532
-0.029689
-0.029836
-0.028852
-0.027941
-0.028532
-0.029689
-0.029886
-0.028876
-0.027941
-0.028482
-0.029664
-0.02991
-0.028926
-0.027941
-0.028482
-0.029639
-0.02991
-0.029615
-0.029935
-0.028975
-0.027965
-0.028458
-0.029615
-0.02996
-0.028999
-0.027965
-0.028409
-0.029566
-0.02996
-0.029024
-0.027965
-0.028384
-0.029541
-0.02996
-0.029049
-0.027965
-0.028359
-0.029516
-0.029984
-0.029049
-0.027965
-0.02831
-0.029467
-0.029935
-0.029049
-0.02799
-0.028335
-0.029492
-0.030009
-0.029123
-0.028039
-0.028335
-0.029467
-0.030009
-0.029172
-0.028064
-0.02831
-0.02831
-0.029443
-0.030058
-0.029196
-0.028089
-0.028261
-0.029393
-0.030033
-0.029196
-0.028064
-0.028236
-0.029369
-0.030033
-0.029221
-0.028089
-0.028212
-0.029319
-0.030009
-0.029221
-0.028089
-0.028187
-0.029295
-0.030033
-0.029246
-0.028113
-0.028162
-0.029246
-0.030033
-0.02927
-0.028138
-0.028162
-0.029246
-0.030033
-0.029295
-0.028138
-0.028138
-0.029196
-0.030033
-0.029319
-0.028162
-0.029344
-0.028187
-0.028113
-0.029147
-0.030033
-0.029344
-0.028162
-0.028064
-0.029098
-0.030009
-0.029369
-0.028212
-0.028064
-0.029098
-0.030009
-0.029393
-0.028212
-0.028039
-0.029049
-0.029984
-0.029393
-0.028236
-0.028015
-0.028999
-0.029984
-0.029418
-0.028261
-0.028015
-0.028999
-0.029984
-0.029418
-0.028261
-0.02799
-0.02895
-0.02996
-0.029443
-0.02831
-0.027965
-0.028926
-0.029935
-0.028876
-0.029935
-0.029467
-0.02831
-0.027916
-0.028852
-0.02991
-0.029467
-0.028335
-0.027916
-0.028827
-0.02991
-0.029492
-0.028335
-0.027892
-0.028802
-0.02991
-0.029516
-0.028384
-0.027892
-0.028778
-0.029861
-0.029516
-0.028409
-0.027867
-0.028753
-0.029861
-0.029516
-0.028409
-0.027867
-0.028729
-0.029836
-0.029541
-0.028458
-0.027867
-0.028704
-0.029836
-0.029566
-0.028458
-0.027842
-0.028482
-0.027842
-0.028655
-0.029787
-0.029615
-0.028507
-0.027818
-0.02863
-0.029787
-0.029615
-0.028532
-0.027818
-0.028606
-0.029763
-0.029639
-0.028556
-0.027818
-0.028581
-0.029738
-0.029664
-0.028581
-0.027818
-0.028556
-0.029713
-0.029664
-0.028581
-0.027793
-0.028532
-0.029689
-0.029664
-0.02863
-0.027793
-0.028482
-0.029664
-0.029713
-0.028655
-0.027818
-0.028482
-0.029664
-0.029713
-0.029738
-0.028704
-0.027818
-0.028458
-0.029615
-0.029738
-0.028729
-0.027793
-0.028384
-0.029566
-0.029713
-0.028704
-0.027744
-0.028335
-0.029541
-0.029738
-0.028753
-0.027793
-0.028384
-0.029541
-0.029787
-0.028802
-0.027842
-0.028384
-0.029541
-0.029812
-0.028827
-0.027842
-0.028335
-0.029516
-0.029812
-0.028827
-0.027818
-0.028286
-0.029443
-0.029787
-0.028827
-0.027793
-0.028261
-0.029418
-0.028236
-0.029393
-0.029812
-0.028876
-0.027818
-0.028212
-0.029369
-0.029787
-0.028876
-0.027818
-0.028187
-0.029319
-0.029787
-0.028876
-0.027818
-0.028162
-0.029295
-0.029787
-0.028901
-0.027818
-0.028113
-0.029246
-0.029787
-0.028901
-0.027818
-0.028113
-0.029221
-0.029738
-0.028876
-0.027818
-0.028089
-0.029172
-0.029738
-0.028901
-0.027818
-0.028039
-0.029147
-0.029738
-0.028901
-0.027818
-0.028926
-0.027842
-0.028015
-0.029073
-0.029738
-0.02895
-0.027842
-0.027965
-0.029024
-0.029713
-0.02895
-0.027842
-0.027941
-0.028999
-0.029713
-0.028975
-0.027867
-0.027916
-0.028975
-0.029713
-0.028975
-0.027867
-0.027892
-0.02895
-0.029713
-0.028999
-0.027892
-0.027892
-0.028926
-0.029713
-0.029024
-0.027892
-0.027867
-0.028901
-0.029713
-0.029024
-0.027892
-0.027842
-0.028876
-0.029713
-0.028852
-0.029713
-0.029073
-0.027965
-0.027818
-0.028827
-0.029689
-0.029073
-0.027941
-0.027769
-0.028753
-0.029664
-0.029049
-0.027941
-0.027744
-0.028729
-0.029664
-0.029073
-0.027941
-0.027719
-0.028704
-0.029639
-0.029098
-0.027965
-0.027719
-0.028679
-0.029664
-0.029123
-0.02799
-0.027695
-0.028655
-0.029639
-0.029147
-0.028015
-0.027695
-0.028655
-0.029664
-0.029196
-0.028064
-0.027719
-0.028679
-0.029738
-0.029319
-0.028212
-0.027769
-0.028655
-0.029713
-0.029319
-0.028236
-0.027818
-0.028753
-0.029861
-0.029541
-0.028507
-0.028039
-0.028926
-0.030009
-0.029639
-0.028532
-0.02799
-0.028802
-0.029812
-0.029492
-0.028409
-0.027867
-0.028704
-0.029763
-0.029467
-0.028384
-0.027793
-0.028581
-0.029639
-0.029393
-0.02831
-0.027695
-0.028482
-0.029566
-0.029344
-0.028261
-0.027596
-0.028138
-0.027498
-0.028261
-0.029344
-0.029196
-0.028138
-0.027449
-0.028162
-0.02927
-0.029123
-0.028089
-0.027375
-0.028138
-0.02927
-0.029196
-0.028187
-0.027449
-0.028162
-0.029295
-0.029246
-0.028236
-0.027473
-0.028187
-0.029319
-0.029295
-0.028286
-0.027498
-0.028187
-0.029319
-0.029344
-0.028335
-0.027522
-0.028187
-0.029319
-0.029369
-0.028359
-0.027522
-0.028162
-0.029295
-0.029393
-0.029295
-0.029418
-0.028409
-0.027522
-0.028113
-0.029221
-0.029393
-0.028433
-0.027522
-0.028113
-0.029246
-0.029467
-0.028482
-0.027547
-0.028089
-0.029246
-0.029492
-0.028532
-0.027572
-0.028089
-0.029246
-0.029516
-0.028556
-0.027572
-0.028064
-0.029221
-0.029541
-0.028581
-0.027572
-0.028015
-0.029172
-0.029541
-0.028606
-0.027596
-0.028039
-0.029172
-0.029541
-0.02863
-0.027596
-0.028015
-0.027621
-0.028015
-0.029147
-0.029566
-0.028679
-0.027645
-0.02799
-0.029098
-0.02959
-0.028704
-0.027645
-0.027965
-0.029098
-0.02959
-0.028704
-0.027621
-0.027941
-0.029049
-0.029566
-0.028729
-0.027645
-0.027916
-0.029024
-0.029566
-0.028729
-0.02767
-0.027892
-0.028999
-0.029566
-0.028729
-0.027645
-0.027818
-0.028901
-0.029516
-0.028679
-0.027572
-0.027719
-0.028802
-0.029467
-0.028679
-0.029443
-0.028679
-0.027547
-0.02767
-0.028729
-0.029443
-0.028679
-0.027547
-0.027621
-0.028704
-0.029443
-0.028679
-0.027572
-0.027621
-0.028679
-0.029443
-0.028704
-0.027572
-0.027596
-0.028655
-0.029443
-0.028753
-0.027596
-0.027572
-0.02863
-0.029467
-0.028778
-0.027621
-0.027572
-0.028606
-0.029443
-0.028778
-0.027645
-0.027572
-0.028581
-0.029467
-0.028802
-0.02767
-0.027547
-0.028556
-0.027522
-0.028532
-0.029418
-0.028802
-0.027645
-0.027473
-0.028482
-0.029393
-0.028802
-0.02767
-0.027473
-0.028458
-0.029393
-0.028802
-0.027695
-0.027473
-0.028433
-0.029393
-0.028852
-0.027719
-0.027449
-0.028384
-0.029369
-0.028827
-0.027695
-0.027375
-0.028335
-0.029344
-0.028852
-0.027719
-0.027375
-0.028286
-0.029295
-0.028827
-0.027695
-0.027325
-0.028261
-0.02927
-0.028827
-0.027719
-0.027719
-0.027276
-0.028162
-0.029221
-0.028852
-0.027744
-0.027276
-0.028162
-0.029221
-0.028852
-0.027744
-0.027252
-0.028113
-0.029196
-0.028852
-0.027769
-0.027227
-0.028089
-0.029172
-0.028876
-0.027769
-0.027202
-0.028039
-0.029147
-0.028876
-0.027793
-0.027202
-0.028015
-0.029123
-0.028876
-0.027793
-0.027178
-0.02799
-0.029098
-0.028876
-0.027793
-0.027153
-0.027941
-0.029049
-0.028876
-0.029024
-0.028901
-0.027842
-0.027153
-0.027892
-0.029024
-0.028926
-0.027867
-0.027129
-0.027867
-0.028999
-0.028926
-0.027867
-0.027129
-0.027842
-0.028975
-0.028926
-0.027867
-0.027079
-0.027793
-0.02895
-0.028926
-0.027916
-0.027104
-0.027769
-0.028901
-0.028926
-0.027892
-0.027079
-0.027719
-0.028827
-0.028876
-0.027892
-0.027055
-0.027695
-0.028827
-0.028926
-0.027916
-0.027055
-0.027695
-0.027695
-0.028827
-0.028975
-0.02799
-0.027079
-0.027645
-0.028778
-0.02895
-0.02799
-0.027055
-0.027596
-0.028729
-0.028926
-0.027965
-0.02703
-0.027547
-0.028704
-0.028926
-0.02799
-0.027055
-0.027572
-0.028679
-0.02895
-0.028015
-0.02703
-0.027522
-0.028655
-0.02895
-0.028039
-0.027055
-0.027498
-0.02863
-0.028975
-0.028039
-0.027055
-0.027473
-0.028606
-0.028975
-0.028064
-0.027055
-0.028064
-0.027055
-0.027424
-0.028532
-0.028975
-0.028089
-0.027055
-0.027375
-0.028482
-0.02895
-0.028064
-0.027005
-0.027325
-0.028433
-0.028926
-0.028064
-0.027005
-0.027301
-0.028359
-0.028901
-0.028064
-0.027005
-0.027227
-0.028335
-0.028876
-0.028064
-0.026981
-0.027227
-0.028286
-0.028876
-0.028089
-0.02703
-0.027252
-0.02831
-0.028901
-0.028113
-0.02703
-0.027202
-0.028261
-0.028876
-0.028236
-0.028901
-0.028138
-0.02703
-0.027153
-0.028187
-0.028876
-0.028138
-0.02703
-0.027104
-0.028138
-0.028852
-0.028113
-0.02703
-0.027079
-0.028089
-0.028827
-0.028138
-0.02703
-0.02703
-0.028039
-0.028802
-0.028113
-0.027005
-0.026981
-0.028015
-0.028802
-0.028113
-0.027005
-0.026956
-0.027965
-0.028778
-0.028113
-0.026981
-0.026907
-0.027916
-0.028729
-0.028089
-0.027005
-0.026882
-0.026956
-0.026833
-0.027793
-0.028655
-0.028039
-0.026956
-0.026784
-0.027744
-0.02863
-0.028039
-0.026956
-0.026759
-0.027695
-0.028581
-0.028039
-0.026932
-0.026685
-0.027621
-0.028532
-0.028015
-0.026907
-0.026661
-0.027572
-0.028507
-0.02799
-0.026907
-0.026612
-0.027522
-0.028458
-0.027965
-0.026882
-0.026562
-0.027449
-0.028409
-0.027941
-0.026858
-0.026513
-0.027399
-0.028359
-0.027916
-0.028286
-0.027892
-0.026833
-0.026439
-0.027276
-0.028286
-0.027892
-0.026808
-0.02639
-0.027227
-0.028212
-0.027867
-0.026808
-0.026365
-0.027178
-0.028187
-0.027867
-0.026808
-0.026316
-0.027129
-0.028138
-0.027842
-0.026784
-0.026267
-0.027079
-0.028113
-0.027842
-0.026784
-0.026218
-0.027005
-0.028039
-0.027818
-0.026784
-0.026218
-0.026981
-0.028015
-0.027793
-0.026759
-0.026168
-0.026932
-0.026168
-0.026882
-0.027941
-0.027769
-0.026735
-0.026095
-0.026858
-0.027916
-0.027793
-0.026784
-0.026119
-0.026833
-0.027892
-0.027769
-0.026784
-0.026095
-0.026784
-0.027867
-0.027793
-0.026808
-0.026095
-0.026759
-0.027818
-0.027769
-0.026784
-0.026021
-0.026685
-0.027744
-0.027744
-0.026759
-0.025996
-0.026636
-0.027719
-0.027719
-0.026759
-0.025971
-0.026587
-0.027645
-0.027695
-0.026759
-0.027719
-0.026759
-0.025947
-0.026538
-0.027596
-0.027695
-0.026759
-0.025947
-0.026488
-0.027547
-0.027695
-0.026759
-0.025898
-0.026439
-0.027498
-0.02767
-0.026735
-0.025873
-0.02639
-0.027449
-0.027645
-0.026735
-0.025824
-0.026316
-0.027375
-0.027621
-0.02671
-0.025824
-0.026292
-0.027325
-0.027596
-0.026685
-0.025775
-0.026218
-0.027276
-0.027547
-0.026661
-0.02575
-0.026193
-0.027227
-0.026144
-0.027202
-0.027547
-0.026685
-0.025725
-0.026095
-0.027129
-0.027498
-0.026661
-0.025701
-0.02607
-0.027104
-0.027473
-0.026636
-0.025676
-0.026021
-0.027055
-0.027473
-0.026636
-0.025651
-0.025971
-0.027005
-0.027449
-0.026636
-0.025651
-0.025922
-0.026932
-0.027424
-0.026612
-0.025627
-0.025873
-0.026882
-0.027399
-0.026636
-0.025627
-0.025848
-0.026882
-0.027399
-0.026612
-0.025627
-0.025602
-0.025775
-0.026784
-0.027375
-0.026612
-0.025602
-0.02575
-0.026735
-0.02735
-0.026612
-0.025578
-0.025701
-0.026685
-0.02735
-0.026612
-0.025578
-0.025651
-0.026636
-0.027301
-0.026587
-0.025553
-0.025627
-0.026587
-0.027276
-0.026587
-0.025528
-0.025578
-0.026538
-0.027252
-0.026587
-0.025553
-0.025578
-0.026538
-0.027252
-0.026587
-0.025528
-0.025528
-0.026464
-0.027227
-0.026587
-0.027202
-0.026587
-0.025528
-0.025455
-0.02639
-0.027178
-0.026562
-0.025504
-0.025405
-0.026341
-0.027153
-0.026562
-0.025528
-0.025381
-0.026292
-0.027129
-0.026562
-0.025528
-0.025356
-0.026267
-0.027104
-0.026562
-0.025528
-0.025307
-0.026218
-0.027079
-0.026587
-0.025553
-0.025331
-0.026193
-0.027079
-0.026587
-0.025553
-0.025282
-0.026168
-0.027055
-0.026587
-0.025528
-0.025258
-0.026119
-0.025233
-0.026095
-0.02703
-0.026587
-0.025578
-0.025233
-0.02607
-0.027005
-0.026587
-0.025528
-0.025134
-0.025971
-0.026932
-0.026562
-0.025553
-0.025134
-0.025971
-0.026932
-0.026562
-0.025553
-0.025134
-0.025922
-0.026907
-0.026612
-0.025578
-0.025134
-0.025947
-0.026932
-0.026612
-0.025578
-0.02511
-0.025898
-0.026907
-0.026612
-0.025578
-0.025085
-0.025873
-0.026882
-0.026612
-0.025578
-0.026636
-0.025627
-0.025061
-0.025824
-0.026833
-0.026612
-0.025627
-0.025036
-0.025775
-0.026808
-0.026636
-0.025627
-0.025011
-0.02575
-0.026784
-0.026636
-0.025627
-0.025011
-0.025725
-0.026784
-0.026661
-0.025651
-0.025011
-0.025725
-0.026759
-0.026636
-0.025651
-0.024987
-0.025676
-0.026735
-0.026661
-0.025676
-0.024962
-0.025651
-0.02671
-0.026661
-0.025676
-0.024962
-0.025602
-0.026661
-0.025578
-0.026636
-0.026661
-0.025701
-0.024938
-0.025553
-0.026612
-0.026661
-0.025725
-0.024938
-0.025528
-0.026587
-0.026661
-0.025725
-0.024938
-0.025504
-0.026562
-0.026685
-0.02575
-0.024938
-0.025479
-0.026562
-0.026685
-0.025775
-0.024938
-0.025504
-0.026562
-0.026735
-0.025824
-0.024962
-0.025479
-0.026538
-0.026735
-0.025848
-0.024962
-0.025479
-0.026538
-0.026759
-0.025873
-0.024987
-0.025011
-0.025479
-0.026513
-0.026808
-0.025922
-0.025011
-0.025455
-0.026513
-0.026808
-0.025947
-0.025011
-0.02543
-0.026488
-0.026808
-0.025947
-0.025011
-0.025405
-0.026464
-0.026833
-0.025971
-0.025036
-0.025405
-0.026439
-0.026833
-0.025996
-0.025036
-0.025381
-0.026415
-0.026858
-0.026021
-0.025061
-0.025381
-0.026415
-0.026858
-0.026045
-0.025085
-0.025381
-0.026415
-0.026882
-0.02607
-0.026882
-0.026119
-0.02511
-0.025356
-0.026365
-0.026907
-0.026119
-0.02511
-0.025331
-0.026341
-0.026882
-0.026119
-0.02511
-0.025307
-0.026292
-0.026882
-0.026119
-0.02511
-0.025258
-0.026267
-0.026882
-0.026144
-0.02511
-0.025258
-0.026242
-0.026882
-0.026144
-0.02511
-0.025233
-0.026218
-0.026858
-0.026144
-0.02511
-0.025184
-0.026168
-0.026858
-0.026168
-0.025134
-0.025184
-0.026168
-0.025159
-0.026144
-0.026833
-0.026168
-0.025085
-0.025085
-0.02607
-0.026833
-0.026193
-0.025134
-0.02511
-0.02607
-0.026833
-0.026193
-0.025159
-0.02511
-0.02607
-0.026833
-0.026218
-0.025184
-0.02511
-0.026045
-0.026833
-0.026242
-0.025184
-0.025061
-0.025996
-0.026833
-0.026242
-0.025208
-0.025061
-0.025971
-0.026833
-0.026267
-0.025208
-0.025036
-0.025971
-0.026808
-0.026267
-0.025233
-0.026267
-0.025233
-0.024987
-0.025898
-0.026784
-0.026292
-0.025233
-0.024987
-0.025873
-0.026759
-0.026292
-0.025233
-0.024962
-0.025824
-0.026759
-0.026316
-0.025282
-0.024962
-0.025824
-0.026735
-0.026316
-0.025282
-0.024938
-0.025799
-0.026759
-0.026341
-0.025307
-0.024938
-0.025775
-0.02671
-0.026341
-0.025307
-0.024888
-0.025725
-0.02671
-0.026341
-0.025307
-0.024888
-0.025701
-0.026685
-0.025676
-0.026685
-0.026365
-0.025356
-0.024864
-0.025676
-0.026661
-0.02639
-0.025381
-0.024864
-0.025627
-0.026636
-0.02639
-0.025381
-0.024864
-0.025651
-0.026661
-0.026415
-0.025405
-0.024864
-0.025627
-0.026636
-0.026415
-0.02543
-0.024839
-0.025578
-0.026612
-0.026439
-0.02543
-0.024814
-0.025553
-0.026587
-0.026415
-0.02543
-0.02479
-0.025504
-0.026562
-0.026415
-0.02543
-0.024765
-0.025455
-0.02479
-0.025455
-0.026513
-0.026439
-0.025455
-0.024765
-0.025455
-0.026488
-0.026439
-0.025479
-0.024741
-0.025405
-0.026464
-0.026464
-0.025504
-0.024741
-0.025381
-0.026439
-0.026464
-0.025504
-0.024741
-0.025356
-0.026415
-0.026464
-0.025504
-0.024716
-0.025331
-0.02639
-0.026464
-0.025528
-0.024716
-0.025307
-0.026365
-0.026464
-0.025528
-0.024716
-0.025282
-0.026341
-0.026464
-0.026316
-0.026464
-0.025553
-0.024691
-0.025208
-0.026267
-0.026464
-0.025553
-0.024691
-0.025208
-0.026242
-0.026464
-0.025578
-0.024691
-0.025184
-0.026242
-0.026464
-0.025578
-0.024691
-0.025159
-0.026193
-0.026464
-0.025578
-0.024691
-0.025134
-0.026168
-0.026464
-0.025602
-0.024691
-0.02511
-0.026144
-0.026488
-0.025627
-0.024691
-0.025085
-0.026119
-0.026488
-0.025627
-0.024691
-0.025061
-0.024691
-0.025036
-0.02607
-0.026488
-0.025651
-0.024667
-0.025011
-0.026045
-0.026488
-0.025676
-0.024691
-0.024987
-0.025971
-0.026415
-0.025627
-0.024667
-0.024962
-0.025996
-0.026488
-0.025701
-0.024716
-0.024962
-0.025971
-0.026488
-0.025725
-0.024716
-0.024938
-0.025947
-0.026488
-0.02575
-0.024741
-0.024938
-0.025922
-0.026488
-0.025725
-0.024716
-0.024888
-0.025898
-0.026488
-0.02575
-0.026488
-0.025775
-0.024741
-0.024864
-0.025848
-0.026464
-0.02575
-0.024741
-0.024814
-0.025799
-0.026464
-0.025775
-0.024741
-0.02479
-0.025775
-0.026464
-0.025775
-0.024741
-0.02479
-0.025725
-0.026439
-0.025799
-0.024765
-0.024741
-0.025725
-0.026464
-0.025799
-0.024765
-0.024741
-0.025676
-0.026439
-0.025824
-0.02479
-0.024741
-0.025701
-0.026464
-0.025848
-0.024814
-0.024716
-0.025651
-0.025602
-0.026439
-0.025848
-0.024814
-0.024667
-0.025578
-0.02639
-0.025848
-0.024814
-0.024618
-0.025528
-0.026365
-0.025848
-0.02479
-0.024593
-0.025479
-0.026365
-0.025848
-0.024814
-0.024568
-0.025455
-0.026341
-0.025873
-0.024839
-0.024593
-0.025455
-0.026341
-0.025873
-0.024839
-0.024544
-0.02543
-0.026316
-0.025848
-0.024839
-0.024544
-0.025405
-0.026316
-0.025898
-0.024864
-0.024519
-0.024864
-0.024519
-0.025331
-0.026267
-0.025898
-0.024888
-0.024494
-0.025307
-0.026267
-0.025898
-0.024888
-0.024445
-0.025258
-0.026242
-0.025898
-0.024888
-0.024421
-0.025233
-0.026218
-0.025922
-0.024913
-0.024445
-0.025208
-0.026193
-0.025922
-0.024913
-0.024421
-0.025184
-0.026168
-0.025922
-0.024913
-0.024421
-0.025159
-0.026168
-0.025922
-0.024938
-0.024396
-0.025134
-0.026144
-0.025947
-0.026144
-0.025971
-0.024987
-0.024371
-0.025085
-0.026095
-0.025947
-0.024962
-0.024347
-0.025061
-0.026095
-0.025947
-0.024987
-0.024347
-0.025036
-0.026045
-0.025947
-0.024987
-0.024322
-0.025011
-0.026045
-0.025971
-0.025011
-0.024322
-0.024987
-0.025996
-0.025971
-0.025011
-0.024322
-0.024962
-0.025996
-0.025971
-0.025036
-0.024297
-0.024938
-0.025971
-0.025971
-0.025036
-0.024297
-0.024888
-0.024864
-0.025922
-0.025996
-0.025085
-0.024297
-0.024864
-0.025898
-0.025996
-0.025085
-0.024297
-0.024839
-0.025873
-0.026021
-0.02511
-0.024273
-0.02479
-0.025824
-0.025996
-0.025085
-0.024224
-0.024716
-0.025775
-0.025996
-0.02511
-0.024248
-0.024765
-0.025799
-0.026021
-0.025159
-0.024273
-0.024741
-0.025799
-0.026045
-0.025159
-0.024273
-0.024691
-0.02575
-0.026045
-0.025184
-0.024273
