2018
8
16
9
57
43.901
0.039265
0.039265
0.039265
0.03929
0.03929
0.03929
0.039265
0.03929
0.03929
0.03929
0.03929
0.039265
0.039265
0.03929
0.03929
0.039265
0.039265
0.039265
0.03929
0.03929
0.039265
0.039265
0.039265
0.03929
0.039314
0.039314
0.039314
0.039339
0.039314
0.039339
0.039388
0.039413
0.039437
0.039536
0.03956
0.03956
0.039536
0.039511
0.039462
0.039388
0.039166
0.039191
0.039216
0.03924
0.039265
0.03929
0.039314
0.03929
0.03929
0.03929
0.039314
0.039339
0.039314
0.039314
0.039314
0.039339
0.039339
0.039339
0.039339
0.039339
0.039363
0.039363
0.039363
0.039339
0.039339
0.039363
0.039363
0.039363
0.039339
0.039363
0.039388
0.039388
0.039363
0.039363
0.039363
0.039388
0.039388
0.039388
0.039388
0.039388
0.039388
0.039413
0.039413
0.039388
0.039388
0.039388
0.039413
0.039413
0.039413
0.039388
0.039388
0.039413
0.039413
0.039413
0.039388
0.039388
0.039413
0.039413
0.039388
0.039363
0.039363
0.039388
0.039388
0.039388
0.039363
0.039363
0.039388
0.039413
0.039413
0.039388
0.039413
0.039437
0.039462
0.039462
0.039437
0.039462
0.039486
0.039511
0.039486
0.039486
0.039536
0.039511
0.039536
0.03956
0.03956
0.03956
0.039536
0.039536
0.03956
0.039585
0.039585
0.03956
0.03956
0.039585
0.039585
0.039585
0.03956
0.039585
0.039585
0.039585
0.039585
0.03956
0.03956
0.039585
0.039585
0.039585
0.03956
0.039585
0.03961
0.039585
0.039585
0.03956
0.039585
0.039585
0.039585
0.039585
0.039585
0.039634
0.039659
0.039634
0.039634
0.03961
0.03961
0.039634
0.039634
0.039634
0.039634
0.03961
0.03961
0.039634
0.039634
0.03961
0.039585
0.03961
0.03961
0.03961
0.03961
0.039585
0.039585
0.03961
0.03961
0.03961
0.039585
0.03961
0.039634
0.039634
0.03961
0.03961
0.039634
0.039659
0.039659
0.039659
0.039634
0.039659
0.039659
0.039683
0.039659
0.039659
0.039659
0.039683
0.039683
0.039708
0.039683
0.039683
0.039683
0.039708
0.039708
0.039708
0.039683
0.039683
0.039708
0.039733
0.039708
0.039683
0.039683
0.039708
0.039708
0.039708
0.039708
0.039708
0.039708
0.039733
0.039733
0.039708
0.039708
0.039733
0.039733
0.039733
0.039733
0.039708
0.039708
0.039683
0.039659
0.039634
0.03961
0.039634
0.039659
0.039683
0.039683
0.039683
0.039954
0.039979
0.03988
0.039683
0.03956
0.039462
0.039388
0.039437
0.03956
0.03961
0.039659
0.039683
0.039708
0.039733
0.039708
0.039708
0.039708
0.039733
0.039733
0.039733
0.039733
0.039733
0.039733
0.039757
0.039733
0.039733
0.039733
0.039733
0.039733
0.039733
0.039733
0.039733
0.039757
0.039782
0.039782
0.039782
0.039782
0.039782
0.039807
0.039807
0.039831
0.039831
0.039831
0.039831
0.039831
0.039856
0.039856
0.039856
0.039856
0.039856
0.03988
0.03988
0.039856
0.039856
0.039856
0.03988
0.03988
0.03988
0.03988
0.03988
0.039905
0.039905
0.039905
0.03988
0.03988
0.039905
0.039905
0.03988
0.03988
0.03988
0.039905
0.039905
0.03988
0.03988
0.03988
0.03988
0.039905
0.03988
0.03988
0.03988
0.03988
0.03988
0.03988
0.039905
0.03988
0.03988
0.03988
0.039905
0.039905
0.03988
0.03988
0.03988
0.03988
0.03988
0.03988
0.03988
0.03988
0.03988
0.03988
0.03988
0.039856
0.03988
0.03988
0.03988
0.03988
0.03988
0.03988
0.03988
0.039905
0.03988
0.03988
0.03988
0.039905
0.039905
0.039905
0.03988
0.039905
0.039905
0.03993
0.039905
0.03993
0.039905
0.039905
0.039905
0.03993
0.03993
0.03993
0.039905
0.03993
0.03993
0.03993
0.03993
0.03993
0.03993
0.03993
0.039954
0.03993
0.03993
0.03993
0.039954
0.039954
0.039954
0.039954
0.039954
0.039979
0.039979
0.039979
0.039954
0.039954
0.039979
0.039979
0.039979
0.039979
0.039979
0.039979
0.040003
0.040003
0.039979
0.039979
0.040003
0.040003
0.040003
0.040003
0.039979
0.040003
0.040003
0.040003
0.040003
0.040003
0.040003
0.040003
0.040028
0.040028
0.040003
0.040028
0.040028
0.040028
0.040028
0.040003
0.040028
0.040028
0.040053
0.040028
0.040028
0.040028
0.040053
0.040077
0.040077
0.040077
0.040053
0.040053
0.040151
0.040176
0.040176
0.040274
0.040323
0.040348
0.040323
0.040299
0.040225
0.03993
0.03993
0.039954
0.039979
0.040028
0.040003
0.040003
0.040028
0.040053
0.040053
0.040028
0.040028
0.040053
0.040053
0.040028
0.040028
0.040028
0.040028
0.040053
0.040053
0.040053
0.040053
0.040053
0.040077
0.040053
0.040053
0.040053
0.040077
0.040077
0.040077
0.040077
0.040077
0.040077
0.040077
0.040077
0.040077
0.040077
0.040102
0.040102
0.040102
0.040102
0.040102
0.040077
0.040077
0.040077
0.040102
0.040077
0.040077
0.040053
0.040077
0.040077
0.040077
0.040053
0.040053
0.040053
0.040053
0.040028
0.040028
0.040028
0.040028
0.040028
0.040028
0.040028
0.040028
0.040028
0.040053
0.040053
0.040053
0.040053
0.040053
0.040077
0.040077
0.040077
0.040077
0.040102
0.040127
0.040127
0.040127
0.040127
0.040151
0.040151
0.040151
0.040176
0.040151
0.040151
0.040151
0.040151
0.040176
0.040176
0.040151
0.040151
0.040176
0.040176
0.040176
0.040176
0.040176
0.040176
0.0402
0.0402
0.040176
0.040176
0.0402
0.0402
0.0402
0.040176
0.040176
0.040176
0.0402
0.0402
0.0402
0.0402
0.0402
0.0402
0.0402
0.040176
0.040176
0.0402
0.0402
0.0402
0.040176
0.0402
0.0402
0.0402
0.0402
0.040225
0.040225
0.0402
0.0402
0.040225
0.040225
0.040225
0.040225
0.040225
0.040225
0.040225
0.040225
0.040225
0.040225
0.040225
0.04025
0.04025
0.040225
0.040225
0.040225
0.04025
0.04025
0.040225
0.040225
0.04025
0.04025
0.04025
0.040225
0.040225
0.04025
0.04025
0.04025
0.040225
0.040225
0.040225
0.04025
0.04025
0.040274
0.040274
0.040274
0.04025
0.040274
0.040274
0.040274
0.040274
0.040274
0.040274
0.040299
0.040299
0.040299
0.040299
0.040299
0.040299
0.040299
0.040299
0.040299
0.040299
0.040323
0.040323
0.040323
0.040323
0.040323
0.040323
0.040323
0.040323
0.040323
0.040323
0.040348
0.040348
0.040348
0.040323
0.040348
0.040348
0.040348
0.040348
0.040323
0.040323
0.040323
0.040323
0.040348
0.040348
0.040323
0.040323
0.040348
0.040348
0.040373
0.040348
0.040348
0.040348
0.040373
0.040373
0.040348
0.040348
0.040348
0.040373
0.040373
0.040373
0.040348
0.040373
0.040373
0.040373
0.040373
0.040373
0.040373
0.040373
0.040397
0.040373
0.040373
0.040373
0.040397
0.040397
0.040373
0.040373
0.040373
0.040373
0.040373
0.040397
0.040397
0.040397
0.040397
0.040397
0.040397
0.040397
0.040397
0.040397
0.040397
0.040397
0.040397
0.040397
0.040397
0.040397
0.040422
0.040422
0.040422
0.040422
0.040422
0.040422
0.040422
0.040422
0.040422
0.040422
0.040422
0.040422
0.040422
0.040447
0.040471
0.040496
0.04052
0.040471
0.040447
0.040471
0.040496
0.040496
0.04057
0.040594
0.040619
0.040471
0.040397
0.040348
0.040323
0.040323
0.040348
0.040397
0.040447
0.040447
0.040447
0.040447
0.040471
0.040471
0.040496
0.040496
0.040471
0.040471
0.040496
0.040496
0.040496
0.040496
0.04052
0.04052
0.04052
0.04052
0.04052
0.04052
0.04052
0.040545
0.04052
0.04052
0.040545
0.040545
0.04057
0.04057
0.04057
0.04057
0.040594
0.040594
0.040594
0.040619
0.040619
0.040619
0.040619
0.040644
0.040644
0.040644
0.040644
0.040644
0.040644
0.040644
0.040644
0.040644
0.040644
0.040644
0.040644
0.040644
0.040619
0.040644
0.040644
0.040644
0.040644
0.040619
0.040644
0.040644
0.040644
0.040644
0.040619
0.040644
0.040644
0.040644
0.040644
0.040644
0.040644
0.040668
0.040668
0.040668
0.040668
0.040693
0.040717
0.040742
0.040742
0.040742
0.040742
0.040742
0.040742
0.040767
0.040767
0.040767
0.040767
0.040767
0.040767
0.040767
0.040767
0.040767
0.040767
0.040791
0.040791
0.040767
0.040767
0.040791
0.040791
0.040791
0.040791
0.040791
0.040816
0.040816
0.040816
0.040816
0.040816
0.04084
0.04084
0.04084
0.04084
0.040816
0.04084
0.04084
0.04084
0.04084
0.040816
0.04084
0.040816
0.04084
0.04084
0.04084
0.04084
0.04084
0.04084
0.040865
0.040865
0.040865
0.040865
0.040865
0.040865
0.040865
0.040865
0.040865
0.040865
0.040865
0.040865
0.040865
0.040865
0.04089
0.04089
0.04089
0.04089
0.04089
0.04089
0.04089
0.04089
0.04089
0.04089
0.04089
0.04089
0.04089
0.04089
0.04089
0.04089
0.040914
0.040914
0.040914
0.040914
0.040914
0.040914
0.040914
0.040914
0.040939
0.040939
0.040939
0.040939
0.040939
0.040939
0.040939
0.040939
0.040939
0.040964
0.040964
0.040964
0.040964
0.040964
0.040964
0.040964
0.040964
0.040964
0.040964
0.040964
0.040964
0.040964
0.040964
0.040964
0.040964
0.040964
0.040964
0.040964
0.040964
0.040964
0.040988
0.040988
0.040988
0.040988
0.040988
0.040988
0.041013
0.041013
0.041013
0.041013
0.040988
0.041013
0.041013
0.041013
0.041013
0.041013
0.041037
0.041037
0.041013
0.041013
0.041013
0.041013
0.041013
0.041013
0.041013
0.041013
0.041013
0.041037
0.041037
0.041037
0.041037
0.041087
0.041062
0.041037
0.041087
0.041136
0.041136
0.041185
0.041259
0.041284
0.041284
0.041259
0.041234
0.041136
0.04089
0.04089
0.040914
0.040964
0.040988
0.040988
0.040988
0.040988
0.041013
0.041013
0.041037
0.041037
0.041013
0.041037
0.041037
0.041037
0.041037
0.041037
0.041062
0.041062
0.041062
0.041062
0.041062
0.041062
0.041062
0.041062
0.041062
0.041062
0.041062
0.041062
0.041062
0.041062
0.041062
0.041062
0.041062
0.041062
0.041062
0.041062
0.041062
0.041062
0.041062
0.041062
0.041062
0.041062
0.041062
0.041062
0.041062
0.041062
0.041062
0.041062
0.041037
0.041037
0.041037
0.041037
0.041037
0.041013
0.041013
0.041013
0.041013
0.040988
0.040988
0.040988
0.040988
0.040988
0.040988
0.040988
0.040988
0.041013
0.041013
0.041013
0.041013
0.041037
0.041037
0.041062
0.041062
0.041062
0.041087
0.041087
0.041111
0.041111
0.041136
0.041111
0.041136
0.041136
0.041136
0.041136
0.041136
0.041136
0.041136
0.041136
0.041136
0.041136
0.041136
0.041136
0.041136
0.041136
0.041136
0.041136
0.041136
0.041136
0.041136
0.041136
0.041136
0.041136
0.041136
0.041136
0.041136
0.041136
0.041136
0.041136
0.041136
0.041136
0.041136
0.041136
0.041136
0.041136
0.041136
0.041136
0.041136
0.041136
0.041136
0.041136
0.041136
0.041136
0.041136
0.041136
0.041136
0.041136
0.041136
0.041136
0.041136
0.041136
0.04116
0.04116
0.04116
0.04116
0.04116
0.04116
0.04116
0.04116
0.04116
0.04116
0.04116
0.04116
0.04116
0.04116
0.041185
0.041185
0.041185
0.04116
0.04116
0.041185
0.041185
0.041185
0.04116
0.04116
0.041185
0.041185
0.04116
0.04116
0.041185
0.041185
0.041185
0.041185
0.041185
0.041185
0.041185
0.041185
0.04121
0.04121
0.041185
0.041185
0.041185
0.041185
0.041185
0.041185
0.041185
0.041185
0.04121
0.04121
0.04121
0.04121
0.04121
0.04121
0.04121
0.04121
0.04121
0.04121
0.04121
0.04121
0.04121
0.04121
0.04121
0.04121
0.04121
0.04121
0.04121
0.04121
0.041234
0.041234
0.041234
0.041234
0.041234
0.041234
0.041234
0.041234
0.041259
0.041234
0.041234
0.041234
0.041234
0.041259
0.041259
0.041234
0.041259
0.041259
0.041259
0.041259
0.041259
0.041259
0.041259
0.041259
0.041259
0.041259
0.041259
0.041259
0.041259
0.041259
0.041259
0.041259
0.041259
0.041259
0.041259
0.041259
0.041259
0.041259
0.041284
0.041259
0.041259
0.041259
0.041259
0.041259
0.041259
0.041259
0.041259
0.041259
0.041234
0.041259
0.041259
0.041259
0.041259
0.041259
0.041259
0.041259
0.041259
0.041259
0.041259
0.041259
0.041259
0.041259
0.041259
0.041259
0.041259
0.041259
0.041284
0.041259
0.041259
0.041284
0.041284
0.041284
0.041284
0.041259
0.041259
0.041284
0.041259
0.041284
0.041284
0.041308
0.041308
0.041284
0.041456
0.04153
0.041579
0.041579
0.041579
0.041554
0.041505
0.041407
0.041308
0.041234
0.041185
0.041185
0.041185
0.04121
0.041259
0.041284
0.041284
0.041284
0.041284
0.041308
0.041284
0.041284
0.041284
0.041284
0.041284
0.041308
0.041308
0.041308
0.041308
0.041308
0.041308
0.041308
0.041308
0.041308
0.041308
0.041308
0.041308
0.041308
0.041308
0.041308
0.041284
0.041284
0.041308
0.041308
0.041284
0.041284
0.041284
0.041308
0.041284
0.041284
0.041284
0.041308
0.041308
0.041308
0.041308
0.041284
0.041284
0.041284
0.041284
0.041284
0.041284
0.041284
0.041284
0.041259
0.041259
0.041259
0.041259
0.041234
0.041234
0.04121
0.04121
0.04121
0.04121
0.04121
0.04121
0.04121
0.04121
0.04121
0.04121
0.04121
0.041259
0.041259
0.041284
0.041284
0.041284
0.041308
0.041308
0.041333
0.041333
0.041333
0.041333
0.041333
0.041333
0.041333
0.041333
0.041333
0.041333
0.041333
0.041333
0.041333
0.041333
0.041333
0.041333
0.041333
0.041333
0.041333
0.041333
0.041333
0.041333
0.041333
0.041333
0.041333
0.041333
0.041333
0.041333
0.041333
0.041333
0.041333
0.041333
0.041333
0.041333
0.041333
0.041308
0.041308
0.041333
0.041333
0.041333
0.041333
0.041308
0.041333
0.041333
0.041333
0.041333
0.041333
0.041333
0.041333
0.041333
0.041333
0.041308
0.041333
0.041333
0.041333
0.041333
0.041333
0.041333
0.041333
0.041333
0.041333
0.041333
0.041333
0.041357
0.041357
0.041333
0.041357
0.041357
0.041357
0.041357
0.041357
0.041357
0.041357
0.041357
0.041357
0.041357
0.041357
0.041357
0.041333
0.041357
0.041357
0.041357
0.041333
0.041333
0.041333
0.041357
0.041357
0.041357
0.041333
0.041333
0.041333
0.041333
0.041333
0.041333
0.041333
0.041333
0.041333
0.041333
0.041333
0.041333
0.041357
0.041357
0.041333
0.041357
0.041357
0.041357
0.041357
0.041357
0.041357
0.041357
0.041357
0.041357
0.041357
0.041357
0.041357
0.041357
0.041357
0.041357
0.041357
0.041333
0.041333
0.041333
0.041357
0.041357
0.041333
0.041333
0.041357
0.041357
0.041357
0.041333
0.041333
0.041333
0.041357
0.041357
0.041357
0.041357
0.041357
0.041357
0.041357
0.041357
0.041357
0.041357
0.041357
0.041357
0.041357
0.041357
0.041357
0.041357
0.041357
0.041357
0.041357
0.041357
0.041357
0.041407
0.041382
0.041357
0.041407
0.041456
0.041481
0.041554
0.041628
0.041628
0.041628
0.041604
0.041579
0.041481
0.041382
0.041308
0.041259
0.041234
0.041234
0.041259
0.041308
0.041333
0.041333
0.041357
0.041333
0.041333
0.041333
0.041333
0.041333
0.041333
0.041308
0.041308
0.041308
0.041308
0.041308
0.041308
0.041308
0.041308
0.041308
0.041308
0.041308
0.041308
0.041308
0.041308
0.041308
0.041308
0.041308
0.041308
0.041308
0.041308
0.041308
0.041308
0.041308
0.041308
0.041308
0.041308
0.041284
0.041308
0.041308
0.041308
0.041308
0.041284
0.041284
0.041284
0.041284
0.041284
0.041259
0.041259
0.041259
0.041259
0.041234
0.041234
0.041234
0.041234
0.04121
0.04121
0.041185
0.041185
0.041185
0.041185
0.041185
0.04121
0.04121
0.04121
0.04121
0.041234
0.041234
0.041234
0.041234
0.041234
0.041259
0.041259
0.041284
0.041284
0.041284
0.041308
0.041308
0.041308
0.041308
0.041308
0.041308
0.041308
0.041308
0.041308
0.041308
0.041308
0.041308
0.041308
0.041284
0.041284
0.041284
0.041284
0.041284
0.041284
0.041284
0.041284
0.041284
0.041284
0.041259
0.041259
0.041259
0.041259
0.041259
0.041259
0.041259
0.041259
0.041259
0.041259
0.041259
0.041259
0.041259
0.041259
0.041259
0.041259
0.041259
0.041259
0.041259
0.041259
0.041259
0.041259
0.041259
0.041259
0.041259
0.041259
0.041259
0.041259
0.041259
0.041284
0.041259
0.041259
0.041259
0.041259
0.041259
0.041259
0.041259
0.041259
0.041259
0.041259
0.041259
0.041259
0.041259
0.041284
0.041284
0.041259
0.041284
0.041284
0.041284
0.041284
0.041284
0.041284
0.041284
0.041284
0.041259
0.041259
0.041259
0.041284
0.041284
0.041284
0.041284
0.041284
0.041284
0.041284
0.041284
0.041284
0.041284
0.041284
0.041284
0.041284
0.041284
0.041284
0.041284
0.041284
0.041284
0.041284
0.041308
0.041308
0.041308
0.041259
0.041185
0.04121
0.041234
0.041357
0.041308
0.041284
0.041234
0.041234
0.041234
0.04121
0.041234
0.041234
0.041259
0.041284
0.041284
0.041308
0.041308
0.041308
0.041308
0.041308
0.041308
0.041308
0.041308
0.041308
0.041308
0.041308
0.041308
0.041308
0.041308
0.041308
0.041308
0.041308
0.041308
0.041308
0.041308
0.041308
0.041308
0.041308
0.041308
0.041308
0.041308
0.041308
0.041308
0.041333
0.041333
0.041333
0.041357
0.041333
0.041357
0.041357
0.041357
0.041357
0.041357
0.041357
0.041357
0.041357
0.041357
0.041357
0.041357
0.041357
0.041357
0.041357
0.041357
0.041357
0.041357
0.041357
0.041333
0.041333
0.041333
0.041333
0.041308
0.041308
0.041308
0.041308
0.041308
0.041308
0.041308
0.041308
0.041308
0.041308
0.041333
0.041333
0.041333
0.041333
0.041333
0.041357
0.041357
0.041357
0.041357
0.041357
0.041357
0.041357
0.041357
0.041357
0.041357
0.041357
0.041357
0.041357
0.041357
0.041357
0.041357
0.041357
0.041357
0.041357
0.041357
0.041357
0.041357
0.041357
0.041357
0.041357
0.041357
0.041357
0.041357
0.041357
0.041357
0.041357
0.041357
0.041357
0.041357
0.041357
0.041357
0.041357
0.041357
0.041357
0.041357
0.041382
0.041382
0.041382
0.041382
0.041382
0.041382
0.041382
0.041382
0.041382
0.041382
0.041382
0.041382
0.041382
0.041407
0.041407
0.041407
0.041382
0.041382
0.041382
0.041382
0.041382
0.041382
0.041382
0.041382
0.041382
0.041382
0.041382
0.041382
0.041382
0.041382
0.041382
0.041382
0.041382
0.041382
0.041382
0.041382
0.041382
0.041382
0.041407
0.041407
0.041407
0.041407
0.041407
0.041407
0.041407
0.041407
0.041407
0.041407
0.041407
0.041407
0.041407
0.041407
0.041407
0.041407
0.041407
0.041407
0.041431
0.041431
0.041456
0.041481
0.041456
0.041407
0.041431
0.041431
0.041431
0.041456
0.04153
0.04153
0.041554
0.04153
0.041505
0.041431
0.041357
0.041308
0.041259
0.041234
0.041284
0.041308
0.041407
0.041407
0.041407
0.041431
0.041431
0.041431
0.041431
0.041431
0.041456
0.041456
0.041481
0.041481
0.041481
0.041481
0.041505
0.041505
0.041481
0.041505
0.041505
0.041505
0.041505
0.041505
0.041505
0.04153
0.04153
0.04153
0.04153
0.04153
0.04153
0.041554
0.041554
0.041554
0.041554
0.041554
0.041554
0.041554
0.041554
0.041554
0.041579
0.041579
0.041579
0.041579
0.041554
0.041554
0.041554
0.041554
0.041554
0.04153
0.04153
0.04153
0.04153
0.04153
0.04153
0.041505
0.041505
0.041505
0.04153
0.04153
0.04153
0.04153
0.04153
0.04153
0.04153
0.04153
0.041554
0.041554
0.041554
0.041554
0.041579
0.041579
0.041579
0.041579
0.041579
0.041579
0.041579
0.041579
0.041604
0.041579
0.041579
0.041579
0.041604
0.041604
0.041604
0.041604
0.041604
0.041604
0.041579
0.041604
0.041604
0.041604
0.041579
0.041579
0.041604
0.041604
0.041579
0.041579
0.041579
0.041604
0.041604
0.041604
0.041579
0.041579
0.041579
0.041579
0.041604
0.041579
0.041579
0.041579
0.041604
0.041604
0.041604
0.041579
0.041579
0.041604
0.041604
0.041604
0.041579
0.041604
0.041604
0.041604
0.041604
0.041604
0.041604
0.041604
0.041579
0.041604
0.041604
0.041604
0.041604
0.041604
0.041604
0.041604
0.041604
0.041604
0.041579
0.041579
0.041579
0.041579
0.041579
0.041579
0.041579
0.041579
0.041579
0.041579
0.041579
0.041579
0.041579
0.041579
0.041579
0.041579
0.041579
0.041604
0.041579
0.041579
0.041579
0.041579
0.041579
0.041579
0.041579
0.041579
0.041604
0.041604
0.041604
0.041604
0.041604
0.041604
0.041604
0.041628
0.041628
0.041628
0.041628
0.041628
0.041628
0.041628
0.041628
0.041628
0.041628
0.041628
0.041628
0.041628
0.041628
0.041628
0.041628
0.041628
0.041628
0.041628
0.041628
0.041628
0.041628
0.041628
0.041628
0.041628
0.041628
0.041628
0.041628
0.041628
0.041604
0.041628
0.041628
0.041628
0.041628
0.041628
0.041628
0.041628
0.041628
0.041628
0.041628
0.041628
0.041604
0.041628
0.041628
0.041628
0.041604
0.041604
0.041628
0.041604
0.041604
0.041604
0.041604
0.041604
0.041628
0.041628
0.041604
0.041604
0.041628
0.041604
0.041604
0.041604
0.041604
0.041604
0.041604
0.041604
0.041604
0.041604
0.041604
0.041604
0.041604
0.041604
0.041604
0.041604
0.041579
0.041604
0.041604
0.041604
0.041604
0.041604
0.041604
0.041604
0.041579
0.041579
0.041579
0.041579
0.041579
0.041579
0.041579
0.041579
0.041579
0.041579
0.041579
0.041579
0.041579
0.041579
0.041579
0.041579
0.041579
0.041579
0.041579
0.041579
0.041579
0.041579
0.041579
0.041579
0.041579
0.041579
0.041579
0.041579
0.041579
0.041579
0.041579
0.041579
0.041579
0.041579
0.041579
0.041579
0.041579
0.041579
0.041579
0.041579
0.041579
0.041579
0.041579
0.041579
0.041579
0.041579
0.041579
0.041579
0.041579
0.041579
0.041579
0.041579
0.041579
0.041579
0.041579
0.041579
0.041579
0.041579
0.041554
0.041579
0.041579
0.041579
0.041579
0.041554
0.041579
0.041579
0.041579
0.041579
0.041579
0.041554
0.041554
0.041579
0.041554
0.041579
0.041579
0.041579
0.041554
0.041579
0.041579
0.041579
0.041579
0.041554
0.041579
0.041579
0.041579
0.041579
0.041579
0.041579
0.041604
0.041604
0.041628
0.041579
0.041579
0.041653
0.041702
0.041727
0.041801
0.04185
0.04185
0.04185
0.041825
0.041751
0.041677
0.041579
0.041505
0.041431
0.041431
0.041431
0.041456
0.041505
0.041505
0.041505
0.04153
0.04153
0.04153
0.04153
0.04153
0.04153
0.04153
0.04153
0.041554
0.041554
0.041554
0.041554
0.041554
0.041554
0.041554
0.041554
0.041554
0.041554
0.041579
0.041554
0.041554
0.041554
0.041554
0.041554
0.041579
0.041554
0.041554
0.041554
0.041554
0.041554
0.041554
0.041554
0.041554
0.041554
0.041554
0.041554
0.041554
0.041554
0.041554
0.04153
0.04153
0.041505
0.041505
0.041505
0.041505
0.041505
0.041505
0.041481
0.041481
0.041481
0.041481
0.041456
0.041456
0.041456
0.041456
0.041456
0.041456
0.041456
0.041456
0.041481
0.041481
0.041481
0.041481
0.041505
0.041505
0.041505
0.04153
0.04153
0.041554
0.041554
0.041554
0.041579
0.041579
0.041579
0.041579
0.041579
0.041579
0.041604
0.041604
0.041604
0.041579
0.041579
0.041579
0.041579
0.041579
0.041579
0.041579
0.041579
0.041579
0.041579
0.041579
0.041579
0.041579
0.041579
0.041579
0.041579
0.041579
0.041579
0.041554
0.041554
0.041554
0.041554
0.041554
0.041554
0.041554
0.041554
0.041554
0.041554
0.041554
0.041554
0.041554
0.041554
0.041554
0.041554
0.041554
0.041554
0.041554
0.041554
0.041554
0.041554
0.04153
0.04153
0.04153
0.04153
0.04153
0.04153
0.04153
0.04153
0.04153
0.04153
0.04153
0.04153
0.04153
0.04153
0.04153
0.041554
0.04153
0.04153
0.041554
0.04153
0.04153
0.04153
0.04153
0.041554
0.04153
0.04153
0.04153
0.04153
0.04153
0.041554
0.04153
0.04153
0.04153
0.04153
0.04153
0.04153
0.04153
0.04153
0.04153
0.04153
0.04153
0.04153
0.04153
0.04153
0.04153
0.04153
0.04153
0.04153
0.04153
0.04153
0.04153
0.04153
0.04153
0.04153
0.041505
0.04153
0.04153
0.041505
0.041505
0.041505
0.04153
0.041505
0.041505
0.041505
0.041505
0.041505
0.041505
0.041505
0.041505
0.041505
0.041505
0.041505
0.041505
0.041505
0.041505
0.041505
0.041505
0.041505
0.041505
0.041505
0.041505
0.041505
0.041505
0.041505
0.041505
0.041505
0.04153
0.04153
0.041554
0.04153
0.041505
0.041554
0.041604
0.041628
0.041677
0.041751
0.041751
0.041776
0.041727
0.041677
0.041628
0.04153
0.041431
0.041382
0.041357
0.041357
0.041382
0.041431
0.041456
0.041431
0.041456
0.041456
0.041456
0.041456
0.041456
0.041456
0.041456
0.041456
0.041456
0.041431
0.041456
0.041456
0.041456
0.041456
0.041456
0.041456
0.041456
0.041456
0.041456
0.041456
0.041456
0.041456
0.041456
0.041456
0.041456
0.041456
0.041431
0.041431
0.041431
0.041431
0.041431
0.041431
0.041431
0.041431
0.041431
0.041431
0.041431
0.041407
0.041431
0.041407
0.041407
0.041407
0.041407
0.041407
0.041382
0.041382
0.041382
0.041382
0.041382
0.041357
