2018
8
16
9
59
23.829
0.036779
0.036754
0.036729
0.036754
0.036803
0.036828
0.036803
0.036803
0.036828
0.036877
0.036902
0.036877
0.036877
0.036902
0.036926
0.036951
0.036926
0.036902
0.036926
0.036976
0.037
0.036976
0.036951
0.036976
0.037025
0.037049
0.037025
0.037
0.037025
0.037074
0.037099
0.037074
0.037049
0.037074
0.037148
0.037148
0.037148
0.037123
0.037148
0.037197
0.037197
0.037246
0.037271
0.037246
0.037222
0.037222
0.037271
0.037296
0.037271
0.037246
0.037271
0.03732
0.037345
0.03732
0.037296
0.037296
0.037345
0.037394
0.037369
0.037345
0.037369
0.037394
0.037419
0.037419
0.037394
0.037394
0.037443
0.037468
0.037468
0.037443
0.037443
0.037492
0.037517
0.037492
0.037468
0.037468
0.037517
0.037542
0.037542
0.037517
0.037566
0.037542
0.037566
0.037616
0.03764
0.037616
0.037591
0.037591
0.03764
0.037665
0.037665
0.03764
0.03764
0.037689
0.037739
0.037714
0.037689
0.037689
0.037739
0.037788
0.037763
0.037739
0.037739
0.037788
0.037837
0.037813
0.037788
0.037788
0.037813
0.037862
0.037862
0.037813
0.037813
0.037862
0.037911
0.037886
0.037862
0.037862
0.037911
0.03796
0.038009
0.038009
0.03796
0.03796
0.038009
0.038059
0.038034
0.038009
0.038009
0.038059
0.038108
0.038108
0.038083
0.038083
0.038108
0.038157
0.038157
0.038133
0.038108
0.038157
0.038206
0.038206
0.038182
0.038182
0.038206
0.038256
0.038256
0.038206
0.038206
0.038256
0.038305
0.03828
0.038256
0.038256
0.038305
0.038354
0.038354
0.038305
0.038305
0.038354
0.038354
0.038379
0.038428
0.038428
0.038379
0.038379
0.038428
0.038477
0.038477
0.038428
0.038428
0.038453
0.038502
0.038502
0.038453
0.038453
0.038477
0.038526
0.038502
0.038477
0.038453
0.038477
0.038502
0.038502
0.038477
0.038477
0.038526
0.038576
0.0386
0.038576
0.038625
0.038723
0.038773
0.038723
0.0386
0.038551
0.038551
0.038526
0.038526
0.038477
0.038526
0.038477
0.038477
0.038526
0.0386
0.038625
0.038625
0.038625
0.038674
0.038723
0.038723
0.038699
0.038674
0.038723
0.038748
0.038748
0.038723
0.038699
0.038723
0.038748
0.038748
0.038723
0.038699
0.038748
0.038773
0.038773
0.038748
0.038723
0.038748
0.038773
0.038773
0.038748
0.038723
0.038748
0.038797
0.038797
0.038773
0.038748
0.038773
0.038822
0.038797
0.038846
0.038846
0.038822
0.038797
0.038822
0.038871
0.038871
0.038846
0.038846
0.038871
0.038896
0.038896
0.038871
0.038871
0.038896
0.038945
0.038945
0.038896
0.038896
0.03892
0.038945
0.03897
0.03892
0.03892
0.038945
0.03897
0.03897
0.038945
0.038945
0.03897
0.038994
0.038994
0.03897
0.038945
0.03897
0.038994
0.038994
0.03897
0.038945
0.038994
0.03897
0.038994
0.039019
0.039019
0.038994
0.03897
0.038994
0.039019
0.039019
0.038994
0.03897
0.038994
0.039019
0.039043
0.038994
0.038994
0.039019
0.039043
0.039043
0.039019
0.038994
0.039019
0.039068
0.039068
0.039043
0.039019
0.039043
0.039093
0.039093
0.039068
0.039043
0.039068
0.039093
0.039117
0.039093
0.039068
0.039093
0.039117
0.039142
0.039142
0.039142
0.039117
0.039093
0.039093
0.039142
0.039142
0.039117
0.039093
0.039117
0.039142
0.039166
0.039142
0.039117
0.039142
0.039166
0.039191
0.039166
0.039142
0.039142
0.039191
0.039191
0.039166
0.039166
0.039166
0.039216
0.03924
0.039216
0.039191
0.039216
0.03924
0.03924
0.039216
0.039191
0.039216
0.03924
0.039265
0.03924
0.039216
0.03924
0.03924
0.03929
0.039314
0.03929
0.039265
0.039265
0.039314
0.039314
0.03929
0.03929
0.03929
0.039314
0.039339
0.039314
0.039314
0.039314
0.039339
0.039363
0.039339
0.039314
0.039339
0.039363
0.039388
0.039363
0.039339
0.039339
0.039388
0.039388
0.039388
0.039363
0.039363
0.039413
0.039413
0.039413
0.039388
0.039388
0.039437
0.039437
0.039437
0.039413
0.039437
0.039437
0.039437
0.039486
0.039486
0.039462
0.039437
0.039437
0.039486
0.039511
0.039486
0.039462
0.039486
0.039511
0.039536
0.039536
0.039511
0.039536
0.03961
0.039634
0.039634
0.039634
0.039634
0.039708
0.039733
0.039708
0.039683
0.039683
0.039659
0.039659
0.03961
0.03956
0.03956
0.03961
0.039634
0.039634
0.03961
0.03961
0.039659
0.039659
0.039634
0.039634
0.039634
0.039585
0.039585
0.03961
0.039634
0.03961
0.039585
0.039585
0.03961
0.039634
0.039634
0.03961
0.03961
0.039634
0.039659
0.039659
0.039659
0.039659
0.039683
0.039708
0.039683
0.039659
0.039659
0.039683
0.039708
0.039708
0.039659
0.03961
0.039659
0.039708
0.039708
0.039659
0.039683
0.039708
0.039733
0.039733
0.039683
0.039683
0.039659
0.039659
0.039683
0.039708
0.039708
0.039683
0.039708
0.039733
0.039782
0.039782
0.039782
0.039807
0.039856
0.03988
0.039905
0.039905
0.03993
0.039979
0.040028
0.040028
0.040028
0.040053
0.040102
0.040151
0.040151
0.040151
0.040151
0.0402
0.040225
0.040225
0.040225
0.040225
0.040274
0.040299
0.040299
0.040299
0.040299
0.040323
0.040373
0.040373
0.040422
0.040422
0.040397
0.040397
0.040422
0.040447
0.040471
0.040447
0.040422
0.040471
0.040496
0.040471
0.040447
0.040447
0.040471
0.040496
0.040496
0.040471
0.040471
0.040496
0.04052
0.04052
0.040496
0.040496
0.04052
0.040545
0.040545
0.04052
0.04052
0.040545
0.04057
0.04057
0.040545
0.04052
0.040545
0.04057
0.04057
0.040545
0.040545
0.04057
0.04057
0.040594
0.040619
0.040619
0.040594
0.04057
0.040594
0.040619
0.040619
0.040594
0.04057
0.040594
0.040619
0.040619
0.040594
0.040594
0.040619
0.040644
0.040644
0.040619
0.040619
0.040644
0.040668
0.040693
0.040668
0.040644
0.040668
0.040693
0.040693
0.040693
0.040668
0.040693
0.040717
0.040717
0.040693
0.040668
0.040693
0.040717
0.040717
0.040693
0.040717
0.040693
0.040693
0.040693
0.040717
0.040742
0.040717
0.040693
0.040717
0.040742
0.040742
0.040717
0.040693
0.040717
0.040742
0.040742
0.040717
0.040693
0.040717
0.040742
0.040742
0.040717
0.040693
0.040693
0.040717
0.040742
0.040693
0.040693
0.040693
0.040717
0.040717
0.040693
0.040668
0.040693
0.040693
0.040717
0.040693
0.040668
0.040668
0.040693
0.040668
0.040693
0.040717
0.040693
0.040668
0.040693
0.040717
0.040742
0.040742
0.040742
0.040767
0.040791
0.04084
0.040816
0.040816
0.04084
0.04089
0.040914
0.04089
0.04089
0.04089
0.04089
0.040865
0.040816
0.040767
0.040767
0.040791
0.040816
0.040816
0.040816
0.040816
0.04084
0.040865
0.04084
0.040816
0.04084
0.04084
0.040865
0.040816
0.040791
0.040816
0.040791
0.040791
0.04084
0.04084
0.040816
0.040791
0.040816
0.04084
0.04084
0.040816
0.040791
0.040816
0.04084
0.04084
0.040816
0.040816
0.040816
0.04084
0.040865
0.04084
0.040816
0.040816
0.04084
0.04084
0.040816
0.040791
0.040816
0.04084
0.04084
0.04084
0.040816
0.040816
0.04084
0.04084
0.04084
0.040816
0.040816
0.04084
0.04084
0.04084
0.04084
0.04084
0.040816
0.040816
0.04084
0.04084
0.04084
0.040816
0.040816
0.04084
0.040865
0.040865
0.04084
0.04084
0.04089
0.040914
0.04089
0.04089
0.04089
0.040914
0.040939
0.040914
0.040914
0.040914
0.040939
0.040964
0.040964
0.040939
0.040939
0.040964
0.040988
0.040964
0.040964
0.040939
0.040988
0.041013
0.041013
0.040988
0.040964
0.040988
0.040988
0.041013
0.041037
0.041013
0.040988
0.040988
0.041013
0.041037
0.041037
0.041013
0.041013
0.041037
0.041062
0.041062
0.041037
0.041037
0.041062
0.041087
0.041087
0.041062
0.041062
0.041087
0.041111
0.041087
0.041087
0.041087
0.041111
0.041136
0.041111
0.041087
0.041087
0.041111
0.041136
0.041111
0.041087
0.041087
0.041111
0.041136
0.041136
0.04116
0.041136
0.041111
0.041111
0.041136
0.04116
0.04116
0.041136
0.041136
0.04116
0.041185
0.041185
0.04116
0.04116
0.041185
0.04121
0.04121
0.041185
0.041185
0.04121
0.041234
0.041234
0.04121
0.04121
0.04121
0.04121
0.041185
0.04116
0.041136
0.041136
0.041136
0.041111
0.041087
0.041062
0.041062
0.041062
0.041062
0.041013
0.041013
0.041013
0.040988
0.041013
0.041013
0.040988
0.040964
0.040988
0.041013
0.041013
0.040988
0.040964
0.040988
0.041013
0.040988
0.040988
0.040964
0.040988
0.041013
0.041037
0.041013
0.041013
0.041037
0.041087
0.041111
0.041087
0.041111
0.041136
0.041185
0.041185
0.04116
0.041136
0.041111
0.041087
0.041062
0.041013
0.041013
0.041013
0.041062
0.041062
0.041037
0.041037
0.041087
0.041062
0.041062
0.041087
0.041087
0.041037
0.041013
0.041037
0.041037
0.041062
0.041037
0.041013
0.041037
0.041062
0.041062
0.041037
0.041013
0.041037
0.041062
0.041062
0.041062
0.041037
0.041062
0.041087
0.041111
0.041087
0.041062
0.041087
0.041111
0.041136
0.041111
0.041087
0.041111
0.041136
0.04116
0.041136
0.041136
0.04116
0.041185
0.041185
0.04121
0.04121
0.041185
0.04116
0.041185
0.04121
0.04121
0.041185
0.041185
0.041185
0.04121
0.041234
0.04121
0.04121
0.04121
0.041259
0.041259
0.041259
0.041234
0.041259
0.041308
0.041333
0.041308
0.041284
0.041308
0.041357
0.041357
0.041357
0.041357
0.041382
0.041431
0.041431
0.041407
0.041407
0.041431
0.041456
0.041456
0.041456
0.041431
0.041456
0.041456
0.041456
0.041505
0.041505
0.041481
0.041456
0.041481
0.041505
0.041505
0.041505
0.041481
0.041481
0.041505
0.04153
0.041505
0.041505
0.041505
0.04153
0.04153
0.04153
0.041505
0.041505
0.04153
0.041554
0.04153
0.04153
0.04153
0.041554
0.041579
0.041554
0.04153
0.041554
0.041579
0.041604
0.041579
0.041554
0.041579
0.041604
0.041628
0.041604
0.041653
0.041628
0.041604
0.041604
0.041628
0.041653
0.041653
0.041628
0.041628
0.041653
0.041677
0.041677
0.041653
0.041653
0.041677
0.041702
0.041677
0.041677
0.041677
0.041702
0.041727
0.041702
0.041702
0.041702
0.041727
0.041751
0.041751
0.041727
0.041727
0.041776
0.041801
0.041776
0.041751
0.041776
0.041801
0.041825
0.041801
0.041801
0.041801
0.041825
0.041825
0.04185
0.041874
0.041874
0.04185
0.04185
0.041874
0.041899
0.041899
0.041874
0.041874
0.041899
0.041924
0.041924
0.041899
0.041874
0.041924
0.041948
0.041924
0.041899
0.041899
0.041948
0.041973
0.041973
0.041948
0.041948
0.041997
0.042022
0.041997
0.041973
0.041973
0.041997
0.042047
0.042022
0.041997
0.041997
0.042022
0.042071
0.042071
0.042047
0.04217
0.042145
0.042145
0.042194
0.042244
0.042268
0.042244
0.042244
0.042244
0.042268
0.042219
0.042145
0.042121
0.04217
0.042194
0.042194
0.042194
0.04217
0.042194
0.042244
0.042244
0.042219
0.042194
0.042219
0.042244
0.042244
0.042194
0.04217
0.042194
0.042219
0.042219
0.042194
0.04217
0.042219
0.042244
0.042244
0.042219
0.042194
0.042219
0.042244
0.042244
0.042293
0.042293
0.042244
0.042244
0.042268
0.042318
0.042318
0.042318
0.042293
0.042342
0.042367
0.042391
0.042342
0.042342
0.042367
0.042416
0.042416
0.042391
0.042367
0.042416
0.042441
0.042465
0.042416
0.042416
0.042441
0.04249
0.04249
0.042465
0.042441
0.042465
0.042514
0.042514
0.04249
0.042465
0.042514
0.042564
0.042564
0.042539
0.042514
0.042613
0.042588
0.042638
0.042687
0.042687
0.042662
0.042662
0.042687
0.042736
0.042761
0.042736
0.042711
0.042761
0.04281
0.04281
0.042785
0.042761
0.042785
0.042834
0.042859
0.042834
0.04281
0.042834
0.042859
0.042884
0.042834
0.04281
0.042834
0.042884
0.042884
0.042859
0.042859
0.042884
0.042908
0.042933
0.042908
0.042859
0.042884
0.042933
0.042958
0.042958
0.042982
0.042958
0.042933
0.042958
0.042982
0.043007
0.042982
0.042958
0.042982
0.043007
0.043031
0.043007
0.042982
0.043007
0.043056
0.043081
0.043031
0.043007
0.043031
0.043081
0.043105
0.043056
0.043031
0.043056
0.043105
0.043105
0.043081
0.043056
0.043081
0.043105
0.04313
0.043105
0.043081
0.043105
0.04313
0.043155
0.04313
0.043105
0.043105
0.04313
0.043155
0.043179
0.043155
0.04313
0.04313
0.043179
0.043204
0.043179
0.04313
0.043155
0.043204
0.043204
0.043179
0.04313
0.043155
0.043179
0.043204
0.043179
0.04313
0.043155
0.043179
0.043204
0.043179
0.04313
0.043155
0.043179
0.043204
0.043179
0.04313
0.04313
0.043179
0.043204
0.043155
0.04313
0.04313
0.043179
0.043204
0.043179
0.04313
0.043179
0.043155
0.043155
0.043204
0.043228
0.043204
0.043179
0.043179
0.043228
0.043253
0.043228
0.043179
0.043179
0.043228
0.043253
0.043228
0.043204
0.043204
0.043253
0.043278
0.043253
0.043204
0.043228
0.043253
0.043302
0.043278
0.043228
0.043228
0.043278
0.043302
0.043278
0.043253
0.043253
0.043302
0.043327
0.043302
0.043278
0.043278
0.043327
0.043351
0.043327
0.043376
0.043376
0.043351
0.043376
0.043401
0.04345
0.04345
0.043425
0.043425
0.043475
0.043524
0.043499
0.043475
0.043475
0.043499
0.043499
0.043425
0.043351
0.043351
0.043376
0.043425
0.043401
0.043376
0.043376
0.043425
0.043475
0.04345
0.043401
0.043401
0.04345
0.043475
0.04345
0.043401
0.043401
0.043425
0.043475
0.04345
0.043401
0.043401
0.043401
0.043401
0.04345
0.043475
0.043475
0.043425
0.043425
0.04345
0.043499
0.043475
0.043425
0.043425
0.043475
0.043499
0.043499
0.04345
0.04345
0.043475
0.043524
0.043499
0.04345
0.04345
0.043499
0.043524
0.043499
0.043475
0.04345
0.043475
0.043524
0.043499
0.043475
0.04345
0.043475
0.043499
0.043499
0.04345
0.043425
0.043475
0.043499
0.043475
0.043475
0.043475
0.04345
0.043425
0.04345
0.043499
0.043499
0.04345
0.04345
0.043475
0.043524
0.043524
0.043475
0.043475
0.043499
0.043548
0.043548
0.043499
0.043499
0.043524
0.043573
0.043548
0.043524
0.043499
0.043524
0.043573
0.043548
0.043524
0.043499
0.043548
0.043573
0.043573
0.043524
0.043499
0.043548
0.043573
0.043573
0.043524
0.043499
0.043548
0.043499
0.043524
0.043573
0.043573
0.043524
0.043499
0.043524
0.043573
0.043573
0.043524
0.043499
0.043524
0.043573
0.043573
0.043524
0.043499
0.043524
0.043573
0.043573
0.043524
0.043499
0.043524
0.043573
0.043573
0.043524
0.043499
0.043524
0.043548
0.043548
0.043499
0.043475
0.043475
0.043499
0.043499
0.043475
0.04345
0.04345
0.043499
0.043475
0.04345
0.04345
0.043425
0.043401
0.043425
0.04345
0.04345
0.043401
0.043401
0.043425
0.04345
0.04345
0.043425
0.043401
0.043425
0.04345
0.04345
0.043425
0.043376
0.043401
0.043425
0.043425
0.043401
0.043376
0.043401
0.043425
0.043425
0.043376
0.043351
0.043376
0.043401
0.043401
0.043351
0.043327
0.043351
0.043376
0.043376
0.043351
0.043327
0.043351
0.043376
0.043327
0.043351
0.043351
0.043327
0.043278
0.043302
0.043327
0.043327
0.043302
0.043278
0.043278
0.043327
0.043327
0.043278
0.043253
0.043278
0.043302
0.043302
0.043278
0.043253
0.043253
0.043302
0.043302
0.043278
0.043228
0.043253
0.043278
0.043278
0.043253
0.043228
0.043228
0.043253
0.043278
0.043228
0.043204
0.043204
0.043253
0.043253
0.043228
0.043204
0.043228
0.043204
0.043204
0.043253
0.043253
0.043228
0.043204
0.043204
0.043253
0.043253
0.043228
0.043204
0.043204
0.043228
0.043253
0.043228
0.043179
0.043204
0.043228
0.043253
0.043204
0.043179
0.043204
0.043228
0.043253
0.043204
0.043179
0.043204
0.043228
0.043228
0.043228
0.043204
0.043204
0.043228
0.043253
0.043228
0.043204
0.043204
0.043253
0.043253
0.043253
0.043253
0.043228
0.043204
0.043228
0.043253
0.043278
0.043253
0.043204
0.043228
0.043253
0.043278
0.043253
0.043228
0.043228
0.043278
0.043278
0.043253
0.043228
0.043253
0.043278
0.043302
0.043278
0.043253
0.043253
0.043278
0.043302
0.043278
0.043253
0.043253
0.043302
0.043327
0.043302
0.043278
0.043278
0.043302
0.043327
0.043302
0.043278
0.043278
0.043278
0.043302
0.043327
0.043376
0.043351
0.043351
0.043351
0.043401
0.043475
0.04345
0.043425
0.04345
0.043499
0.043524
0.043524
0.043475
0.04345
0.04345
0.04345
0.043376
0.043327
0.043327
0.043351
0.043401
0.043401
0.043351
0.043376
0.043401
0.043425
0.043401
0.043376
0.043376
0.043401
0.043425
0.043401
0.043351
0.043351
0.043376
0.043401
0.043376
0.043425
0.043401
0.043351
0.043351
0.043401
0.043425
0.043401
0.043376
0.043376
0.043401
0.04345
0.043425
0.043376
0.043376
0.043425
0.04345
0.04345
0.043401
0.043401
0.04345
0.043475
0.04345
0.043425
0.043425
0.04345
0.043475
0.043475
0.043425
0.043425
0.04345
0.043475
0.043475
0.043425
0.043425
0.04345
0.043475
0.04345
0.043425
0.043401
0.04345
0.043425
0.043475
0.04345
0.043425
0.043401
0.04345
0.043475
0.043475
0.043425
0.043425
0.043475
0.043499
0.043499
0.043475
0.04345
0.043499
0.043548
0.043524
0.043499
0.043499
0.043524
0.043573
0.043548
0.043524
0.043524
0.043548
0.043573
0.043573
0.043548
0.043524
0.043548
0.043598
0.043573
0.043548
0.043524
0.043548
0.043598
0.043573
0.043548
0.043524
0.043548
0.043524
0.043548
0.043598
0.043573
0.043548
0.043548
0.043573
0.043598
0.043598
0.043548
0.043548
0.043573
0.043598
0.043598
0.043573
0.043548
0.043573
0.043622
0.043598
0.043573
0.043548
0.043598
0.043622
0.043622
0.043598
0.043573
0.043598
0.043647
0.043647
0.043598
0.043598
0.043622
0.043647
0.043647
0.043622
0.043598
0.043622
0.043671
0.043647
0.043671
0.043671
0.043647
0.043622
0.043647
0.043671
0.043671
0.043647
0.043647
0.043671
0.043696
0.043696
0.043671
0.043647
0.043671
0.043721
0.043721
0.043696
0.043671
0.043696
0.043745
0.043745
0.043721
0.043696
0.043721
0.04377
0.04377
0.043721
0.043696
0.043721
0.04377
0.04377
0.043745
0.043721
0.043745
0.04377
0.043795
0.043745
0.043721
0.043745
0.043745
0.04377
0.043795
0.043795
0.04377
0.043745
0.04377
0.043819
0.043819
0.043795
0.04377
0.043795
0.043844
0.043844
0.043844
0.043819
0.043844
0.043918
0.043942
0.043918
0.043918
0.043942
0.043992
0.044016
0.043992
0.043942
0.043967
0.043967
0.043942
0.043868
0.043819
0.043819
0.043868
0.043868
0.043868
0.043844
0.043868
0.043918
0.043918
0.043893
0.043918
0.043893
0.043844
0.043844
0.043893
0.043893
0.043844
0.043819
0.043844
0.043868
0.043868
0.043844
0.043819
0.043844
0.043868
0.043893
0.043868
0.043844
0.043844
0.043893
0.043893
0.043868
0.043844
0.043868
0.043893
0.043918
0.043893
0.043868
0.043868
0.043918
0.043918
0.043893
0.043844
0.043868
0.043893
0.043918
0.043868
0.043844
0.043868
0.043893
0.043844
0.043868
0.043893
0.043868
0.043819
0.043844
0.043868
0.043868
0.043844
0.043819
0.043819
0.043868
0.043868
0.043844
0.043819
0.043819
0.043868
0.043893
0.043868
0.043844
0.043868
0.043893
0.043918
0.043893
0.043868
0.043893
0.043942
0.043967
0.043942
0.043918
0.043918
0.043967
0.043967
0.043942
0.043918
0.043918
0.043942
0.043967
0.043942
0.043918
0.043942
0.043918
0.043942
0.043967
0.043992
0.043967
0.043942
0.043942
0.043967
0.043992
0.043967
0.043942
0.043942
0.043992
0.043992
0.043967
0.043942
0.043942
0.043967
0.043992
0.043967
0.043942
0.043942
0.043967
0.043992
0.043967
0.043942
0.043942
0.043992
0.044016
0.043992
0.043942
0.043942
0.043992
0.044016
0.043992
0.043942
0.043942
0.043992
0.044016
0.043992
0.044016
0.043992
0.043942
0.043942
0.043992
0.044016
0.043992
0.043942
0.043942
0.043967
0.043992
0.043992
0.043942
0.043942
0.043992
0.044016
0.043992
0.043942
0.043942
0.043992
0.044016
0.043992
0.043942
0.043942
0.043992
0.044016
0.043992
0.043967
0.043967
0.043992
0.044016
0.044016
0.043992
0.043992
0.044016
0.044041
0.044016
0.043992
0.043992
0.043992
0.043992
0.044041
0.044065
0.044041
0.043992
0.043992
0.044041
0.044065
0.044041
0.044016
0.044016
0.044041
0.044065
0.044065
0.044016
0.044016
0.044041
0.044065
0.044065
0.044016
0.044016
0.044041
0.04409
0.044065
0.044041
0.044016
0.044065
0.04409
0.044065
0.044016
0.044016
0.044041
0.04409
0.044065
0.044041
0.044016
0.044041
0.04409
0.044065
0.04409
0.044065
0.044041
0.044016
0.044041
0.044065
0.044065
0.044016
0.044016
0.044041
0.04409
0.044065
0.044041
0.044016
0.04409
0.044115
0.044115
0.044115
0.044139
0.044164
0.044213
0.044238
0.044213
0.044188
0.044238
0.044262
0.044238
0.044164
0.044115
0.04409
0.04409
0.04409
0.044065
0.044041
0.04409
0.044139
0.044139
0.04409
0.04409
0.044115
0.044065
0.044065
0.04409
0.04409
0.044041
0.044016
0.044041
0.04409
0.044065
0.044041
0.044016
0.044041
0.04409
0.04409
0.044041
0.044041
0.044065
0.04409
0.04409
0.044041
0.044041
0.044065
0.04409
0.04409
0.044065
0.044041
0.044065
0.04409
0.04409
0.044065
0.044041
0.044065
0.044115
0.044115
0.044065
0.044065
0.04409
0.044139
0.044139
0.04409
0.044139
0.04409
0.044065
0.04409
0.044115
0.044115
0.044065
0.044041
0.044065
0.04409
0.04409
0.044065
0.044041
0.044065
0.04409
0.04409
0.044065
0.044065
0.04409
0.044139
0.044139
0.044115
0.04409
0.044115
0.044164
0.044164
0.044139
0.044115
0.044164
0.044213
0.044213
0.044164
0.044139
0.044188
0.044213
0.044213
0.044188
0.044164
0.044188
0.044238
0.044262
0.044238
0.044213
0.044188
0.044213
0.044238
0.044238
0.044213
0.044188
0.044213
0.044262
0.044262
0.044213
0.044188
0.044213
0.044262
0.044262
0.044213
0.044188
0.044213
0.044262
0.044262
0.044238
0.044188
0.044213
0.044262
0.044287
0.044238
0.044213
0.044238
0.044287
0.044312
0.044262
0.044238
0.044262
0.044312
0.044336
0.044287
0.044262
0.044287
0.044312
0.044336
0.044361
0.044312
0.044287
0.044312
0.044361
0.044361
0.044336
0.044312
0.044312
0.044361
0.044385
0.044361
0.044312
0.044336
0.044385
0.044385
0.044361
0.044336
0.044336
0.044385
0.04441
0.044385
0.044361
0.044385
0.04441
0.044435
0.04441
0.044361
0.044385
0.044435
0.044459
0.04441
0.044385
0.044385
0.044435
0.044459
0.044435
0.044385
0.044435
0.04441
0.04441
0.044459
0.044484
0.044435
0.044385
0.044385
0.044435
0.044459
0.044435
0.044385
0.044385
0.044435
0.044484
0.044435
0.04441
0.04441
0.044459
0.044484
0.044459
0.04441
0.04441
0.044459
0.044484
0.044435
0.044385
0.04441
0.044459
0.044459
0.044435
0.044385
0.044385
0.044435
0.044459
0.04441
0.044361
0.044385
0.044435
0.044459
0.044459
0.04441
0.044361
0.044361
0.04441
0.044435
0.04441
0.044361
0.044361
0.04441
0.044435
0.044385
0.044336
0.044361
0.044385
0.04441
0.044385
0.044336
0.044336
0.044385
0.04441
0.044385
0.044336
0.044336
0.044361
0.04441
0.044361
0.044312
0.044312
0.044361
0.044385
0.044361
0.044312
0.044312
0.044361
0.044385
0.044361
0.044312
0.044312
0.044361
0.044312
0.044361
0.044385
0.044361
0.044312
0.044312
0.044361
0.044385
0.044361
0.044312
0.044312
0.044361
0.044385
0.044361
0.044312
0.044312
0.044361
0.044385
0.044361
0.044312
0.044312
0.044361
0.04441
0.044385
0.044336
0.044336
0.044385
0.044435
0.04441
0.044385
0.04441
0.044459
0.044484
0.044459
0.044435
0.044435
0.044484
0.044508
0.044459
0.044385
0.044336
0.044287
0.044287
0.044336
0.044385
0.044361
0.044312
0.044312
0.044336
0.044385
0.044361
0.044312
0.044312
0.044336
0.044385
0.044361
0.044312
0.044287
0.044336
0.044385
0.044361
0.044312
0.044287
0.044336
0.044385
0.044361
0.044312
0.044287
0.044336
0.044385
0.044361
0.044312
0.044312
0.044336
0.044385
0.044361
0.044312
0.044287
0.044336
0.044385
0.044336
0.044385
0.044361
0.044312
0.044287
0.044336
0.044385
0.044361
0.044312
0.044287
0.044336
0.044385
0.044361
0.044312
0.044287
0.044312
0.044361
0.044336
0.044287
0.044262
0.044312
0.044336
0.044336
0.044287
0.044262
0.044287
0.044361
0.044336
0.044287
0.044287
0.044312
0.044385
0.044361
0.044312
0.044312
0.044336
0.04441
0.044385
0.044336
0.044312
0.044385
0.044361
0.044385
0.044435
0.044435
0.044385
0.044361
0.044385
0.044435
0.044435
0.044385
0.044361
0.044385
0.044435
0.044435
0.044385
0.044361
0.04441
0.044459
0.044435
0.044385
0.044385
0.04441
0.044459
0.044459
0.04441
0.044385
0.044435
0.044484
0.044484
0.044435
0.04441
0.044435
0.044484
0.044484
0.044435
0.04441
0.044459
0.044508
0.044508
