2018
8
16
9
56
17.288
0.087121
0.087097
0.087072
0.087072
0.087048
0.087023
0.086998
0.086998
0.086998
0.086974
0.086949
0.086924
0.086924
0.0869
0.0869
0.086875
0.086851
0.086826
0.086826
0.086826
0.086801
0.086801
0.086801
0.086777
0.086752
0.086703
0.086678
0.086654
0.086654
0.086629
0.086629
0.086604
0.08658
0.08658
0.086555
0.086555
0.086531
0.086506
0.086506
0.086481
0.086407
0.086383
0.086358
0.086358
0.086358
0.086334
0.086334
0.086309
0.086309
0.086284
0.086284
0.086235
0.086211
0.086211
0.086211
0.086186
0.086186
0.086161
0.086161
0.086137
0.086137
0.086112
0.086087
0.086087
0.086063
0.086063
0.086038
0.086014
0.085989
0.085989
0.085964
0.08594
0.085915
0.085891
0.085891
0.085866
0.085866
0.085841
0.085841
0.085817
0.085743
0.085743
0.085718
0.085694
0.085669
0.085669
0.085644
0.085644
0.08562
0.085595
0.085595
0.08562
0.085595
0.085546
0.085521
0.085497
0.085472
0.085447
0.085447
0.085423
0.085423
0.085398
0.085374
0.085349
0.085349
0.085324
0.085324
0.0853
0.085275
0.08525
0.085226
0.085177
0.085152
0.085103
0.085054
0.085004
0.08498
0.08493
0.084906
0.084881
0.084832
0.084807
0.084783
0.084783
0.084758
0.084758
0.084758
0.084733
0.084733
0.084709
0.084709
0.084709
0.084709
0.084709
0.084684
0.08466
0.084635
0.084635
0.08461
0.084586
0.084561
0.084561
0.084537
0.084512
0.084487
0.084438
0.084413
0.084413
0.084389
0.084364
0.08434
0.08434
0.084315
0.08429
0.084266
0.084217
0.084192
0.084167
0.084167
0.084143
0.08402
0.083995
0.08397
0.083946
0.083921
0.083921
0.083896
0.083872
0.083847
0.083823
0.083798
0.083773
0.083773
0.083749
0.083749
0.083724
0.0837
0.083675
0.08365
0.08365
0.083626
0.083601
0.083576
0.083576
0.083552
0.083527
0.083478
0.083429
0.083429
0.083404
0.083404
0.08338
0.083355
0.083355
0.083355
0.083355
0.08333
0.083281
0.083207
0.083183
0.083183
0.083133
0.083035
0.082961
0.082936
0.082961
0.082986
0.082986
0.082961
0.082961
0.082961
0.082961
0.082936
0.082936
0.082936
0.082912
0.082912
0.082887
0.082863
0.082838
0.082838
0.082813
0.082813
0.082789
0.082764
0.082715
0.08269
0.082641
0.082616
0.082616
0.082616
0.082616
0.082592
0.082567
0.082567
0.082567
0.082567
0.082543
0.082493
0.082469
0.082419
0.082395
0.08237
0.082346
0.082321
0.082321
0.082321
0.082346
0.08237
0.082395
0.08237
0.082346
0.082321
0.082321
0.082296
0.082296
0.082296
0.082321
0.082296
0.082272
0.082247
0.082223
0.082223
0.082247
0.082247
0.082223
0.082198
0.082173
0.082173
0.082173
0.082149
0.082149
0.082149
0.082173
0.082149
0.082099
0.08205
0.082001
0.082001
0.082001
0.082001
0.081976
0.081952
0.081952
0.081952
0.081952
0.081927
0.081902
0.081902
0.081927
0.081902
0.081878
0.081829
0.081853
0.081853
0.081829
0.081804
0.081779
0.081779
0.081755
0.08173
0.081706
0.081706
0.081755
0.081755
0.08173
0.081681
0.081582
0.081558
0.081509
0.081484
0.081435
0.08141
0.081386
0.08141
0.08141
0.08141
0.081386
0.081361
0.081336
0.081312
0.081336
0.081336
0.081336
0.081287
0.081287
0.081287
0.081287
0.081287
0.081287
0.081287
0.081287
0.081287
0.081262
0.081238
0.081213
0.081238
0.081238
0.081189
0.081139
0.08109
0.081115
0.081115
0.081115
0.081065
0.081041
0.081041
0.081041
0.081041
0.081016
0.080992
0.081016
0.081016
0.081016
0.080992
0.080967
0.080942
0.080942
0.080942
0.080918
0.080918
0.080893
0.080869
0.080869
0.080893
0.080893
0.080869
0.080844
0.080844
0.080844
0.080844
0.080844
0.080819
0.080819
0.080819
0.080819
0.080795
0.08077
0.08077
0.080795
0.080795
0.08077
0.080745
0.080745
0.080721
0.080721
0.080696
0.080696
0.080696
0.080696
0.080696
0.080672
0.080647
0.080647
0.080647
0.080647
0.080622
0.080622
0.080598
0.080598
0.080573
0.080573
0.080549
0.080524
0.080524
0.080524
0.080524
0.080524
0.080524
0.080499
0.080499
0.080475
0.080475
0.080475
0.08045
0.08045
0.080475
0.080475
0.08045
0.08045
0.08045
0.08045
0.08045
0.080425
0.080425
0.080425
0.080425
0.080425
0.080425
0.080425
0.080425
0.080401
0.080376
0.080352
0.080327
0.080302
0.080327
0.080327
0.080327
0.080302
0.080302
0.080302
0.080302
0.080278
0.080253
0.080228
0.080228
0.080253
0.080228
0.080204
0.080179
0.080204
0.080228
0.080228
0.080204
0.080228
0.080228
0.080204
0.080179
0.08013
0.080081
0.080081
0.080105
0.080105
0.080105
0.080105
0.080105
0.080105
0.080105
0.080081
0.080056
0.080056
0.080056
0.080056
0.080056
0.080032
0.080032
0.080007
0.080007
0.079982
0.079982
0.079982
0.079958
0.079933
0.079884
0.079859
0.07981
0.079761
0.079736
0.079736
0.079712
0.079712
0.079687
0.079687
0.079712
0.079712
0.079712
0.079687
0.079712
0.079736
0.079736
0.079736
0.079712
0.079712
0.079736
0.079736
0.079736
0.079736
0.079736
0.079761
0.079761
0.079761
0.079761
0.079761
0.079761
0.079761
0.079761
0.079736
0.079736
0.079736
0.079687
0.079712
0.079712
0.079687
0.079687
0.079687
0.079687
0.079687
0.079662
0.079662
0.079662
0.079662
0.079638
0.079638
0.079613
0.079613
0.079613
0.079613
0.079588
0.079588
0.079613
0.079613
0.079613
0.079613
0.079613
0.079613
0.079638
0.079638
0.079588
0.079564
0.079564
0.079564
0.079539
0.079539
0.079515
0.079539
0.079539
0.079564
0.079539
0.079515
0.079515
0.079465
0.079441
0.079465
0.079465
0.079465
0.079441
0.079441
0.079416
0.079416
0.079391
0.079367
0.079367
0.079391
0.079367
0.079342
0.079318
0.079342
0.079342
0.079342
0.079318
0.079293
0.079293
0.079293
0.079293
0.079268
0.079244
0.079244
0.079268
0.079268
0.079244
0.079244
0.079244
0.079244
0.079219
0.079195
0.07917
0.07917
0.079195
0.079195
0.079219
0.079195
0.07917
0.079145
0.079121
0.079121
0.079121
0.079121
0.079096
0.079096
0.079096
0.079096
0.079071
0.079071
0.079047
0.079071
0.079071
0.079047
0.079047
0.079047
0.079047
0.079071
0.079047
0.079022
0.078998
0.078998
0.079022
0.079022
0.078998
0.078973
0.078973
0.078973
0.078973
0.078973
0.078948
0.078948
0.078924
0.078924
0.078899
0.078899
0.078899
0.078899
0.078899
0.078924
0.078924
0.078875
0.07885
0.078825
0.078825
0.07885
0.078825
0.078825
0.078825
0.07885
0.07885
0.078825
0.078801
0.078801
0.078801
0.078801
0.078776
0.078751
0.078776
0.078801
0.078801
0.078776
0.078751
0.078727
0.078727
0.078727
0.078702
0.078702
0.078702
0.078702
0.078727
0.078727
0.078702
0.078702
0.078727
0.078702
0.078653
0.078653
0.078628
0.078628
0.078653
0.078653
0.078653
0.078628
0.078604
0.078579
0.078579
0.078579
0.078579
0.078579
0.078579
0.078579
0.078579
0.078579
0.078554
0.078554
0.078554
0.07853
0.078505
0.078481
0.078505
0.078505
0.078505
0.078481
0.078481
0.078481
0.07853
0.07853
0.078505
0.078481
0.078456
0.078456
0.078431
0.078431
0.078407
0.078431
0.078431
0.078431
0.078407
0.078382
0.078358
0.078358
0.078382
0.078382
0.078358
0.078333
0.078333
0.078358
0.078358
0.078333
0.078308
0.078308
0.078308
0.078308
0.078308
0.078284
0.078284
0.078284
0.078308
0.078284
0.078259
0.078284
0.078284
0.078284
0.078259
0.078234
0.07821
0.07821
0.07821
0.07821
0.07821
0.07821
0.07821
0.07821
0.078185
0.078185
0.07821
0.078161
0.078136
0.078161
0.078161
0.078136
0.078111
0.078111
0.078136
0.078136
0.078111
0.078087
0.078087
0.078136
0.078161
0.078136
0.078087
0.078038
0.078013
0.077988
0.077939
0.07789
0.07789
0.07789
0.077865
0.077841
0.077841
0.077841
0.077841
0.077841
0.077841
0.077865
0.077865
0.077865
0.077865
0.077841
0.077841
0.077841
0.077841
0.077865
0.077914
0.077914
0.077914
0.07789
0.07789
0.077914
0.077914
0.07789
0.077865
0.077865
0.07789
0.07789
0.077865
0.077865
0.077865
0.07789
0.07789
0.07789
0.07789
0.077865
0.077841
0.077841
0.077816
0.077816
0.077791
0.077816
0.077816
0.077791
0.077791
0.077791
0.077791
0.077816
0.077791
0.077767
0.077767
0.077791
0.077791
0.077791
0.077791
0.077791
0.077717
0.077717
0.077742
0.077742
0.077717
0.077717
0.077717
0.077717
0.077742
0.077742
0.077717
0.077717
0.077717
0.077717
0.077693
0.077668
0.077644
0.077644
0.077668
0.077644
0.077619
0.077594
0.077594
0.07757
0.07757
0.077545
0.077545
0.07757
0.07757
0.077545
0.077521
0.077496
0.077496
0.077521
0.077496
0.077471
0.077471
0.077471
0.077471
0.077447
0.077447
0.077447
0.077422
0.077422
0.077422
0.077397
0.077397
0.077397
0.077397
0.077397
0.077373
0.077348
0.077324
0.077299
0.077299
0.077324
0.077324
0.077299
0.077299
0.077299
0.077324
0.077299
0.077274
0.077274
0.077274
0.077274
0.077274
0.077274
0.07725
0.07725
0.07725
0.077225
0.077201
0.077201
0.077225
0.077225
0.077225
0.077176
0.077127
0.077127
0.077127
0.077127
0.077151
0.077151
0.077127
0.077127
0.077127
0.077151
0.077151
0.077102
0.077077
0.077077
0.077102
0.077102
0.077053
0.077028
0.077028
0.077028
0.077028
0.077004
0.077004
0.077028
0.077028
0.077004
0.077004
0.076979
0.076979
0.076979
0.076979
0.076979
0.076954
0.07693
0.076954
0.076954
0.07693
0.076905
0.07693
0.07693
0.07693
0.076905
0.076881
0.076856
0.076856
0.076856
0.076881
0.076881
0.076881
0.076856
0.076856
0.076881
0.076856
0.076807
0.076757
0.076757
0.076782
0.076782
0.076782
0.076782
0.076782
0.076807
0.076782
0.076757
0.076757
0.076757
0.076757
0.076733
0.076708
0.076684
0.076708
0.076708
0.076708
0.076684
0.076659
0.076659
0.076684
0.076708
0.076684
0.076659
0.076659
0.076684
0.07661
0.076585
0.076585
0.07656
0.07656
0.07656
0.076585
0.07661
0.076585
0.076585
0.07656
0.076585
0.07656
0.076536
0.076511
0.076511
0.076536
0.076536
0.076536
0.076511
0.076487
0.076487
0.076462
0.076437
0.076437
0.076437
0.076462
0.076462
0.076462
0.076462
0.076462
0.076462
0.076437
0.076388
0.076339
0.076339
0.07629
0.076265
0.076191
0.076167
0.076167
0.076142
0.076142
0.076167
0.076191
0.076191
0.076191
0.076191
0.076216
0.076216
0.076191
0.076191
0.076191
0.076216
0.07624
0.076216
0.076216
0.07624
0.076265
0.07629
0.07629
0.076265
0.07624
0.07624
0.07624
0.076216
0.076191
0.076167
0.076191
0.076191
0.076167
0.076167
0.076167
0.076167
0.076167
0.076167
0.076142
0.076142
0.076167
0.076167
0.076117
0.076117
0.076117
0.076093
0.076117
0.076142
0.076142
0.076117
0.076068
0.076044
0.076068
0.076068
0.076068
0.076044
0.076044
0.076068
0.076068
0.076068
0.076044
0.076019
0.076044
0.076044
0.076044
0.076068
0.076068
0.076093
0.076068
0.076019
0.075945
0.075896
0.075896
0.075896
0.075896
0.075871
0.075871
0.075896
0.075896
0.075871
0.075871
0.075871
0.075773
0.075748
0.075723
0.075723
0.075723
0.075699
0.075674
0.075699
0.075674
0.07565
0.075625
0.075625
0.07565
0.07565
0.075625
0.075625
0.075625
0.0756
0.075551
0.075502
0.075477
0.075477
0.075477
0.075502
0.075502
0.075477
0.075453
0.075477
0.075477
0.075453
0.075428
0.075403
0.075403
0.075403
0.075379
0.075354
0.07533
0.07533
0.07533
0.075305
0.075256
0.075231
0.075231
0.075207
0.075207
0.075182
0.075157
0.075133
0.075133
0.075133
0.075133
0.075108
0.075083
0.075083
0.075083
0.075059
0.075034
0.07501
0.07501
0.07501
0.07501
0.07501
0.074985
0.07496
0.07496
0.074936
0.074911
0.074886
0.074886
0.074886
0.074862
0.074862
0.074837
0.074813
0.074788
0.074813
0.074813
0.074788
0.074763
0.074763
0.07464
0.07464
0.074665
0.074665
0.07464
0.074616
0.074616
0.074616
0.074591
0.074566
0.074542
0.074542
0.074542
0.074542
0.074542
0.074517
0.074493
0.074468
0.074443
0.074419
0.074394
0.074394
0.074394
0.074394
0.07437
0.07437
0.074345
0.074345
0.07432
0.074296
0.074271
0.074246
0.074271
0.074271
0.074246
0.074246
0.074222
0.074197
0.074148
0.074074
0.073951
0.073926
0.073902
0.073877
0.073877
0.073877
0.073853
0.073853
0.073853
0.073877
0.073877
0.073877
0.073853
0.073853
0.073853
0.073853
0.073828
0.073803
0.073803
0.073803
0.073803
0.073803
0.073779
0.073779
0.073779
0.073779
0.073754
0.073729
0.073729
0.073729
0.073729
0.073729
0.073705
0.073656
0.073631
0.073582
0.073557
0.073557
0.073557
0.073557
0.073508
0.073508
0.073508
0.073508
0.073483
0.073483
0.073483
0.073459
0.073434
0.073385
0.07336
0.07336
0.07336
0.073336
0.073311
0.073311
0.073336
0.073336
0.073336
0.073311
0.073286
0.073262
0.073262
0.073237
0.073212
0.073188
0.073188
0.073163
0.073163
0.073139
0.073139
0.073139
0.073114
0.073114
0.073089
0.073065
0.073065
0.073065
0.07304
0.072991
0.072942
0.072892
0.072868
0.072868
0.072868
0.072843
0.072843
0.072819
0.072819
0.072794
0.072769
0.072745
0.07272
0.07272
0.07272
0.072696
0.072646
0.072646
0.072646
0.072646
0.072622
0.072597
0.072597
0.072597
0.072597
0.072572
0.072548
0.072523
0.072523
0.072523
0.072474
0.072449
0.072449
0.072449
0.072449
0.072449
0.072425
0.0724
0.0724
0.072425
0.072351
0.072351
0.072326
0.072302
0.072302
0.072302
0.072302
0.072252
0.072228
0.072228
0.072228
0.072228
0.072203
0.072179
0.072154
0.072154
0.072179
0.072154
0.072129
0.072105
0.072105
0.072105
0.072105
0.07208
0.072055
0.072055
0.072031
0.072031
0.072006
0.072006
0.072006
0.072006
0.071982
0.071982
0.071957
0.071957
0.071957
0.071957
0.071932
0.071932
0.071908
0.071883
0.071883
0.071859
0.071859
0.071834
0.071834
0.071834
0.071834
0.071809
0.071785
0.07176
0.07176
0.07176
0.07176
0.071735
0.071735
0.071735
0.07176
0.07176
0.071735
0.071711
0.071711
0.071711
0.071686
0.071662
0.071637
0.071637
0.071637
0.071612
0.071612
0.071588
0.071612
0.071612
0.071588
0.071563
0.071563
0.071539
0.071563
0.071588
0.071514
0.071514
0.071489
0.071489
0.071489
0.071489
0.071465
0.07144
0.07144
0.07144
0.07144
0.07144
0.07144
0.07144
0.071415
0.071415
0.071415
0.071391
0.071366
0.071366
0.071366
0.071342
0.071317
0.071292
0.071292
0.071317
0.071317
0.071317
0.071292
0.071292
0.071292
0.071292
0.071268
0.071268
0.071268
0.071292
0.071268
0.071218
0.071194
0.071194
0.071169
0.071169
0.071169
0.071169
0.071145
0.071145
0.071145
0.071169
0.071145
0.071095
0.071046
0.071046
0.071022
0.070972
0.070948
0.070923
0.070923
0.070898
0.070874
0.070849
0.070849
0.070849
0.070874
0.070874
0.070874
0.070874
0.070898
0.070898
0.070898
0.070898
0.070898
0.070923
0.070923
0.070898
0.070898
0.070898
0.070923
0.070923
0.070923
0.070923
0.070898
0.070898
0.070898
0.070898
0.070898
0.070898
0.070898
0.070898
0.070898
0.070874
0.070874
0.070849
0.070849
0.070849
0.070849
0.070825
0.070825
0.070849
0.070849
0.070825
0.070825
0.070849
0.070849
0.070849
0.0708
0.070775
0.070751
0.070775
0.070775
0.070775
0.070751
0.070751
0.070775
0.0708
0.0708
0.070775
0.070751
0.070751
0.070751
0.070726
0.070726
0.070702
0.070702
0.070702
0.070702
0.070702
0.070702
0.070677
0.070652
0.070652
0.070652
0.070652
0.070628
0.070628
0.070628
0.070628
0.070603
0.070578
0.070578
0.070603
0.070628
0.070603
0.070578
0.070529
0.070505
0.070505
0.07048
0.070455
0.070455
0.070455
0.070455
0.070455
0.070455
0.070455
0.070455
0.070455
0.070431
0.070431
0.070455
0.070455
0.070381
0.070381
0.070381
0.070381
0.070357
0.070357
0.070381
0.070381
0.070381
0.070357
0.070332
0.070332
0.070332
0.070332
0.070308
0.070308
0.070308
0.070308
0.070308
0.070283
0.070283
0.070283
0.070283
0.070283
0.070258
0.070258
0.070258
0.070258
0.070258
0.070234
0.070234
0.070234
0.070234
0.070234
0.070209
0.070209
0.070185
0.070209
0.070209
0.070185
0.07016
0.070135
0.070135
0.07016
0.07016
0.07016
0.070135
0.070111
0.070111
0.070135
0.070135
0.070135
0.070111
0.070086
0.070086
0.070061
0.070061
0.070037
0.070037
0.070061
0.070061
0.070061
0.070037
0.070037
0.070061
0.070061
0.070037
0.070037
0.070012
0.070012
0.070012
0.070012
0.070012
0.070012
0.070012
0.069988
0.069963
0.069963
0.069963
0.069963
0.069938
0.069938
0.069938
0.069914
0.069914
0.069914
0.069914
0.069889
0.069865
0.069865
0.069865
0.069865
0.06984
0.06984
0.06984
0.06984
0.06984
0.06984
0.06984
0.06984
0.06984
0.06984
0.069815
0.069791
0.069791
0.069791
0.069791
0.069791
0.069766
0.069741
0.069717
0.069692
0.069668
0.069618
0.069618
0.069618
0.069594
0.069544
0.06952
0.069495
0.06952
0.069544
0.069544
0.069544
0.069544
0.069569
0.069594
0.069594
0.069594
0.069569
0.069594
0.069594
0.069594
0.069594
0.069594
0.069594
0.069594
0.069594
0.069569
0.069594
0.069594
0.069594
0.069594
0.069594
0.069569
0.069569
0.069569
0.069544
0.069544
0.06952
0.06952
0.069544
0.069544
0.06952
0.06952
0.06952
0.06952
0.06952
0.06952
0.06952
0.069471
0.069471
0.069471
0.069495
0.069495
0.069471
0.069471
0.069495
0.069495
0.069471
0.069446
0.069421
0.069421
0.069421
0.069421
0.069421
0.069421
0.069421
0.069421
0.069421
0.069421
0.069397
0.069397
0.069397
0.069397
0.069397
0.069372
0.069372
0.069372
0.069348
0.069323
0.069298
0.069298
0.069298
0.069274
0.069274
0.069249
0.069249
0.069249
0.069274
0.0692
0.0692
0.069175
0.069175
0.069175
0.069175
0.069175
0.069151
0.069151
0.069126
0.069126
0.069126
0.069126
0.069126
0.069126
0.069126
0.069101
0.069077
0.069052
0.069052
0.069052
0.069052
0.069052
0.069028
0.069052
0.069052
0.069052
0.069028
0.069028
0.069028
0.069028
0.069052
0.069028
0.068978
0.068978
0.068978
0.068978
0.068954
0.068929
0.068954
0.068929
0.068929
0.068929
0.068929
0.068929
0.068904
0.06888
0.068904
0.068904
0.06888
0.068855
0.068855
0.068855
0.068855
0.068855
0.068831
0.068831
0.068831
0.068831
0.068806
0.068806
0.068806
0.068806
0.068806
0.068781
0.068757
0.068757
0.068757
0.068757
0.068757
0.068757
0.068732
0.068757
0.068757
0.068732
0.068707
0.068683
0.068683
0.068683
0.068683
0.068683
0.068683
0.068658
0.068634
0.068634
0.068634
0.068609
0.068609
0.068584
0.068609
0.068609
0.068609
0.068609
0.068609
0.068609
0.068609
0.068584
0.06856
0.068535
0.068535
0.06856
0.068535
0.068535
0.068511
0.068511
0.068535
0.068511
0.068511
0.068511
0.068511
0.068511
0.068486
0.068461
0.068461
0.068486
0.068486
0.068461
0.068461
0.068461
0.068461
0.068412
0.068437
0.068412
0.068387
0.068363
0.068363
0.068387
0.068387
0.068363
0.068363
0.068363
0.068363
0.068314
0.068289
0.06824
0.06824
0.068215
0.068166
0.068141
0.068092
0.068092
0.068092
0.068092
0.068092
0.068092
0.068092
0.068117
0.068117
0.068117
0.068117
0.068141
0.068166
0.068141
0.068117
0.068092
0.068092
0.068117
0.068117
0.068117
0.068117
0.068166
0.068166
0.068166
0.068166
0.068141
0.068141
0.068141
0.068141
0.068117
0.068092
0.068092
0.068092
0.068117
0.068117
0.068092
0.068092
0.068092
0.068092
0.068092
0.068067
0.068067
0.068067
0.068067
0.068067
0.068067
0.068043
0.068043
0.068043
0.068043
0.068043
0.068018
0.068018
0.068018
0.068018
0.068018
0.067994
0.067994
0.067994
0.067994
0.067969
0.067969
0.067969
0.067944
0.067944
0.067969
0.067969
0.067944
0.06792
0.067895
0.067895
0.067895
0.06787
0.06787
0.06787
0.06787
0.06787
0.067846
0.067821
0.067821
0.067821
0.067821
0.067797
0.067772
0.067772
0.067772
0.067772
0.067747
0.067747
0.067747
0.067747
0.067747
0.067747
0.067723
0.067723
0.067698
0.067698
0.067674
0.067649
0.067649
0.067649
0.0676
0.067624
0.067624
0.067624
0.0676
0.0676
0.0676
0.0676
0.067575
0.06755
0.06755
0.067575
0.067575
0.06755
0.067526
0.067526
0.067526
0.067526
0.067526
0.067501
0.067477
0.067477
0.067477
0.067452
0.067427
0.067427
0.067427
0.067427
0.067427
0.067403
0.067403
0.067403
0.067378
0.067354
0.067329
0.067329
0.067329
0.067329
0.067304
0.067304
0.06728
0.067255
0.067255
0.067255
0.067255
0.06723
0.067206
0.067206
0.067206
0.067206
0.067206
0.067181
0.067157
0.067157
0.067132
0.067107
0.067083
0.067083
0.067083
0.067083
0.067083
0.067058
0.067058
0.067058
0.067033
0.067033
0.067009
0.066984
0.066984
0.066984
0.06696
0.066935
0.066935
0.066935
0.066935
0.066935
0.066886
0.066886
0.066861
0.066886
0.066812
0.066812
0.066787
0.066763
0.066763
0.066763
0.066738
0.066738
0.066738
0.066738
0.066738
0.066713
0.066689
0.066664
0.066664
0.066664
0.06664
0.066615
0.066615
0.06659
0.066566
0.066541
0.066517
0.066492
0.066492
0.066492
0.066467
0.066418
0.066418
0.066393
0.066393
0.066344
0.066295
0.06627
0.06627
0.066295
0.066295
0.066295
0.066295
0.06632
0.06632
0.066344
0.066344
0.066344
0.066344
0.066344
0.066344
0.066369
0.066344
0.066344
0.06632
0.066344
0.066344
0.06632
0.066295
0.066295
0.066295
0.066295
0.06627
0.066246
0.066221
0.066221
0.066221
0.066221
0.066197
0.066197
0.066197
0.066221
0.066197
0.066172
0.066147
0.066147
0.066147
0.066123
0.066123
0.066098
0.066098
0.066098
0.066098
0.066073
0.066073
0.066049
0.066024
0.066
0.066024
0.066
0.066
0.065975
0.065975
0.065975
0.06595
0.065926
0.065901
0.065901
0.065926
0.065901
0.065901
0.065876
0.065876
0.065876
0.065852
0.065803
0.065803
0.065778
0.065778
0.065753
0.065729
0.065704
0.065704
0.065704
0.065704
0.06568
0.065655
0.065655
0.065655
0.06563
0.065606
0.065581
0.065556
0.065556
0.065532
0.065532
0.065507
0.065483
0.065483
0.065483
0.065458
0.065433
0.065409
0.065409
0.065409
0.065409
0.065384
0.06536
0.06536
0.06536
0.06536
0.065335
0.06531
0.06531
0.065335
0.065335
0.06531
0.065286
0.065286
0.065286
0.06531
0.065286
0.065236
0.065236
0.065212
0.065187
0.065163
0.065163
0.065138
0.065138
0.065138
0.065138
0.065113
0.065089
0.065064
0.065064
0.065064
0.065064
0.065039
0.065039
0.065015
0.065015
0.065015
0.06499
0.064966
0.064966
0.06499
0.06499
0.064966
0.064941
0.064916
0.064916
0.064941
0.064916
0.064892
0.064867
0.064867
0.064843
0.064843
0.064818
0.064818
0.064843
0.064843
0.064818
0.064793
0.064793
0.064793
0.064793
0.064769
0.064744
0.064744
0.064793
0.064818
0.064793
0.06467
0.064646
0.064621
0.064621
0.064646
0.064646
0.064646
0.064646
0.06467
0.06467
0.064646
0.064621
0.064572
0.064596
0.064621
0.064621
0.064596
0.064547
0.064523
0.064498
0.064498
0.064498
0.064498
0.064523
0.064498
0.064498
0.064473
0.064449
0.064449
0.064473
0.064498
0.064523
0.064498
0.064473
0.064473
0.064473
0.064498
0.064473
0.064424
0.064399
0.064375
0.064326
0.064276
0.064227
0.064178
0.064153
0.064153
0.064153
0.064129
0.064104
0.064104
0.064129
0.064129
0.064129
0.064129
0.064129
0.064129
0.064153
0.064153
0.064153
0.064129
0.064153
0.064153
0.064178
0.064153
0.064153
0.064178
0.064202
0.064178
0.064153
0.064153
0.064178
0.064178
0.064178
0.064153
0.064129
0.064129
0.064129
0.064129
0.064104
0.064104
0.064079
0.064079
0.064079
0.064079
0.064079
0.064079
0.064055
0.064055
0.064055
0.064055
0.064055
0.06403
0.06403
0.06403
0.06403
0.064006
0.064006
0.06403
0.06403
0.06403
0.06403
0.064006
0.064006
0.06403
0.06403
0.064006
0.063981
0.063956
0.063956
0.063956
0.063932
0.063932
0.063956
0.063956
0.063956
0.063932
0.063907
0.063932
0.063932
0.063882
0.063882
0.063882
0.063882
0.063858
0.063858
0.063833
0.063833
0.063784
0.063784
0.063809
0.063809
0.063809
0.063784
0.063784
0.063784
0.063784
0.063784
0.063759
0.063735
0.063735
0.06371
0.06371
0.063686
0.063686
0.063686
0.063686
0.063686
0.063686
0.063661
0.063661
0.063661
0.063661
0.063661
0.063661
0.063661
0.063661
0.063636
0.063612
0.063612
0.063587
0.063587
0.063587
0.063587
0.063587
0.063562
0.063562
0.063562
0.063587
0.063587
0.063538
0.063513
0.063513
0.063489
0.063489
0.063489
0.063489
0.063489
0.063513
0.063513
0.063513
0.063489
0.063513
0.063513
0.063489
0.063464
0.063464
0.063464
0.063464
0.063439
0.063439
0.063464
0.063489
0.063489
0.063439
0.06339
0.063341
0.063341
0.063341
0.063341
