2018
8
16
10
0
49.449
0.035375
0.0354
0.0354
0.0354
0.035425
0.035425
0.035425
0.035449
0.035449
0.035449
0.035474
0.035474
0.035474
0.035498
0.035498
0.035523
0.035523
0.035523
0.035523
0.035523
0.035548
0.035548
0.035548
0.035548
0.035548
0.035572
0.035572
0.035572
0.035572
0.035572
0.035597
0.035597
0.035597
0.035597
0.035622
0.035622
0.035622
0.035622
0.035622
0.035622
0.035646
0.035671
0.035671
0.035671
0.035671
0.035671
0.035695
0.035695
0.035695
0.035695
0.035695
0.03572
0.03572
0.03572
0.03572
0.03572
0.03572
0.035745
0.035745
0.035745
0.035745
0.035745
0.035769
0.035769
0.035769
0.035769
0.035769
0.035769
0.035794
0.035794
0.035769
0.035769
0.035794
0.035794
0.035794
0.035794
0.035818
0.035818
0.035818
0.035818
0.035745
0.03572
0.035671
0.035646
0.035646
0.035646
0.035646
0.035646
0.035646
0.035671
0.035671
0.035671
0.035695
0.03572
0.035745
0.035769
0.035769
0.035769
0.035794
0.035794
0.035818
0.035818
0.035818
0.035843
0.035868
0.035892
0.035892
0.035917
0.035942
0.035942
0.035942
0.035942
0.035942
0.035966
0.035966
0.035966
0.035966
0.035966
0.035966
0.035991
0.035991
0.035991
0.036015
0.036015
0.036015
0.036015
0.036015
0.03604
0.036015
0.036015
0.03604
0.03604
0.03604
0.03604
0.03604
0.03604
0.036065
0.036065
0.036065
0.036065
0.036065
0.036089
0.036089
0.036089
0.036089
0.036089
0.036114
0.036114
0.036114
0.036114
0.036114
0.036114
0.036139
0.036139
0.036139
0.036139
0.036139
0.036139
0.036139
0.036139
0.036139
0.036139
0.036139
0.036139
0.036139
0.036139
0.036139
0.036139
0.036139
0.036139
0.036139
0.036114
0.036114
0.036139
0.036139
0.036139
0.036139
0.036139
0.036139
0.036139
0.036139
0.036139
0.036139
0.036163
0.036163
0.036163
0.036163
0.036163
0.036163
0.036163
0.036163
0.036163
0.036163
0.036163
0.036188
0.036188
0.036188
0.036188
0.036188
0.036188
0.036188
0.036212
0.036212
0.036188
0.036188
0.036212
0.036212
0.036212
0.036212
0.036212
0.036212
0.036212
0.036212
0.036212
0.036212
0.036212
0.036212
0.036212
0.036212
0.036237
0.036237
0.036212
0.036237
0.036237
0.036237
0.036237
0.036237
0.036237
0.036237
0.036237
0.036237
0.036237
0.036237
0.036237
0.036237
0.036237
0.036262
0.036262
0.036262
0.036237
0.036262
0.036262
0.036262
0.036262
0.036262
0.036262
0.036262
0.036262
0.036286
0.036286
0.036262
0.036262
0.036286
0.036286
0.036286
0.036286
0.036286
0.036286
0.036286
0.036286
0.036286
0.036286
0.036286
0.036311
0.036311
0.036311
0.036311
0.036311
0.036311
0.036311
0.036311
0.036311
0.036311
0.036311
0.036311
0.036311
0.036311
0.036311
0.036311
0.036311
0.036335
0.036335
0.036311
0.036311
0.036335
0.036335
0.036335
0.036311
0.036286
0.036262
0.036237
0.036188
0.036163
0.036139
0.036139
0.036139
0.036139
0.036139
0.036139
0.036139
0.036163
0.036163
0.036188
0.036188
0.036212
0.036237
0.036262
0.036262
0.036262
0.036286
0.036286
0.036311
0.036311
0.036335
0.036335
0.03636
0.036385
0.036385
0.036385
0.036385
0.036385
0.036385
0.036409
0.036409
0.036409
0.036409
0.036409
0.036409
0.036409
0.036409
0.036409
0.036409
0.036409
0.036409
0.036409
0.036409
0.036409
0.036409
0.036409
0.036409
0.036409
0.036409
0.036434
0.036434
0.036434
0.036434
0.036434
0.036459
0.036459
0.036459
0.036459
0.036459
0.036459
0.036459
0.036459
0.036459
0.036459
0.036483
0.036483
0.036459
0.036483
0.036459
0.036459
0.036459
0.036459
0.036459
0.036459
0.036434
0.036434
0.036434
0.036434
0.036434
0.036434
0.036434
0.036434
0.036409
0.036409
0.036409
0.036409
0.036409
0.036409
0.036385
0.036385
0.036385
0.036385
0.036385
0.036385
0.036385
0.03636
0.036385
0.036385
0.036385
0.03636
0.03636
0.036385
0.036385
0.036385
0.036385
0.036385
0.036385
0.036385
0.036385
0.036385
0.036385
0.036385
0.036385
0.036385
0.036385
0.036385
0.036385
0.036385
0.036385
0.036409
0.036409
0.036409
0.036385
0.036409
0.036409
0.036409
0.036409
0.036385
0.036409
0.036409
0.036409
0.036409
0.036409
0.036409
0.036409
0.036409
0.036409
0.036385
0.036409
0.036409
0.036409
0.036409
0.036409
0.036409
0.036409
0.036409
0.036409
0.036434
0.036434
0.036434
0.036434
0.036434
0.036434
0.036434
0.036434
0.036434
0.036434
0.036434
0.036434
0.036434
0.036434
0.036459
0.036434
0.036434
0.036434
0.036434
0.036459
0.036459
0.036459
0.036434
0.036459
0.036459
0.036459
0.036459
0.036459
0.036459
0.036459
0.036459
0.036459
0.036459
0.036483
0.036483
0.036459
0.036459
0.036459
0.036483
0.036483
0.036459
0.036434
0.036409
0.03636
0.036335
0.036311
0.036286
0.036262
0.036262
0.036262
0.036262
0.036286
0.036286
0.036286
0.036311
0.036335
0.036335
0.03636
0.036385
0.036385
0.036409
0.036409
0.036434
0.036434
0.036459
0.036483
0.036483
0.036483
0.036483
0.036508
0.036532
0.036532
0.036532
0.036532
0.036557
0.036557
0.036557
0.036557
0.036557
0.036557
0.036557
0.036557
0.036582
0.036582
0.036557
0.036582
0.036582
0.036582
0.036582
0.036582
0.036582
0.036582
0.036606
0.036606
0.036606
0.036606
0.036631
0.036631
0.036606
0.036606
0.036606
0.036631
0.036631
0.036631
0.036631
0.036631
0.036631
0.036655
0.036655
0.036631
0.036631
0.036655
0.036655
0.036655
0.036655
0.036655
0.036655
0.036655
0.036655
0.036655
0.036655
0.036655
0.036655
0.036655
0.036655
0.036631
0.036631
0.036631
0.036631
0.036631
0.036631
0.036606
0.036606
0.036631
0.036606
0.036606
0.036606
0.036606
0.036606
0.036606
0.036606
0.036606
0.036606
0.036606
0.036606
0.036606
0.036606
0.036606
0.036606
0.036606
0.036606
0.036606
0.036582
0.036606
0.036606
0.036582
0.036582
0.036582
0.036582
0.036582
0.036582
0.036582
0.036582
0.036557
0.036557
0.036557
0.036557
0.036532
0.036532
0.036532
0.036532
0.036532
0.036508
0.036483
0.036483
0.036483
0.036483
0.036483
0.036483
0.036483
0.036459
0.036483
0.036483
0.036459
0.036434
0.036434
0.036434
0.036434
0.036434
0.036409
0.036409
0.036409
0.036385
0.036385
0.036385
0.03636
0.03636
0.03636
0.036335
0.036335
0.036286
0.036286
0.036286
0.036286
0.036262
0.036262
0.036237
0.036237
0.036237
0.036237
0.036237
0.036237
0.036237
0.036237
0.036237
0.036237
0.036237
0.036237
0.036237
0.036212
0.036212
0.036212
0.036212
0.036212
0.036212
0.036188
0.036188
0.036188
0.036188
0.036188
0.036188
0.036163
0.036163
0.036163
0.036163
0.036163
0.036163
0.036163
0.036163
0.036163
0.036163
0.036139
0.036139
0.036114
0.036114
0.036114
0.036114
0.036089
0.036089
0.036089
0.036089
0.036065
0.03604
0.03604
0.03604
0.03604
0.03604
0.03604
0.036015
0.03604
0.03604
0.036015
0.036015
0.036015
0.036015
0.036015
0.036015
0.036015
0.036015
0.036015
0.036015
0.036015
0.036015
0.035966
0.035966
0.035966
0.035966
0.035966
0.035942
0.035942
0.035892
0.035892
0.035917
0.035892
0.035892
0.035868
0.035868
0.035868
0.035868
0.035843
0.035818
0.035818
0.035818
0.035818
0.035818
0.035818
0.035818
0.035843
0.035843
0.035818
0.035818
0.035818
0.035818
0.035818
0.035818
0.035818
0.035843
0.035843
0.035818
0.035818
0.035818
0.035818
0.035818
0.035818
0.035818
0.035794
0.035794
0.035818
0.035794
0.035794
0.035769
0.035745
0.03572
0.035671
0.035646
0.035622
0.035597
0.035572
0.035548
0.035548
0.035548
0.035572
0.035572
0.035572
0.035597
0.035597
0.035622
0.035622
0.035646
0.035646
0.035646
0.035646
0.035646
0.035646
0.035671
0.035671
0.035695
0.035695
0.035695
0.035695
0.03572
0.03572
0.035695
0.03572
0.03572
0.03572
0.03572
0.03572
0.03572
0.03572
0.035695
0.035695
0.035671
0.035671
0.035671
0.035671
0.035671
0.035646
0.035622
0.035622
0.035622
0.035622
0.035622
0.035597
0.035597
0.035597
0.035597
0.035597
0.035597
0.035597
0.035597
0.035597
0.035597
0.035597
0.035597
0.035597
0.035622
0.035622
0.035622
0.035622
0.035622
0.035646
0.035646
0.035646
0.035622
0.035646
0.035646
0.035646
0.035646
0.035646
0.035646
0.035646
0.035646
0.035646
0.035622
0.035622
0.035622
0.035646
0.035646
0.035646
0.035622
0.035622
0.035646
0.035646
0.035646
0.035646
0.035646
0.035646
0.035646
0.035646
0.035646
0.035671
0.035671
0.035671
0.035671
0.035671
0.035671
0.035695
0.035695
0.035695
0.035695
0.03572
0.03572
0.03572
0.03572
0.03572
0.03572
0.03572
0.035745
0.03572
0.035745
0.035745
0.035745
0.035769
0.035769
0.035769
0.035769
0.035769
0.035769
0.035794
0.035794
0.035794
0.035794
0.035794
0.035794
0.035818
0.035818
0.035818
0.035818
0.035843
0.035843
0.035843
0.035843
0.035843
0.035843
0.035843
0.035868
0.035843
0.035843
0.035868
0.035868
0.035868
0.035868
0.035868
0.035868
0.035868
0.035868
0.035868
0.035868
0.035892
0.035892
0.035892
0.035892
0.035892
0.035892
0.035917
0.035917
0.035892
0.035892
0.035892
0.035917
0.035917
0.035917
0.035917
0.035917
0.035917
0.035917
0.035942
0.035942
0.035942
0.035942
0.035942
0.035966
0.035966
0.035966
0.035966
0.035991
0.035991
0.035991
0.035991
0.035991
0.035991
0.035991
0.036015
0.036015
0.035991
0.036015
0.036015
0.036015
0.036015
0.036015
0.036015
0.036015
0.03604
0.03604
0.03604
0.03604
0.03604
0.03604
0.03604
0.03604
0.03604
0.03604
0.036065
0.036065
0.03604
0.035991
0.035966
0.035942
0.035892
0.035868
0.035843
0.035843
0.035843
0.035843
0.035843
0.035843
0.035843
0.035868
0.035892
0.035892
0.035917
0.035917
0.035942
0.035966
0.035966
0.035966
0.035991
0.035991
0.036015
0.036065
0.036089
0.036089
0.036114
0.036114
0.036114
0.036114
0.036139
0.036114
0.036114
0.036114
0.036139
0.036139
0.036139
0.036139
0.036139
0.036139
0.036139
0.036139
0.036139
0.036163
0.036163
0.036163
0.036139
0.036163
0.036163
0.036163
0.036163
0.036163
0.036163
0.036163
0.036163
0.036163
0.036188
0.036163
0.036188
0.036188
0.036212
0.036212
0.036212
0.036212
0.036212
0.036237
0.036237
0.036237
0.036237
0.036237
0.036237
0.036262
0.036262
0.036262
0.036237
0.036237
0.036262
0.036262
0.036262
0.036237
0.036237
0.036237
0.036237
0.036237
0.036237
0.036212
0.036212
0.036237
0.036237
0.036212
0.036212
0.036212
0.036212
0.036212
0.036212
0.036212
0.036212
0.036212
0.036212
0.036212
0.036212
0.036212
0.036212
0.036237
0.036237
0.036237
0.036237
0.036237
0.036237
0.036237
0.036237
0.036237
0.036237
0.036262
0.036262
0.036262
0.036262
0.036262
0.036262
0.036262
0.036262
0.036262
0.036262
0.036262
0.036262
0.036262
0.036286
0.036262
0.036262
0.036286
0.036262
0.036286
0.036286
0.036262
0.036286
0.036286
0.036286
0.036286
0.036286
0.036286
0.036286
0.036286
0.036286
0.036311
0.036311
0.036311
0.036311
0.036311
0.036311
0.036311
0.036311
0.036311
0.036311
0.036311
0.036311
0.036311
0.036311
0.036311
0.036311
0.036311
0.036311
0.036335
0.036335
0.036311
0.036335
0.036335
0.036335
0.036335
0.036335
0.036335
0.036335
0.036335
0.036335
0.036335
0.03636
0.03636
0.03636
0.03636
0.03636
0.03636
0.03636
0.03636
0.03636
0.036385
0.03636
0.03636
0.03636
0.036385
0.036385
0.036385
0.03636
0.036385
0.036385
0.036385
0.036385
0.036385
0.036385
0.036385
0.036385
0.036385
0.036385
0.036385
0.036385
0.036385
0.036385
0.036385
0.036409
0.036409
0.036409
0.036409
0.036409
0.036409
0.036409
0.036409
0.036409
0.036409
0.036434
0.036434
0.036434
0.036409
0.036434
0.036434
0.036459
0.036385
0.03636
0.036335
0.036286
0.036262
0.036237
0.036237
0.036237
0.036237
0.036237
0.036237
0.036262
0.036262
0.036262
0.036286
0.036311
0.036335
0.036335
0.03636
0.03636
0.03636
0.036385
0.036409
0.036409
0.036409
0.036434
0.036459
0.036459
0.036483
0.036483
0.036508
0.036508
0.036508
0.036508
0.036508
0.036508
0.036508
0.036508
0.036508
0.036508
0.036532
0.036532
0.036557
0.036532
0.036532
0.036532
0.036557
0.036557
0.036557
0.036557
0.036557
0.036582
0.036582
0.036606
0.036582
0.036582
0.036582
0.036606
0.036606
0.036606
0.036606
0.036606
0.036631
0.036631
0.036631
0.036631
0.036631
0.036655
0.036655
0.036631
0.036655
0.036655
0.036655
0.036655
0.036655
0.036655
0.036655
0.036655
0.036655
0.036655
0.036631
0.036631
0.036631
0.036631
0.036631
0.036631
0.036631
0.036606
0.036606
0.036606
0.036606
0.036606
0.036606
0.036606
0.036606
0.036606
0.036606
0.036606
0.036606
0.036606
0.036606
0.036606
0.036606
0.036606
0.036606
0.036631
0.036606
0.036606
0.036631
0.036631
0.036631
0.036631
0.036631
0.036631
0.036631
0.036631
0.036631
0.036631
0.036631
0.036655
0.036655
0.036655
0.036655
0.036655
0.036631
0.036631
0.036631
0.036631
0.036631
0.036631
0.036631
0.036631
0.036631
0.036631
0.036631
0.036631
0.036631
0.036631
0.036631
0.036606
0.036606
0.036606
0.036606
0.036606
0.036606
0.036582
0.036582
0.036582
0.036582
0.036557
0.036557
0.036557
0.036582
0.036557
0.036532
0.036532
0.036532
0.036532
0.036532
0.036508
0.036508
0.036483
0.036483
0.036483
0.036483
0.036483
0.036483
0.036459
0.036483
0.036483
0.036459
0.036459
0.036459
0.036459
0.036459
0.036459
0.036434
0.036434
0.036434
0.036434
0.036434
0.036409
0.036409
0.036409
0.036409
0.036409
0.036409
0.036409
0.036409
0.036409
0.036409
0.036385
0.036385
0.036385
0.036385
0.036385
0.03636
0.03636
0.03636
0.03636
0.03636
0.036335
0.036335
0.036335
0.036335
0.036335
0.036335
0.036311
0.036311
0.036311
0.036311
0.036286
0.036286
0.036286
0.036286
0.036286
0.036286
0.036286
0.036286
0.036286
0.036286
0.036262
0.036262
0.036262
0.036262
0.036262
0.036262
0.036237
0.036237
0.036237
0.036237
0.036237
0.036212
0.036212
0.036212
0.036212
0.036212
0.036188
0.036188
0.036188
0.036163
0.036163
0.036163
0.036139
0.036139
0.036139
0.036139
0.036139
0.036114
0.036089
0.036089
0.036089
0.036089
0.036089
0.036089
0.036065
0.036065
0.036065
0.036065
0.03604
0.03604
0.03604
0.03604
0.03604
0.03604
0.03604
0.03604
0.03604
0.03604
0.036015
0.036015
0.036015
0.036015
0.036015
0.035991
0.035991
0.035991
0.035991
0.035991
0.035966
0.035966
0.035966
0.035966
0.035966
0.035966
0.035966
0.035966
0.035942
0.035966
0.035966
0.035966
0.035966
0.035942
0.035966
0.035966
0.035966
0.035966
0.035966
0.035966
0.035942
0.035942
0.035942
0.035942
0.035942
0.035942
0.035942
0.035917
0.035917
0.035917
0.035917
0.035917
0.035892
0.035868
0.035843
0.035818
0.035794
0.035745
0.035695
0.035671
0.035671
0.035646
0.035646
0.035646
0.035671
0.035671
0.035695
0.03572
0.03572
0.03572
0.03572
0.035745
0.035745
0.03572
0.035745
0.035745
0.035745
0.035745
0.035769
0.035769
0.035769
0.035769
0.035769
0.035769
0.035745
0.035769
0.035769
0.035745
0.035745
0.035745
0.03572
0.03572
0.03572
0.03572
0.035695
0.035695
0.035695
0.035695
0.035695
0.035695
0.035671
0.035646
0.035646
0.035671
0.035671
0.035646
0.035646
0.035646
0.035646
0.035646
0.035646
0.035622
0.035622
0.035622
0.035622
0.035597
0.035597
0.035597
0.035597
0.035597
0.035572
0.035572
0.035572
0.035572
0.035572
0.035548
0.035548
0.035548
0.035548
0.035548
0.035548
0.035523
0.035523
0.035523
0.035498
0.035498
0.035498
0.035498
0.035474
0.035498
0.035474
0.035449
0.035425
0.035425
0.035425
0.035425
0.035425
0.035425
0.0354
0.0354
0.0354
0.035425
0.035425
0.0354
0.0354
0.0354
0.0354
0.035375
0.035375
0.035375
0.035375
0.035375
0.035375
0.035375
0.035351
0.035375
0.035375
0.035375
0.035375
0.035375
0.035375
0.035375
0.035375
0.035375
0.035375
0.0354
0.0354
0.0354
0.0354
0.0354
0.0354
0.035425
0.035425
0.035425
0.035425
0.035425
0.035425
0.035449
0.035449
0.035449
0.035449
0.035449
0.035449
0.035449
0.035474
0.035474
0.035474
0.035474
0.035498
0.035498
0.035498
0.035498
0.035523
0.035523
0.035523
0.035523
0.035523
0.035548
0.035548
0.035548
0.035548
0.035548
0.035572
0.035572
0.035572
0.035572
0.035572
0.035597
0.035597
0.035597
0.035597
0.035622
0.035622
0.035622
0.035622
0.035646
0.035646
0.035646
0.035646
0.035646
0.035646
0.035671
0.035671
0.035671
0.035671
0.035671
0.035671
0.035671
0.035695
0.035695
0.035695
0.035695
0.035695
0.035695
0.035695
0.03572
0.035695
0.035695
0.03572
0.03572
0.03572
0.035695
0.035671
0.035646
0.035622
0.035572
0.035548
0.035523
0.035523
0.035523
0.035523
0.035548
0.035548
0.035572
0.035572
0.035597
0.035622
0.035646
0.035646
0.035646
0.035671
0.035671
0.035695
0.035695
0.03572
0.035745
0.035745
0.035769
0.035794
0.035794
0.035794
0.035794
0.035794
0.035794
0.035794
0.035794
0.035818
0.035818
0.035794
0.035794
0.035818
0.035818
0.035818
0.035818
0.035818
0.035818
0.035818
0.035818
0.035818
0.035818
0.035818
0.035843
0.035843
0.035843
0.035868
0.035868
0.035868
0.035868
0.035868
0.035868
0.035868
0.035868
0.035892
0.035892
0.035892
0.035892
0.035892
0.035917
0.035917
0.035917
0.035917
0.035917
0.035917
0.035917
0.035917
0.035917
0.035917
0.035917
0.035942
0.035942
0.035917
0.035917
0.035917
0.035917
0.035917
0.035917
0.035917
0.035917
0.035917
0.035917
0.035892
0.035892
0.035892
0.035892
0.035892
0.035892
0.035892
0.035892
0.035892
0.035892
0.035917
0.035892
0.035892
0.035892
0.035917
0.035917
0.035917
0.035917
0.035917
0.035917
0.035917
0.035917
0.035917
0.035917
0.035917
0.035942
0.035942
0.035917
0.035942
0.035942
0.035942
0.035942
0.035942
0.035942
0.035942
0.035942
0.035942
0.035942
0.035942
0.035966
0.035966
0.035966
0.035966
0.035966
0.035966
0.035966
0.035966
0.035991
0.035966
0.035966
0.035966
0.035966
0.035991
0.035991
0.035991
0.035991
0.035991
0.035991
0.035991
0.035991
0.035991
0.035991
0.035991
0.035991
0.035991
0.035991
0.035991
0.036015
0.036015
0.035991
0.036015
0.036015
0.036015
0.036015
0.036015
0.036015
0.036015
0.036015
0.036015
0.035991
0.036015
0.036015
0.036015
0.036015
0.03604
0.03604
0.03604
0.03604
0.03604
0.03604
0.03604
0.03604
0.03604
0.03604
0.03604
0.03604
0.03604
0.03604
0.036065
0.036065
0.036065
0.03604
0.036065
0.036065
0.036065
0.036065
0.036065
0.036065
0.036065
0.036065
0.036065
0.036065
0.036065
0.036065
0.036089
0.036065
0.036065
0.036065
0.036065
0.036089
0.036089
0.036089
0.036089
0.036089
0.036089
0.036089
0.036089
0.036089
0.036089
0.036089
0.036089
0.036114
0.036114
0.036114
0.036114
0.036114
0.036114
0.036089
0.036065
0.036015
0.035991
0.035966
0.035942
0.035917
0.035892
0.035892
0.035892
0.035917
0.035917
0.035917
0.035942
0.035942
0.035966
0.035966
0.035991
0.036015
0.03604
0.03604
0.03604
0.03604
0.036065
0.036114
0.036114
0.036139
0.036163
0.036163
0.036163
0.036163
0.036188
0.036188
0.036188
0.036188
0.036188
0.036212
0.036188
0.036188
0.036188
0.036188
0.036188
0.036188
0.036188
0.036188
0.036188
0.036212
0.036212
0.036212
0.036212
0.036212
0.036237
0.036237
0.036212
0.036212
0.036237
0.036237
0.036237
0.036237
0.036237
0.036237
0.036262
0.036262
0.036262
0.036286
0.036286
0.036286
0.036311
0.036311
0.036311
0.036311
0.036311
0.036311
0.036335
0.036335
0.036335
0.036311
0.036311
0.036335
0.036335
0.036311
0.036311
0.036311
0.036311
0.036311
0.036286
0.036262
0.036262
0.036262
0.036262
0.036262
0.036237
0.036237
0.036237
0.036237
0.036212
0.036212
0.036212
0.036212
0.036212
0.036212
0.036212
0.036212
0.036212
0.036212
0.036212
0.036212
0.036212
0.036212
0.036212
0.036212
0.036212
0.036212
0.036212
0.036212
0.036212
0.036212
0.036212
0.036212
0.036212
0.036237
0.036237
0.036237
0.036212
0.036212
0.036237
0.036237
0.036237
0.036237
0.036237
0.036262
0.036237
0.036237
0.036237
0.036237
0.036237
0.036262
0.036237
0.036237
0.036212
0.036237
0.036237
0.036212
0.036212
0.036188
0.036188
0.036163
0.036163
0.036139
0.036139
0.036139
0.036114
0.036114
0.036139
0.036139
0.036114
0.036114
0.036089
0.036089
0.036089
0.036089
0.036089
0.036114
0.036114
0.036089
0.036089
0.036114
0.036114
0.036114
0.036114
0.036089
0.036089
0.036114
0.036114
0.036114
0.036114
0.036114
0.036114
0.036139
0.036139
0.036139
0.036139
0.036139
0.036139
0.036163
0.036163
0.036163
0.036163
0.036163
0.036163
0.036163
0.036163
0.036188
0.036188
0.036188
0.036188
0.036188
0.036188
0.036188
0.036188
0.036188
0.036188
0.036188
0.036188
0.036212
0.036188
0.036188
0.036188
0.036188
0.036188
0.036188
0.036188
0.036188
0.036188
0.036188
0.036188
0.036188
0.036188
0.036188
0.036188
0.036188
0.036188
0.036163
0.036163
0.036188
0.036188
0.036188
0.036188
0.036188
0.036188
0.036139
0.036139
0.036114
0.036089
0.036015
0.035991
0.035966
0.035966
0.035966
0.035966
0.035966
0.035966
0.035966
0.035966
0.035991
0.036015
0.03604
0.036065
0.036065
0.036065
0.036089
0.036114
0.036114
0.036114
0.036114
0.036139
0.036163
0.036163
0.036163
0.036188
0.036212
0.036212
0.036212
0.036212
0.036212
0.036212
0.036212
0.036212
0.036212
0.036212
0.036212
0.036212
0.036212
0.036212
0.036212
0.036212
0.036212
0.036212
0.036212
0.036188
0.036212
0.036188
0.036188
0.036188
0.036188
0.036188
0.036188
0.036163
0.036163
0.036163
0.036163
0.036139
0.036139
0.036139
0.036163
0.036163
0.036139
0.036139
0.036139
0.036139
0.036139
0.036139
0.036114
0.036114
0.036065
0.036065
0.036065
0.03604
0.03604
0.036015
0.036015
0.035991
0.035991
0.035966
0.035942
0.035942
0.035942
0.035942
0.035917
0.035892
0.035892
0.035892
0.035892
0.035892
0.035868
0.035868
0.035868
0.035868
0.035868
0.035868
0.035868
0.035892
0.035868
0.035868
0.035843
0.035843
0.035843
0.035843
0.035843
0.035843
0.035818
0.035818
0.035818
0.035794
0.035794
0.035794
0.035794
0.035794
0.035794
0.035794
0.035794
0.035794
0.035794
0.035818
0.035794
0.035794
0.035794
0.035818
0.035818
0.035818
0.035818
0.035818
0.035818
0.035818
0.035843
0.035818
0.035818
0.035843
0.035843
0.035843
0.035843
0.035843
0.035868
0.035868
0.035843
0.035843
0.035843
0.035868
0.035868
0.035868
0.035868
0.035868
0.035868
0.035868
0.035892
0.035892
0.035892
0.035892
0.035892
0.035892
0.035892
0.035892
0.035892
0.035892
0.035917
0.035917
0.035917
0.035892
0.035917
0.035917
0.035917
0.035917
0.035917
0.035917
0.035942
0.035942
0.035942
0.035942
0.035942
0.035942
0.035942
0.035942
0.035917
0.035917
0.035917
0.035917
0.035917
0.035917
0.035917
0.035942
0.035966
0.035991
0.036015
0.036015
0.036089
0.036089
0.036089
0.036114
0.036114
0.036065
0.036065
0.036065
0.03604
0.03604
0.03604
0.03604
0.036065
0.036065
0.036065
0.03604
0.036065
0.036065
0.036065
0.036065
0.036065
0.036065
0.036065
0.036089
0.036089
0.036065
0.036089
0.036089
0.036089
0.036089
0.036089
0.036089
0.036114
0.036114
0.036114
0.036114
0.036114
0.036114
0.036114
0.036114
0.036139
0.036114
0.036114
0.036114
0.036114
0.036139
0.036114
0.036114
0.036114
0.036114
0.036114
0.036114
0.036114
0.036114
0.036114
0.036114
0.036114
0.036089
0.036089
0.036114
0.036114
0.036114
0.036114
0.036114
0.036114
0.036114
0.036114
0.036114
0.036114
0.036139
0.036139
0.036139
0.036139
0.036139
0.036163
0.036163
0.036163
0.036163
0.036163
0.036163
0.036188
0.036188
0.036188
0.036188
0.036188
0.036188
0.036188
0.036188
0.036188
0.036188
0.036188
0.036188
0.036212
0.036212
0.036188
0.036188
0.036188
0.036188
0.036188
0.036188
0.036188
0.036188
0.036212
0.036212
0.036188
0.036188
0.036212
0.036212
0.036212
0.036212
0.036212
0.036212
0.036212
0.036212
0.036212
0.036212
0.036212
0.036237
0.036237
0.036237
0.036237
0.036237
0.036237
0.036237
0.036237
0.036262
0.036237
0.036237
0.036262
0.036262
0.036262
0.036262
0.036237
0.036262
0.036262
0.036262
0.036237
0.036262
0.036262
0.036262
0.036262
0.036262
0.036262
0.036262
0.036262
0.036262
0.036262
0.036262
0.036262
0.036262
0.036286
0.036286
0.036286
0.036286
0.036286
0.036286
0.036286
0.036286
0.036286
0.036286
