2018
8
16
9
54
18.135
0.062184
0.061987
0.062012
0.062208
0.062307
0.062184
0.061962
0.061987
0.062184
0.062282
0.062159
0.061962
0.061987
0.062159
0.062258
0.062135
0.061938
0.061962
0.062159
0.062258
0.062135
0.061938
0.061962
0.062135
0.062258
0.062135
0.061938
0.061938
0.062135
0.062233
0.062135
0.061938
0.061938
0.06211
0.062233
0.06211
0.061913
0.061913
0.062085
0.062208
0.062036
0.062159
0.062061
0.061864
0.061864
0.062012
0.062135
0.062012
0.061741
0.061667
0.061765
0.061864
0.06179
0.061593
0.061593
0.06179
0.062012
0.062061
0.061938
0.061987
0.062135
0.062208
0.06211
0.061913
0.061864
0.062036
0.062184
0.062085
0.061888
0.061888
0.062085
0.062233
0.062184
0.061962
0.061888
0.062036
0.062184
0.06211
0.061888
0.061864
0.061864
0.062012
0.062184
0.06211
0.061888
0.061839
0.061987
0.062159
0.062061
0.061839
0.061765
0.061913
0.062085
0.062012
0.06179
0.061716
0.061864
0.062036
0.061962
0.061765
0.061716
0.061864
0.062036
0.061962
0.061765
0.061716
0.061864
0.062036
0.061987
0.06179
0.061716
0.061864
0.062061
0.061987
0.06179
0.061741
0.061864
0.062036
0.061987
0.061765
0.061913
0.061691
0.061618
0.061716
0.061864
0.06179
0.061568
0.06147
0.061593
0.061741
0.061667
0.06147
0.061371
0.061495
0.061642
0.061593
0.061396
0.061298
0.061421
0.061593
0.061568
0.061371
0.061273
0.061371
0.061568
0.061519
0.061322
0.061199
0.061322
0.061495
0.061445
0.061248
0.06115
0.061273
0.061445
0.061396
0.061199
0.061101
0.061199
0.061371
0.061125
0.061298
0.061248
0.061051
0.060953
0.061027
0.061199
0.061175
0.060978
0.060879
0.060978
0.06115
0.061101
0.060928
0.060805
0.060904
0.061076
0.061051
0.060854
0.060731
0.060805
0.060978
0.060978
0.060781
0.060658
0.060756
0.060928
0.060904
0.060731
0.060608
0.060682
0.060854
0.060854
0.060682
0.060534
0.060633
0.060781
0.060781
0.060633
0.060485
0.060584
0.060436
0.060534
0.060707
0.060707
0.060559
0.060411
0.06051
0.060682
0.060707
0.060559
0.060411
0.060485
0.060658
0.060682
0.060534
0.060387
0.060461
0.060633
0.060658
0.060485
0.060362
0.060436
0.060608
0.060633
0.060461
0.060338
0.060387
0.060584
0.060608
0.060461
0.060338
0.060387
0.060534
0.060584
0.060436
0.060288
0.060362
0.060534
0.060559
0.06051
0.060534
0.060411
0.060264
0.060313
0.060485
0.06051
0.060387
0.060214
0.060264
0.060436
0.060485
0.060362
0.060214
0.060264
0.060387
0.060387
0.06019
0.060018
0.060067
0.060264
0.060338
0.060239
0.060141
0.060313
0.060534
0.060584
0.060461
0.060264
0.060288
0.060436
0.060461
0.060338
0.060165
0.06019
0.060362
0.060461
0.060362
0.060214
0.060288
0.060141
0.06019
0.060338
0.060411
0.060288
0.060141
0.060165
0.060313
0.060387
0.060264
0.060091
0.060091
0.060239
0.060313
0.06019
0.060018
0.060018
0.060165
0.060214
0.060116
0.059944
0.059968
0.060116
0.06019
0.060042
0.05987
0.059894
0.060042
0.060116
0.060018
0.05987
0.059894
0.060042
0.060091
0.060018
0.05987
0.05987
0.060018
0.060091
0.060042
0.060141
0.060042
0.059845
0.05987
0.059993
0.060091
0.059968
0.059821
0.059821
0.059919
0.059968
0.05987
0.059697
0.059697
0.059796
0.059845
0.059747
0.059574
0.05955
0.059648
0.059722
0.059648
0.059501
0.059476
0.059599
0.059648
0.059574
0.059451
0.059451
0.05955
0.059574
0.059501
0.059427
0.059427
0.059451
0.059451
0.059427
0.059451
0.059476
0.059377
0.059525
0.059328
0.059107
0.059181
0.059451
0.059476
0.059279
0.059057
0.059156
0.059377
0.059427
0.05923
0.059033
0.059107
0.059353
0.059402
0.059205
0.058984
0.059033
0.059279
0.059328
0.059156
0.058934
0.059008
0.059254
0.059304
0.059131
0.058959
0.059008
0.059181
0.05923
0.059082
0.05891
0.058959
0.059131
0.059181
0.059033
0.05886
0.05891
0.059107
0.058836
0.059082
0.059156
0.058984
0.058737
0.058811
0.059057
0.059156
0.058959
0.058713
0.058762
0.059033
0.059131
0.058934
0.058688
0.058737
0.058984
0.059107
0.05891
0.058664
0.058713
0.058984
0.059107
0.05891
0.058664
0.058713
0.058984
0.059107
0.05891
0.058664
0.058713
0.058984
0.059131
0.058959
0.058713
0.058762
0.059033
0.059181
0.059008
0.058762
0.059057
0.058811
0.058836
0.059131
0.059279
0.059107
0.05886
0.058885
0.059156
0.059304
0.059156
0.058885
0.05891
0.059181
0.059353
0.059181
0.05891
0.058934
0.059181
0.059353
0.059205
0.058934
0.058934
0.059181
0.059353
0.059181
0.05891
0.05891
0.059181
0.059353
0.059181
0.05891
0.058934
0.059131
0.05923
0.059057
0.058762
0.058762
0.059008
0.05923
0.059304
0.05955
0.059427
0.059107
0.059033
0.059254
0.059402
0.059254
0.059008
0.058959
0.059181
0.059377
0.059254
0.059008
0.058984
0.059205
0.059377
0.05923
0.058934
0.058885
0.059107
0.059304
0.059181
0.05891
0.05886
0.059057
0.05923
0.059131
0.058885
0.058836
0.059008
0.059156
0.059057
0.05886
0.058811
0.058984
0.059131
0.059033
0.058836
0.058787
0.058836
0.058762
0.05891
0.059057
0.058984
0.058811
0.058762
0.05891
0.059057
0.059008
0.058811
0.058762
0.05891
0.059082
0.059033
0.058836
0.058787
0.058959
0.059131
0.059082
0.05886
0.058787
0.058959
0.059131
0.059057
0.058811
0.058737
0.058885
0.059082
0.058984
0.058737
0.058639
0.058787
0.058984
0.058885
0.058664
0.058565
0.058713
0.058885
0.058811
0.05886
0.058811
0.05859
0.058516
0.058639
0.058811
0.058762
0.05859
0.058491
0.058614
0.058787
0.058737
0.05854
0.058467
0.05859
0.058762
0.058737
0.05854
0.058442
0.058565
0.058737
0.058688
0.058516
0.058417
0.05854
0.058713
0.058688
0.058516
0.058417
0.05854
0.058688
0.058664
0.058491
0.058393
0.058491
0.058664
0.058639
0.058491
0.058368
0.058467
0.058417
0.05859
0.058565
0.058393
0.058294
0.058393
0.05854
0.058516
0.058368
0.058245
0.058344
0.058491
0.058491
0.058344
0.05822
0.058319
0.058491
0.058467
0.058319
0.05822
0.058294
0.058467
0.058467
0.058294
0.058196
0.05827
0.058442
0.058442
0.058294
0.058171
0.058245
0.058417
0.058417
0.05827
0.058122
0.05822
0.058393
0.058393
0.058245
0.058122
0.058097
0.058171
0.058344
0.058344
0.058196
0.058073
0.058147
0.058294
0.058319
0.058196
0.058048
0.058122
0.058294
0.058319
0.058171
0.058023
0.058097
0.05827
0.058294
0.058147
0.058023
0.058073
0.058245
0.05827
0.058122
0.057974
0.058048
0.05822
0.058245
0.058122
0.057974
0.058023
0.058196
0.05822
0.058097
0.05795
0.057999
0.058171
0.058196
0.058073
0.058171
0.058023
0.0579
0.05795
0.058122
0.058171
0.058023
0.057876
0.057925
0.058097
0.058147
0.058023
0.057876
0.0579
0.058073
0.058122
0.057999
0.057851
0.057876
0.058048
0.058097
0.05795
0.057802
0.057851
0.057974
0.058023
0.0579
0.057703
0.057654
0.057728
0.057753
0.05763
0.057457
0.057482
0.057679
0.057777
0.057777
0.057728
0.057827
0.058023
0.057777
0.057876
0.05795
0.057827
0.057654
0.057679
0.057851
0.057974
0.057876
0.057728
0.057753
0.057876
0.057925
0.057827
0.057654
0.057679
0.057827
0.0579
0.057802
0.05763
0.057654
0.057777
0.057876
0.057753
0.057605
0.057605
0.057753
0.057851
0.057728
0.05758
0.05758
0.057728
0.057827
0.057728
0.057556
0.057556
0.057703
0.057802
0.057703
0.057531
0.057703
0.057531
0.057556
0.057703
0.057802
0.057703
0.057556
0.057556
0.057703
0.057827
0.057728
0.057556
0.057556
0.057703
0.057827
0.057728
0.05758
0.057556
0.057703
0.057802
0.057703
0.057531
0.057482
0.057605
0.057703
0.057605
0.057408
0.057383
0.057507
0.05763
0.057531
0.057359
0.05731
0.057433
0.057531
0.057457
0.057285
0.05726
0.057383
0.057507
0.057359
0.057457
0.057383
0.057236
0.057186
0.057334
0.057457
0.057383
0.057211
0.057162
0.057285
0.057433
0.057359
0.057186
0.057162
0.057285
0.057408
0.057359
0.057186
0.057137
0.05726
0.057383
0.057334
0.057186
0.057137
0.05726
0.057383
0.057334
0.057162
0.057113
0.057236
0.057383
0.05731
0.057162
0.057088
0.057211
0.057334
0.057285
0.057113
0.057063
0.057039
0.057162
0.057285
0.057236
0.057088
0.057014
0.057113
0.05726
0.057211
0.057039
0.05699
0.057113
0.057236
0.057186
0.057039
0.056965
0.057063
0.057211
0.057186
0.057014
0.05694
0.057063
0.057211
0.057162
0.05699
0.056916
0.057014
0.057186
0.057137
0.056965
0.056866
0.05699
0.057137
0.057113
0.05694
0.056842
0.056965
0.057113
0.057088
0.056916
0.057039
0.056891
0.056793
0.056916
0.057063
0.057039
0.056866
0.056768
0.056891
0.057063
0.057039
0.056866
0.056768
0.056891
0.057039
0.057014
0.056842
0.056743
0.056866
0.057014
0.057014
0.056842
0.056743
0.056842
0.057014
0.05699
0.056817
0.056719
0.056817
0.05699
0.05699
0.056817
0.056719
0.056817
0.05699
0.05699
0.056817
0.056694
0.056793
0.056965
0.056768
0.05694
0.056916
0.056743
0.05662
0.056694
0.056817
0.056743
0.056546
0.056399
0.056497
0.056645
0.05667
0.056546
0.056522
0.056768
0.057014
0.057088
0.057014
0.056891
0.056891
0.057014
0.05699
0.056842
0.056743
0.056817
0.05694
0.056965
0.056866
0.056793
0.056866
0.057014
0.057014
0.056866
0.056743
0.056817
0.056965
0.05699
0.056866
0.056768
0.056768
0.056817
0.05694
0.056965
0.056842
0.056719
0.056768
0.056891
0.056916
0.056793
0.056694
0.056743
0.056842
0.056866
0.056743
0.05662
0.056645
0.056768
0.056817
0.056694
0.056546
0.056596
0.056719
0.056768
0.056645
0.056497
0.056522
0.05667
0.056719
0.056596
0.056473
0.056522
0.05667
0.056719
0.05662
0.056473
0.056522
0.056645
0.05667
0.056546
0.056596
0.056473
0.056325
0.056325
0.056423
0.056473
0.056325
0.056177
0.056177
0.0563
0.056325
0.056226
0.056079
0.056103
0.056226
0.056276
0.056177
0.056005
0.056005
0.056128
0.056177
0.056079
0.055931
0.055931
0.056079
0.056153
0.056054
0.055882
0.055882
0.056029
0.056103
0.056005
0.055833
0.055857
0.05598
0.056029
0.055931
0.055759
0.055783
0.055906
0.055709
0.055857
0.055931
0.055833
0.05566
0.05566
0.055783
0.055857
0.055759
0.055586
0.055586
0.055734
0.055808
0.055685
0.055537
0.055537
0.055685
0.055783
0.055685
0.055488
0.055512
0.05566
0.055734
0.055636
0.055463
0.055439
0.055586
0.055685
0.055586
0.055414
0.055389
0.055537
0.05566
0.055537
0.055365
0.05534
0.055488
0.055586
0.055488
0.05534
0.055439
0.055266
0.055242
0.055389
0.055512
0.055414
0.055266
0.055242
0.055365
0.055463
0.055365
0.055217
0.055192
0.055291
0.055414
0.055316
0.055143
0.055119
0.055242
0.05534
0.055266
0.055094
0.055069
0.055192
0.055291
0.055192
0.05502
0.054971
0.055094
0.055217
0.055143
0.054971
0.054946
0.055069
0.055192
0.055094
0.054922
0.054872
0.05502
0.055119
0.054946
0.055094
0.054996
0.054799
0.054774
0.054897
0.055045
0.054971
0.054749
0.054725
0.054848
0.054996
0.054897
0.054725
0.054676
0.054823
0.054946
0.054872
0.0547
0.054626
0.054749
0.054848
0.054774
0.054651
0.054602
0.054725
0.054897
0.054823
0.054626
0.054479
0.054577
0.054749
0.054676
0.054503
0.054454
0.054602
0.054872
0.054946
0.054774
0.0547
0.054651
0.054552
0.054676
0.054823
0.054725
0.054528
0.054454
0.054602
0.054774
0.0547
0.054503
0.054405
0.054528
0.0547
0.054651
0.054479
0.054405
0.054528
0.0547
0.054676
0.054503
0.05438
0.054503
0.054676
0.054676
0.054503
0.054405
0.054552
0.054749
0.054725
0.054577
0.054479
0.054626
0.054823
0.054823
0.054626
0.054528
0.054651
0.054848
0.054799
0.054848
0.054823
0.054651
0.054577
0.054725
0.054897
0.054922
0.054774
0.0547
0.054823
0.05502
0.055045
0.054897
0.054799
0.054897
0.055069
0.055069
0.054897
0.054774
0.054872
0.055045
0.055045
0.054872
0.054774
0.054848
0.05502
0.05502
0.054872
0.054774
0.054872
0.055045
0.055069
0.054922
0.054823
0.054922
0.055094
0.055119
0.054971
0.054872
0.054996
0.054971
0.055069
0.055242
0.055266
0.055119
0.05502
0.055119
0.055291
0.055316
0.055192
0.055094
0.055168
0.055316
0.05534
0.055217
0.055069
0.055143
0.055316
0.05534
0.055192
0.055069
0.055168
0.055316
0.05534
0.055192
0.055069
0.055143
0.055316
0.055365
0.055242
0.055094
0.055168
0.055316
0.055365
0.055217
0.055069
0.055119
0.055291
0.05534
0.055192
0.055168
0.05502
0.055094
0.055242
0.055291
0.055143
0.05502
0.055094
0.055266
0.055291
0.055168
0.05502
0.055069
0.055217
0.055266
0.055143
0.054996
0.055045
0.055192
0.055242
0.055119
0.054971
0.05502
0.055168
0.055217
0.055094
0.054946
0.054996
0.055119
0.055168
0.055045
0.054922
0.054946
0.055094
0.055143
0.05502
0.054872
0.054922
0.055045
0.055119
0.055094
0.054996
0.054848
0.054872
0.05502
0.055069
0.054971
0.054823
0.054848
0.054996
0.055045
0.054946
0.054799
0.054823
0.054971
0.055045
0.054922
0.054774
0.054799
0.054946
0.054996
0.054897
0.054749
0.054749
0.054872
0.054946
0.054848
0.054676
0.0547
0.054848
0.054922
0.054823
0.054676
0.0547
0.054848
0.054946
0.054848
0.0547
0.054725
0.054848
0.0547
0.054823
0.054897
0.054799
0.054676
0.054651
0.054774
0.054823
0.054725
0.054602
0.054602
0.0547
0.054774
0.054676
0.054479
0.05438
0.054454
0.054503
0.054405
0.054257
0.054257
0.054405
0.054552
0.054602
0.054552
0.054602
0.054799
0.054848
0.054676
0.054503
0.054454
0.054577
0.054676
0.054552
0.054355
0.054355
0.054552
0.054676
0.054577
0.054429
0.054528
0.054405
0.054429
0.054552
0.054626
0.054503
0.054355
0.05438
0.054503
0.054552
0.054454
0.054306
0.054306
0.054429
0.054503
0.05438
0.054232
0.054257
0.05438
0.054454
0.054331
0.054183
0.054183
0.054306
0.05438
0.054257
0.054134
0.054159
0.054306
0.05438
0.054257
0.054134
0.054134
0.054282
0.054355
0.054257
0.054134
0.054134
0.054282
0.054355
0.054282
0.054355
0.054257
0.054134
0.054134
0.054232
0.054306
0.054208
0.05406
0.05406
0.054159
0.054232
0.054109
0.053962
0.053937
0.05406
0.054134
0.054035
0.053888
0.053863
0.053986
0.05406
0.053962
0.053839
0.053814
0.053912
0.054011
0.053912
0.053789
0.053765
0.053888
0.053986
0.053888
0.05374
0.05374
0.053839
0.053937
0.053863
0.05374
0.053715
0.05374
0.053715
0.053814
0.053937
0.053839
0.053715
0.053691
0.053814
0.053888
0.053839
0.053715
0.053666
0.053789
0.053888
0.053814
0.053691
0.053666
0.053765
0.053863
0.053789
0.053666
0.053666
0.053789
0.053888
0.053814
0.053666
0.053617
0.053715
0.053814
0.05374
0.053568
0.053518
0.053642
0.05374
0.053666
0.053494
0.05342
0.053568
0.053715
0.053617
0.053691
0.053617
0.053445
0.053346
0.053494
0.053691
0.053642
0.053445
0.053346
0.053518
0.053691
0.053642
0.053445
0.053371
0.053518
0.053715
0.053691
0.053518
0.053469
0.053642
0.053839
0.053814
0.053691
0.053617
0.053691
0.053765
0.053691
0.053543
0.053469
0.053568
0.053666
0.053642
0.053518
0.053445
0.053543
0.053642
0.053592
0.053445
0.053371
0.053469
0.053346
0.053445
0.053568
0.053543
0.053395
0.053322
0.05342
0.053543
0.053494
0.053371
0.053297
0.053395
0.053494
0.053469
0.053346
0.053272
0.053346
0.053469
0.05342
0.053297
0.053223
0.053322
0.05342
0.053371
0.053248
0.053125
0.053125
0.053174
0.053125
0.053002
0.052928
0.053002
0.053149
0.053174
0.053198
0.053223
0.053371
0.053592
0.053568
0.053371
0.053272
0.053149
0.053223
0.053346
0.053395
0.053297
0.053223
0.053272
0.053371
0.053371
0.053248
0.053149
0.053223
0.053346
0.053322
0.053198
0.0531
0.053174
0.053297
0.053297
0.053174
0.053075
0.053149
0.053272
0.053272
0.053149
0.053051
0.053125
0.053248
0.053272
0.053125
0.053002
0.053075
0.053198
0.053198
0.053075
0.052977
0.053051
0.053174
0.053174
0.053198
0.053075
0.052977
0.053051
0.053174
0.053198
0.053075
0.052977
0.053051
0.053174
0.053198
0.053075
0.052952
0.053026
0.053149
0.053174
0.053026
0.052903
0.052977
0.053075
0.053075
0.052952
0.052829
0.052878
0.052977
0.053002
0.052878
0.052755
0.052805
0.052928
0.052952
0.052829
0.052706
0.052755
0.052878
0.052903
0.05278
0.052681
0.052731
0.052854
0.052829
0.052854
0.052731
0.052608
0.052657
0.05278
0.052829
0.052731
0.052608
0.052657
0.05278
0.052805
0.052706
0.052583
0.052632
0.052755
0.052805
0.052681
0.052558
0.052608
0.052731
0.05278
0.052657
0.052534
0.052558
0.052706
0.052755
0.052681
0.052558
0.052608
0.052706
0.052755
0.052657
0.052509
0.052558
0.052681
0.052731
0.052632
0.052509
0.052534
0.052485
0.052509
0.052632
0.052681
0.052583
0.05246
0.052509
0.052608
0.052681
0.052583
0.05246
0.052485
0.052583
0.052657
0.052558
0.052435
0.05246
0.052583
0.052657
0.052558
0.052435
0.052435
0.052558
0.052632
0.052534
0.052411
0.052435
0.052534
0.052608
0.052509
0.052386
0.052411
0.052534
0.052608
0.052485
0.052337
0.052361
0.052485
0.052583
0.052485
0.052534
0.05246
0.052312
0.052312
0.052411
0.052485
0.052386
0.052263
0.052238
0.052361
0.052435
0.052288
0.052066
0.051992
0.052091
0.052165
0.052066
0.051943
0.051968
0.052165
0.052386
0.052361
0.052288
0.052337
0.052411
0.05246
0.052386
0.052189
0.052165
0.052312
0.052411
0.052312
0.052165
0.052189
0.052361
0.052485
0.052386
0.052214
0.052189
0.052312
0.052288
0.052411
0.052312
0.052165
0.05214
0.052263
0.052361
0.052288
0.052115
0.052091
0.052214
0.052337
0.052263
0.052091
0.052041
0.052189
0.052337
0.052263
0.052091
0.052041
0.052165
0.052312
0.052214
0.052066
0.052017
0.05214
0.052288
0.052214
0.052066
0.052017
0.052165
0.052312
0.052263
0.052115
0.052066
0.052189
0.052337
0.052288
0.052115
0.052041
0.052115
0.052041
0.05214
0.052288
0.052214
0.052017
0.051918
0.052041
0.052189
0.052115
0.051918
0.05182
0.051943
0.052091
0.052041
0.051869
0.051771
0.051894
0.052066
0.052017
0.05182
0.051721
0.051844
0.052017
0.051968
0.051771
0.051672
0.05182
0.052017
0.051943
0.051746
0.051623
0.051771
0.051992
0.051943
0.051746
0.051648
0.051771
0.051992
0.051943
0.051918
0.051721
0.051598
0.051721
0.051918
0.051894
0.051672
0.051549
0.051721
0.051943
0.051918
0.051697
0.051549
0.051697
0.051918
0.051894
0.051672
0.051524
0.051672
0.051894
0.051869
0.051648
0.0515
0.051623
0.051844
0.051844
0.051648
0.051475
0.051598
0.05182
0.05182
0.051598
0.051426
0.051574
0.051795
0.051795
0.051598
0.051401
0.051549
0.051771
0.051524
0.051771
0.051795
0.051574
0.051401
0.051524
0.051746
0.051746
0.051524
0.051352
0.051475
0.051697
0.051721
0.051524
0.051328
0.051426
0.051672
0.051697
0.051475
0.051278
0.051377
0.051623
0.051648
0.051475
0.051278
0.051377
0.051598
0.051648
0.051426
0.051229
0.051352
0.051598
0.051648
0.051426
0.051229
0.051352
0.051574
0.051623
0.051401
0.051229
0.051401
0.051204
0.051303
0.051524
0.051574
0.051377
0.05118
0.051254
0.051475
0.051549
0.051352
0.051155
0.051229
0.051451
0.0515
0.051328
0.051106
0.05118
0.051401
0.051475
0.051303
0.051106
0.051155
0.051377
0.051475
0.051278
0.051081
0.051155
0.051377
0.051451
0.051254
0.051057
0.051131
0.051328
0.051426
0.051229
0.051032
0.051081
0.051303
0.051401
0.051278
0.051377
0.051204
0.051007
0.051057
0.051254
0.051352
0.05118
0.050958
0.051007
0.051204
0.051303
0.051131
0.050934
0.050958
0.051155
0.051254
0.051106
0.050884
0.050934
0.051131
0.051254
0.051081
0.05086
0.050909
0.051106
0.051229
0.051081
0.050884
0.050934
0.051131
0.051254
0.051106
0.050934
0.050983
0.05118
0.051278
0.05118
0.051057
0.051081
0.050958
0.050983
0.051081
0.051131
0.051007
0.050884
0.050884
0.050983
0.051057
0.050958
0.050835
0.050835
0.050958
0.051007
0.050909
0.050786
0.050811
0.050909
0.050983
0.05086
0.050737
0.050761
0.050884
0.050958
0.05086
0.050712
0.050712
0.050811
0.050884
0.050786
0.050663
0.050663
0.050786
0.05086
0.050737
0.050614
0.050614
0.050687
0.050761
0.050687
0.050564
0.050392
0.050367
0.050417
0.050491
0.050441
0.050343
0.050392
0.050614
0.050786
0.050761
0.050687
0.050663
0.050737
0.050786
0.050687
0.05054
0.050515
0.050638
0.050712
0.050663
0.050564
0.050589
0.050712
0.050811
0.050687
0.05054
0.050515
0.050614
0.050712
0.050614
0.050491
0.050466
0.050589
0.050663
0.050589
0.050491
0.050466
0.050564
0.050663
0.05054
0.050638
0.050589
0.050466
0.050417
0.05054
0.050638
0.050589
0.050466
0.050441
0.05054
0.050638
0.050564
0.050441
0.050417
0.05054
0.050638
0.050589
0.050466
0.050441
0.050564
0.050663
0.050614
0.050491
0.050466
0.050564
0.050663
0.050614
0.050491
0.050441
0.05054
0.050663
0.050589
0.050491
0.050417
0.050491
0.050614
0.050564
0.050417
0.050367
0.050318
0.050244
0.050367
0.050441
0.050367
0.050244
0.050195
0.050269
0.050392
0.050343
0.05022
0.050146
0.050269
0.050343
0.050269
0.05017
0.050097
0.050195
0.050318
0.050269
0.050121
0.050047
0.05017
0.050294
0.05022
0.050097
0.050023
0.050146
0.050269
0.05022
0.050097
0.049998
0.050072
0.05022
0.05017
0.050047
0.049998
0.050072
0.05022
0.05017
0.05017
0.050146
0.050023
0.049974
0.050023
0.050146
0.050121
0.049974
0.0499
0.049998
0.050121
0.050097
0.049974
0.0499
0.049998
0.050097
0.050072
0.049949
0.049875
0.049949
0.050072
0.050072
0.049924
0.049826
0.049924
0.050072
0.050047
0.049924
0.049826
0.0499
0.050023
0.050023
0.049875
0.049801
0.049875
0.049998
0.049998
0.049875
0.049752
0.049826
0.049752
0.04985
0.049949
0.049924
0.049826
0.049727
0.049826
0.049949
0.049974
0.049826
0.049678
0.049777
0.049924
0.0499
0.049752
0.049629
0.049703
0.04985
0.04985
0.049703
0.049604
0.049703
0.049826
0.04985
0.049703
0.04958
0.049654
0.049801
0.049826
0.049678
0.049555
0.049629
0.049777
0.049777
0.049654
0.04953
0.049604
0.049752
0.049777
0.049654
0.049752
0.049629
0.049506
0.049555
0.049703
0.049752
0.049604
0.049481
0.04953
0.049654
0.049678
0.049555
0.049432
0.049481
0.049629
0.049678
0.04953
0.049407
0.049481
0.049629
0.049678
0.049555
0.049407
0.049432
0.04958
0.049629
0.049506
0.049358
0.049407
0.049555
0.049604
0.049457
0.049309
0.049334
0.049481
0.04953
0.049407
0.049309
0.049383
0.049481
0.04926
0.049383
0.049481
0.049383
0.049334
0.049506
0.049678
0.049777
0.049678
0.049481
0.049481
0.04958
0.049604
0.049481
0.049358
0.049383
0.049481
0.04953
0.049432
0.049309
0.049334
0.049457
0.049481
0.049358
0.049235
0.04926
0.049407
0.049481
0.049358
0.049235
0.04926
0.049407
0.049481
0.049383
0.049235
0.049284
0.049407
0.049506
0.049407
0.04926
0.049432
0.049284
0.049309
0.049457
0.04953
0.049432
0.049309
0.049334
0.049481
0.049555
0.049457
0.049334
0.049334
0.049481
0.04958
0.049481
0.049358
0.049358
0.049506
0.049604
0.04953
0.049383
0.049407
0.049555
0.049654
0.049555
0.049407
0.049407
0.04953
0.049629
0.04953
0.049383
0.049358
0.049506
0.04958
0.049481
0.049309
0.049284
0.049407
0.049506
0.049334
0.049457
0.049334
0.049186
0.049161
0.049309
0.049407
0.049334
0.049161
0.049137
0.049284
0.049383
0.049284
0.049137
0.049112
0.04926
0.049358
0.04926
0.049112
0.049087
0.049235
0.049334
0.04926
0.049087
0.049063
0.049186
0.049309
0.049235
0.049063
0.049038
0.049186
0.049309
0.04921
0.049038
0.049013
0.049161
0.04926
0.049186
0.049038
0.048989
0.048989
0.049112
0.049235
0.049161
0.048989
0.048964
0.049087
0.04921
0.049137
0.048989
0.04894
0.049063
0.049186
0.049112
0.048964
0.04894
0.049063
0.049186
0.049112
0.048964
0.048915
0.049038
0.049161
0.049112
0.048964
0.048915
0.049038
0.049161
0.049087
0.04894
0.04889
0.048989
0.049137
0.049063
0.048915
0.048866
0.048964
0.049112
0.049038
0.04889
0.049038
0.048866
0.048817
0.048915
0.049063
0.049013
0.048866
0.048792
0.048915
0.049063
0.049013
0.048866
0.048767
0.04889
0.049038
0.048989
0.048841
0.048767
0.048866
0.049013
0.048964
0.048817
0.048718
0.048841
0.048989
0.048964
0.048817
0.048718
0.048817
0.048964
0.04894
0.048792
0.048693
0.048792
0.04894
0.04889
0.048743
0.048669
0.048792
0.04894
