2018
8
16
9
53
10.236
0.068412
0.068437
0.068437
0.068437
0.068412
0.068387
0.068412
0.068412
0.068387
0.068338
0.068338
0.068338
0.068338
0.068314
0.068289
0.068264
0.068264
0.068289
0.068264
0.06824
0.06824
0.06824
0.068264
0.06824
0.068215
0.068191
0.068215
0.068215
0.068191
0.068166
0.068141
0.068141
0.068166
0.068141
0.068092
0.068067
0.068092
0.068092
0.068067
0.068018
0.067994
0.067944
0.06792
0.06792
0.06792
0.067895
0.067846
0.067821
0.067821
0.067797
0.067772
0.067747
0.067698
0.067698
0.067698
0.067674
0.067624
0.0676
0.067624
0.0676
0.067575
0.06755
0.067501
0.067501
0.067501
0.067477
0.067427
0.067403
0.067403
0.067403
0.067378
0.067329
0.067304
0.067304
0.067304
0.06728
0.06723
0.067206
0.067206
0.067206
0.067157
0.067132
0.067107
0.067083
0.067083
0.067083
0.067083
0.067058
0.067033
0.067033
0.067033
0.067009
0.06696
0.066935
0.066935
0.066935
0.066935
0.066886
0.066861
0.066861
0.066861
0.066861
0.066837
0.066812
0.066787
0.066812
0.066787
0.066763
0.066738
0.066738
0.066738
0.066738
0.066713
0.066689
0.066689
0.066689
0.066689
0.066664
0.06664
0.06664
0.06659
0.06659
0.066615
0.06659
0.066566
0.066541
0.066541
0.066541
0.066541
0.066517
0.066467
0.066467
0.066467
0.066443
0.066393
0.066393
0.066393
0.066393
0.066393
0.066369
0.066344
0.066369
0.066418
0.066418
0.066418
0.066393
0.066418
0.066443
0.066443
0.066418
0.066393
0.066369
0.066369
0.06632
0.06627
0.066221
0.066197
0.066197
0.066197
0.066147
0.066098
0.066073
0.066024
0.066024
0.066
0.066
0.06595
0.065901
0.065852
0.065827
0.065803
0.065753
0.06568
0.065655
0.06563
0.065606
0.065581
0.065532
0.065507
0.065507
0.065507
0.065458
0.065433
0.065433
0.065433
0.065409
0.065384
0.06536
0.065335
0.065335
0.06531
0.065261
0.065236
0.065187
0.065187
0.065163
0.065113
0.065064
0.065039
0.065015
0.064892
0.064892
0.064867
0.064843
0.064793
0.064769
0.064769
0.064744
0.064719
0.06467
0.064646
0.064646
0.064621
0.064596
0.064547
0.064523
0.064523
0.064523
0.064473
0.064449
0.064424
0.064424
0.064424
0.064375
0.06435
0.064326
0.064326
0.064301
0.064276
0.064252
0.064227
0.064202
0.064202
0.064153
0.064104
0.064079
0.064079
0.064055
0.06403
0.064006
0.063932
0.063907
0.063907
0.063907
0.063907
0.063882
0.063833
0.063833
0.063833
0.063809
0.063784
0.063759
0.063759
0.063759
0.063759
0.063735
0.063686
0.063686
0.063661
0.063661
0.063636
0.063612
0.063612
0.063612
0.063612
0.063587
0.063562
0.063538
0.063538
0.063538
0.063513
0.063489
0.063464
0.063464
0.063464
0.063439
0.063415
0.06339
0.063415
0.063415
0.063365
0.063365
0.063365
0.063316
0.063316
0.063316
0.063316
0.063316
0.063292
0.063267
0.063267
0.063292
0.063267
0.063267
0.063242
0.063242
0.063267
0.063242
0.063242
0.063218
0.063242
0.063242
0.063242
0.063218
0.063218
0.063242
0.063242
0.063242
0.063242
0.063218
0.063242
0.063242
0.063242
0.063242
0.063218
0.063242
0.063242
0.063242
0.063242
0.063218
0.063242
0.063267
0.063242
0.063242
0.063242
0.063267
0.063267
0.063267
0.063242
0.063267
0.063292
0.063292
0.063267
0.063267
0.063267
0.063292
0.063292
0.063267
0.063267
0.063292
0.063292
0.063316
0.063292
0.063292
0.063316
0.063316
0.063341
0.063316
0.063292
0.063316
0.063341
0.063341
0.063341
0.063316
0.063341
0.063365
0.063365
0.063341
0.063242
0.063242
0.063267
0.063267
0.06339
0.063513
0.063439
0.063292
0.063292
0.063415
0.063538
0.063489
0.063341
0.063316
0.063415
0.063489
0.06339
0.063193
0.063144
0.063242
0.063341
0.063267
0.063119
0.063119
0.063242
0.063365
0.063316
0.063169
0.063169
0.063316
0.063464
0.063415
0.063292
0.063292
0.063415
0.063538
0.063513
0.063365
0.063341
0.063489
0.063612
0.063587
0.06371
0.063661
0.063513
0.063464
0.063587
0.06371
0.063686
0.063538
0.063489
0.063612
0.063735
0.063686
0.063562
0.063489
0.063612
0.063735
0.06371
0.063562
0.063513
0.063636
0.063759
0.063735
0.063587
0.063538
0.063636
0.063784
0.063759
0.063636
0.063562
0.063661
0.063833
0.063809
0.063661
0.063587
0.06371
0.063858
0.063833
0.063686
0.063612
0.06371
0.063636
0.063735
0.063882
0.063858
0.06371
0.063636
0.063735
0.063882
0.063858
0.063735
0.063636
0.063735
0.063882
0.063858
0.063735
0.063636
0.06371
0.063858
0.063858
0.06371
0.063612
0.06371
0.063858
0.063858
0.06371
0.063612
0.06371
0.063858
0.063858
0.06371
0.063612
0.06371
0.063858
0.063858
0.063735
0.063636
0.06371
0.063858
0.063882
0.063759
0.063907
0.063784
0.063686
0.063759
0.063882
0.063907
0.063809
0.06371
0.063784
0.063907
0.063932
0.063833
0.063759
0.063809
0.063932
0.063956
0.063858
0.063784
0.063833
0.063956
0.063981
0.063882
0.063784
0.063833
0.063956
0.063981
0.063882
0.063784
0.063833
0.063956
0.064006
0.063907
0.063809
0.063833
0.063981
0.064006
0.063932
0.063809
0.063858
0.063981
0.063858
0.063981
0.064055
0.063956
0.063809
0.063858
0.063981
0.064055
0.063956
0.063833
0.063858
0.064006
0.064079
0.063981
0.063858
0.063882
0.06403
0.064104
0.064006
0.063858
0.063882
0.06403
0.064104
0.06403
0.063882
0.063907
0.064055
0.064129
0.06403
0.063907
0.063932
0.064079
0.064153
0.06403
0.063858
0.063833
0.063932
0.063981
0.063882
0.063735
0.063858
0.063759
0.063784
0.063882
0.063956
0.063932
0.063858
0.063882
0.063981
0.064055
0.064006
0.063956
0.063956
0.06403
0.064104
0.064079
0.06403
0.064055
0.064104
0.064153
0.064153
0.064104
0.064129
0.064153
0.064178
0.064153
0.064153
0.064153
0.064178
0.064178
0.064153
0.064153
0.064178
0.064178
0.064178
0.064178
0.064153
0.064178
0.064178
0.064202
0.064202
0.064202
0.064202
0.064202
0.064227
0.064252
0.064227
0.064227
0.064227
0.064252
0.064252
0.064252
0.064252
0.064252
0.064276
0.064301
0.064276
0.064276
0.064276
0.064301
0.064301
0.064276
0.064276
0.064276
0.064301
0.064301
0.064301
0.064276
0.064301
0.064301
0.064301
0.064301
0.064276
0.064276
0.064301
0.064301
0.064301
0.064276
0.064276
0.064301
0.064276
0.064301
0.064301
0.064301
0.064276
0.064301
0.064301
0.064326
0.064301
0.064301
0.064301
0.064326
0.06435
0.064326
0.064326
0.064326
0.06435
0.06435
0.06435
0.06435
0.06435
0.064375
0.064375
0.064375
0.064375
0.064375
0.064399
0.064399
0.064375
0.064375
0.064375
0.064399
0.064424
0.064399
0.064399
0.064399
0.064424
0.064424
0.064424
0.064399
0.064424
0.064424
0.064424
0.064424
0.064424
0.064424
0.064424
0.064424
0.064424
0.064424
0.064424
0.064424
0.064424
0.064449
0.064449
0.064449
0.064449
0.064449
0.064473
0.064473
0.064473
0.064473
0.064473
0.064498
0.064498
0.064498
0.064498
0.064498
0.064498
0.064498
0.064498
0.064498
0.064498
0.064498
0.064523
0.064498
0.064498
0.064498
0.064498
0.064523
0.064523
0.064523
0.064523
0.064523
0.064523
0.064523
0.064547
0.064547
0.064523
0.064523
0.064547
0.064547
0.064547
0.064547
0.064547
0.064547
0.064572
0.064572
0.064572
0.064572
0.064572
0.064572
0.064572
0.064572
0.064572
0.064596
0.064596
0.064596
0.064596
0.064596
0.064596
0.064621
0.064621
0.064621
0.064596
0.064621
0.064621
0.064621
0.064621
0.064621
0.064621
0.064621
0.064646
0.064646
0.064646
0.06467
0.064695
0.064719
0.064719
0.064695
0.06467
0.06467
0.064646
0.064621
0.064572
0.064547
0.064498
0.064449
0.064326
0.064178
0.06403
0.063907
0.063784
0.063661
0.063538
0.063439
0.063365
0.063292
0.063218
0.063144
0.063095
0.06307
0.063045
0.063045
0.063021
0.062996
0.062996
0.062996
0.062996
0.062972
0.062947
0.062947
0.062922
0.062922
0.062947
0.062947
0.062947
0.062922
0.062947
0.062972
0.062972
0.062972
0.062972
0.062972
0.062996
0.062996
0.063021
0.063021
0.063045
0.06307
0.06307
0.063095
0.063095
0.063119
0.063144
0.063169
0.063193
0.063218
0.063242
0.063267
0.063292
0.063292
0.063316
0.063316
0.063341
0.063365
0.06339
0.06339
0.063415
0.063439
0.063513
0.063538
0.063538
0.063562
0.063562
0.063587
0.063612
0.063612
0.063636
0.063636
0.063661
0.063661
0.063686
0.063686
0.06371
0.06371
0.063735
0.063759
0.063759
0.063759
0.063784
0.063784
0.063809
0.063809
0.063809
0.063809
0.063833
0.063833
0.063858
0.063858
0.063858
0.063882
0.063882
0.063882
0.063882
0.063907
0.063907
0.063932
0.063932
0.063932
0.063981
0.063981
0.063981
0.064006
0.064006
0.064006
0.06403
0.06403
0.064055
0.064055
0.064055
0.064055
0.064079
0.064079
0.064104
0.064104
0.064104
0.064129
0.064129
0.064129
0.064153
0.064153
0.064153
0.064153
0.064178
0.064153
0.064178
0.064178
0.064178
0.064202
0.064202
0.064202
0.064202
0.064202
0.064227
0.064202
0.064202
0.064202
0.064227
0.064227
0.064227
0.064227
0.064227
0.064227
0.064227
0.064227
0.064227
0.064227
0.064227
0.064227
0.064252
0.064252
0.064252
0.064227
0.064227
0.064227
0.064252
0.064252
0.064227
0.064227
0.064227
0.064252
0.064252
0.064227
0.064227
0.064227
0.064227
0.064227
0.064227
0.064227
0.064202
0.064227
0.064202
0.064202
0.064178
0.064178
0.064202
0.064178
0.064178
0.064178
0.064178
0.064178
0.064178
0.064153
0.064104
0.064055
0.064006
0.063956
0.063907
0.063882
0.063882
0.063858
0.063858
0.063858
0.063833
0.063833
0.063833
0.063833
0.063858
0.063858
0.063858
0.063882
0.063882
0.063882
0.063882
0.063882
0.063882
0.063882
0.063907
0.063907
0.063907
0.063907
0.063932
0.063932
0.063932
0.063932
0.063907
0.063907
0.063907
0.063882
0.063833
0.063833
0.063809
0.063809
0.063809
0.063809
0.063784
0.063759
0.063759
0.063759
0.063735
0.063735
0.06371
0.06371
0.06371
0.06371
0.063686
0.063661
0.063661
0.063661
0.063661
0.063636
0.063636
0.063612
0.063612
0.063612
0.063612
0.063587
0.063587
0.063587
0.063587
0.063562
0.063562
0.063538
0.063538
0.063538
0.063513
0.063513
0.063489
0.063489
0.063439
0.063415
0.06339
0.063365
0.063365
0.063365
0.063365
0.063316
0.063292
0.063267
0.063267
0.063292
0.063242
0.063218
0.063193
0.063193
0.063218
0.063193
0.063144
0.063095
0.063144
0.063169
0.063144
0.06307
0.063021
0.063045
0.063119
0.06307
0.062972
0.062922
0.062972
0.063045
0.062996
0.062898
0.062824
0.062898
0.062972
0.062947
0.062799
0.06275
0.06275
0.062676
0.06275
0.062849
0.062799
0.062676
0.062602
0.062676
0.062775
0.06275
0.062602
0.062528
0.062602
0.062701
0.062676
0.062553
0.062479
0.062528
0.062652
0.062627
0.062504
0.062405
0.062479
0.062578
0.062578
0.062455
0.062356
0.06243
0.062528
0.062528
0.062405
0.062307
0.062381
0.062479
0.062479
0.062356
0.062258
0.062307
0.06243
0.06243
0.062356
0.062356
0.062258
0.062159
0.062208
0.062307
0.062307
0.062184
0.062085
0.062135
0.062258
0.062258
0.062135
0.062036
0.062085
0.062184
0.062184
0.062061
0.061962
0.062012
0.06211
0.062135
0.062012
0.061913
0.061962
0.062061
0.062061
0.061962
0.061864
0.061888
0.061987
0.062012
0.061913
0.06179
0.061839
0.061938
0.061938
0.061864
0.061741
0.061765
0.061716
0.061815
0.061839
0.061741
0.061642
0.061667
0.061765
0.06179
0.061716
0.061593
0.061568
0.061618
0.061593
0.06147
0.061322
0.061322
0.061396
0.061421
0.061347
0.061248
0.061248
0.061347
0.061396
0.061322
0.061248
0.061273
0.061371
0.061421
0.061371
0.061273
0.061298
0.061371
0.061421
0.061347
0.061273
0.061273
0.061371
0.061421
0.061347
0.061273
0.061322
0.061224
0.061224
0.061298
0.061347
0.061273
0.061175
0.061175
0.061248
0.061298
0.061248
0.06115
0.06115
0.061224
0.061273
0.061224
0.061125
0.061125
0.061199
0.061273
0.061199
0.061101
0.061101
0.061175
0.061248
0.061199
0.061101
0.061076
0.061175
0.061224
0.061175
0.061101
0.061076
0.06115
0.061224
0.061175
0.061076
0.061076
0.06115
0.061199
0.061125
0.061199
0.06115
0.061051
0.061051
0.061101
0.061175
0.061125
0.061027
0.061027
0.061076
0.06115
0.061101
0.061002
0.060978
0.061051
0.061125
0.061076
0.060978
0.060953
0.061027
0.061101
0.061051
0.060953
0.060928
0.061002
0.061076
0.061051
0.060953
0.060928
0.061002
0.061076
0.061051
0.060953
0.060928
0.061002
0.061076
0.061051
0.060978
0.060928
0.060953
0.061002
0.061101
0.061076
0.061002
0.060953
0.061027
0.061101
0.061101
0.061002
0.060978
0.061027
0.061125
0.061101
0.061027
0.060978
0.061027
0.061101
0.061076
0.061002
0.060953
0.061002
0.061076
0.061076
0.060978
0.060928
0.060978
0.061076
0.061051
0.060978
0.060928
0.060978
0.061076
0.061051
0.060978
0.060928
0.060978
0.061076
0.061076
0.061002
0.061002
0.060953
0.061002
0.061076
0.061076
0.061002
0.060953
0.061002
0.061076
0.061076
0.061002
0.060953
0.061002
0.061076
0.061076
0.061002
0.060928
0.060978
0.061051
0.061076
0.060978
0.060928
0.060978
0.061051
0.061076
0.061002
0.060928
0.060978
0.061076
0.061076
0.061002
0.060928
0.060978
0.061076
0.061076
0.061027
0.060953
0.060978
0.061076
0.061101
0.061076
0.061101
0.061027
0.060953
0.061002
0.061076
0.061101
0.061027
0.060978
0.061002
0.061101
0.061125
0.061051
0.060928
0.060928
0.060953
0.060953
0.060854
0.060781
0.060805
0.060879
0.060904
0.06083
0.060756
0.060781
0.060879
0.060928
0.060904
0.06083
0.060879
0.060978
0.061027
0.060978
0.060904
0.060928
0.061027
0.061076
0.061027
0.060953
0.061002
0.061002
0.061027
0.061125
0.06115
0.061101
0.061027
0.061027
0.061101
0.06115
0.061101
0.061027
0.061051
0.061125
0.061175
0.061101
0.061027
0.061051
0.061125
0.061175
0.061125
0.061027
0.061051
0.061125
0.061175
0.061125
0.061051
0.061051
0.061125
0.061199
0.06115
0.061051
0.061076
0.06115
0.061224
0.061175
0.061101
0.061101
0.061175
0.061224
0.061175
0.061224
0.061175
0.061101
0.061101
0.061175
0.061224
0.061175
0.061101
0.061076
0.06115
0.061199
0.06115
0.061076
0.061051
0.061125
0.061175
0.06115
0.061051
0.061027
0.061101
0.06115
0.061125
0.061027
0.061027
0.061076
0.061125
0.061101
0.061027
0.061002
0.061076
0.061125
0.061101
0.061027
0.061002
0.061076
0.06115
0.061101
0.061027
0.061002
0.061076
0.061002
0.061076
0.06115
0.061101
0.061027
0.061002
0.061051
0.061125
0.061101
0.061027
0.061002
0.061076
0.06115
0.061125
0.061051
0.061002
0.061076
0.06115
0.061125
0.061051
0.061002
0.061076
0.06115
0.061125
0.061051
0.061002
0.061051
0.06115
0.061125
0.061051
0.061002
0.061051
0.06115
0.061125
0.061051
0.061002
0.061076
0.06115
0.061125
0.061051
0.061125
0.061051
0.061027
0.061076
0.06115
0.061125
0.061051
0.061027
0.061076
0.06115
0.061125
0.061076
0.061027
0.061076
0.06115
0.061125
0.061076
0.061027
0.061076
0.06115
0.061125
0.061076
0.061002
0.061051
0.06115
0.06115
0.061076
0.061027
0.061076
0.06115
0.06115
0.061076
0.061027
0.061076
0.06115
0.06115
0.061076
0.061027
0.061076
0.06115
0.061076
0.06115
0.06115
0.061101
0.061027
0.061076
0.06115
0.061175
0.061101
0.061027
0.061076
0.06115
0.061175
0.061101
0.061051
0.061076
0.06115
0.061175
0.061101
0.061051
0.061076
0.06115
0.061175
0.061125
0.061051
0.061076
0.06115
0.061175
0.061101
0.061051
0.061076
0.06115
0.061175
0.061125
0.061051
0.061076
0.06115
0.061175
0.061125
0.061051
0.061076
0.060953
0.060953
0.060978
0.060978
0.060904
0.06083
0.060854
0.060928
0.060953
0.060904
0.06083
0.060854
0.060953
0.061002
0.060953
0.060904
0.060953
0.061051
0.061076
0.061051
0.060978
0.061002
0.061076
0.061125
0.061101
0.061027
0.061051
0.06115
0.061199
0.06115
0.061101
0.061101
0.061175
0.061224
0.061175
0.061101
0.061101
0.061199
0.061224
0.061199
0.061248
0.061199
0.061125
0.061125
0.061199
0.061248
0.061199
0.061125
0.061125
0.061199
0.061248
0.061199
0.061125
0.061125
0.061199
0.061248
0.061224
0.06115
0.06115
0.061224
0.061273
0.061224
0.06115
0.06115
0.061224
0.061273
0.061248
0.061175
0.06115
0.061224
0.061273
0.061248
0.061175
0.06115
0.061224
0.061273
0.061248
0.06115
0.06115
0.06115
0.061125
0.061199
0.061248
0.061199
0.061125
0.061101
0.061175
0.061224
0.061199
0.061125
0.061101
0.06115
0.061199
0.061175
0.061101
0.061076
0.061125
0.061199
0.061175
0.061101
0.061076
0.061125
0.061199
0.061175
0.061101
0.061076
0.061125
0.061199
0.061175
0.061101
0.061076
0.061125
0.061199
0.061175
0.061101
0.061076
0.061125
0.061199
0.061175
0.061199
0.061199
0.061125
0.061076
0.061125
0.061199
0.061199
0.061125
0.061076
0.061125
0.061199
0.061199
0.061125
0.061076
0.061125
0.061199
0.061199
0.061125
0.061076
0.061125
0.061199
0.061199
0.061125
0.061076
0.061125
0.061199
0.061199
0.061125
0.061076
0.061125
0.061199
0.061199
0.061125
0.061076
0.061125
0.061199
0.061199
0.061125
0.061076
0.061125
0.061101
0.06115
0.061224
0.061224
0.06115
0.061101
0.06115
0.061224
0.061224
0.06115
0.061101
0.06115
0.061224
0.061224
0.061175
0.061101
0.06115
0.061224
0.061224
0.061175
0.061101
0.06115
0.061224
0.061224
0.061175
0.061101
0.06115
0.061248
0.061248
0.061175
0.061125
0.06115
0.061248
0.061248
0.061199
0.061125
0.06115
0.061224
0.061248
0.061175
0.061248
0.061175
0.061125
0.06115
0.061224
0.061248
0.061175
0.061101
0.06115
0.061224
0.061248
0.061175
0.061101
0.06115
0.061224
0.061248
0.061199
0.061125
0.06115
0.061224
0.061248
0.061199
0.061125
0.06115
0.061224
0.061273
0.061199
0.061125
0.06115
0.061248
0.061273
0.061224
0.061125
0.06115
0.061248
0.061273
0.061224
0.06115
0.061175
0.061248
0.06115
0.061248
0.061273
0.061224
0.06115
0.06115
0.061224
0.061273
0.061224
0.06115
0.06115
0.061224
0.061273
0.061224
0.06115
0.06115
0.061224
0.061273
0.061224
0.061125
0.06115
0.061224
0.061273
0.061224
0.06115
0.06115
0.061224
0.061273
0.061224
0.06115
0.06115
0.061224
0.061273
0.061224
0.061125
0.06115
0.061224
0.061273
0.061224
0.06115
0.061248
0.06115
0.061101
0.061125
0.06115
0.061051
0.060953
0.060928
0.061002
0.061051
0.061002
0.060928
0.060928
0.061002
0.061051
0.061027
0.060978
0.060978
0.061076
0.06115
0.061125
0.061051
0.061051
0.061125
0.061199
0.061175
0.061101
0.061101
0.061175
0.061248
0.061224
0.061175
0.06115
0.061224
0.061298
0.061273
0.061175
0.06115
0.061224
0.061298
0.061224
0.061298
0.061273
0.061175
0.06115
0.061224
0.061298
0.061273
0.061199
0.061175
0.061224
0.061322
0.061298
0.061199
0.061175
0.061248
0.061322
0.061298
0.061224
0.061199
0.061248
0.061322
0.061322
0.061224
0.061199
0.061248
0.061347
0.061322
0.061248
0.061199
0.061273
0.061347
0.061322
0.061248
0.061199
0.061273
0.061347
0.061322
0.061248
0.061199
0.061224
0.061175
0.061248
0.061322
0.061298
0.061224
0.061175
0.061224
0.061298
0.061273
0.061199
0.06115
0.061199
0.061273
0.061273
0.061199
0.061125
0.061175
0.061273
0.061248
0.061175
0.061125
0.061175
0.061248
0.061248
0.061175
0.061125
0.061175
0.061248
0.061248
0.061175
0.061125
0.06115
0.061248
0.061248
0.061175
0.061125
0.06115
0.061248
0.061248
0.061248
0.061248
0.061175
0.061125
0.06115
0.061248
0.061248
0.061175
0.061101
0.06115
0.061224
0.061248
0.061175
0.061101
0.06115
0.061224
0.061248
0.061175
0.061101
0.06115
0.061224
0.061248
0.061175
0.061101
0.061125
0.061224
0.061248
0.061175
0.061101
0.061125
0.061199
0.061224
0.06115
0.061101
0.061125
0.061199
0.061199
0.06115
0.061076
0.061101
0.061051
0.061076
0.06115
0.061175
0.061125
0.061027
0.061051
0.061125
0.06115
0.061101
0.061027
0.061027
0.061101
0.06115
0.061076
0.061002
0.061002
0.061076
0.061101
0.061051
0.060953
0.060953
0.061027
0.061051
0.061002
0.060928
0.060928
0.060978
0.061027
0.060953
0.060879
0.060879
0.060928
0.060978
0.060904
0.06083
0.06083
0.060879
0.060928
0.060854
0.06083
0.060731
0.060731
0.060805
0.06083
0.060781
0.060707
0.060682
0.060731
0.060781
0.060731
0.060633
0.060633
0.060682
0.060731
0.060658
0.060584
0.060559
0.060633
0.060658
0.060608
0.060534
0.06051
0.060559
0.060608
0.060559
0.060485
0.060461
0.060534
0.060584
0.060534
0.060461
0.060436
0.060485
0.060534
0.060485
0.060387
0.060362
0.060411
0.060461
0.060338
0.060387
0.060338
0.060264
0.060239
0.060288
0.060338
0.060288
0.060214
0.06019
0.060239
0.060313
0.060264
0.060165
0.060067
0.060067
0.060067
0.059993
0.059894
0.05987
0.059894
0.059944
0.059919
0.059845
0.059821
0.05987
0.059919
0.059919
0.05987
0.059845
0.059919
0.059993
0.059968
0.059919
0.05987
0.059919
0.059993
0.059968
0.059894
0.05987
0.059894
0.05987
0.059894
0.059944
0.059919
0.059845
0.059771
0.059796
0.059845
0.059821
0.059747
0.059697
0.059722
0.059771
0.059747
0.059673
0.059624
0.059648
0.059697
0.059697
0.059599
0.05955
0.059599
0.059648
0.059624
0.05955
0.059501
0.059525
0.059574
0.059574
0.059501
0.059451
0.059476
0.059525
0.059501
0.059427
0.059377
0.059402
0.059451
0.059427
0.059377
0.059353
0.059279
0.05923
0.059254
0.059304
0.059304
0.05923
0.059156
0.059181
0.05923
0.059205
0.059131
0.059082
0.059082
0.059131
0.059131
0.059057
0.059008
0.059008
0.059057
0.059033
0.058959
0.05891
0.05891
0.058959
0.058934
0.058885
0.058811
0.058811
0.05886
0.05886
0.058787
0.058737
0.058737
0.058787
0.058787
0.058713
0.058639
0.058664
0.058565
0.058565
0.058614
0.058614
0.05854
0.058491
0.058491
0.05854
0.05854
0.058491
0.058417
0.058417
0.058467
0.058467
0.058417
0.058368
0.058368
0.058393
0.058417
0.058368
0.058294
0.05827
0.058319
0.058319
0.05827
0.058196
0.058196
0.058245
0.05827
0.05822
0.058147
0.058147
0.058171
0.058196
0.058147
0.058097
0.058073
0.058122
0.058147
0.058097
0.058073
0.058023
0.05795
0.05795
0.057999
0.058023
0.057974
0.0579
0.0579
0.057925
0.05795
0.057925
0.057851
0.057851
0.057876
0.0579
0.057851
0.057802
0.057777
0.057827
0.057851
0.057802
0.057728
0.057728
0.057777
0.057777
0.057753
0.057703
0.057679
0.057728
0.057753
0.057728
0.057654
0.057654
0.057679
0.057728
0.057679
0.05763
0.05763
0.057654
0.057605
0.057654
0.057679
0.057654
0.057605
0.05758
0.05763
0.057654
0.05763
0.05758
0.057556
0.057605
0.057654
0.057605
0.057556
0.057531
0.05758
0.057605
0.057605
0.057531
0.057507
0.057556
0.05758
0.057556
0.057507
0.057482
0.057531
0.05758
0.057556
0.057482
0.057482
0.057507
0.057556
0.057531
0.057482
0.057457
0.057507
0.057531
0.057531
0.057482
0.057507
0.057482
0.057457
0.057507
0.057531
0.057457
0.057359
0.05731
0.057285
0.05731
0.057285
0.057236
0.057186
0.057236
0.057285
0.05726
0.057236
0.057211
0.05726
0.057334
0.057334
0.05731
0.05731
0.057359
0.057408
0.057408
0.057359
0.057359
0.057383
0.057457
0.057482
0.057433
0.057408
0.057457
0.057531
0.057531
0.057482
0.057457
0.057482
0.057531
0.057482
0.057531
0.057531
0.057482
0.057457
0.057482
0.057531
0.057531
0.057482
0.057457
0.057482
0.057531
0.057556
0.057507
0.057457
0.057507
0.057556
0.057556
0.057507
0.057482
0.057507
0.057556
0.05758
0.057531
0.057482
0.057507
0.057556
0.05758
0.057531
0.057482
0.057531
0.05758
0.05758
0.057531
0.057507
0.057531
0.05758
0.05758
0.057531
0.057482
0.057531
0.057482
0.057482
0.057531
0.057556
0.057507
0.057457
0.057457
0.057507
0.057531
0.057482
0.057433
0.057433
0.057482
0.057507
0.057457
0.057408
0.057408
0.057482
0.057482
0.057433
0.057383
0.057408
0.057457
0.057482
0.057433
0.057383
0.057408
0.057457
0.057482
0.057433
0.057383
0.057408
0.057457
0.057482
0.057433
0.057383
0.057408
0.057457
0.057482
0.057457
0.057482
0.057457
0.057408
0.057408
0.057457
0.057507
0.057457
0.057408
0.057408
0.057457
0.057507
0.057457
0.057408
0.057408
0.057457
0.057482
0.057457
0.057408
0.057408
0.057457
0.057482
0.057457
0.057408
0.057408
0.057457
0.057482
0.057457
0.057408
0.057408
0.057457
0.057482
0.057457
0.057408
0.057408
0.057457
0.057507
0.057457
0.057408
0.057408
