2018
5
31
10
15
26.91
-0.010659
-0.010684
-0.010733
-0.010807
-0.010906
-0.010979
-0.011029
-0.011053
-0.011078
-0.011102
-0.011102
-0.011078
-0.011029
-0.010979
-0.01093
-0.010881
-0.010832
-0.010807
-0.010758
-0.010733
-0.010709
-0.010684
-0.010659
-0.010659
-0.010635
-0.010635
-0.010635
-0.010635
-0.010635
-0.010635
-0.01061
-0.01061
-0.01061
-0.01061
-0.01061
-0.01061
-0.01061
-0.01061
-0.01061
-0.01061
-0.01061
-0.010586
-0.010586
-0.010586
-0.010586
-0.010586
-0.010586
-0.010586
-0.010561
-0.010561
-0.010561
-0.010561
-0.010561
-0.010561
-0.010561
-0.010561
-0.010561
-0.010561
-0.010586
-0.010586
-0.010586
-0.010586
-0.01061
-0.010635
-0.010635
-0.010659
-0.010659
-0.010659
-0.010684
-0.010684
-0.010684
-0.010709
-0.010709
-0.010709
-0.010709
-0.010709
-0.010709
-0.010709
-0.010733
-0.010709
-0.010709
-0.010709
-0.010709
-0.010709
-0.010709
-0.010709
-0.010709
-0.010709
-0.010709
-0.010709
-0.010709
-0.010709
-0.010709
-0.010709
-0.010709
-0.010709
-0.010709
-0.010709
-0.010709
-0.010709
-0.010709
-0.010709
-0.010709
-0.010733
-0.010733
-0.010733
-0.010733
-0.010709
-0.010709
-0.010709
-0.010709
-0.010709
-0.010709
-0.010733
-0.010733
-0.010733
-0.010733
-0.010733
-0.010733
-0.010733
-0.010733
-0.010733
-0.010733
-0.010733
-0.010733
-0.010733
-0.010733
-0.010758
-0.010733
-0.010758
-0.010758
-0.010758
-0.010758
-0.010758
-0.010758
-0.010758
-0.010758
-0.010758
-0.010758
-0.010758
-0.010758
-0.010758
-0.010758
-0.010758
-0.010758
-0.010758
-0.010758
-0.010758
-0.010758
-0.010758
-0.010758
-0.010758
-0.010758
-0.010758
-0.010758
-0.010758
-0.010758
-0.010758
-0.010758
-0.010758
-0.010782
-0.010782
-0.010782
-0.010782
-0.010782
-0.010782
-0.010782
-0.010782
-0.010782
-0.010782
-0.010782
-0.010782
-0.010782
-0.010782
-0.010782
-0.010782
-0.010782
-0.010782
-0.010782
-0.010782
-0.010782
-0.010782
-0.010782
-0.010782
-0.010782
-0.010782
-0.010782
-0.010807
-0.010807
-0.010807
-0.010807
-0.010807
-0.010807
-0.010807
-0.010807
-0.010807
-0.010807
-0.010807
-0.010807
-0.010807
-0.010807
-0.010832
-0.010807
-0.010807
-0.010807
-0.010807
-0.010807
-0.010807
-0.010832
-0.010832
-0.010856
-0.010881
-0.010881
-0.010881
-0.010881
-0.010881
-0.010881
-0.010906
-0.01093
-0.010955
-0.010955
-0.010955
-0.010955
-0.010955
-0.010979
-0.010979
-0.010979
-0.010955
-0.010955
-0.010955
-0.010955
-0.010955
-0.010955
-0.010955
-0.010955
-0.010979
-0.010979
-0.010979
-0.010979
-0.01093
-0.010856
-0.010856
-0.010856
-0.010856
-0.010856
-0.010856
-0.010856
-0.010856
-0.010856
-0.010832
-0.010856
-0.010856
-0.010856
-0.010856
-0.010856
-0.010856
-0.010856
-0.010856
-0.010856
-0.010856
-0.010856
-0.010856
-0.010856
-0.010856
-0.010856
-0.010856
-0.010856
-0.010856
-0.010856
-0.010856
-0.010856
-0.010856
-0.010856
-0.010856
-0.010856
-0.010856
-0.010856
-0.010856
-0.010856
-0.010856
-0.010881
-0.010881
-0.010881
-0.010881
-0.010881
-0.010881
-0.010881
-0.010881
-0.010881
-0.010881
-0.010881
-0.010906
-0.010906
-0.010906
-0.01093
-0.01093
-0.01093
-0.01093
-0.01093
-0.01093
-0.01093
-0.01093
-0.01093
-0.010955
-0.010955
-0.010955
-0.01093
-0.01093
-0.01093
-0.01093
-0.01093
-0.01093
-0.01093
-0.01093
-0.01093
-0.01093
-0.010955
-0.010955
-0.01093
-0.01093
-0.01093
-0.01093
-0.01093
-0.01093
-0.01093
-0.01093
-0.01093
-0.01093
-0.01093
-0.01093
-0.01093
-0.01093
-0.01093
-0.010955
-0.010955
-0.010955
-0.010955
-0.010955
-0.010979
-0.010979
-0.010979
-0.010979
-0.011004
-0.011004
-0.011004
-0.011004
-0.011004
-0.011004
-0.011004
-0.011004
-0.011004
-0.011004
-0.011029
-0.011029
-0.011029
-0.011029
-0.011029
-0.011029
-0.011029
-0.011029
-0.011053
-0.011053
-0.011053
-0.011053
-0.011053
-0.011053
-0.011053
-0.011053
-0.011078
-0.011078
-0.011078
-0.011078
-0.011078
-0.011078
-0.011102
-0.011102
-0.011078
-0.011078
-0.011078
-0.011078
-0.011078
-0.011078
-0.011078
-0.011078
-0.011102
-0.011102
-0.011102
-0.011102
-0.011127
-0.011152
-0.011152
-0.011176
-0.011176
-0.011176
-0.011176
-0.011201
-0.01125
-0.01125
-0.011275
-0.011275
-0.011299
-0.011324
-0.011324
-0.011299
-0.011299
-0.011299
-0.011299
-0.011299
-0.011299
-0.011299
-0.011299
-0.011324
-0.011324
-0.011324
-0.011299
-0.011275
-0.011226
-0.011201
-0.011176
-0.011176
-0.011176
-0.011176
-0.011176
-0.011176
-0.011176
-0.011176
-0.011176
-0.011152
-0.011152
-0.011176
-0.011176
-0.011176
-0.011176
-0.011176
-0.011176
-0.011176
-0.011176
-0.011176
-0.011176
-0.011176
-0.011176
-0.011176
-0.011176
-0.011176
-0.011176
-0.011176
-0.011176
-0.011176
-0.011176
-0.011176
-0.011176
-0.011176
-0.011176
-0.011176
-0.011176
-0.011152
-0.011176
-0.011176
-0.011176
-0.011176
-0.011176
-0.011176
-0.011176
-0.011176
-0.011176
-0.011176
-0.011176
-0.011176
-0.011201
-0.011201
-0.011226
-0.011226
-0.011226
-0.011226
-0.01125
-0.01125
-0.01125
-0.01125
-0.01125
-0.011275
-0.011275
-0.011275
-0.011275
-0.011275
-0.011275
-0.011275
-0.011299
-0.011275
-0.011275
-0.011275
-0.011275
-0.011299
-0.011299
-0.011299
-0.011275
-0.011275
-0.011299
-0.011299
-0.011299
-0.011299
-0.011299
-0.011324
-0.011324
-0.011324
-0.011349
-0.011349
-0.011398
-0.011447
-0.011521
-0.011595
-0.011693
-0.011718
-0.011743
-0.011767
-0.011792
-0.011816
-0.011767
-0.011718
-0.011669
-0.011619
-0.011447
-0.011423
-0.011398
-0.011373
-0.011349
-0.011349
-0.011324
-0.011324
-0.011324
-0.011324
-0.011324
-0.011324
-0.011324
-0.011299
-0.011299
-0.011299
-0.011299
-0.011299
-0.011299
-0.011299
-0.011299
-0.011275
-0.011275
-0.011275
-0.011275
-0.011275
-0.01125
-0.01125
-0.01125
-0.01125
-0.01125
-0.01125
-0.011226
-0.011226
-0.011226
-0.011226
-0.011226
-0.011226
-0.011226
-0.011226
-0.011275
-0.011299
-0.011299
-0.011324
-0.011324
-0.011349
-0.011349
-0.011373
-0.011373
-0.011373
-0.011373
-0.011398
-0.011398
-0.011398
-0.011398
-0.011398
-0.011398
-0.011398
-0.011398
-0.011398
-0.011398
-0.011423
-0.011398
-0.011398
-0.011398
-0.011398
-0.011398
-0.011398
-0.011423
-0.011423
-0.011423
-0.011423
-0.011423
-0.011423
-0.011423
-0.011447
-0.011447
-0.011447
-0.011447
-0.011447
-0.011447
-0.011447
-0.011447
-0.011447
-0.011447
-0.011447
-0.011447
-0.011447
-0.011447
-0.011447
-0.011472
-0.011472
-0.011472
-0.011472
-0.011472
-0.011472
-0.011472
-0.011472
-0.011472
-0.011472
-0.011472
-0.011472
-0.011472
-0.011472
-0.011472
-0.011472
-0.011472
-0.011472
-0.011472
-0.011472
-0.011472
-0.011472
-0.011472
-0.011472
-0.011472
-0.011472
-0.011472
-0.011472
-0.011472
-0.011472
-0.011447
-0.011447
-0.011447
-0.011447
-0.011447
-0.011447
-0.011447
-0.011447
-0.011447
-0.011447
-0.011447
-0.011447
-0.011447
-0.011447
-0.011447
-0.011447
-0.011447
-0.011447
-0.011472
-0.011472
-0.011472
-0.011472
-0.011447
-0.011447
-0.011472
-0.011472
-0.011447
-0.011447
-0.011447
-0.011447
-0.011447
-0.011447
-0.011447
-0.011447
-0.011447
-0.011447
-0.011447
-0.011447
-0.011447
-0.011447
-0.011447
-0.011447
-0.011447
-0.011447
-0.011447
-0.011447
-0.011447
-0.011447
-0.011447
-0.011447
-0.011447
-0.011447
-0.011447
-0.011447
-0.011447
-0.011423
-0.011423
-0.011423
-0.011423
-0.011398
-0.011398
-0.011398
-0.011398
-0.011373
-0.011373
-0.011373
-0.011373
-0.011373
-0.011349
-0.011349
-0.011349
-0.011349
-0.011349
-0.011349
-0.011324
-0.011324
-0.011324
-0.011299
-0.011299
-0.011299
-0.011299
-0.011299
-0.011324
-0.011324
-0.011324
-0.011324
-0.011324
-0.011299
-0.011324
-0.011349
-0.011373
-0.011398
-0.011398
-0.011398
-0.011398
-0.011398
-0.011423
-0.011423
-0.011423
-0.011423
-0.011423
-0.011423
-0.011423
-0.011398
-0.011398
-0.011398
-0.011373
-0.011398
-0.011423
-0.011398
-0.011373
-0.011349
-0.011324
-0.011299
-0.011299
-0.011275
-0.011275
-0.011275
-0.011275
-0.01125
-0.01125
-0.01125
-0.01125
-0.01125
-0.01125
-0.01125
-0.01125
-0.01125
-0.01125
-0.01125
-0.01125
-0.01125
-0.011275
-0.011275
-0.011275
-0.011275
-0.011299
-0.011299
-0.011299
-0.011299
-0.011324
-0.011324
-0.011349
-0.011349
-0.011373
-0.011398
-0.011398
-0.011423
-0.011423
-0.011423
-0.011423
-0.011447
-0.011472
-0.011472
-0.011472
-0.011496
-0.011496
-0.011496
-0.011521
-0.011521
-0.011546
-0.01157
-0.01157
-0.01157
-0.011595
-0.011595
-0.011595
-0.011619
-0.011619
-0.011644
-0.011644
-0.011644
-0.011644
-0.011669
-0.011669
-0.011669
-0.011669
-0.011669
-0.011669
-0.011693
-0.011693
-0.011693
-0.011693
-0.011693
-0.011693
-0.011693
-0.011693
-0.011718
-0.011718
-0.011718
-0.011718
-0.011718
-0.011718
-0.011718
-0.011718
-0.011743
-0.011743
-0.011743
-0.011743
-0.011743
-0.011743
-0.011767
-0.011767
-0.011767
-0.011767
-0.011767
-0.011767
-0.011767
-0.011767
-0.011767
-0.011792
-0.011792
-0.011792
-0.011792
-0.011792
-0.011792
-0.011792
-0.011792
-0.011792
-0.011816
-0.011816
-0.011816
-0.011816
-0.011816
-0.011816
-0.011816
-0.011816
-0.011816
-0.011816
-0.011816
-0.011816
-0.011816
-0.011816
-0.011816
-0.011816
-0.011816
-0.011816
-0.011816
-0.011816
-0.011841
-0.011841
-0.011841
-0.011841
-0.011841
-0.011841
-0.011841
-0.011841
-0.011841
-0.011841
-0.011841
-0.011841
-0.011841
-0.011841
-0.011841
-0.011841
-0.011841
-0.011841
-0.011841
-0.011841
-0.011841
-0.011841
-0.011841
-0.011841
-0.011866
-0.011866
-0.01189
-0.01189
-0.01189
-0.01189
-0.01189
-0.011915
-0.011939
-0.011964
-0.011989
-0.011989
-0.011964
-0.011964
-0.011964
-0.011989
-0.011989
-0.011964
-0.011964
-0.011964
-0.011964
-0.011964
-0.011964
-0.011989
-0.011989
-0.012013
-0.011989
-0.011939
-0.011915
-0.011866
-0.011841
-0.011841
-0.011841
-0.011841
-0.011841
-0.011841
-0.011841
-0.011816
-0.011816
-0.011816
-0.011816
-0.011816
-0.011816
-0.011816
-0.011816
-0.011816
-0.011816
-0.011816
-0.011816
-0.011816
-0.011816
-0.011816
-0.011816
-0.011816
-0.011816
-0.011816
-0.011816
-0.011816
-0.011792
-0.011792
-0.011792
-0.011792
-0.011792
-0.011792
-0.011816
-0.011816
-0.011792
-0.011792
-0.011792
-0.011792
-0.011792
-0.011792
-0.011792
-0.011792
-0.011816
-0.011792
-0.011816
-0.011816
-0.011816
-0.011816
-0.011816
-0.011841
-0.011841
-0.011841
-0.011841
-0.011841
-0.011866
-0.011866
-0.011866
-0.011866
-0.011866
-0.011866
-0.011866
-0.011866
-0.01189
-0.01189
-0.011866
-0.01189
-0.01189
-0.01189
-0.01189
-0.01189
-0.01189
-0.01189
-0.01189
-0.01189
-0.01189
-0.01189
-0.01189
-0.01189
-0.01189
-0.01189
-0.01189
-0.01189
-0.011915
-0.011939
-0.011989
-0.012038
-0.012112
-0.012186
-0.012284
-0.012333
-0.012358
-0.012383
-0.012383
-0.012383
-0.012358
-0.012333
-0.012284
-0.01221
-0.012161
-0.012136
-0.012087
-0.012063
-0.012038
-0.011989
-0.011964
-0.011915
-0.01189
-0.01189
-0.01189
-0.01189
-0.01189
-0.011866
-0.011866
-0.011866
-0.011866
-0.011866
-0.011866
-0.011866
-0.011866
-0.011866
-0.011841
-0.011866
-0.011841
-0.011841
-0.011841
-0.011841
-0.011816
-0.011816
-0.011816
-0.011816
-0.011816
-0.011816
-0.011816
-0.011792
-0.011792
-0.011792
-0.011816
-0.011792
-0.011816
-0.011816
-0.011816
-0.011816
-0.011816
-0.011841
-0.011841
-0.01189
-0.01189
-0.011915
-0.011915
-0.011939
-0.011939
-0.011939
-0.011964
-0.011964
-0.011964
-0.011964
-0.011964
-0.011989
-0.011989
-0.011989
-0.011989
-0.011989
-0.011989
-0.011989
-0.011989
-0.011989
-0.012013
-0.012013
-0.012013
-0.012013
-0.012013
-0.012013
-0.012013
-0.012013
-0.012013
-0.012013
-0.012013
-0.012013
-0.012013
-0.012013
-0.012013
-0.012013
-0.012013
-0.012013
-0.012013
-0.012038
-0.012038
-0.012038
-0.012038
-0.012038
-0.012038
-0.012038
-0.012038
-0.012038
-0.012038
-0.012063
-0.012063
-0.012063
-0.012063
-0.012063
-0.012063
-0.012063
-0.012063
-0.012063
-0.012063
-0.012063
-0.012087
-0.012087
-0.012087
-0.012087
-0.012063
-0.012063
-0.012063
-0.012063
-0.012063
-0.012063
-0.012063
-0.012063
-0.012063
-0.012087
-0.012063
-0.012087
-0.012087
-0.012087
-0.012087
-0.012112
-0.012112
-0.012112
-0.012112
-0.012112
-0.012112
-0.012112
-0.012112
-0.012112
-0.012112
-0.012112
-0.012112
-0.012112
-0.012112
-0.012112
-0.012112
-0.012112
-0.012112
-0.012112
-0.012112
-0.012112
-0.012112
-0.012112
-0.012112
-0.012112
-0.012112
-0.012112
-0.012136
-0.012136
-0.012161
-0.012161
-0.012186
-0.012186
-0.012186
-0.012186
-0.012186
-0.012186
-0.012235
-0.012235
-0.01226
-0.012235
-0.012235
-0.01226
-0.012235
-0.012235
-0.01221
-0.01221
-0.01221
-0.01221
-0.01221
-0.012186
-0.012186
-0.012186
-0.01221
-0.01221
-0.01221
-0.012186
-0.012161
-0.012136
-0.012112
-0.012112
-0.012112
-0.012112
-0.012087
-0.012087
-0.012087
-0.012087
-0.012087
-0.012087
-0.012112
-0.012087
-0.012087
-0.012112
-0.012112
-0.012112
-0.012112
-0.012112
-0.012112
-0.012112
-0.012136
-0.012136
-0.012136
-0.012136
-0.012161
-0.012161
-0.012161
-0.012161
-0.012161
-0.012161
-0.012161
-0.012161
-0.012161
-0.012161
-0.012161
-0.012161
-0.012161
-0.012161
-0.012161
-0.012161
-0.012161
-0.012161
-0.012161
-0.012186
-0.012186
-0.012186
-0.012186
-0.01221
-0.01221
-0.01221
-0.01221
-0.01221
-0.01221
-0.012235
-0.012235
-0.012235
-0.01226
-0.01226
-0.01226
-0.01226
-0.012284
-0.012284
-0.012284
-0.012284
-0.012284
-0.012284
-0.012284
-0.012284
-0.012284
-0.012284
-0.012284
-0.012284
-0.012284
-0.012284
-0.012284
-0.012284
-0.012284
-0.012309
-0.012309
-0.012309
-0.012309
-0.012309
-0.012309
-0.012309
-0.012309
-0.012309
-0.012333
-0.012333
-0.012333
-0.012333
-0.012333
-0.012333
-0.012333
-0.012333
-0.012333
-0.012333
-0.012358
-0.012358
-0.012358
-0.012358
-0.012358
-0.012358
-0.012383
-0.012383
-0.012383
-0.012383
-0.012383
-0.012383
-0.012383
-0.012383
-0.012383
-0.012383
-0.012383
-0.012383
-0.012383
-0.012383
-0.012407
-0.012407
-0.012407
-0.012407
-0.012407
-0.012407
-0.012407
-0.012407
-0.012407
-0.012407
-0.012432
-0.012456
-0.012481
-0.012481
-0.012506
-0.012506
-0.012506
-0.01253
-0.01258
-0.012604
-0.012604
-0.012629
-0.012653
-0.012653
-0.012653
-0.012456
-0.012358
-0.012284
-0.012235
-0.012235
-0.01226
-0.012309
-0.012358
-0.012407
-0.012407
-0.012432
-0.012432
-0.012432
-0.012432
-0.012432
-0.012432
-0.012432
-0.012456
-0.012432
-0.012432
-0.012432
-0.012456
-0.012432
-0.012432
-0.012432
-0.012432
-0.012432
-0.012456
-0.012456
-0.012456
-0.012456
-0.012456
-0.012456
-0.012456
-0.012456
-0.012456
-0.012456
-0.012456
-0.012456
-0.012456
-0.012481
-0.012481
-0.012481
-0.012506
-0.012506
-0.012506
-0.012506
-0.012506
-0.012506
-0.012506
-0.012506
-0.012506
-0.012506
-0.012506
-0.012506
-0.012506
-0.012506
-0.012506
-0.012506
-0.012506
-0.012506
-0.012506
-0.012506
-0.01253
-0.01253
-0.01253
-0.012506
-0.012506
-0.012506
-0.012506
-0.012506
-0.012506
-0.012506
-0.012506
-0.012506
-0.012506
-0.012506
-0.012506
-0.012506
-0.012506
-0.012506
-0.012506
-0.012506
-0.012506
-0.012506
-0.01253
-0.01253
-0.01253
-0.01253
-0.01253
-0.01253
-0.01253
-0.012555
-0.012555
-0.012555
-0.012555
-0.012555
-0.012555
-0.01258
-0.01258
-0.01258
-0.01258
-0.01258
-0.01258
-0.01258
-0.01258
-0.01258
-0.01258
-0.01258
-0.01258
-0.01258
-0.01258
-0.01258
-0.01258
-0.01258
-0.01258
-0.01258
-0.01258
-0.012604
-0.012604
-0.01258
-0.01258
-0.01258
-0.01258
-0.01258
-0.012604
-0.012604
-0.012604
-0.012604
-0.012604
-0.012604
-0.012604
-0.012604
-0.012604
-0.012604
-0.012604
-0.012604
-0.012604
-0.012604
-0.012604
-0.012604
-0.012604
-0.012604
-0.012604
-0.012629
-0.012629
-0.012629
-0.012629
-0.012629
-0.012629
-0.012629
-0.012629
-0.012629
-0.012629
-0.012629
-0.012629
-0.012629
-0.012629
-0.012629
-0.012629
-0.012629
-0.012629
-0.012629
-0.012629
-0.012629
-0.012629
-0.012629
-0.012629
-0.012629
-0.012629
-0.012629
-0.012653
-0.012653
-0.012653
-0.012653
-0.012653
-0.012653
-0.012653
-0.012653
-0.012653
-0.012653
-0.012653
-0.012653
-0.012653
-0.012653
-0.012653
-0.012653
-0.012653
-0.012653
-0.012653
-0.012653
-0.012653
-0.012653
-0.012653
-0.012653
-0.012629
-0.012629
-0.012629
-0.012653
-0.012653
-0.012678
-0.012703
-0.012703
-0.012703
-0.012727
-0.012727
-0.012727
-0.012752
-0.012776
-0.012801
-0.012801
-0.012801
-0.012801
-0.012801
-0.012801
-0.012801
-0.012801
-0.012801
-0.012801
-0.012801
-0.012801
-0.012801
-0.012801
-0.012776
-0.012776
-0.012776
-0.012801
-0.012826
-0.012826
-0.012801
-0.012752
-0.012727
-0.012703
-0.012678
-0.012678
-0.012678
-0.012678
-0.012678
-0.012653
-0.012653
-0.012604
-0.012604
-0.01258
-0.01258
-0.01258
-0.01258
-0.01258
-0.01258
-0.01258
-0.01258
-0.01258
-0.01258
-0.01258
-0.01258
-0.01258
-0.012604
-0.012604
-0.01258
-0.01258
-0.01258
-0.01258
-0.01258
-0.01258
-0.01258
-0.01258
-0.01258
-0.01258
-0.012555
-0.012555
-0.012555
-0.01253
-0.01253
-0.01253
-0.01253
-0.01253
-0.012506
-0.012506
-0.01253
-0.01253
-0.01253
-0.012506
-0.012506
-0.012506
-0.012506
-0.012506
-0.012506
-0.012506
-0.012506
-0.01253
-0.01253
-0.01253
-0.01253
-0.01253
-0.01253
-0.01253
-0.01253
-0.01253
-0.01253
-0.01253
-0.01253
-0.012555
-0.012555
-0.012555
-0.012555
-0.012555
-0.012555
-0.012555
-0.012555
-0.01258
-0.01258
-0.01258
-0.01258
-0.01258
-0.01258
-0.01258
-0.01258
-0.012604
-0.012604
-0.012604
-0.012604
-0.012604
-0.012629
-0.012629
-0.012629
-0.012604
-0.012604
-0.012604
-0.012604
-0.012604
-0.012604
-0.012604
-0.012604
-0.012604
-0.012604
-0.012604
-0.012604
-0.012604
-0.012629
-0.012629
-0.012629
-0.012629
-0.012629
-0.012629
-0.012629
-0.012653
-0.012653
-0.012653
-0.012678
-0.012678
-0.012678
-0.012678
-0.012703
-0.012703
-0.012703
-0.012703
-0.012703
-0.012727
-0.012727
-0.012727
-0.012727
-0.012752
-0.012776
-0.012776
-0.012776
-0.012776
-0.012776
-0.012776
-0.012776
-0.012776
-0.012776
-0.012776
-0.012801
-0.012801
-0.012801
-0.012801
-0.012801
-0.012801
-0.012826
-0.012826
-0.012826
-0.012826
-0.012826
-0.012826
-0.012826
-0.01285
-0.01285
-0.01285
-0.01285
-0.01285
-0.01285
-0.012875
-0.012875
-0.0129
-0.012924
-0.012924
-0.012949
-0.012949
-0.012949
-0.012949
-0.012949
-0.013047
-0.013047
-0.013047
-0.013047
-0.013047
-0.013072
-0.013097
-0.013072
-0.013072
-0.013072
-0.013072
-0.013047
-0.013047
-0.013072
-0.013047
-0.013072
-0.013097
-0.013097
-0.013097
-0.013072
-0.013047
-0.012998
-0.012973
-0.012973
-0.012949
-0.012949
-0.012949
-0.012949
-0.012949
-0.012949
-0.012949
-0.012949
-0.012949
-0.012949
-0.012949
-0.012949
-0.012949
-0.012949
-0.012949
-0.012949
-0.012924
-0.012924
-0.012949
-0.012949
-0.012949
-0.012949
-0.012949
-0.012949
-0.012949
-0.012949
-0.012949
-0.012949
-0.012949
-0.012949
-0.012949
-0.012949
-0.012949
-0.012949
-0.012949
-0.012949
-0.012949
-0.012949
-0.012949
-0.012949
-0.012949
-0.012949
-0.012973
-0.012973
-0.012973
-0.012973
-0.012973
-0.012973
-0.012973
-0.012973
-0.012998
-0.012998
-0.012998
-0.012998
-0.013023
-0.013023
-0.013023
-0.013023
-0.013047
-0.013023
-0.013023
-0.013023
-0.013023
-0.013023
-0.013023
-0.013023
-0.013023
-0.013023
-0.013047
-0.013047
-0.013047
-0.013047
-0.013047
-0.013047
-0.013047
-0.013047
-0.013047
-0.013047
-0.013047
-0.013047
-0.013047
-0.013047
-0.013072
-0.013047
-0.013072
-0.013072
-0.013047
-0.013072
-0.013072
-0.013072
-0.013072
-0.013072
-0.013072
-0.013072
-0.013072
-0.013072
-0.013047
-0.013047
-0.013047
-0.013047
-0.013047
-0.013047
-0.013047
-0.013072
-0.013072
-0.013072
-0.013072
-0.013072
-0.013072
-0.013072
-0.013072
-0.013072
-0.013072
-0.013072
-0.013072
-0.013072
-0.013072
-0.013072
-0.013072
-0.013072
-0.013072
-0.013072
-0.013072
-0.013072
-0.013072
-0.013072
-0.013072
-0.013072
-0.013072
-0.013072
-0.013072
-0.013072
-0.013072
-0.013097
-0.013097
-0.013097
-0.013097
-0.013097
-0.013097
-0.013097
-0.013097
-0.013097
-0.013097
-0.013097
-0.013121
-0.013121
-0.013121
-0.013121
-0.013121
-0.013121
-0.013121
-0.013121
-0.013121
-0.013121
-0.013121
-0.013121
-0.013146
-0.013146
-0.01317
-0.01317
-0.01317
-0.01317
-0.013195
-0.01322
-0.013244
-0.013244
-0.013269
-0.013244
-0.013244
-0.013244
-0.013244
-0.013269
-0.013269
-0.013269
-0.013269
-0.013269
-0.013269
-0.013269
-0.013293
-0.013318
-0.013343
-0.013318
-0.013293
-0.013244
-0.013195
-0.01317
-0.01317
-0.013146
-0.013146
-0.013146
-0.013146
-0.013146
-0.013146
-0.013146
-0.013146
-0.013146
-0.013146
-0.013146
-0.013121
-0.013121
-0.013121
-0.013121
-0.013121
-0.013121
-0.013121
-0.013121
-0.013121
-0.013121
-0.013146
-0.013146
-0.013146
-0.013146
-0.013146
-0.013146
-0.013146
-0.013121
-0.013097
-0.013097
-0.013097
-0.013097
-0.013097
-0.013097
-0.013097
-0.013072
-0.013072
-0.013072
-0.013072
-0.013072
-0.013072
-0.013072
-0.013072
-0.013097
-0.013097
-0.013097
-0.013097
-0.013097
-0.013097
-0.013097
-0.013121
-0.013121
-0.013121
-0.013121
-0.013121
-0.013121
-0.013121
-0.013146
-0.013146
-0.013146
-0.013146
-0.013146
-0.013146
-0.01317
-0.013146
-0.013146
-0.013146
-0.013146
-0.013146
-0.013146
-0.013146
-0.013146
-0.013146
-0.013146
-0.013121
-0.013146
-0.013146
-0.013146
-0.013146
-0.013121
-0.013121
-0.013121
-0.013121
-0.013121
-0.013121
-0.013121
-0.013146
-0.013146
-0.013146
-0.013146
-0.013121
-0.013121
-0.013121
-0.013121
-0.013097
-0.013097
-0.013097
-0.013097
-0.013097
-0.013097
-0.013097
-0.013097
-0.013097
-0.013097
-0.013097
-0.013097
-0.013097
-0.013097
-0.013097
-0.013097
-0.013097
-0.013097
-0.013097
-0.013097
-0.013097
-0.013121
-0.013121
-0.013121
-0.013121
-0.013121
-0.013146
-0.013146
-0.013146
-0.013146
-0.013146
-0.013146
-0.013146
-0.013146
-0.013146
-0.01317
-0.01317
-0.01317
-0.01317
-0.01317
-0.01317
-0.01317
-0.01317
-0.01317
-0.01317
-0.01317
-0.01317
-0.01317
-0.01317
-0.01317
-0.01317
-0.01317
-0.013195
-0.013195
-0.01322
-0.01322
-0.01322
-0.013244
-0.013244
-0.013244
-0.013244
-0.013269
-0.013269
-0.013269
-0.013269
-0.013269
-0.013269
-0.013293
-0.013293
-0.013318
-0.013343
-0.013343
-0.013367
-0.013392
-0.013392
-0.013392
-0.013392
-0.013417
-0.013441
-0.013466
-0.01349
-0.013515
-0.01349
-0.01349
-0.01349
-0.01354
-0.01354
-0.01354
-0.01354
-0.01354
-0.01354
-0.01354
-0.01354
-0.01354
-0.013589
-0.013564
-0.01354
-0.01349
-0.013466
-0.013466
-0.013441
-0.013441
-0.013441
-0.013441
-0.013441
-0.013466
-0.013466
-0.013466
-0.013466
-0.013466
-0.013466
-0.013466
-0.013466
-0.013466
-0.013466
-0.013466
-0.013466
-0.013466
-0.013466
-0.013466
-0.01349
-0.01349
-0.01349
-0.01349
-0.01349
-0.01349
-0.01349
-0.01349
-0.01349
-0.01349
-0.01349
-0.01349
-0.01349
-0.01349
-0.013466
-0.013466
-0.013466
-0.01349
-0.01349
-0.01349
-0.01349
-0.01349
-0.01349
-0.01349
-0.01349
-0.013515
-0.01349
-0.013515
-0.013515
-0.013515
-0.013515
-0.013515
-0.01354
-0.01354
-0.01354
-0.01354
-0.013564
-0.013564
-0.013564
-0.013564
-0.013564
-0.013564
-0.013564
-0.013564
-0.013564
-0.013564
-0.013564
-0.013589
-0.013589
-0.013589
-0.013589
-0.013589
-0.013589
-0.013589
-0.013589
-0.013589
-0.013589
-0.013613
-0.013589
-0.013589
-0.013589
-0.013589
-0.013589
-0.013589
-0.013613
-0.013613
-0.013589
-0.013589
-0.013613
-0.013613
-0.013613
-0.013589
-0.013589
-0.013613
-0.013613
-0.013589
-0.013613
-0.013613
-0.013613
-0.013613
-0.013613
-0.013613
-0.013613
-0.013613
-0.013613
-0.013613
-0.013613
-0.013613
-0.013613
-0.013613
-0.013613
-0.013613
-0.013613
-0.013613
-0.013613
-0.013589
-0.013589
-0.013613
-0.013613
-0.013613
-0.013613
-0.013613
-0.013613
-0.013613
-0.013613
-0.013613
-0.013613
-0.013613
-0.013638
-0.013613
-0.013613
-0.013613
-0.013613
-0.013638
-0.013638
-0.013638
-0.013638
-0.013638
-0.013638
-0.013638
-0.013638
-0.013638
-0.013613
-0.013613
-0.013613
-0.013613
-0.013613
-0.013613
-0.013613
-0.013638
-0.013638
-0.013663
-0.013663
-0.013687
-0.013737
-0.013761
-0.013761
-0.013761
-0.013761
-0.013761
-0.013761
-0.013761
-0.013786
-0.01381
-0.013786
-0.013786
-0.013786
-0.013786
-0.013786
-0.013786
-0.013786
-0.013761
-0.013786
-0.01381
-0.01381
-0.013835
-0.013786
-0.013761
-0.013712
-0.013687
-0.013687
-0.013663
-0.013663
-0.013663
-0.013638
-0.013638
-0.013638
-0.013638
-0.013638
-0.013638
-0.013638
-0.013638
-0.013663
-0.013663
-0.013663
-0.013663
-0.013663
-0.013663
-0.013663
-0.013663
-0.013663
-0.013663
-0.013663
-0.013663
-0.013663
-0.013663
-0.013663
-0.013663
-0.013663
-0.013663
-0.013663
-0.013638
-0.013638
-0.013638
-0.013638
-0.013638
-0.013638
-0.013638
-0.013638
-0.013638
-0.013638
-0.013638
-0.013638
-0.013638
-0.013663
-0.013663
-0.013663
-0.013663
-0.013663
-0.013687
-0.013687
-0.013687
-0.013687
-0.013687
-0.013712
-0.013712
-0.013712
-0.013737
-0.013737
-0.013737
-0.013737
-0.013737
-0.013761
-0.013761
-0.013786
-0.013786
-0.01381
-0.01381
-0.013835
-0.013835
-0.01386
-0.013884
-0.013909
-0.013934
-0.013958
-0.013958
-0.013934
-0.013909
-0.013909
-0.013909
-0.01386
-0.013835
-0.01381
-0.013786
-0.013737
-0.013712
-0.013712
-0.013712
-0.013737
-0.013737
-0.013712
-0.013712
-0.013712
-0.013712
-0.013712
-0.013712
-0.013712
-0.013712
-0.013712
-0.013712
-0.013712
-0.013712
-0.013712
-0.013712
-0.013712
-0.013712
-0.013712
-0.013712
-0.013712
-0.013712
-0.013712
-0.013712
-0.013712
-0.013687
-0.013687
-0.013687
-0.013687
-0.013687
-0.013687
-0.013687
-0.013687
-0.013687
-0.013687
-0.013687
-0.013687
-0.013687
-0.013687
-0.013687
-0.013687
-0.013687
-0.013687
-0.013687
-0.013687
-0.013687
-0.013687
-0.013687
-0.013712
-0.013712
-0.013712
-0.013712
-0.013712
-0.013712
-0.013712
-0.013712
-0.013737
-0.013737
-0.013737
-0.013737
-0.013737
-0.013737
-0.013737
-0.013737
-0.013737
-0.013737
-0.013737
-0.013737
-0.013737
-0.013737
-0.013737
-0.013712
-0.013712
-0.013712
-0.013712
-0.013712
-0.013712
-0.013712
-0.013712
-0.013712
-0.013712
-0.013712
-0.013712
-0.013712
-0.013712
-0.013712
