2018
5
31
10
20
14.808
0.0089854
0.0089854
0.0089854
0.0089854
0.0089608
0.0089854
0.0089854
0.0089854
0.0089854
0.0089854
0.0089854
0.0089608
0.0089608
0.0089608
0.0089854
0.0089854
0.0089854
0.0089854
0.00901
0.00901
0.00901
0.00901
0.00901
0.00901
0.00901
0.00901
0.00901
0.00901
0.00901
0.00901
0.00901
0.0090346
0.00901
0.0090346
0.0090346
0.0090346
0.0090346
0.0090592
0.0090592
0.0090592
0.0090592
0.0090346
0.0090346
0.00901
0.00901
0.00901
0.00901
0.0089854
0.0089854
0.0089854
0.0089854
0.00901
0.00901
0.0090346
0.0090346
0.0090346
0.0090346
0.0090346
0.0090346
0.0090346
0.0090346
0.0090346
0.0090346
0.0090346
0.0090346
0.0090346
0.0090592
0.0090592
0.0090592
0.0090839
0.0090839
0.0090839
0.0090839
0.0090839
0.0090839
0.0090839
0.0091085
0.0091085
0.0091085
0.0091085
0.0091085
0.0091085
0.0091085
0.0091085
0.0091085
0.0091085
0.0091085
0.0091085
0.0091331
0.0091331
0.0091331
0.0091331
0.0091331
0.0091331
0.0091577
0.0091331
0.0091331
0.0091331
0.0091331
0.0091331
0.0091331
0.0091331
0.0091331
0.0091331
0.0091331
0.0091331
0.0091085
0.0091085
0.0091085
0.0091085
0.0091085
0.0091085
0.0091085
0.0091085
0.0091085
0.0091085
0.0091085
0.0091085
0.0091085
0.0091085
0.0091085
0.0091085
0.0091085
0.0091085
0.0091085
0.0091085
0.0091085
0.0091085
0.0091085
0.0091331
0.0091331
0.0091331
0.0091085
0.0091331
0.0091331
0.0091331
0.0091331
0.0091331
0.0091331
0.0091331
0.0091331
0.0091331
0.0091331
0.0091331
0.0091331
0.0091331
0.0091331
0.0091331
0.0091577
0.0091577
0.0091577
0.0091577
0.0091577
0.0091331
0.0091577
0.0091331
0.0091331
0.0091331
0.0091331
0.0091331
0.0091331
0.0091331
0.0091331
0.0091331
0.0091331
0.0091331
0.0091577
0.0091577
0.0091577
0.0091577
0.0091577
0.0091577
0.0091577
0.0091577
0.0091577
0.0091577
0.0091577
0.0091577
0.0091577
0.0091577
0.0091577
0.0091577
0.0091577
0.0091577
0.0091577
0.0091577
0.0091577
0.0091823
0.0091577
0.0091577
0.0091577
0.0091577
0.0091577
0.0091577
0.0091823
0.0091823
0.0091577
0.0091577
0.0091577
0.0091577
0.0091577
0.0091577
0.0091577
0.0091577
0.0091577
0.0091823
0.0091823
0.009207
0.009207
0.009207
0.009207
0.009207
0.0092316
0.0092316
0.0092562
0.0092808
0.0092562
0.0092562
0.0092562
0.0092562
0.0092562
0.0092808
0.0092562
0.0092562
0.0092562
0.0092562
0.0092562
0.0092562
0.0092316
0.0092316
0.0092316
0.0092316
0.0092316
0.0092316
0.009207
0.009207
0.0091823
0.0091823
0.0091577
0.0091577
0.0091577
0.0091331
0.0091331
0.0091331
0.0091331
0.0091331
0.0091331
0.0091331
0.0091331
0.0091331
0.0091331
0.0091331
0.0091331
0.0091331
0.0091331
0.0091331
0.0091331
0.0091085
0.0091085
0.0091085
0.0091085
0.0091085
0.0091085
0.0091331
0.0091085
0.0091085
0.0091085
0.0091085
0.0091085
0.0091331
0.0091331
0.0091331
0.0091331
0.0091331
0.0091331
0.0091331
0.0091331
0.0091331
0.0091577
0.0091577
0.0091577
0.0091577
0.0091577
0.0091577
0.0091577
0.0091577
0.0091577
0.0091577
0.0091577
0.0091577
0.0091577
0.0091577
0.0091577
0.0091577
0.0091823
0.0091577
0.0091577
0.0091577
0.0091823
0.0091823
0.0091823
0.0091577
0.0091577
0.0091823
0.0091823
0.0091823
0.0091577
0.0091577
0.0091577
0.0091577
0.0091577
0.0091577
0.0091577
0.0091577
0.0091577
0.0091577
0.0091577
0.0091577
0.0091577
0.0091577
0.0091577
0.0091577
0.0091577
0.0091577
0.0091577
0.0091331
0.0091331
0.0091331
0.0091331
0.0091331
0.0091331
0.0091331
0.0091331
0.0091331
0.0091331
0.0091331
0.0091331
0.0091331
0.0091331
0.0091331
0.0091331
0.0091331
0.0091331
0.0091085
0.0091085
0.0091085
0.0091085
0.0091085
0.0091085
0.0091331
0.0091331
0.0091331
0.0091331
0.0091577
0.0091577
0.0091823
0.0091823
0.0091823
0.009207
0.009207
0.009207
0.0091823
0.0091823
0.0091823
0.0091823
0.0091823
0.0091823
0.0091823
0.0091823
0.0091823
0.0091823
0.0091577
0.0091577
0.0091331
0.0091085
0.0091085
0.0090839
0.0090839
0.0090839
0.0090839
0.0090839
0.0090839
0.0090839
0.0090839
0.0090839
0.0090839
0.0090839
0.0090839
0.0090839
0.0090839
0.0090839
0.0090839
0.0090839
0.0090839
0.0090839
0.0090839
0.0090839
0.0090839
0.0090839
0.0090839
0.0090592
0.0090592
0.0090592
0.0090592
0.0090592
0.0090592
0.0090592
0.0090592
0.0090592
0.0090592
0.0090592
0.0090592
0.0090592
0.0090839
0.0090839
0.0090592
0.0090592
0.0090839
0.0090839
0.0090839
0.0090839
0.0090839
0.0090839
0.0090839
0.0090839
0.0090839
0.0090839
0.0090839
0.0091085
0.0091085
0.0091085
0.0090839
0.0091085
0.0091085
0.0091085
0.0091085
0.0091085
0.0091331
0.0091085
0.0091085
0.0091331
0.0091331
0.0091331
0.0091085
0.0091085
0.0091085
0.0091331
0.0091331
0.0091085
0.0091085
0.0091331
0.0091331
0.0091331
0.0091331
0.0091331
0.0091331
0.0091331
0.0091331
0.0091577
0.0091577
0.0091577
0.0091577
0.0091577
0.0091577
0.0091577
0.0091577
0.0091577
0.0091577
0.0091577
0.0091577
0.0091331
0.0091331
0.0091331
0.0091331
0.0091331
0.0091331
0.0091331
0.0091331
0.0091331
0.0091577
0.0091577
0.0091577
0.0091577
0.0091577
0.0091577
0.0091577
0.0091577
0.0091577
0.0091823
0.0091823
0.0091823
0.009207
0.009207
0.009207
0.009207
0.009207
0.009207
0.009207
0.009207
0.0092316
0.009207
0.009207
0.009207
0.009207
0.009207
0.009207
0.009207
0.009207
0.009207
0.009207
0.009207
0.009207
0.009207
0.009207
0.009207
0.009207
0.009207
0.0092316
0.0092316
0.0092316
0.0092808
0.0092808
0.0093054
0.0092808
0.0092808
0.0092808
0.0092808
0.0093054
0.0093054
0.0092808
0.0092808
0.0092808
0.0092808
0.0092808
0.0092808
0.0092808
0.0092808
0.0092808
0.0092808
0.0092808
0.0092808
0.0092562
0.0092562
0.0092316
0.0092316
0.0092316
0.0092316
0.0092316
0.0092316
0.0092316
0.0092562
0.0092562
0.0092562
0.0092562
0.0092562
0.0092562
0.0092562
0.0092562
0.0092562
0.0092562
0.0092562
0.0092316
0.0092316
0.0092316
0.0092316
0.0092316
0.0092316
0.0092316
0.0092316
0.0092316
0.0092316
0.0092316
0.0092316
0.0092316
0.0092316
0.0092316
0.0092316
0.0092316
0.0092316
0.0092316
0.0092316
0.0092316
0.0092562
0.0092562
0.0092562
0.0092562
0.0092562
0.0092562
0.0092562
0.0092562
0.0092562
0.0092562
0.0092562
0.0092562
0.0092562
0.0092562
0.0092562
0.0092808
0.0092808
0.0092808
0.0092808
0.0092808
0.0092808
0.0092562
0.0092562
0.0092562
0.0092562
0.0092562
0.0092562
0.0092562
0.0092562
0.0092562
0.0092562
0.0092562
0.0092562
0.0092562
0.0092562
0.0092808
0.0092808
0.0092808
0.0092808
0.0092562
0.0092562
0.0092562
0.0092808
0.0092808
0.0092808
0.0092808
0.0092808
0.0092808
0.0092808
0.0092808
0.0092808
0.0092808
0.0092808
0.0092808
0.0093054
0.0093054
0.0093054
0.0093054
0.00933
0.00933
0.00933
0.00933
0.00933
0.00933
0.00933
0.0093547
0.00933
0.00933
0.00933
0.00933
0.0093054
0.0093054
0.0093054
0.0092808
0.0092562
0.0092562
0.0092316
0.0092316
0.0092562
0.0092562
0.0092808
0.0092808
0.0092808
0.0093054
0.0093054
0.0093054
0.0093054
0.0093054
0.0093054
0.0093054
0.0093054
0.0093054
0.0093054
0.0093054
0.0093054
0.0092808
0.0092808
0.0092808
0.0092808
0.0092808
0.0092808
0.0092808
0.0092808
0.0092808
0.0092808
0.0092808
0.0092808
0.0093054
0.0093054
0.0093054
0.0093054
0.0093054
0.0093054
0.0093054
0.0093054
0.0093054
0.0093054
0.00933
0.00933
0.00933
0.00933
0.00933
0.00933
0.00933
0.00933
0.0093054
0.0093054
0.0093054
0.0093054
0.0093054
0.0093054
0.0093054
0.0093054
0.0093054
0.0093054
0.0092808
0.0092808
0.0092808
0.009207
0.0091823
0.0091823
0.0091577
0.0091577
0.0091577
0.0091331
0.0091331
0.0091331
0.0091331
0.0091331
0.0091331
0.0091331
0.0091331
0.0091331
0.0091331
0.0091331
0.0091331
0.0091331
0.0091085
0.0091085
0.0091085
0.0091085
0.0091085
0.0091085
0.0091085
0.0091331
0.0091331
0.0091331
0.0091331
0.0091331
0.0091331
0.0091331
0.0091331
0.0091331
0.0091331
0.0091331
0.0091331
0.0091331
0.0091331
0.0091331
0.0091331
0.0091331
0.0091331
0.0091331
0.0091085
0.0091085
0.0091085
0.0091085
0.0091085
0.0091331
0.0091577
0.0091577
0.0091823
0.0091823
0.0091823
0.009207
0.009207
0.009207
0.009207
0.009207
0.009207
0.0092316
0.0092316
0.0092316
0.0092316
0.0092316
0.0092316
0.0092562
0.0092562
0.0092562
0.0092562
0.0092562
0.0092808
0.00933
0.0093793
0.0094039
0.0094285
0.0094531
0.0094531
0.0095024
0.009527
0.009527
0.009527
0.0095516
0.0095516
0.0095516
0.0095516
0.0095516
0.0095516
0.0095762
0.0095762
0.0095762
0.0095762
0.0095762
0.0096008
0.0096008
0.0096008
0.0096008
0.0096008
0.0096008
0.0096008
0.0096254
0.0096254
0.0096254
0.0096254
0.0096501
0.0096501
0.0096501
0.0096501
0.0096501
0.0096501
0.0096254
0.0096254
0.0096254
0.0096254
0.0096501
0.0096501
0.0096254
0.0096501
0.0096501
0.0096501
0.0096501
0.0096501
0.0096501
0.0096747
0.0096747
0.0096747
0.0096747
0.0096747
0.0096747
0.0096747
0.0096747
0.0096747
0.0096747
0.0096993
0.0096993
0.0096993
0.0096993
0.0096993
0.0096993
0.0097239
0.0097239
0.0097239
0.0097485
0.0097485
0.0097485
0.0097485
0.0097485
0.0097485
0.0097732
0.0097732
0.0097732
0.0097978
0.0097732
0.0097732
0.0097978
0.0097978
0.0097978
0.0097978
0.0097978
0.0097978
0.0097978
0.0097978
0.0097732
0.0097732
0.0097732
0.0097732
0.0097732
0.0097485
0.0097485
0.0097485
0.0097485
0.0097485
0.0097485
0.0097485
0.0097485
0.0097485
0.0097485
0.0097485
0.0097485
0.0097485
0.0097485
0.0097485
0.0097485
0.0097485
0.0097485
0.0097485
0.0097485
0.0097485
0.0097485
0.0097485
0.0097485
0.0097485
0.0097485
0.0097485
0.0097732
0.0097485
0.0097485
0.0097485
0.0097485
0.0097485
0.0097485
0.0097485
0.0097485
0.0097485
0.0097485
0.0097485
0.0097732
0.0097732
0.0097732
0.0097732
0.0097732
0.0097732
0.0097732
0.0097732
0.0097978
0.0097978
0.0097978
0.0097978
0.0097978
0.0097978
0.0098224
0.0098224
0.0098224
0.0098224
0.0098224
0.0098224
0.0098224
0.0098224
0.0098224
0.0098224
0.0098224
0.0098224
0.0098224
0.0098224
0.0098224
0.0098224
0.0098224
0.0098224
0.009847
0.009847
0.009847
0.009847
0.009847
0.009847
0.0098224
0.009847
0.009847
0.009847
0.009847
0.009847
0.0098716
0.0098716
0.0098716
0.0098716
0.0098716
0.0098716
0.0098716
0.0098962
0.0098962
0.0098962
0.0098962
0.0098716
0.0098716
0.0098962
0.0098962
0.0098962
0.0098962
0.0098962
0.0098962
0.0098962
0.0098962
0.0099209
0.0099209
0.0099209
0.0099209
0.0099209
0.0099209
0.0099209
0.0099209
0.0099209
0.0099209
0.0099209
0.0099209
0.0099209
0.0099209
0.0099455
0.0099455
0.0099701
0.0099701
0.0099701
0.0099701
0.0099701
0.0099947
0.010019
0.010019
0.010019
0.010019
0.0099947
0.0099947
0.010019
0.010019
0.010019
0.010019
0.010019
0.010019
0.010019
0.010019
0.010019
0.010019
0.010019
0.010019
0.010044
0.010044
0.010019
0.010019
0.0099947
0.0099947
0.0099947
0.0099701
0.0099701
0.0099701
0.0099701
0.0099701
0.0099701
0.0099701
0.0099701
0.0099701
0.0099701
0.0099701
0.0099701
0.0099701
0.0099701
0.0099947
0.0099947
0.0099947
0.0099947
0.0099947
0.0099947
0.0099947
0.0099947
0.0099947
0.0099947
0.0099947
0.0099947
0.0099947
0.0099947
0.0099947
0.0099947
0.0099947
0.0099947
0.0099947
0.0099947
0.0099947
0.0099947
0.0099947
0.0099947
0.0099947
0.0099701
0.0099947
0.0099947
0.0099947
0.0099947
0.0099947
0.010019
0.010019
0.010019
0.010019
0.010019
0.010019
0.010019
0.010019
0.010044
0.010044
0.010019
0.010044
0.010044
0.010044
0.010044
0.010044
0.010044
0.010044
0.010044
0.010044
0.010044
0.010044
0.010044
0.010044
0.010044
0.010069
0.010069
0.010044
0.010044
0.010044
0.010044
0.010044
0.010044
0.010044
0.010044
0.010044
0.010044
0.010044
0.010044
0.010044
0.010044
0.010044
0.010044
0.010044
0.010044
0.010044
0.010044
0.010044
0.010044
0.010019
0.010019
0.010019
0.010019
0.010019
0.010019
0.010019
0.010019
0.010019
0.010019
0.010019
0.010019
0.010019
0.010019
0.010019
0.010019
0.010019
0.010019
0.010019
0.010019
0.010019
0.010019
0.010019
0.010019
0.010019
0.010019
0.010019
0.010044
0.010044
0.010044
0.010044
0.010019
0.010019
0.010019
0.010019
0.010019
0.010019
0.010019
0.010019
0.010019
0.010019
0.010019
0.010019
0.0099947
0.0099947
0.0099947
0.0099947
0.0099947
0.0099947
0.0099947
0.0099947
0.010019
0.010019
0.010019
0.010044
0.010044
0.010044
0.010069
0.010069
0.010069
0.010069
0.010069
0.010093
0.010093
0.010118
0.010118
0.010093
0.010093
0.010069
0.010069
0.010044
0.010044
0.010019
0.010019
0.010019
0.010019
0.010019
0.010019
0.010019
0.010019
0.010019
0.0099947
0.0099947
0.0099701
0.0099701
0.0099701
0.0099701
0.0099701
0.0099455
0.0099455
0.0099455
0.0099455
0.0099455
0.0099455
0.0099455
0.0099455
0.0099209
0.0099209
0.0099209
0.0099209
0.0099209
0.0099209
0.0099209
0.0099209
0.0099209
0.0098962
0.0098962
0.0099209
0.0098962
0.0098962
0.0098962
0.0098962
0.0098962
0.0098962
0.0098962
0.0098962
0.0098962
0.0098962
0.0098962
0.0098962
0.0098962
0.0098962
0.0098962
0.0098962
0.0098962
0.0098962
0.0099209
0.0099209
0.0099209
0.0099209
0.0099209
0.0099209
0.0099209
0.0099209
0.0099209
0.0099209
0.0099209
0.0099209
0.0099209
0.0099209
0.0099209
0.0099209
0.0099209
0.0098962
0.0099209
0.0099209
0.0099209
0.0099209
0.0099209
0.0099209
0.0099209
0.0099209
0.0099209
0.0099209
0.0099209
0.0099209
0.0099209
0.0099455
0.0099455
0.0099455
0.0099455
0.0099701
0.0099701
0.0099701
0.0099701
0.0099947
0.0099947
0.010019
0.010044
0.010044
0.010069
0.010093
0.010118
0.010142
0.010142
0.010167
0.010167
0.010192
0.010192
0.010192
0.010192
0.010167
0.010142
0.010142
0.010118
0.010093
0.010019
0.0099947
0.0099947
0.0099701
0.0099701
0.0099701
0.0099701
0.0099701
0.0099701
0.0099701
0.0099455
0.0099455
0.0099455
0.0099455
0.0099455
0.0099455
0.0099455
0.0099455
0.0099455
0.0099209
0.0099209
0.0099209
0.0099209
0.0099209
0.0099209
0.0099209
0.0098962
0.0099209
0.0099209
0.0099209
0.0099209
0.0098962
0.0098962
0.0098962
0.0098962
0.0098962
0.0098962
0.0098962
0.0098962
0.0098962
0.0098962
0.0099209
0.0099209
0.0099209
0.0099209
0.0099209
0.0099209
0.0099209
0.0099455
0.0099455
0.0099701
0.0099701
0.0099701
0.0099701
0.0099701
0.0099947
0.0099947
0.0099947
0.0099947
0.0099947
0.0099947
0.0099947
0.0099947
0.0099947
0.0099947
0.0099947
0.0099947
0.0099947
0.010019
0.010019
0.010019
0.010019
0.010019
0.010019
0.010019
0.010019
0.010019
0.010019
0.010019
0.0099947
0.0099947
0.010019
0.0099947
0.0099947
0.0099947
0.010019
0.010019
0.010019
0.010019
0.010019
0.010019
0.010019
0.010019
0.010019
0.010019
0.010019
0.010019
0.010019
0.010019
0.010019
0.010019
0.010019
0.010019
0.010019
0.0099947
0.0099947
0.0099947
0.0099947
0.0099947
0.0099947
0.0099947
0.0099947
0.0099947
0.0099947
0.0099947
0.0099947
0.0099947
0.0099947
0.0099947
0.0099947
0.0099947
0.0099947
0.0099947
0.0099947
0.0099947
0.0099947
0.0099947
0.0099947
0.0099947
0.0099947
0.0099947
0.0099947
0.0099947
0.0099947
0.0099947
0.0099947
0.0099947
0.0099947
0.0099947
0.0099947
0.0099947
0.0099947
0.0099947
0.0099947
0.0099947
0.0099947
0.0099947
0.010019
0.010019
0.010019
0.010019
0.010019
0.010019
0.010019
0.010019
0.010019
0.0099947
0.0099947
0.0099947
0.0099947
0.0099947
0.0099947
0.0099947
0.0099947
0.0099947
0.0099947
0.0099947
0.0099701
0.0099701
0.0099701
0.0099701
0.0099701
0.0099701
0.0099701
0.0099701
0.0099701
0.0099701
0.0099701
0.0099701
0.0099701
0.0099701
0.0099701
0.0099701
0.0099701
0.0099701
0.0099701
0.0099701
0.0099701
0.0099701
0.0099701
0.0099701
0.0099701
0.0099701
0.0099947
0.0099947
0.010019
0.010019
0.010019
0.010019
0.010019
0.010044
0.010044
0.010044
0.010044
0.010044
0.010069
0.010044
0.010044
0.010044
0.010019
0.010044
0.010019
0.010019
0.010019
0.010019
0.010019
0.010019
0.010019
0.0099947
0.0099947
0.0099701
0.0099455
0.0099455
0.0099455
0.0099455
0.0099455
0.0099455
0.0099455
0.0099455
0.0099455
0.0099455
0.0099455
0.0099455
0.0099455
0.0099455
0.0099455
0.0099455
0.0099455
0.0099455
0.0099455
0.0099209
0.0099209
0.0099209
0.0099209
0.0099209
0.0099209
0.0099209
0.0099209
0.0099209
0.0099209
0.0099209
0.0099209
0.0099209
0.0098962
0.0098962
0.0099209
0.0099209
0.0099209
0.0099209
0.0099209
0.0099209
0.0099209
0.0098962
0.0098962
0.0098962
0.0098962
0.0098962
0.0098962
0.0098962
0.0099209
0.0098962
0.0098962
0.0099209
0.0099209
0.0099209
0.0099209
0.0099209
0.0099209
0.0099209
0.0099209
0.0099209
0.0099209
0.0099209
0.0099209
0.0099209
0.0099209
0.0099209
0.0099209
0.0099209
0.0099209
0.0099209
0.0099209
0.0099209
0.0099209
0.0098962
0.0098962
0.0098962
0.0098962
0.0098962
0.0098962
0.0098962
0.0098962
0.0098962
0.0098962
0.0098962
0.0098962
0.0098962
0.0098962
0.0098962
0.0098962
0.0098962
0.0098962
0.0099209
0.0099209
0.0099209
0.0099209
0.0099209
0.0098962
0.0098962
0.0098962
0.0098962
0.0098962
0.0098716
0.0098716
0.0098716
0.0098716
0.0098716
0.0098716
0.0098716
0.0098716
0.009847
0.0098716
0.0098716
0.0098716
0.0098716
0.0098716
0.0098716
0.0098716
0.0098716
0.0098716
0.0098716
0.0098716
0.0098716
0.0098716
0.0098716
0.0098716
0.0098716
0.0098716
0.0098716
0.0098962
0.0098962
0.0098962
0.0098962
0.0098962
0.0098962
0.0098962
0.0098962
0.0098962
0.0098962
0.0098962
0.0098716
0.0098716
0.0098716
0.0098716
0.0098716
0.0098716
0.0098716
0.0098962
0.0098962
0.0099209
0.0099209
0.0099209
0.0099209
0.0099455
0.0099701
0.0099701
0.0099701
0.0099947
0.0099947
0.0099701
0.0099947
0.0099947
0.0099947
0.0099947
0.0099701
0.0099701
0.0099701
0.0099701
0.0099701
0.0099701
0.0099701
0.0099701
0.0099701
0.0099701
0.0099701
0.0099701
0.0099455
0.0099455
0.0099455
0.0099209
0.0099455
0.0099455
0.0099455
0.0099455
0.0099455
0.0099455
0.0099701
0.0099701
0.0099701
0.0099947
0.0099947
0.0099947
0.0099947
0.0099947
0.0099701
0.0099701
0.0099947
0.0099947
0.0099701
0.0099701
0.0099701
0.0099701
0.0099701
0.0099701
0.0099701
0.0099701
0.0099701
0.0099701
0.0099701
0.0099701
0.0099701
0.0099701
0.0099701
0.0099701
0.0099701
0.0099701
0.0099701
0.0099701
0.0099701
0.0099947
0.0099947
0.0099947
0.0099947
0.0099947
0.0099947
0.010019
0.0099947
0.0099947
0.010019
0.0099947
0.0099947
0.0099947
0.010019
0.010019
0.010019
0.010019
0.010019
0.010019
0.010019
0.010019
0.0099947
0.0099947
0.0099947
0.010019
0.010019
0.010019
0.0099947
0.0099947
0.010019
0.010019
0.010019
0.0099947
0.010019
0.010019
0.010019
0.010019
0.010019
0.010019
0.010019
0.010019
0.010044
0.010044
0.010069
0.010069
0.010069
0.010093
0.010118
0.010142
0.010142
0.010167
0.010192
0.010192
0.010216
0.010216
0.010216
0.010192
0.010167
0.010142
0.010142
0.010118
0.010093
0.010069
0.010069
0.010044
0.010019
0.010019
0.0099947
0.0099947
0.0099701
0.0099701
0.0099701
0.0099701
0.0099701
0.0099701
0.0099701
0.0099701
0.0099701
0.0099701
0.0099701
0.0099701
0.0099455
0.0099455
0.0099455
0.0099455
0.0099209
0.0099209
0.0099209
0.0099209
0.0099209
0.0099209
0.0099209
0.0099209
0.0098962
0.0098962
0.0098962
0.0098962
0.0098962
0.0098716
0.0098716
0.0098962
0.0098962
0.0098962
0.0098962
0.0098962
0.0098962
0.0099209
0.0099209
0.0099209
0.0099209
0.0099209
0.0099209
0.0099209
0.0099455
0.0099455
0.0099455
0.0099455
0.0099455
0.0099455
0.0099455
0.0099455
0.0099701
0.0099701
0.0099455
0.0099455
0.0099455
0.0099455
0.0099455
0.0099455
0.0099455
0.0099701
0.0099701
0.0099455
0.0099455
0.0099701
0.0099701
0.0099455
0.0099455
0.0099455
0.0099455
0.0099455
0.0099455
0.0099455
0.0099455
0.0099455
0.0099455
0.0099455
0.0099455
0.0099455
0.0099455
0.0099455
0.0099701
0.0099701
0.0099701
0.0099455
0.0099455
0.0099455
0.0099455
0.0099455
0.0099455
0.0099209
0.0099209
0.0099209
0.0099209
0.0099209
0.0099209
0.0099209
0.0099209
0.0099209
0.0099209
0.0099209
0.0099209
0.0099209
0.0099209
0.0099209
0.0099209
0.0099209
0.0099209
0.0099209
0.0099209
0.0099209
0.0099209
0.0099209
0.0099209
0.0098962
0.0098962
0.0098962
0.0098962
0.0098962
0.0098962
0.0098962
0.0098962
0.0098962
0.0098962
0.0098962
0.0098962
0.0098962
0.0098962
0.0098962
0.0098962
0.0098962
0.0098962
0.0098962
0.0098962
0.0098962
0.0098962
0.0098962
0.0098962
0.0098962
0.0098962
0.0098962
0.0098962
0.0098962
0.0098962
0.0098716
0.0098716
0.0098716
0.0098716
0.0098716
0.0098716
0.0098716
0.0098716
0.0098716
0.0098716
0.0098716
0.0098716
0.0098716
0.0098716
0.0098716
0.0098716
0.0098716
0.0098716
0.0098716
0.0098716
0.0098716
0.0098716
0.0098716
0.0098716
0.0098962
0.0098962
0.0098716
0.0098962
0.0098962
0.0098962
0.0098962
0.0098962
0.0098962
0.0099209
0.0099209
0.0099209
0.0099455
0.0099209
0.0099209
0.0099209
0.0099209
0.0099209
0.0099455
0.0099455
0.0099209
0.0099209
0.0099209
0.0099209
0.0099209
0.0099209
0.0098962
0.0098962
0.0098962
0.0098962
0.0098962
0.0098962
0.0098716
0.009847
0.009847
0.009847
0.009847
0.009847
0.009847
0.009847
0.009847
0.009847
0.009847
0.0098716
0.009847
0.009847
0.009847
0.009847
0.009847
0.0098716
0.0098716
0.0098716
0.009847
0.0098716
0.0098716
0.0098716
0.0098716
0.0098716
0.0098716
0.0098716
0.0098716
0.0098716
0.0098716
0.0098716
0.0098716
0.0098716
0.0098716
0.0098716
0.0098716
0.0098716
0.0098716
0.0098716
0.0098716
0.0098716
0.0098716
0.0098716
0.0098716
0.0098716
0.0098716
0.0098716
0.0098716
0.0098716
0.0098962
0.0098962
0.0098962
0.0098962
0.0098962
0.0098962
0.0098962
0.0098962
0.0098962
0.0098962
0.0098962
0.0098962
0.0098962
0.0098962
0.0099209
0.0099209
0.0099209
0.0099209
0.0099209
0.0099209
0.0099209
0.0099209
0.0099209
0.0099209
0.0099209
0.0099209
0.0099209
0.0099209
0.0099455
0.0099455
0.0099209
0.0099209
0.0099209
0.0099209
0.0099455
0.0099455
0.0099455
0.0099455
0.0099455
0.0099455
0.0099455
0.0099455
0.0099455
0.0099455
0.0099455
0.0099455
0.0099455
0.0099455
0.0099455
0.0099701
0.0099701
0.0099701
0.0099701
0.0099701
0.0099701
0.0099701
0.0099701
0.0099701
0.0099701
0.0099947
0.0099947
0.0099947
0.0099947
0.0099947
0.0099947
0.0099947
0.0099947
0.0099947
0.0099947
0.0099947
0.0099947
0.0099947
0.0099947
0.0099947
0.0099947
0.0099947
0.010019
0.010019
0.010019
0.010019
0.010019
0.010044
0.010019
0.010019
0.010019
0.010019
0.010019
0.010019
0.010019
0.010019
0.010019
0.010019
0.010044
0.010044
0.010044
0.010044
0.010069
0.010069
0.010069
0.010069
0.010069
0.010093
0.010118
0.010118
0.010118
0.010118
0.010118
0.010118
0.010118
0.010118
0.010118
0.010118
0.010142
0.010142
0.010118
0.010118
0.010118
0.010118
0.010118
0.010118
0.010118
0.010069
0.010069
0.010044
0.010044
0.010044
0.010044
0.010044
0.010044
0.010044
0.010044
0.010044
0.010044
0.010044
0.010044
0.010044
0.010044
0.010044
0.010044
0.010044
0.010044
0.010044
0.010044
0.010019
0.010019
0.010044
0.010044
0.010044
0.010019
0.010019
0.010019
0.010019
0.010019
0.010019
0.010019
0.010019
0.010019
0.0099947
0.0099701
0.0099701
0.0099701
0.0099455
0.0099701
0.0099455
0.0099455
0.0099455
0.0099455
0.0099455
0.0099455
0.0099455
0.0099701
0.0099701
0.0099701
0.0099701
0.0099701
0.0099701
0.0099701
0.0099701
0.0099701
0.0099701
0.0099701
0.0099701
0.0099701
0.0099701
0.0099455
0.0099455
0.0099455
0.0099455
0.0099455
0.0099455
0.0099455
0.0099455
0.0099455
0.0099209
0.0099209
0.0099209
0.0099209
0.0099209
0.0099209
0.0099209
0.0099209
0.0099209
0.0099209
0.0099209
0.0099209
0.0099209
0.0099209
0.0099455
0.0099455
0.0099455
0.0099455
0.0099455
0.0099701
0.0099701
0.0099947
0.010019
0.010019
0.010044
0.010044
0.010044
0.010069
0.010069
0.010069
0.010044
0.010019
0.0099947
0.0099947
0.0099701
0.0099455
0.0099209
0.0098962
0.0098716
0.009847
0.0098224
0.0098224
0.0098224
0.0097978
0.0097978
0.0097978
0.0097732
0.0097732
0.0097732
0.0097732
0.0097732
0.0097732
0.0097732
0.0097732
0.0097485
0.0097485
0.0097485
0.0097485
0.0097485
0.0097485
0.0097239
0.0097239
0.0097239
0.0097239
0.0097239
0.0097485
0.0097485
0.0097239
0.0097485
0.0097485
0.0097485
0.0097485
0.0097485
0.0097485
0.0097485
0.0097485
0.0097485
0.0097485
0.0097485
0.0097485
0.0097485
0.0097732
0.0097732
0.0097732
0.0097978
0.0097978
0.0097978
0.0097978
0.0098224
0.0098224
0.0098224
0.0097978
0.0097978
0.0097978
0.0097978
0.0097978
0.0097978
0.0097978
0.0097978
0.0097978
0.0097978
0.0097978
0.0097978
0.0097732
0.0097978
0.0097978
0.0097732
0.0097732
0.0097732
0.0097732
0.0097732
0.0097485
0.0097485
0.0097485
0.0097485
0.0097485
0.0097732
0.0097485
0.0097485
0.0097485
0.0097485
0.0097485
0.0097485
0.0097485
0.0097485
0.0097239
0.0097239
0.0097239
0.0096993
0.0096993
0.0096747
0.0096747
0.0096747
0.0096747
0.0096747
0.0096747
0.0096747
0.0096747
0.0096747
0.0096747
0.0096747
0.0096747
0.0096747
0.0096501
0.0096747
0.0096747
0.0096747
0.0096747
0.0096501
0.0096501
0.0096747
0.0096747
0.0096747
0.0096747
0.0096747
0.0096747
0.0096747
0.0096747
0.0096747
0.0096747
0.0096747
0.0096747
0.0096747
0.0096747
0.0096747
0.0096993
0.0096993
0.0096993
0.0096993
0.0096993
0.0096993
0.0096993
0.0097239
0.0097239
0.0097239
0.0097239
0.0097239
0.0097239
0.0097239
0.0097485
0.0097485
0.0097485
0.0097485
0.0097485
0.0097485
0.0097485
0.0097485
0.0097485
0.0097485
0.0097239
0.0097239
0.0097239
0.0097239
0.0097239
0.0097485
0.0097485
0.0097485
0.0097485
0.0097485
0.0097485
0.0097485
0.0097485
0.0097485
0.0097485
0.0097485
0.0097485
0.0097485
0.0097485
0.0097732
0.0097732
0.0097978
0.0097978
0.0097978
0.0097978
0.0097978
0.0097978
0.0097978
0.0097978
0.0097978
0.0097978
0.0097978
0.0098224
0.0098224
0.0098224
0.0098224
0.0098224
0.0098224
0.0098224
0.0098224
0.0098224
0.0098224
0.0098224
0.0098224
0.0098224
0.0097978
0.0097978
0.0097978
0.0097978
0.0097978
0.0097978
0.0098224
0.0098224
0.0098224
0.0098224
0.0098224
0.0098224
0.0098224
0.0098224
