2018
4
12
17
4
20.362
-0.02799
-0.02799
-0.028015
-0.02799
-0.02799
-0.02799
-0.02799
-0.02799
-0.02799
-0.027965
-0.027965
-0.02799
-0.02799
-0.02799
-0.027965
-0.02799
-0.02799
-0.02799
-0.02799
-0.02799
-0.02799
-0.028015
-0.028015
-0.028015
-0.02799
-0.02799
-0.028015
-0.028015
-0.028015
-0.02799
-0.02799
-0.028015
-0.028015
-0.028015
-0.028015
-0.028015
-0.028015
-0.028039
-0.028015
-0.028015
-0.028015
-0.028015
-0.02799
-0.028015
-0.028015
-0.02799
-0.02799
-0.02799
-0.028015
-0.028015
-0.028015
-0.02799
-0.02799
-0.028015
-0.028015
-0.028015
-0.02799
-0.02799
-0.028015
-0.028015
-0.028015
-0.02799
-0.02799
-0.028015
-0.028015
-0.028015
-0.02799
-0.02799
-0.028015
-0.028015
-0.028015
-0.02799
-0.02799
-0.028015
-0.028015
-0.028015
-0.02799
-0.02799
-0.028015
-0.028015
-0.028015
-0.028015
-0.028015
-0.02799
-0.02799
-0.028015
-0.028015
-0.028015
-0.028015
-0.028015
-0.028015
-0.028015
-0.028015
-0.02799
-0.02799
-0.028015
-0.028015
-0.028015
-0.02799
-0.028015
-0.028015
-0.028015
-0.028015
-0.02799
-0.02799
-0.028015
-0.028015
-0.028015
-0.02799
-0.02799
-0.02799
-0.02799
-0.02799
-0.02799
-0.02799
-0.02799
-0.02799
-0.027965
-0.027965
-0.027965
-0.027965
-0.027965
-0.02799
-0.02799
-0.02799
-0.02799
-0.02799
-0.02799
-0.028015
-0.028015
-0.02799
-0.02799
-0.02799
-0.028015
-0.02799
-0.02799
-0.02799
-0.028015
-0.028015
-0.028015
-0.02799
-0.02799
-0.028015
-0.028015
-0.028015
-0.028015
-0.02799
-0.02799
-0.02799
-0.02799
-0.027965
-0.027916
-0.027892
-0.027867
-0.027818
-0.027744
-0.027695
-0.027695
-0.027719
-0.027695
-0.027645
-0.027621
-0.027719
-0.027769
-0.027818
-0.027867
-0.027916
-0.027941
-0.027941
-0.027965
-0.027965
-0.027965
-0.027965
-0.02799
-0.02799
-0.02799
-0.02799
-0.02799
-0.02799
-0.028015
-0.02799
-0.02799
-0.02799
-0.02799
-0.02799
-0.02799
-0.02799
-0.02799
-0.02799
-0.02799
-0.02799
-0.027965
-0.027965
-0.027965
-0.027965
-0.027965
-0.027941
-0.027941
-0.027941
-0.027965
-0.027941
-0.027965
-0.027965
-0.027941
-0.027941
-0.027941
-0.027941
-0.027941
-0.027941
-0.027916
-0.027941
-0.027941
-0.027941
-0.027916
-0.027916
-0.027916
-0.027941
-0.027941
-0.027916
-0.027916
-0.027916
-0.027941
-0.027941
-0.027916
-0.027916
-0.027941
-0.027941
-0.027941
-0.027941
-0.027916
-0.027941
-0.027941
-0.027941
-0.027941
-0.027941
-0.027941
-0.027941
-0.027941
-0.027916
-0.027916
-0.027916
-0.027916
-0.027916
-0.027916
-0.027916
-0.027892
-0.027892
-0.027892
-0.027916
-0.027916
-0.027892
-0.027892
-0.027892
-0.027916
-0.027916
-0.027916
-0.027892
-0.027916
-0.027916
-0.027916
-0.027916
-0.027916
-0.027916
-0.027916
-0.027916
-0.027916
-0.027916
-0.027916
-0.027916
-0.027916
-0.027916
-0.027892
-0.027916
-0.027916
-0.027916
-0.027916
-0.027916
-0.027916
-0.027916
-0.027916
-0.027941
-0.027916
-0.027916
-0.027916
-0.027916
-0.027916
-0.027916
-0.027892
-0.027916
-0.027916
-0.027916
-0.027916
-0.027916
-0.027916
-0.027916
-0.027916
-0.027916
-0.027916
-0.027916
-0.027916
-0.027916
-0.027916
-0.027916
-0.027916
-0.027916
-0.027916
-0.027916
-0.027916
-0.027916
-0.027916
-0.027916
-0.027916
-0.027916
-0.027916
-0.027941
-0.027916
-0.027916
-0.027916
-0.027916
-0.027941
-0.027941
-0.027941
-0.027941
-0.027941
-0.027916
-0.027916
-0.027941
-0.027941
-0.027916
-0.027916
-0.027916
-0.027941
-0.027941
-0.027916
-0.027916
-0.027916
-0.027941
-0.027941
-0.027941
-0.027916
-0.027941
-0.027941
-0.027941
-0.027941
-0.027941
-0.027941
-0.027941
-0.027916
-0.027892
-0.027842
-0.027793
-0.027769
-0.027744
-0.02767
-0.027645
-0.027645
-0.027645
-0.027645
-0.027621
-0.027645
-0.027572
-0.02767
-0.027719
-0.027769
-0.027818
-0.027842
-0.027867
-0.027892
-0.027892
-0.027916
-0.027916
-0.027916
-0.027916
-0.027916
-0.027916
-0.027916
-0.027892
-0.027892
-0.027916
-0.027916
-0.027892
-0.027892
-0.027892
-0.027916
-0.027916
-0.027892
-0.027867
-0.027867
-0.027892
-0.027867
-0.027842
-0.027842
-0.027818
-0.027818
-0.027818
-0.027818
-0.027793
-0.027793
-0.027818
-0.027818
-0.027818
-0.027818
-0.027793
-0.027793
-0.027793
-0.027818
-0.027818
-0.027818
-0.027793
-0.027793
-0.027818
-0.027818
-0.027793
-0.027793
-0.027793
-0.027793
-0.027818
-0.027818
-0.027793
-0.027818
-0.027818
-0.027818
-0.027818
-0.027818
-0.027818
-0.027842
-0.027842
-0.027842
-0.027842
-0.027842
-0.027842
-0.027867
-0.027842
-0.027842
-0.027842
-0.027867
-0.027867
-0.027842
-0.027842
-0.027842
-0.027842
-0.027842
-0.027867
-0.027867
-0.027867
-0.027867
-0.027867
-0.027867
-0.027867
-0.027867
-0.027867
-0.027867
-0.027867
-0.027867
-0.027867
-0.027867
-0.027867
-0.027867
-0.027867
-0.027867
-0.027867
-0.027867
-0.027867
-0.027867
-0.027867
-0.027867
-0.027867
-0.027867
-0.027867
-0.027867
-0.027867
-0.027867
-0.027867
-0.027892
-0.027867
-0.027867
-0.027867
-0.027867
-0.027892
-0.027867
-0.027892
-0.027867
-0.027867
-0.027867
-0.027867
-0.027867
-0.027867
-0.027867
-0.027892
-0.027892
-0.027892
-0.027892
-0.027867
-0.027867
-0.027892
-0.027892
-0.027867
-0.027867
-0.027867
-0.027867
-0.027867
-0.027867
-0.027867
-0.027867
-0.027867
-0.027867
-0.027867
-0.027867
-0.027867
-0.027867
-0.027867
-0.027867
-0.027867
-0.027867
-0.027867
-0.027892
-0.027867
-0.027867
-0.027867
-0.027867
-0.027867
-0.027867
-0.027892
-0.027867
-0.027867
-0.027867
-0.027892
-0.027892
-0.027867
-0.027867
-0.027842
-0.027867
-0.027867
-0.027867
-0.027867
-0.027867
-0.027867
-0.027892
-0.027867
-0.027867
-0.027867
-0.027867
-0.027867
-0.027867
-0.027867
-0.027867
-0.027867
-0.027892
-0.027867
-0.027867
-0.027867
-0.027867
-0.027892
-0.027867
-0.027867
-0.027867
-0.027867
-0.027867
-0.027867
-0.027867
-0.027842
-0.027818
-0.027793
-0.027769
-0.027744
-0.027695
-0.027645
-0.027596
-0.027572
-0.027572
-0.027596
-0.027547
-0.027572
-0.027596
-0.027596
-0.027547
-0.027473
-0.027522
-0.027621
-0.02767
-0.027695
-0.027744
-0.027769
-0.027818
-0.027818
-0.027818
-0.027818
-0.027818
-0.027842
-0.027842
-0.027842
-0.027842
-0.027842
-0.027842
-0.027867
-0.027842
-0.027842
-0.027842
-0.027842
-0.027867
-0.027842
-0.027842
-0.027842
-0.027818
-0.027818
-0.027842
-0.027842
-0.027818
-0.027818
-0.027818
-0.027818
-0.027818
-0.027818
-0.027793
-0.027793
-0.027793
-0.027793
-0.027793
-0.027793
-0.027769
-0.027793
-0.027793
-0.027793
-0.027769
-0.027769
-0.027769
-0.027793
-0.027769
-0.027769
-0.027769
-0.027793
-0.027793
-0.027793
-0.027793
-0.027769
-0.027793
-0.027793
-0.027793
-0.027793
-0.027793
-0.027793
-0.027793
-0.027793
-0.027793
-0.027793
-0.027793
-0.027793
-0.027793
-0.027818
-0.027793
-0.027793
-0.027793
-0.027818
-0.027818
-0.027818
-0.027818
-0.027818
-0.027842
-0.027842
-0.027842
-0.027842
-0.027842
-0.027842
-0.027842
-0.027842
-0.027842
-0.027818
-0.027842
-0.027842
-0.027842
-0.027842
-0.027842
-0.027842
-0.027867
-0.027867
-0.027842
-0.027842
-0.027842
-0.027867
-0.027842
-0.027867
-0.027867
-0.027842
-0.027842
-0.027842
-0.027867
-0.027892
-0.027892
-0.027867
-0.027892
-0.027892
-0.027892
-0.027867
-0.027867
-0.027867
-0.027892
-0.027892
-0.027892
-0.027892
-0.027916
-0.027916
-0.027916
-0.027892
-0.027892
-0.027916
-0.027916
-0.027916
-0.027892
-0.027916
-0.027916
-0.027916
-0.027916
-0.027916
-0.027916
-0.027916
-0.027916
-0.027916
-0.027916
-0.027916
-0.027916
-0.027892
-0.027916
-0.027916
-0.027916
-0.027892
-0.027892
-0.027892
-0.027892
-0.027892
-0.027892
-0.027892
-0.027892
-0.027892
-0.027892
-0.027892
-0.027892
-0.027892
-0.027892
-0.027892
-0.027892
-0.027892
-0.027892
-0.027892
-0.027892
-0.027867
-0.027867
-0.027892
-0.027892
-0.027892
-0.027867
-0.027867
-0.027867
-0.027892
-0.027892
-0.027892
-0.027892
-0.027867
-0.027867
-0.027867
-0.027867
-0.027892
-0.027892
-0.027916
-0.027916
-0.027916
-0.027916
-0.027892
-0.027916
-0.027916
-0.027916
-0.027892
-0.027892
-0.027892
-0.027892
-0.027892
-0.027892
-0.027867
-0.027892
-0.027892
-0.027892
-0.027892
-0.027867
-0.027867
-0.027892
-0.027892
-0.027867
-0.027867
-0.027842
-0.027842
-0.027818
-0.027769
-0.027719
-0.02767
-0.027621
-0.027596
-0.027572
-0.027572
-0.027572
-0.027572
-0.027596
-0.027621
-0.02767
-0.027695
-0.027744
-0.027818
-0.027818
-0.027842
-0.027842
-0.027842
-0.027867
-0.027867
-0.027867
-0.027867
-0.027867
-0.027892
-0.027892
-0.027867
-0.027867
-0.027867
-0.027867
-0.027867
-0.027867
-0.027867
-0.027867
-0.027867
-0.027867
-0.027867
-0.027842
-0.027842
-0.027867
-0.027842
-0.027842
-0.027818
-0.027818
-0.027818
-0.027818
-0.027818
-0.027793
-0.027793
-0.027793
-0.027793
-0.027793
-0.027793
-0.027793
-0.027769
-0.027769
-0.027793
-0.027793
-0.027793
-0.027793
-0.027769
-0.027769
-0.027793
-0.027769
-0.027769
-0.027793
-0.027793
-0.027793
-0.027769
-0.027793
-0.027793
-0.027818
-0.027818
-0.027818
-0.027793
-0.027818
-0.027818
-0.027818
-0.027818
-0.027818
-0.027818
-0.027818
-0.027818
-0.027818
-0.027793
-0.027793
-0.027793
-0.027793
-0.027793
-0.027793
-0.027793
-0.027793
-0.027818
-0.027818
-0.027818
-0.027793
-0.027818
-0.027842
-0.027842
-0.027818
-0.027818
-0.027818
-0.027842
-0.027842
-0.027842
-0.027818
-0.027818
-0.027818
-0.027842
-0.027842
-0.027818
-0.027818
-0.027818
-0.027818
-0.027818
-0.027818
-0.027842
-0.027842
-0.027842
-0.027842
-0.027842
-0.027842
-0.027842
-0.027842
-0.027867
-0.027842
-0.027842
-0.027842
-0.027842
-0.027842
-0.027842
-0.027842
-0.027818
-0.027818
-0.027818
-0.027818
-0.027818
-0.027818
-0.027818
-0.027818
-0.027818
-0.027818
-0.027818
-0.027818
-0.027818
-0.027818
-0.027842
-0.027818
-0.027818
-0.027818
-0.027818
-0.027842
-0.027818
-0.027818
-0.027818
-0.027842
-0.027842
-0.027842
-0.027842
-0.027842
-0.027867
-0.027867
-0.027842
-0.027842
-0.027842
-0.027842
-0.027867
-0.027842
-0.027842
-0.027842
-0.027842
-0.027842
-0.027842
-0.027867
-0.027842
-0.027842
-0.027842
-0.027842
-0.027842
-0.027842
-0.027842
-0.027842
-0.027842
-0.027842
-0.027842
-0.027818
-0.027842
-0.027867
-0.027867
-0.027842
-0.027842
-0.027818
-0.027842
-0.027867
-0.027867
-0.027867
-0.027867
-0.027842
-0.027842
-0.027818
-0.027818
-0.027818
-0.027842
-0.027842
-0.027842
-0.027842
-0.027842
-0.027867
-0.027867
-0.027842
-0.027842
-0.027842
-0.027842
-0.027842
-0.027842
-0.027842
-0.027842
-0.027842
-0.027842
-0.027842
-0.027842
-0.027842
-0.027842
-0.027842
-0.027842
-0.027842
-0.027842
-0.027818
-0.027793
-0.027793
-0.027769
-0.027719
-0.02767
-0.027596
-0.027572
-0.027547
-0.027547
-0.027547
-0.027522
-0.027547
-0.027572
-0.027572
-0.027522
-0.027473
-0.027498
-0.027596
-0.027645
-0.02767
-0.027719
-0.027769
-0.027793
-0.027818
-0.027818
-0.027793
-0.027793
-0.027818
-0.027818
-0.027818
-0.027818
-0.027818
-0.027818
-0.027842
-0.027842
-0.027842
-0.027842
-0.027842
-0.027842
-0.027818
-0.027818
-0.027818
-0.027818
-0.027818
-0.027818
-0.027793
-0.027793
-0.027793
-0.027793
-0.027793
-0.027793
-0.027769
-0.027769
-0.027793
-0.027769
-0.027769
-0.027769
-0.027769
-0.027769
-0.027769
-0.027744
-0.027744
-0.027744
-0.027719
-0.027744
-0.027744
-0.027744
-0.027719
-0.027719
-0.027744
-0.027744
-0.027769
-0.027744
-0.027744
-0.027769
-0.027769
-0.027769
-0.027744
-0.027769
-0.027769
-0.027769
-0.027769
-0.027769
-0.027769
-0.027769
-0.027769
-0.027769
-0.027769
-0.027769
-0.027793
-0.027793
-0.027793
-0.027769
-0.027769
-0.027793
-0.027793
-0.027793
-0.027769
-0.027769
-0.027769
-0.027793
-0.027793
-0.027793
-0.027793
-0.027793
-0.027793
-0.027793
-0.027793
-0.027793
-0.027793
-0.027793
-0.027793
-0.027793
-0.027793
-0.027793
-0.027793
-0.027793
-0.027818
-0.027793
-0.027793
-0.027793
-0.027818
-0.027818
-0.027818
-0.027818
-0.027818
-0.027818
-0.027842
-0.027842
-0.027818
-0.027818
-0.027818
-0.027842
-0.027842
-0.027818
-0.027842
-0.027842
-0.027842
-0.027842
-0.027842
-0.027842
-0.027842
-0.027842
-0.027867
-0.027867
-0.027867
-0.027842
-0.027842
-0.027842
-0.027842
-0.027842
-0.027818
-0.027818
-0.027842
-0.027842
-0.027842
-0.027842
-0.027842
-0.027867
-0.027867
-0.027867
-0.027842
-0.027842
-0.027842
-0.027867
-0.027867
-0.027842
-0.027842
-0.027867
-0.027867
-0.027867
-0.027842
-0.027842
-0.027842
-0.027867
-0.027842
-0.027842
-0.027842
-0.027842
-0.027867
-0.027867
-0.027842
-0.027842
-0.027818
-0.027818
-0.027842
-0.027842
-0.027842
-0.027842
-0.027842
-0.027842
-0.027867
-0.027867
-0.027867
-0.027867
-0.027867
-0.027867
-0.027842
-0.027842
-0.027818
-0.027842
-0.027842
-0.027842
-0.027818
-0.027818
-0.027818
-0.027818
-0.027842
-0.027842
-0.027842
-0.027842
-0.027867
-0.027867
-0.027842
-0.027842
-0.027867
-0.027892
-0.027867
-0.027892
-0.027892
-0.027892
-0.027892
-0.027892
-0.027892
-0.027892
-0.027867
-0.027867
-0.027892
-0.027892
-0.027892
-0.027892
-0.027892
-0.027916
-0.027916
-0.027916
-0.027916
-0.027916
-0.027916
-0.027941
-0.027916
-0.027892
-0.027892
-0.027892
-0.027867
-0.027842
-0.027769
-0.027719
-0.02767
-0.027645
-0.027621
-0.027621
-0.027645
-0.027621
-0.027621
-0.027645
-0.027621
-0.027596
-0.027547
-0.027596
-0.027695
-0.027719
-0.027719
-0.027842
-0.027842
-0.027867
-0.027867
-0.027867
-0.027867
-0.027867
-0.027867
-0.027867
-0.027867
-0.027867
-0.027867
-0.027867
-0.027867
-0.027867
-0.027867
-0.027842
-0.027842
-0.027867
-0.027842
-0.027842
-0.027842
-0.027818
-0.027842
-0.027818
-0.027818
-0.027818
-0.027818
-0.027818
-0.027818
-0.027818
-0.027793
-0.027818
-0.027818
-0.027818
-0.027818
-0.027793
-0.027793
-0.027793
-0.027793
-0.027793
-0.027793
-0.027769
-0.027769
-0.027793
-0.027793
-0.027793
-0.027793
-0.027793
-0.027793
-0.027793
-0.027793
-0.027793
-0.027793
-0.027793
-0.027793
-0.027818
-0.027818
-0.027818
-0.027818
-0.027818
-0.027818
-0.027818
-0.027818
-0.027818
-0.027842
-0.027842
-0.027842
-0.027842
-0.027842
-0.027842
-0.027842
-0.027842
-0.027842
-0.027842
-0.027842
-0.027842
-0.027842
-0.027842
-0.027842
-0.027842
-0.027842
-0.027842
-0.027867
-0.027842
-0.027842
-0.027842
-0.027842
-0.027842
-0.027842
-0.027818
-0.027842
-0.027842
-0.027842
-0.027818
-0.027818
-0.027818
-0.027842
-0.027842
-0.027818
-0.027818
-0.027818
-0.027842
-0.027842
-0.027842
-0.027818
-0.027818
-0.027818
-0.027818
-0.027818
-0.027818
-0.027818
-0.027842
-0.027842
-0.027818
-0.027818
-0.027842
-0.027842
-0.027842
-0.027842
-0.027842
-0.027818
-0.027818
-0.027818
-0.027842
-0.027842
-0.027818
-0.027818
-0.027818
-0.027818
-0.027842
-0.027818
-0.027818
-0.027818
-0.027818
-0.027818
-0.027818
-0.027818
-0.027818
-0.027842
-0.027842
-0.027842
-0.027818
-0.027842
-0.027842
-0.027842
-0.027842
-0.027818
-0.027818
-0.027842
-0.027842
-0.027842
-0.027818
-0.027842
-0.027842
-0.027842
-0.027842
-0.027842
-0.027842
-0.027842
-0.027842
-0.027842
-0.027842
-0.027842
-0.027842
-0.027842
-0.027867
-0.027867
-0.027867
-0.027867
-0.027867
-0.027867
-0.027867
-0.027867
-0.027867
-0.027867
-0.027892
-0.027867
-0.027867
-0.027867
-0.027842
-0.027842
-0.027867
-0.027867
-0.027842
-0.027842
-0.027842
-0.027842
-0.027842
-0.027842
-0.027842
-0.027867
-0.027867
-0.027867
-0.027867
-0.027867
-0.027867
-0.027867
-0.027867
-0.027867
-0.027892
-0.027867
-0.027867
-0.027867
-0.027867
-0.027867
-0.027867
-0.027867
-0.027867
-0.027867
-0.027867
-0.027842
-0.027842
-0.027842
-0.027842
-0.027842
-0.027818
-0.027793
-0.027769
-0.027744
-0.027695
-0.027645
-0.027572
-0.027522
-0.027522
-0.027522
-0.027522
-0.027498
-0.027522
-0.027522
-0.027522
-0.027473
-0.027424
-0.027473
-0.027572
-0.027596
-0.027621
-0.02767
-0.027719
-0.027744
-0.027744
-0.027769
-0.027769
-0.027744
-0.027769
-0.027769
-0.027769
-0.027744
-0.027744
-0.027744
-0.027744
-0.027744
-0.027744
-0.027719
-0.027719
-0.027719
-0.027719
-0.027719
-0.027695
-0.02767
-0.02767
-0.02767
-0.02767
-0.02767
-0.02767
-0.02767
-0.02767
-0.027645
-0.027645
-0.02767
-0.02767
-0.02767
-0.02767
-0.027645
-0.027645
-0.027645
-0.027645
-0.027645
-0.027645
-0.027645
-0.027645
-0.027645
-0.02767
-0.02767
-0.027645
-0.02767
-0.02767
-0.02767
-0.02767
-0.02767
-0.02767
-0.027695
-0.027695
-0.027695
-0.027695
-0.027695
-0.027719
-0.027719
-0.027719
-0.027719
-0.027719
-0.027719
-0.027719
-0.027719
-0.027719
-0.027719
-0.027719
-0.027719
-0.027719
-0.027719
-0.027719
-0.027719
-0.027719
-0.027719
-0.027719
-0.027719
-0.027719
-0.027719
-0.027719
-0.027719
-0.027719
-0.027719
-0.027719
-0.027719
-0.027744
-0.027719
-0.027719
-0.027719
-0.027719
-0.027719
-0.027719
-0.027719
-0.027719
-0.027744
-0.027744
-0.027719
-0.027719
-0.027719
-0.027719
-0.027719
-0.027744
-0.027719
-0.027719
-0.027744
-0.027744
-0.027719
-0.027719
-0.027719
-0.027719
-0.027719
-0.027719
-0.027719
-0.027719
-0.027719
-0.027719
-0.027719
-0.027719
-0.027695
-0.027719
-0.027719
-0.027695
-0.027695
-0.027695
-0.027695
-0.027695
-0.027695
-0.027695
-0.027695
-0.02767
-0.02767
-0.02767
-0.027695
-0.027695
-0.027695
-0.02767
-0.027695
-0.027695
-0.027695
-0.027695
-0.027695
-0.027695
-0.027719
-0.027695
-0.027695
-0.027695
-0.027695
-0.027695
-0.027695
-0.027695
-0.027695
-0.027695
-0.027695
-0.02767
-0.02767
-0.02767
-0.02767
-0.02767
-0.02767
-0.027645
-0.027645
-0.02767
-0.027645
-0.027645
-0.027645
-0.027645
-0.027645
-0.027645
-0.027645
-0.02767
-0.02767
-0.02767
-0.02767
-0.02767
-0.02767
-0.02767
-0.02767
-0.02767
-0.02767
-0.02767
-0.02767
-0.02767
-0.02767
-0.02767
-0.02767
-0.02767
-0.027645
-0.027645
-0.02767
-0.02767
-0.02767
-0.027645
-0.027645
-0.02767
-0.02767
-0.02767
-0.027645
-0.027645
-0.027621
-0.027596
-0.027572
-0.027375
-0.02735
-0.02735
-0.027375
-0.027375
-0.027375
-0.027399
-0.027375
-0.02735
-0.027301
-0.027325
-0.027399
-0.027449
-0.027473
-0.027522
-0.027572
-0.027596
-0.027596
-0.027596
-0.027621
-0.027645
-0.027645
-0.027645
-0.027645
-0.027645
-0.02767
-0.02767
-0.02767
-0.02767
-0.027695
-0.027695
-0.027695
-0.027695
-0.027695
-0.027695
-0.027695
-0.027695
-0.02767
-0.02767
-0.027695
-0.02767
-0.02767
-0.02767
-0.027645
-0.027645
-0.027621
-0.027621
-0.027621
-0.027621
-0.027596
-0.027596
-0.027596
-0.027596
-0.027572
-0.027572
-0.027572
-0.027572
-0.027572
-0.027572
-0.027547
-0.027547
-0.027547
-0.027547
-0.027547
-0.027547
-0.027547
-0.027547
-0.027547
-0.027522
-0.027522
-0.027522
-0.027522
-0.027547
-0.027547
-0.027547
-0.027547
-0.027547
-0.027547
-0.027547
-0.027547
-0.027547
-0.027547
-0.027522
-0.027522
-0.027547
-0.027547
-0.027522
-0.027522
-0.027522
-0.027522
-0.027522
-0.027522
-0.027522
-0.027522
-0.027522
-0.027522
-0.027498
-0.027498
-0.027498
-0.027498
-0.027498
-0.027498
-0.027498
-0.027498
-0.027498
-0.027498
-0.027498
-0.027498
-0.027498
-0.027498
-0.027498
-0.027498
-0.027498
-0.027498
-0.027498
-0.027498
-0.027498
-0.027473
-0.027498
-0.027498
-0.027473
-0.027473
-0.027498
-0.027473
-0.027473
-0.027473
-0.027473
-0.027473
-0.027473
-0.027473
-0.027473
-0.027473
-0.027473
-0.027473
-0.027449
-0.027473
-0.027473
-0.027473
-0.027473
-0.027449
-0.027473
-0.027473
-0.027473
-0.027449
-0.027449
-0.027449
-0.027473
-0.027449
-0.027449
-0.027449
-0.027449
-0.027449
-0.027449
-0.027449
-0.027424
-0.027424
-0.027449
-0.027449
-0.027424
-0.027424
-0.027424
-0.027424
-0.027424
-0.027424
-0.027424
-0.027424
-0.027424
-0.027424
-0.027424
-0.027424
-0.027424
-0.027424
-0.027424
-0.027449
-0.027449
-0.027424
-0.027424
-0.027424
-0.027424
-0.027424
-0.027424
-0.027424
-0.027424
-0.027424
-0.027424
-0.027424
-0.027424
-0.027424
-0.027449
-0.027449
-0.027424
-0.027424
-0.027449
-0.027449
-0.027449
-0.027449
-0.027424
-0.027424
-0.027449
-0.027449
-0.027449
-0.027449
-0.027424
-0.027424
-0.027424
-0.027424
-0.027424
-0.027399
-0.027375
-0.02735
-0.027325
-0.027301
-0.027252
-0.027178
-0.027129
-0.027129
-0.027153
-0.027153
-0.027153
-0.027153
-0.027178
-0.027178
-0.027129
-0.027079
-0.027129
-0.027202
-0.027252
-0.027276
-0.027325
-0.02735
-0.027375
-0.027399
-0.027399
-0.027399
-0.027399
-0.027424
-0.027424
-0.027424
-0.027424
-0.027449
-0.027449
-0.027473
-0.027473
-0.027473
-0.027473
-0.027473
-0.027498
-0.027498
-0.027522
-0.027498
-0.027498
-0.027498
-0.027498
-0.027498
-0.027473
-0.027449
-0.027449
-0.027449
-0.027424
-0.027399
-0.027399
-0.027375
-0.027375
-0.027375
-0.02735
-0.027325
-0.027325
-0.027325
-0.027301
-0.027301
-0.027276
-0.027276
-0.027276
-0.027276
-0.027276
-0.027252
-0.027252
-0.027252
-0.027252
-0.027252
-0.027252
-0.027252
-0.027227
-0.027252
-0.027252
-0.027252
-0.027252
-0.027252
-0.027252
-0.027252
-0.027252
-0.027252
-0.027252
-0.027252
-0.027252
-0.027252
-0.027252
-0.027227
-0.027227
-0.027252
-0.027252
-0.027227
-0.027227
-0.027227
-0.027227
-0.027227
-0.027227
-0.027227
-0.027227
-0.027227
-0.027227
-0.027202
-0.027202
-0.027202
-0.027227
-0.027227
-0.027202
-0.027202
-0.027202
-0.027202
-0.027178
-0.027178
-0.027178
-0.027178
-0.027178
-0.027178
-0.027202
-0.027202
-0.027202
-0.027178
-0.027178
-0.027202
-0.027202
-0.027202
-0.027202
-0.027202
-0.027202
-0.027202
-0.027202
-0.027202
-0.027202
-0.027202
-0.027202
-0.027178
-0.027178
-0.027178
-0.027202
-0.027202
-0.027202
-0.027202
-0.027178
-0.027202
-0.027202
-0.027178
-0.027178
-0.027178
-0.027178
-0.027202
-0.027178
-0.027178
-0.027178
-0.027178
-0.027178
-0.027178
-0.027178
-0.027178
-0.027178
-0.027178
-0.027178
-0.027178
-0.027178
-0.027178
-0.027178
-0.027178
-0.027178
-0.027178
-0.027178
-0.027178
-0.027178
-0.027178
-0.027178
-0.027178
-0.027153
-0.027153
-0.027153
-0.027153
-0.027153
-0.027153
-0.027178
-0.027153
-0.027153
-0.027129
-0.027129
-0.027129
-0.027129
-0.027153
-0.027153
-0.027153
-0.027153
-0.027153
-0.027178
-0.027178
-0.027178
-0.027153
-0.027153
-0.027178
-0.027178
-0.027178
-0.027178
-0.027178
-0.027178
-0.027178
-0.027178
-0.027178
-0.027178
-0.027178
-0.027178
-0.027178
-0.027178
-0.027178
-0.027178
-0.027178
-0.027178
-0.027153
-0.027129
-0.027079
-0.02703
-0.026981
-0.026907
-0.026882
-0.026882
-0.026882
-0.026907
-0.026882
-0.026907
-0.026932
-0.026907
-0.026882
-0.026833
-0.026882
-0.027079
-0.027129
-0.027153
-0.027178
-0.027178
-0.027202
-0.027227
-0.027227
-0.027252
-0.027252
-0.027252
-0.027252
-0.027252
-0.027276
-0.027276
-0.027252
-0.027252
-0.027252
-0.027227
-0.027227
-0.027227
-0.027202
-0.027202
-0.027202
-0.027202
-0.027178
-0.027178
-0.027178
-0.027178
-0.027153
-0.027153
-0.027153
-0.027129
-0.027129
-0.027129
-0.027129
-0.027104
-0.027104
-0.027104
-0.027079
-0.027055
-0.027055
-0.02703
-0.02703
-0.02703
-0.02703
-0.02703
-0.027005
-0.027005
-0.02703
-0.02703
-0.027005
-0.027005
-0.027005
-0.027005
-0.02703
-0.02703
-0.027005
-0.027005
-0.02703
-0.02703
-0.02703
-0.02703
-0.02703
-0.02703
-0.02703
-0.02703
-0.02703
-0.02703
-0.02703
-0.02703
-0.02703
-0.02703
-0.02703
-0.02703
-0.02703
-0.02703
-0.02703
-0.027005
-0.027005
-0.02703
-0.02703
-0.02703
-0.02703
-0.027005
-0.027005
-0.02703
-0.027005
-0.027005
-0.027005
-0.027005
-0.027005
-0.027005
-0.027005
-0.027005
-0.027005
-0.027005
-0.027005
-0.027005
-0.026981
-0.026981
-0.027005
-0.026981
-0.026981
-0.026981
-0.027005
-0.027005
-0.027005
-0.026981
-0.026981
-0.027005
-0.027005
-0.027005
-0.026981
-0.026981
-0.026981
-0.027005
-0.027005
-0.027005
-0.026981
-0.026981
-0.026981
-0.026981
-0.027005
-0.027005
-0.026981
-0.026981
-0.026981
-0.027005
-0.027005
-0.026981
-0.026981
-0.026981
-0.026981
-0.026981
-0.026981
-0.026981
-0.026981
-0.026981
-0.026981
-0.026981
-0.026981
-0.026981
-0.026981
-0.026981
-0.026981
-0.026981
-0.026981
-0.026981
-0.026981
-0.026956
-0.026956
-0.026956
-0.026981
-0.026956
-0.026956
-0.026956
-0.026956
-0.026956
-0.026956
-0.026956
-0.026956
-0.026956
-0.026956
-0.026956
-0.026956
-0.026956
-0.026956
-0.026956
-0.026956
-0.026956
-0.026981
-0.026981
-0.026956
-0.026956
-0.026981
-0.026981
-0.026981
-0.026956
-0.026981
-0.026981
-0.026981
-0.026981
-0.026981
-0.026981
-0.026981
-0.026981
-0.026956
-0.026956
-0.026956
-0.026956
-0.026956
-0.026981
-0.026981
-0.026981
-0.026981
-0.026956
-0.026956
-0.026932
-0.026907
-0.026735
-0.026685
-0.026661
-0.026685
-0.026685
-0.026685
-0.026685
-0.02671
-0.02671
-0.026685
-0.026612
-0.026636
-0.02671
-0.026784
-0.026784
-0.026833
-0.026882
-0.026907
-0.026907
-0.026932
-0.026932
-0.026932
-0.026956
-0.026956
-0.026956
-0.026956
-0.026956
-0.026956
-0.026956
-0.026956
-0.026956
-0.026956
-0.026956
-0.026956
-0.026956
-0.026956
-0.026956
-0.026956
-0.026956
-0.026956
-0.026932
-0.026932
-0.026932
-0.026907
-0.026907
-0.026907
-0.026907
-0.026882
-0.026882
-0.026882
-0.026882
-0.026858
-0.026858
-0.026858
-0.026858
-0.026833
-0.026833
-0.026833
-0.026808
-0.026808
-0.026808
-0.026808
-0.026808
-0.026784
-0.026784
-0.026784
-0.026784
-0.026784
-0.026784
-0.026784
-0.026784
-0.026784
-0.026784
-0.026784
-0.026808
-0.026808
-0.026808
-0.026808
-0.026808
-0.026808
-0.026833
-0.026833
-0.026833
-0.026808
-0.026808
-0.026808
-0.026833
-0.026833
-0.026808
-0.026808
-0.026808
-0.026808
-0.026808
-0.026808
-0.026808
-0.026833
-0.026833
-0.026833
-0.026833
-0.026808
-0.026833
-0.026833
-0.026833
-0.026833
-0.026808
-0.026808
-0.026833
-0.026833
-0.026808
-0.026808
-0.026833
-0.026833
-0.026833
-0.026808
-0.026808
-0.026808
-0.026833
-0.026833
-0.026808
-0.026808
-0.026808
-0.026808
-0.026808
-0.026833
-0.026833
-0.026833
-0.026833
-0.026833
-0.026833
-0.026833
-0.026808
-0.026808
-0.026833
-0.026833
-0.026833
-0.026833
-0.026808
-0.026833
-0.026833
-0.026833
-0.026833
-0.026833
-0.026833
-0.026833
-0.026833
-0.026833
-0.026833
-0.026833
-0.026833
-0.026858
-0.026833
-0.026833
-0.026833
-0.026833
-0.026833
-0.026833
-0.026833
-0.026833
-0.026833
-0.026833
