2018
4
12
17
0
10.217
-0.0080745
-0.0080499
-0.0080499
-0.0080499
-0.0080745
-0.0080745
-0.0080745
-0.0080499
-0.0080499
-0.0080499
-0.0080499
-0.0080499
-0.0080499
-0.0080499
-0.0080499
-0.0080499
-0.0080499
-0.0080499
-0.0080499
-0.0080499
-0.0080499
-0.0080499
-0.0080499
-0.0080499
-0.0080499
-0.0080499
-0.0080499
-0.0080499
-0.0080499
-0.0080499
-0.0080499
-0.0080499
-0.0080499
-0.0080499
-0.0080499
-0.0080499
-0.0080499
-0.0080499
-0.0080499
-0.0080499
-0.0080499
-0.0080499
-0.0080499
-0.0080499
-0.0080499
-0.0080499
-0.0080499
-0.0080499
-0.0080499
-0.0080745
-0.0080745
-0.0080745
-0.0080745
-0.0080745
-0.0080745
-0.0080745
-0.0080745
-0.0080745
-0.0080745
-0.0080745
-0.0080745
-0.0080745
-0.0080745
-0.0080745
-0.0080745
-0.0080499
-0.0080745
-0.0080745
-0.0080499
-0.0080499
-0.0080499
-0.0080499
-0.0080499
-0.0080499
-0.0080499
-0.0080499
-0.0080499
-0.0080499
-0.0080499
-0.0080499
-0.0080499
-0.0080499
-0.0080745
-0.0080745
-0.0080745
-0.0080745
-0.0080745
-0.0080745
-0.0080745
-0.0080745
-0.0080745
-0.0080745
-0.0080745
-0.0080992
-0.0081238
-0.008173
-0.0081976
-0.0081976
-0.008173
-0.0080745
-0.0078776
-0.0076807
-0.0076068
-0.0076807
-0.0077545
-0.0078284
-0.0079022
-0.0079761
-0.0080253
-0.0080499
-0.0080745
-0.0080992
-0.0080992
-0.0080992
-0.0080992
-0.0080992
-0.0080992
-0.0080992
-0.0080992
-0.0080992
-0.0080992
-0.0080992
-0.0080992
-0.0080992
-0.0080992
-0.0080992
-0.0080992
-0.0080745
-0.0080745
-0.0080992
-0.0080992
-0.0080992
-0.0080992
-0.0080992
-0.0080992
-0.0081238
-0.0081238
-0.0081238
-0.0081238
-0.0081238
-0.0081484
-0.0081484
-0.0081484
-0.0081484
-0.0081484
-0.008173
-0.008173
-0.008173
-0.008173
-0.008173
-0.008173
-0.008173
-0.008173
-0.008173
-0.008173
-0.0081484
-0.0081484
-0.0081484
-0.0081484
-0.0081484
-0.0081484
-0.0081484
-0.0081484
-0.0081484
-0.0081484
-0.0081484
-0.0081484
-0.0081238
-0.0081238
-0.0081238
-0.0081238
-0.0081238
-0.0081238
-0.0081238
-0.0081238
-0.0080992
-0.0080992
-0.0080992
-0.0080992
-0.0080992
-0.0080992
-0.0080992
-0.0080992
-0.0080992
-0.0080992
-0.0080992
-0.0080992
-0.0080992
-0.0080992
-0.0080992
-0.0080992
-0.0080992
-0.0081238
-0.0081238
-0.0081238
-0.0081238
-0.0081238
-0.0081238
-0.0081238
-0.0081238
-0.0081238
-0.0081238
-0.0081238
-0.0081238
-0.0081238
-0.0081238
-0.0080992
-0.0080992
-0.0080992
-0.0080992
-0.0080992
-0.0080992
-0.0080992
-0.0080992
-0.0080992
-0.0080992
-0.0080992
-0.0080992
-0.0080992
-0.0080992
-0.0080992
-0.0080745
-0.0080745
-0.0080745
-0.0080745
-0.0080745
-0.0080745
-0.0080992
-0.0080992
-0.0080992
-0.0080992
-0.0080992
-0.0080992
-0.0080992
-0.0080992
-0.0080992
-0.0080992
-0.0080992
-0.0080992
-0.0080992
-0.0080992
-0.0080992
-0.0080992
-0.0080992
-0.0080992
-0.0080992
-0.0080992
-0.0080992
-0.0080992
-0.0081238
-0.0080992
-0.0080992
-0.0080992
-0.0080992
-0.0080992
-0.0081238
-0.0081238
-0.0080992
-0.0080992
-0.0080992
-0.0080992
-0.0080992
-0.0081238
-0.0081238
-0.0080992
-0.0080992
-0.0080992
-0.0080992
-0.0080992
-0.0080992
-0.0080992
-0.0080992
-0.0080992
-0.0080992
-0.0080992
-0.0080992
-0.0080992
-0.0080992
-0.0080992
-0.0080992
-0.0080992
-0.0080992
-0.0080992
-0.0080992
-0.0080992
-0.0080992
-0.0080992
-0.0081238
-0.0081238
-0.0081238
-0.0081238
-0.0081238
-0.0081238
-0.0081238
-0.0081238
-0.0081238
-0.0081238
-0.0081238
-0.0081238
-0.0081238
-0.0081238
-0.008173
-0.0082223
-0.0082469
-0.0082469
-0.0082223
-0.0081484
-0.0080007
-0.0077791
-0.007656
-0.0076807
-0.0077791
-0.007853
-0.0079268
-0.0080007
-0.0080745
-0.0080992
-0.0081484
-0.0081484
-0.008173
-0.008173
-0.008173
-0.008173
-0.008173
-0.008173
-0.008173
-0.008173
-0.008173
-0.008173
-0.008173
-0.008173
-0.008173
-0.008173
-0.008173
-0.008173
-0.008173
-0.008173
-0.008173
-0.0081976
-0.0081976
-0.0081976
-0.0081976
-0.0081976
-0.0081976
-0.0082223
-0.0082223
-0.0082223
-0.0082223
-0.0082223
-0.0082223
-0.0082223
-0.0082469
-0.0082223
-0.0082469
-0.0082469
-0.0082469
-0.0082469
-0.0082469
-0.0082469
-0.0082469
-0.0082223
-0.0082223
-0.0082223
-0.0082223
-0.0081976
-0.0081976
-0.0081976
-0.0081976
-0.0081976
-0.0081976
-0.0081976
-0.0081976
-0.0081976
-0.0081976
-0.008173
-0.008173
-0.008173
-0.008173
-0.008173
-0.008173
-0.0081484
-0.0081484
-0.0081484
-0.0081484
-0.0081484
-0.0081484
-0.0081484
-0.0081484
-0.0081484
-0.0081484
-0.0081484
-0.008173
-0.008173
-0.008173
-0.008173
-0.008173
-0.008173
-0.008173
-0.008173
-0.008173
-0.008173
-0.008173
-0.008173
-0.008173
-0.008173
-0.0081976
-0.008173
-0.008173
-0.008173
-0.0081976
-0.008173
-0.008173
-0.008173
-0.0081976
-0.008173
-0.008173
-0.008173
-0.008173
-0.008173
-0.008173
-0.0081484
-0.0081484
-0.0081484
-0.0081484
-0.0081484
-0.0081484
-0.0081484
-0.0081484
-0.0081484
-0.0081484
-0.0081484
-0.0081484
-0.0081484
-0.0081484
-0.0081484
-0.0081484
-0.0081484
-0.0081484
-0.0081484
-0.0081484
-0.0081484
-0.0081484
-0.0081484
-0.0081484
-0.0081484
-0.008173
-0.0081484
-0.008173
-0.008173
-0.008173
-0.008173
-0.008173
-0.008173
-0.008173
-0.008173
-0.008173
-0.008173
-0.008173
-0.008173
-0.008173
-0.008173
-0.008173
-0.008173
-0.008173
-0.008173
-0.008173
-0.008173
-0.008173
-0.008173
-0.008173
-0.008173
-0.008173
-0.008173
-0.008173
-0.008173
-0.008173
-0.008173
-0.008173
-0.008173
-0.008173
-0.008173
-0.008173
-0.008173
-0.008173
-0.008173
-0.008173
-0.008173
-0.008173
-0.008173
-0.008173
-0.008173
-0.008173
-0.008173
-0.008173
-0.008173
-0.008173
-0.008173
-0.008173
-0.008173
-0.008173
-0.008173
-0.008173
-0.008173
-0.008173
-0.008173
-0.008173
-0.0081484
-0.0081484
-0.008173
-0.008173
-0.008173
-0.008173
-0.008173
-0.008173
-0.008173
-0.008173
-0.008173
-0.008173
-0.008173
-0.008173
-0.0082715
-0.0082961
-0.0082715
-0.0082223
-0.0080745
-0.0078776
-0.0077299
-0.0077053
-0.0078038
-0.0078776
-0.0079515
-0.0080499
-0.0080992
-0.0081484
-0.008173
-0.0081976
-0.0081976
-0.0081976
-0.0082223
-0.0082223
-0.0082223
-0.0082223
-0.0082223
-0.0082223
-0.0082223
-0.0082223
-0.0082223
-0.0081976
-0.0081976
-0.0081976
-0.0082223
-0.0081976
-0.0081976
-0.0082223
-0.0081976
-0.0081976
-0.0081976
-0.0081976
-0.0081976
-0.0082223
-0.0082223
-0.0082469
-0.0082469
-0.0082469
-0.0082469
-0.0082469
-0.0082715
-0.0082715
-0.0082715
-0.0082715
-0.0082715
-0.0082715
-0.0082715
-0.0082715
-0.0082715
-0.0082715
-0.0082715
-0.0082715
-0.0082715
-0.0082715
-0.0082715
-0.0082715
-0.0082715
-0.0082715
-0.0082715
-0.0082469
-0.0082715
-0.0082715
-0.0082469
-0.0082469
-0.0082469
-0.0082469
-0.0082469
-0.0082469
-0.0082469
-0.0082469
-0.0082223
-0.0082223
-0.0082223
-0.0082223
-0.0082223
-0.0082223
-0.0081976
-0.0081976
-0.0081976
-0.0081976
-0.0081976
-0.0081976
-0.0081976
-0.0082223
-0.0082223
-0.0082223
-0.0082223
-0.0082223
-0.0082223
-0.0082223
-0.0082223
-0.0082223
-0.0082223
-0.0082223
-0.0082223
-0.0082223
-0.0082223
-0.0082223
-0.0082223
-0.0082223
-0.0082223
-0.0082223
-0.0082223
-0.0082223
-0.0082223
-0.0082223
-0.0082223
-0.0082223
-0.0082223
-0.0082223
-0.0082223
-0.0082223
-0.0082223
-0.0082223
-0.0081976
-0.0081976
-0.0081976
-0.0081976
-0.0081976
-0.0081976
-0.0081976
-0.0081976
-0.0081976
-0.0081976
-0.0081976
-0.0081976
-0.0081976
-0.0081976
-0.0081976
-0.0081976
-0.0081976
-0.0081976
-0.0081976
-0.0081976
-0.0081976
-0.0081976
-0.0081976
-0.0081976
-0.0081976
-0.0081976
-0.0081976
-0.0081976
-0.0081976
-0.0081976
-0.0081976
-0.0081976
-0.0081976
-0.0081976
-0.0081976
-0.0081976
-0.0081976
-0.0081976
-0.0081976
-0.0081976
-0.0081976
-0.0081976
-0.0081976
-0.0081976
-0.0081976
-0.0081976
-0.0081976
-0.0081976
-0.0081976
-0.0081976
-0.0081976
-0.0081976
-0.0081976
-0.0082223
-0.0082223
-0.0082223
-0.0082223
-0.0082223
-0.0082223
-0.0082223
-0.0082223
-0.0082223
-0.0082223
-0.0082223
-0.0082469
-0.0082223
-0.0082223
-0.0082223
-0.0082469
-0.0082469
-0.0082223
-0.0082223
-0.0082469
-0.0082469
-0.0082469
-0.0082469
-0.0082223
-0.0082469
-0.0082469
-0.0082469
-0.0082469
-0.0082469
-0.0082469
-0.0082469
-0.0082469
-0.0082469
-0.0082469
-0.0082469
-0.0082469
-0.0082469
-0.0082469
-0.0082469
-0.0082469
-0.0082469
-0.0082469
-0.0082469
-0.0082469
-0.0082469
-0.0082469
-0.0082469
-0.0082469
-0.0082961
-0.0083453
-0.00837
-0.00837
-0.0083453
-0.0082961
-0.0081238
-0.0079022
-0.0077791
-0.0078284
-0.0079268
-0.0080007
-0.0080745
-0.0081484
-0.0081976
-0.0082469
-0.0082715
-0.0082715
-0.0082961
-0.0082961
-0.0082961
-0.0082961
-0.0082961
-0.0082961
-0.0082961
-0.0082961
-0.0082715
-0.0082961
-0.0082715
-0.0082715
-0.0082961
-0.0082961
-0.0082961
-0.0082961
-0.0082961
-0.0082961
-0.0082961
-0.0082961
-0.0082961
-0.0082961
-0.0082961
-0.0082961
-0.0083207
-0.0083207
-0.0083207
-0.0083207
-0.0083207
-0.0083453
-0.0083453
-0.0083453
-0.0083453
-0.0083453
-0.0083453
-0.0083453
-0.0083453
-0.00837
-0.00837
-0.00837
-0.00837
-0.00837
-0.0083453
-0.0083453
-0.0083453
-0.0083453
-0.0083453
-0.0083453
-0.0083207
-0.0083207
-0.0083207
-0.0083207
-0.0083207
-0.0083207
-0.0083207
-0.0083207
-0.0083207
-0.0082961
-0.0082961
-0.0082961
-0.0082961
-0.0082961
-0.0082961
-0.0082961
-0.0082715
-0.0082715
-0.0082715
-0.0082715
-0.0082715
-0.0082715
-0.0082715
-0.0082715
-0.0082715
-0.0082715
-0.0082715
-0.0082715
-0.0082715
-0.0082715
-0.0082961
-0.0082961
-0.0082961
-0.0082961
-0.0082961
-0.0082961
-0.0082961
-0.0082961
-0.0082961
-0.0082961
-0.0082961
-0.0082961
-0.0082961
-0.0082961
-0.0082961
-0.0082961
-0.0082961
-0.0082961
-0.0082961
-0.0082961
-0.0082961
-0.0082961
-0.0082961
-0.0082961
-0.0082961
-0.0082961
-0.0082961
-0.0082961
-0.0082961
-0.0082715
-0.0082715
-0.0082715
-0.0082715
-0.0082715
-0.0082715
-0.0082715
-0.0082715
-0.0082715
-0.0082715
-0.0082961
-0.0082961
-0.0082715
-0.0082715
-0.0082715
-0.0082715
-0.0082715
-0.0082715
-0.0082715
-0.0082715
-0.0082715
-0.0082715
-0.0082715
-0.0082715
-0.0082961
-0.0082715
-0.0082715
-0.0082715
-0.0082961
-0.0082715
-0.0082715
-0.0082961
-0.0082715
-0.0082715
-0.0082715
-0.0082715
-0.0082715
-0.0082715
-0.0082715
-0.0082715
-0.0082715
-0.0082715
-0.0082715
-0.0082715
-0.0082715
-0.0082715
-0.0082715
-0.0082715
-0.0082715
-0.0082715
-0.0082715
-0.0082715
-0.0082715
-0.0082715
-0.0082715
-0.0082961
-0.0082961
-0.0082961
-0.0082961
-0.0082961
-0.0082961
-0.0082961
-0.0082961
-0.0082961
-0.0082961
-0.0082961
-0.0082961
-0.0082961
-0.0082961
-0.0082961
-0.0082961
-0.0082961
-0.0082961
-0.0082961
-0.0082961
-0.0082961
-0.0082961
-0.0082961
-0.0082961
-0.0082961
-0.0082961
-0.0082961
-0.0082961
-0.0082961
-0.0082961
-0.0082961
-0.0082961
-0.0082961
-0.0083207
-0.0083207
-0.0083207
-0.0083207
-0.0083207
-0.0083207
-0.0082961
-0.0082961
-0.0082961
-0.0082961
-0.0082961
-0.0083207
-0.0083453
-0.0083946
-0.0084192
-0.0084438
-0.0084192
-0.00837
-0.0081976
-0.0080007
-0.007853
-0.007853
-0.0079515
-0.0080253
-0.0081238
-0.0081976
-0.0082469
-0.0082961
-0.0083207
-0.0083453
-0.0083453
-0.0083453
-0.0083453
-0.0083453
-0.0083453
-0.0083453
-0.0083453
-0.0083453
-0.0083453
-0.0083453
-0.0083453
-0.0083453
-0.0083453
-0.0083453
-0.0083453
-0.0083453
-0.0083453
-0.0083453
-0.0083453
-0.0083453
-0.0083453
-0.0083453
-0.00837
-0.00837
-0.00837
-0.00837
-0.00837
-0.0083946
-0.0083946
-0.0083946
-0.0083946
-0.0083946
-0.0083946
-0.0084192
-0.0084192
-0.0084192
-0.0084192
-0.0084192
-0.0084192
-0.0084192
-0.0084192
-0.0084192
-0.0084192
-0.0084192
-0.0084192
-0.0084192
-0.0084192
-0.0084192
-0.0084192
-0.0084192
-0.0084192
-0.0083946
-0.0083946
-0.0083946
-0.0083946
-0.0083946
-0.00837
-0.00837
-0.00837
-0.00837
-0.00837
-0.00837
-0.00837
-0.00837
-0.00837
-0.0083453
-0.0083453
-0.00837
-0.00837
-0.00837
-0.00837
-0.00837
-0.00837
-0.00837
-0.00837
-0.00837
-0.0083946
-0.0083946
-0.0083946
-0.00837
-0.00837
-0.0083946
-0.0083946
-0.0083946
-0.0083946
-0.0083946
-0.0083946
-0.0083946
-0.0083946
-0.0083946
-0.00837
-0.00837
-0.00837
-0.00837
-0.00837
-0.00837
-0.00837
-0.0083453
-0.0083453
-0.0083453
-0.0083453
-0.0083453
-0.0083453
-0.0083453
-0.0083453
-0.0083207
-0.0083207
-0.0083207
-0.0083207
-0.0083207
-0.0083207
-0.0083207
-0.0083207
-0.0083207
-0.0083207
-0.0083207
-0.0083207
-0.0083207
-0.0083207
-0.0083207
-0.0083453
-0.0083453
-0.0083453
-0.0083453
-0.0083453
-0.0083453
-0.0083453
-0.0083453
-0.0083453
-0.0083453
-0.0083453
-0.0083453
-0.0083453
-0.0083453
-0.0083453
-0.0083453
-0.00837
-0.00837
-0.00837
-0.00837
-0.00837
-0.00837
-0.00837
-0.00837
-0.00837
-0.00837
-0.00837
-0.00837
-0.00837
-0.0083453
-0.0083453
-0.00837
-0.00837
-0.0083453
-0.0083453
-0.0083453
-0.0083453
-0.0083453
-0.0083453
-0.0083453
-0.00837
-0.00837
-0.00837
-0.00837
-0.00837
-0.00837
-0.00837
-0.00837
-0.00837
-0.00837
-0.00837
-0.00837
-0.0083453
-0.0083453
-0.0083453
-0.0083453
-0.0083453
-0.0083453
-0.00837
-0.0083453
-0.0083453
-0.0083453
-0.0083453
-0.0083453
-0.0083453
-0.0083453
-0.0083453
-0.0083453
-0.0083453
-0.0083453
-0.0083453
-0.0083453
-0.0083453
-0.0083453
-0.00837
-0.0083453
-0.0083453
-0.00837
-0.00837
-0.00837
-0.0083453
-0.0083453
-0.00837
-0.0083946
-0.0084438
-0.008493
-0.008493
-0.0084684
-0.0084192
-0.0082715
-0.0080499
-0.0079268
-0.0079268
-0.0080253
-0.0080992
-0.008173
-0.00837
-0.0083946
-0.0083946
-0.0083946
-0.0084192
-0.0084192
-0.0084192
-0.0084192
-0.0084192
-0.0084192
-0.0084192
-0.0084192
-0.0084192
-0.0084192
-0.0084192
-0.0084192
-0.0084192
-0.0084192
-0.0084192
-0.0084192
-0.0084192
-0.0084192
-0.0084192
-0.0084192
-0.0084192
-0.0084192
-0.0084192
-0.0084192
-0.0084192
-0.0084192
-0.0084192
-0.0084192
-0.0084438
-0.0084438
-0.0084438
-0.0084438
-0.0084438
-0.0084438
-0.0084438
-0.0084438
-0.0084438
-0.0084438
-0.0084438
-0.0084438
-0.0084438
-0.0084438
-0.0084438
-0.0084438
-0.0084438
-0.0084438
-0.0084438
-0.0084438
-0.0084438
-0.0084438
-0.0084438
-0.0084438
-0.0084438
-0.0084438
-0.0084438
-0.0084192
-0.0084192
-0.0084192
-0.0084192
-0.0084192
-0.0084192
-0.0084192
-0.0084192
-0.0084192
-0.0084192
-0.0083946
-0.0083946
-0.0083946
-0.0083946
-0.0083946
-0.0083946
-0.0083946
-0.0083946
-0.0083946
-0.0083946
-0.0083946
-0.0084192
-0.0084192
-0.0084192
-0.0084192
-0.0084192
-0.0084192
-0.0084192
-0.0084192
-0.0084192
-0.0084192
-0.0084192
-0.0084192
-0.0084192
-0.0084192
-0.0084192
-0.0084192
-0.0084192
-0.0084192
-0.0084192
-0.0084192
-0.0084192
-0.0084192
-0.0084192
-0.0084192
-0.0084192
-0.0084192
-0.0084192
-0.0084192
-0.0084192
-0.0084192
-0.0084192
-0.0084192
-0.0084192
-0.0084192
-0.0084192
-0.0084192
-0.0084192
-0.0084192
-0.0084192
-0.0084192
-0.0084192
-0.0084192
-0.0084192
-0.0084192
-0.0084192
-0.0084192
-0.0084192
-0.0084192
-0.0084192
-0.0084192
-0.0084192
-0.0084192
-0.0084192
-0.0084192
-0.0083946
-0.0083946
-0.0084192
-0.0083946
-0.0083946
-0.0083946
-0.0083946
-0.0083946
-0.0083946
-0.0083946
-0.0083946
-0.0083946
-0.0083946
-0.0083946
-0.0084192
-0.0084192
-0.0084192
-0.0083946
-0.0083946
-0.0083946
-0.0083946
-0.0083946
-0.0083946
-0.0083946
-0.0083946
-0.0083946
-0.0084192
-0.0084192
-0.0084192
-0.0084192
-0.0084192
-0.0084192
-0.0084192
-0.0084192
-0.0084192
-0.0084192
-0.0084438
-0.0084438
-0.0084438
-0.0084438
-0.0084438
-0.0084438
-0.0084192
-0.0084192
-0.0084192
-0.0084438
-0.0084438
-0.0084438
-0.0084438
-0.0084438
-0.0084438
-0.0084438
-0.0084438
-0.0084438
-0.0084438
-0.0084438
-0.0084438
-0.0084438
-0.0084438
-0.0084438
-0.0084438
-0.0084438
-0.0084438
-0.0084438
-0.0084438
-0.0084438
-0.0084438
-0.0084438
-0.0084438
-0.0084438
-0.0084438
-0.0084438
-0.0084438
-0.0084684
-0.0085177
-0.0085669
-0.0085915
-0.0085915
-0.0085669
-0.0084684
-0.0082961
-0.0080745
-0.0080007
-0.0080499
-0.0081238
-0.0081976
-0.0082961
-0.0083453
-0.0083946
-0.0084438
-0.0084684
-0.0084684
-0.0084684
-0.008493
-0.008493
-0.008493
-0.008493
-0.008493
-0.008493
-0.0084684
-0.0084684
-0.0084684
-0.0084684
-0.0084684
-0.0084684
-0.0084684
-0.0084684
-0.0084684
-0.0084684
-0.0084684
-0.0084684
-0.0084684
-0.008493
-0.008493
-0.008493
-0.008493
-0.008493
-0.0085177
-0.0085177
-0.0085177
-0.0085177
-0.0085423
-0.0085423
-0.0085423
-0.0085423
-0.0085423
-0.0085423
-0.0085423
-0.0085669
-0.0085669
-0.0085669
-0.0085669
-0.0085669
-0.0085669
-0.0085669
-0.0085423
-0.0085423
-0.0085423
-0.0085423
-0.0085423
-0.0085423
-0.0085423
-0.0085423
-0.0085423
-0.0085423
-0.0085423
-0.0085177
-0.0085177
-0.0085177
-0.0085177
-0.008493
-0.008493
-0.008493
-0.008493
-0.008493
-0.008493
-0.0084684
-0.0084684
-0.0084684
-0.0084684
-0.0084684
-0.0084684
-0.0084684
-0.0084684
-0.0084684
-0.0084684
-0.0084684
-0.0084684
-0.0084684
-0.0084684
-0.0084684
-0.0084684
-0.0084684
-0.0084684
-0.0084684
-0.0084684
-0.008493
-0.0084684
-0.0084684
-0.0084684
-0.008493
-0.008493
-0.008493
-0.008493
-0.0084684
-0.0084684
-0.008493
-0.008493
-0.008493
-0.008493
-0.008493
-0.008493
-0.008493
-0.0084684
-0.0084684
-0.0084684
-0.0084684
-0.0084684
-0.0084684
-0.0084684
-0.0084684
-0.0084684
-0.0084684
-0.0084684
-0.0084684
-0.0084684
-0.0084684
-0.0084684
-0.0084684
-0.0084684
-0.008493
-0.008493
-0.008493
-0.008493
-0.008493
-0.008493
-0.008493
-0.008493
-0.008493
-0.008493
-0.008493
-0.008493
-0.008493
-0.008493
-0.008493
-0.008493
-0.008493
-0.008493
-0.008493
-0.008493
-0.008493
-0.008493
-0.008493
-0.008493
-0.008493
-0.008493
-0.008493
-0.008493
-0.008493
-0.008493
-0.008493
-0.008493
-0.008493
-0.008493
-0.008493
-0.008493
-0.008493
-0.008493
-0.0085177
-0.0085177
-0.0085177
-0.0085177
-0.0085177
-0.0085177
-0.0085177
-0.0085177
-0.0085177
-0.0085177
-0.0085177
-0.0085177
-0.0085177
-0.0085177
-0.0085177
-0.0085177
-0.0085177
-0.0085177
-0.0085177
-0.0085177
-0.0085177
-0.0085177
-0.0085177
-0.0085177
-0.0085177
-0.0085177
-0.0085177
-0.0085177
-0.0085177
-0.0085177
-0.0085177
-0.0085177
-0.0085177
-0.0085423
-0.0085423
-0.0085423
-0.0085177
-0.0085177
-0.0085423
-0.0085423
-0.0085177
-0.0085177
-0.0085423
-0.0085423
-0.0085423
-0.0085423
-0.0085669
-0.0086407
-0.0086654
-0.0086407
-0.0086407
-0.0085423
-0.00837
-0.008173
-0.0080745
-0.0081238
-0.0081976
-0.0082961
-0.0085177
-0.0085423
-0.0085669
-0.0085669
-0.0085669
-0.0085915
-0.0085915
-0.0085915
-0.0085915
-0.0085915
-0.0085915
-0.0085915
-0.0085915
-0.0085915
-0.0085669
-0.0085669
-0.0085669
-0.0085669
-0.0085669
-0.0085669
-0.0085669
-0.0085669
-0.0085669
-0.0085669
-0.0085669
-0.0085669
-0.0085915
-0.0085915
-0.0085915
-0.0085915
-0.0085915
-0.0085915
-0.0085915
-0.0085915
-0.0086161
-0.0086161
-0.0086161
-0.0086407
-0.0086407
-0.0086407
-0.0086407
-0.0086407
-0.0086407
-0.0086407
-0.0086407
-0.0086407
-0.0086407
-0.0086407
-0.0086407
-0.0086407
-0.0086407
-0.0086407
-0.0086407
-0.0086407
-0.0086407
-0.0086407
-0.0086161
-0.0086161
-0.0086161
-0.0086161
-0.0085915
-0.0085915
-0.0085915
-0.0085915
-0.0085669
-0.0085669
-0.0085669
-0.0085669
-0.0085669
-0.0085669
-0.0085669
-0.0085423
-0.0085423
-0.0085423
-0.0085423
-0.0085423
-0.0085423
-0.0085423
-0.0085423
-0.0085423
-0.0085423
-0.0085669
-0.0085669
-0.0085669
-0.0085669
-0.0085669
-0.0085669
-0.0085669
-0.0085669
-0.0085669
-0.0085669
-0.0085669
-0.0085669
-0.0085669
-0.0085669
-0.0085669
-0.0085669
-0.0085669
-0.0085669
-0.0085669
-0.0085669
-0.0085669
-0.0085669
-0.0085669
-0.0085669
-0.0085669
-0.0085669
-0.0085669
-0.0085423
-0.0085423
-0.0085423
-0.0085423
-0.0085423
-0.0085423
-0.0085423
-0.0085423
-0.0085423
-0.0085423
-0.0085423
-0.0085423
-0.0085423
-0.0085423
-0.0085423
-0.0085423
-0.0085423
-0.0085423
-0.0085669
-0.0085669
-0.0085669
-0.0085669
-0.0085669
-0.0085669
-0.0085669
-0.0085669
-0.0085669
-0.0085669
-0.0085669
-0.0085669
-0.0085915
-0.0085915
-0.0085915
-0.0085915
-0.0085915
-0.0085915
-0.0085915
-0.0085915
-0.0085915
-0.0085915
-0.0085915
-0.0085915
-0.0085915
-0.0085915
-0.0085915
-0.0085915
-0.0085915
-0.0085915
-0.0085915
-0.0085915
-0.0085915
-0.0085915
-0.0086161
-0.0086161
-0.0086161
-0.0086161
-0.0086161
-0.0086161
-0.0086161
-0.0086161
-0.0085915
-0.0085915
-0.0085915
-0.0085915
-0.0086161
-0.0086161
-0.0086161
-0.0086161
-0.0086161
-0.0086161
-0.0086161
-0.0086161
-0.0086407
-0.0086407
-0.0086407
-0.0086161
-0.0086161
-0.0086161
-0.0086161
-0.0086161
-0.0086161
-0.0086161
-0.0086161
-0.0086161
-0.0086161
-0.0086161
-0.0086161
-0.0086161
-0.0086161
-0.0086161
-0.0086161
-0.0086161
-0.0086161
-0.0086161
-0.0086161
-0.0086161
-0.0086161
-0.0086161
-0.0086161
-0.0086161
-0.0086161
-0.0086161
-0.0086161
-0.0086161
-0.0086161
-0.0086161
-0.0086161
-0.0086161
-0.0086161
-0.0086161
-0.0086654
-0.0087146
-0.0087146
-0.0087146
-0.00869
-0.0085669
-0.00837
-0.008173
-0.0081238
-0.0081976
-0.0082715
-0.00837
-0.0084438
-0.0085177
-0.0085669
-0.0085915
-0.0086161
-0.0086161
-0.0086407
-0.0086407
-0.0086407
-0.0086407
-0.0086407
-0.0086407
-0.0086407
-0.0086407
-0.0086407
-0.0086407
-0.0086407
-0.0086407
-0.0086407
-0.0086407
-0.0086407
-0.0086407
-0.0086407
-0.0086407
-0.0086407
-0.0086407
-0.0086407
-0.0086654
-0.0086654
-0.0086654
-0.0086654
-0.0086654
-0.0086654
-0.0086654
-0.0086654
-0.0086654
-0.00869
-0.00869
-0.00869
-0.00869
-0.00869
-0.00869
-0.0086654
-0.0086654
-0.0086654
-0.0086654
-0.0086654
-0.0086654
-0.0086654
-0.0086654
-0.0086654
-0.0086654
-0.0086654
-0.0086654
-0.0086654
-0.0086407
-0.0086407
-0.0086407
-0.0086407
-0.0086407
-0.0086407
-0.0086407
-0.0086407
-0.0086161
-0.0086161
-0.0086161
-0.0086161
-0.0086161
-0.0086161
-0.0086161
-0.0086161
-0.0086161
-0.0086161
-0.0086161
-0.0086161
-0.0086161
-0.0086161
-0.0086161
-0.0086407
-0.0086407
-0.0086407
-0.0086407
-0.0086407
-0.0086407
-0.0086407
-0.0086407
-0.0086407
-0.0086407
-0.0086407
-0.0086407
-0.0086654
-0.0086654
-0.0086654
-0.0086654
-0.0086654
-0.0086654
-0.0086654
-0.0086654
-0.0086654
-0.0086654
-0.0086654
-0.0086654
-0.0086654
-0.0086654
-0.0086654
-0.0086654
-0.0086654
-0.0086407
-0.0086407
-0.0086407
-0.0086407
-0.0086407
-0.0086407
-0.0086407
-0.0086407
-0.0086407
-0.0086161
-0.0086161
-0.0086161
-0.0086161
-0.0086161
-0.0086161
-0.0086161
-0.0086161
-0.0086161
-0.0086161
-0.0086161
-0.0086161
-0.0086161
-0.0086161
-0.0086161
-0.0086161
-0.0086161
-0.0086407
-0.0086407
-0.0086407
-0.0086161
-0.0086407
-0.0086407
-0.0086407
-0.0086407
-0.0086407
-0.0086407
-0.0086407
-0.0086407
-0.0086407
-0.0086407
-0.0086407
-0.0086407
-0.0086407
-0.0086407
-0.0086407
-0.0086407
-0.0086407
-0.0086654
-0.0086654
-0.0086654
-0.0086654
-0.0086654
-0.0086654
-0.0086654
-0.0086654
-0.0086407
-0.0086407
-0.0086407
-0.0086407
-0.0086407
-0.0086407
-0.0086407
-0.0086407
-0.0086407
-0.0086407
-0.0086407
-0.0086407
-0.0086407
-0.0086407
-0.0086407
-0.0086407
-0.0086654
-0.0086654
-0.0086654
-0.0086654
-0.0086654
-0.0086654
-0.0086654
-0.0086654
-0.0086654
-0.0086654
-0.0086654
-0.0086654
-0.0086654
-0.0086654
-0.0086654
-0.0086654
-0.0086654
-0.0086654
-0.0086654
-0.0086654
-0.0086654
-0.0086407
-0.0086654
-0.0086654
-0.0086654
-0.0086407
-0.0086407
-0.0086407
-0.0086407
-0.0086407
-0.0086407
-0.0086407
-0.0086407
-0.0086407
-0.0086407
-0.0086407
-0.0086407
-0.0086407
-0.0086407
-0.0086407
-0.0086407
-0.0086407
-0.0086407
-0.0086407
-0.0086407
-0.00869
-0.0087392
-0.0087638
-0.0087638
-0.0087392
-0.0086407
-0.0084684
-0.0082469
-0.0081484
-0.0081976
-0.0082961
-0.0083946
-0.0084684
-0.0085423
-0.0085915
-0.0086407
-0.0086407
-0.0086654
-0.0086654
-0.00869
-0.00869
-0.00869
-0.00869
-0.00869
-0.00869
-0.00869
-0.00869
-0.00869
-0.00869
-0.0086654
-0.0086654
-0.0086654
-0.00869
-0.00869
-0.00869
-0.00869
-0.00869
-0.00869
-0.00869
-0.00869
-0.00869
-0.00869
-0.0087146
-0.0087146
-0.0087146
-0.0087146
-0.0087146
-0.0087146
-0.0087146
-0.0087146
-0.0087146
-0.0087392
-0.0087392
-0.0087392
-0.0087392
-0.0087392
-0.0087392
-0.0087392
-0.0087392
-0.0087392
-0.0087392
-0.0087392
-0.0087392
-0.0087392
-0.0087146
-0.0087146
-0.0087146
-0.0087146
-0.0087146
-0.0087146
-0.0087146
-0.00869
-0.00869
-0.00869
-0.00869
-0.00869
-0.00869
-0.0086654
-0.0086654
-0.0086654
-0.0086654
-0.0086654
-0.0086654
-0.0086654
-0.0086654
-0.0086654
-0.0086654
-0.0086654
-0.0086654
-0.00869
-0.00869
-0.00869
-0.00869
-0.00869
-0.00869
-0.00869
-0.00869
-0.00869
-0.00869
-0.00869
-0.00869
-0.0087146
-0.0087146
-0.0087146
-0.0087146
-0.0087146
-0.0087146
-0.0087146
-0.0087146
-0.0087146
-0.0087146
-0.0087146
-0.0087146
-0.0087146
-0.0087146
-0.0087146
-0.0087146
-0.0087146
-0.0087146
-0.0087146
-0.00869
-0.00869
-0.00869
-0.00869
-0.00869
-0.00869
-0.00869
-0.00869
-0.00869
-0.00869
-0.00869
-0.00869
-0.0086654
-0.0086654
-0.0086654
-0.0086654
-0.0086654
-0.0086654
-0.0086654
-0.0086654
-0.0086654
-0.0086654
-0.0086654
-0.0086654
-0.0086654
-0.0086654
-0.0086654
-0.0086654
-0.0086654
-0.0086654
-0.0086654
-0.0086654
-0.0086654
-0.0086654
-0.0086654
-0.00869
-0.00869
-0.00869
-0.00869
-0.00869
-0.00869
-0.00869
-0.00869
-0.00869
-0.0087146
-0.0087146
-0.0087146
-0.0087146
-0.0087146
-0.0087146
-0.0087146
-0.0087146
-0.0087146
-0.0087146
-0.0087392
-0.0087146
-0.0087146
-0.0087146
-0.0087146
-0.0087146
-0.0087146
-0.0087146
-0.0087146
-0.0087146
-0.0087146
-0.0087146
-0.0087146
-0.0087392
-0.0087392
-0.0087392
-0.0087392
-0.0087392
-0.0087392
-0.0087392
-0.0087392
-0.0087392
-0.0087392
-0.0087392
-0.0087392
-0.0087392
-0.0087392
-0.0087392
-0.0087392
-0.0087392
-0.0087392
-0.0087392
-0.0087392
-0.0087392
-0.0087392
-0.0087392
-0.0087392
-0.0087392
-0.0087392
-0.0087392
-0.0087392
-0.0087392
-0.0087392
-0.0087146
-0.0087146
-0.0087146
-0.0087146
-0.0087146
-0.0087146
-0.0087146
-0.0087146
-0.0087146
-0.0087146
-0.0087146
-0.0087146
-0.0087146
-0.0087146
-0.0087146
-0.0087638
-0.0088131
-0.0088131
-0.0088377
-0.0088131
-0.0087146
-0.0085423
-0.0083207
-0.0082223
-0.0082715
-0.00837
-0.0084438
-0.0085423
-0.0086161
-0.0086654
-0.0087146
-0.0087392
-0.0087392
-0.0087392
-0.0087638
-0.0087638
-0.0087638
-0.0087638
-0.0087638
-0.0087638
-0.0087638
-0.0087638
-0.0087638
-0.0087638
-0.0087638
-0.0087638
-0.0087638
-0.0087638
-0.0087638
-0.0087638
-0.0087638
-0.0087638
-0.0087638
-0.0087638
-0.0087638
-0.0087638
-0.0087638
-0.0087638
-0.0087638
-0.0087638
-0.0087885
-0.0087885
-0.0087885
-0.0087885
-0.0087885
-0.0087885
-0.0087885
-0.0087885
-0.0087885
-0.0087885
-0.0087885
-0.0087885
-0.0087885
-0.0087885
-0.0087885
-0.0087885
-0.0087885
-0.0087885
-0.0087885
-0.0087885
-0.0087885
-0.0087885
-0.0087885
-0.0087885
-0.0087638
-0.0087638
-0.0087638
-0.0087638
-0.0087638
-0.0087638
-0.0087392
-0.0087392
-0.0087392
-0.0087392
-0.0087392
-0.0087392
-0.0087392
-0.0087392
-0.0087392
-0.0087392
-0.0087392
-0.0087392
-0.0087392
-0.0087392
-0.0087392
-0.0087392
-0.0087392
-0.0087392
-0.0087392
-0.0087392
-0.0087392
-0.0087392
-0.0087638
-0.0087638
-0.0087638
-0.0087638
-0.0087638
-0.0087638
-0.0087638
-0.0087638
-0.0087638
-0.0087638
-0.0087638
-0.0087638
-0.0087638
-0.0087638
-0.0087638
-0.0087638
-0.0087638
-0.0087638
-0.0087638
-0.0087638
-0.0087638
-0.0087392
-0.0087392
-0.0087392
-0.0087392
-0.0087392
-0.0087392
-0.0087392
-0.0087392
-0.0087392
-0.0087392
-0.0087392
-0.0087392
-0.0087392
-0.0087392
-0.0087392
-0.0087146
-0.0087392
-0.0087392
-0.0087392
-0.0087392
-0.0087392
-0.0087392
-0.0087392
-0.0087392
-0.0087392
-0.0087392
-0.0087392
-0.0087392
-0.0087392
-0.0087392
-0.0087392
-0.0087392
-0.0087392
-0.0087392
-0.0087392
-0.0087392
-0.0087392
-0.0087392
-0.0087392
-0.0087392
-0.0087638
-0.0087638
-0.0087638
-0.0087638
-0.0087392
-0.0087638
-0.0087392
-0.0087638
-0.0087638
-0.0087638
-0.0087638
-0.0087638
-0.0087638
-0.0087638
-0.0087638
-0.0087638
-0.0087638
-0.0087638
-0.0087638
-0.0087638
-0.0087638
-0.0087638
-0.0087638
-0.0087638
-0.0087638
-0.0087638
-0.0087638
-0.0087638
-0.0087638
-0.0087638
-0.0087638
-0.0087638
-0.0087638
-0.0087638
-0.0087638
-0.0087638
-0.0087885
