2018
4
12
17
5
19.169
-0.029713
-0.029713
-0.029689
-0.029713
-0.029713
-0.029713
-0.029713
-0.029713
-0.029713
-0.029713
-0.029713
-0.029713
-0.029713
-0.029713
-0.029738
-0.029738
-0.029713
-0.029713
-0.029738
-0.029738
-0.029738
-0.029738
-0.029738
-0.029738
-0.029738
-0.029738
-0.029738
-0.029738
-0.029738
-0.029738
-0.029738
-0.029738
-0.029738
-0.029738
-0.029738
-0.029738
-0.029738
-0.029738
-0.029738
-0.029763
-0.029738
-0.029763
-0.029763
-0.029763
-0.029763
-0.029763
-0.029763
-0.029763
-0.029763
-0.029763
-0.029763
-0.029763
-0.029763
-0.029738
-0.029738
-0.029738
-0.029738
-0.029738
-0.029738
-0.029713
-0.029713
-0.029713
-0.029713
-0.029689
-0.029664
-0.029664
-0.029689
-0.029689
-0.029689
-0.029713
-0.029713
-0.029738
-0.029738
-0.029738
-0.029738
-0.029738
-0.029763
-0.029787
-0.029787
-0.029763
-0.029787
-0.029787
-0.029787
-0.029787
-0.029787
-0.029787
-0.029787
-0.029787
-0.029787
-0.029787
-0.029763
-0.029763
-0.029763
-0.029763
-0.029787
-0.029763
-0.029763
-0.029787
-0.029787
-0.029787
-0.029787
-0.029763
-0.029713
-0.029713
-0.029787
-0.02991
-0.030107
-0.030427
-0.030698
-0.030846
-0.030846
-0.030723
-0.030624
-0.030526
-0.030452
-0.030304
-0.030156
-0.030033
-0.02996
-0.02991
-0.029787
-0.029763
-0.029763
-0.029738
-0.029738
-0.029738
-0.029738
-0.029713
-0.029713
-0.029713
-0.029713
-0.029713
-0.029689
-0.029689
-0.029689
-0.029689
-0.029689
-0.029664
-0.029664
-0.029664
-0.029664
-0.029639
-0.029639
-0.029639
-0.029639
-0.029639
-0.029639
-0.029615
-0.029615
-0.029615
-0.029615
-0.029615
-0.029615
-0.02959
-0.02959
-0.02959
-0.029566
-0.029566
-0.029541
-0.029541
-0.029467
-0.029467
-0.029467
-0.029492
-0.029492
-0.029492
-0.029516
-0.029541
-0.029566
-0.029566
-0.02959
-0.029639
-0.029639
-0.029664
-0.029664
-0.029689
-0.029713
-0.029713
-0.029713
-0.029713
-0.029713
-0.029738
-0.029738
-0.029738
-0.029738
-0.029738
-0.029738
-0.029738
-0.029738
-0.029738
-0.029738
-0.029763
-0.029763
-0.029738
-0.029738
-0.029738
-0.029763
-0.029763
-0.029738
-0.029738
-0.029738
-0.029738
-0.029738
-0.029763
-0.029763
-0.029763
-0.029763
-0.029763
-0.029763
-0.029763
-0.029763
-0.029763
-0.029763
-0.029763
-0.029787
-0.029787
-0.029763
-0.029787
-0.029787
-0.029787
-0.029787
-0.029787
-0.029787
-0.029812
-0.029812
-0.029812
-0.029812
-0.029812
-0.029812
-0.029812
-0.029812
-0.029812
-0.029812
-0.029812
-0.029812
-0.029812
-0.029787
-0.029787
-0.029787
-0.029812
-0.029812
-0.029812
-0.029812
-0.029812
-0.029812
-0.029812
-0.029836
-0.029836
-0.029812
-0.029812
-0.029812
-0.029812
-0.029812
-0.029812
-0.029812
-0.029812
-0.029812
-0.029787
-0.029763
-0.029763
-0.029763
-0.029763
-0.029763
-0.029738
-0.029713
-0.029713
-0.029713
-0.029738
-0.029738
-0.029738
-0.029763
-0.029763
-0.029763
-0.029763
-0.029787
-0.029787
-0.029787
-0.029812
-0.029812
-0.029812
-0.029812
-0.029812
-0.029836
-0.029836
-0.029836
-0.029836
-0.029836
-0.029836
-0.029836
-0.029836
-0.029836
-0.029836
-0.029836
-0.029836
-0.029836
-0.029836
-0.029836
-0.029836
-0.029836
-0.029836
-0.029836
-0.029812
-0.029812
-0.029787
-0.029763
-0.029787
-0.029935
-0.030132
-0.030452
-0.030723
-0.030895
-0.030944
-0.030846
-0.030747
-0.030649
-0.030526
-0.030403
-0.030255
-0.030107
-0.030033
-0.029836
-0.029812
-0.029812
-0.029787
-0.029787
-0.029787
-0.029787
-0.029787
-0.029763
-0.029763
-0.029763
-0.029763
-0.029738
-0.029738
-0.029738
-0.029738
-0.029738
-0.029713
-0.029713
-0.029713
-0.029713
-0.029689
-0.029689
-0.029664
-0.029664
-0.029664
-0.029664
-0.029639
-0.029639
-0.029639
-0.029639
-0.029615
-0.02959
-0.02959
-0.029566
-0.029566
-0.029566
-0.029541
-0.029516
-0.029516
-0.029467
-0.029467
-0.029467
-0.029467
-0.029492
-0.029492
-0.029516
-0.029516
-0.029541
-0.029566
-0.02959
-0.029615
-0.029639
-0.029664
-0.029689
-0.029689
-0.029738
-0.029763
-0.029763
-0.029787
-0.029787
-0.029812
-0.029836
-0.029836
-0.029836
-0.029836
-0.029836
-0.029861
-0.029861
-0.029861
-0.029861
-0.029861
-0.029861
-0.029861
-0.029836
-0.029836
-0.029836
-0.029861
-0.029861
-0.029836
-0.029861
-0.029836
-0.029836
-0.029836
-0.029861
-0.029861
-0.029836
-0.029836
-0.029836
-0.029861
-0.029861
-0.029836
-0.029836
-0.029861
-0.029861
-0.029861
-0.029861
-0.029861
-0.029861
-0.029861
-0.029861
-0.029861
-0.029861
-0.029861
-0.029886
-0.029886
-0.029861
-0.029861
-0.029886
-0.029886
-0.029886
-0.029886
-0.029886
-0.029886
-0.029886
-0.029886
-0.029886
-0.029861
-0.029861
-0.029886
-0.029886
-0.029886
-0.029886
-0.029861
-0.029886
-0.029886
-0.029886
-0.029886
-0.029886
-0.029886
-0.02991
-0.02991
-0.029886
-0.029886
-0.029886
-0.029886
-0.029861
-0.029861
-0.029861
-0.029861
-0.029861
-0.029861
-0.029861
-0.029886
-0.029886
-0.029886
-0.029886
-0.029886
-0.029886
-0.02991
-0.02991
-0.02991
-0.02991
-0.02991
-0.02991
-0.02991
-0.02991
-0.029886
-0.029886
-0.029886
-0.029861
-0.029836
-0.029861
-0.029861
-0.029861
-0.029861
-0.029886
-0.029886
-0.02991
-0.02991
-0.02991
-0.02991
-0.029935
-0.029935
-0.029935
-0.029935
-0.02996
-0.02996
-0.02996
-0.02996
-0.02996
-0.02996
-0.02996
-0.029984
-0.02996
-0.02996
-0.029984
-0.029984
-0.029984
-0.029984
-0.029984
-0.029984
-0.030009
-0.029984
-0.029984
-0.029984
-0.029984
-0.029984
-0.029984
-0.029984
-0.030083
-0.030255
-0.03055
-0.030846
-0.031067
-0.031141
-0.031043
-0.030944
-0.030846
-0.030723
-0.0306
-0.030427
-0.03028
-0.030206
-0.030132
-0.030058
-0.030009
-0.029984
-0.029984
-0.02996
-0.029935
-0.029935
-0.029935
-0.029935
-0.02991
-0.02991
-0.029886
-0.029886
-0.029886
-0.029886
-0.029861
-0.029861
-0.029861
-0.029861
-0.029861
-0.029836
-0.029836
-0.029836
-0.029836
-0.029836
-0.029787
-0.029787
-0.029763
-0.029763
-0.029763
-0.029763
-0.029738
-0.029713
-0.029713
-0.029713
-0.029689
-0.029689
-0.029664
-0.029639
-0.029639
-0.029639
-0.029615
-0.029615
-0.029615
-0.029615
-0.029615
-0.029615
-0.029615
-0.029639
-0.029664
-0.029689
-0.029689
-0.029713
-0.029738
-0.029763
-0.029787
-0.029812
-0.029836
-0.029861
-0.029886
-0.029886
-0.02991
-0.02991
-0.02991
-0.029935
-0.029935
-0.02996
-0.02996
-0.02996
-0.02996
-0.02996
-0.02996
-0.02996
-0.02996
-0.02996
-0.02996
-0.02996
-0.029984
-0.02996
-0.02996
-0.02996
-0.02996
-0.02996
-0.02996
-0.02996
-0.02996
-0.02996
-0.02996
-0.02996
-0.02996
-0.02996
-0.02996
-0.02996
-0.02996
-0.02996
-0.02996
-0.02996
-0.02996
-0.02996
-0.02996
-0.02996
-0.02996
-0.029984
-0.029984
-0.02996
-0.029984
-0.029984
-0.030009
-0.030009
-0.029984
-0.029984
-0.029984
-0.030009
-0.030009
-0.029984
-0.029984
-0.029984
-0.029984
-0.030009
-0.029984
-0.029984
-0.029984
-0.029984
-0.030009
-0.029984
-0.029984
-0.029984
-0.030009
-0.030009
-0.030009
-0.030009
-0.030009
-0.030033
-0.030033
-0.030033
-0.030033
-0.030033
-0.030033
-0.030033
-0.030033
-0.030009
-0.030009
-0.030033
-0.030033
-0.030009
-0.030033
-0.030009
-0.030009
-0.030009
-0.030009
-0.030033
-0.030033
-0.030009
-0.030009
-0.030033
-0.030033
-0.030009
-0.030009
-0.029984
-0.030009
-0.029984
-0.029984
-0.029984
-0.029984
-0.02996
-0.02996
-0.029935
-0.029935
-0.029935
-0.029935
-0.02996
-0.02996
-0.02996
-0.02996
-0.029984
-0.029984
-0.029984
-0.029984
-0.030009
-0.030033
-0.030033
-0.030033
-0.030033
-0.030033
-0.030058
-0.030058
-0.030058
-0.030083
-0.030058
-0.030058
-0.030058
-0.030058
-0.030058
-0.030058
-0.030058
-0.030058
-0.030058
-0.030058
-0.030058
-0.030058
-0.030058
-0.030058
-0.030058
-0.030033
-0.029984
-0.02996
-0.030033
-0.030156
-0.030329
-0.030624
-0.03092
-0.031141
-0.031215
-0.031117
-0.030993
-0.03087
-0.030772
-0.030649
-0.030476
-0.030304
-0.03023
-0.030181
-0.030107
-0.030058
-0.030033
-0.030009
-0.030009
-0.030009
-0.030009
-0.030009
-0.030009
-0.029984
-0.029984
-0.029984
-0.029984
-0.029984
-0.02996
-0.02996
-0.02996
-0.02996
-0.029935
-0.02991
-0.02991
-0.02991
-0.02991
-0.029886
-0.029886
-0.029861
-0.029861
-0.029861
-0.029836
-0.029836
-0.029812
-0.029812
-0.029787
-0.029787
-0.029763
-0.029738
-0.029738
-0.029738
-0.029713
-0.029689
-0.029689
-0.029689
-0.029689
-0.029664
-0.029689
-0.029689
-0.029713
-0.029713
-0.029738
-0.029787
-0.029812
-0.029812
-0.029836
-0.029886
-0.02991
-0.029935
-0.029935
-0.02996
-0.029984
-0.030009
-0.030009
-0.030009
-0.030033
-0.030033
-0.030058
-0.030058
-0.030058
-0.030058
-0.030058
-0.030058
-0.030058
-0.030058
-0.030058
-0.030058
-0.030058
-0.030058
-0.030058
-0.030033
-0.030058
-0.030058
-0.030058
-0.030058
-0.030058
-0.030058
-0.030058
-0.030058
-0.030058
-0.030058
-0.030058
-0.030058
-0.030083
-0.030058
-0.030058
-0.030058
-0.030058
-0.030083
-0.030083
-0.030083
-0.030083
-0.030083
-0.030083
-0.030083
-0.030083
-0.030083
-0.030083
-0.030107
-0.030107
-0.030083
-0.030083
-0.030107
-0.030107
-0.030107
-0.030083
-0.030083
-0.030083
-0.030107
-0.030107
-0.030083
-0.030083
-0.030083
-0.030107
-0.030107
-0.030083
-0.030107
-0.030107
-0.030107
-0.030107
-0.030132
-0.030132
-0.030107
-0.030107
-0.030132
-0.030132
-0.030132
-0.030107
-0.030132
-0.030132
-0.030132
-0.030132
-0.030132
-0.030132
-0.030132
-0.030132
-0.030132
-0.030107
-0.030107
-0.030132
-0.030132
-0.030132
-0.030107
-0.030107
-0.030132
-0.030132
-0.030132
-0.030132
-0.030132
-0.030132
-0.030132
-0.030132
-0.030107
-0.030107
-0.030132
-0.030132
-0.030107
-0.030107
-0.030107
-0.030083
-0.030083
-0.030083
-0.030083
-0.030058
-0.030033
-0.030033
-0.030058
-0.030058
-0.030083
-0.030083
-0.030083
-0.030083
-0.030107
-0.030107
-0.030107
-0.030107
-0.030132
-0.030132
-0.030156
-0.030156
-0.030132
-0.030156
-0.030156
-0.030156
-0.030156
-0.030156
-0.030156
-0.030156
-0.030156
-0.030156
-0.030156
-0.030156
-0.030156
-0.030156
-0.030156
-0.030156
-0.030156
-0.030156
-0.030156
-0.030156
-0.030132
-0.030107
-0.030083
-0.030132
-0.030255
-0.030427
-0.030673
-0.030969
-0.03119
-0.031313
-0.03124
-0.031092
-0.030969
-0.03087
-0.030747
-0.0306
-0.030427
-0.030353
-0.030304
-0.03023
-0.030206
-0.030156
-0.030132
-0.030132
-0.030132
-0.030132
-0.030107
-0.030107
-0.030107
-0.030107
-0.030107
-0.030083
-0.030083
-0.030083
-0.030083
-0.030083
-0.030033
-0.030033
-0.030009
-0.030009
-0.030009
-0.030009
-0.029984
-0.029984
-0.02996
-0.02996
-0.02996
-0.029935
-0.029935
-0.02991
-0.02991
-0.02991
-0.029886
-0.029861
-0.029861
-0.029861
-0.029861
-0.029836
-0.029836
-0.029836
-0.029836
-0.029836
-0.029836
-0.029836
-0.029836
-0.029861
-0.029861
-0.029886
-0.02991
-0.029935
-0.02996
-0.029984
-0.030009
-0.030033
-0.030058
-0.030107
-0.030156
-0.030156
-0.030156
-0.030156
-0.030156
-0.030156
-0.030156
-0.030156
-0.030156
-0.030132
-0.030132
-0.030156
-0.030156
-0.030132
-0.030132
-0.030132
-0.030132
-0.030132
-0.030132
-0.030132
-0.030132
-0.030132
-0.030132
-0.030132
-0.030132
-0.030132
-0.030156
-0.030156
-0.030156
-0.030132
-0.030132
-0.030156
-0.030156
-0.030132
-0.030132
-0.030132
-0.030156
-0.030156
-0.030132
-0.030132
-0.030156
-0.030132
-0.030156
-0.030156
-0.030156
-0.030156
-0.030156
-0.030156
-0.030156
-0.030156
-0.030156
-0.030156
-0.030156
-0.030181
-0.030181
-0.030181
-0.030156
-0.030156
-0.030181
-0.030181
-0.030181
-0.030156
-0.030181
-0.030181
-0.030181
-0.030181
-0.030156
-0.030156
-0.030181
-0.030181
-0.030181
-0.030181
-0.030181
-0.030181
-0.030181
-0.030181
-0.030181
-0.030181
-0.030206
-0.030206
-0.030181
-0.030206
-0.030181
-0.030181
-0.030181
-0.030181
-0.030181
-0.030181
-0.030181
-0.030181
-0.030181
-0.030181
-0.030181
-0.030181
-0.030181
-0.030181
-0.030206
-0.030181
-0.030181
-0.030181
-0.030181
-0.030206
-0.030181
-0.030181
-0.030181
-0.030206
-0.030206
-0.030206
-0.030181
-0.030181
-0.030181
-0.030181
-0.030181
-0.030156
-0.030156
-0.030156
-0.030156
-0.030132
-0.030107
-0.030107
-0.030132
-0.030156
-0.030156
-0.030181
-0.030181
-0.030181
-0.030181
-0.030206
-0.030206
-0.03023
-0.030206
-0.030206
-0.03023
-0.03023
-0.03023
-0.03023
-0.03023
-0.03023
-0.03023
-0.03023
-0.03023
-0.03023
-0.03023
-0.03023
-0.03023
-0.030206
-0.030206
-0.03023
-0.03023
-0.03023
-0.030206
-0.03023
-0.03023
-0.03023
-0.030206
-0.030181
-0.030132
-0.030181
-0.030304
-0.030452
-0.031363
-0.031313
-0.031166
-0.031067
-0.030944
-0.030821
-0.030673
-0.030526
-0.030427
-0.030378
-0.030304
-0.030255
-0.03023
-0.030206
-0.030206
-0.030206
-0.030181
-0.030181
-0.030156
-0.030181
-0.030181
-0.030156
-0.030156
-0.030156
-0.030156
-0.030156
-0.030132
-0.030132
-0.030132
-0.030132
-0.030107
-0.030107
-0.030083
-0.030083
-0.030083
-0.030083
-0.030058
-0.030033
-0.030033
-0.030033
-0.02996
-0.02996
-0.02996
-0.029935
-0.02991
-0.02991
-0.02991
-0.02991
-0.029886
-0.029886
-0.029886
-0.029886
-0.029886
-0.029861
-0.029861
-0.029886
-0.029886
-0.029886
-0.02991
-0.02991
-0.029935
-0.02996
-0.029984
-0.030009
-0.030033
-0.030058
-0.030083
-0.030107
-0.030132
-0.030132
-0.030156
-0.030181
-0.030181
-0.030181
-0.030181
-0.030206
-0.030206
-0.030206
-0.030206
-0.030206
-0.030206
-0.030206
-0.030206
-0.03023
-0.030206
-0.030206
-0.030206
-0.030206
-0.03023
-0.030206
-0.030206
-0.030206
-0.030206
-0.03023
-0.03023
-0.030206
-0.030206
-0.03023
-0.03023
-0.03023
-0.030206
-0.030206
-0.03023
-0.03023
-0.03023
-0.03023
-0.03023
-0.03023
-0.03023
-0.03023
-0.03023
-0.03023
-0.03023
-0.03023
-0.03023
-0.03023
-0.03023
-0.030255
-0.030255
-0.030255
-0.030255
-0.030255
-0.030255
-0.03023
-0.030255
-0.030255
-0.030255
-0.03023
-0.03023
-0.03023
-0.030255
-0.03023
-0.03023
-0.03023
-0.03023
-0.03023
-0.03023
-0.03023
-0.03023
-0.03023
-0.030255
-0.030255
-0.030255
-0.03023
-0.030255
-0.030255
-0.030255
-0.030255
-0.030255
-0.030255
-0.030255
-0.030255
-0.030255
-0.030255
-0.030255
-0.030255
-0.030255
-0.030255
-0.030255
-0.030255
-0.030255
-0.030255
-0.030255
-0.030255
-0.030255
-0.030255
-0.030255
-0.030255
-0.030255
-0.030255
-0.030255
-0.030255
-0.03028
-0.03028
-0.030255
-0.030255
-0.030255
-0.03028
-0.030255
-0.030255
-0.03023
-0.03023
-0.030255
-0.030255
-0.03023
-0.030206
-0.030181
-0.030181
-0.030181
-0.030181
-0.030181
-0.030206
-0.030206
-0.03023
-0.03023
-0.03023
-0.030255
-0.030255
-0.030255
-0.03028
-0.030304
-0.03028
-0.03028
-0.03028
-0.030304
-0.030304
-0.03028
-0.03028
-0.03028
-0.030304
-0.030304
-0.03028
-0.03028
-0.03028
-0.03028
-0.03028
-0.03028
-0.03028
-0.03028
-0.030304
-0.030304
-0.030304
-0.03028
-0.030255
-0.03023
-0.03023
-0.030304
-0.030427
-0.0306
-0.03092
-0.03119
-0.031363
-0.031387
-0.031289
-0.031166
-0.031043
-0.03092
-0.030797
-0.030624
-0.030526
-0.030304
-0.03028
-0.03028
-0.030255
-0.03023
-0.03023
-0.03023
-0.03023
-0.03023
-0.030206
-0.030206
-0.03023
-0.030206
-0.030206
-0.030181
-0.030181
-0.030181
-0.030181
-0.030181
-0.030156
-0.030156
-0.030156
-0.030156
-0.030132
-0.030132
-0.030107
-0.030107
-0.030107
-0.030107
-0.030083
-0.030083
-0.030083
-0.030058
-0.030058
-0.030033
-0.030033
-0.030009
-0.030009
-0.029984
-0.029984
-0.02996
-0.02996
-0.02996
-0.029984
-0.029984
-0.029984
-0.029984
-0.030009
-0.030033
-0.030058
-0.030083
-0.030107
-0.030132
-0.030156
-0.030181
-0.030206
-0.030206
-0.03023
-0.030255
-0.030255
-0.030255
-0.030255
-0.03028
-0.03028
-0.03028
-0.03028
-0.03028
-0.03028
-0.03028
-0.03028
-0.03028
-0.030255
-0.03028
-0.03028
-0.03028
-0.030255
-0.030255
-0.030255
-0.030255
-0.030255
-0.030255
-0.030255
-0.030255
-0.030255
-0.030255
-0.030255
-0.030255
-0.030255
-0.03023
-0.03023
-0.030255
-0.030255
-0.03023
-0.03023
-0.03023
-0.030255
-0.030255
-0.03023
-0.03023
-0.030255
-0.030255
-0.030255
-0.030255
-0.030255
-0.030255
-0.03028
-0.03028
-0.03028
-0.03028
-0.03028
-0.030304
-0.030304
-0.030304
-0.03028
-0.03028
-0.03028
-0.03028
-0.03028
-0.03028
-0.03028
-0.03028
-0.03028
-0.03028
-0.03028
-0.03028
-0.03028
-0.03028
-0.03028
-0.03028
-0.03028
-0.03028
-0.03028
-0.03028
-0.030304
-0.03028
-0.03028
-0.03028
-0.03028
-0.030304
-0.03028
-0.03028
-0.03028
-0.030304
-0.030304
-0.030304
-0.03028
-0.03028
-0.030304
-0.030304
-0.030304
-0.03028
-0.03028
-0.030304
-0.030304
-0.030304
-0.03028
-0.03028
-0.030304
-0.030304
-0.030304
-0.030304
-0.03028
-0.03028
-0.030255
-0.03028
-0.03028
-0.030255
-0.030255
-0.030255
-0.030255
-0.03023
-0.030206
-0.030206
-0.03023
-0.03023
-0.030255
-0.030255
-0.030255
-0.030255
-0.03028
-0.030304
-0.03028
-0.03028
-0.030304
-0.030304
-0.030329
-0.030329
-0.030304
-0.030304
-0.030329
-0.030329
-0.030329
-0.030304
-0.030304
-0.030329
-0.030329
-0.030329
-0.030304
-0.030304
-0.030329
-0.030329
-0.030329
-0.030329
-0.030329
-0.030329
-0.030329
-0.030329
-0.030329
-0.03028
-0.030255
-0.030329
-0.030452
-0.030649
-0.03092
-0.03119
-0.031387
-0.031461
-0.031363
-0.03124
-0.031092
-0.030993
-0.03087
-0.030723
-0.0306
-0.030501
-0.030452
-0.030403
-0.030378
-0.030353
-0.030329
-0.030304
-0.030304
-0.030304
-0.03028
-0.03028
-0.030255
-0.03028
-0.03028
-0.030255
-0.030255
-0.03023
-0.030206
-0.030206
-0.030206
-0.030206
-0.030181
-0.030181
-0.030156
-0.030156
-0.030156
-0.030156
-0.030132
-0.030132
-0.030132
-0.030107
-0.030107
-0.030083
-0.030058
-0.030058
-0.030058
-0.030033
-0.030009
-0.030009
-0.030009
-0.029984
-0.029984
-0.02996
-0.02996
-0.02996
-0.02996
-0.02996
-0.02996
-0.02996
-0.029984
-0.029984
-0.030009
-0.030009
-0.030033
-0.030058
-0.030107
-0.030181
-0.030206
-0.03023
-0.03023
-0.03023
-0.030255
-0.03028
-0.03028
-0.03028
-0.03028
-0.030304
-0.030304
-0.030304
-0.030304
-0.030304
-0.030304
-0.030329
-0.030304
-0.030304
-0.030304
-0.030304
-0.030304
-0.030304
-0.030304
-0.030304
-0.030304
-0.030304
-0.030304
-0.030304
-0.030304
-0.030304
-0.030329
-0.030304
-0.030304
-0.030304
-0.030304
-0.030304
-0.030304
-0.030304
-0.030304
-0.030304
-0.030304
-0.030304
-0.030304
-0.030304
-0.030304
-0.030304
-0.030329
-0.030329
-0.030329
-0.030329
-0.030329
-0.030329
-0.030329
-0.030329
-0.030329
-0.030329
-0.030329
-0.030329
-0.030329
-0.030304
-0.030304
-0.030329
-0.030329
-0.030329
-0.030304
-0.030304
-0.030329
-0.030329
-0.030329
-0.030329
-0.030329
-0.030329
-0.030329
-0.030329
-0.030329
-0.030329
-0.030329
-0.030353
-0.030329
-0.030353
-0.030329
-0.030329
-0.030329
-0.030353
-0.030353
-0.030329
-0.030353
-0.030353
-0.030353
-0.030353
-0.030353
-0.030353
-0.030353
-0.030353
-0.030353
-0.030353
-0.030353
-0.030353
-0.030353
-0.030353
-0.030353
-0.030353
-0.030353
-0.030353
-0.030353
-0.030353
-0.030353
-0.030353
-0.030353
-0.030353
-0.030353
-0.030329
-0.030329
-0.030329
-0.030329
-0.030304
-0.030304
-0.030304
-0.030304
-0.03028
-0.03028
-0.03028
-0.03028
-0.030304
-0.030304
-0.030329
-0.030329
-0.030329
-0.030353
-0.030353
-0.030353
-0.030353
-0.030353
-0.030353
-0.030378
-0.030378
-0.030378
-0.030353
-0.030353
-0.030378
-0.030378
-0.030378
-0.030378
-0.030378
-0.030378
-0.030378
-0.030378
-0.030353
-0.030378
-0.030378
-0.030378
-0.030378
-0.030378
-0.030378
-0.030378
-0.030353
-0.030304
-0.030329
-0.030427
-0.031338
-0.031486
-0.031486
-0.031363
-0.031215
-0.031092
-0.030969
-0.030846
-0.030698
-0.030575
-0.030526
-0.030452
-0.030403
-0.030378
-0.030353
-0.030329
-0.030329
-0.030329
-0.030329
-0.030329
-0.030304
-0.030304
-0.030329
-0.030329
-0.030304
-0.030304
-0.030304
-0.030304
-0.030304
-0.03028
-0.030255
-0.030255
-0.030255
-0.030255
-0.03023
-0.03023
-0.030206
-0.030206
-0.030206
-0.030181
-0.030132
-0.030107
-0.030107
-0.030107
-0.030107
-0.030083
-0.030083
-0.030058
-0.030058
-0.030058
-0.030058
-0.030033
-0.030033
-0.030033
-0.030033
-0.030033
-0.030033
-0.030033
-0.030033
-0.030058
-0.030058
-0.030083
-0.030083
-0.030107
-0.030132
-0.030156
-0.030181
-0.030206
-0.03023
-0.030255
-0.03028
-0.03028
-0.030304
-0.030304
-0.030329
-0.030329
-0.030329
-0.030329
-0.030329
-0.030353
-0.030353
-0.030378
-0.030378
-0.030378
-0.030353
-0.030353
-0.030353
-0.030353
-0.030353
-0.030353
-0.030353
-0.030353
-0.030353
-0.030353
-0.030353
-0.030353
-0.030353
-0.030353
-0.030353
-0.030353
-0.030353
-0.030353
-0.030353
-0.030353
-0.030353
-0.030353
-0.030353
-0.030353
-0.030353
-0.030353
-0.030353
-0.030353
-0.030378
-0.030353
-0.030353
-0.030353
-0.030378
-0.030378
-0.030378
-0.030378
-0.030378
-0.030378
-0.030378
-0.030403
-0.030403
-0.030378
-0.030378
-0.030378
-0.030378
-0.030378
-0.030378
-0.030378
-0.030378
-0.030378
-0.030378
-0.030378
-0.030378
-0.030378
-0.030378
-0.030378
-0.030378
-0.030378
-0.030378
-0.030378
-0.030403
-0.030403
-0.030378
-0.030378
-0.030403
-0.030403
-0.030403
-0.030378
-0.030378
-0.030378
-0.030378
-0.030378
-0.030378
-0.030378
-0.030378
-0.030378
-0.030378
-0.030403
-0.030378
-0.030378
-0.030378
-0.030403
-0.030403
-0.030378
-0.030378
-0.030353
-0.030353
-0.030378
-0.030353
-0.030353
-0.030329
-0.030329
-0.030329
-0.030304
-0.030304
-0.030304
-0.030304
-0.030329
-0.030329
-0.030329
-0.030329
-0.030353
-0.030353
-0.030353
-0.030353
-0.030378
-0.030403
-0.030403
-0.030403
-0.030378
-0.030378
-0.030403
-0.030403
-0.030403
-0.030403
-0.030403
-0.030403
-0.030403
-0.030403
-0.030403
-0.030403
-0.030403
-0.030403
-0.030403
-0.030403
-0.030403
-0.030403
-0.030403
-0.030403
-0.030403
-0.030353
-0.030329
-0.030378
-0.030501
-0.030673
-0.030944
-0.03124
-0.031437
-0.031535
-0.031461
-0.031338
-0.03119
-0.031067
-0.030969
-0.030821
-0.030673
-0.0306
-0.030526
-0.030476
-0.030452
-0.030427
-0.030403
-0.030378
-0.030378
-0.030378
-0.030353
-0.030353
-0.030353
-0.030329
-0.030329
-0.030329
-0.030329
-0.030304
-0.030304
-0.03028
-0.03028
-0.03028
-0.03028
-0.030255
-0.03023
-0.03023
-0.03023
-0.03023
-0.030206
-0.030206
-0.030206
-0.030181
-0.030181
-0.030156
-0.030156
-0.030132
-0.030132
-0.030132
-0.030107
-0.030083
-0.030083
-0.030083
-0.030083
-0.030058
-0.030058
-0.030058
-0.030083
-0.030058
-0.030058
-0.030058
-0.030083
-0.030132
-0.030156
-0.030181
-0.030206
-0.03023
-0.030255
-0.03028
-0.03028
-0.030304
-0.030304
-0.030329
-0.030329
-0.030329
-0.030329
-0.030329
-0.030353
-0.030353
-0.030353
-0.030353
-0.030353
-0.030353
-0.030378
-0.030378
-0.030378
-0.030353
-0.030378
-0.030378
-0.030378
-0.030378
-0.030378
-0.030378
-0.030378
-0.030378
-0.030378
-0.030378
-0.030378
-0.030403
-0.030403
-0.030378
-0.030378
-0.030378
-0.030378
-0.030378
-0.030403
-0.030378
-0.030378
-0.030378
-0.030378
-0.030403
-0.030403
-0.030378
-0.030378
-0.030403
-0.030403
-0.030403
-0.030403
-0.030378
-0.030403
-0.030403
-0.030403
-0.030403
-0.030403
-0.030403
-0.030403
-0.030403
-0.030403
-0.030403
-0.030403
-0.030403
-0.030403
-0.030403
-0.030403
-0.030403
-0.030403
-0.030403
-0.030403
-0.030403
-0.030403
-0.030403
-0.030403
-0.030403
-0.030427
-0.030427
-0.030427
-0.030427
-0.030427
-0.030427
-0.030427
-0.030427
-0.030427
-0.030427
-0.030427
-0.030427
-0.030403
-0.030403
-0.030427
-0.030427
-0.030403
-0.030403
-0.030403
-0.030427
-0.030427
-0.030427
-0.030403
-0.030427
-0.030427
-0.030427
-0.030403
-0.030403
-0.030403
-0.030403
-0.030403
-0.030378
-0.030378
-0.030353
-0.030353
-0.030353
-0.030329
-0.030329
-0.030353
-0.030353
-0.030378
-0.030378
-0.030403
-0.030403
-0.030403
-0.030403
-0.030427
-0.030427
-0.030427
-0.030427
-0.030427
-0.030427
-0.030427
-0.030427
-0.030427
-0.030427
-0.030427
-0.030427
-0.030427
-0.030427
-0.030427
-0.030452
-0.030452
-0.030427
-0.030427
-0.030427
-0.030452
-0.030452
-0.030452
-0.030452
-0.030452
-0.030427
-0.030403
-0.030378
-0.030403
-0.03055
-0.030723
-0.030969
-0.031264
-0.031363
-0.031215
-0.031092
-0.030969
-0.030846
-0.030698
-0.030624
-0.030575
-0.030501
-0.030476
-0.030452
-0.030427
-0.030403
-0.030403
-0.030403
-0.030403
-0.030378
-0.030378
-0.030378
-0.030378
-0.030378
-0.030378
-0.030353
-0.030353
-0.030353
-0.030353
-0.030353
-0.030329
-0.030329
-0.030304
-0.030304
-0.030304
-0.03028
-0.03028
-0.03028
-0.03028
-0.030255
-0.03023
-0.03023
-0.03023
-0.030181
-0.030156
-0.030156
-0.030132
-0.030132
-0.030132
-0.030132
-0.030107
-0.030107
-0.030107
-0.030107
-0.030107
-0.030107
-0.030083
-0.030083
-0.030083
-0.030107
-0.030107
-0.030132
-0.030132
-0.030156
-0.030181
-0.030206
-0.03023
-0.030255
-0.030255
-0.030304
-0.030304
-0.030329
-0.030329
-0.030329
-0.030353
-0.030378
-0.030378
-0.030353
-0.030378
-0.030378
-0.030378
-0.030378
-0.030378
-0.030403
-0.030403
-0.030403
-0.030403
-0.030403
-0.030403
-0.030403
-0.030403
-0.030403
-0.030403
-0.030403
-0.030403
-0.030403
-0.030403
-0.030403
-0.030403
-0.030403
-0.030403
-0.030403
-0.030427
-0.030403
-0.030403
-0.030403
-0.030427
-0.030427
-0.030427
-0.030403
-0.030427
-0.030427
-0.030427
-0.030427
-0.030427
-0.030427
-0.030427
-0.030452
-0.030452
-0.030452
-0.030452
-0.030452
-0.030452
-0.030476
-0.030476
-0.030476
-0.030452
-0.030452
-0.030452
-0.030452
-0.030452
-0.030427
-0.030427
-0.030452
-0.030452
-0.030452
-0.030427
-0.030427
-0.030452
-0.030452
-0.030452
-0.030427
-0.030427
-0.030452
-0.030452
-0.030452
-0.030427
-0.030427
-0.030452
-0.030452
-0.030452
-0.030427
-0.030427
-0.030452
-0.030452
-0.030452
-0.030452
-0.030452
-0.030452
-0.030452
-0.030452
-0.030452
-0.030452
-0.030452
-0.030452
-0.030452
-0.030452
-0.030427
-0.030427
-0.030427
-0.030427
-0.030427
-0.030427
-0.030403
-0.030378
-0.030378
-0.030378
-0.030378
-0.030403
-0.030403
-0.030403
-0.030427
-0.030427
-0.030427
-0.030427
-0.030427
-0.030427
-0.030452
-0.030452
-0.030452
-0.030452
-0.030452
-0.030452
-0.030452
-0.030452
-0.030452
-0.030452
-0.030452
-0.030452
-0.030452
-0.030452
-0.030476
-0.030476
