2018
4
12
17
6
8.3265
-0.054232
-0.054232
-0.054232
-0.054232
-0.054232
-0.054232
-0.054232
-0.054232
-0.054232
-0.054232
-0.054232
-0.054232
-0.054232
-0.054232
-0.054232
-0.054208
-0.054208
-0.054232
-0.054232
-0.054208
-0.054208
-0.054208
-0.054208
-0.054208
-0.054183
-0.054183
-0.054183
-0.054183
-0.054183
-0.054159
-0.054159
-0.054159
-0.054159
-0.054159
-0.054159
-0.054159
-0.054159
-0.054159
-0.054159
-0.054159
-0.054159
-0.054159
-0.054159
-0.054159
-0.054159
-0.054159
-0.054159
-0.054159
-0.054159
-0.054159
-0.054159
-0.054134
-0.054134
-0.054134
-0.054134
-0.054159
-0.054159
-0.054159
-0.054159
-0.054159
-0.054183
-0.054183
-0.054159
-0.054159
-0.054159
-0.054183
-0.054183
-0.054159
-0.054159
-0.054183
-0.054183
-0.054159
-0.054159
-0.054159
-0.054159
-0.054159
-0.054159
-0.054159
-0.054159
-0.054159
-0.054134
-0.054134
-0.054159
-0.054134
-0.054134
-0.054134
-0.054159
-0.054208
-0.054208
-0.054183
-0.054085
-0.053986
-0.053839
-0.053715
-0.053543
-0.053395
-0.053322
-0.053395
-0.053592
-0.053839
-0.054035
-0.054085
-0.054109
-0.054109
-0.054109
-0.054109
-0.054109
-0.054134
-0.054134
-0.054109
-0.054109
-0.054109
-0.054109
-0.054109
-0.054085
-0.054085
-0.054085
-0.054109
-0.054109
-0.054085
-0.054085
-0.05406
-0.05406
-0.05406
-0.05406
-0.05406
-0.054035
-0.054035
-0.054035
-0.05406
-0.054035
-0.054035
-0.054035
-0.054035
-0.054035
-0.054035
-0.054035
-0.054035
-0.05406
-0.05406
-0.05406
-0.05406
-0.05406
-0.05406
-0.05406
-0.054035
-0.054035
-0.054035
-0.054035
-0.05406
-0.054035
-0.054035
-0.054035
-0.054035
-0.054035
-0.054011
-0.054011
-0.054011
-0.054035
-0.054035
-0.05406
-0.05406
-0.05406
-0.05406
-0.05406
-0.054085
-0.054085
-0.054085
-0.054085
-0.054085
-0.054085
-0.054085
-0.054085
-0.054085
-0.054085
-0.054085
-0.054085
-0.054085
-0.054085
-0.054085
-0.054085
-0.054109
-0.054085
-0.054085
-0.054085
-0.054085
-0.054109
-0.054109
-0.054085
-0.054109
-0.054109
-0.054109
-0.054109
-0.054085
-0.054085
-0.054109
-0.054109
-0.054109
-0.054085
-0.054085
-0.054085
-0.054085
-0.054109
-0.054109
-0.054109
-0.054085
-0.054085
-0.054109
-0.054109
-0.054109
-0.054085
-0.054085
-0.054109
-0.054109
-0.054109
-0.054085
-0.054085
-0.054109
-0.054109
-0.054109
-0.054085
-0.054085
-0.054085
-0.054085
-0.054085
-0.054085
-0.054085
-0.054085
-0.054085
-0.05406
-0.05406
-0.05406
-0.05406
-0.05406
-0.05406
-0.054035
-0.054035
-0.054035
-0.054035
-0.054035
-0.054035
-0.054011
-0.054011
-0.054011
-0.054011
-0.054011
-0.054011
-0.054011
-0.054011
-0.054011
-0.054035
-0.054011
-0.054011
-0.054011
-0.054035
-0.054035
-0.054035
-0.054035
-0.054035
-0.054035
-0.054035
-0.054035
-0.054011
-0.054011
-0.054011
-0.054035
-0.054011
-0.054011
-0.054011
-0.054011
-0.054011
-0.053986
-0.053986
-0.053986
-0.053986
-0.053986
-0.053986
-0.053986
-0.053986
-0.054011
-0.053986
-0.053986
-0.054011
-0.054011
-0.053986
-0.053986
-0.053986
-0.054011
-0.053986
-0.053986
-0.053986
-0.053986
-0.053986
-0.053986
-0.053962
-0.053962
-0.053962
-0.053962
-0.053962
-0.053937
-0.053937
-0.053937
-0.053937
-0.053937
-0.053937
-0.053937
-0.053986
-0.054011
-0.053986
-0.053912
-0.053789
-0.053642
-0.053518
-0.053371
-0.053198
-0.0531
-0.053149
-0.053346
-0.053568
-0.053765
-0.053888
-0.053888
-0.053888
-0.053888
-0.053888
-0.053888
-0.053888
-0.053888
-0.053888
-0.053888
-0.053863
-0.053863
-0.053888
-0.053888
-0.053888
-0.053863
-0.053863
-0.053863
-0.053863
-0.053863
-0.053863
-0.053863
-0.053863
-0.053863
-0.053863
-0.053863
-0.053863
-0.053888
-0.053888
-0.053912
-0.053912
-0.053912
-0.053937
-0.053962
-0.053962
-0.053962
-0.053962
-0.053962
-0.053986
-0.053986
-0.053986
-0.053986
-0.053962
-0.053962
-0.053962
-0.053986
-0.053962
-0.053962
-0.053962
-0.053962
-0.053962
-0.053962
-0.053962
-0.053962
-0.053962
-0.053962
-0.053962
-0.053962
-0.053962
-0.053986
-0.053986
-0.053986
-0.053986
-0.053986
-0.054011
-0.054011
-0.054011
-0.054011
-0.054011
-0.054011
-0.054035
-0.054035
-0.054035
-0.054011
-0.054011
-0.054035
-0.054035
-0.054011
-0.054035
-0.054035
-0.05406
-0.05406
-0.05406
-0.05406
-0.05406
-0.054035
-0.05406
-0.05406
-0.05406
-0.05406
-0.05406
-0.05406
-0.05406
-0.05406
-0.05406
-0.05406
-0.05406
-0.05406
-0.05406
-0.054035
-0.054035
-0.054035
-0.054035
-0.054035
-0.054035
-0.054035
-0.054035
-0.054035
-0.054035
-0.054035
-0.054035
-0.054035
-0.054035
-0.054035
-0.054035
-0.054035
-0.054035
-0.054035
-0.054035
-0.054035
-0.054035
-0.054035
-0.054011
-0.054035
-0.054035
-0.054011
-0.054011
-0.054011
-0.054011
-0.054011
-0.054011
-0.054011
-0.054011
-0.054011
-0.054011
-0.054011
-0.054011
-0.053986
-0.053986
-0.054011
-0.053986
-0.053986
-0.053986
-0.053986
-0.053986
-0.053986
-0.053962
-0.053962
-0.053962
-0.053962
-0.053937
-0.053912
-0.053912
-0.053912
-0.053912
-0.053888
-0.053888
-0.053863
-0.053863
-0.053863
-0.053863
-0.053863
-0.053888
-0.053888
-0.053863
-0.053888
-0.053888
-0.053912
-0.053912
-0.053912
-0.053912
-0.053937
-0.053937
-0.053937
-0.053937
-0.053937
-0.053937
-0.053937
-0.053912
-0.053912
-0.053912
-0.053937
-0.053937
-0.053912
-0.053912
-0.053912
-0.053912
-0.053937
-0.053937
-0.053937
-0.053937
-0.053962
-0.053962
-0.053962
-0.053962
-0.053962
-0.053962
-0.053962
-0.053962
-0.053962
-0.053962
-0.053962
-0.053962
-0.053986
-0.053986
-0.053962
-0.053962
-0.053962
-0.053937
-0.053937
-0.053937
-0.053937
-0.053937
-0.053937
-0.053937
-0.053937
-0.053937
-0.053937
-0.053962
-0.054011
-0.054011
-0.053962
-0.053863
-0.05374
-0.053617
-0.053469
-0.053322
-0.053198
-0.053149
-0.053272
-0.053494
-0.053715
-0.053839
-0.053888
-0.053912
-0.053937
-0.053937
-0.053937
-0.053962
-0.053962
-0.053962
-0.053962
-0.053962
-0.053962
-0.053937
-0.053912
-0.053937
-0.053912
-0.053888
-0.053888
-0.053888
-0.053863
-0.053863
-0.053839
-0.053839
-0.053839
-0.053839
-0.053814
-0.053814
-0.053814
-0.053839
-0.053839
-0.053863
-0.053863
-0.053863
-0.053888
-0.053912
-0.053912
-0.053912
-0.053912
-0.053937
-0.053937
-0.053937
-0.053937
-0.053937
-0.053962
-0.053962
-0.053937
-0.053937
-0.053937
-0.053937
-0.053937
-0.053937
-0.053937
-0.053937
-0.053937
-0.053937
-0.053962
-0.053962
-0.053962
-0.053962
-0.053962
-0.053962
-0.053986
-0.053986
-0.053986
-0.053986
-0.054011
-0.054011
-0.054011
-0.054011
-0.054035
-0.054011
-0.054011
-0.054035
-0.054011
-0.054011
-0.054011
-0.054011
-0.054011
-0.053986
-0.054011
-0.054011
-0.054011
-0.054011
-0.054011
-0.054011
-0.054011
-0.054011
-0.054011
-0.053986
-0.053962
-0.053962
-0.053962
-0.053962
-0.053962
-0.053962
-0.053962
-0.053962
-0.053962
-0.053962
-0.053962
-0.053962
-0.053962
-0.053962
-0.053986
-0.053986
-0.053986
-0.053986
-0.054011
-0.054011
-0.054011
-0.054011
-0.054011
-0.054035
-0.054035
-0.054035
-0.054035
-0.054035
-0.054035
-0.054035
-0.054035
-0.054035
-0.054035
-0.054035
-0.054035
-0.054011
-0.054011
-0.053986
-0.053986
-0.053937
-0.053912
-0.053912
-0.053912
-0.053888
-0.053888
-0.053888
-0.053888
-0.053912
-0.053888
-0.053888
-0.053912
-0.053937
-0.053937
-0.053937
-0.053962
-0.053962
-0.053986
-0.053986
-0.053962
-0.053962
-0.053986
-0.053986
-0.053986
-0.053986
-0.053962
-0.053986
-0.053986
-0.053986
-0.053986
-0.053986
-0.053986
-0.054011
-0.054011
-0.053986
-0.053986
-0.053986
-0.053986
-0.053986
-0.053986
-0.053962
-0.053962
-0.053962
-0.053962
-0.053937
-0.053937
-0.053937
-0.053937
-0.053937
-0.053937
-0.053937
-0.053937
-0.053962
-0.053962
-0.053986
-0.053962
-0.053986
-0.053986
-0.053986
-0.054011
-0.054011
-0.053986
-0.054011
-0.054011
-0.054011
-0.054011
-0.054011
-0.054011
-0.054011
-0.054011
-0.054011
-0.054011
-0.054011
-0.054035
-0.054035
-0.054011
-0.054011
-0.054011
-0.054011
-0.054035
-0.054035
-0.054035
-0.054035
-0.054011
-0.054011
-0.054011
-0.054011
-0.054011
-0.054011
-0.053986
-0.053986
-0.053986
-0.053986
-0.053986
-0.053986
-0.053986
-0.053986
-0.053986
-0.053962
-0.053962
-0.053962
-0.053962
-0.053937
-0.053937
-0.053962
-0.053962
-0.053962
-0.053986
-0.053986
-0.054011
-0.05406
-0.054085
-0.05406
-0.053986
-0.053888
-0.05374
-0.053617
-0.053469
-0.053322
-0.053223
-0.053839
-0.053888
-0.053912
-0.053912
-0.053888
-0.053888
-0.053888
-0.053888
-0.053863
-0.053863
-0.053839
-0.053839
-0.053863
-0.053863
-0.053863
-0.053863
-0.053863
-0.053888
-0.053888
-0.053888
-0.053888
-0.053888
-0.053888
-0.053888
-0.053863
-0.053863
-0.053888
-0.053888
-0.053888
-0.053888
-0.053912
-0.053912
-0.053937
-0.053962
-0.053986
-0.053986
-0.054011
-0.054035
-0.054035
-0.05406
-0.054085
-0.054085
-0.054085
-0.054109
-0.054109
-0.054109
-0.054109
-0.054085
-0.054085
-0.054085
-0.054085
-0.054085
-0.054085
-0.054085
-0.054085
-0.054109
-0.054109
-0.054109
-0.054109
-0.054109
-0.054134
-0.054134
-0.054134
-0.054134
-0.054159
-0.054159
-0.054159
-0.054159
-0.054159
-0.054183
-0.054183
-0.054183
-0.054183
-0.054183
-0.054183
-0.054208
-0.054183
-0.054183
-0.054183
-0.054208
-0.054208
-0.054208
-0.054208
-0.054208
-0.054208
-0.054208
-0.054232
-0.054232
-0.054232
-0.054208
-0.054208
-0.054232
-0.054232
-0.054208
-0.054208
-0.054208
-0.054208
-0.054232
-0.054208
-0.054208
-0.054208
-0.054208
-0.054232
-0.054208
-0.054208
-0.054208
-0.054232
-0.054232
-0.054232
-0.054208
-0.054208
-0.054232
-0.054232
-0.054232
-0.054232
-0.054232
-0.054232
-0.054232
-0.054232
-0.054232
-0.054232
-0.054232
-0.054232
-0.054232
-0.054232
-0.054232
-0.054232
-0.054232
-0.054232
-0.054232
-0.054232
-0.054208
-0.054208
-0.054208
-0.054208
-0.054208
-0.054208
-0.054208
-0.054208
-0.054232
-0.054232
-0.054208
-0.054208
-0.054208
-0.054232
-0.054208
-0.054208
-0.054208
-0.054208
-0.054232
-0.054232
-0.054208
-0.054208
-0.054232
-0.054232
-0.054232
-0.054232
-0.054232
-0.054232
-0.054232
-0.054232
-0.054232
-0.054232
-0.054208
-0.054208
-0.054208
-0.054208
-0.054208
-0.054208
-0.054208
-0.054208
-0.054208
-0.054208
-0.054208
-0.054208
-0.054208
-0.054208
-0.054208
-0.054183
-0.054183
-0.054183
-0.054183
-0.054183
-0.054183
-0.054183
-0.054183
-0.054183
-0.054183
-0.054183
-0.054183
-0.054183
-0.054183
-0.054183
-0.054183
-0.054183
-0.054183
-0.054183
-0.054183
-0.054183
-0.054159
-0.054159
-0.054159
-0.054159
-0.054159
-0.054159
-0.054134
-0.054134
-0.054134
-0.054159
-0.054134
-0.054134
-0.054134
-0.054134
-0.054159
-0.054159
-0.054159
-0.054159
-0.054159
-0.054159
-0.054159
-0.054159
-0.054134
-0.054159
-0.054159
-0.054159
-0.054134
-0.054134
-0.054159
-0.054159
-0.054159
-0.054134
-0.054134
-0.054159
-0.054159
-0.054159
-0.054134
-0.054134
-0.054134
-0.054159
-0.054159
-0.054159
-0.054159
-0.054159
-0.054183
-0.054208
-0.054208
-0.054134
-0.054011
-0.053863
-0.053765
-0.053642
-0.053494
-0.05342
-0.053469
-0.053666
-0.053888
-0.054035
-0.054085
-0.054109
-0.054109
-0.054134
-0.054134
-0.054134
-0.054134
-0.054134
-0.054134
-0.054134
-0.054134
-0.054134
-0.054134
-0.054159
-0.054134
-0.054134
-0.054159
-0.054159
-0.054159
-0.054159
-0.054159
-0.054134
-0.054159
-0.054134
-0.054134
-0.054134
-0.054134
-0.054134
-0.054109
-0.054109
-0.054134
-0.054134
-0.054109
-0.054109
-0.054134
-0.054134
-0.054134
-0.054109
-0.054109
-0.054109
-0.054109
-0.054109
-0.054109
-0.054109
-0.054109
-0.054109
-0.054109
-0.054109
-0.054085
-0.054109
-0.054109
-0.054109
-0.054085
-0.054085
-0.054085
-0.054085
-0.054085
-0.054085
-0.054085
-0.054085
-0.054109
-0.054109
-0.054085
-0.054109
-0.054109
-0.054109
-0.054109
-0.054109
-0.054109
-0.054109
-0.054109
-0.054109
-0.054134
-0.054109
-0.054109
-0.054109
-0.054109
-0.054109
-0.054109
-0.054109
-0.054109
-0.054109
-0.054134
-0.054109
-0.054109
-0.054109
-0.054109
-0.054134
-0.054134
-0.054109
-0.054109
-0.054109
-0.054134
-0.054134
-0.054109
-0.054109
-0.054109
-0.054109
-0.054134
-0.054109
-0.054109
-0.054109
-0.054134
-0.054134
-0.054134
-0.054134
-0.054134
-0.054134
-0.054134
-0.054134
-0.054134
-0.054134
-0.054134
-0.054134
-0.054134
-0.054159
-0.054134
-0.054134
-0.054159
-0.054159
-0.054183
-0.054183
-0.054183
-0.054183
-0.054183
-0.054183
-0.054183
-0.054159
-0.054159
-0.054183
-0.054159
-0.054159
-0.054159
-0.054159
-0.054159
-0.054159
-0.054134
-0.054134
-0.054134
-0.054134
-0.054134
-0.054109
-0.054109
-0.054085
-0.054085
-0.054085
-0.054085
-0.054085
-0.05406
-0.05406
-0.05406
-0.05406
-0.05406
-0.054035
-0.05406
-0.05406
-0.05406
-0.05406
-0.05406
-0.05406
-0.05406
-0.05406
-0.054035
-0.054035
-0.054035
-0.054035
-0.054035
-0.054035
-0.054011
-0.054011
-0.054011
-0.054011
-0.054011
-0.054011
-0.054011
-0.054011
-0.054011
-0.054011
-0.053986
-0.054011
-0.054011
-0.054011
-0.054011
-0.053986
-0.053986
-0.053986
-0.053986
-0.053986
-0.053986
-0.053962
-0.053962
-0.053962
-0.053962
-0.053962
-0.053962
-0.053937
-0.053937
-0.053937
-0.053937
-0.053937
-0.053937
-0.053937
-0.053937
-0.053937
-0.053912
-0.053912
-0.053937
-0.053937
-0.053937
-0.053937
-0.053937
-0.053937
-0.053962
-0.053937
-0.053937
-0.053937
-0.053937
-0.053962
-0.053937
-0.053937
-0.053937
-0.053937
-0.053962
-0.053937
-0.053937
-0.053937
-0.053937
-0.053937
-0.053937
-0.053937
-0.053937
-0.053937
-0.053937
-0.053937
-0.053962
-0.053962
-0.053986
-0.054011
-0.054011
-0.053937
-0.053789
-0.053666
-0.053543
-0.05342
-0.053297
-0.053248
-0.053322
-0.053543
-0.05374
-0.053863
-0.053888
-0.053888
-0.053912
-0.053912
-0.053937
-0.053937
-0.053912
-0.053912
-0.053912
-0.053912
-0.053912
-0.053888
-0.053888
-0.053888
-0.053888
-0.053912
-0.053888
-0.053888
-0.053888
-0.053888
-0.053888
-0.053888
-0.053888
-0.053863
-0.053863
-0.053888
-0.053888
-0.053863
-0.053863
-0.053888
-0.053888
-0.053888
-0.053888
-0.053888
-0.053912
-0.053912
-0.053912
-0.053912
-0.053912
-0.053937
-0.053937
-0.053937
-0.053937
-0.053937
-0.053937
-0.053937
-0.053937
-0.053937
-0.053937
-0.053937
-0.053937
-0.053937
-0.053937
-0.053937
-0.053937
-0.053937
-0.053937
-0.053937
-0.053937
-0.053937
-0.053962
-0.053962
-0.053962
-0.053962
-0.053962
-0.053962
-0.053962
-0.053962
-0.053962
-0.053962
-0.053962
-0.053986
-0.053986
-0.053962
-0.053962
-0.053962
-0.053986
-0.053986
-0.053962
-0.053962
-0.053962
-0.053986
-0.053986
-0.053986
-0.053986
-0.053986
-0.053986
-0.053986
-0.053986
-0.053986
-0.053986
-0.053986
-0.053986
-0.054011
-0.053986
-0.053986
-0.054011
-0.054011
-0.054011
-0.054011
-0.054011
-0.054011
-0.054011
-0.054011
-0.054011
-0.054011
-0.054011
-0.054011
-0.054011
-0.054011
-0.054011
-0.054011
-0.054011
-0.054011
-0.054011
-0.054011
-0.054011
-0.054035
-0.054035
-0.054011
-0.054011
-0.054035
-0.054035
-0.054035
-0.054035
-0.054011
-0.054035
-0.054035
-0.054011
-0.054011
-0.054011
-0.054011
-0.054011
-0.053986
-0.053986
-0.053986
-0.053986
-0.053962
-0.053986
-0.053986
-0.053986
-0.053986
-0.053962
-0.053962
-0.053962
-0.053962
-0.053962
-0.053962
-0.053962
-0.053962
-0.053962
-0.053937
-0.053937
-0.053937
-0.053937
-0.053937
-0.053937
-0.053912
-0.053912
-0.053912
-0.053912
-0.053912
-0.053888
-0.053888
-0.053912
-0.053888
-0.053888
-0.053863
-0.053863
-0.053888
-0.053863
-0.053863
-0.053839
-0.053839
-0.053814
-0.053814
-0.053814
-0.053814
-0.053789
-0.053789
-0.053765
-0.053765
-0.053765
-0.053765
-0.053765
-0.053765
-0.053765
-0.053765
-0.053765
-0.053765
-0.053765
-0.053789
-0.053789
-0.053765
-0.053765
-0.053765
-0.053765
-0.053765
-0.053765
-0.05374
-0.053765
-0.053765
-0.05374
-0.05374
-0.05374
-0.05374
-0.05374
-0.05374
-0.05374
-0.053715
-0.05374
-0.05374
-0.05374
-0.05374
-0.05374
-0.05374
-0.05374
-0.053765
-0.053789
-0.053814
-0.053814
-0.05374
-0.053642
-0.053518
-0.05342
-0.053297
-0.053149
-0.0531
-0.053149
-0.053346
-0.053518
-0.053642
-0.053691
-0.05374
-0.05374
-0.05374
-0.05374
-0.05374
-0.053765
-0.053765
-0.05374
-0.05374
-0.05374
-0.05374
-0.05374
-0.05374
-0.05374
-0.053765
-0.053765
-0.053765
-0.053765
-0.05374
-0.053765
-0.05374
-0.05374
-0.05374
-0.05374
-0.05374
-0.053715
-0.05374
-0.05374
-0.05374
-0.05374
-0.05374
-0.05374
-0.053765
-0.053765
-0.053789
-0.053789
-0.053789
-0.053789
-0.053789
-0.053789
-0.053789
-0.053789
-0.053814
-0.053814
-0.053814
-0.053814
-0.053814
-0.053814
-0.053814
-0.053814
-0.053789
-0.053789
-0.053814
-0.053814
-0.053789
-0.053789
-0.053789
-0.053814
-0.053814
-0.053814
-0.053839
-0.053814
-0.053839
-0.053839
-0.053839
-0.053839
-0.053839
-0.053839
-0.053863
-0.053863
-0.053863
-0.053839
-0.053863
-0.053863
-0.053863
-0.053863
-0.053863
-0.053863
-0.053863
-0.053863
-0.053863
-0.053863
-0.053863
-0.053863
-0.053863
-0.053863
-0.053863
-0.053863
-0.053888
-0.053888
-0.053863
-0.053863
-0.053863
-0.053888
-0.053888
-0.053863
-0.053863
-0.053863
-0.053863
-0.053863
-0.053863
-0.053863
-0.053863
-0.053863
-0.053863
-0.053863
-0.053863
-0.053863
-0.053839
-0.053839
-0.053863
-0.053863
-0.053839
-0.053839
-0.053839
-0.053863
-0.053863
-0.053863
-0.053839
-0.053863
-0.053863
-0.053863
-0.053863
-0.053863
-0.053863
-0.053863
-0.053863
-0.053863
-0.053863
-0.053863
-0.053863
-0.053863
-0.053863
-0.053839
-0.053839
-0.053863
-0.053863
-0.053839
-0.053839
-0.053839
-0.053839
-0.053839
-0.053839
-0.053839
-0.053839
-0.053839
-0.053814
-0.053839
-0.053839
-0.053839
-0.053839
-0.053814
-0.053839
-0.053839
-0.053839
-0.053814
-0.053814
-0.053839
-0.053839
-0.053839
-0.053814
-0.053814
-0.053839
-0.053839
-0.053839
-0.053814
-0.053814
-0.053839
-0.053839
-0.053839
-0.053814
-0.053814
-0.053814
-0.053814
-0.053814
-0.053814
-0.053789
-0.053814
-0.053789
-0.053789
-0.053789
-0.053789
-0.053789
-0.053814
-0.053814
-0.053814
-0.053814
-0.053814
-0.053814
-0.053814
-0.053814
-0.053814
-0.053814
-0.053814
-0.053814
-0.053814
-0.053814
-0.053814
-0.053789
-0.053814
-0.053814
-0.053814
-0.053789
-0.053789
-0.053789
-0.053789
-0.053789
-0.053789
-0.053789
-0.053789
-0.053789
-0.053789
-0.053789
-0.053839
-0.053863
-0.053839
-0.053765
-0.053666
-0.053543
-0.053445
-0.053174
-0.053371
-0.053543
-0.053642
-0.053691
-0.053715
-0.05374
-0.053765
-0.053765
-0.053765
-0.053765
-0.053765
-0.053789
-0.053765
-0.053765
-0.053765
-0.053765
-0.053765
-0.053765
-0.053765
-0.053765
-0.053765
-0.053765
-0.053765
-0.053765
-0.05374
-0.053765
-0.053765
-0.053765
-0.05374
-0.05374
-0.05374
-0.05374
-0.05374
-0.05374
-0.05374
-0.05374
-0.053765
-0.053765
-0.053765
-0.053765
-0.053765
-0.053765
-0.053789
-0.053789
-0.053789
-0.053789
-0.053789
-0.053765
-0.053765
-0.053789
-0.053765
-0.05374
-0.053765
-0.053765
-0.053765
-0.053765
-0.05374
-0.05374
-0.053765
-0.053765
-0.05374
-0.05374
-0.05374
-0.053765
-0.053765
-0.053765
-0.05374
-0.053765
-0.053765
-0.053765
-0.053765
-0.053765
-0.053765
-0.053765
-0.053765
-0.053765
-0.053765
-0.053789
-0.053789
-0.053789
-0.053789
-0.053789
-0.053789
-0.053765
-0.053789
-0.053789
-0.053789
-0.053789
-0.053789
-0.053789
-0.053789
-0.053789
-0.053789
-0.053789
-0.053789
-0.053789
-0.053789
-0.053789
-0.053789
-0.053789
-0.053789
-0.053789
-0.053789
-0.053789
-0.053789
-0.053814
-0.053814
-0.053789
-0.053789
-0.053789
-0.053814
-0.053814
-0.053814
-0.053789
-0.053789
-0.053814
-0.053814
-0.053814
-0.053789
-0.053814
-0.053814
-0.053814
-0.053814
-0.053814
-0.053814
-0.053814
-0.053814
-0.053814
-0.053814
-0.053814
-0.053814
-0.053814
-0.053814
-0.053839
-0.053814
-0.053814
-0.053814
-0.053814
-0.053814
-0.053814
-0.053814
-0.053814
-0.053814
-0.053814
-0.053814
-0.053814
-0.053814
-0.053814
-0.053814
-0.053814
-0.053814
-0.053814
-0.053814
-0.053814
-0.053814
-0.053814
-0.053814
-0.053814
-0.053814
-0.053814
-0.053814
-0.053814
-0.053789
-0.053789
-0.053814
-0.053814
-0.053789
-0.053789
-0.053789
-0.053789
-0.053789
-0.053789
-0.053789
-0.053789
-0.053789
-0.053789
-0.053765
-0.053765
-0.053765
-0.053765
-0.053765
-0.053765
-0.053765
-0.053765
-0.053789
-0.053789
-0.053789
-0.053789
-0.053789
-0.053789
-0.053789
-0.053765
-0.053765
-0.053765
-0.053789
-0.053789
-0.053765
-0.053765
-0.053765
-0.053765
-0.053765
-0.053765
-0.053765
-0.05374
-0.05374
-0.05374
-0.05374
-0.05374
-0.05374
-0.053765
-0.053814
-0.053814
-0.053789
-0.053715
-0.053617
-0.053518
-0.053395
-0.053272
-0.053149
-0.0531
-0.053198
-0.053395
-0.053568
-0.053617
-0.053666
-0.053715
-0.053715
-0.053715
-0.053715
-0.053715
-0.05374
-0.05374
-0.05374
-0.053715
-0.053715
-0.053715
-0.05374
-0.05374
-0.05374
-0.053789
-0.053789
-0.053789
-0.053789
-0.053789
-0.053765
-0.05374
-0.05374
-0.05374
-0.05374
-0.05374
-0.053715
-0.053715
-0.053715
-0.053715
-0.053715
-0.053715
-0.053715
-0.053715
-0.053715
-0.053715
-0.053715
-0.053715
-0.053715
-0.053715
-0.053715
-0.053715
-0.053715
-0.053715
-0.053715
-0.053715
-0.053715
-0.053691
-0.053691
-0.053715
-0.053691
-0.053691
-0.053691
-0.053691
-0.053691
-0.053691
-0.053691
-0.053691
-0.053691
-0.053691
-0.053691
-0.053691
-0.053691
-0.053691
-0.053691
-0.053715
-0.053715
-0.053715
-0.053715
-0.053715
-0.053715
-0.05374
-0.053715
-0.053715
-0.053715
-0.05374
-0.05374
-0.05374
-0.053715
-0.053715
-0.053715
-0.053715
-0.053715
-0.053715
-0.053715
-0.053715
-0.05374
-0.05374
-0.053715
-0.053715
-0.05374
-0.05374
-0.05374
-0.053765
-0.053765
-0.053789
-0.053789
-0.053789
-0.053789
-0.053814
-0.053789
-0.053814
-0.053814
-0.053839
-0.053839
-0.053839
-0.053839
-0.053839
-0.053839
-0.053839
-0.053839
-0.053839
-0.053839
-0.053839
-0.053839
-0.053839
-0.053839
-0.053839
-0.053839
-0.053839
-0.053814
-0.053814
-0.053789
-0.053789
-0.053789
-0.053765
-0.053765
-0.053765
-0.053765
-0.05374
-0.053715
-0.053691
-0.053691
-0.053691
-0.053666
-0.053617
-0.053617
-0.053592
-0.053592
-0.053592
-0.053592
-0.053592
-0.053568
-0.053568
-0.053568
-0.053568
-0.053568
-0.053543
-0.053543
-0.053543
-0.053543
-0.053543
-0.053543
-0.053518
-0.053543
-0.053543
-0.053518
-0.053518
-0.053518
-0.053518
-0.053518
-0.053518
-0.053518
-0.053518
-0.053518
-0.053518
-0.053518
-0.053518
-0.053494
-0.053494
-0.053494
-0.053494
-0.053469
-0.053469
-0.053469
-0.053445
-0.053445
-0.053469
-0.053469
-0.053445
-0.053469
-0.053469
-0.053494
-0.053469
-0.053469
-0.053469
-0.053469
-0.053469
-0.053469
-0.053469
-0.053445
-0.053445
-0.053469
-0.053445
-0.053445
-0.053445
-0.053445
-0.053445
-0.053445
-0.05342
-0.05342
-0.05342
-0.05342
-0.05342
-0.053395
-0.053395
-0.053395
-0.053395
-0.05342
-0.053445
-0.053469
-0.053469
-0.053445
-0.053346
-0.053223
-0.052829
-0.053002
-0.053198
-0.053297
-0.053371
-0.053395
-0.053395
-0.053395
-0.053395
-0.053395
-0.053395
-0.053395
-0.053395
-0.053395
-0.053395
-0.053371
-0.053371
-0.053371
-0.053395
-0.053395
-0.053395
-0.053395
-0.05342
-0.05342
-0.05342
-0.053395
-0.053395
-0.053395
-0.053371
-0.053371
-0.053371
-0.053346
-0.053346
-0.053346
-0.053346
-0.053346
-0.053322
-0.053322
-0.053346
-0.053322
-0.053297
-0.053297
-0.053272
-0.053272
-0.053272
-0.053297
-0.053272
-0.053272
-0.053272
-0.053272
-0.053272
-0.053272
-0.053272
-0.053248
-0.053272
-0.053272
-0.053272
-0.053248
-0.053248
-0.053248
-0.053248
-0.053248
-0.053248
-0.053248
-0.053248
-0.053248
-0.053248
-0.053248
-0.053248
-0.053248
-0.053248
-0.053272
-0.053272
-0.053272
-0.053272
-0.053272
-0.053272
-0.053272
-0.053272
-0.053272
-0.053272
-0.053272
-0.053272
-0.053272
-0.053272
-0.053272
-0.053272
-0.053297
-0.053297
-0.053272
-0.053272
-0.053297
-0.053297
-0.053297
-0.053297
-0.053297
-0.053297
-0.053297
-0.053297
-0.053297
-0.053297
-0.053297
-0.053322
-0.053322
-0.053297
-0.053297
-0.053297
-0.053322
-0.053322
-0.053297
-0.053297
-0.053297
-0.053322
-0.053322
-0.053322
-0.053297
-0.053297
-0.053322
-0.053322
-0.053297
-0.053322
-0.053297
-0.053297
-0.053297
-0.053322
-0.053322
-0.053322
-0.053322
-0.053322
-0.053322
-0.053322
-0.053322
-0.053322
-0.053322
-0.053322
-0.053322
-0.053322
-0.053297
-0.053297
-0.053322
-0.053322
-0.053322
-0.053297
-0.053297
-0.053322
-0.053322
-0.053297
-0.053297
-0.053297
-0.053297
-0.053297
-0.053297
-0.053272
-0.053272
-0.053272
-0.053272
-0.053272
-0.053272
-0.053272
-0.053272
-0.053272
-0.053272
-0.053272
-0.053248
-0.053248
-0.053248
-0.053248
-0.053248
-0.053248
-0.053248
-0.053248
-0.053248
-0.053248
-0.053248
-0.053248
-0.053248
-0.053248
-0.053248
-0.053248
-0.053248
-0.053248
-0.053248
-0.053248
-0.053223
-0.053223
-0.053223
-0.053223
-0.053223
-0.053198
-0.053198
-0.053223
-0.053223
-0.053223
-0.053223
-0.053223
-0.053223
-0.053223
-0.053223
-0.053223
-0.053198
-0.053198
-0.053198
-0.053198
-0.053198
-0.053198
-0.053198
-0.053198
-0.053198
-0.053198
-0.053198
-0.053198
-0.053174
-0.053174
-0.053198
-0.053198
-0.053174
-0.053174
-0.053174
-0.053198
-0.053223
-0.053248
-0.053248
-0.053223
-0.053149
-0.053051
-0.052928
-0.052805
-0.052681
-0.052583
-0.052558
-0.052681
-0.052878
-0.053026
-0.0531
-0.053149
-0.053174
-0.053174
-0.053174
-0.053174
-0.053174
-0.053174
-0.053174
-0.053174
-0.053174
-0.053174
-0.053174
-0.053174
-0.053174
-0.053174
-0.053174
-0.053198
-0.053198
-0.053198
-0.053198
-0.053198
-0.053198
-0.053198
-0.053198
-0.053174
-0.053174
-0.053198
-0.053174
-0.053174
-0.053174
-0.053149
-0.053174
-0.053174
-0.053149
-0.053149
-0.053149
-0.053149
-0.053149
-0.053149
-0.053149
-0.053149
-0.053149
-0.053149
-0.053149
-0.053125
-0.053125
-0.053125
-0.053125
-0.053125
-0.053125
-0.053125
-0.053125
-0.053125
-0.053125
-0.053125
-0.053125
-0.053125
-0.053125
-0.053125
-0.053125
-0.053125
-0.053125
-0.053125
-0.053125
-0.053125
-0.053125
-0.053125
-0.053125
-0.053149
-0.053149
-0.053149
-0.053125
-0.053125
-0.053125
-0.053149
-0.053149
-0.053125
-0.053125
-0.053149
-0.053149
-0.053149
-0.053149
-0.053125
-0.053149
-0.053149
-0.053149
