2018
4
12
16
57
10.912
-0.01834
-0.01834
-0.018315
-0.018291
-0.018266
-0.018315
-0.018389
-0.018365
-0.018217
-0.017995
-0.017749
-0.017503
-0.017355
-0.017478
-0.017872
-0.018168
-0.018217
-0.018217
-0.018242
-0.018291
-0.018315
-0.018315
-0.018315
-0.01834
-0.01834
-0.01834
-0.01834
-0.01834
-0.01834
-0.01834
-0.01834
-0.01834
-0.01834
-0.01834
-0.01834
-0.01834
-0.01834
-0.01834
-0.01834
-0.01834
-0.01834
-0.01834
-0.01834
-0.01834
-0.01834
-0.01834
-0.01834
-0.01834
-0.018365
-0.018365
-0.018365
-0.018365
-0.018365
-0.018365
-0.018365
-0.018389
-0.018389
-0.018389
-0.018389
-0.018389
-0.018389
-0.018414
-0.018414
-0.018414
-0.018414
-0.018414
-0.018414
-0.018414
-0.018414
-0.018414
-0.018414
-0.018414
-0.018414
-0.018414
-0.018389
-0.018389
-0.018389
-0.018389
-0.018389
-0.018365
-0.018365
-0.018365
-0.018365
-0.018365
-0.018365
-0.018365
-0.018365
-0.018365
-0.018365
-0.018365
-0.018365
-0.018365
-0.018365
-0.018365
-0.018365
-0.018365
-0.018365
-0.018365
-0.018365
-0.018365
-0.018365
-0.018365
-0.018365
-0.018365
-0.018365
-0.018365
-0.018365
-0.018365
-0.018365
-0.018365
-0.018365
-0.018365
-0.018365
-0.018365
-0.018365
-0.018365
-0.018365
-0.018365
-0.018365
-0.018365
-0.018365
-0.01834
-0.01834
-0.01834
-0.01834
-0.01834
-0.01834
-0.01834
-0.01834
-0.01834
-0.01834
-0.01834
-0.018315
-0.018315
-0.018315
-0.018315
-0.018315
-0.018315
-0.018315
-0.018315
-0.018315
-0.018315
-0.018315
-0.018291
-0.018291
-0.018291
-0.018291
-0.018291
-0.018291
-0.018291
-0.018291
-0.018291
-0.018291
-0.018291
-0.018291
-0.018291
-0.018291
-0.018291
-0.018291
-0.018291
-0.018315
-0.018315
-0.018315
-0.018315
-0.018315
-0.018315
-0.018315
-0.018315
-0.018315
-0.018315
-0.018315
-0.018315
-0.01834
-0.01834
-0.01834
-0.01834
-0.01834
-0.01834
-0.018315
-0.018315
-0.018315
-0.018315
-0.018315
-0.018315
-0.018315
-0.018315
-0.018315
-0.018315
-0.018315
-0.018315
-0.018291
-0.018291
-0.018291
-0.018291
-0.018315
-0.018315
-0.018291
-0.018291
-0.018291
-0.018291
-0.018291
-0.018291
-0.018291
-0.018291
-0.018291
-0.018291
-0.018291
-0.018291
-0.018291
-0.018291
-0.018266
-0.018242
-0.018242
-0.018291
-0.018365
-0.018291
-0.018143
-0.017897
-0.017626
-0.01738
-0.017281
-0.017478
-0.017872
-0.018118
-0.018168
-0.018168
-0.018192
-0.018242
-0.018266
-0.018266
-0.018266
-0.018291
-0.018291
-0.018291
-0.018291
-0.018291
-0.018291
-0.018291
-0.018291
-0.018291
-0.018291
-0.018291
-0.018291
-0.018291
-0.018291
-0.018291
-0.018291
-0.018291
-0.018291
-0.018291
-0.018291
-0.018291
-0.018291
-0.018291
-0.018291
-0.018315
-0.018315
-0.018315
-0.018315
-0.018315
-0.01834
-0.01834
-0.018365
-0.018365
-0.018365
-0.018365
-0.018365
-0.018389
-0.018389
-0.018389
-0.018389
-0.018414
-0.018414
-0.018414
-0.018414
-0.018414
-0.018414
-0.018414
-0.018414
-0.018414
-0.018389
-0.018389
-0.018389
-0.018389
-0.018389
-0.018389
-0.018389
-0.018365
-0.018365
-0.018365
-0.018365
-0.018365
-0.018365
-0.018365
-0.018365
-0.018365
-0.018365
-0.018365
-0.018365
-0.018365
-0.018365
-0.018365
-0.018365
-0.018365
-0.018365
-0.018365
-0.018365
-0.018365
-0.018365
-0.018365
-0.018365
-0.018365
-0.018365
-0.018365
-0.018365
-0.018365
-0.018365
-0.018365
-0.018365
-0.018365
-0.018365
-0.018365
-0.018365
-0.018365
-0.018365
-0.018365
-0.018365
-0.018365
-0.018365
-0.018365
-0.018365
-0.018365
-0.018365
-0.018365
-0.018365
-0.018365
-0.018365
-0.018365
-0.018365
-0.018365
-0.018365
-0.018365
-0.018365
-0.018365
-0.018365
-0.018365
-0.018365
-0.018365
-0.018365
-0.018365
-0.018365
-0.018365
-0.018365
-0.018365
-0.018365
-0.018365
-0.018365
-0.018365
-0.018365
-0.018389
-0.018389
-0.018365
-0.018365
-0.018365
-0.018365
-0.018365
-0.018365
-0.018389
-0.018389
-0.018389
-0.018365
-0.018389
-0.018389
-0.018389
-0.018389
-0.018389
-0.018389
-0.018389
-0.018389
-0.018389
-0.018389
-0.018389
-0.018389
-0.018389
-0.018389
-0.018389
-0.018389
-0.018389
-0.018389
-0.018389
-0.018389
-0.018389
-0.018389
-0.018389
-0.018389
-0.018389
-0.018389
-0.018389
-0.018389
-0.018389
-0.018414
-0.018414
-0.018389
-0.018389
-0.018389
-0.018389
-0.018389
-0.018365
-0.018365
-0.018365
-0.018365
-0.018365
-0.018365
-0.018365
-0.018365
-0.018365
-0.018365
-0.018365
-0.018365
-0.018365
-0.018365
-0.018365
-0.018365
-0.018365
-0.018365
-0.018365
-0.018365
-0.018365
-0.018365
-0.018365
-0.018365
-0.018365
-0.018365
-0.018365
-0.018365
-0.018365
-0.018365
-0.018365
-0.018365
-0.01834
-0.018414
-0.018315
-0.018118
-0.017872
-0.017602
-0.01738
-0.017355
-0.017626
-0.01802
-0.018192
-0.018217
-0.018242
-0.018266
-0.018315
-0.018315
-0.01834
-0.01834
-0.01834
-0.01834
-0.018365
-0.018365
-0.018365
-0.018365
-0.018365
-0.018365
-0.018365
-0.018365
-0.018365
-0.018365
-0.018365
-0.018365
-0.018365
-0.018365
-0.018365
-0.01834
-0.01834
-0.01834
-0.01834
-0.01834
-0.01834
-0.01834
-0.018365
-0.018365
-0.018365
-0.018365
-0.018365
-0.018389
-0.018389
-0.018389
-0.018389
-0.018414
-0.018414
-0.018414
-0.018414
-0.018439
-0.018439
-0.018439
-0.018463
-0.018463
-0.018463
-0.018463
-0.018488
-0.018488
-0.018488
-0.018488
-0.018463
-0.018463
-0.018463
-0.018439
-0.018439
-0.018439
-0.018414
-0.018414
-0.018414
-0.018389
-0.018389
-0.018389
-0.018389
-0.018389
-0.018389
-0.018389
-0.018389
-0.018389
-0.018389
-0.018389
-0.018389
-0.018389
-0.018389
-0.018389
-0.018389
-0.018389
-0.018389
-0.018389
-0.018389
-0.018389
-0.018389
-0.018389
-0.018389
-0.018389
-0.018389
-0.018389
-0.018365
-0.018389
-0.018365
-0.018365
-0.018365
-0.018365
-0.018365
-0.018365
-0.018365
-0.018365
-0.018365
-0.018365
-0.018365
-0.018365
-0.018365
-0.018365
-0.018365
-0.018365
-0.018365
-0.018365
-0.018365
-0.018365
-0.018365
-0.018365
-0.018365
-0.018365
-0.018365
-0.018365
-0.018365
-0.018365
-0.018365
-0.018365
-0.018365
-0.018365
-0.018365
-0.018365
-0.018365
-0.018365
-0.018365
-0.018365
-0.018365
-0.018365
-0.018365
-0.018365
-0.018365
-0.018365
-0.018365
-0.018365
-0.018365
-0.018365
-0.018365
-0.018365
-0.018365
-0.018365
-0.018365
-0.018365
-0.018365
-0.018365
-0.018365
-0.018365
-0.018365
-0.018365
-0.018365
-0.018365
-0.018365
-0.018365
-0.018365
-0.018365
-0.018365
-0.01834
-0.01834
-0.01834
-0.01834
-0.01834
-0.01834
-0.01834
-0.01834
-0.01834
-0.01834
-0.01834
-0.01834
-0.01834
-0.01834
-0.01834
-0.01834
-0.01834
-0.018365
-0.01834
-0.01834
-0.01834
-0.01834
-0.01834
-0.01834
-0.01834
-0.018365
-0.018365
-0.01834
-0.01834
-0.01834
-0.018315
-0.018315
-0.018315
-0.018315
-0.018315
-0.018291
-0.018315
-0.018315
-0.018315
-0.018315
-0.018315
-0.018315
-0.018315
-0.018315
-0.018315
-0.018315
-0.018315
-0.018315
-0.018315
-0.018315
-0.018315
-0.018315
-0.018315
-0.018315
-0.018315
-0.018315
-0.018315
-0.018315
-0.018315
-0.018315
-0.018291
-0.018266
-0.018242
-0.018242
-0.018315
-0.018365
-0.018242
-0.018045
-0.017798
-0.017528
-0.017971
-0.018118
-0.018143
-0.018168
-0.018217
-0.018242
-0.018266
-0.018266
-0.018266
-0.018266
-0.018266
-0.018291
-0.018291
-0.018291
-0.018291
-0.018291
-0.018291
-0.018291
-0.018291
-0.018291
-0.018291
-0.018291
-0.018291
-0.018291
-0.018291
-0.018291
-0.018291
-0.018291
-0.018291
-0.018291
-0.018291
-0.018291
-0.018291
-0.018291
-0.018291
-0.018291
-0.018291
-0.018315
-0.018315
-0.018315
-0.01834
-0.01834
-0.01834
-0.018365
-0.018365
-0.018365
-0.018389
-0.018389
-0.018389
-0.018389
-0.018389
-0.018389
-0.018414
-0.018414
-0.018389
-0.018389
-0.018389
-0.018389
-0.018365
-0.018365
-0.018365
-0.018365
-0.01834
-0.01834
-0.01834
-0.01834
-0.01834
-0.01834
-0.01834
-0.018315
-0.018315
-0.018315
-0.018315
-0.018315
-0.018315
-0.018315
-0.018315
-0.018315
-0.018315
-0.018315
-0.018315
-0.018315
-0.018315
-0.018315
-0.018315
-0.018315
-0.018315
-0.018315
-0.018315
-0.01834
-0.01834
-0.01834
-0.01834
-0.01834
-0.01834
-0.01834
-0.018315
-0.018315
-0.01834
-0.01834
-0.01834
-0.01834
-0.018315
-0.018315
-0.018315
-0.018315
-0.018315
-0.018315
-0.018315
-0.018315
-0.018315
-0.018315
-0.018315
-0.018315
-0.018315
-0.018315
-0.018315
-0.018315
-0.018315
-0.018315
-0.018315
-0.018315
-0.018315
-0.018315
-0.018315
-0.018315
-0.018315
-0.018315
-0.018315
-0.018291
-0.018291
-0.018291
-0.018291
-0.018291
-0.018291
-0.018291
-0.018291
-0.018291
-0.018291
-0.018291
-0.018291
-0.018291
-0.018291
-0.018315
-0.018315
-0.018315
-0.018315
-0.018315
-0.018315
-0.018315
-0.018315
-0.018315
-0.018315
-0.018291
-0.018291
-0.018291
-0.018291
-0.018291
-0.018291
-0.018291
-0.018315
-0.018315
-0.018315
-0.018315
-0.018315
-0.018315
-0.018315
-0.018315
-0.018315
-0.018315
-0.018315
-0.018291
-0.018291
-0.018291
-0.018291
-0.018291
-0.018291
-0.018291
-0.018291
-0.018291
-0.018291
-0.018291
-0.018291
-0.018291
-0.018291
-0.018315
-0.018315
-0.018315
-0.018315
-0.018315
-0.018315
-0.01834
-0.01834
-0.01834
-0.01834
-0.01834
-0.01834
-0.018315
-0.018315
-0.018315
-0.018291
-0.018291
-0.018291
-0.018291
-0.018291
-0.018291
-0.018291
-0.018291
-0.018291
-0.018291
-0.018291
-0.018291
-0.018291
-0.018291
-0.018291
-0.018291
-0.018291
-0.018291
-0.018291
-0.018291
-0.018291
-0.018291
-0.018291
-0.018291
-0.018291
-0.018291
-0.018291
-0.018291
-0.018266
-0.018242
-0.018242
-0.018291
-0.01834
-0.018266
-0.018094
-0.017848
-0.017602
-0.01738
-0.017281
-0.017478
-0.018143
-0.018192
-0.018217
-0.018242
-0.018242
-0.018266
-0.018266
-0.018266
-0.018266
-0.018266
-0.018266
-0.018266
-0.018266
-0.018266
-0.018266
-0.018266
-0.018266
-0.018266
-0.018291
-0.018291
-0.018291
-0.018266
-0.018266
-0.018266
-0.018266
-0.018266
-0.018266
-0.018266
-0.018266
-0.018266
-0.018266
-0.018266
-0.018266
-0.018266
-0.018291
-0.018291
-0.018291
-0.018315
-0.018315
-0.018315
-0.018365
-0.018365
-0.018365
-0.018389
-0.018389
-0.018389
-0.018389
-0.018414
-0.018414
-0.018414
-0.018414
-0.018414
-0.018414
-0.018389
-0.018389
-0.018389
-0.018389
-0.018365
-0.018365
-0.018365
-0.018365
-0.01834
-0.01834
-0.01834
-0.01834
-0.01834
-0.01834
-0.01834
-0.01834
-0.01834
-0.01834
-0.01834
-0.01834
-0.01834
-0.018315
-0.018315
-0.018315
-0.01834
-0.01834
-0.01834
-0.01834
-0.01834
-0.01834
-0.01834
-0.01834
-0.01834
-0.01834
-0.01834
-0.01834
-0.01834
-0.01834
-0.01834
-0.01834
-0.01834
-0.01834
-0.01834
-0.01834
-0.01834
-0.01834
-0.018315
-0.018315
-0.018315
-0.018315
-0.018315
-0.018315
-0.018315
-0.018315
-0.018315
-0.018315
-0.018315
-0.018315
-0.018291
-0.018315
-0.018315
-0.018291
-0.018291
-0.018291
-0.018291
-0.018291
-0.018291
-0.018315
-0.018315
-0.018315
-0.018315
-0.018291
-0.018291
-0.018291
-0.018291
-0.018315
-0.018291
-0.018291
-0.018315
-0.018315
-0.018315
-0.018315
-0.018315
-0.018315
-0.018315
-0.018315
-0.018315
-0.018315
-0.018315
-0.018315
-0.018291
-0.018291
-0.018291
-0.018291
-0.018291
-0.018291
-0.018291
-0.018315
-0.018291
-0.018291
-0.018291
-0.018315
-0.018315
-0.018315
-0.018315
-0.018315
-0.018315
-0.018291
-0.018291
-0.018291
-0.018291
-0.018291
-0.018291
-0.018291
-0.018291
-0.018291
-0.018291
-0.018291
-0.018291
-0.018291
-0.018291
-0.018315
-0.018315
-0.018315
-0.018315
-0.018315
-0.018315
-0.018315
-0.01834
-0.01834
-0.01834
-0.01834
-0.01834
-0.01834
-0.01834
-0.01834
-0.01834
-0.018315
-0.018315
-0.018315
-0.018315
-0.018315
-0.018291
-0.018291
-0.018315
-0.018315
-0.018315
-0.018291
-0.018291
-0.018291
-0.018291
-0.018291
-0.018291
-0.018291
-0.018291
-0.018291
-0.018291
-0.018291
-0.018291
-0.018291
-0.018291
-0.018291
-0.018291
-0.018291
-0.018291
-0.018266
-0.018242
-0.018242
-0.018315
-0.01834
-0.018266
-0.018069
-0.017823
-0.017577
-0.017355
-0.017331
-0.017577
-0.017971
-0.018143
-0.018168
-0.018192
-0.018217
-0.018266
-0.018266
-0.018291
-0.018291
-0.018291
-0.018315
-0.018315
-0.018315
-0.018315
-0.018315
-0.018315
-0.018315
-0.018315
-0.018315
-0.018315
-0.018315
-0.018315
-0.018315
-0.018315
-0.018315
-0.018315
-0.018315
-0.018315
-0.018291
-0.018315
-0.018291
-0.018315
-0.018315
-0.018315
-0.018315
-0.018315
-0.01834
-0.01834
-0.018365
-0.018365
-0.018365
-0.018389
-0.018389
-0.018389
-0.018414
-0.018414
-0.018414
-0.018439
-0.018439
-0.018439
-0.018463
-0.018463
-0.018463
-0.018463
-0.018463
-0.018463
-0.018439
-0.018439
-0.018439
-0.018439
-0.018414
-0.018414
-0.018414
-0.018414
-0.018414
-0.018414
-0.018414
-0.018414
-0.018414
-0.018414
-0.018414
-0.018414
-0.018414
-0.018414
-0.018414
-0.018414
-0.018414
-0.018414
-0.018414
-0.018414
-0.018414
-0.018414
-0.018414
-0.018414
-0.018414
-0.018414
-0.018414
-0.018414
-0.018414
-0.018414
-0.018414
-0.018414
-0.018389
-0.018414
-0.018389
-0.018389
-0.018414
-0.018414
-0.018389
-0.018389
-0.018389
-0.018389
-0.018389
-0.018389
-0.018389
-0.018389
-0.018389
-0.018389
-0.018389
-0.018389
-0.018389
-0.018389
-0.018389
-0.018389
-0.018389
-0.018389
-0.018389
-0.018389
-0.018389
-0.018389
-0.018389
-0.018389
-0.018389
-0.018389
-0.018389
-0.018365
-0.018389
-0.018365
-0.018365
-0.018365
-0.018365
-0.018365
-0.018365
-0.018365
-0.018365
-0.018365
-0.018365
-0.018365
-0.018365
-0.018365
-0.018365
-0.018365
-0.018365
-0.018365
-0.018365
-0.018365
-0.018365
-0.018365
-0.018365
-0.018365
-0.018365
-0.018365
-0.018365
-0.018365
-0.018365
-0.018365
-0.018365
-0.018365
-0.018365
-0.018365
-0.018365
-0.018365
-0.018365
-0.018365
-0.018365
-0.018389
-0.018389
-0.018389
-0.018389
-0.018365
-0.01834
-0.01834
-0.01834
-0.01834
-0.01834
-0.018315
-0.018315
-0.018315
-0.01834
-0.018315
-0.018315
-0.018315
-0.018315
-0.018315
-0.018315
-0.018315
-0.018315
-0.018315
-0.018315
-0.018315
-0.018315
-0.018315
-0.018315
-0.018315
-0.018315
-0.018315
-0.018315
-0.01834
-0.01834
-0.01834
-0.01834
-0.018315
-0.018291
-0.018266
-0.018291
-0.018365
-0.018365
-0.018266
-0.018069
-0.017823
-0.0177
-0.018045
-0.018168
-0.018168
-0.018192
-0.018242
-0.018266
-0.018266
-0.018291
-0.018291
-0.018291
-0.018291
-0.018291
-0.018291
-0.018291
-0.018291
-0.018291
-0.018315
-0.018315
-0.018315
-0.018315
-0.018315
-0.018315
-0.018315
-0.018315
-0.018315
-0.018315
-0.018315
-0.018315
-0.018291
-0.018291
-0.018291
-0.018291
-0.018291
-0.018291
-0.018291
-0.018315
-0.018315
-0.018315
-0.018315
-0.018365
-0.018365
-0.018365
-0.018365
-0.018389
-0.018389
-0.018389
-0.018414
-0.018414
-0.018439
-0.018439
-0.018439
-0.018439
-0.018439
-0.018439
-0.018439
-0.018439
-0.018439
-0.018439
-0.018439
-0.018414
-0.018414
-0.018414
-0.018414
-0.018389
-0.018389
-0.018389
-0.018389
-0.018389
-0.018389
-0.018389
-0.018365
-0.018365
-0.018365
-0.018365
-0.018365
-0.018365
-0.018365
-0.018365
-0.018365
-0.01834
-0.01834
-0.01834
-0.018365
-0.018365
-0.018365
-0.018365
-0.018365
-0.018365
-0.018365
-0.018365
-0.018365
-0.018365
-0.018365
-0.018365
-0.018389
-0.018365
-0.018365
-0.018365
-0.018365
-0.018365
-0.018365
-0.018365
-0.018365
-0.018365
-0.018365
-0.018365
-0.018365
-0.018365
-0.018365
-0.018365
-0.018365
-0.018365
-0.01834
-0.018365
-0.018365
-0.018365
-0.018365
-0.018365
-0.018365
-0.018365
-0.018365
-0.018365
-0.018365
-0.018365
-0.018365
-0.018365
-0.01834
-0.01834
-0.018365
-0.01834
-0.01834
-0.01834
-0.01834
-0.01834
-0.01834
-0.01834
-0.01834
-0.01834
-0.01834
-0.01834
-0.01834
-0.01834
-0.01834
-0.01834
-0.01834
-0.01834
-0.01834
-0.018315
-0.018315
-0.018315
-0.018315
-0.018315
-0.018315
-0.018315
-0.018315
-0.018315
-0.01834
-0.01834
-0.01834
-0.01834
-0.01834
-0.01834
-0.01834
-0.01834
-0.01834
-0.018315
-0.018315
-0.018315
-0.018315
-0.018315
-0.018315
-0.018315
-0.018291
-0.018315
-0.018315
-0.018315
-0.018315
-0.018315
-0.018315
-0.018315
-0.018315
-0.018315
-0.018315
-0.018315
-0.018315
-0.018315
-0.018315
-0.018315
-0.018315
-0.018315
-0.018315
-0.018315
-0.018315
-0.018291
-0.018291
-0.018315
-0.018315
-0.018291
-0.018266
-0.01834
-0.018266
-0.018094
-0.017872
-0.017626
-0.017429
-0.017405
-0.017626
-0.017995
-0.018143
-0.018168
-0.018168
-0.018217
-0.018242
-0.018266
-0.018266
-0.018266
-0.018291
-0.018291
-0.018291
-0.018291
-0.018291
-0.018291
-0.018291
-0.018291
-0.018291
-0.018291
-0.018291
-0.018291
-0.018291
-0.018291
-0.018266
-0.018266
-0.018266
-0.018266
-0.018266
-0.018266
-0.018266
-0.018242
-0.018242
-0.018242
-0.018242
-0.018266
-0.018266
-0.018266
-0.018291
-0.018291
-0.018291
-0.018315
-0.018315
-0.01834
-0.01834
-0.01834
-0.01834
-0.018365
-0.018365
-0.018365
-0.018365
-0.018365
-0.018365
-0.018389
-0.018389
-0.018389
-0.018389
-0.018389
-0.018389
-0.018389
-0.018365
-0.018365
-0.018365
-0.018365
-0.018365
-0.01834
-0.01834
-0.01834
-0.01834
-0.01834
-0.01834
-0.01834
-0.01834
-0.018315
-0.018315
-0.018315
-0.018315
-0.018315
-0.018315
-0.018315
-0.018315
-0.018315
-0.018315
-0.018315
-0.018315
-0.018315
-0.018315
-0.018315
-0.018315
-0.018315
-0.018315
-0.01834
-0.01834
-0.01834
-0.01834
-0.018315
-0.018315
-0.018315
-0.018315
-0.018315
-0.018315
-0.018315
-0.018315
-0.018315
-0.018291
-0.018291
-0.018291
-0.018291
-0.018315
-0.018315
-0.018315
-0.018315
-0.018315
-0.018315
-0.018315
-0.018315
-0.018315
-0.018315
-0.018315
-0.018315
-0.018315
-0.018315
-0.018315
-0.018315
-0.018315
-0.018315
-0.018315
-0.018315
-0.018315
-0.018315
-0.018315
-0.018315
-0.018315
-0.018315
-0.018315
-0.018315
-0.018315
-0.018315
-0.018315
-0.018315
-0.018315
-0.018315
-0.018315
-0.018315
-0.018315
-0.018315
-0.018315
-0.018315
-0.018315
-0.018315
-0.018315
-0.018315
-0.018291
-0.018315
-0.018315
-0.018315
-0.018315
-0.018315
-0.018315
-0.018315
-0.018315
-0.018291
-0.018291
-0.018291
-0.018291
-0.018266
-0.018266
-0.018266
-0.018266
-0.018266
-0.018266
-0.018266
-0.018266
-0.018266
-0.018266
-0.018266
-0.018266
-0.018266
-0.018266
-0.018266
-0.018266
-0.018266
-0.018291
-0.018291
-0.018291
-0.018291
-0.018291
-0.018291
-0.018291
-0.018291
-0.018291
-0.018291
-0.018291
-0.018266
-0.01834
-0.018365
-0.018266
-0.018094
-0.017872
-0.017626
-0.017429
-0.017429
-0.017675
-0.01802
-0.018168
-0.018168
-0.018192
-0.018217
-0.018242
-0.018266
-0.018266
-0.018266
-0.018266
-0.018291
-0.018291
-0.018266
-0.018266
-0.018266
-0.018291
-0.018291
-0.018291
-0.018291
-0.018291
-0.018291
-0.018291
-0.018291
-0.018291
-0.018291
-0.018291
-0.018291
-0.018291
-0.018291
-0.018291
-0.018291
-0.018291
-0.018291
-0.018291
-0.018291
-0.018291
-0.018291
-0.018291
-0.018291
-0.018315
-0.018315
-0.018315
-0.01834
-0.01834
-0.018365
-0.018365
-0.018389
-0.018389
-0.018389
-0.018414
-0.018414
-0.018439
-0.018439
-0.018439
-0.018439
-0.018439
-0.018463
-0.018463
-0.018439
-0.018439
-0.018439
-0.018439
-0.018439
-0.018414
-0.018414
-0.018414
-0.018414
-0.018414
-0.018414
-0.018414
-0.018414
-0.018414
-0.018414
-0.018414
-0.018414
-0.018414
-0.018414
-0.018414
-0.018414
-0.018389
-0.018389
-0.018389
-0.018389
-0.018389
-0.018389
-0.018389
-0.018389
-0.018365
-0.018389
-0.018389
-0.018389
-0.018389
-0.018389
-0.018414
-0.018414
-0.018414
-0.018414
-0.018414
-0.018414
-0.018414
-0.018414
-0.018389
-0.018389
-0.018389
-0.018389
-0.018389
-0.018365
-0.018365
-0.018365
-0.018365
-0.018365
-0.018365
-0.018365
-0.018365
-0.018365
-0.018365
-0.018365
-0.018389
-0.018389
-0.018389
-0.018389
-0.018389
-0.018389
-0.018389
-0.018389
-0.018389
-0.018389
-0.018389
-0.018389
-0.018389
-0.018389
-0.018389
-0.018389
-0.018389
-0.018389
-0.018389
-0.018365
-0.018389
-0.018365
-0.018365
-0.018365
-0.018365
-0.018365
-0.018365
-0.018365
-0.018365
-0.018365
-0.018365
-0.018365
-0.018365
-0.018365
-0.018365
-0.018365
-0.018389
-0.018389
-0.018389
-0.018389
-0.018389
-0.018389
-0.018389
-0.018389
-0.018389
-0.018389
-0.018365
-0.018365
-0.018365
-0.018365
-0.018365
-0.018365
-0.018365
-0.018365
-0.018365
-0.018365
-0.018365
-0.018365
-0.018365
-0.018365
-0.018365
-0.018365
-0.018365
-0.018365
-0.018365
-0.018365
-0.018365
-0.018365
-0.018365
-0.018365
-0.018365
-0.018365
-0.018365
-0.018365
-0.018365
-0.018365
-0.01834
-0.018315
-0.018315
-0.018365
-0.018414
-0.018315
-0.018143
-0.017922
-0.0177
-0.017478
-0.017454
-0.017675
-0.018045
-0.018217
-0.018242
-0.018242
-0.018291
-0.018315
-0.018315
-0.01834
-0.01834
-0.01834
-0.01834
-0.01834
-0.01834
-0.01834
-0.01834
-0.01834
-0.01834
-0.01834
-0.01834
-0.018365
-0.018365
-0.018365
-0.018365
-0.018365
-0.018365
-0.018365
-0.018365
-0.018365
-0.018365
-0.018365
-0.018365
-0.018365
-0.018365
-0.018365
-0.018365
-0.018365
-0.018389
-0.018389
-0.018389
-0.018414
-0.018414
-0.018439
-0.018439
-0.018439
-0.018463
-0.018463
-0.018463
-0.018488
-0.018488
-0.018512
-0.018512
-0.018512
-0.018537
-0.018537
-0.018537
-0.018537
-0.018537
-0.018537
-0.018537
-0.018537
-0.018537
-0.018537
-0.018537
-0.018537
-0.018537
-0.018512
-0.018512
-0.018512
-0.018488
-0.018488
-0.018488
-0.018488
-0.018488
-0.018488
-0.018463
-0.018463
-0.018463
-0.018463
-0.018463
-0.018463
-0.018463
-0.018463
-0.018463
-0.018463
-0.018463
-0.018463
-0.018463
-0.018463
-0.018463
-0.018463
-0.018463
-0.018463
-0.018463
-0.018439
-0.018439
-0.018439
-0.018439
-0.018439
-0.018439
-0.018439
-0.018439
-0.018439
-0.018439
-0.018439
-0.018439
-0.018439
-0.018439
-0.018439
-0.018439
-0.018414
-0.018414
-0.018414
-0.018414
-0.018414
-0.018414
-0.018414
-0.018414
-0.018414
-0.018414
-0.018414
-0.018414
-0.018414
-0.018414
-0.018414
-0.018414
-0.018414
-0.018414
-0.018414
-0.018414
-0.018414
-0.018414
-0.018414
-0.018414
-0.018414
-0.018414
-0.018414
-0.018414
-0.018414
-0.018414
-0.018414
-0.018414
-0.018414
-0.018414
-0.018414
-0.018414
-0.018414
-0.018414
-0.018414
-0.018414
-0.018414
-0.018414
-0.018414
-0.018414
-0.018414
-0.018414
-0.018414
-0.018389
-0.018389
-0.018389
-0.018389
-0.018389
-0.018414
-0.018414
-0.018389
-0.018389
-0.018389
-0.018389
-0.018365
-0.018365
-0.018365
-0.018365
-0.018365
-0.018365
-0.01834
-0.01834
-0.01834
-0.01834
-0.01834
-0.01834
-0.01834
-0.018365
-0.018365
-0.018365
-0.018365
-0.018365
-0.018389
-0.018389
-0.018389
-0.018389
-0.018389
-0.018389
-0.018389
-0.018389
-0.018389
-0.018414
-0.018414
-0.018389
-0.018365
-0.01834
-0.018365
-0.018439
-0.018439
-0.018315
-0.018118
-0.017872
-0.017626
-0.017454
-0.017478
-0.017798
-0.018143
-0.018242
-0.018266
-0.018291
-0.018315
-0.01834
-0.018365
-0.018365
-0.018389
-0.018389
-0.018389
-0.018389
-0.018389
-0.018389
-0.018389
-0.018389
-0.018414
-0.018414
-0.018414
-0.018414
-0.018414
-0.018414
-0.018414
-0.018414
-0.018414
-0.018414
-0.018414
-0.018389
-0.018389
-0.018389
-0.018389
-0.018389
-0.018389
-0.018389
-0.018389
-0.018389
-0.018414
-0.018414
-0.018414
-0.018439
-0.018439
-0.018439
-0.018463
-0.018463
-0.018488
-0.018488
-0.018488
-0.018512
-0.018512
-0.018537
-0.018537
-0.018537
-0.018537
-0.018537
-0.018537
-0.018537
-0.018537
-0.018537
-0.018512
-0.018512
-0.018512
-0.018512
-0.018512
-0.018512
-0.018512
-0.018512
-0.018512
-0.018512
-0.018488
-0.018488
-0.018488
-0.018488
-0.018488
-0.018488
-0.018488
-0.018463
-0.018463
-0.018463
-0.018463
-0.018463
-0.018463
-0.018463
-0.018463
-0.018463
-0.018463
-0.018463
-0.018463
-0.018463
-0.018463
-0.018463
-0.018463
-0.018463
-0.018463
-0.018463
-0.018463
-0.018463
-0.018463
-0.018463
-0.018463
-0.018463
-0.018463
-0.018463
-0.018463
-0.018463
-0.018463
-0.018463
-0.018463
-0.018463
-0.018463
-0.018463
-0.018463
-0.018463
-0.018463
-0.018463
-0.018463
-0.018463
-0.018463
-0.018463
-0.018463
-0.018463
-0.018463
-0.018463
-0.018463
-0.018463
-0.018463
-0.018463
-0.018463
-0.018463
-0.018463
-0.018463
-0.018463
-0.018463
-0.018463
-0.018463
-0.018463
-0.018439
-0.018439
-0.018439
-0.018414
-0.018414
-0.018414
-0.018414
-0.018414
-0.018414
-0.018414
-0.018414
-0.018414
-0.018414
-0.018414
-0.018414
-0.018414
-0.018439
-0.018439
-0.018439
-0.018439
-0.018439
-0.018439
-0.018439
-0.018439
-0.018439
-0.018439
-0.018439
-0.018439
-0.018439
-0.018439
-0.018439
-0.018463
-0.018439
-0.018439
-0.018439
-0.018439
-0.018439
-0.018414
-0.018414
-0.018414
-0.018414
-0.018414
-0.018414
-0.018414
-0.018414
-0.018414
-0.018414
-0.018414
-0.018414
-0.018414
-0.018414
-0.018414
-0.018414
-0.018414
-0.018414
-0.018414
-0.018439
-0.018439
-0.018439
-0.018439
-0.018439
-0.018439
-0.018439
-0.018439
-0.018439
-0.018414
-0.018389
-0.018365
-0.018414
-0.018488
-0.018414
-0.018266
-0.01802
-0.017774
-0.017528
-0.017429
-0.017602
-0.017971
-0.018242
-0.018291
-0.018315
-0.018414
-0.018414
-0.018414
-0.018414
-0.018414
-0.018414
-0.018414
-0.018414
-0.018414
-0.018414
-0.018414
-0.018414
-0.018414
-0.018439
-0.018439
-0.018439
-0.018439
-0.018439
-0.018439
-0.018414
-0.018414
-0.018414
-0.018414
-0.018389
-0.018389
-0.018389
-0.018365
-0.018365
-0.018389
-0.018389
-0.018389
-0.018389
-0.018389
-0.018414
-0.018414
-0.018414
-0.018439
-0.018439
-0.018439
-0.018463
-0.018488
-0.018488
-0.018512
-0.018512
-0.018512
-0.018512
-0.018537
-0.018537
-0.018512
-0.018512
-0.018512
-0.018512
-0.018512
-0.018512
-0.018488
-0.018488
-0.018488
-0.018488
-0.018463
-0.018463
-0.018463
-0.018463
-0.018463
-0.018463
-0.018463
-0.018463
-0.018439
-0.018439
-0.018439
-0.018439
-0.018439
-0.018439
-0.018414
-0.018414
-0.018414
-0.018414
-0.018414
-0.018389
-0.018389
-0.018389
-0.018389
-0.018389
-0.018389
-0.018389
-0.018389
-0.018389
-0.018389
-0.018389
-0.018389
-0.018389
-0.018389
-0.018389
-0.018389
-0.018389
-0.018365
-0.018365
-0.018365
-0.018365
-0.018365
-0.018365
-0.01834
-0.01834
-0.01834
-0.01834
-0.01834
-0.01834
-0.01834
-0.01834
-0.01834
-0.01834
-0.01834
-0.01834
-0.01834
-0.01834
-0.01834
-0.01834
-0.018365
-0.018365
-0.018365
-0.018365
