2018
7
9
15
32
37.879
0.10064
0.10066
0.10066
0.10066
0.10064
0.10061
0.10061
0.10064
0.10061
0.10061
0.10059
0.10061
0.10061
0.10064
0.10061
0.10061
0.10061
0.10061
0.10064
0.10061
0.10059
0.10059
0.10061
0.10064
0.10061
0.10059
0.10059
0.10064
0.10064
0.10064
0.10061
0.10061
0.10064
0.10064
0.10061
0.10061
0.10061
0.10064
0.10064
0.10064
0.10071
0.10071
0.10071
0.10071
0.10073
0.10076
0.10073
0.10071
0.10073
0.10073
0.10076
0.10073
0.10071
0.10071
0.10071
0.10071
0.10071
0.10069
0.10069
0.10071
0.10073
0.10073
0.10071
0.10071
0.10071
0.10073
0.10073
0.10073
0.10073
0.10076
0.10078
0.10076
0.10076
0.10076
0.10078
0.10078
0.10078
0.10076
0.10078
0.10078
0.10076
0.10076
0.10078
0.10078
0.10073
0.10076
0.10078
0.10078
0.10078
0.10078
0.10078
0.10078
0.10078
0.10078
0.10078
0.10076
0.10078
0.10078
0.10078
0.10078
0.10076
0.10078
0.10081
0.10078
0.10078
0.10076
0.10078
0.10078
0.10078
0.10076
0.10076
0.10078
0.10078
0.10081
0.10078
0.10076
0.10078
0.10083
0.10083
0.10078
0.10081
0.10083
0.10088
0.10093
0.10098
0.10098
0.10101
0.10096
0.10091
0.10081
0.10071
0.10071
0.10073
0.10081
0.10083
0.10083
0.10083
0.10081
0.10083
0.10083
0.10081
0.10078
0.10078
0.10081
0.10081
0.10083
0.10083
0.10081
0.10083
0.10086
0.10086
0.10083
0.10081
0.10083
0.10086
0.10086
0.10083
0.10083
0.10083
0.10086
0.10088
0.10088
0.10088
0.10088
0.10091
0.10093
0.10091
0.10088
0.10088
0.10091
0.10091
0.10091
0.10088
0.10086
0.10083
0.10086
0.10088
0.10086
0.10088
0.10091
0.10093
0.10096
0.10093
0.10093
0.10096
0.10096
0.10093
0.10091
0.10091
0.10093
0.10093
0.10091
0.10091
0.10088
0.10091
0.10093
0.10093
0.10091
0.10091
0.10091
0.10091
0.10091
0.10093
0.10093
0.10091
0.10091
0.10093
0.10096
0.10096
0.10093
0.10093
0.10096
0.10098
0.10096
0.10093
0.10093
0.10096
0.10098
0.10096
0.10093
0.10091
0.10093
0.10096
0.10096
0.10093
0.10091
0.10093
0.10093
0.10093
0.10093
0.10091
0.10093
0.10096
0.10096
0.10093
0.10091
0.10093
0.10096
0.10096
0.10093
0.10093
0.10091
0.10093
0.10093
0.10096
0.10096
0.10093
0.10093
0.10093
0.10096
0.10096
0.10093
0.10093
0.10093
0.10093
0.10093
0.10091
0.10091
0.10091
0.10093
0.10096
0.10093
0.10091
0.10093
0.10096
0.10093
0.10091
0.10088
0.10091
0.10091
0.10091
0.10088
0.10086
0.10088
0.10088
0.10091
0.10088
0.10088
0.10091
0.10093
0.10093
0.10091
0.10091
0.10091
0.10091
0.10093
0.10093
0.10091
0.10091
0.10091
0.10093
0.10093
0.10093
0.10091
0.10093
0.10096
0.10096
0.10093
0.10093
0.10096
0.10098
0.10096
0.10093
0.10093
0.10093
0.10093
0.10096
0.10093
0.10093
0.10093
0.10093
0.10096
0.10093
0.10093
0.10093
0.10096
0.10093
0.10091
0.10091
0.10091
0.10091
0.10093
0.10093
0.10096
0.10096
0.10096
0.10096
0.10098
0.10098
0.10098
0.10096
0.10098
0.10098
0.10096
0.10096
0.10093
0.10093
0.10093
0.10093
0.10091
0.10088
0.10088
0.10091
0.10091
0.10091
0.10088
0.10088
0.10091
0.10093
0.10091
0.10086
0.10086
0.10088
0.10088
0.10086
0.10083
0.10083
0.10086
0.10086
0.10083
0.10081
0.10081
0.10083
0.10088
0.10096
0.10101
0.10098
0.10101
0.10101
0.10093
0.10083
0.10073
0.10071
0.10073
0.10078
0.10081
0.10081
0.10081
0.10081
0.10083
0.10083
0.10078
0.10078
0.10078
0.10078
0.10078
0.10076
0.10076
0.10078
0.10078
0.10081
0.10078
0.10076
0.10076
0.10073
0.10076
0.10073
0.10071
0.10069
0.10071
0.10069
0.10071
0.10071
0.10071
0.10069
0.10069
0.10073
0.10073
0.10073
0.10071
0.10071
0.10071
0.10073
0.10071
0.10069
0.10069
0.10069
0.10069
0.10069
0.10069
0.10069
0.10071
0.10071
0.10069
0.10069
0.10069
0.10071
0.10073
0.10073
0.10071
0.10071
0.10073
0.10073
0.10071
0.10066
0.10064
0.10066
0.10066
0.10064
0.10061
0.10059
0.10056
0.10056
0.10059
0.10059
0.10056
0.10054
0.10054
0.10059
0.10059
0.10056
0.10056
0.10056
0.10059
0.10059
0.10059
0.10056
0.10056
0.10056
0.10059
0.10056
0.10054
0.10051
0.10051
0.10054
0.10051
0.10049
0.10049
0.10051
0.10054
0.10054
0.10051
0.10051
0.10054
0.10054
0.10054
0.10051
0.10051
0.10054
0.10056
0.10056
0.10056
0.10054
0.10051
0.10051
0.10049
0.10051
0.10049
0.10046
0.10044
0.10046
0.10049
0.10046
0.10044
0.10044
0.10049
0.10051
0.10051
0.10046
0.10049
0.10051
0.10051
0.10051
0.10049
0.10049
0.10049
0.10051
0.10049
0.10046
0.10044
0.10046
0.10046
0.10046
0.10044
0.10041
0.10044
0.10046
0.10049
0.10046
0.10044
0.10044
0.10046
0.10049
0.10046
0.10044
0.10044
0.10044
0.10044
0.10044
0.10044
0.10041
0.10044
0.10046
0.10046
0.10044
0.10041
0.10044
0.10046
0.10044
0.10041
0.10041
0.10041
0.10044
0.10044
0.10041
0.10039
0.10041
0.10044
0.10044
0.10041
0.10041
0.10044
0.10046
0.10044
0.10041
0.10041
0.10044
0.10046
0.10044
0.10041
0.10041
0.10039
0.10039
0.10041
0.10044
0.10044
0.10041
0.10041
0.10044
0.10046
0.10046
0.10044
0.10041
0.10041
0.10044
0.10041
0.10039
0.10039
0.10039
0.10039
0.10039
0.10037
0.10037
0.10039
0.10041
0.10041
0.10039
0.10039
0.10039
0.10039
0.10039
0.10037
0.10037
0.10039
0.10039
0.10039
0.10037
0.10034
0.10037
0.10039
0.10034
0.10037
0.10037
0.10041
0.10044
0.10049
0.10049
0.10051
0.10049
0.10041
0.10032
0.10022
0.10022
0.10024
0.10027
0.10032
0.10032
0.10029
0.10029
0.10032
0.10032
0.10032
0.10029
0.10029
0.10032
0.10034
0.10034
0.10032
0.10032
0.10034
0.10034
0.10032
0.10029
0.10027
0.10027
0.10027
0.10027
0.10024
0.10022
0.10024
0.10027
0.10029
0.10029
0.10029
0.10029
0.10029
0.10029
0.10029
0.10029
0.10027
0.10024
0.10027
0.10027
0.10024
0.10024
0.10024
0.10027
0.10027
0.10024
0.10024
0.10027
0.10029
0.10032
0.10032
0.10029
0.10029
0.10032
0.10032
0.10032
0.10029
0.10029
0.10029
0.10029
0.10027
0.10027
0.10027
0.10027
0.10027
0.10024
0.10022
0.10019
0.10017
0.10019
0.10022
0.10022
0.10019
0.10017
0.10019
0.10019
0.10022
0.10019
0.10017
0.10019
0.10022
0.10022
0.10017
0.10017
0.10017
0.10019
0.10019
0.10014
0.10014
0.10014
0.10017
0.10017
0.10017
0.10017
0.10017
0.10017
0.10017
0.10017
0.10014
0.10014
0.10017
0.10017
0.10014
0.10012
0.10014
0.10017
0.10017
0.10017
0.10017
0.10014
0.10012
0.10012
0.10014
0.10014
0.10012
0.10012
0.10012
0.10012
0.10014
0.10012
0.10012
0.10012
0.10012
0.10014
0.10012
0.10012
0.10014
0.10014
0.10014
0.10012
0.10009
0.10012
0.10012
0.10012
0.10009
0.10009
0.10009
0.10012
0.10014
0.10014
0.10012
0.10009
0.10012
0.10012
0.10009
0.10007
0.10009
0.10007
0.10012
0.10012
0.10012
0.10009
0.10012
0.10014
0.10014
0.10012
0.10009
0.10009
0.10009
0.10012
0.10007
0.10005
0.10005
0.10007
0.10007
0.10005
0.10002
0.10002
0.10005
0.10005
0.10005
0.10002
0.10005
0.10007
0.10007
0.10007
0.10005
0.10007
0.10007
0.10007
0.10007
0.10005
0.10007
0.10007
0.10007
0.10005
0.10005
0.10005
0.10002
0.099996
0.10002
0.10005
0.10002
0.10002
0.10002
0.10002
0.10005
0.10005
0.10002
0.10002
0.10002
0.10002
0.099996
0.099996
0.099996
0.099996
0.099996
0.099996
0.099972
0.099972
0.099996
0.099996
0.099996
0.099947
0.099947
0.099972
0.099972
0.099996
0.099972
0.099972
0.099996
0.099996
0.099996
0.099972
0.099972
0.099996
0.099996
0.099947
0.099972
0.099972
0.099972
0.10002
0.10009
0.10014
0.10014
0.10017
0.10017
0.10009
0.099972
0.099873
0.099824
0.099849
0.099898
0.099922
0.099922
0.099922
0.099922
0.099922
0.099947
0.099947
0.099922
0.099898
0.099922
0.099947
0.099947
0.099922
0.099922
0.099947
0.099947
0.099922
0.099898
0.099898
0.099898
0.099922
0.099898
0.099898
0.099898
0.099873
0.099873
0.099898
0.099898
0.099898
0.099873
0.099898
0.099922
0.099922
0.099922
0.099898
0.099898
0.099922
0.099947
0.099947
0.099922
0.099898
0.099898
0.099922
0.099898
0.099873
0.099898
0.099898
0.099922
0.099898
0.099898
0.099898
0.099922
0.099947
0.099922
0.099898
0.099898
0.099898
0.099898
0.099873
0.099849
0.099849
0.099849
0.099849
0.099849
0.099849
0.099824
0.099824
0.099849
0.099849
0.099849
0.099824
0.099824
0.099824
0.099849
0.099824
0.099824
0.099799
0.099824
0.099849
0.099849
0.099824
0.099824
0.099824
0.099849
0.099849
0.099824
0.099824
0.099824
0.099849
0.099849
0.099824
0.099824
0.099849
0.099873
0.099873
0.099849
0.099849
0.099849
0.099849
0.099849
0.099799
0.099799
0.099824
0.099824
0.099799
0.099824
0.099824
0.099799
0.099799
0.099849
0.099849
0.099849
0.099824
0.099799
0.099824
0.099824
0.099824
0.099799
0.099775
0.099799
0.099799
0.099799
0.099775
0.099775
0.099775
0.099775
0.099775
0.09975
0.09975
0.09975
0.099775
0.099775
0.099775
0.099775
0.099775
0.099775
0.099775
0.099775
0.09975
0.09975
0.09975
0.09975
0.099726
0.099726
0.099726
0.099726
0.09975
0.09975
0.09975
0.099726
0.099726
0.09975
0.099775
0.09975
0.099726
0.099701
0.09975
0.09975
0.099726
0.099701
0.099676
0.099701
0.099726
0.099726
0.099726
0.099701
0.099726
0.09975
0.09975
0.099726
0.099726
0.099726
0.099726
0.099701
0.099676
0.099676
0.099676
0.099701
0.099701
0.099676
0.099676
0.099701
0.099701
0.099701
0.099676
0.099676
0.099676
0.099652
0.099676
0.099701
0.099701
0.099676
0.099652
0.099676
0.099701
0.099676
0.099676
0.099652
0.099652
0.099652
0.099652
0.099627
0.099627
0.099627
0.099627
0.099652
0.099627
0.099602
0.099627
0.099652
0.099652
0.099652
0.099627
0.099627
0.099652
0.099627
0.099602
0.099578
0.099602
0.099602
0.099602
0.099602
0.099578
0.099602
0.099602
0.099602
0.099627
0.099652
0.099652
0.099701
0.09975
0.099775
0.099799
0.099775
0.099652
0.099553
0.099504
0.099479
0.099479
0.099504
0.099553
0.099578
0.099602
0.099578
0.099553
0.099553
0.099578
0.099578
0.099529
0.099529
0.099504
0.099504
0.099529
0.099529
0.099504
0.099504
0.099529
0.099529
0.099504
0.099504
0.099529
0.099529
0.099529
0.099504
0.099479
0.099479
0.099455
0.099455
0.099479
0.099479
0.099479
0.099479
0.099479
0.099504
0.099504
0.099479
0.099479
0.099504
0.099529
0.099529
0.099504
0.099479
0.099455
0.099479
0.099479
0.099455
0.099455
0.099455
0.099479
0.099479
0.099479
0.099455
0.099455
0.099479
0.099504
0.099504
0.099455
0.09943
0.099455
0.099479
0.099455
0.09943
0.09943
0.09943
0.099381
0.099406
0.099406
0.099381
0.099356
0.099356
0.099356
0.099381
0.099356
0.099356
0.099356
0.099356
0.099381
0.099356
0.099332
0.099356
0.099381
0.099381
0.099381
0.099356
0.099356
0.099381
0.099406
0.099381
0.099356
0.099356
0.099356
0.099381
0.099356
0.099332
0.099332
0.099356
0.099356
0.099356
0.099332
0.099356
0.099381
0.099381
0.099381
0.099356
0.099356
0.099307
0.099307
0.099332
0.099332
0.099307
0.099307
0.099307
0.099332
0.099332
0.099332
0.099307
0.099307
0.099332
0.099332
0.099332
0.099332
0.099307
0.099332
0.099332
0.099307
0.099258
0.099258
0.099282
0.099258
0.099258
0.099233
0.099233
0.099258
0.099258
0.099233
0.099233
0.099233
0.099258
0.099282
0.099258
0.099258
0.099258
0.099258
0.099282
0.099282
0.099307
0.099282
0.099258
0.099258
0.099258
0.099282
0.099282
0.099258
0.099233
0.099258
0.099258
0.099258
0.099233
0.099233
0.099258
0.099258
0.099233
0.099233
0.099233
0.099258
0.099282
0.099282
0.099258
0.099258
0.099282
0.099282
0.099282
0.099258
0.099258
0.099258
0.099282
0.099258
0.099233
0.099209
0.099233
0.099233
0.099209
0.099184
0.099184
0.099159
0.099159
0.099159
0.099159
0.099184
0.099159
0.099159
0.099184
0.099209
0.099184
0.099159
0.099159
0.099159
0.099159
0.099159
0.099159
0.099159
0.099135
0.099135
0.099135
0.099135
0.099135
0.099159
0.099184
0.099184
0.099159
0.099135
0.099159
0.099184
0.099159
0.099135
0.099135
0.099135
0.099159
0.099159
0.099135
0.099135
0.099159
0.099159
0.099135
0.099135
0.09911
0.099135
0.099159
0.099233
0.099282
0.099282
0.099307
0.099282
0.099209
0.099086
0.099012
0.098962
0.098987
0.099036
0.099086
0.099086
0.099086
0.099086
0.09911
0.09911
0.09911
0.099086
0.099086
0.099086
0.09911
0.09911
0.09911
0.09911
0.099135
0.099135
0.099135
0.09911
0.09911
0.09911
0.09911
0.09911
0.099086
0.099086
0.09911
0.099061
0.099061
0.099086
0.099086
0.099061
0.099061
0.099061
0.099086
0.099086
0.099086
0.099061
0.099086
0.099086
0.099086
0.099061
0.099036
0.099061
0.099086
0.099036
0.099036
0.099036
0.099061
0.099061
0.099061
0.099036
0.099036
0.099061
0.099086
0.099086
0.099086
0.099061
0.099061
0.099086
0.099061
0.099036
0.099036
0.099036
0.099036
0.099012
0.098987
0.098987
0.098962
0.098962
0.098962
0.098987
0.098987
0.098987
0.098987
0.098987
0.099012
0.099012
0.099012
0.098987
0.099012
0.099012
0.099012
0.098987
0.098962
0.098962
0.098962
0.098962
0.098962
0.098938
0.098938
0.098962
0.098962
0.098938
0.098938
0.098938
0.098987
0.099012
0.098987
0.098962
0.098962
0.098962
0.098962
0.098962
0.098938
0.098913
0.098913
0.098913
0.098913
0.098913
0.098913
0.098889
0.098913
0.098938
0.098913
0.098913
0.098913
0.098913
0.098938
0.098938
0.098913
0.098889
0.098913
0.098938
0.098938
0.098938
0.098938
0.098938
0.098962
0.098962
0.098938
0.098938
0.098962
0.098962
0.098938
0.098913
0.098913
0.098913
0.098913
0.098913
0.098913
0.098889
0.098889
0.098913
0.098913
0.098889
0.098864
0.098864
0.098913
0.098913
0.098889
0.098889
0.098889
0.098913
0.098913
0.098889
0.098864
0.098864
0.098864
0.098864
0.098815
0.098815
0.098839
0.098839
0.098864
0.098839
0.098839
0.098839
0.098864
0.098864
0.098839
0.098839
0.098839
0.098864
0.098839
0.098839
0.098839
0.098839
0.098864
0.098864
0.098839
0.098839
0.098839
0.098864
0.098864
0.098864
0.098864
0.098839
0.098815
0.098815
0.098839
0.098864
0.098839
0.098839
0.098839
0.098864
0.098864
0.098864
0.098839
0.098839
0.098864
0.098839
0.098815
0.098815
0.098815
0.098815
0.098839
0.098839
0.098815
0.098815
0.098815
0.098839
0.098839
0.09879
0.09879
0.09879
0.098815
0.09879
0.09879
0.09879
0.098815
0.098815
0.098741
0.098716
0.098716
0.098741
0.098765
0.098815
0.098864
0.098889
0.098889
0.098938
0.098962
0.098889
0.098765
0.098642
0.098618
0.098667
0.098716
0.098716
0.098716
0.098741
0.098741
0.098741
0.098741
0.098716
0.098741
0.098765
0.098765
0.098765
0.098741
0.098765
0.09879
0.09879
0.098765
0.098741
0.098741
0.098741
0.098741
0.098716
0.098692
0.098692
0.098692
0.098692
0.098692
0.098667
0.098667
0.098692
0.098716
0.098741
0.098741
0.098741
0.098716
0.098716
0.098716
0.098716
0.098716
0.098692
0.098692
0.098716
0.098716
0.098692
0.098692
0.098692
0.098716
0.098716
0.098692
0.098692
0.098716
0.098765
0.098765
0.098741
0.098716
0.098716
0.098716
0.098741
0.098716
0.098692
0.098667
0.098692
0.098716
0.098692
0.098667
0.098667
0.098667
0.098692
0.098667
0.098642
0.098642
0.098642
0.098642
0.098667
0.098667
0.098642
0.098618
0.098618
0.098642
0.098667
0.098667
0.098642
0.098642
0.098642
0.098642
0.098618
0.098593
0.098569
0.098569
0.098593
0.098569
0.098544
0.098544
0.098544
0.098544
0.098544
0.098544
0.098569
0.098593
0.098593
0.098593
0.098593
0.098593
0.098593
0.098593
0.098569
0.098544
0.098519
0.098519
0.098495
0.098519
0.098519
0.098519
0.098495
0.098495
0.098519
0.098569
0.098544
0.098519
0.098519
0.098544
0.098544
0.098544
0.098544
0.098519
0.098544
0.098544
0.098544
0.098495
0.098495
0.098495
0.098495
0.098495
0.09847
0.09847
0.09847
0.098495
0.09847
0.09847
0.09847
0.09847
0.098495
0.09847
0.09847
0.09847
0.09847
0.098495
0.098495
0.098445
0.09847
0.098445
0.098445
0.09847
0.09847
0.09847
0.098445
0.098445
0.098445
0.098445
0.09847
0.098445
0.098445
0.09847
0.098495
0.09847
0.098445
0.09847
0.098495
0.098495
0.09847
0.098445
0.098445
0.098445
0.09847
0.09847
0.098445
0.098445
0.09847
0.09847
0.09847
0.098445
0.098445
0.098445
0.09847
0.09847
0.098445
0.098421
0.098421
0.098445
0.098396
0.098421
0.098396
0.098396
0.098421
0.098421
0.098396
0.098396
0.098396
0.098396
0.098421
0.098396
0.098372
0.098372
0.098396
0.098396
0.098396
0.098372
0.098347
0.098372
0.098396
0.098372
0.098347
0.098347
0.098347
0.098347
0.098347
0.098322
0.098322
0.098322
0.098322
0.098347
0.098298
0.098298
0.098298
0.098322
0.098322
0.098322
0.098322
0.098372
0.098544
0.098544
0.098421
0.098298
0.09815
0.098125
0.098175
0.098199
0.098224
0.098224
0.098249
0.098273
0.098273
0.098273
0.098249
0.098273
0.098298
0.098322
0.098298
0.098298
0.098298
0.098298
0.098322
0.098298
0.098273
0.098273
0.098249
0.098249
0.098224
0.098199
0.098224
0.098249
0.098249
0.098224
0.098224
0.098224
0.098249
0.098249
0.098249
0.098224
0.098249
0.098249
0.098249
0.098249
0.098249
0.098224
0.098199
0.098199
0.098199
0.098199
0.098175
0.098175
0.098175
0.098199
0.098199
0.098199
0.098199
0.098199
0.098224
0.098224
0.098224
0.098199
0.098224
0.098249
0.098249
0.098224
0.098224
0.098224
0.098224
0.098224
0.098199
0.098175
0.098175
0.098199
0.098175
0.09815
0.09815
0.09815
0.098175
0.098175
0.098199
0.09815
0.09815
0.098175
0.098175
0.098175
0.09815
0.098125
0.09815
0.098175
0.098175
0.098175
0.098175
0.098175
0.098199
0.098199
0.098175
0.098175
0.098175
0.098199
0.098199
0.098175
0.098125
0.09815
0.098175
0.09815
0.098125
0.098125
0.098125
0.09815
0.09815
0.09815
0.098125
0.098125
0.09815
0.098175
0.09815
0.098125
0.098125
0.09815
0.098125
0.098125
0.098125
0.098101
0.098101
0.098101
0.098125
0.098125
0.098101
0.098101
0.098125
0.098125
0.098125
0.098101
0.098101
0.098076
0.098076
0.098076
0.098076
0.098052
0.098076
0.098101
0.098076
0.098052
0.098052
0.098052
0.098076
0.098076
0.098076
0.098052
0.098076
0.098101
0.098076
0.098076
0.098052
0.098052
0.098076
0.098076
0.098076
0.098027
0.098027
0.098027
0.098027
0.098052
0.098052
0.098027
0.098027
0.098027
0.098027
0.098027
0.098002
0.097978
0.098002
0.098027
0.098027
0.098027
0.098002
0.098027
0.098052
0.098027
0.098027
0.098002
0.098002
0.098002
0.098002
0.098002
0.097978
0.097978
0.098002
0.098002
0.098002
0.097978
0.097978
0.098002
0.098002
0.098002
0.097978
0.097978
0.098002
0.098002
0.098002
0.098002
0.097978
0.097953
0.097953
0.097953
0.097978
0.097953
0.097928
0.097928
0.097953
0.097953
0.097953
0.097953
0.097953
0.097953
0.097978
0.097953
0.097928
0.097928
0.097953
0.097953
0.097953
0.097928
0.097928
0.097953
0.097953
0.097928
0.097879
0.097879
0.097904
0.097928
0.097953
0.097978
0.098027
0.098076
0.098076
0.098101
0.098076
0.097978
0.09783
0.097879
0.097904
0.097928
0.097928
0.097904
0.097904
0.097928
0.097928
0.097928
0.097904
0.097879
0.097879
0.097904
0.097904
0.097879
0.097904
0.097928
0.097928
0.097928
0.097904
0.097904
0.097904
0.097928
0.097904
0.097879
0.097879
0.097879
0.097879
0.097855
0.09783
0.09783
0.097855
0.097855
0.097855
0.09783
0.09783
0.097855
0.097855
0.097855
0.097855
0.09783
0.09783
0.097879
0.097879
0.097855
0.09783
0.09783
0.09783
0.097855
0.09783
0.097805
0.097805
0.097805
0.097805
0.097805
0.097781
0.097781
0.097781
0.097781
0.097781
0.097756
0.097781
0.097756
0.097781
0.097781
0.097756
0.097732
0.097756
0.097756
0.097732
0.097707
0.097707
0.097732
0.097732
0.097732
0.097707
0.097707
0.097707
0.097732
0.097732
0.097756
0.097732
0.097732
0.097707
0.097732
0.097756
0.097756
0.097732
0.097732
0.097732
0.097732
0.097707
0.097707
0.097707
0.097707
0.097707
0.097707
0.097682
0.097682
0.097707
0.097732
0.097732
0.097732
0.097707
0.097707
0.097732
0.097707
0.097682
0.097658
0.097658
0.097682
0.097658
0.097633
0.097633
0.097608
0.097633
0.097633
0.097633
0.097633
0.097633
0.097633
0.097633
0.097658
0.097658
0.097633
0.097633
0.097633
0.097658
0.097633
0.097633
0.097608
0.097608
0.097608
0.097608
0.097584
0.097584
0.097584
0.097608
0.097584
0.097559
0.097559
0.097584
0.097584
0.097584
0.097584
0.097584
0.097584
0.097584
0.097584
0.097584
0.097559
0.097584
0.097608
0.097584
0.097559
0.097559
0.097559
0.097584
0.097584
0.097559
0.097535
0.097535
0.097535
0.097535
0.097535
0.097535
0.09751
0.097535
0.097559
0.097559
0.097535
0.097535
0.097535
0.097559
0.097584
0.097535
0.09751
0.097535
0.097535
0.097535
0.09751
0.097485
0.097485
0.097485
0.097485
0.097485
0.097461
0.097485
0.09751
0.09751
0.097485
0.097485
0.097485
0.09751
0.09751
0.09751
0.097485
0.097485
0.09751
0.097485
0.097485
0.097485
0.097485
0.097461
0.097485
0.097485
0.097485
0.097461
0.097461
0.097461
0.097461
0.097461
0.097436
0.097412
0.097412
0.097436
0.097436
0.097412
0.097412
0.097412
0.097436
0.097461
0.097436
0.097412
0.097436
0.097436
0.097461
0.097461
0.097485
0.097535
0.097584
0.097608
0.097608
0.097584
0.097485
0.097387
0.097288
0.097264
0.097288
0.097412
0.097412
0.097412
0.097412
0.097436
0.097412
0.097412
0.097412
0.097412
0.097412
0.097387
0.097387
0.097387
0.097412
0.097412
0.097387
0.097362
0.097387
0.097412
0.097387
0.097362
0.097338
0.097362
0.097362
0.097338
0.097313
0.097313
0.097313
0.097338
0.097362
0.097338
0.097338
0.097338
0.097362
0.097387
0.097362
0.097362
0.097338
0.097362
0.097362
0.097313
0.097338
0.097313
0.097288
0.097313
0.097338
0.097362
0.097338
0.097338
0.097338
0.097338
0.097362
0.097338
0.097338
0.097313
0.097338
0.097338
0.097338
0.097313
0.097313
0.097313
0.097313
0.097313
0.097288
0.097288
0.097288
0.097288
0.097288
0.097264
0.097264
0.097288
0.097264
0.097264
0.097239
0.097264
0.097288
0.097288
0.097288
0.097264
0.097264
0.097264
0.097239
0.097239
0.097239
0.097239
0.097215
0.097215
0.097215
0.097215
0.09719
0.09719
0.09719
0.097215
0.097239
0.097215
0.09719
0.09719
0.097215
0.097239
0.097215
0.09719
0.097215
0.097239
0.097215
0.097215
0.09719
0.09719
0.097215
0.097215
0.097215
0.09719
0.097165
0.097165
0.09719
0.097165
0.097141
0.097141
0.097141
0.097141
0.097141
0.097165
0.097141
0.097141
0.097141
0.097165
0.09719
0.097165
0.097141
0.097141
0.097141
0.097141
0.097116
0.097091
0.097091
0.097116
0.097116
0.097091
0.097067
0.097091
0.097091
0.097116
0.097116
0.097091
0.097091
0.097116
0.097116
0.097091
0.097067
0.097067
0.097091
0.097091
0.097091
0.097067
0.097067
0.097091
0.097091
0.097091
0.097091
0.097091
0.097091
0.097042
0.097042
0.097042
0.097018
0.097018
0.097018
0.097018
0.097042
0.097018
0.096993
0.096993
0.096993
0.097018
0.097018
0.097018
0.097018
0.097018
0.097018
0.097018
0.096993
0.096968
0.096993
0.096993
0.096968
0.096944
0.096944
0.096968
0.096968
0.096968
0.096968
0.096968
0.096968
0.096968
0.096968
0.096944
0.096944
0.096968
0.096968
0.096968
0.096944
0.096968
0.096968
0.096968
0.096993
0.096968
0.096944
0.096944
0.096968
0.096968
0.096944
0.096919
0.096944
0.096968
0.096968
0.096944
0.096944
0.096919
0.096944
0.096919
0.096919
0.096895
0.096895
0.096919
0.096968
0.096993
0.097018
0.097042
0.097067
0.097091
0.097042
0.096919
0.096796
0.096771
0.096796
0.096796
0.096796
0.096821
0.09687
0.09687
0.09687
