2018
7
9
15
3
25.795
0.038453
0.038453
0.038453
0.038428
0.038379
0.038354
0.038354
0.038354
0.038329
0.038305
0.03828
0.038256
0.038256
0.038231
0.038206
0.038182
0.038182
0.038182
0.038157
0.038133
0.038083
0.038059
0.038034
0.038009
0.037985
0.03796
0.037936
0.037936
0.037911
0.037862
0.037837
0.037813
0.037788
0.037788
0.037788
0.037788
0.037813
0.037837
0.037837
0.037862
0.037936
0.037936
0.037911
0.037911
0.037886
0.037862
0.037813
0.037763
0.037739
0.037714
0.037714
0.037689
0.037665
0.037665
0.037665
0.03764
0.03764
0.037616
0.037616
0.037616
0.037616
0.037616
0.03764
0.037665
0.037739
0.037813
0.037862
0.037936
0.037985
0.038059
0.038108
0.038133
0.038157
0.038157
0.038182
0.038206
0.038231
0.038256
0.038256
0.038231
0.038133
0.038059
0.038059
0.038059
0.038009
0.037911
0.037763
0.03764
0.037542
0.037517
0.037542
0.037616
0.03764
0.03764
0.037616
0.037616
0.037616
0.037591
0.037566
0.037542
0.037542
0.037591
0.037665
0.037689
0.037714
0.037714
0.037689
0.037665
0.037616
0.037591
0.037616
0.03764
0.037689
0.037714
0.037763
0.037813
0.037862
0.037911
0.037911
0.037911
0.037936
0.037936
0.037936
0.03796
0.03796
0.037936
0.037936
0.037911
0.037886
0.037886
0.037837
0.037813
0.037788
0.037788
0.037788
0.037763
0.037739
0.037739
0.037739
0.037714
0.037689
0.037665
0.03764
0.037616
0.037616
0.037591
0.037566
0.037591
0.037591
0.037616
0.037616
0.03764
0.037665
0.037714
0.037763
0.037788
0.037813
0.037837
0.037862
0.037837
0.037837
0.037837
0.037813
0.037788
0.037788
0.037788
0.037763
0.037763
0.037739
0.037739
0.037714
0.037665
0.03764
0.037665
0.037689
0.037739
0.037739
0.037739
0.037739
0.037739
0.037739
0.037714
0.037689
0.037665
0.037665
0.037665
0.037665
0.037689
0.037714
0.037739
0.037739
0.037763
0.037763
0.037788
0.037788
0.037813
0.037813
0.037788
0.037763
0.037788
0.037739
0.037763
0.037763
0.037788
0.037788
0.037788
0.037813
0.037813
0.037788
0.037788
0.037788
0.037813
0.037813
0.037813
0.037788
0.037788
0.037788
0.037788
0.037788
0.037763
0.037763
0.037763
0.037763
0.037739
0.037714
0.037665
0.03764
0.037616
0.037591
0.037566
0.037542
0.037542
0.037542
0.037542
0.037542
0.037542
0.037542
0.037566
0.037566
0.037566
0.037591
0.037591
0.037591
0.037591
0.037616
0.037616
0.037591
0.037591
0.037591
0.037591
0.037566
0.037566
0.037542
0.037566
0.037566
0.037566
0.037542
0.037542
0.037542
0.037542
0.037542
0.037542
0.037517
0.037517
0.037517
0.037517
0.037517
0.037517
0.037542
0.037566
0.037591
0.037591
0.037566
0.037566
0.037591
0.037566
0.037566
0.037542
0.037542
0.037542
0.037517
0.037492
0.037492
0.037468
0.037468
0.037468
0.037468
0.037468
0.037468
0.037468
0.037492
0.037492
0.037492
0.037492
0.037517
0.037542
0.037566
0.037566
0.037566
0.037591
0.037616
0.037616
0.037616
0.037616
0.037616
0.037616
0.037616
0.037591
0.037566
0.037542
0.037542
0.037542
0.037492
0.037443
0.037443
0.037419
0.037419
0.037419
0.037419
0.037394
0.037419
0.037345
0.037345
0.037369
0.037394
0.037369
0.037296
0.037197
0.037074
0.037025
0.037049
0.037123
0.037222
0.037271
0.037271
0.037271
0.037271
0.037271
0.037246
0.037222
0.037172
0.037148
0.037148
0.037172
0.037172
0.037172
0.037148
0.037099
0.037025
0.036951
0.036877
0.036852
0.036852
0.036852
0.036877
0.036902
0.036926
0.036926
0.036926
0.036902
0.036902
0.036926
0.036926
0.036951
0.037
0.037
0.037
0.037
0.036976
0.036976
0.036976
0.036951
0.036926
0.036902
0.036877
0.036877
0.036852
0.036828
0.036828
0.036852
0.036852
0.036828
0.036828
0.036828
0.036828
0.036852
0.036852
0.036852
0.036852
0.036852
0.036877
0.036877
0.036877
0.036877
0.036902
0.036951
0.036976
0.036976
0.037
0.037025
0.037172
0.037197
0.037222
0.037222
0.037222
0.037222
0.037222
0.037246
0.037246
0.037271
0.037271
0.037271
0.037246
0.037197
0.037197
0.037222
0.037246
0.037271
0.037271
0.037222
0.037197
0.037172
0.037172
0.037123
0.037074
0.037074
0.037074
0.037099
0.037099
0.037099
0.037123
0.037123
0.037148
0.037148
0.037123
0.037123
0.037123
0.037123
0.037099
0.037099
0.037099
0.037074
0.037074
0.037099
0.037123
0.037123
0.037123
0.037148
0.037148
0.037148
0.037148
0.037148
0.037123
0.037123
0.037123
0.037123
0.037099
0.037099
0.037099
0.037099
0.037074
0.037049
0.037049
0.037025
0.037
0.036976
0.036951
0.036926
0.036926
0.036926
0.036902
0.036877
0.036877
0.036877
0.036877
0.036877
0.036852
0.036852
0.036877
0.036902
0.036926
0.036926
0.036926
0.036926
0.036951
0.036976
0.036976
0.036976
0.036976
0.036976
0.037
0.037
0.037
0.037
0.036976
0.036976
0.036976
0.036951
0.036926
0.036902
0.036877
0.036852
0.036803
0.036779
0.036754
0.036754
0.036754
0.036754
0.036754
0.036754
0.036754
0.036779
0.036779
0.036803
0.036828
0.036852
0.036902
0.036902
0.036926
0.036926
0.036951
0.036951
0.036951
0.036951
0.036951
0.036951
0.036951
0.036976
0.036951
0.036951
0.036951
0.036926
0.036951
0.036951
0.036951
0.036926
0.036902
0.036877
0.036877
0.036852
0.036828
0.036828
0.036828
0.036803
0.036803
0.036779
0.036779
0.036779
0.036779
0.036803
0.036803
0.036803
0.036803
0.036803
0.036803
0.036803
0.036828
0.036828
0.036828
0.036803
0.036729
0.036729
0.036705
0.03668
0.03668
0.036705
0.036705
0.036655
0.036631
0.036655
0.036705
0.036754
0.036729
0.036631
0.036532
0.036459
0.036434
0.036434
0.036483
0.036508
0.036508
0.036459
0.036434
0.036409
0.036385
0.036385
0.036335
0.036311
0.036286
0.036311
0.036311
0.036311
0.036286
0.036237
0.036188
0.036139
0.036089
0.036065
0.036065
0.036089
0.036237
0.036262
0.036286
0.036286
0.036286
0.036286
0.036286
0.036262
0.036262
0.036262
0.036262
0.036286
0.036262
0.036262
0.036237
0.036212
0.036188
0.036188
0.036188
0.036163
0.036163
0.036188
0.036188
0.036188
0.036188
0.036212
0.036212
0.036237
0.036237
0.036237
0.036237
0.036237
0.036262
0.036237
0.036237
0.036237
0.036262
0.036262
0.036286
0.036286
0.03636
0.03636
0.03636
0.03636
0.03636
0.03636
0.03636
0.036385
0.036385
0.036385
0.036385
0.036409
0.036409
0.036459
0.036483
0.036483
0.036483
0.036459
0.036434
0.036409
0.036385
0.036385
0.036409
0.036434
0.036434
0.036409
0.036385
0.03636
0.036335
0.036311
0.036262
0.036212
0.036188
0.036188
0.036188
0.036212
0.036212
0.036237
0.036262
0.036286
0.036262
0.036262
0.036262
0.036237
0.036237
0.036237
0.036237
0.036237
0.036212
0.036212
0.036212
0.036212
0.036212
0.036212
0.036212
0.036212
0.036212
0.036188
0.036163
0.036163
0.036188
0.036188
0.036188
0.036163
0.036163
0.036163
0.036163
0.036163
0.036163
0.036163
0.036188
0.036188
0.036188
0.036163
0.036163
0.036163
0.036139
0.036139
0.036139
0.036139
0.036114
0.036114
0.036139
0.036139
0.036139
0.036139
0.036139
0.036163
0.036163
0.036163
0.036163
0.036163
0.036163
0.036188
0.036163
0.036163
0.036163
0.036188
0.036212
0.036212
0.036212
0.036188
0.036212
0.036237
0.036237
0.036237
0.036237
0.036237
0.036237
0.036237
0.036237
0.036237
0.036262
0.036262
0.036262
0.036262
0.036286
0.036286
0.036311
0.036311
0.036335
0.036335
0.03636
0.03636
0.036385
0.036385
0.036385
0.036385
0.036385
0.036385
0.036385
0.036385
0.036385
0.03636
0.03636
0.03636
0.03636
0.03636
0.03636
0.03636
0.03636
0.036335
0.036335
0.036335
0.03636
0.03636
0.036385
0.036385
0.036385
0.036409
0.036409
0.036409
0.036385
0.036385
0.036385
0.036409
0.036409
0.036409
0.036409
0.036409
0.036409
0.036385
0.03636
0.036335
0.036335
0.036335
0.03636
0.036335
0.036286
0.036286
0.036286
0.036311
0.036262
0.036237
0.036237
0.036311
0.03636
0.036311
0.036212
0.036089
0.035991
0.035942
0.035991
0.03604
0.036065
0.036065
0.03604
0.03604
0.03604
0.036015
0.036015
0.036015
0.035991
0.035991
0.035991
0.036015
0.036065
0.036089
0.036089
0.036015
0.035843
0.035818
0.035818
0.035818
0.035843
0.035843
0.035818
0.035818
0.035818
0.035818
0.035818
0.035818
0.035818
0.035818
0.035843
0.035818
0.035818
0.035818
0.035818
0.035818
0.035794
0.035769
0.035745
0.035745
0.035745
0.035745
0.03572
0.035695
0.035671
0.035671
0.035671
0.035671
0.035671
0.035695
0.035695
0.035695
0.035695
0.035695
0.03572
0.03572
0.035695
0.035695
0.035695
0.035695
0.035695
0.03572
0.035745
0.035769
0.035794
0.035818
0.035843
0.035868
0.035868
0.035868
0.035868
0.035868
0.035892
0.035917
0.035942
0.035966
0.035991
0.035991
0.035966
0.035942
0.035917
0.035942
0.035966
0.035966
0.035966
0.035942
0.035917
0.035892
0.035868
0.035843
0.035794
0.035769
0.035745
0.035745
0.035745
0.035745
0.035868
0.035892
0.035917
0.035942
0.035942
0.035942
0.035917
0.035892
0.035892
0.035892
0.035868
0.035868
0.035868
0.035868
0.035868
0.035868
0.035843
0.035843
0.035843
0.035843
0.035843
0.035818
0.035818
0.035818
0.035818
0.035794
0.035769
0.035745
0.03572
0.03572
0.035745
0.035745
0.035769
0.035794
0.035794
0.035794
0.035794
0.035794
0.035794
0.035818
0.035745
0.035745
0.03572
0.03572
0.03572
0.03572
0.03572
0.035695
0.03572
0.03572
0.035745
0.035745
0.035745
0.035745
0.035769
0.035769
0.035769
0.035745
0.035745
0.03572
0.03572
0.035695
0.035671
0.035671
0.035671
0.035671
0.035646
0.035646
0.035622
0.035646
0.035646
0.035646
0.035622
0.035622
0.035646
0.035646
0.035622
0.035622
0.035622
0.035646
0.035695
0.03572
0.03572
0.03572
0.03572
0.035695
0.03572
0.03572
0.03572
0.03572
0.03572
0.035745
0.035745
0.035745
0.035745
0.035745
0.035745
0.035769
0.035745
0.03572
0.03572
0.03572
0.035695
0.035695
0.035671
0.035671
0.035671
0.035671
0.035671
0.035671
0.035671
0.035671
0.035671
0.035671
0.035671
0.035671
0.035671
0.035671
0.035671
0.035646
0.03572
0.035695
0.035671
0.035646
0.035622
0.035597
0.035572
0.035597
0.035597
0.035548
0.035523
0.035498
0.035523
0.035523
0.035474
0.035449
0.035474
0.035548
0.035597
0.035572
0.035474
0.035351
0.035277
0.035252
0.035277
0.035326
0.035351
0.035326
0.035277
0.035252
0.035228
0.035203
0.035203
0.035203
0.035203
0.035203
0.035178
0.035203
0.035203
0.035228
0.035105
0.035105
0.035105
0.035105
0.035129
0.035154
0.035154
0.035154
0.035154
0.035154
0.035154
0.035129
0.035129
0.035129
0.035129
0.035154
0.035178
0.035178
0.035178
0.035154
0.035154
0.035154
0.035129
0.035105
0.035105
0.035105
0.035105
0.035105
0.035129
0.035129
0.035129
0.035178
0.035178
0.035178
0.035178
0.035203
0.035203
0.035203
0.035178
0.035178
0.035178
0.035203
0.035228
0.035228
0.035228
0.035252
0.035277
0.035326
0.035351
0.035375
0.035425
0.035449
0.035498
0.035523
0.035523
0.035548
0.035548
0.035548
0.035572
0.035572
0.035572
0.035572
0.035548
0.035523
0.035498
0.035474
0.035498
0.035548
0.035572
0.035572
0.035572
0.035548
0.035523
0.035498
0.035449
0.0354
0.035375
0.035351
0.035326
0.035326
0.035375
0.0354
0.0354
0.035425
0.035449
0.035449
0.035449
0.035474
0.035474
0.035498
0.035523
0.035523
0.035498
0.035498
0.035474
0.035449
0.035425
0.0354
0.035375
0.035375
0.035375
0.035375
0.035351
0.035351
0.035326
0.035326
0.035326
0.035326
0.035351
0.035375
0.035375
0.035375
0.035375
0.035375
0.035375
0.035375
0.035351
0.035326
0.035326
0.035351
0.035375
0.0354
0.0354
0.0354
0.0354
0.035425
0.035425
0.035425
0.035425
0.035425
0.035425
0.035425
0.0354
0.035375
0.035375
0.035375
0.035375
0.035351
0.035326
0.035326
0.035326
0.035326
0.035351
0.035351
0.035375
0.0354
0.0354
0.0354
0.0354
0.0354
0.035425
0.035425
0.035425
0.0354
0.035425
0.035425
0.035449
0.035449
0.035449
0.035449
0.035474
0.035474
0.035474
0.035498
0.035498
0.035498
0.035498
0.035523
0.035523
0.035523
0.035498
0.035523
0.035523
0.035523
0.035498
0.035474
0.035474
0.035474
0.035498
0.035474
0.035474
0.035474
0.035498
0.035498
0.035498
0.035498
0.035523
0.035523
0.035548
0.035548
0.035523
0.035523
0.035498
0.035498
0.035474
0.035449
0.035449
0.035449
0.035425
0.035425
0.035375
0.035351
0.035326
0.035302
0.035302
0.035302
0.035326
0.035326
0.035302
0.035277
0.035302
0.035326
0.035326
0.035277
0.035252
0.035277
0.035326
0.035375
0.0354
0.035351
0.035252
0.035154
0.035105
0.035105
0.035154
0.035178
0.035178
0.035105
0.03508
0.03508
0.03508
0.035055
0.035055
0.035055
0.035055
0.03508
0.035105
0.035105
0.035105
0.03508
0.034957
0.034957
0.034981
0.034981
0.034981
0.034981
0.035006
0.035006
0.034981
0.034981
0.034957
0.034957
0.034957
0.034957
0.034957
0.034957
0.034981
0.035006
0.035006
0.035006
0.035006
0.035006
0.034981
0.034981
0.034981
0.034981
0.034981
0.034981
0.034957
0.034932
0.034932
0.034932
0.034932
0.034908
0.034908
0.034908
0.034908
0.034908
0.034908
0.034883
0.034908
0.034908
0.034908
0.034908
0.034932
0.034932
0.034908
0.034932
0.034957
0.034981
0.034981
0.034981
0.034981
0.034981
0.035006
0.035006
0.035031
0.035031
0.035055
0.03508
0.035105
0.035105
0.035105
0.035105
0.035129
0.035129
0.035129
0.035129
0.035129
0.035105
0.03508
0.035055
0.035031
0.035006
0.034981
0.034957
0.034957
0.034932
0.034957
0.034957
0.034981
0.035006
0.035006
0.035006
0.035006
0.035006
0.035031
0.035006
0.035006
0.035006
0.035006
0.035006
0.035006
0.035006
0.034981
0.034981
0.035006
0.035006
0.035006
0.035006
0.035006
0.035031
0.035031
0.035006
0.035006
0.035006
0.035006
0.034981
0.034957
0.034932
0.034957
0.034957
0.034957
0.034932
0.034932
0.034932
0.034932
0.034957
0.034957
0.034957
0.034932
0.034932
0.034932
0.034932
0.034932
0.034932
0.034957
0.034957
0.034981
0.034957
0.034957
0.034957
0.034957
0.034957
0.034957
0.034932
0.034957
0.034957
0.034957
0.034932
0.034932
0.034932
0.034932
0.034908
0.034883
0.034883
0.034883
0.034883
0.034883
0.034883
0.034883
0.034883
0.034908
0.034908
0.034908
0.034908
0.034908
0.034908
0.034908
0.034908
0.034932
0.034908
0.034908
0.034908
0.034932
0.034932
0.034932
0.034932
0.034957
0.034981
0.034981
0.034981
0.034981
0.034957
0.034981
0.034981
0.034957
0.034932
0.034908
0.034908
0.034908
0.034883
0.034883
0.034883
0.034883
0.034883
0.034883
0.034883
0.034883
0.034883
0.034883
0.034858
0.034858
0.034883
0.034883
0.034908
0.034908
0.034908
0.034908
0.034908
0.034809
0.034809
0.034809
0.034785
0.034711
0.034711
0.034735
0.034735
0.034686
0.034637
0.034637
0.034661
0.034735
0.034785
0.034735
0.034637
0.034563
0.034489
0.034489
0.034514
0.034563
0.034588
0.034588
0.034538
0.034514
0.034514
0.034538
0.034538
0.034538
0.034514
0.034514
0.034538
0.034538
0.034538
0.034514
0.034489
0.03444
0.034415
0.034366
0.034366
0.034415
0.03444
0.034465
0.034489
0.034489
0.034465
0.034465
0.034465
0.034489
0.034489
0.034489
0.034489
0.034489
0.034514
0.034514
0.034489
0.034489
0.034465
0.034465
0.034465
0.034465
0.03444
0.034465
0.034465
0.034489
0.034489
0.034465
0.034465
0.034489
0.034489
0.034465
0.034465
0.03444
0.03444
0.03444
0.03444
0.03444
0.03444
0.034465
0.034465
0.034489
0.034514
0.034489
0.034489
0.034489
0.034514
0.034538
0.034538
0.034538
0.034538
0.034563
0.034588
0.034637
0.034661
0.034686
0.034711
0.034735
0.034711
0.034686
0.034661
0.034686
0.034711
0.034711
0.034711
0.034711
0.034686
0.034637
0.034612
0.034538
0.034514
0.034514
0.034489
0.034489
0.034465
0.034465
0.034489
0.034514
0.034538
0.034563
0.034588
0.034661
0.034661
0.034686
0.034686
0.034686
0.034661
0.034637
0.034637
0.034637
0.034612
0.034588
0.034563
0.034563
0.034563
0.034563
0.034538
0.034514
0.034514
0.034514
0.034514
0.034538
0.034538
0.034563
0.034563
0.034588
0.034588
0.034588
0.034612
0.034612
0.034612
0.034588
0.034588
0.034588
0.034588
0.034588
0.034563
0.034538
0.034514
0.034514
0.034514
0.034465
0.034465
0.03444
0.034465
0.034465
0.03444
0.03444
0.034415
0.03444
0.03444
0.034465
0.03444
0.03444
0.03444
0.03444
0.03444
0.034465
0.03444
0.034465
0.034465
0.034489
0.034465
0.034465
0.034489
0.034489
0.034489
0.034489
0.034465
0.034465
0.034465
0.03444
0.03444
0.034415
0.034415
0.034391
0.034391
0.034391
0.034415
0.034415
0.03444
0.03444
0.03444
0.034415
0.034415
0.034391
0.034391
0.034391
0.034391
0.034366
0.034366
0.034366
0.034391
0.034391
0.034391
0.034391
0.034415
0.034415
0.034415
0.034415
0.034391
0.034391
0.034391
0.034415
0.034391
0.034391
0.034391
0.034415
0.034415
0.034415
0.034415
0.034415
0.034415
0.034415
0.034391
0.034341
0.034341
0.034317
0.034341
0.034341
0.034341
0.034341
0.034317
0.034292
0.034292
0.034317
0.034415
0.034465
0.034489
0.03444
0.034366
0.034292
0.034268
0.034268
0.034317
0.034341
0.034317
0.034292
0.034292
0.034292
0.034292
0.034292
0.034268
0.034292
0.034292
0.034292
0.034317
0.034317
0.034317
0.034292
0.034243
0.034194
0.034169
0.034144
0.034144
0.034169
0.034194
0.034218
0.034243
0.034243
0.034268
0.034268
0.034268
0.034268
0.034243
0.034268
0.034268
0.034317
0.034317
0.034341
0.034341
0.034341
0.034341
0.034317
0.034292
0.034292
0.034268
0.034268
0.034268
0.034243
0.034218
0.034218
0.034194
0.034169
0.034144
0.03412
0.03412
0.03412
0.034095
0.034095
0.034095
0.034095
0.03412
0.034095
0.034095
0.034095
0.034095
0.03412
0.03412
0.03412
0.03412
0.034218
0.034218
0.034243
0.034268
0.034268
0.034292
0.034292
0.034292
0.034292
0.034292
0.034268
0.034243
0.034243
0.034268
0.034243
0.034243
0.034218
0.034218
0.034218
0.034194
0.034144
0.034144
0.03412
0.034095
0.034071
0.034046
0.034046
0.034071
0.034095
0.034095
0.03412
0.034144
0.034169
0.034194
0.034194
0.034218
0.034218
0.034243
0.034243
0.034243
0.034243
0.034243
0.034243
0.034218
0.034218
0.034194
0.034169
0.034169
0.034169
0.034169
0.034169
0.034169
0.034169
0.034169
0.034194
0.034194
0.034194
0.034194
0.034194
0.034218
0.034243
0.034243
0.034243
0.034218
0.034218
0.034218
0.034218
0.034194
0.034169
0.034169
0.034169
0.034169
0.034144
0.034144
0.034144
0.034169
0.034144
0.034144
0.034144
0.034144
0.034144
0.034169
0.034169
0.034194
0.034169
0.034169
0.034169
0.034194
0.034169
0.034144
0.034144
0.034144
0.034144
0.034144
0.03412
0.03412
0.03412
0.034144
0.034144
0.034144
0.034144
0.034144
0.034144
0.034144
0.034144
0.034144
0.034144
0.034169
0.034169
0.034169
0.034194
0.034194
0.034194
0.034194
0.034194
0.034194
0.034218
0.034218
0.034218
0.034194
0.034169
0.034169
0.034169
0.034169
0.034169
0.034169
0.034144
0.034144
0.03412
0.03412
0.034095
0.034071
0.034071
0.034071
0.034071
0.034071
0.034071
0.034071
0.034071
0.034095
0.03412
0.03412
0.034144
0.034169
0.034194
0.034218
0.034243
0.034243
0.034243
0.034243
0.034218
0.034169
0.034144
0.034144
0.034144
0.03412
0.034046
0.034021
0.033997
0.033997
0.033923
0.033972
0.033972
0.033874
0.033775
0.033701
0.033677
0.033677
0.033701
0.033726
0.033701
0.033701
0.033677
0.033701
0.033701
0.033726
0.033726
0.033726
0.033726
0.033751
0.0338
0.033824
0.033824
0.0338
0.033775
0.033751
0.033726
0.033726
0.033701
0.033701
0.033701
0.033701
0.033677
0.033652
0.033652
0.033652
0.033628
0.033628
0.033628
0.033628
0.033677
0.033701
0.033726
0.033726
0.033701
0.033677
0.033652
0.033628
0.033603
0.033578
0.033529
0.033529
0.033529
0.033529
0.033504
0.033504
0.033529
0.033554
0.033554
0.033578
0.033603
0.033603
0.033628
0.033628
0.033628
0.033603
0.033578
0.033578
0.033578
0.033578
0.033578
0.033603
0.033603
0.033603
0.033603
0.033628
0.033652
0.033677
0.033677
0.033677
0.033677
0.033677
0.033677
0.033701
0.033726
0.033701
0.033677
0.033652
0.033652
0.033677
0.033701
0.033701
0.033677
0.033677
0.033652
0.033628
0.033578
0.033529
0.033504
0.033504
0.033504
0.033504
0.033504
0.033529
0.033554
0.033578
0.033578
0.033578
0.033603
0.033628
0.033652
0.033652
0.033628
0.033628
0.033652
0.033628
0.033603
0.033603
0.033578
0.033578
0.033603
0.033603
0.033603
0.033603
0.033603
0.033603
0.033603
0.033628
0.033603
0.033578
0.033578
0.033578
0.033578
0.033578
0.033554
0.033554
0.033554
0.033554
0.033554
0.033529
0.033504
0.033504
0.033504
0.033504
0.03348
0.03348
0.03348
0.03348
0.03348
0.03348
0.03348
0.033504
0.033504
0.033504
0.033504
0.033529
0.033554
0.033578
0.033578
0.033578
0.033578
0.033578
0.033554
0.033578
0.033554
0.033554
0.033529
0.033504
0.033504
0.033504
0.033504
0.033504
0.033529
0.033554
0.033578
0.033578
0.033578
0.033603
0.033603
0.033628
0.033603
0.033603
0.033603
0.033603
0.033628
0.033628
0.033603
0.033603
0.033578
0.033578
0.033578
0.033578
0.033578
0.033578
0.033603
0.033603
0.033578
0.033578
0.033578
0.033603
0.033554
0.033554
0.033554
0.033529
0.033529
0.033529
0.033554
0.033529
0.033504
0.033504
0.033529
0.033529
0.033529
0.033554
0.033554
0.033554
0.033578
0.033578
0.033578
0.033578
0.033578
0.033603
0.033603
0.033603
0.033603
0.033578
0.033554
0.033529
0.033504
0.033529
0.033529
0.033504
0.03348
0.03348
0.033504
0.03348
0.033431
0.033406
0.033406
0.033431
0.033406
0.033332
0.033307
0.033307
0.033357
0.033357
0.033357
0.033332
0.033307
0.033307
0.033307
0.033283
0.033283
0.033283
0.033283
0.033307
0.033307
0.033332
0.033332
0.033307
0.033258
0.033234
0.033184
0.033184
0.03316
0.03316
0.033184
0.033209
0.033234
0.033234
0.033234
0.033209
0.033234
0.033234
0.033234
0.033234
0.033209
0.033234
0.033234
0.033234
0.033307
0.033307
0.033283
0.033283
0.033258
0.033258
0.033234
0.033209
0.033184
0.033184
0.03316
0.033135
0.033111
0.033111
0.033111
0.033086
0.033086
0.033061
0.033086
0.033086
0.033086
0.033086
0.033111
0.033135
0.03316
0.033184
0.033184
0.033209
0.033209
0.033258
0.033258
0.033258
0.033258
0.033258
0.033283
0.033283
0.033283
0.033283
0.033283
0.033283
0.033283
0.033283
0.033307
0.033307
0.033307
0.033307
0.033307
0.033283
0.033258
0.033234
0.033209
0.033209
0.033184
0.03316
0.033135
0.033135
0.033135
0.03316
0.03316
0.03316
0.033184
0.033209
0.033234
0.033234
0.033258
0.033283
0.033283
0.033307
0.033283
0.033283
0.033283
0.033283
0.033307
0.033283
0.033283
0.033283
0.033283
0.033258
0.033234
0.033234
0.033209
0.033209
0.033184
0.033209
0.033209
0.033209
0.033209
0.033234
0.033258
0.033258
0.033234
0.033234
0.033234
0.033234
0.033209
0.033184
0.03316
0.033135
0.033135
0.033111
0.033086
0.033086
0.033086
0.033086
0.033086
0.033086
0.033061
0.033061
0.033086
0.033061
0.033061
0.033037
0.033037
0.033037
0.033037
0.033012
0.033012
0.033012
0.033012
0.033012
0.033037
0.033037
0.033037
0.033037
0.033037
0.033061
0.033061
0.033061
0.033061
0.033061
0.033061
0.033061
0.033037
0.033037
0.033061
0.033061
0.033086
0.033086
0.033061
0.033086
0.033086
0.033111
0.033086
0.033086
0.033086
0.033111
0.033135
0.033135
0.033111
0.033111
0.033111
0.033111
0.033086
0.033086
0.033086
0.033086
0.033111
0.033111
0.033086
0.033086
0.033061
0.033061
0.033061
0.033061
0.033037
0.033037
0.033037
0.033037
0.033037
0.033037
0.033037
0.033037
0.033037
0.033037
0.033061
0.033061
0.033061
0.033061
0.033086
0.033061
0.033037
0.033037
0.033012
0.032987
0.032963
0.032938
0.032938
0.032914
0.032864
0.03284
0.03284
0.032864
0.032815
0.032791
0.032791
0.03284
0.032914
0.033012
0.033012
0.032938
0.032864
0.032864
0.03284
0.03284
0.03284
0.03284
0.032815
0.032791
0.032766
0.032766
0.032791
0.032791
0.032815
0.032815
0.032791
0.032741
0.032667
0.032618
0.032594
0.032594
0.032594
0.032594
0.032594
0.032643
0.032667
0.032643
0.032643
0.032643
0.032643
0.032643
0.032643
0.032643
0.032667
0.032667
0.032692
0.032692
0.032692
0.032692
0.032692
0.032692
