2018
7
9
14
46
19.547
0.090617
0.090617
0.090617
0.090617
0.090642
0.090642
0.090642
0.090642
0.090642
0.090642
0.090642
0.090642
0.090642
0.090617
0.090617
0.090617
0.090617
0.090592
0.090592
0.090568
0.090568
0.090568
0.090543
0.090543
0.090543
0.090543
0.090543
0.090543
0.090543
0.090543
0.090543
0.090568
0.090568
0.090568
0.090568
0.090568
0.090568
0.090543
0.090543
0.090519
0.090494
0.090494
0.090494
0.090494
0.090494
0.090494
0.090494
0.090519
0.090519
0.090519
0.090519
0.090494
0.090494
0.090494
0.090494
0.090494
0.090469
0.090469
0.090469
0.090469
0.090469
0.090469
0.090469
0.090469
0.090469
0.090469
0.090445
0.090469
0.090469
0.090469
0.090445
0.090445
0.090445
0.09042
0.09042
0.090396
0.090396
0.090371
0.090396
0.090371
0.090371
0.090371
0.090346
0.090346
0.090346
0.090346
0.090346
0.090346
0.090346
0.090346
0.090346
0.090346
0.090346
0.090322
0.090322
0.090322
0.090322
0.090322
0.090322
0.090322
0.090322
0.090322
0.090297
0.090272
0.090272
0.090272
0.090272
0.090248
0.090248
0.090248
0.090248
0.090248
0.090223
0.090223
0.090223
0.090223
0.090223
0.090199
0.090199
0.090199
0.090199
0.090199
0.090199
0.090199
0.090199
0.090174
0.090174
0.090174
0.090149
0.090149
0.090149
0.090174
0.090174
0.090199
0.090248
0.090272
0.090272
0.090272
0.090223
0.090174
0.0901
0.090026
0.089977
0.089952
0.089977
0.089977
0.090002
0.090026
0.090026
0.090026
0.090026
0.090026
0.090002
0.090002
0.090002
0.089977
0.089977
0.090002
0.090026
0.090051
0.090051
0.090026
0.090026
0.090002
0.090002
0.090002
0.089977
0.089977
0.089977
0.089977
0.089977
0.089977
0.089952
0.089928
0.089928
0.089903
0.089879
0.089879
0.089854
0.089854
0.089854
0.089829
0.089829
0.089829
0.089829
0.089829
0.089829
0.089829
0.089829
0.089829
0.089854
0.089854
0.089903
0.089903
0.089879
0.089879
0.089854
0.089829
0.089829
0.089829
0.089854
0.089854
0.089829
0.089829
0.089829
0.089829
0.089829
0.089805
0.08978
0.08978
0.08978
0.089755
0.089731
0.089731
0.089706
0.089706
0.089706
0.089706
0.089706
0.089731
0.089706
0.089706
0.089706
0.089682
0.089682
0.089657
0.089657
0.089657
0.089632
0.089608
0.089608
0.089608
0.089608
0.089583
0.089583
0.089583
0.089608
0.089608
0.089608
0.089632
0.089632
0.089632
0.089632
0.089608
0.089608
0.089583
0.089583
0.089583
0.089583
0.089559
0.089534
0.089534
0.089534
0.089509
0.089509
0.089485
0.089485
0.08946
0.08946
0.089435
0.089435
0.089435
0.089435
0.089411
0.089411
0.089386
0.089386
0.089386
0.089362
0.089362
0.089362
0.089362
0.089362
0.089362
0.089362
0.089362
0.089362
0.089337
0.089337
0.089312
0.089312
0.089288
0.089288
0.089263
0.089263
0.089263
0.089263
0.089238
0.089238
0.089238
0.089238
0.089238
0.089214
0.089214
0.089214
0.089214
0.089189
0.089189
0.089189
0.089189
0.089189
0.089165
0.089165
0.089165
0.089165
0.089165
0.08914
0.08914
0.08914
0.08914
0.08914
0.08914
0.08914
0.08914
0.08914
0.089115
0.089115
0.089115
0.089115
0.089115
0.089115
0.089115
0.089091
0.089066
0.089091
0.089091
0.089066
0.089066
0.089066
0.089066
0.089066
0.089042
0.089042
0.089042
0.089017
0.089017
0.089017
0.089017
0.089017
0.089017
0.089017
0.089017
0.088992
0.088992
0.088992
0.088992
0.088992
0.088968
0.088968
0.088968
0.088968
0.088943
0.088968
0.088968
0.088992
0.089042
0.089066
0.089091
0.089066
0.089042
0.08882
0.088795
0.088795
0.08882
0.08882
0.08882
0.088845
0.088845
0.088845
0.08882
0.08882
0.08882
0.088795
0.088795
0.08882
0.08882
0.088869
0.088894
0.088894
0.088894
0.088894
0.088918
0.088918
0.088894
0.088894
0.088869
0.088869
0.088869
0.088845
0.088845
0.08882
0.08882
0.08882
0.088795
0.088771
0.088771
0.088746
0.088746
0.088746
0.088722
0.088722
0.088722
0.088722
0.088722
0.088722
0.088722
0.088722
0.088722
0.088722
0.088722
0.088722
0.088722
0.088722
0.088722
0.088722
0.088722
0.088722
0.088722
0.088722
0.088746
0.088746
0.088722
0.088722
0.088722
0.088722
0.088722
0.088697
0.088697
0.088697
0.088672
0.088672
0.088648
0.088623
0.088623
0.088598
0.088598
0.088598
0.088598
0.088598
0.088623
0.088598
0.088598
0.088598
0.088574
0.088574
0.088574
0.088549
0.088549
0.088525
0.0885
0.0885
0.088525
0.088525
0.0885
0.0885
0.0885
0.088525
0.088525
0.088525
0.088525
0.088549
0.088549
0.088574
0.088574
0.088574
0.088574
0.088574
0.088549
0.088549
0.088525
0.088525
0.088525
0.0885
0.088475
0.088475
0.088451
0.088451
0.088451
0.088451
0.088426
0.088426
0.088426
0.088426
0.088426
0.088426
0.088426
0.088401
0.088401
0.088401
0.088401
0.088401
0.088377
0.088377
0.088401
0.088377
0.088377
0.088377
0.088377
0.088377
0.088377
0.088377
0.088377
0.088377
0.088377
0.088377
0.088377
0.088352
0.088352
0.088352
0.088352
0.088352
0.088328
0.088328
0.088328
0.088328
0.088328
0.088303
0.088303
0.088328
0.088328
0.088303
0.088303
0.088303
0.088278
0.088278
0.088303
0.088303
0.088278
0.088278
0.088278
0.088278
0.088278
0.088278
0.088254
0.088254
0.088254
0.088254
0.088254
0.088254
0.088254
0.088254
0.088254
0.088254
0.088254
0.088254
0.088254
0.088254
0.088254
0.088254
0.088229
0.088229
0.088229
0.088229
0.088205
0.088205
0.088205
0.088205
0.088205
0.08818
0.08818
0.08818
0.08818
0.08818
0.088155
0.088155
0.088155
0.088155
0.088155
0.088155
0.088155
0.088155
0.088131
0.088131
0.088131
0.088106
0.088106
0.088131
0.088131
0.088155
0.088205
0.088229
0.088254
0.088229
0.088205
0.088131
0.088081
0.088008
0.087983
0.087958
0.087958
0.087983
0.087983
0.087983
0.087983
0.087983
0.087983
0.087983
0.087983
0.087958
0.087934
0.088008
0.088032
0.088032
0.088057
0.088057
0.088057
0.088057
0.088057
0.088032
0.088032
0.088032
0.088008
0.088008
0.088008
0.088008
0.087983
0.087983
0.087958
0.087958
0.087934
0.087909
0.087885
0.08786
0.087835
0.087835
0.087811
0.087811
0.087786
0.087786
0.087786
0.087786
0.087786
0.087786
0.087786
0.087786
0.087786
0.087786
0.087786
0.087786
0.087786
0.087786
0.087786
0.087786
0.087761
0.087761
0.087761
0.087761
0.087737
0.087737
0.087737
0.087737
0.087737
0.087737
0.087712
0.087737
0.087737
0.087737
0.087712
0.087688
0.087688
0.087688
0.087663
0.087663
0.087663
0.087638
0.087638
0.087638
0.087638
0.087614
0.087614
0.087614
0.087614
0.087589
0.087565
0.087565
0.08754
0.08754
0.08754
0.08754
0.08754
0.08754
0.087565
0.087565
0.087589
0.087589
0.087589
0.087589
0.087614
0.087614
0.087614
0.087614
0.087614
0.087614
0.087589
0.087589
0.087565
0.087565
0.087565
0.087565
0.087565
0.08754
0.087565
0.087565
0.08754
0.08754
0.087515
0.08754
0.08754
0.08754
0.087515
0.087515
0.087515
0.087515
0.087515
0.087515
0.087515
0.087515
0.087515
0.087515
0.087515
0.087491
0.087491
0.087491
0.087491
0.087491
0.087466
0.087466
0.087466
0.087466
0.087466
0.087466
0.087466
0.087466
0.087466
0.087466
0.087491
0.087466
0.087466
0.087466
0.087466
0.087466
0.087466
0.087466
0.087466
0.087466
0.087466
0.087441
0.087441
0.087441
0.087441
0.087441
0.087417
0.087417
0.087417
0.087417
0.087417
0.087417
0.087417
0.087417
0.087441
0.087417
0.087417
0.087417
0.087392
0.087392
0.087392
0.087392
0.087392
0.087392
0.087392
0.087392
0.087392
0.087392
0.087392
0.087392
0.087368
0.087368
0.087368
0.087368
0.087368
0.087343
0.087368
0.087343
0.087343
0.087343
0.087343
0.087343
0.087343
0.087318
0.087294
0.087294
0.087294
0.087294
0.087294
0.087294
0.087294
0.087318
0.087318
0.087294
0.087294
0.087269
0.087269
0.087294
0.087294
0.087318
0.087368
0.087392
0.087441
0.087417
0.087392
0.087343
0.087269
0.087195
0.087171
0.087146
0.087146
0.087171
0.087195
0.08722
0.08722
0.08722
0.08722
0.08722
0.08722
0.087195
0.087195
0.087171
0.087171
0.087195
0.08722
0.087244
0.087244
0.087269
0.087269
0.087269
0.087269
0.087269
0.087269
0.087269
0.087269
0.087269
0.087269
0.087244
0.08722
0.08722
0.08722
0.08722
0.087244
0.087195
0.087195
0.087195
0.087171
0.087171
0.087146
0.087146
0.087146
0.087146
0.087146
0.087146
0.087146
0.087146
0.087146
0.087146
0.087146
0.087146
0.087146
0.087146
0.087146
0.087121
0.087121
0.087121
0.087097
0.087097
0.087072
0.087072
0.087072
0.087072
0.087048
0.087048
0.087048
0.087023
0.087023
0.087023
0.086998
0.086998
0.086974
0.086974
0.086974
0.086974
0.086974
0.086949
0.086949
0.086949
0.086949
0.086949
0.086949
0.086924
0.086924
0.086924
0.0869
0.0869
0.086875
0.086851
0.086851
0.086851
0.086851
0.086851
0.086826
0.086826
0.086826
0.086826
0.086826
0.086826
0.086826
0.086826
0.086826
0.086826
0.086851
0.086851
0.086875
0.086851
0.086851
0.086826
0.086826
0.086826
0.086826
0.086801
0.086801
0.086777
0.086801
0.086801
0.086801
0.086801
0.086801
0.086801
0.086801
0.086777
0.086777
0.086777
0.086777
0.086752
0.086752
0.086752
0.086777
0.086777
0.086777
0.086777
0.086752
0.086752
0.086777
0.086777
0.086777
0.086777
0.086777
0.086777
0.086777
0.086777
0.086752
0.086752
0.086752
0.086752
0.086777
0.086777
0.086752
0.086752
0.086752
0.086752
0.086752
0.086752
0.086728
0.086728
0.086728
0.086703
0.086703
0.086678
0.086678
0.086678
0.086678
0.086678
0.086678
0.086678
0.086678
0.086678
0.086678
0.086678
0.086678
0.086703
0.086678
0.086678
0.086678
0.086654
0.086654
0.086654
0.086654
0.086654
0.086654
0.086654
0.086654
0.086654
0.086629
0.086654
0.086654
0.086654
0.086654
0.086654
0.086629
0.086629
0.086629
0.086629
0.086629
0.086604
0.086604
0.086629
0.086629
0.086629
0.086629
0.086629
0.086629
0.086629
0.086629
0.086604
0.086604
0.086604
0.086604
0.086604
0.086604
0.086604
0.086604
0.086604
0.08658
0.08658
0.08658
0.08658
0.08658
0.08658
0.086604
0.086604
0.086654
0.086703
0.086728
0.086531
0.086457
0.086432
0.086432
0.086432
0.086457
0.086481
0.086457
0.086481
0.086481
0.086506
0.086481
0.086481
0.086457
0.086457
0.086457
0.086457
0.086481
0.086531
0.086555
0.08658
0.08658
0.08658
0.08658
0.086555
0.086555
0.086555
0.086555
0.086555
0.086555
0.086555
0.086555
0.086555
0.086555
0.086555
0.086555
0.086555
0.086531
0.086531
0.086531
0.086481
0.086481
0.086481
0.086481
0.086481
0.086481
0.086481
0.086481
0.086481
0.086481
0.086481
0.086481
0.086481
0.086481
0.086506
0.086506
0.086506
0.086481
0.086481
0.086457
0.086481
0.086506
0.086481
0.086457
0.086432
0.086432
0.086432
0.086432
0.086432
0.086432
0.086432
0.086432
0.086407
0.086407
0.086383
0.086383
0.086383
0.086358
0.086334
0.086334
0.086284
0.08626
0.08626
0.086235
0.086235
0.086235
0.086235
0.086235
0.086235
0.086211
0.086186
0.086186
0.086186
0.086186
0.086211
0.086211
0.086186
0.086186
0.086211
0.086211
0.086211
0.086235
0.086235
0.086235
0.086211
0.086211
0.086211
0.086211
0.086211
0.086211
0.086186
0.086186
0.086161
0.086161
0.086137
0.086112
0.086112
0.086087
0.086087
0.086087
0.086087
0.086087
0.086063
0.086063
0.086063
0.086063
0.086063
0.086038
0.086038
0.086038
0.086038
0.086014
0.086014
0.086014
0.086014
0.086014
0.086014
0.085989
0.085989
0.085989
0.085989
0.085964
0.085964
0.085964
0.085964
0.085964
0.085964
0.08594
0.08594
0.08594
0.08594
0.085915
0.085915
0.085891
0.085891
0.085891
0.085891
0.085866
0.085866
0.085866
0.085817
0.085817
0.085817
0.085792
0.085792
0.085792
0.085767
0.085767
0.085767
0.085743
0.085743
0.085743
0.085718
0.085718
0.085718
0.085718
0.085718
0.085718
0.085743
0.085718
0.085718
0.085718
0.085718
0.085718
0.085718
0.085694
0.085694
0.085694
0.085694
0.085669
0.085669
0.085669
0.085669
0.085669
0.085669
0.085644
0.085644
0.08562
0.08562
0.08562
0.085595
0.085595
0.085595
0.085595
0.085595
0.085595
0.08557
0.08557
0.08557
0.08557
0.085546
0.085546
0.085546
0.085546
0.085546
0.085546
0.08557
0.085595
0.08562
0.085644
0.085644
0.08562
0.085595
0.085546
0.085472
0.085423
0.085374
0.085349
0.085349
0.085374
0.085398
0.085398
0.085423
0.085423
0.085423
0.085447
0.085447
0.085423
0.085423
0.085423
0.085447
0.085447
0.085472
0.085447
0.085447
0.085423
0.085423
0.085398
0.085398
0.085374
0.085374
0.085374
0.085398
0.085374
0.085374
0.085374
0.085374
0.085349
0.085349
0.085349
0.085324
0.085324
0.085324
0.085324
0.085324
0.0853
0.085324
0.085324
0.085324
0.085324
0.085324
0.085324
0.085349
0.085349
0.085349
0.085349
0.085349
0.085349
0.085349
0.085349
0.085349
0.085324
0.085324
0.085324
0.085324
0.085324
0.085324
0.0853
0.0853
0.0853
0.0853
0.085275
0.08525
0.08525
0.08525
0.08525
0.08525
0.08525
0.08525
0.08525
0.085226
0.085226
0.085226
0.085226
0.085226
0.085226
0.085226
0.085201
0.085201
0.085201
0.085201
0.085177
0.085177
0.085152
0.085152
0.085152
0.085127
0.085127
0.085127
0.085127
0.085127
0.085127
0.085127
0.085127
0.085127
0.085127
0.085127
0.085127
0.085103
0.085103
0.085103
0.085103
0.085078
0.085078
0.085078
0.085078
0.085078
0.085078
0.085078
0.085054
0.085054
0.085054
0.085054
0.085029
0.085029
0.085029
0.085029
0.085029
0.085029
0.085029
0.085029
0.085029
0.085029
0.085029
0.085004
0.085004
0.085004
0.085004
0.08498
0.08498
0.08498
0.08498
0.08498
0.08498
0.08498
0.08498
0.084955
0.084955
0.084955
0.084955
0.08493
0.08493
0.08493
0.08493
0.08493
0.08493
0.08493
0.08493
0.08493
0.08493
0.084906
0.084906
0.084906
0.084906
0.084906
0.084881
0.084881
0.084857
0.084857
0.084857
0.084832
0.084832
0.084832
0.084832
0.084807
0.084807
0.084807
0.084807
0.084807
0.084807
0.084832
0.084832
0.084832
0.084807
0.084807
0.084807
0.084783
0.084758
0.084758
0.084783
0.084758
0.084758
0.084733
0.084733
0.084758
0.084758
0.084733
0.084733
0.084733
0.084733
0.084733
0.084709
0.084709
0.084709
0.084709
0.084709
0.084684
0.084684
0.084684
0.084684
0.08466
0.08466
0.08466
0.08466
0.08466
0.084684
0.084709
0.084733
0.084758
0.084783
0.084512
0.084487
0.084487
0.084487
0.084512
0.084537
0.084537
0.084537
0.084537
0.084561
0.084537
0.084537
0.084537
0.084537
0.084537
0.084561
0.084586
0.084586
0.08461
0.08461
0.08461
0.08461
0.084586
0.084586
0.084586
0.084586
0.084561
0.084561
0.084537
0.084537
0.084561
0.084561
0.084537
0.084537
0.084512
0.084512
0.084512
0.084487
0.084463
0.084463
0.084438
0.084438
0.084438
0.084438
0.084438
0.084413
0.084413
0.084413
0.084438
0.084413
0.084438
0.084438
0.084438
0.084463
0.084463
0.084463
0.084463
0.084463
0.084463
0.084463
0.084463
0.084438
0.084438
0.084438
0.084438
0.084413
0.084413
0.084413
0.084389
0.084389
0.084364
0.084364
0.084364
0.08434
0.08434
0.084315
0.084315
0.084315
0.084315
0.08429
0.084266
0.084266
0.084241
0.084241
0.084241
0.084241
0.084217
0.084192
0.084192
0.084167
0.084143
0.084143
0.084167
0.084167
0.084167
0.084167
0.084143
0.084143
0.084143
0.084167
0.084167
0.084143
0.084143
0.084143
0.084167
0.084167
0.084167
0.084167
0.084143
0.084143
0.084143
0.084143
0.084118
0.084093
0.084093
0.084118
0.084093
0.084093
0.084093
0.084093
0.084069
0.084069
0.084069
0.084069
0.084069
0.084044
0.084044
0.084044
0.084044
0.084044
0.08402
0.08402
0.08402
0.08402
0.083995
0.083995
0.08397
0.08397
0.08397
0.08397
0.08397
0.08397
0.08397
0.08397
0.083946
0.083946
0.083946
0.083946
0.083946
0.083921
0.083921
0.083921
0.083921
0.083921
0.083921
0.083921
0.083921
0.083921
0.083921
0.083921
0.083921
0.083896
0.083896
0.083872
0.083872
0.083847
0.083847
0.083847
0.083847
0.083847
0.083823
0.083823
0.083798
0.083823
0.083823
0.083823
0.083798
0.083798
0.083823
0.083823
0.083823
0.083798
0.083798
0.083773
0.083773
0.083749
0.083724
0.083724
0.083724
0.083724
0.083724
0.083724
0.083724
0.083724
0.083724
0.083724
0.0837
0.0837
0.0837
0.0837
0.083675
0.083675
0.083675
0.083675
0.08365
0.08365
0.083675
0.08365
0.08365
0.08365
0.08365
0.08365
0.08365
0.08365
0.0837
0.083724
0.083773
0.083773
0.083749
0.0837
0.08365
0.083576
0.083527
0.083478
0.083453
0.083478
0.083503
0.083527
0.083527
0.083527
0.083527
0.083552
0.083552
0.083527
0.083503
0.083503
0.083527
0.083527
0.083527
0.083552
0.083576
0.083576
0.083576
0.083576
0.083576
0.083552
0.083552
0.083552
0.083552
0.083552
0.083552
0.083552
0.083552
0.083552
0.083527
0.083527
0.083503
0.083527
0.083527
0.083527
0.083527
0.083503
0.083478
0.083478
0.083478
0.083478
0.083453
0.083453
0.083453
0.083453
0.083429
0.083429
0.083429
0.083429
0.083429
0.083429
0.083429
0.083429
0.083453
0.083453
0.083453
0.083453
0.083453
0.083429
0.083429
0.083429
0.083429
0.083404
0.083404
0.083404
0.083404
0.08338
0.08338
0.08338
0.08338
0.08338
0.08338
0.083355
0.083355
0.083355
0.083355
0.083355
0.083355
0.083355
0.083355
0.083355
0.083355
0.08333
0.08333
0.08333
0.083306
0.083306
0.083256
0.083256
0.083256
0.083281
0.083281
0.083256
0.083256
0.083256
0.083256
0.083281
0.083281
0.083281
0.083281
0.083281
0.083281
0.083306
0.083306
0.083306
0.083281
0.083281
0.083281
0.083256
0.083232
0.083232
0.083232
0.083232
0.083232
0.083207
0.083207
0.083207
0.083207
0.083207
0.083207
0.083207
0.083207
0.083207
0.083207
0.083207
0.083183
0.083183
0.083183
0.083183
0.083183
0.083183
0.083183
0.083183
0.083158
0.083158
0.083133
0.083133
0.083133
0.083133
0.083109
0.083109
0.083109
0.083109
0.083109
0.083109
0.083109
0.083084
0.083084
0.083084
0.083084
0.083059
0.083059
0.083035
0.083035
0.083035
0.083035
0.08301
0.08301
0.082986
0.082986
0.082986
0.082961
0.082936
0.082936
0.082912
0.082912
0.082887
0.082887
0.082863
0.082863
0.082863
0.082838
0.082838
0.082838
0.082838
0.082813
0.082813
0.082813
0.082813
0.082813
0.082789
0.082789
0.082764
0.082764
0.082764
0.082739
0.082739
0.082739
0.082715
0.082739
0.082739
0.082739
0.082715
0.082715
0.082715
0.082715
0.082715
0.08269
0.08269
0.08269
0.08269
0.08269
0.082666
0.082666
0.082666
0.08269
0.08269
0.08269
0.08269
0.08269
0.08269
0.08269
0.082666
0.082666
0.082666
0.082715
0.082764
0.082789
0.082789
0.082739
0.08269
0.082641
0.082567
0.082518
0.082493
0.082518
0.082543
0.082567
0.082592
0.082592
0.082592
0.082592
0.082616
0.082616
0.082592
0.082567
0.082567
0.082592
0.082592
0.082616
0.082616
0.082641
0.082666
0.082666
0.082666
0.082666
0.082666
0.082641
0.082666
0.082666
0.082641
0.082641
0.082666
0.082666
0.082666
0.082641
0.082616
0.082616
0.082616
0.082616
0.082616
0.082592
0.082592
0.082592
0.082592
0.082592
0.082592
0.082592
0.082592
0.082592
0.082592
0.082592
0.082592
0.082592
0.082592
0.082592
0.082592
0.082616
0.082616
0.082616
0.082616
0.082616
0.082616
0.082616
0.082616
0.082616
0.082616
0.082592
0.082592
0.082592
0.082592
0.082592
0.082592
0.082592
0.082592
0.082567
0.082567
0.082567
0.082543
0.082543
0.082543
0.082543
0.082543
0.082543
0.082543
0.082543
0.082518
0.082518
0.082518
0.082493
0.082493
0.082493
0.082469
0.082469
0.082469
0.082493
0.082493
0.082493
0.082493
0.082493
0.082493
0.082493
0.082518
0.082518
0.082518
0.082518
0.082518
0.082518
0.082518
0.082493
0.082493
0.082493
0.082493
0.082469
0.082469
0.082419
0.082419
0.082419
0.082419
0.082395
0.082395
0.082395
0.082395
0.082395
0.082395
0.08237
0.08237
0.08237
0.08237
0.08237
0.082346
0.082346
0.082346
0.082346
0.082346
0.082346
0.082346
0.08237
0.08237
0.08237
0.082346
0.082346
0.082346
0.082346
0.082346
0.082321
0.082321
0.082321
0.082321
0.082296
0.082296
0.082296
0.082296
0.082296
0.082296
0.082296
0.082272
0.082272
0.082272
0.082272
0.082272
0.082247
0.082247
0.082223
0.082223
0.082223
0.082198
0.082198
0.082198
0.082173
0.082173
0.082173
0.082173
0.082198
0.082198
0.082198
0.082198
0.082198
0.082198
0.082198
0.082198
0.082198
0.082198
0.082198
0.082223
0.082198
0.082198
0.082198
0.082198
0.082198
0.082198
0.082173
0.082173
0.082173
0.082173
0.082149
0.082149
0.082149
0.082149
0.082149
0.082149
0.082149
0.082149
0.082149
0.082124
0.082149
0.082149
0.082149
0.082149
0.082124
0.082124
0.082124
0.082124
0.082099
0.082075
0.082075
0.082075
0.082075
0.082075
0.082099
0.082124
0.082149
0.082198
0.082198
0.082149
0.082124
0.08205
0.082001
0.081927
0.081878
0.081878
0.081902
0.081927
0.081927
0.081952
0.081976
0.081976
0.081976
0.081976
0.081976
0.082001
0.082001
0.082026
0.082026
0.082026
0.082001
0.082001
0.082001
0.081976
0.081976
0.081952
0.081952
0.081952
0.081976
0.081976
0.081952
0.081952
0.081952
0.081952
0.081952
0.081927
0.081927
0.081902
0.081902
0.081902
0.081902
0.081902
0.081902
0.081902
0.081902
0.081902
0.081902
0.081927
0.081927
0.081902
0.081902
0.081902
0.081902
0.081902
0.081902
0.081902
0.081902
0.081902
0.081902
0.081927
0.081927
0.081927
0.081902
0.081902
0.081902
0.081902
0.081878
0.081878
0.081878
0.081878
0.081853
0.081853
0.081829
0.081829
0.081829
0.081804
0.081804
0.081804
0.081779
0.081779
0.081779
0.081755
0.081755
0.081755
0.081755
0.08173
0.08173
0.08173
0.08173
0.081706
0.08173
0.08173
0.08173
0.081706
0.08173
0.081755
0.081755
0.081755
0.08173
0.08173
0.08173
0.08173
0.08173
0.08173
0.08173
0.08173
0.08173
0.081706
0.081706
0.081681
0.081681
0.081681
0.081681
0.081656
0.081656
0.081632
0.081632
0.081632
0.081632
0.081607
0.081582
0.081607
0.081607
0.081607
0.081582
0.081582
0.081582
0.081582
0.081582
0.081558
0.081558
0.081558
0.081533
0.081533
0.081533
0.081533
0.081509
0.081509
0.081509
0.081509
0.081509
0.081484
0.081484
0.081484
0.081484
0.081484
0.081484
0.081484
0.081484
0.081484
0.081484
0.081484
0.081484
0.081484
0.081484
0.081484
0.081459
0.081459
0.081459
0.081459
0.081435
0.081435
0.081435
0.081435
0.081435
0.08141
0.08141
0.08141
0.08141
0.08141
0.081386
0.08141
0.081386
0.081386
0.081386
0.081386
0.081386
0.081386
0.081386
0.081386
0.081361
0.081361
0.081361
0.081336
0.081336
0.081336
0.081336
0.081336
0.081312
0.081312
0.081312
0.081312
0.081287
0.081287
0.081287
0.081287
0.081287
0.081287
0.081287
0.081287
0.081287
0.081287
0.081287
0.081287
0.081287
0.081287
0.081262
0.081262
0.081238
0.081213
0.081238
0.081262
0.081287
0.081336
0.081336
0.081312
0.081287
0.081238
0.081164
0.08109
0.081041
0.081016
0.081016
0.081041
0.081065
0.081065
0.081065
0.08109
0.08109
0.08109
0.081065
0.081065
0.08109
0.08109
0.081115
0.081139
0.081164
0.081164
0.081189
0.081189
0.081164
0.081164
0.081164
0.081164
0.081139
0.081115
0.08109
0.08109
0.081065
0.081065
0.081041
0.081041
0.081016
0.081016
0.081016
0.081016
0.081016
0.081016
0.081016
0.081016
0.081016
0.081016
0.081016
0.081016
0.081016
0.081016
0.081016
0.081016
0.081016
0.081016
0.081016
0.081016
0.081016
0.081016
0.081016
0.081041
0.081016
0.081016
0.081016
0.081016
0.081016
0.081016
0.080992
0.080992
0.080992
0.080967
0.080967
0.080967
0.080967
0.080942
0.080918
0.080918
0.080918
0.080918
0.080893
0.080893
0.080893
0.080893
0.080893
0.080893
0.080893
0.080893
0.080893
0.080893
0.080893
0.080869
0.080869
0.080869
0.080869
0.080844
0.080844
0.080869
0.080869
0.080844
0.080844
0.080844
0.080844
0.080844
0.080844
0.080844
0.080844
0.080844
0.080844
0.080844
0.080844
0.080844
0.080844
0.080819
0.080819
0.080819
0.080795
0.080795
0.08077
0.08077
0.08077
0.08077
0.080745
0.080745
0.080745
0.080745
0.080745
0.080721
0.080721
0.080745
0.080745
0.080745
0.080745
0.080721
0.080721
0.080721
0.080721
0.080721
0.080721
0.080721
0.080721
0.080721
0.080721
0.080696
0.080696
0.080696
0.080696
0.080696
0.080696
0.080696
0.080696
0.080696
0.080696
0.080672
0.080672
0.080672
