2018
7
9
14
50
27.475
-0.028113
-0.028138
-0.028138
-0.028113
-0.028089
-0.028113
-0.028138
-0.028113
-0.028089
-0.028089
-0.028089
-0.028113
-0.028113
-0.028064
-0.028039
-0.028064
-0.028064
-0.028039
-0.028015
-0.028015
-0.028089
-0.028138
-0.028162
-0.028138
-0.028138
-0.028162
-0.028187
-0.028162
-0.028113
-0.028064
-0.028064
-0.028089
-0.028089
-0.028064
-0.028039
-0.028064
-0.028089
-0.028064
-0.028039
-0.028015
-0.028039
-0.028015
-0.028039
-0.028064
-0.028064
-0.028039
-0.028015
-0.028039
-0.028064
-0.028064
-0.028039
-0.028015
-0.028039
-0.028064
-0.028039
-0.028015
-0.02799
-0.02799
-0.028015
-0.02799
-0.027965
-0.027941
-0.027965
-0.02799
-0.027965
-0.027941
-0.027916
-0.027941
-0.027965
-0.027965
-0.027941
-0.027916
-0.027941
-0.027941
-0.027941
-0.027916
-0.027916
-0.027941
-0.027965
-0.027965
-0.027965
-0.027965
-0.027941
-0.027916
-0.027941
-0.027965
-0.027965
-0.027941
-0.027916
-0.027941
-0.027965
-0.027965
-0.027965
-0.027941
-0.027965
-0.02799
-0.02799
-0.027965
-0.027941
-0.027941
-0.027965
-0.02799
-0.027965
-0.027941
-0.027941
-0.027965
-0.027965
-0.027941
-0.027916
-0.027941
-0.027965
-0.027965
-0.027941
-0.027916
-0.027916
-0.027941
-0.027941
-0.027916
-0.027892
-0.027892
-0.027892
-0.027916
-0.027916
-0.027892
-0.027892
-0.027892
-0.027916
-0.027916
-0.027916
-0.027892
-0.027892
-0.027916
-0.027916
-0.027892
-0.027867
-0.027867
-0.027892
-0.027916
-0.027867
-0.027842
-0.027842
-0.027867
-0.027867
-0.027842
-0.027818
-0.027818
-0.027842
-0.027842
-0.027818
-0.027793
-0.027818
-0.027842
-0.027867
-0.027818
-0.027793
-0.027818
-0.027842
-0.027867
-0.027842
-0.027818
-0.027842
-0.027818
-0.027818
-0.027842
-0.027842
-0.027818
-0.027818
-0.027793
-0.027818
-0.027842
-0.027818
-0.027793
-0.027793
-0.027818
-0.027818
-0.027793
-0.027769
-0.027769
-0.027793
-0.027818
-0.027793
-0.027769
-0.027769
-0.027793
-0.027793
-0.027769
-0.027744
-0.027744
-0.027769
-0.027793
-0.027769
-0.027744
-0.027744
-0.027769
-0.027769
-0.027769
-0.027744
-0.027744
-0.027769
-0.027769
-0.027744
-0.027769
-0.027744
-0.027695
-0.027695
-0.027719
-0.027719
-0.027695
-0.02767
-0.02767
-0.027695
-0.027695
-0.02767
-0.027645
-0.027645
-0.027695
-0.027695
-0.02767
-0.027645
-0.027645
-0.02767
-0.027695
-0.02767
-0.027645
-0.027645
-0.027695
-0.027695
-0.02767
-0.027645
-0.027645
-0.02767
-0.02767
-0.02767
-0.027645
-0.027621
-0.027645
-0.02767
-0.027645
-0.027621
-0.027621
-0.027596
-0.027621
-0.027621
-0.027596
-0.027572
-0.027547
-0.027547
-0.027572
-0.027596
-0.027621
-0.027645
-0.027695
-0.027719
-0.027719
-0.027695
-0.02767
-0.02767
-0.02767
-0.027621
-0.027596
-0.027572
-0.027596
-0.027621
-0.027621
-0.027572
-0.027572
-0.027596
-0.027596
-0.027596
-0.027572
-0.027572
-0.027596
-0.027621
-0.027621
-0.027572
-0.027572
-0.027596
-0.027596
-0.027596
-0.027572
-0.027621
-0.027596
-0.027572
-0.027596
-0.027596
-0.027596
-0.027572
-0.027547
-0.027572
-0.027572
-0.027572
-0.027547
-0.027522
-0.027547
-0.027547
-0.027547
-0.027498
-0.027498
-0.027498
-0.027522
-0.027498
-0.027473
-0.027473
-0.027473
-0.027498
-0.027498
-0.027473
-0.027449
-0.027473
-0.027498
-0.027473
-0.027449
-0.027449
-0.027449
-0.027473
-0.027473
-0.027449
-0.027449
-0.027449
-0.027473
-0.027449
-0.027449
-0.027424
-0.027424
-0.027449
-0.027473
-0.027449
-0.027424
-0.027424
-0.027449
-0.027473
-0.027449
-0.027424
-0.027424
-0.027424
-0.027449
-0.027449
-0.027399
-0.027399
-0.027424
-0.027424
-0.027424
-0.027399
-0.027375
-0.027399
-0.027424
-0.027424
-0.027375
-0.027375
-0.027399
-0.027424
-0.027424
-0.027399
-0.027399
-0.027424
-0.027449
-0.027424
-0.027399
-0.027399
-0.027424
-0.027375
-0.027399
-0.027399
-0.027399
-0.027375
-0.02735
-0.027375
-0.027399
-0.027399
-0.027375
-0.02735
-0.027375
-0.027399
-0.027399
-0.027375
-0.02735
-0.027375
-0.027399
-0.027399
-0.02735
-0.02735
-0.02735
-0.027375
-0.027375
-0.02735
-0.027325
-0.02735
-0.027375
-0.027375
-0.02735
-0.027325
-0.027325
-0.027375
-0.02735
-0.027325
-0.027325
-0.027325
-0.02735
-0.02735
-0.02735
-0.027375
-0.027325
-0.027325
-0.027325
-0.02735
-0.02735
-0.027325
-0.027301
-0.027325
-0.02735
-0.02735
-0.027325
-0.027301
-0.027301
-0.02735
-0.02735
-0.027325
-0.027301
-0.027301
-0.027325
-0.027325
-0.027301
-0.027301
-0.027301
-0.027325
-0.027325
-0.027301
-0.027276
-0.027301
-0.027325
-0.027325
-0.027301
-0.027276
-0.027301
-0.027325
-0.027325
-0.027301
-0.027276
-0.027276
-0.027301
-0.027276
-0.027276
-0.027301
-0.027276
-0.027252
-0.027252
-0.027276
-0.027276
-0.027252
-0.027227
-0.027227
-0.027252
-0.027252
-0.027227
-0.027202
-0.027227
-0.027252
-0.027252
-0.027227
-0.027227
-0.027227
-0.027227
-0.027252
-0.027227
-0.027202
-0.027202
-0.027227
-0.027252
-0.027227
-0.027202
-0.027202
-0.027227
-0.027227
-0.027202
-0.027178
-0.027202
-0.027202
-0.027202
-0.027178
-0.027153
-0.027252
-0.027252
-0.027252
-0.027301
-0.027301
-0.027276
-0.027252
-0.027227
-0.027227
-0.027202
-0.027178
-0.027153
-0.027153
-0.027178
-0.027202
-0.027178
-0.027153
-0.027153
-0.027178
-0.027178
-0.027178
-0.027153
-0.027153
-0.027178
-0.027178
-0.027153
-0.027129
-0.027129
-0.027153
-0.027178
-0.027153
-0.027153
-0.027153
-0.027178
-0.027202
-0.027178
-0.027153
-0.027178
-0.027178
-0.027178
-0.027153
-0.027153
-0.027129
-0.027104
-0.027104
-0.027129
-0.027129
-0.027104
-0.027079
-0.027079
-0.027104
-0.027104
-0.027079
-0.027079
-0.027079
-0.027079
-0.027104
-0.027104
-0.027079
-0.027055
-0.027079
-0.027104
-0.027079
-0.027055
-0.027055
-0.027079
-0.027104
-0.027079
-0.027055
-0.027055
-0.027079
-0.027104
-0.027079
-0.027055
-0.027055
-0.027079
-0.027104
-0.027079
-0.027055
-0.027055
-0.027055
-0.02703
-0.027079
-0.027079
-0.027055
-0.02703
-0.02703
-0.027055
-0.027079
-0.027055
-0.02703
-0.02703
-0.02703
-0.02703
-0.02703
-0.027005
-0.027005
-0.02703
-0.02703
-0.027005
-0.026981
-0.027005
-0.027005
-0.02703
-0.027005
-0.026981
-0.026981
-0.027005
-0.02703
-0.027005
-0.026981
-0.026981
-0.027005
-0.02703
-0.027005
-0.026981
-0.026981
-0.027005
-0.02703
-0.027005
-0.027005
-0.027005
-0.026956
-0.026956
-0.026981
-0.026981
-0.026981
-0.026956
-0.026956
-0.026956
-0.026981
-0.026956
-0.026932
-0.026932
-0.026956
-0.026981
-0.026956
-0.026932
-0.026932
-0.026956
-0.026981
-0.026956
-0.026932
-0.026932
-0.026956
-0.026956
-0.026956
-0.026932
-0.026932
-0.026956
-0.026956
-0.026932
-0.026907
-0.026907
-0.026932
-0.026956
-0.026932
-0.026907
-0.026907
-0.026932
-0.026907
-0.026932
-0.026956
-0.026932
-0.026907
-0.026882
-0.026907
-0.026932
-0.026907
-0.026882
-0.026882
-0.026907
-0.026932
-0.026907
-0.026882
-0.026882
-0.026907
-0.026907
-0.026907
-0.026882
-0.026882
-0.026882
-0.026907
-0.026882
-0.026858
-0.026858
-0.026882
-0.026907
-0.026882
-0.026858
-0.026858
-0.026882
-0.026882
-0.026882
-0.026833
-0.026808
-0.026833
-0.026858
-0.026858
-0.026833
-0.026858
-0.026833
-0.026808
-0.026833
-0.026858
-0.026858
-0.026833
-0.026833
-0.026833
-0.026858
-0.026858
-0.026833
-0.026808
-0.026833
-0.026858
-0.026858
-0.026833
-0.026808
-0.026833
-0.026833
-0.026833
-0.026808
-0.026808
-0.026808
-0.026833
-0.026833
-0.026808
-0.026784
-0.026808
-0.026808
-0.026808
-0.026784
-0.026759
-0.026759
-0.026759
-0.026759
-0.026784
-0.026808
-0.026858
-0.026882
-0.026858
-0.026858
-0.026858
-0.026808
-0.026759
-0.026784
-0.026808
-0.026808
-0.026784
-0.026759
-0.026784
-0.026808
-0.026808
-0.026784
-0.026784
-0.026784
-0.026833
-0.026833
-0.026808
-0.026784
-0.026784
-0.026808
-0.026808
-0.026784
-0.026759
-0.026784
-0.026808
-0.026808
-0.026784
-0.026784
-0.026784
-0.026808
-0.026808
-0.026784
-0.026759
-0.026759
-0.026784
-0.026784
-0.026759
-0.026735
-0.02671
-0.02671
-0.02671
-0.026735
-0.026735
-0.02671
-0.026685
-0.02671
-0.026735
-0.02671
-0.026685
-0.026685
-0.026685
-0.02671
-0.02671
-0.026685
-0.026661
-0.026685
-0.02671
-0.02671
-0.026685
-0.026661
-0.026661
-0.02671
-0.02671
-0.026685
-0.026661
-0.026685
-0.02671
-0.02671
-0.026685
-0.026661
-0.026685
-0.026685
-0.02671
-0.026661
-0.026661
-0.026661
-0.026685
-0.02671
-0.026685
-0.026685
-0.026661
-0.026636
-0.026661
-0.026685
-0.026685
-0.026661
-0.026636
-0.026636
-0.026661
-0.026661
-0.026636
-0.026612
-0.026612
-0.026636
-0.026636
-0.026612
-0.026612
-0.026612
-0.026636
-0.026636
-0.026636
-0.026612
-0.026612
-0.026636
-0.026636
-0.026612
-0.026587
-0.026612
-0.026636
-0.026636
-0.026612
-0.026587
-0.026587
-0.026612
-0.026612
-0.026587
-0.026562
-0.026562
-0.026562
-0.026587
-0.026587
-0.026562
-0.026538
-0.026562
-0.026562
-0.026587
-0.026562
-0.026538
-0.026538
-0.026562
-0.026587
-0.026562
-0.026538
-0.026538
-0.026562
-0.026562
-0.026562
-0.026513
-0.026513
-0.026538
-0.026538
-0.026513
-0.026488
-0.026488
-0.026513
-0.026538
-0.026513
-0.026488
-0.026488
-0.026513
-0.026513
-0.026513
-0.026488
-0.026488
-0.026513
-0.026513
-0.026488
-0.026464
-0.026488
-0.026488
-0.026464
-0.026488
-0.026513
-0.026488
-0.026464
-0.026464
-0.026488
-0.026513
-0.026488
-0.026439
-0.026439
-0.026464
-0.026488
-0.026464
-0.026439
-0.026439
-0.026464
-0.026488
-0.026464
-0.026439
-0.026439
-0.026464
-0.026464
-0.026439
-0.026415
-0.026415
-0.026439
-0.026439
-0.026439
-0.026415
-0.026415
-0.026439
-0.026439
-0.026439
-0.026415
-0.026415
-0.026439
-0.026439
-0.026439
-0.026439
-0.026439
-0.026415
-0.026415
-0.026439
-0.026439
-0.026439
-0.026415
-0.026415
-0.026415
-0.026439
-0.026415
-0.02639
-0.026365
-0.02639
-0.02639
-0.026365
-0.026341
-0.026316
-0.026341
-0.026341
-0.026316
-0.026267
-0.026267
-0.026316
-0.02639
-0.02639
-0.02639
-0.02639
-0.026415
-0.026439
-0.026415
-0.026365
-0.026341
-0.026341
-0.026341
-0.026316
-0.026292
-0.026292
-0.026292
-0.026292
-0.026316
-0.026341
-0.026341
-0.026316
-0.026292
-0.026316
-0.026341
-0.026316
-0.026316
-0.026292
-0.026316
-0.026341
-0.026341
-0.026316
-0.026316
-0.026341
-0.026365
-0.026341
-0.026316
-0.026316
-0.026316
-0.026341
-0.026316
-0.026292
-0.026292
-0.026292
-0.026316
-0.026292
-0.026267
-0.026242
-0.026267
-0.026292
-0.026267
-0.026242
-0.026218
-0.026242
-0.026267
-0.026242
-0.026242
-0.026242
-0.026218
-0.026218
-0.026218
-0.026242
-0.026242
-0.026218
-0.026193
-0.026218
-0.026242
-0.026242
-0.026193
-0.026193
-0.026218
-0.026218
-0.026218
-0.026193
-0.026193
-0.026193
-0.026218
-0.026218
-0.026193
-0.026168
-0.026193
-0.026218
-0.026218
-0.026193
-0.026168
-0.026193
-0.026193
-0.026193
-0.026168
-0.026168
-0.026193
-0.026193
-0.026193
-0.026168
-0.026144
-0.026168
-0.026144
-0.026168
-0.026168
-0.026168
-0.026144
-0.026144
-0.026144
-0.026168
-0.026168
-0.026144
-0.026144
-0.026144
-0.026168
-0.026168
-0.026144
-0.026119
-0.026144
-0.026168
-0.026168
-0.026144
-0.026119
-0.026144
-0.026168
-0.026144
-0.026119
-0.026119
-0.026119
-0.026144
-0.026119
-0.026119
-0.026095
-0.026095
-0.026119
-0.026119
-0.026095
-0.026095
-0.026095
-0.026119
-0.026119
-0.026095
-0.026119
-0.026095
-0.026095
-0.026095
-0.026119
-0.026119
-0.026095
-0.026095
-0.026095
-0.026119
-0.026119
-0.026095
-0.02607
-0.026095
-0.026119
-0.026119
-0.026095
-0.02607
-0.026095
-0.026095
-0.026095
-0.02607
-0.026045
-0.02607
-0.02607
-0.02607
-0.026045
-0.026045
-0.026045
-0.02607
-0.02607
-0.026045
-0.026045
-0.026045
-0.02607
-0.02607
-0.026045
-0.026021
-0.026045
-0.02607
-0.026021
-0.026045
-0.026045
-0.026021
-0.026021
-0.026021
-0.026045
-0.026045
-0.026021
-0.025996
-0.025996
-0.026021
-0.026021
-0.025996
-0.025971
-0.025996
-0.025996
-0.026021
-0.025996
-0.025971
-0.025971
-0.025996
-0.025996
-0.025996
-0.025971
-0.025971
-0.025996
-0.025996
-0.025971
-0.025971
-0.025971
-0.025996
-0.025996
-0.025971
-0.025971
-0.025971
-0.025996
-0.025996
-0.025971
-0.025971
-0.025971
-0.025947
-0.025971
-0.025971
-0.025971
-0.025947
-0.025922
-0.025922
-0.025947
-0.025947
-0.025898
-0.025873
-0.025898
-0.025947
-0.025996
-0.025996
-0.025996
-0.025996
-0.026045
-0.026045
-0.025996
-0.025971
-0.025947
-0.025947
-0.025947
-0.025922
-0.025898
-0.025922
-0.025922
-0.025947
-0.025922
-0.025898
-0.025898
-0.025922
-0.025922
-0.025898
-0.025873
-0.025898
-0.025922
-0.025922
-0.025922
-0.025922
-0.025898
-0.025898
-0.025898
-0.025922
-0.025922
-0.025922
-0.025898
-0.025898
-0.025922
-0.025922
-0.025898
-0.025873
-0.025873
-0.025898
-0.025922
-0.025898
-0.025873
-0.025873
-0.025898
-0.025898
-0.025873
-0.025848
-0.025848
-0.025873
-0.025898
-0.025873
-0.025848
-0.025848
-0.025873
-0.025873
-0.025848
-0.025824
-0.025824
-0.025848
-0.025848
-0.025824
-0.025799
-0.025799
-0.025799
-0.025799
-0.025799
-0.025824
-0.025775
-0.025775
-0.025775
-0.025799
-0.025799
-0.025799
-0.025775
-0.025775
-0.025799
-0.025799
-0.025775
-0.02575
-0.02575
-0.025775
-0.025799
-0.025775
-0.02575
-0.02575
-0.025775
-0.025799
-0.025775
-0.02575
-0.02575
-0.025775
-0.025775
-0.02575
-0.025725
-0.025725
-0.02575
-0.02575
-0.02575
-0.025725
-0.025701
-0.02575
-0.02575
-0.02575
-0.02575
-0.02575
-0.025725
-0.025725
-0.02575
-0.02575
-0.02575
-0.025725
-0.025701
-0.025725
-0.02575
-0.025725
-0.025701
-0.025701
-0.025701
-0.025725
-0.025701
-0.025676
-0.025676
-0.025676
-0.025701
-0.025676
-0.025676
-0.025676
-0.025701
-0.025701
-0.025676
-0.025651
-0.025651
-0.025676
-0.025701
-0.025676
-0.025651
-0.025651
-0.025676
-0.025676
-0.025676
-0.025651
-0.025651
-0.025651
-0.025651
-0.025651
-0.025651
-0.025627
-0.025627
-0.025651
-0.025651
-0.025651
-0.025627
-0.025602
-0.025627
-0.025627
-0.025627
-0.025602
-0.025602
-0.025627
-0.025627
-0.025627
-0.025602
-0.025578
-0.025602
-0.025602
-0.025602
-0.025578
-0.025578
-0.025578
-0.025578
-0.025578
-0.025553
-0.025553
-0.025578
-0.025578
-0.025578
-0.025553
-0.025553
-0.025578
-0.025578
-0.025578
-0.025553
-0.025528
-0.025528
-0.025504
-0.025528
-0.025528
-0.025528
-0.025504
-0.025504
-0.025528
-0.025553
-0.025528
-0.025504
-0.025504
-0.025504
-0.025528
-0.025528
-0.025504
-0.025504
-0.025504
-0.025528
-0.025528
-0.025479
-0.025479
-0.025504
-0.025528
-0.025504
-0.025479
-0.025479
-0.025504
-0.025528
-0.025504
-0.025479
-0.025479
-0.025479
-0.025504
-0.025504
-0.025479
-0.025455
-0.025455
-0.025479
-0.025455
-0.02543
-0.025455
-0.025479
-0.025479
-0.025528
-0.025553
-0.025553
-0.025528
-0.025504
-0.025504
-0.025504
-0.025479
-0.025455
-0.02543
-0.025455
-0.025455
-0.025455
-0.02543
-0.025405
-0.02543
-0.025455
-0.025455
-0.02543
-0.025405
-0.02543
-0.025455
-0.025455
-0.025405
-0.025405
-0.025405
-0.02543
-0.02543
-0.025405
-0.025405
-0.025405
-0.02543
-0.02543
-0.025405
-0.025405
-0.025405
-0.025381
-0.025405
-0.025405
-0.025405
-0.025381
-0.025356
-0.025356
-0.025381
-0.025381
-0.025356
-0.025356
-0.025356
-0.025381
-0.025381
-0.025356
-0.025331
-0.025356
-0.025381
-0.025381
-0.025356
-0.025331
-0.025331
-0.025356
-0.025356
-0.025331
-0.025331
-0.025331
-0.025356
-0.025356
-0.025307
-0.025307
-0.025307
-0.025331
-0.025331
-0.025307
-0.025282
-0.025307
-0.025331
-0.025331
-0.025307
-0.025331
-0.025307
-0.025282
-0.025307
-0.025307
-0.025307
-0.025307
-0.025282
-0.025307
-0.025307
-0.025307
-0.025282
-0.025282
-0.025282
-0.025307
-0.025307
-0.025282
-0.025258
-0.025258
-0.025282
-0.025307
-0.025282
-0.025258
-0.025258
-0.025282
-0.025282
-0.025258
-0.025258
-0.025258
-0.025282
-0.025282
-0.025258
-0.025258
-0.025258
-0.025282
-0.025282
-0.025258
-0.025233
-0.025258
-0.025282
-0.025233
-0.025258
-0.025258
-0.025258
-0.025233
-0.025233
-0.025258
-0.025258
-0.025233
-0.025208
-0.025208
-0.025233
-0.025258
-0.025233
-0.025208
-0.025208
-0.025233
-0.025233
-0.025208
-0.025208
-0.025208
-0.025233
-0.025233
-0.025208
-0.025184
-0.025184
-0.025233
-0.025233
-0.025208
-0.025184
-0.025208
-0.025233
-0.025233
-0.025208
-0.025184
-0.025208
-0.025208
-0.025233
-0.025208
-0.025184
-0.025184
-0.025159
-0.025159
-0.025184
-0.025184
-0.025159
-0.025134
-0.025134
-0.025159
-0.025159
-0.025159
-0.025134
-0.025134
-0.025159
-0.025159
-0.025159
-0.025134
-0.025134
-0.025159
-0.025159
-0.025134
-0.02511
-0.02511
-0.025134
-0.025134
-0.02511
-0.025085
-0.025085
-0.02511
-0.025134
-0.02511
-0.025085
-0.025085
-0.02511
-0.02511
-0.025085
-0.025061
-0.025085
-0.025085
-0.02511
-0.025085
-0.025085
-0.025085
-0.025061
-0.025061
-0.025085
-0.025085
-0.025085
-0.025061
-0.025061
-0.025085
-0.025085
-0.025061
-0.025061
-0.025061
-0.025085
-0.025085
-0.025061
-0.025036
-0.025036
-0.025061
-0.025061
-0.025061
-0.025011
-0.025011
-0.025011
-0.025036
-0.024987
-0.024962
-0.024938
-0.024962
-0.025011
-0.025036
-0.025036
-0.025061
-0.025085
-0.02511
-0.025085
-0.025061
-0.025036
-0.024987
-0.024962
-0.024987
-0.025011
-0.024987
-0.024962
-0.024962
-0.024962
-0.024987
-0.024962
-0.024938
-0.024938
-0.024962
-0.024987
-0.024962
-0.024938
-0.024913
-0.024938
-0.024962
-0.024962
-0.024938
-0.024938
-0.024962
-0.024987
-0.024962
-0.024938
-0.024938
-0.024962
-0.024962
-0.024938
-0.024913
-0.024913
-0.024938
-0.024938
-0.024938
-0.024913
-0.024888
-0.024913
-0.024913
-0.024913
-0.024888
-0.024864
-0.024864
-0.024888
-0.024888
-0.024888
-0.024864
-0.024864
-0.024864
-0.024888
-0.024864
-0.024839
-0.024839
-0.024839
-0.024839
-0.024839
-0.024814
-0.024814
-0.024839
-0.024839
-0.024839
-0.024814
-0.024814
-0.024839
-0.024839
-0.024839
-0.024814
-0.024814
-0.024839
-0.024864
-0.024839
-0.024839
-0.024839
-0.024839
-0.024864
-0.024864
-0.024839
-0.024814
-0.024839
-0.024864
-0.024839
-0.024839
-0.024814
-0.02479
-0.024814
-0.024839
-0.024814
-0.02479
-0.02479
-0.024814
-0.024814
-0.024814
-0.02479
-0.02479
-0.024814
-0.024814
-0.024814
-0.02479
-0.024765
-0.02479
-0.02479
-0.02479
-0.024765
-0.024765
-0.02479
-0.024814
-0.02479
-0.02479
-0.024765
-0.02479
-0.02479
-0.02479
-0.024765
-0.024741
-0.024765
-0.02479
-0.024765
-0.024741
-0.024741
-0.024741
-0.024741
-0.024741
-0.024741
-0.024716
-0.024716
-0.024741
-0.024741
-0.024741
-0.024716
-0.024716
-0.024716
-0.024741
-0.024741
-0.024716
-0.024691
-0.024716
-0.024716
-0.024716
-0.024691
-0.024667
-0.024691
-0.024716
-0.024716
-0.024691
-0.024667
-0.024691
-0.024691
-0.024691
-0.024667
-0.024667
-0.024667
-0.024691
-0.024691
-0.024667
-0.024642
-0.024667
-0.024691
-0.024691
-0.024667
-0.024642
-0.024642
-0.024642
-0.024642
-0.024667
-0.024667
-0.024642
-0.024618
-0.024642
-0.024667
-0.024667
-0.024642
-0.024618
-0.024618
-0.024642
-0.024642
-0.024618
-0.024593
-0.024618
-0.024618
-0.024618
-0.024618
-0.024593
-0.024618
-0.024642
-0.024642
-0.024593
-0.024593
-0.024618
-0.024642
-0.024642
-0.024618
-0.024593
-0.024593
-0.024618
-0.024618
-0.024593
-0.024593
-0.024593
-0.024618
-0.024618
-0.024593
-0.024593
-0.024568
-0.024568
-0.024568
-0.024593
-0.024568
-0.024544
-0.024519
-0.024519
-0.024544
-0.024519
-0.02447
-0.02447
-0.024519
-0.024593
-0.024618
-0.024593
-0.024593
-0.024642
-0.024667
-0.024642
-0.024618
-0.024568
-0.024568
-0.024568
-0.024568
-0.024544
-0.024519
-0.024544
-0.024568
-0.024568
-0.024519
-0.024519
-0.024519
-0.024544
-0.024544
-0.024519
-0.024519
-0.024519
-0.02447
-0.024494
-0.024519
-0.024519
-0.024494
-0.024494
-0.024494
-0.024519
-0.024519
-0.024519
-0.024494
-0.024494
-0.024519
-0.024519
-0.024494
-0.024494
-0.024494
-0.024519
-0.024519
-0.024494
-0.02447
-0.02447
-0.024494
-0.024494
-0.02447
-0.024445
-0.024445
-0.02447
-0.02447
-0.024445
-0.024421
-0.024421
-0.024445
-0.024445
-0.024421
-0.024396
-0.024421
-0.024421
-0.024421
-0.024421
-0.024421
-0.024421
-0.024396
-0.024396
-0.024421
-0.024421
-0.024421
-0.024396
-0.024396
-0.024421
-0.024421
-0.024396
-0.024396
-0.024396
-0.024421
-0.024421
-0.024396
-0.024371
-0.024396
-0.024396
-0.024421
-0.024396
-0.024371
-0.024371
-0.024396
-0.024396
-0.024371
-0.024347
-0.024347
-0.024371
-0.024396
-0.024371
-0.024347
-0.024347
-0.024371
-0.024396
-0.024371
-0.024347
-0.024347
-0.024371
-0.024347
-0.024371
-0.024371
-0.024347
-0.024347
-0.024347
-0.024347
-0.024371
-0.024347
-0.024322
-0.024322
-0.024347
-0.024347
-0.024322
-0.024297
-0.024322
-0.024322
-0.024347
-0.024322
-0.024297
-0.024297
-0.024322
-0.024322
-0.024322
-0.024297
-0.024297
-0.024322
-0.024322
-0.024297
-0.024297
-0.024297
-0.024322
-0.024322
-0.024297
-0.024297
-0.024297
-0.024297
-0.024322
-0.024297
-0.024273
-0.024297
-0.024273
-0.024273
-0.024297
-0.024297
-0.024273
-0.024273
-0.024273
-0.024273
-0.024297
-0.024273
-0.024248
-0.024248
-0.024273
-0.024273
-0.024273
-0.024248
-0.024248
-0.024273
-0.024273
-0.024248
-0.024248
-0.024224
-0.024248
-0.024248
-0.024248
-0.024248
-0.024224
-0.024248
-0.024248
-0.024248
-0.024224
-0.024224
-0.024248
-0.024248
-0.024224
-0.024199
-0.024199
-0.024224
-0.024224
-0.024199
-0.024199
-0.024199
-0.02415
-0.024174
-0.024174
-0.024174
-0.024174
-0.02415
-0.02415
-0.024174
-0.024199
-0.024174
-0.02415
-0.02415
-0.024174
-0.024199
-0.024174
-0.024174
-0.024174
-0.024174
-0.024199
-0.024174
-0.02415
-0.02415
-0.024174
-0.024174
-0.024174
-0.02415
-0.02415
-0.02415
-0.02415
-0.02415
-0.024125
-0.024101
-0.024125
-0.024125
-0.024101
-0.024076
-0.024076
-0.024027
-0.024002
-0.024027
-0.024076
-0.024101
-0.024101
-0.024101
-0.024125
-0.02415
-0.02415
-0.024101
-0.024076
-0.024076
-0.024076
-0.024051
-0.024027
-0.024002
-0.024027
-0.024051
-0.024051
-0.024002
-0.024002
-0.024027
-0.024027
-0.024027
-0.024002
-0.024002
-0.024027
-0.024027
-0.024002
-0.023977
-0.023953
-0.023977
-0.024002
-0.024002
-0.023977
-0.023977
-0.023977
-0.024002
-0.024002
-0.023977
-0.023953
-0.023928
-0.023928
-0.023928
-0.023953
-0.023928
-0.023904
-0.023904
-0.023904
-0.023928
-0.023928
-0.023904
-0.023879
-0.023904
-0.023904
-0.023904
-0.023879
-0.023854
-0.023879
-0.023904
-0.023879
-0.023854
-0.023854
-0.023854
-0.023879
-0.023854
-0.02383
-0.02383
-0.02383
-0.023854
-0.023854
-0.02383
-0.02383
-0.02383
-0.023854
-0.023854
-0.023805
-0.023805
-0.02383
-0.02383
-0.02383
-0.02383
-0.023805
-0.023781
-0.023805
-0.023805
-0.023805
-0.023781
-0.023781
-0.023781
-0.023805
-0.023781
-0.023756
-0.023756
-0.023756
-0.023781
-0.023756
-0.023756
-0.023731
-0.023756
-0.023756
-0.023756
-0.023731
-0.023731
-0.023756
-0.023781
-0.023781
-0.023756
-0.023756
-0.023756
-0.023781
-0.023781
-0.023756
-0.023731
-0.023756
-0.023756
-0.023756
-0.023731
-0.023731
-0.023731
-0.023707
-0.023731
-0.023731
-0.023731
-0.023707
-0.023682
-0.023707
-0.023731
-0.023731
-0.023707
-0.023682
-0.023707
-0.023707
-0.023707
-0.023682
-0.023657
-0.023682
-0.023707
-0.023682
-0.023657
-0.023657
-0.023657
-0.023682
-0.023682
-0.023657
-0.023657
-0.023657
-0.023682
-0.023682
-0.023657
-0.023657
-0.023657
-0.023682
-0.023682
-0.023657
-0.023633
-0.023657
-0.023682
-0.023657
-0.023657
-0.023657
-0.023633
-0.023633
-0.023633
-0.023657
-0.023657
-0.023633
-0.023633
-0.023633
-0.023657
-0.023633
-0.023633
-0.023608
-0.023608
-0.023633
-0.023633
-0.023608
-0.023584
-0.023584
-0.023608
-0.023608
-0.023584
-0.023559
-0.023584
-0.023608
-0.023608
-0.023584
-0.023584
-0.023584
-0.023608
-0.023608
-0.023584
-0.023559
-0.023584
-0.023584
-0.023584
-0.023559
-0.023559
-0.023559
-0.023559
-0.023584
-0.023584
-0.023559
-0.023559
-0.023559
-0.023584
-0.023584
-0.023584
-0.023559
-0.023559
-0.023584
-0.023584
-0.023584
-0.023559
-0.023559
-0.023584
-0.023584
-0.023559
-0.023559
-0.023559
-0.023584
-0.023584
-0.023559
-0.02351
-0.023534
-0.023534
-0.023534
-0.02351
-0.023485
-0.023485
-0.02351
-0.023559
-0.023584
-0.023584
-0.023608
-0.023633
-0.023633
-0.023608
-0.023584
-0.02351
-0.023485
-0.023485
-0.02351
-0.02351
-0.02351
-0.023485
-0.023485
-0.02351
-0.02351
-0.023485
-0.023485
-0.023485
-0.02351
-0.02351
-0.023485
-0.02346
-0.02346
-0.023485
-0.023485
-0.023485
-0.02346
-0.02346
-0.023485
-0.023485
-0.023485
-0.02346
-0.02346
-0.023485
-0.023485
-0.02346
-0.023436
-0.023436
-0.02346
-0.02346
-0.02346
-0.023436
-0.023436
-0.02346
-0.02346
-0.023436
-0.023436
-0.023411
-0.023387
-0.023387
-0.023411
-0.023436
-0.023411
-0.023387
-0.023387
-0.023411
-0.023411
-0.023387
-0.023387
-0.023387
-0.023411
-0.023411
-0.023387
-0.023362
-0.023362
-0.023387
-0.023387
-0.023362
-0.023337
-0.023362
-0.023387
-0.023387
-0.023362
-0.023362
-0.023362
-0.023362
-0.023387
-0.023362
-0.023337
-0.023337
-0.023362
-0.023362
-0.023362
-0.023337
-0.023337
-0.023337
-0.023337
-0.023362
-0.023362
-0.023337
-0.023337
-0.023337
-0.023337
-0.023362
-0.023337
-0.023313
-0.023337
-0.023337
-0.023337
-0.023337
-0.023313
-0.023313
-0.023337
-0.023337
-0.023337
-0.023313
-0.023313
-0.023337
-0.023337
-0.023313
-0.023288
-0.023313
-0.023337
-0.023337
-0.023337
-0.023313
-0.023288
-0.023313
-0.023313
-0.023288
-0.023288
-0.023288
-0.023288
-0.023313
-0.023288
-0.023288
-0.023288
-0.023264
-0.023264
-0.023288
-0.023288
-0.023288
-0.023264
-0.023239
-0.023264
-0.023288
-0.023264
-0.023264
-0.023239
-0.023264
-0.023264
-0.023264
-0.023239
-0.023239
-0.023264
-0.023264
-0.023239
-0.023239
-0.023239
-0.023239
-0.023264
-0.023239
-0.023214
-0.023214
-0.023239
-0.023264
-0.023239
-0.023214
-0.023214
-0.023239
-0.023239
-0.023239
-0.023214
-0.023214
-0.023214
-0.02319
-0.023214
-0.023239
-0.023214
-0.02319
-0.02319
-0.023214
-0.023214
-0.023214
-0.02319
-0.023165
-0.02319
-0.02319
-0.02319
-0.023165
-0.023165
-0.023165
-0.023165
-0.023165
-0.02314
-0.02314
-0.02314
-0.023165
-0.023165
-0.02314
-0.02314
-0.02314
-0.023165
-0.023165
-0.02314
-0.02314
-0.023165
-0.023165
-0.023165
-0.02314
-0.02314
-0.023165
-0.023165
-0.023165
-0.02314
