2018
7
9
14
52
41.178
-0.072843
-0.072892
-0.072942
-0.072892
-0.072819
-0.072819
-0.072892
-0.072942
-0.072892
-0.072819
-0.072819
-0.072892
-0.072942
-0.072892
-0.072819
-0.072794
-0.072868
-0.072917
-0.072868
-0.072769
-0.072769
-0.072819
-0.072868
-0.072819
-0.072745
-0.072745
-0.072794
-0.072819
-0.072769
-0.072696
-0.072696
-0.072745
-0.072794
-0.072745
-0.072671
-0.072671
-0.072745
-0.072794
-0.072745
-0.072696
-0.072745
-0.072671
-0.072646
-0.07272
-0.072769
-0.072696
-0.072622
-0.072597
-0.072671
-0.07272
-0.072671
-0.072597
-0.072572
-0.072622
-0.072696
-0.072646
-0.072572
-0.072548
-0.072622
-0.072671
-0.072646
-0.072548
-0.072548
-0.072597
-0.072646
-0.072622
-0.072523
-0.072499
-0.072572
-0.072622
-0.072572
-0.072499
-0.072474
-0.072548
-0.072597
-0.072548
-0.072499
-0.072474
-0.072523
-0.072572
-0.072523
-0.072572
-0.072548
-0.072449
-0.072425
-0.072499
-0.072548
-0.072523
-0.072449
-0.072425
-0.072474
-0.072523
-0.072499
-0.072425
-0.0724
-0.072449
-0.072523
-0.072474
-0.0724
-0.072375
-0.072449
-0.072499
-0.072474
-0.072375
-0.072351
-0.072425
-0.072474
-0.072449
-0.072375
-0.072326
-0.072375
-0.072425
-0.0724
-0.072351
-0.072351
-0.072474
-0.072597
-0.072646
-0.072622
-0.072646
-0.072277
-0.072203
-0.072277
-0.072375
-0.072375
-0.072302
-0.072277
-0.072351
-0.072425
-0.0724
-0.072302
-0.072277
-0.072351
-0.0724
-0.0724
-0.072302
-0.072252
-0.072302
-0.072375
-0.072351
-0.072277
-0.072228
-0.072302
-0.072351
-0.072326
-0.072252
-0.072228
-0.072302
-0.072351
-0.072351
-0.072277
-0.072252
-0.072302
-0.072351
-0.072326
-0.072252
-0.072228
-0.072277
-0.072351
-0.072326
-0.072302
-0.072302
-0.072228
-0.072179
-0.072228
-0.072302
-0.072302
-0.072228
-0.072179
-0.072228
-0.072302
-0.072277
-0.072203
-0.072179
-0.072252
-0.072302
-0.072302
-0.072228
-0.072179
-0.072228
-0.072302
-0.072277
-0.072203
-0.072154
-0.072203
-0.072277
-0.072252
-0.072179
-0.072129
-0.072154
-0.072228
-0.072228
-0.072129
-0.072105
-0.072129
-0.072203
-0.072203
-0.072129
-0.07208
-0.072129
-0.072055
-0.072105
-0.072179
-0.072154
-0.07208
-0.072031
-0.07208
-0.072154
-0.072129
-0.072055
-0.072006
-0.072055
-0.072129
-0.072129
-0.072031
-0.071982
-0.072031
-0.072105
-0.072105
-0.072031
-0.071982
-0.072006
-0.07208
-0.07208
-0.072006
-0.071957
-0.071982
-0.072055
-0.072055
-0.071982
-0.071932
-0.071957
-0.072031
-0.072031
-0.071957
-0.071908
-0.071957
-0.072031
-0.072031
-0.071957
-0.071932
-0.071883
-0.071932
-0.071982
-0.072006
-0.071932
-0.071859
-0.071908
-0.071982
-0.071982
-0.071908
-0.071859
-0.071883
-0.071957
-0.071957
-0.071883
-0.071834
-0.071859
-0.071932
-0.071932
-0.071859
-0.071809
-0.071859
-0.071908
-0.071908
-0.071834
-0.071785
-0.071809
-0.071883
-0.071908
-0.071834
-0.071785
-0.071809
-0.071859
-0.071883
-0.071809
-0.07176
-0.071785
-0.071834
-0.071859
-0.071834
-0.071859
-0.071785
-0.071711
-0.071735
-0.071809
-0.071834
-0.07176
-0.071686
-0.071711
-0.071785
-0.071809
-0.07176
-0.071686
-0.071711
-0.071785
-0.071809
-0.071735
-0.071686
-0.071686
-0.071785
-0.071785
-0.071711
-0.071662
-0.071662
-0.071735
-0.07176
-0.071711
-0.071637
-0.071662
-0.071735
-0.07176
-0.071662
-0.071612
-0.071637
-0.071711
-0.071735
-0.071662
-0.071612
-0.071637
-0.071588
-0.071612
-0.071686
-0.071711
-0.071637
-0.071588
-0.071588
-0.071662
-0.071686
-0.071637
-0.071563
-0.071588
-0.071662
-0.071662
-0.071612
-0.071539
-0.071563
-0.071612
-0.071637
-0.071588
-0.071514
-0.071539
-0.071588
-0.071637
-0.071588
-0.071514
-0.071514
-0.071563
-0.071588
-0.071539
-0.071514
-0.071563
-0.071711
-0.071809
-0.071809
-0.071785
-0.071809
-0.071785
-0.071686
-0.071489
-0.071514
-0.071489
-0.07144
-0.071465
-0.071539
-0.071563
-0.071514
-0.07144
-0.07144
-0.071514
-0.071563
-0.071514
-0.07144
-0.07144
-0.071514
-0.071539
-0.071489
-0.071415
-0.071415
-0.071489
-0.071514
-0.071465
-0.071391
-0.071391
-0.071465
-0.071489
-0.07144
-0.071391
-0.071391
-0.071465
-0.071489
-0.07144
-0.071366
-0.071366
-0.07144
-0.071465
-0.07144
-0.071366
-0.071366
-0.07144
-0.071342
-0.071415
-0.071465
-0.071415
-0.071342
-0.071342
-0.071415
-0.071465
-0.071415
-0.071366
-0.071342
-0.071415
-0.071489
-0.07144
-0.071342
-0.071366
-0.071415
-0.071465
-0.071415
-0.071342
-0.071342
-0.071391
-0.07144
-0.071391
-0.071317
-0.071292
-0.071366
-0.071391
-0.071342
-0.071268
-0.071243
-0.071292
-0.071342
-0.071317
-0.071218
-0.071218
-0.071268
-0.071317
-0.071292
-0.071218
-0.071268
-0.071194
-0.071194
-0.071243
-0.071268
-0.071243
-0.071169
-0.071169
-0.071218
-0.071268
-0.071243
-0.071145
-0.071145
-0.071194
-0.071243
-0.071218
-0.071145
-0.07112
-0.071169
-0.071218
-0.071194
-0.07112
-0.071095
-0.071169
-0.071218
-0.071194
-0.07112
-0.071095
-0.071145
-0.071194
-0.071145
-0.071095
-0.071071
-0.07112
-0.071169
-0.071145
-0.071071
-0.071046
-0.071095
-0.071145
-0.071071
-0.071145
-0.071095
-0.071022
-0.071022
-0.071071
-0.07112
-0.071095
-0.071022
-0.070997
-0.071046
-0.071095
-0.071071
-0.070997
-0.070972
-0.071022
-0.071071
-0.071046
-0.070972
-0.070948
-0.070997
-0.071046
-0.071046
-0.070972
-0.070948
-0.070997
-0.071046
-0.071022
-0.070948
-0.070923
-0.070972
-0.071022
-0.070997
-0.070923
-0.070898
-0.070948
-0.070997
-0.070972
-0.070898
-0.070874
-0.070898
-0.070849
-0.070898
-0.070972
-0.070948
-0.070874
-0.070849
-0.070898
-0.070948
-0.070923
-0.070874
-0.070825
-0.070874
-0.070923
-0.070923
-0.070849
-0.0708
-0.070849
-0.070898
-0.070898
-0.070825
-0.070775
-0.070825
-0.070898
-0.070874
-0.0708
-0.070751
-0.070825
-0.070874
-0.070874
-0.0708
-0.070751
-0.0708
-0.070874
-0.070849
-0.070775
-0.070751
-0.0708
-0.070825
-0.070825
-0.0708
-0.0708
-0.070726
-0.070677
-0.070726
-0.0708
-0.0708
-0.070726
-0.070702
-0.070751
-0.0708
-0.0708
-0.070726
-0.070677
-0.070726
-0.070775
-0.070775
-0.070726
-0.070677
-0.070702
-0.070751
-0.070751
-0.070652
-0.070628
-0.070702
-0.070825
-0.070874
-0.070849
-0.070849
-0.070948
-0.071022
-0.070948
-0.070726
-0.070529
-0.070529
-0.070603
-0.070628
-0.070578
-0.070554
-0.070603
-0.070554
-0.070578
-0.070652
-0.070652
-0.070578
-0.070529
-0.070578
-0.070628
-0.070628
-0.070554
-0.070505
-0.070554
-0.070603
-0.070603
-0.070529
-0.07048
-0.070529
-0.070603
-0.070603
-0.070529
-0.07048
-0.070529
-0.070603
-0.070603
-0.070529
-0.07048
-0.070505
-0.070578
-0.070578
-0.070505
-0.070455
-0.070505
-0.070554
-0.070578
-0.070505
-0.070455
-0.07048
-0.070529
-0.070554
-0.07048
-0.07048
-0.070431
-0.070455
-0.070529
-0.070554
-0.07048
-0.070431
-0.070455
-0.070529
-0.070529
-0.07048
-0.070431
-0.070431
-0.070505
-0.070505
-0.070455
-0.070381
-0.070406
-0.070455
-0.070455
-0.070406
-0.070332
-0.070357
-0.070431
-0.070431
-0.070357
-0.070308
-0.070332
-0.070406
-0.070431
-0.070357
-0.070283
-0.070308
-0.070357
-0.070381
-0.070308
-0.070258
-0.070283
-0.070357
-0.070381
-0.070357
-0.070357
-0.070308
-0.070234
-0.070258
-0.070332
-0.070357
-0.070283
-0.070234
-0.070234
-0.070308
-0.070332
-0.070258
-0.070209
-0.070234
-0.070283
-0.070308
-0.070258
-0.070185
-0.070185
-0.070258
-0.070283
-0.070209
-0.07016
-0.070185
-0.070258
-0.070283
-0.070209
-0.070135
-0.07016
-0.070209
-0.070234
-0.070185
-0.070111
-0.070135
-0.070209
-0.070234
-0.07016
-0.070111
-0.070111
-0.070086
-0.070086
-0.07016
-0.070185
-0.070135
-0.070061
-0.070061
-0.070135
-0.07016
-0.070111
-0.070037
-0.070061
-0.070135
-0.070135
-0.070086
-0.070012
-0.070037
-0.070111
-0.070135
-0.070086
-0.070012
-0.070012
-0.070086
-0.070111
-0.070061
-0.069988
-0.070012
-0.070086
-0.070111
-0.070037
-0.069988
-0.069988
-0.070037
-0.070061
-0.070012
-0.069938
-0.069938
-0.070012
-0.070037
-0.069988
-0.070037
-0.069988
-0.069914
-0.069914
-0.069988
-0.070012
-0.069963
-0.069889
-0.069889
-0.069938
-0.069988
-0.069938
-0.069865
-0.069865
-0.069938
-0.069963
-0.069914
-0.06984
-0.069865
-0.069914
-0.069938
-0.069914
-0.06984
-0.069815
-0.069889
-0.069914
-0.069889
-0.069815
-0.069815
-0.069865
-0.069914
-0.069865
-0.069766
-0.069766
-0.06984
-0.069865
-0.06984
-0.069766
-0.069766
-0.069815
-0.069791
-0.06984
-0.069791
-0.069717
-0.069717
-0.069791
-0.069815
-0.069791
-0.069717
-0.069692
-0.069741
-0.069791
-0.069766
-0.069717
-0.069766
-0.069889
-0.069988
-0.070012
-0.069988
-0.070012
-0.070012
-0.069938
-0.069741
-0.069594
-0.069569
-0.069643
-0.069717
-0.069717
-0.069643
-0.069643
-0.069717
-0.069766
-0.069741
-0.069668
-0.069643
-0.069692
-0.069741
-0.069717
-0.069643
-0.069618
-0.069618
-0.069594
-0.069643
-0.069692
-0.069668
-0.069594
-0.069569
-0.069643
-0.069692
-0.069643
-0.069569
-0.069569
-0.069618
-0.069668
-0.069643
-0.069569
-0.069544
-0.069594
-0.069643
-0.069643
-0.069569
-0.069544
-0.069594
-0.069643
-0.069618
-0.069544
-0.069544
-0.069594
-0.069643
-0.069618
-0.069544
-0.06952
-0.069594
-0.069643
-0.069618
-0.069544
-0.06952
-0.069569
-0.069618
-0.069594
-0.069618
-0.069594
-0.06952
-0.069495
-0.069544
-0.069594
-0.069569
-0.069495
-0.069471
-0.06952
-0.069569
-0.069544
-0.069446
-0.069397
-0.069446
-0.069495
-0.069495
-0.069421
-0.069372
-0.069421
-0.069495
-0.069471
-0.069397
-0.069372
-0.069421
-0.069471
-0.069421
-0.069348
-0.069348
-0.069397
-0.069446
-0.069421
-0.069348
-0.069323
-0.069372
-0.069446
-0.069421
-0.069348
-0.069323
-0.069348
-0.069274
-0.069323
-0.069372
-0.069372
-0.069298
-0.069249
-0.069298
-0.069372
-0.069348
-0.069274
-0.069249
-0.069298
-0.069348
-0.069323
-0.069249
-0.069224
-0.069274
-0.069323
-0.069323
-0.069249
-0.0692
-0.069249
-0.069323
-0.069298
-0.069224
-0.0692
-0.069224
-0.069298
-0.069298
-0.0692
-0.069151
-0.0692
-0.069249
-0.069249
-0.069175
-0.069151
-0.069175
-0.069249
-0.069249
-0.069175
-0.069175
-0.069126
-0.069151
-0.069224
-0.069224
-0.069151
-0.069101
-0.069151
-0.0692
-0.0692
-0.069126
-0.069077
-0.069126
-0.069175
-0.069175
-0.069101
-0.069077
-0.069101
-0.069151
-0.069151
-0.069077
-0.069028
-0.069077
-0.069126
-0.069126
-0.069052
-0.069028
-0.069052
-0.069126
-0.069126
-0.069052
-0.069003
-0.069052
-0.069101
-0.069101
-0.069028
-0.069003
-0.069028
-0.069101
-0.069101
-0.069077
-0.069077
-0.069003
-0.068954
-0.069003
-0.069077
-0.069077
-0.069003
-0.068954
-0.068978
-0.069028
-0.069028
-0.068954
-0.068929
-0.068954
-0.069003
-0.069003
-0.068929
-0.06888
-0.068904
-0.068978
-0.068978
-0.068929
-0.06888
-0.068904
-0.068978
-0.068978
-0.068904
-0.068855
-0.06888
-0.068929
-0.068954
-0.06888
-0.068831
-0.068855
-0.068929
-0.068929
-0.06888
-0.068806
-0.068831
-0.068781
-0.068855
-0.068978
-0.069052
-0.069077
-0.069052
-0.069126
-0.069175
-0.069077
-0.068855
-0.068683
-0.068658
-0.068757
-0.068806
-0.068757
-0.068732
-0.068757
-0.068831
-0.068855
-0.068781
-0.068732
-0.068732
-0.068806
-0.068831
-0.068781
-0.068707
-0.068732
-0.068806
-0.068806
-0.068757
-0.068683
-0.068707
-0.068781
-0.068806
-0.068732
-0.068683
-0.068683
-0.068757
-0.068781
-0.068707
-0.068757
-0.068707
-0.068658
-0.068658
-0.068732
-0.068757
-0.068683
-0.068634
-0.068634
-0.068707
-0.068732
-0.068683
-0.068634
-0.068634
-0.068707
-0.068732
-0.068683
-0.068609
-0.068634
-0.068683
-0.068732
-0.068683
-0.068609
-0.068634
-0.068683
-0.068707
-0.068658
-0.068609
-0.068609
-0.068683
-0.068683
-0.068634
-0.06856
-0.06856
-0.068634
-0.068658
-0.068609
-0.068535
-0.068535
-0.068584
-0.068486
-0.06856
-0.068584
-0.068511
-0.068437
-0.068437
-0.068511
-0.068535
-0.068486
-0.068412
-0.068412
-0.068486
-0.068511
-0.068461
-0.068387
-0.068412
-0.068461
-0.068486
-0.068437
-0.068387
-0.068387
-0.068461
-0.068486
-0.068437
-0.068363
-0.068363
-0.068437
-0.068461
-0.068412
-0.068363
-0.068363
-0.068412
-0.068461
-0.068412
-0.068338
-0.068338
-0.068412
-0.068437
-0.068387
-0.068314
-0.068314
-0.068314
-0.068363
-0.068412
-0.068363
-0.068289
-0.068289
-0.068338
-0.068363
-0.068338
-0.068264
-0.068264
-0.068314
-0.068363
-0.068314
-0.06824
-0.06824
-0.068289
-0.068338
-0.068289
-0.068215
-0.068215
-0.068289
-0.068314
-0.068289
-0.068215
-0.068215
-0.068264
-0.068314
-0.068264
-0.068191
-0.068191
-0.06824
-0.068289
-0.06824
-0.068166
-0.068141
-0.068215
-0.068264
-0.068215
-0.06824
-0.068215
-0.068141
-0.068117
-0.068166
-0.068215
-0.068166
-0.068092
-0.068092
-0.068141
-0.068191
-0.068166
-0.068092
-0.068067
-0.068117
-0.068166
-0.068141
-0.068067
-0.068067
-0.068117
-0.068166
-0.068117
-0.068043
-0.068043
-0.068092
-0.068141
-0.068117
-0.068043
-0.068018
-0.068067
-0.068117
-0.068092
-0.068018
-0.067994
-0.068067
-0.068092
-0.068067
-0.068018
-0.067994
-0.068043
-0.067944
-0.068018
-0.068043
-0.068018
-0.067944
-0.067944
-0.067994
-0.068043
-0.068018
-0.067944
-0.067944
-0.067994
-0.068043
-0.068018
-0.067944
-0.067895
-0.067944
-0.068018
-0.067994
-0.06792
-0.067895
-0.067944
-0.067994
-0.067969
-0.067895
-0.067846
-0.067895
-0.06792
-0.06792
-0.06787
-0.067895
-0.067994
-0.068117
-0.068141
-0.068141
-0.068141
-0.068166
-0.068092
-0.067944
-0.067747
-0.067846
-0.067797
-0.067772
-0.067821
-0.06787
-0.06787
-0.067797
-0.067772
-0.067821
-0.06787
-0.067846
-0.067772
-0.067747
-0.067797
-0.067846
-0.067821
-0.067747
-0.067723
-0.067772
-0.067821
-0.067821
-0.067747
-0.067698
-0.067747
-0.067821
-0.067797
-0.067723
-0.067698
-0.067723
-0.067797
-0.067772
-0.067723
-0.067674
-0.067723
-0.067772
-0.067772
-0.067698
-0.067674
-0.067723
-0.067772
-0.067698
-0.067772
-0.067747
-0.067674
-0.067649
-0.067698
-0.067747
-0.067747
-0.067674
-0.067624
-0.067674
-0.067723
-0.067723
-0.067649
-0.0676
-0.067649
-0.067698
-0.067674
-0.067624
-0.067575
-0.0676
-0.067649
-0.067649
-0.067575
-0.067526
-0.06755
-0.0676
-0.0676
-0.067526
-0.067501
-0.067526
-0.067575
-0.067575
-0.067526
-0.067477
-0.067501
-0.067575
-0.06755
-0.067501
-0.067452
-0.067477
-0.067427
-0.067477
-0.067526
-0.067526
-0.067477
-0.067427
-0.067452
-0.067526
-0.067526
-0.067452
-0.067403
-0.067427
-0.067501
-0.067501
-0.067427
-0.067378
-0.067427
-0.067477
-0.067477
-0.067427
-0.067378
-0.067403
-0.067452
-0.067452
-0.067403
-0.067354
-0.067378
-0.067452
-0.067452
-0.067378
-0.067329
-0.067354
-0.067427
-0.067427
-0.067354
-0.067304
-0.067329
-0.067403
-0.067403
-0.067378
-0.067329
-0.067255
-0.06728
-0.067354
-0.067354
-0.06728
-0.06723
-0.067255
-0.067329
-0.067329
-0.06728
-0.06723
-0.067255
-0.067304
-0.067304
-0.067255
-0.067206
-0.06723
-0.06728
-0.06728
-0.06723
-0.067181
-0.067181
-0.067255
-0.067255
-0.067206
-0.067157
-0.067181
-0.06723
-0.067255
-0.067206
-0.067132
-0.067157
-0.067206
-0.06723
-0.067181
-0.067107
-0.067132
-0.067206
-0.067132
-0.067206
-0.06723
-0.067157
-0.067083
-0.067107
-0.067157
-0.067181
-0.067132
-0.067083
-0.067083
-0.067157
-0.067157
-0.067107
-0.067058
-0.067083
-0.067132
-0.067157
-0.067107
-0.067058
-0.067058
-0.067107
-0.067132
-0.067083
-0.067033
-0.067033
-0.067083
-0.067107
-0.067058
-0.066984
-0.067009
-0.067083
-0.067083
-0.067033
-0.066984
-0.066984
-0.067033
-0.067058
-0.067009
-0.066935
-0.066984
-0.06691
-0.066935
-0.067009
-0.067033
-0.06696
-0.066886
-0.066886
-0.06696
-0.066984
-0.06696
-0.06696
-0.067009
-0.067132
-0.067206
-0.067206
-0.067181
-0.067157
-0.067083
-0.06696
-0.066812
-0.066738
-0.066787
-0.066861
-0.06691
-0.066886
-0.066837
-0.066837
-0.06691
-0.066935
-0.066886
-0.066837
-0.066837
-0.066886
-0.066935
-0.066886
-0.066812
-0.066812
-0.066886
-0.06691
-0.066861
-0.066886
-0.066837
-0.066787
-0.066787
-0.066861
-0.066886
-0.066861
-0.066787
-0.066787
-0.066837
-0.066886
-0.066837
-0.066763
-0.066763
-0.066837
-0.066861
-0.066812
-0.066763
-0.066763
-0.066812
-0.066837
-0.066812
-0.066738
-0.066738
-0.066812
-0.066837
-0.066812
-0.066738
-0.066738
-0.066812
-0.066861
-0.066812
-0.066738
-0.066738
-0.066787
-0.066837
-0.066787
-0.066738
-0.066738
-0.066713
-0.066689
-0.066738
-0.066787
-0.066738
-0.066664
-0.06664
-0.066713
-0.066738
-0.066689
-0.066615
-0.066615
-0.066664
-0.066713
-0.066664
-0.06659
-0.06659
-0.06664
-0.066689
-0.06664
-0.066566
-0.066566
-0.066615
-0.066664
-0.06664
-0.066566
-0.066541
-0.06659
-0.06664
-0.066615
-0.066541
-0.066517
-0.066566
-0.066615
-0.06659
-0.066517
-0.066517
-0.066566
-0.066615
-0.066566
-0.06659
-0.066566
-0.066492
-0.066467
-0.066517
-0.066566
-0.066541
-0.066443
-0.066443
-0.066492
-0.066541
-0.066492
-0.066418
-0.066418
-0.066467
-0.066517
-0.066467
-0.066418
-0.066393
-0.066443
-0.066492
-0.066467
-0.066393
-0.066369
-0.066418
-0.066467
-0.066443
-0.066369
-0.066344
-0.066393
-0.066443
-0.066418
-0.066344
-0.066344
-0.066369
-0.066418
-0.066393
-0.06632
-0.066295
-0.066344
-0.06632
-0.066369
-0.066369
-0.066295
-0.06627
-0.06632
-0.066369
-0.066344
-0.06627
-0.066246
-0.06627
-0.06632
-0.06632
-0.066246
-0.066197
-0.066246
-0.066295
-0.066295
-0.066221
-0.066172
-0.066221
-0.066295
-0.06627
-0.066221
-0.066172
-0.066221
-0.06627
-0.066246
-0.066197
-0.066147
-0.066197
-0.066246
-0.066246
-0.066172
-0.066147
-0.066197
-0.066246
-0.066221
-0.066147
-0.066123
-0.066098
-0.066147
-0.066197
-0.066197
-0.066123
-0.066098
-0.066147
-0.066172
-0.066147
-0.066098
-0.066049
-0.066098
-0.066147
-0.066147
-0.066073
-0.066049
-0.066073
-0.066123
-0.066123
-0.066049
-0.066024
-0.066049
-0.066098
-0.066098
-0.066049
-0.066
-0.066024
-0.066098
-0.066098
-0.066024
-0.065975
-0.066
-0.066073
-0.066073
-0.066
-0.065926
-0.065975
-0.066024
-0.066024
-0.066
-0.066295
-0.06627
-0.066221
-0.066172
-0.066073
-0.06595
-0.065827
-0.065803
-0.065876
-0.06595
-0.065975
-0.065926
-0.065901
-0.065926
-0.066
-0.066
-0.065926
-0.065876
-0.065926
-0.065975
-0.065975
-0.065901
-0.065876
-0.065901
-0.06595
-0.06595
-0.065876
-0.065827
-0.065876
-0.065926
-0.065926
-0.065852
-0.065827
-0.065852
-0.065901
-0.065901
-0.065852
-0.065803
-0.065827
-0.065901
-0.065827
-0.065876
-0.065901
-0.065827
-0.065778
-0.065803
-0.065852
-0.065876
-0.065803
-0.065753
-0.065803
-0.065852
-0.065876
-0.065803
-0.065778
-0.065803
-0.065852
-0.065876
-0.065827
-0.065778
-0.065803
-0.065852
-0.065876
-0.065827
-0.065778
-0.065778
-0.065852
-0.065852
-0.065778
-0.065729
-0.065753
-0.065803
-0.065827
-0.065753
-0.06568
-0.06568
-0.065753
-0.065753
-0.065704
-0.065655
-0.06568
-0.065606
-0.06563
-0.06568
-0.065704
-0.065655
-0.065581
-0.065606
-0.065655
-0.06568
-0.06563
-0.065556
-0.065581
-0.06563
-0.065655
-0.065606
-0.065532
-0.065556
-0.06563
-0.06563
-0.065581
-0.065532
-0.065532
-0.065606
-0.065606
-0.065556
-0.065507
-0.065507
-0.065581
-0.065606
-0.065556
-0.065483
-0.065507
-0.065556
-0.065581
-0.065507
-0.065458
-0.065483
-0.065532
-0.065556
-0.065507
-0.065532
-0.065483
-0.065433
-0.065433
-0.065507
-0.065532
-0.065458
-0.065409
-0.065409
-0.065483
-0.065507
-0.065433
-0.065384
-0.065384
-0.065458
-0.065483
-0.065433
-0.06536
-0.065384
-0.065433
-0.065458
-0.065409
-0.06536
-0.06536
-0.065409
-0.065433
-0.065384
-0.06531
-0.065335
-0.065384
-0.065409
-0.06536
-0.06531
-0.06531
-0.06536
-0.065384
-0.065335
-0.065286
-0.06531
-0.065261
-0.065261
-0.065335
-0.06536
-0.06531
-0.065236
-0.065236
-0.06531
-0.065335
-0.065286
-0.065212
-0.065212
-0.065286
-0.06531
-0.065261
-0.065212
-0.065212
-0.065261
-0.065286
-0.065236
-0.065187
-0.065187
-0.065236
-0.065261
-0.065212
-0.065163
-0.065163
-0.065212
-0.065236
-0.065212
-0.065138
-0.065138
-0.065187
-0.065236
-0.065187
-0.065113
-0.065113
-0.065163
-0.065212
-0.065163
-0.065187
-0.065138
-0.065089
-0.065064
-0.065138
-0.065163
-0.065113
-0.065064
-0.065039
-0.065113
-0.065138
-0.065113
-0.065039
-0.065039
-0.065089
-0.065138
-0.065089
-0.065039
-0.065015
-0.065064
-0.065113
-0.065064
-0.06499
-0.06499
-0.065039
-0.065064
-0.065015
-0.064966
-0.06499
-0.065089
-0.065187
-0.065212
-0.065187
-0.065236
-0.065335
-0.065335
-0.065187
-0.064966
-0.064843
-0.064867
-0.064892
-0.064941
-0.06499
-0.064941
-0.064892
-0.064867
-0.064916
-0.064966
-0.064916
-0.064867
-0.064843
-0.064892
-0.064941
-0.064916
-0.064867
-0.064843
-0.064892
-0.064916
-0.064892
-0.064818
-0.064818
-0.064867
-0.064916
-0.064892
-0.064818
-0.064793
-0.064843
-0.064892
-0.064867
-0.064793
-0.064769
-0.064818
-0.064867
-0.064867
-0.064793
-0.064769
-0.064843
-0.064892
-0.064867
-0.064793
-0.064867
-0.064793
-0.064769
-0.064818
-0.064867
-0.064843
-0.064793
-0.064744
-0.064793
-0.064843
-0.064818
-0.064744
-0.064719
-0.064744
-0.064793
-0.064769
-0.064695
-0.064646
-0.064695
-0.064744
-0.064719
-0.064646
-0.064621
-0.064646
-0.064695
-0.064695
-0.064621
-0.064596
-0.064621
-0.06467
-0.06467
-0.064596
-0.064572
-0.064596
-0.06467
-0.064646
-0.064572
-0.064547
-0.064596
-0.064646
-0.064572
-0.064621
-0.064621
-0.064547
-0.064523
-0.064572
-0.064621
-0.064596
-0.064547
-0.064498
-0.064547
-0.064596
-0.064572
-0.064523
-0.064473
-0.064523
-0.064572
-0.064572
-0.064498
-0.064473
-0.064498
-0.064547
-0.064523
-0.064473
-0.064424
-0.064473
-0.064523
-0.064523
-0.064449
-0.064399
-0.064449
-0.064498
-0.064473
-0.064424
-0.064375
-0.064424
-0.064473
-0.064473
-0.064399
-0.064375
-0.06435
-0.064399
-0.064449
-0.064449
-0.064375
-0.064326
-0.064375
-0.064424
-0.064424
-0.06435
-0.064301
-0.064326
-0.064399
-0.064375
-0.064326
-0.064276
-0.064301
-0.06435
-0.064375
-0.064301
-0.064252
-0.064301
-0.06435
-0.06435
-0.064276
-0.064252
-0.064276
-0.06435
-0.06435
-0.064276
-0.064227
-0.064276
-0.064326
-0.064326
-0.064252
-0.064202
-0.064227
-0.064301
-0.064301
-0.064227
-0.064276
-0.064202
-0.064153
-0.064178
-0.064227
-0.064227
-0.064178
-0.064129
-0.064153
-0.064227
-0.064227
-0.064153
-0.064104
-0.064129
-0.064202
-0.064227
-0.064153
-0.064104
-0.064129
-0.064178
-0.064178
-0.064129
-0.064079
-0.064104
-0.064178
-0.064178
-0.064104
-0.064055
-0.064079
-0.064153
-0.064153
-0.064079
-0.06403
-0.064055
-0.064129
-0.064129
-0.064079
-0.06403
-0.064055
-0.064104
-0.06403
-0.064104
-0.064104
-0.064055
-0.064006
-0.064006
-0.064055
-0.064079
-0.064006
-0.063956
-0.063956
-0.06403
-0.064055
-0.064055
-0.06403
-0.064129
-0.064252
-0.064301
-0.064301
-0.064252
-0.064153
-0.064055
-0.063956
-0.063858
-0.063833
-0.063858
-0.063956
-0.063981
-0.063956
-0.063907
-0.063907
-0.063981
-0.063981
-0.063932
-0.063882
-0.063907
-0.063956
-0.063981
-0.063907
-0.063858
-0.063907
-0.063833
-0.063858
-0.063907
-0.063932
-0.063882
-0.063809
-0.063833
-0.063907
-0.063907
-0.063858
-0.063809
-0.063809
-0.063882
-0.063907
-0.063858
-0.063784
-0.063809
-0.063858
-0.063882
-0.063833
-0.063784
-0.063784
-0.063858
-0.063882
-0.063833
-0.063759
-0.063759
-0.063833
-0.063858
-0.063809
-0.063759
-0.063759
-0.063833
-0.063858
-0.063833
-0.063759
-0.063759
-0.063833
-0.063858
-0.063809
-0.063833
-0.063784
-0.063735
-0.063735
-0.063784
-0.063809
-0.063759
-0.063686
-0.063661
-0.063735
-0.063735
-0.063686
-0.063636
-0.063636
-0.063686
-0.06371
-0.063661
-0.063587
-0.063587
-0.063661
-0.063686
-0.063636
-0.063587
-0.063587
-0.063636
-0.063661
-0.063636
-0.063562
-0.063562
-0.063612
-0.063636
-0.063612
-0.063538
-0.063538
-0.063587
-0.063612
-0.063587
-0.063513
-0.063513
-0.063513
-0.063513
-0.063562
-0.063587
-0.063562
-0.063489
-0.063489
-0.063538
-0.063562
-0.063538
-0.063464
-0.063464
-0.063513
-0.063538
-0.063513
-0.063439
-0.063439
-0.063513
-0.063538
-0.063513
-0.063439
-0.063439
-0.063489
-0.063513
-0.063489
-0.063415
-0.063415
-0.063464
-0.063489
-0.063464
-0.06339
-0.06339
-0.063439
-0.063464
-0.063439
-0.063365
-0.063365
-0.063415
-0.063439
-0.063415
-0.063415
-0.06339
-0.063341
-0.063316
-0.063365
-0.06339
-0.063365
-0.063292
-0.063292
-0.063341
-0.063365
-0.063341
-0.063292
-0.063267
-0.063316
-0.063341
-0.063316
-0.063267
-0.063242
-0.063292
-0.063341
-0.063316
-0.063242
-0.063218
-0.063267
-0.063316
-0.063292
-0.063218
-0.063218
-0.063267
-0.063292
-0.063267
-0.063218
-0.063193
-0.063242
-0.063292
-0.063267
-0.063193
-0.063169
-0.063218
-0.063144
-0.063193
-0.063242
-0.063218
-0.063144
-0.063144
-0.063193
-0.063218
-0.063193
-0.063119
-0.063119
-0.063169
-0.063218
-0.063193
-0.063119
-0.063119
-0.063144
-0.063193
-0.063169
-0.063119
-0.06307
-0.063119
-0.063169
-0.063144
-0.06307
-0.063045
-0.063095
-0.063144
-0.063119
-0.06307
-0.063045
-0.06307
-0.063119
-0.063119
-0.063045
-0.063021
-0.06307
-0.063119
-0.063095
-0.063021
-0.06307
-0.063021
-0.062972
-0.063021
-0.063045
-0.063021
-0.062972
-0.062947
-0.063045
-0.063144
-0.063193
-0.063193
-0.063218
-0.063292
-0.063341
-0.063193
-0.062996
-0.062849
-0.062873
-0.062947
-0.062972
-0.062922
-0.062922
-0.062972
-0.063021
-0.062996
-0.062947
-0.062898
-0.062947
-0.062996
-0.062996
-0.062922
-0.062873
-0.062922
-0.062972
-0.062947
-0.062898
-0.062849
-0.062873
-0.062922
-0.062824
-0.062873
-0.062898
-0.062849
-0.062799
-0.062849
-0.062898
-0.062898
-0.062849
-0.062799
-0.062849
-0.062898
-0.062898
-0.062824
-0.062775
-0.062799
-0.062849
-0.062849
-0.06275
-0.062725
-0.062799
-0.062873
-0.062873
-0.062824
-0.062799
-0.062824
-0.062898
-0.062898
-0.062824
-0.06275
-0.062799
-0.062873
-0.062849
-0.062775
-0.062725
-0.062775
-0.062824
-0.062824
-0.062775
-0.062725
-0.06275
-0.062701
-0.062725
-0.062775
-0.06275
-0.062701
-0.062652
-0.062676
-0.062725
-0.06275
-0.062676
-0.062627
-0.062652
-0.062701
-0.062701
-0.062652
-0.062602
-0.062627
-0.062676
-0.062676
-0.062627
-0.062578
-0.062602
-0.062652
-0.062652
-0.062602
-0.062553
-0.062578
-0.062652
-0.062652
-0.062578
-0.062553
-0.062578
-0.062627
-0.062627
-0.062578
-0.062528
-0.062553
-0.062602
-0.062602
