2018
7
9
14
52
6.5564
-0.080475
-0.080475
-0.080475
-0.080475
-0.080475
-0.080499
-0.080499
-0.080475
-0.080475
-0.080499
-0.080499
-0.080499
-0.080499
-0.080499
-0.080499
-0.080524
-0.080524
-0.080524
-0.080499
-0.080524
-0.080549
-0.080549
-0.080524
-0.080524
-0.080524
-0.080549
-0.080549
-0.080549
-0.080549
-0.080549
-0.080573
-0.080573
-0.080549
-0.080549
-0.080573
-0.080573
-0.080573
-0.080573
-0.080573
-0.080598
-0.080573
-0.080598
-0.080622
-0.080622
-0.080598
-0.080598
-0.080622
-0.080622
-0.080647
-0.080622
-0.080622
-0.080622
-0.080647
-0.080647
-0.080647
-0.080622
-0.080647
-0.080647
-0.080647
-0.080647
-0.080647
-0.080647
-0.080672
-0.080672
-0.080647
-0.080647
-0.080672
-0.080696
-0.080696
-0.080672
-0.080672
-0.080672
-0.080696
-0.080696
-0.080696
-0.080672
-0.080696
-0.080721
-0.080721
-0.080696
-0.080721
-0.080721
-0.080696
-0.080721
-0.080745
-0.080745
-0.080721
-0.080721
-0.080721
-0.080745
-0.080745
-0.080721
-0.080721
-0.080721
-0.080745
-0.080745
-0.080745
-0.080745
-0.080745
-0.08077
-0.08077
-0.08077
-0.080745
-0.08077
-0.08077
-0.080795
-0.08077
-0.08077
-0.08077
-0.080795
-0.080795
-0.080795
-0.08077
-0.080795
-0.080795
-0.080795
-0.08077
-0.080795
-0.080819
-0.080893
-0.080918
-0.080918
-0.080869
-0.080745
-0.080647
-0.080622
-0.080696
-0.080745
-0.080795
-0.080795
-0.080819
-0.080844
-0.080844
-0.080844
-0.080819
-0.080844
-0.080844
-0.080869
-0.080869
-0.080869
-0.080869
-0.080869
-0.080893
-0.080893
-0.080869
-0.080869
-0.080893
-0.080918
-0.080893
-0.080869
-0.080893
-0.080918
-0.080918
-0.080918
-0.080893
-0.080918
-0.080918
-0.080942
-0.080942
-0.080918
-0.080967
-0.080942
-0.080967
-0.080967
-0.080992
-0.080992
-0.080967
-0.080967
-0.080992
-0.081016
-0.080992
-0.080992
-0.080992
-0.080992
-0.081016
-0.080992
-0.080992
-0.080992
-0.081016
-0.081016
-0.081016
-0.081016
-0.081016
-0.081016
-0.081041
-0.081016
-0.081016
-0.081016
-0.081016
-0.081041
-0.081016
-0.081016
-0.080992
-0.081016
-0.081016
-0.081016
-0.080992
-0.081016
-0.081016
-0.081016
-0.081016
-0.081016
-0.081016
-0.081016
-0.080992
-0.081016
-0.081041
-0.081041
-0.081016
-0.081016
-0.081041
-0.081041
-0.081041
-0.081016
-0.081016
-0.081041
-0.081065
-0.081065
-0.081041
-0.081041
-0.081041
-0.081065
-0.081065
-0.081065
-0.081041
-0.081065
-0.08109
-0.081065
-0.081065
-0.081041
-0.081065
-0.08109
-0.08109
-0.081065
-0.081065
-0.08109
-0.08109
-0.08109
-0.08109
-0.081065
-0.081065
-0.081065
-0.08109
-0.08109
-0.08109
-0.08109
-0.08109
-0.081115
-0.081115
-0.081115
-0.08109
-0.08109
-0.081115
-0.081115
-0.081139
-0.081115
-0.081115
-0.081115
-0.081139
-0.081139
-0.081115
-0.081115
-0.081139
-0.081139
-0.081139
-0.081115
-0.081115
-0.081115
-0.081139
-0.081139
-0.081139
-0.081115
-0.081139
-0.081164
-0.081164
-0.081139
-0.081139
-0.081139
-0.081164
-0.081139
-0.081164
-0.081164
-0.081164
-0.081164
-0.081189
-0.081164
-0.081164
-0.081164
-0.081164
-0.081189
-0.081164
-0.081164
-0.081164
-0.081164
-0.081189
-0.081189
-0.081164
-0.081164
-0.081189
-0.081189
-0.081189
-0.081164
-0.081164
-0.081189
-0.081189
-0.081213
-0.081189
-0.081189
-0.081189
-0.081213
-0.081213
-0.081189
-0.081189
-0.081189
-0.081189
-0.081189
-0.081189
-0.081189
-0.081189
-0.081189
-0.081189
-0.081213
-0.081213
-0.081213
-0.081189
-0.081213
-0.081213
-0.081213
-0.081213
-0.081189
-0.081189
-0.081213
-0.081213
-0.081189
-0.081164
-0.081164
-0.081189
-0.081213
-0.081238
-0.081262
-0.081336
-0.081386
-0.081361
-0.081336
-0.081312
-0.081262
-0.081189
-0.08109
-0.081065
-0.08109
-0.081164
-0.081213
-0.081238
-0.081238
-0.081238
-0.081262
-0.081287
-0.081287
-0.081262
-0.081262
-0.081287
-0.081287
-0.081287
-0.081287
-0.081312
-0.081287
-0.081287
-0.081287
-0.081312
-0.081312
-0.081312
-0.081287
-0.081287
-0.081312
-0.081312
-0.081312
-0.081312
-0.081312
-0.081336
-0.081336
-0.081312
-0.081312
-0.081312
-0.081336
-0.081336
-0.081312
-0.081312
-0.081336
-0.081361
-0.081361
-0.081361
-0.081336
-0.081336
-0.081361
-0.081386
-0.081361
-0.081361
-0.081361
-0.081386
-0.081386
-0.081386
-0.081361
-0.081361
-0.081361
-0.081361
-0.081386
-0.081361
-0.081336
-0.081336
-0.081361
-0.081361
-0.081361
-0.081336
-0.081336
-0.081361
-0.081361
-0.081361
-0.081336
-0.081336
-0.081361
-0.081386
-0.081361
-0.081336
-0.081361
-0.081361
-0.081361
-0.081361
-0.081361
-0.081361
-0.081386
-0.081386
-0.081361
-0.081361
-0.081361
-0.081361
-0.081386
-0.081386
-0.081361
-0.081361
-0.081386
-0.081361
-0.081386
-0.08141
-0.081386
-0.081386
-0.081386
-0.081386
-0.08141
-0.081386
-0.081386
-0.081361
-0.081386
-0.08141
-0.081386
-0.081361
-0.081386
-0.081386
-0.08141
-0.08141
-0.081386
-0.081386
-0.081386
-0.08141
-0.081386
-0.081361
-0.081361
-0.081386
-0.08141
-0.081386
-0.081386
-0.081386
-0.081386
-0.08141
-0.081386
-0.081386
-0.081386
-0.081386
-0.08141
-0.081386
-0.081361
-0.081386
-0.081386
-0.08141
-0.08141
-0.081386
-0.081386
-0.081386
-0.08141
-0.08141
-0.08141
-0.081386
-0.081386
-0.08141
-0.08141
-0.08141
-0.081386
-0.081386
-0.08141
-0.08141
-0.08141
-0.08141
-0.08141
-0.08141
-0.081435
-0.081435
-0.08141
-0.08141
-0.08141
-0.081435
-0.08141
-0.08141
-0.08141
-0.08141
-0.081435
-0.08141
-0.08141
-0.081386
-0.08141
-0.08141
-0.08141
-0.08141
-0.08141
-0.08141
-0.08141
-0.08141
-0.08141
-0.081386
-0.081386
-0.08141
-0.081435
-0.081435
-0.08141
-0.08141
-0.08141
-0.081435
-0.08141
-0.08141
-0.08141
-0.08141
-0.08141
-0.08141
-0.08141
-0.081386
-0.08141
-0.08141
-0.08141
-0.081386
-0.081386
-0.08141
-0.08141
-0.08141
-0.081386
-0.081386
-0.081435
-0.081484
-0.081558
-0.081558
-0.081533
-0.081533
-0.081533
-0.081238
-0.081287
-0.081336
-0.081361
-0.081386
-0.08141
-0.081435
-0.081435
-0.08141
-0.08141
-0.08141
-0.081435
-0.081435
-0.081435
-0.081435
-0.081435
-0.081459
-0.081459
-0.081435
-0.081435
-0.081435
-0.081459
-0.081459
-0.081459
-0.081435
-0.081435
-0.081459
-0.081459
-0.081435
-0.081435
-0.081459
-0.081459
-0.081459
-0.081459
-0.081435
-0.081459
-0.081459
-0.081459
-0.081459
-0.081459
-0.081459
-0.081459
-0.081459
-0.081484
-0.081484
-0.081459
-0.081459
-0.081484
-0.081484
-0.081484
-0.081484
-0.081484
-0.081484
-0.081509
-0.081509
-0.081484
-0.081484
-0.081484
-0.081509
-0.081509
-0.081484
-0.081484
-0.081484
-0.081509
-0.081484
-0.081484
-0.081459
-0.081459
-0.081484
-0.081484
-0.081459
-0.081435
-0.081459
-0.081459
-0.081459
-0.081459
-0.081435
-0.081459
-0.081459
-0.081459
-0.081459
-0.081459
-0.081459
-0.081435
-0.081435
-0.081459
-0.081459
-0.081459
-0.081435
-0.081459
-0.081459
-0.081459
-0.081459
-0.081435
-0.081435
-0.081459
-0.081459
-0.081459
-0.081435
-0.081459
-0.081459
-0.081459
-0.081459
-0.081435
-0.081435
-0.081459
-0.081459
-0.081459
-0.081435
-0.081459
-0.081459
-0.081459
-0.081459
-0.081435
-0.081435
-0.081459
-0.081459
-0.081435
-0.081435
-0.081435
-0.08141
-0.081435
-0.081435
-0.081435
-0.081435
-0.08141
-0.08141
-0.081435
-0.081459
-0.081435
-0.08141
-0.08141
-0.081435
-0.081435
-0.08141
-0.08141
-0.08141
-0.081435
-0.081435
-0.081435
-0.08141
-0.08141
-0.08141
-0.081435
-0.08141
-0.08141
-0.08141
-0.08141
-0.081435
-0.08141
-0.081386
-0.08141
-0.08141
-0.08141
-0.08141
-0.08141
-0.08141
-0.08141
-0.08141
-0.08141
-0.081435
-0.08141
-0.08141
-0.08141
-0.08141
-0.08141
-0.08141
-0.081386
-0.081386
-0.08141
-0.08141
-0.08141
-0.081386
-0.081386
-0.081386
-0.08141
-0.081386
-0.081386
-0.081386
-0.081386
-0.081386
-0.081386
-0.081361
-0.081361
-0.081386
-0.08141
-0.081386
-0.081361
-0.081386
-0.081386
-0.081386
-0.081386
-0.081361
-0.081361
-0.081361
-0.081386
-0.081361
-0.081336
-0.081361
-0.081361
-0.081361
-0.081386
-0.081361
-0.081361
-0.081361
-0.081361
-0.081386
-0.081361
-0.081361
-0.081336
-0.081361
-0.081361
-0.081361
-0.081336
-0.081336
-0.081361
-0.081336
-0.081336
-0.081312
-0.081336
-0.081386
-0.081435
-0.081484
-0.081484
-0.081484
-0.081459
-0.081459
-0.081386
-0.081262
-0.081164
-0.081164
-0.081238
-0.081262
-0.081287
-0.081312
-0.081336
-0.081336
-0.081336
-0.081336
-0.081336
-0.081336
-0.081336
-0.081336
-0.081361
-0.081336
-0.081336
-0.081312
-0.081336
-0.081336
-0.081336
-0.081336
-0.081336
-0.081336
-0.081361
-0.081336
-0.081336
-0.081312
-0.081336
-0.081336
-0.081336
-0.081312
-0.081312
-0.081336
-0.081361
-0.081336
-0.081336
-0.081336
-0.081336
-0.081361
-0.081336
-0.081336
-0.081336
-0.081336
-0.081361
-0.081361
-0.081336
-0.081336
-0.081361
-0.081361
-0.081361
-0.081361
-0.081361
-0.081361
-0.081361
-0.081386
-0.081361
-0.081336
-0.081336
-0.081361
-0.081361
-0.081361
-0.081336
-0.081336
-0.081336
-0.081336
-0.081336
-0.081312
-0.081287
-0.081312
-0.081336
-0.081312
-0.081312
-0.081287
-0.081312
-0.081312
-0.081312
-0.081287
-0.081287
-0.081287
-0.081312
-0.081312
-0.081287
-0.081287
-0.081287
-0.081312
-0.081312
-0.081287
-0.081287
-0.081287
-0.081312
-0.081287
-0.081312
-0.081312
-0.081287
-0.081287
-0.081287
-0.081312
-0.081287
-0.081262
-0.081262
-0.081287
-0.081287
-0.081287
-0.081287
-0.081262
-0.081262
-0.081287
-0.081287
-0.081262
-0.081262
-0.081287
-0.081287
-0.081287
-0.081262
-0.081262
-0.081262
-0.081287
-0.081287
-0.081262
-0.081262
-0.081262
-0.081287
-0.081262
-0.081262
-0.081238
-0.081262
-0.081262
-0.081262
-0.081262
-0.081238
-0.081238
-0.081238
-0.081238
-0.081262
-0.081238
-0.081238
-0.081238
-0.081238
-0.081262
-0.081238
-0.081238
-0.081213
-0.081238
-0.081238
-0.081238
-0.081238
-0.081213
-0.081238
-0.081238
-0.081238
-0.081238
-0.081213
-0.081213
-0.081238
-0.081238
-0.081213
-0.081213
-0.081213
-0.081238
-0.081213
-0.081213
-0.081213
-0.081213
-0.081238
-0.081238
-0.081213
-0.081213
-0.081213
-0.081238
-0.081238
-0.081213
-0.081213
-0.081213
-0.081213
-0.081213
-0.081213
-0.081238
-0.081213
-0.081189
-0.081213
-0.081213
-0.081213
-0.081213
-0.081189
-0.081213
-0.081213
-0.081213
-0.081213
-0.081189
-0.081189
-0.081189
-0.081189
-0.081189
-0.081164
-0.081189
-0.081189
-0.081189
-0.081189
-0.081164
-0.081189
-0.081189
-0.081189
-0.081189
-0.081164
-0.081189
-0.081189
-0.081189
-0.081189
-0.081189
-0.081189
-0.081164
-0.081164
-0.081164
-0.081164
-0.081164
-0.081213
-0.081287
-0.081336
-0.081336
-0.081287
-0.081287
-0.081262
-0.081164
-0.081041
-0.080992
-0.081016
-0.08109
-0.081115
-0.081139
-0.081139
-0.081164
-0.081189
-0.081189
-0.081189
-0.081164
-0.081164
-0.081189
-0.081189
-0.081189
-0.081164
-0.081164
-0.081189
-0.081189
-0.081189
-0.081164
-0.081164
-0.081189
-0.081189
-0.081189
-0.081164
-0.081164
-0.081139
-0.081164
-0.081164
-0.081189
-0.081164
-0.081139
-0.081164
-0.081164
-0.081164
-0.081164
-0.081139
-0.081139
-0.081164
-0.081164
-0.081164
-0.081139
-0.081164
-0.081164
-0.081164
-0.081164
-0.081164
-0.081164
-0.081164
-0.081189
-0.081164
-0.081164
-0.081164
-0.081164
-0.081164
-0.081164
-0.081164
-0.081139
-0.081164
-0.081164
-0.081164
-0.081139
-0.081139
-0.081139
-0.081164
-0.081115
-0.081115
-0.08109
-0.08109
-0.081115
-0.081115
-0.08109
-0.08109
-0.081065
-0.08109
-0.08109
-0.08109
-0.081065
-0.081065
-0.08109
-0.08109
-0.08109
-0.081065
-0.081065
-0.08109
-0.08109
-0.08109
-0.081065
-0.081065
-0.081065
-0.08109
-0.08109
-0.081065
-0.081065
-0.081065
-0.081065
-0.081065
-0.081065
-0.081065
-0.081065
-0.081065
-0.081065
-0.081041
-0.081041
-0.081065
-0.081041
-0.081041
-0.081065
-0.081041
-0.081041
-0.081041
-0.081041
-0.081041
-0.081041
-0.081016
-0.081016
-0.081041
-0.081041
-0.081041
-0.081016
-0.081016
-0.081041
-0.081041
-0.081041
-0.081016
-0.081016
-0.081041
-0.081041
-0.081041
-0.081016
-0.081016
-0.081016
-0.081041
-0.081041
-0.081016
-0.081016
-0.081016
-0.081041
-0.081016
-0.081016
-0.081016
-0.081016
-0.081041
-0.081016
-0.081016
-0.081016
-0.081016
-0.080992
-0.081016
-0.081016
-0.081016
-0.080992
-0.080992
-0.081016
-0.081016
-0.081016
-0.080992
-0.080992
-0.081016
-0.081016
-0.081016
-0.080992
-0.080992
-0.080992
-0.080992
-0.080992
-0.080992
-0.080967
-0.080992
-0.080992
-0.080992
-0.080967
-0.080967
-0.080967
-0.080992
-0.080992
-0.080967
-0.080967
-0.080967
-0.080992
-0.080992
-0.080967
-0.080967
-0.080992
-0.080992
-0.080992
-0.080967
-0.080967
-0.080942
-0.080967
-0.080967
-0.080967
-0.080942
-0.080942
-0.080967
-0.080967
-0.080967
-0.080942
-0.080918
-0.080942
-0.080967
-0.080967
-0.080942
-0.080918
-0.080942
-0.080942
-0.080942
-0.080942
-0.080918
-0.080918
-0.080918
-0.080918
-0.080893
-0.080893
-0.080942
-0.080992
-0.081041
-0.081065
-0.081065
-0.081041
-0.081041
-0.080992
-0.080869
-0.080745
-0.080721
-0.080869
-0.080893
-0.080918
-0.080918
-0.080893
-0.080893
-0.080893
-0.080918
-0.080918
-0.080893
-0.080893
-0.080893
-0.080918
-0.080918
-0.080893
-0.080893
-0.080893
-0.080918
-0.080918
-0.080893
-0.080893
-0.080893
-0.080893
-0.080918
-0.080893
-0.080893
-0.080893
-0.080893
-0.080893
-0.080893
-0.080869
-0.080893
-0.080893
-0.080893
-0.080893
-0.080869
-0.080893
-0.080893
-0.080893
-0.080893
-0.080893
-0.080893
-0.080893
-0.080893
-0.080893
-0.080893
-0.080893
-0.080893
-0.080893
-0.080893
-0.080893
-0.080893
-0.080869
-0.080869
-0.080893
-0.080893
-0.080869
-0.080844
-0.080869
-0.080869
-0.080869
-0.080844
-0.080844
-0.080819
-0.080844
-0.080844
-0.080844
-0.080819
-0.080819
-0.080819
-0.080819
-0.080819
-0.080795
-0.080795
-0.080819
-0.080819
-0.080795
-0.080795
-0.080795
-0.080795
-0.080795
-0.080795
-0.080795
-0.08077
-0.08077
-0.080795
-0.080795
-0.08077
-0.08077
-0.08077
-0.08077
-0.08077
-0.08077
-0.080745
-0.080745
-0.08077
-0.08077
-0.08077
-0.080745
-0.080745
-0.080745
-0.080745
-0.080745
-0.080721
-0.080745
-0.080745
-0.080745
-0.080745
-0.080721
-0.080721
-0.080745
-0.080745
-0.080721
-0.080721
-0.080721
-0.080721
-0.080721
-0.080721
-0.080696
-0.080721
-0.080696
-0.080696
-0.080696
-0.080696
-0.080696
-0.080672
-0.080672
-0.080696
-0.080696
-0.080696
-0.080672
-0.080672
-0.080696
-0.080696
-0.080672
-0.080672
-0.080672
-0.080696
-0.080696
-0.080672
-0.080647
-0.080647
-0.080672
-0.080672
-0.080672
-0.080647
-0.080647
-0.080647
-0.080672
-0.080647
-0.080647
-0.080647
-0.080647
-0.080647
-0.080647
-0.080622
-0.080622
-0.080647
-0.080647
-0.080647
-0.080647
-0.080622
-0.080622
-0.080622
-0.080622
-0.080622
-0.080622
-0.080598
-0.080598
-0.080622
-0.080622
-0.080622
-0.080598
-0.080598
-0.080598
-0.080622
-0.080598
-0.080598
-0.080598
-0.080598
-0.080598
-0.080598
-0.080573
-0.080573
-0.080598
-0.080598
-0.080573
-0.080573
-0.080573
-0.080573
-0.080573
-0.080573
-0.080549
-0.080549
-0.080573
-0.080573
-0.080573
-0.080549
-0.080549
-0.080573
-0.080549
-0.080573
-0.080549
-0.080549
-0.080549
-0.080549
-0.080549
-0.080524
-0.080524
-0.080524
-0.080549
-0.080598
-0.080647
-0.080672
-0.080672
-0.080647
-0.080647
-0.080598
-0.080475
-0.080376
-0.080327
-0.080376
-0.080425
-0.08045
-0.080475
-0.080499
-0.080524
-0.080499
-0.080499
-0.080499
-0.080499
-0.080499
-0.080499
-0.080499
-0.080475
-0.080499
-0.080499
-0.080499
-0.080499
-0.080475
-0.080475
-0.080475
-0.080475
-0.080475
-0.080475
-0.08045
-0.08045
-0.08045
-0.080475
-0.080475
-0.080475
-0.08045
-0.08045
-0.080475
-0.080475
-0.080475
-0.08045
-0.08045
-0.08045
-0.080475
-0.08045
-0.08045
-0.08045
-0.08045
-0.080475
-0.08045
-0.08045
-0.08045
-0.08045
-0.08045
-0.08045
-0.08045
-0.080425
-0.08045
-0.08045
-0.08045
-0.080425
-0.080425
-0.080425
-0.08045
-0.080401
-0.080425
-0.080401
-0.080376
-0.080352
-0.080376
-0.080376
-0.080376
-0.080352
-0.080352
-0.080352
-0.080376
-0.080352
-0.080352
-0.080327
-0.080352
-0.080352
-0.080352
-0.080327
-0.080327
-0.080352
-0.080352
-0.080327
-0.080327
-0.080327
-0.080327
-0.080327
-0.080327
-0.080327
-0.080302
-0.080327
-0.080327
-0.080327
-0.080302
-0.080302
-0.080302
-0.080327
-0.080327
-0.080302
-0.080302
-0.080302
-0.080278
-0.080302
-0.080302
-0.080302
-0.080278
-0.080278
-0.080278
-0.080278
-0.080278
-0.080278
-0.080253
-0.080278
-0.080278
-0.080278
-0.080278
-0.080253
-0.080253
-0.080278
-0.080278
-0.080253
-0.080253
-0.080253
-0.080253
-0.080253
-0.080228
-0.080228
-0.080228
-0.080228
-0.080228
-0.080228
-0.080204
-0.080228
-0.080228
-0.080228
-0.080204
-0.080204
-0.080204
-0.080228
-0.080228
-0.080228
-0.080204
-0.080204
-0.080179
-0.080204
-0.080204
-0.080204
-0.080179
-0.080179
-0.080179
-0.080204
-0.080204
-0.080179
-0.080179
-0.080179
-0.080204
-0.080179
-0.080155
-0.080155
-0.080155
-0.080179
-0.080179
-0.080155
-0.080155
-0.080155
-0.080155
-0.080155
-0.080155
-0.08013
-0.08013
-0.080155
-0.080155
-0.08013
-0.08013
-0.08013
-0.08013
-0.08013
-0.08013
-0.080105
-0.080105
-0.080105
-0.080105
-0.080105
-0.080105
-0.080105
-0.080105
-0.080105
-0.080105
-0.08013
-0.080105
-0.080081
-0.080105
-0.080105
-0.08013
-0.080105
-0.080081
-0.080081
-0.080105
-0.080105
-0.080081
-0.080081
-0.080081
-0.080105
-0.080105
-0.080081
-0.080081
-0.080056
-0.080081
-0.080081
-0.080105
-0.08013
-0.080179
-0.080228
-0.080253
-0.080204
-0.080179
-0.08013
-0.080056
-0.079933
-0.079884
-0.080032
-0.080056
-0.080032
-0.080056
-0.080056
-0.080056
-0.080056
-0.080056
-0.080056
-0.080056
-0.080056
-0.080056
-0.080032
-0.080032
-0.080056
-0.080056
-0.080032
-0.080032
-0.080032
-0.080032
-0.080056
-0.080032
-0.080007
-0.080032
-0.080032
-0.080032
-0.080032
-0.080007
-0.080007
-0.080032
-0.080032
-0.080032
-0.080007
-0.080032
-0.080032
-0.080032
-0.080032
-0.080007
-0.080007
-0.080032
-0.080007
-0.080032
-0.080032
-0.080032
-0.080007
-0.080007
-0.080032
-0.080032
-0.080007
-0.079982
-0.079982
-0.080007
-0.080007
-0.079982
-0.079982
-0.079982
-0.080007
-0.080007
-0.079982
-0.079982
-0.079958
-0.079982
-0.079982
-0.079958
-0.079933
-0.079933
-0.079958
-0.079958
-0.079933
-0.079908
-0.079908
-0.079933
-0.079933
-0.079908
-0.079884
-0.079884
-0.079908
-0.079908
-0.079908
-0.079884
-0.079884
-0.079884
-0.079884
-0.079908
-0.079884
-0.079859
-0.079859
-0.079884
-0.079884
-0.079884
-0.079859
-0.079859
-0.079859
-0.079859
-0.079859
-0.079835
-0.079835
-0.079859
-0.079859
-0.079835
-0.079835
-0.079835
-0.079835
-0.079859
-0.079835
-0.079835
-0.079835
-0.079835
-0.079835
-0.079835
-0.07981
-0.07981
-0.079835
-0.079835
-0.07981
-0.07981
-0.07981
-0.07981
-0.07981
-0.07981
-0.07981
-0.07981
-0.079785
-0.079785
-0.079785
-0.07981
-0.079785
-0.079785
-0.079785
-0.079785
-0.079785
-0.079785
-0.079785
-0.079785
-0.079785
-0.079785
-0.079761
-0.079761
-0.079736
-0.079761
-0.079761
-0.079761
-0.079736
-0.079736
-0.079736
-0.079761
-0.079736
-0.079736
-0.079736
-0.079736
-0.079736
-0.079736
-0.079712
-0.079736
-0.079736
-0.079736
-0.079736
-0.079712
-0.079712
-0.079712
-0.079712
-0.079712
-0.079736
-0.079712
-0.079687
-0.079687
-0.079712
-0.079712
-0.079712
-0.079687
-0.079687
-0.079687
-0.079687
-0.079687
-0.079662
-0.079662
-0.079687
-0.079687
-0.079687
-0.079662
-0.079662
-0.079662
-0.079662
-0.079662
-0.079638
-0.079638
-0.079638
-0.079638
-0.079638
-0.079638
-0.079638
-0.079638
-0.079638
-0.079638
-0.079613
-0.079613
-0.079638
-0.079638
-0.079638
-0.079613
-0.079613
-0.079588
-0.079588
-0.079588
-0.079613
-0.079588
-0.079588
-0.079588
-0.079564
-0.079588
-0.079588
-0.079588
-0.079613
-0.079687
-0.079736
-0.079761
-0.079712
-0.079687
-0.079662
-0.079588
-0.079465
-0.079367
-0.079391
-0.079441
-0.07949
-0.079515
-0.079539
-0.079539
-0.079539
-0.079564
-0.079564
-0.079539
-0.079539
-0.079539
-0.079564
-0.079564
-0.079539
-0.079539
-0.079539
-0.079539
-0.079539
-0.079539
-0.079539
-0.079515
-0.079515
-0.079515
-0.079539
-0.079515
-0.079515
-0.07949
-0.079515
-0.079515
-0.079515
-0.07949
-0.07949
-0.07949
-0.079515
-0.079515
-0.07949
-0.07949
-0.07949
-0.079515
-0.079515
-0.07949
-0.079465
-0.07949
-0.07949
-0.07949
-0.079465
-0.079465
-0.079465
-0.07949
-0.07949
-0.079465
-0.079465
-0.079465
-0.079465
-0.079465
-0.079465
-0.079441
-0.079441
-0.079441
-0.079441
-0.079441
-0.079441
-0.079416
-0.079416
-0.079416
-0.079416
-0.079416
-0.079391
-0.079391
-0.079391
-0.079391
-0.079391
-0.079367
-0.079367
-0.079367
-0.079367
-0.079367
-0.079342
-0.079342
-0.079342
-0.079367
-0.079367
-0.079342
-0.079342
-0.079342
-0.079342
-0.079342
-0.079318
-0.079318
-0.079318
-0.079342
-0.079318
-0.079318
-0.079293
-0.079318
-0.079318
-0.079318
-0.079293
-0.079293
-0.079293
-0.079293
-0.079293
-0.079293
-0.079268
-0.079268
-0.079268
-0.079293
-0.079293
-0.079268
-0.079244
-0.079268
-0.079268
-0.079268
-0.079244
-0.079244
-0.079244
-0.079268
-0.079268
-0.079244
-0.079219
-0.079244
-0.079244
-0.079244
-0.079244
-0.079219
-0.079219
-0.079244
-0.079219
-0.079219
-0.079195
-0.079195
-0.079219
-0.079219
-0.079195
-0.079195
-0.079195
-0.079219
-0.079195
-0.079195
-0.079195
-0.07917
-0.07917
-0.07917
-0.079195
-0.079195
-0.07917
-0.07917
-0.07917
-0.079195
-0.07917
-0.07917
-0.079145
-0.079145
-0.07917
-0.07917
-0.079145
-0.079145
-0.079145
-0.079145
-0.079145
-0.079121
-0.079121
-0.079121
-0.079145
-0.079145
-0.079121
-0.079121
-0.079121
-0.079121
-0.079121
-0.079121
-0.079096
-0.079096
-0.079121
-0.079121
-0.079121
-0.079096
-0.079096
-0.079096
-0.079096
-0.079071
-0.079071
-0.079071
-0.079047
-0.079047
-0.079071
-0.079071
-0.079047
-0.079047
-0.079047
-0.079071
-0.079071
-0.079047
-0.079047
-0.079047
-0.079047
-0.079071
-0.079047
-0.079022
-0.079022
-0.079047
-0.079047
-0.079022
-0.079022
-0.079022
-0.079022
-0.079022
-0.078998
-0.078998
-0.079022
-0.079071
-0.079145
-0.07917
-0.079145
-0.079121
-0.079121
-0.079047
-0.07885
-0.078899
-0.078924
-0.078948
-0.078948
-0.078973
-0.078973
-0.078973
-0.078948
-0.078948
-0.078973
-0.078973
-0.078973
-0.078948
-0.078948
-0.078973
-0.078973
-0.078948
-0.078948
-0.078948
-0.078948
-0.078948
-0.078948
-0.078924
-0.078924
-0.078948
-0.078948
-0.078948
-0.078924
-0.078924
-0.078924
-0.078924
-0.078924
-0.078899
-0.078899
-0.078924
-0.078924
-0.078924
-0.078899
-0.078899
-0.078899
-0.078899
-0.078924
-0.078924
-0.078924
-0.078899
-0.078899
-0.078924
-0.078924
-0.078924
-0.078899
-0.078899
-0.078899
-0.078924
-0.078899
-0.078899
-0.078875
-0.078899
-0.078899
-0.078899
-0.078875
-0.078875
-0.078875
-0.078875
-0.07885
-0.07885
-0.078825
-0.07885
-0.07885
-0.078825
-0.078801
-0.078801
-0.078801
-0.078801
-0.078801
-0.078776
-0.078776
-0.078776
-0.078801
-0.078776
-0.078776
-0.078751
-0.078751
-0.078751
-0.078751
-0.078751
-0.078751
-0.078727
-0.078727
-0.078751
-0.078751
-0.078751
-0.078727
-0.078727
-0.078727
-0.078751
-0.078727
-0.078702
-0.078702
-0.078727
-0.078727
-0.078727
-0.078702
-0.078702
-0.078702
-0.078702
-0.078702
-0.078678
-0.078678
-0.078678
-0.078678
-0.078678
-0.078653
-0.078653
-0.078653
-0.078678
-0.078653
-0.078653
-0.078628
-0.078628
-0.078628
-0.078628
-0.078653
-0.078628
-0.078604
-0.078579
-0.078579
-0.078579
-0.078554
-0.078554
-0.078554
-0.078579
-0.078579
-0.078579
-0.078579
-0.078579
-0.078579
-0.078604
-0.078604
-0.078579
-0.078579
-0.078579
-0.078579
-0.078579
-0.078554
-0.078554
-0.078579
-0.078579
-0.078579
-0.078579
-0.078554
-0.078579
-0.078604
-0.078604
-0.078579
-0.078579
-0.078579
-0.078579
-0.078579
-0.078554
-0.078579
-0.078579
-0.078554
-0.078579
-0.078579
-0.078604
-0.078579
-0.078579
-0.078579
-0.078604
-0.078579
-0.078554
-0.078554
-0.078579
-0.078579
-0.078579
-0.078554
-0.078554
-0.078554
-0.078579
-0.078579
-0.078554
-0.078554
-0.078554
-0.078579
-0.078554
-0.07853
-0.07853
-0.07853
-0.078554
-0.07853
-0.07853
-0.078505
-0.078505
-0.07853
-0.07853
-0.078505
-0.078481
-0.078505
-0.078505
-0.078456
-0.078481
-0.078456
-0.078456
-0.078431
-0.078456
-0.078481
-0.078456
-0.078431
-0.078407
-0.078431
-0.078456
-0.078481
-0.07853
-0.078579
-0.078604
-0.078579
-0.078579
-0.07853
-0.078431
-0.078308
-0.078259
-0.078284
-0.078308
-0.078333
-0.078382
-0.078407
-0.078407
-0.078382
-0.078382
-0.078382
-0.078407
-0.078407
-0.078382
-0.078382
-0.078382
-0.078382
-0.078382
-0.078382
-0.078358
-0.078358
-0.078358
-0.078358
-0.078358
-0.078358
-0.078358
-0.078333
-0.078358
-0.078358
-0.078358
-0.078333
-0.078333
-0.078333
-0.078358
-0.078358
-0.078333
-0.078333
-0.078333
-0.078333
-0.078333
-0.078333
-0.078308
-0.078333
-0.078333
-0.078333
-0.078308
-0.078308
-0.078308
-0.078308
-0.078333
-0.078308
-0.078308
-0.078308
-0.078308
-0.078308
-0.078308
-0.078284
-0.078284
-0.078308
-0.078308
-0.078308
-0.078284
-0.078259
-0.078259
-0.078259
-0.078259
-0.078259
-0.078234
-0.07821
-0.07821
-0.078234
-0.078234
-0.07821
-0.078185
-0.07821
-0.07821
-0.07821
-0.078185
-0.078185
-0.078185
-0.078185
-0.078185
-0.078185
-0.078161
-0.078161
-0.078185
-0.078185
-0.078161
-0.078161
-0.078161
-0.078161
-0.078161
-0.078161
-0.078136
-0.078136
-0.078161
-0.078161
-0.078161
-0.078136
-0.078136
-0.078111
-0.078136
-0.078136
-0.078136
-0.078136
-0.078111
-0.078111
-0.078136
-0.078111
-0.078111
-0.078087
-0.078087
-0.078111
-0.078111
-0.078111
-0.078087
-0.078087
-0.078087
-0.078087
-0.078087
-0.078062
-0.078087
-0.078087
-0.078087
-0.078087
-0.078062
-0.078062
-0.078087
-0.078087
-0.078062
-0.078062
-0.078062
-0.078062
-0.078062
-0.078062
-0.078038
-0.078062
-0.078062
-0.078062
-0.078038
-0.078062
-0.078038
-0.078013
-0.078013
-0.078038
-0.078038
-0.078013
-0.078013
-0.078013
-0.078013
-0.078013
-0.078013
-0.077988
-0.077988
-0.078013
-0.078013
-0.077988
-0.077988
-0.077988
-0.077988
-0.077988
-0.077964
-0.077964
-0.077964
-0.077964
-0.077964
-0.077964
-0.077939
-0.077939
-0.077939
-0.077939
-0.077939
-0.077914
-0.077914
-0.077939
-0.077939
-0.077914
-0.077914
-0.077914
-0.077914
