2018
7
9
14
48
48.975
0.10672
0.10674
0.10677
0.10679
0.10679
0.10682
0.10684
0.10684
0.10684
0.10684
0.10684
0.10684
0.10686
0.10686
0.10684
0.10684
0.10684
0.10686
0.10684
0.10682
0.10682
0.10682
0.10684
0.10684
0.10682
0.10679
0.10682
0.10684
0.10684
0.10682
0.10679
0.10679
0.10682
0.10679
0.10679
0.10679
0.10682
0.10682
0.10679
0.10679
0.10682
0.10679
0.10679
0.10679
0.10682
0.10679
0.10679
0.10679
0.10679
0.10679
0.10682
0.10679
0.10679
0.10682
0.10684
0.10684
0.10682
0.10682
0.10684
0.10686
0.10686
0.10686
0.10684
0.10686
0.10689
0.10686
0.10686
0.10686
0.10689
0.10691
0.10691
0.10689
0.10689
0.10691
0.10691
0.10691
0.10689
0.10691
0.10694
0.10694
0.10691
0.10694
0.10694
0.10691
0.10691
0.10691
0.10694
0.10694
0.10691
0.10694
0.10694
0.10696
0.10696
0.10694
0.10694
0.10696
0.10699
0.10699
0.10696
0.10696
0.10699
0.10701
0.10701
0.10699
0.10699
0.10701
0.10704
0.10704
0.10701
0.10701
0.10704
0.10706
0.10706
0.10704
0.10704
0.10704
0.10706
0.10706
0.10706
0.10704
0.10704
0.10704
0.10706
0.10709
0.10709
0.10706
0.10706
0.10709
0.10709
0.10709
0.10709
0.10706
0.10709
0.10709
0.10709
0.10706
0.10706
0.10709
0.10711
0.10711
0.10709
0.10709
0.10709
0.10711
0.10711
0.10709
0.10709
0.10711
0.10711
0.10711
0.10711
0.10709
0.10711
0.10714
0.10714
0.10711
0.10711
0.10711
0.10714
0.10714
0.10714
0.10714
0.10711
0.10711
0.10714
0.10714
0.10714
0.10714
0.10711
0.10714
0.10714
0.10714
0.10714
0.10714
0.10714
0.10716
0.10716
0.10714
0.10714
0.10714
0.10716
0.10716
0.10716
0.10714
0.10716
0.10718
0.10721
0.10718
0.10718
0.10721
0.10721
0.10721
0.10718
0.10718
0.10721
0.10721
0.10721
0.10718
0.10718
0.10718
0.10718
0.10718
0.10721
0.10721
0.10718
0.10718
0.10718
0.10721
0.10723
0.10721
0.10721
0.10721
0.10723
0.10723
0.10718
0.10714
0.10711
0.10711
0.10709
0.10706
0.10709
0.10716
0.10726
0.10731
0.10733
0.10731
0.10728
0.10728
0.10728
0.10726
0.10726
0.10726
0.10731
0.10731
0.10728
0.10728
0.10726
0.10728
0.10728
0.10728
0.10728
0.10728
0.10728
0.10731
0.10733
0.10731
0.10731
0.10731
0.10733
0.10733
0.10733
0.10733
0.10733
0.10736
0.10736
0.10736
0.10736
0.10736
0.10738
0.10738
0.10738
0.10736
0.10738
0.10741
0.10741
0.10741
0.10741
0.10741
0.10741
0.10743
0.10741
0.10741
0.10741
0.10741
0.10743
0.10741
0.10741
0.10741
0.10743
0.10743
0.10748
0.10748
0.10748
0.10746
0.10746
0.10748
0.1075
0.1075
0.10748
0.10748
0.1075
0.10753
0.1075
0.1075
0.1075
0.10753
0.10755
0.10755
0.10753
0.10753
0.10755
0.10758
0.10758
0.10758
0.10758
0.1076
0.1076
0.1076
0.1076
0.1076
0.1076
0.10763
0.10763
0.1076
0.1076
0.10763
0.10765
0.10765
0.10763
0.10763
0.10765
0.10768
0.1077
0.10768
0.10768
0.10768
0.1077
0.10773
0.10773
0.10773
0.10773
0.10775
0.10775
0.10775
0.10775
0.10775
0.10778
0.10778
0.10778
0.10775
0.10775
0.10778
0.1078
0.10778
0.10778
0.10778
0.1078
0.1078
0.1078
0.1078
0.1078
0.10782
0.10782
0.10782
0.10782
0.1078
0.10782
0.10785
0.10785
0.10782
0.10785
0.10782
0.10785
0.10785
0.10787
0.10787
0.10787
0.10787
0.10787
0.1079
0.1079
0.10787
0.10787
0.1079
0.10792
0.1079
0.1079
0.1079
0.1079
0.10792
0.10792
0.1079
0.1079
0.10792
0.10792
0.1079
0.1079
0.1079
0.10792
0.10792
0.10792
0.1079
0.1079
0.10792
0.10792
0.10792
0.10792
0.1079
0.10792
0.10792
0.10795
0.10795
0.10792
0.10792
0.10795
0.10795
0.10795
0.10795
0.10792
0.10795
0.10797
0.10797
0.10795
0.10795
0.10797
0.108
0.10797
0.10797
0.10795
0.10797
0.108
0.108
0.10797
0.10797
0.108
0.108
0.10802
0.108
0.10797
0.108
0.108
0.108
0.108
0.10797
0.108
0.108
0.108
0.108
0.108
0.108
0.1079
0.1079
0.10787
0.10787
0.1079
0.10795
0.10802
0.1081
0.10812
0.10807
0.10807
0.10805
0.10807
0.10807
0.10805
0.10802
0.10805
0.10805
0.10805
0.10805
0.10802
0.10805
0.10805
0.10805
0.10805
0.10802
0.10805
0.10805
0.10807
0.10805
0.10805
0.10805
0.10807
0.10807
0.10805
0.10805
0.10807
0.10807
0.1081
0.10807
0.10807
0.10807
0.10807
0.10807
0.10807
0.10807
0.10807
0.10807
0.1081
0.1081
0.10807
0.10807
0.1081
0.1081
0.1081
0.10807
0.10807
0.10807
0.1081
0.1081
0.10807
0.10807
0.10807
0.1081
0.10812
0.1081
0.1081
0.1081
0.10812
0.10812
0.10812
0.1081
0.1081
0.10812
0.10812
0.10812
0.10812
0.10812
0.10814
0.10814
0.10814
0.10814
0.10814
0.10812
0.10814
0.10814
0.10814
0.10814
0.10814
0.10814
0.10817
0.10817
0.10814
0.10814
0.10814
0.10817
0.10817
0.10814
0.10814
0.10817
0.10817
0.10819
0.10817
0.10817
0.10819
0.10819
0.10819
0.10819
0.10819
0.10819
0.10822
0.10822
0.10819
0.10819
0.10819
0.10819
0.10822
0.10819
0.10819
0.10822
0.10822
0.10822
0.10824
0.10824
0.10824
0.10822
0.10824
0.10827
0.10827
0.10824
0.10824
0.10824
0.10827
0.10827
0.10824
0.10824
0.10824
0.10827
0.10827
0.10827
0.10824
0.10827
0.10829
0.10829
0.10829
0.10829
0.10829
0.10829
0.10829
0.10827
0.10827
0.10827
0.10829
0.10829
0.10827
0.10827
0.10827
0.10829
0.10829
0.10829
0.10829
0.10829
0.10829
0.10829
0.10832
0.10832
0.10832
0.10832
0.10832
0.10832
0.10834
0.10832
0.10832
0.10832
0.10834
0.10834
0.10834
0.10834
0.10834
0.10834
0.10837
0.10837
0.10837
0.10834
0.10837
0.10837
0.10837
0.10837
0.10834
0.10837
0.10837
0.10837
0.10837
0.10837
0.10837
0.10839
0.10839
0.10837
0.10837
0.10839
0.10842
0.10842
0.10844
0.10844
0.10844
0.10844
0.10849
0.10851
0.10851
0.10849
0.10851
0.10854
0.10856
0.10856
0.10856
0.10856
0.10856
0.10859
0.10859
0.10859
0.10859
0.10861
0.10864
0.10864
0.10861
0.10861
0.10861
0.10861
0.10859
0.10854
0.10854
0.10854
0.10859
0.10864
0.10871
0.10876
0.10881
0.10883
0.10881
0.10878
0.10881
0.10878
0.10881
0.10881
0.10881
0.10883
0.10883
0.10881
0.10883
0.10886
0.10888
0.10886
0.10886
0.10888
0.10891
0.10891
0.10891
0.10891
0.10893
0.10896
0.10898
0.10896
0.10896
0.10898
0.10901
0.10901
0.10901
0.10901
0.10903
0.10906
0.10906
0.10906
0.10906
0.10908
0.10908
0.10908
0.10908
0.10908
0.10908
0.1091
0.10913
0.10913
0.10913
0.1091
0.10913
0.10915
0.10915
0.10913
0.10913
0.10915
0.10918
0.10918
0.10915
0.10915
0.10915
0.10918
0.10918
0.10918
0.10918
0.10918
0.1092
0.1092
0.1092
0.10918
0.1092
0.1092
0.1092
0.1092
0.1092
0.10923
0.10923
0.10923
0.1092
0.1092
0.10923
0.10923
0.10923
0.10923
0.10923
0.10923
0.10923
0.10923
0.10923
0.10923
0.10923
0.1092
0.10923
0.10925
0.10925
0.10925
0.10925
0.10925
0.10925
0.10925
0.10925
0.10925
0.10925
0.10928
0.10928
0.10925
0.10925
0.10925
0.10928
0.10928
0.10928
0.10925
0.10928
0.1093
0.1093
0.10928
0.10928
0.10928
0.1093
0.10928
0.10928
0.10928
0.10928
0.1093
0.1093
0.10928
0.1093
0.10928
0.10928
0.10928
0.1093
0.1093
0.10928
0.10928
0.10928
0.1093
0.1093
0.1093
0.10928
0.10928
0.1093
0.1093
0.10928
0.10928
0.10928
0.1093
0.1093
0.10928
0.10928
0.10928
0.10928
0.10928
0.10928
0.10928
0.10928
0.10928
0.1093
0.10928
0.10925
0.10928
0.10928
0.10928
0.10928
0.10925
0.10925
0.10928
0.10925
0.10928
0.10928
0.10925
0.10925
0.10925
0.10928
0.10928
0.10925
0.10925
0.10925
0.10925
0.10925
0.10923
0.10923
0.10923
0.10923
0.10923
0.10923
0.10923
0.10923
0.10923
0.10925
0.10925
0.10923
0.10923
0.10925
0.10925
0.10925
0.10923
0.10923
0.10923
0.10925
0.10923
0.10923
0.10923
0.10923
0.10923
0.10923
0.1092
0.10923
0.1092
0.1092
0.1092
0.10923
0.1092
0.1092
0.1092
0.1092
0.10918
0.10915
0.1091
0.10908
0.10908
0.10908
0.1091
0.10915
0.10923
0.10928
0.10928
0.10925
0.10923
0.1092
0.1092
0.1092
0.1092
0.10918
0.1092
0.1092
0.10923
0.1092
0.10918
0.10918
0.1092
0.1092
0.10918
0.10918
0.10915
0.10918
0.10918
0.10918
0.10918
0.10918
0.10918
0.10915
0.10918
0.1092
0.10918
0.10918
0.10918
0.1092
0.1092
0.10918
0.10918
0.1092
0.1092
0.1092
0.1092
0.1092
0.1092
0.10923
0.10923
0.10923
0.1092
0.10923
0.10923
0.10923
0.10923
0.1092
0.1092
0.10923
0.10923
0.10923
0.10923
0.10923
0.10925
0.10925
0.10925
0.10925
0.10925
0.10928
0.10928
0.10928
0.1093
0.1093
0.10928
0.1093
0.10933
0.10933
0.10933
0.1093
0.10933
0.10933
0.10935
0.10935
0.10933
0.10933
0.10933
0.10935
0.10935
0.10933
0.10933
0.10935
0.10935
0.10935
0.10935
0.10935
0.10938
0.1094
0.10938
0.10938
0.10938
0.10938
0.1094
0.1094
0.10938
0.1094
0.1094
0.10942
0.10942
0.10942
0.10945
0.10945
0.10945
0.10945
0.10947
0.10947
0.10945
0.10945
0.10947
0.10947
0.10947
0.10947
0.10947
0.10952
0.10952
0.10952
0.1095
0.1095
0.10952
0.10955
0.10952
0.10952
0.10952
0.10952
0.10955
0.10957
0.10955
0.10955
0.10955
0.10957
0.10957
0.10957
0.10957
0.1096
0.1096
0.10962
0.10962
0.1096
0.10962
0.10965
0.10965
0.10967
0.1097
0.10967
0.10967
0.10967
0.1097
0.1097
0.1097
0.1097
0.1097
0.10972
0.10972
0.10972
0.10972
0.10972
0.10974
0.10974
0.10974
0.10974
0.10977
0.10977
0.10979
0.10977
0.10977
0.10979
0.10979
0.10979
0.10979
0.10979
0.10982
0.10982
0.10984
0.10982
0.10982
0.10984
0.10987
0.10987
0.10984
0.10987
0.10987
0.10987
0.10989
0.10992
0.10992
0.10992
0.10992
0.10992
0.10994
0.10994
0.10992
0.10992
0.10994
0.10997
0.10997
0.10994
0.10994
0.10994
0.10997
0.10997
0.10997
0.10997
0.10997
0.10999
0.10999
0.10999
0.10997
0.10999
0.11002
0.11002
0.11002
0.10999
0.10999
0.10999
0.10997
0.10994
0.10989
0.10989
0.10997
0.11019
0.11019
0.11016
0.11014
0.11014
0.11014
0.11014
0.11016
0.11016
0.11016
0.11016
0.11019
0.11019
0.11019
0.11019
0.11019
0.11021
0.11021
0.11021
0.11021
0.11021
0.11026
0.11029
0.11026
0.11026
0.11029
0.11031
0.11034
0.11031
0.11031
0.11034
0.11034
0.11036
0.11036
0.11036
0.11036
0.11038
0.11041
0.11041
0.11038
0.11046
0.11046
0.11048
0.11051
0.11048
0.11048
0.11048
0.11051
0.11053
0.11053
0.11053
0.11051
0.11053
0.11056
0.11058
0.11058
0.11058
0.11061
0.11061
0.11063
0.11063
0.11066
0.11066
0.11068
0.1107
0.1107
0.1107
0.1107
0.11075
0.11078
0.11078
0.11075
0.11078
0.1108
0.1108
0.1108
0.1108
0.1108
0.11083
0.11083
0.11085
0.11088
0.11088
0.11088
0.11088
0.1109
0.11093
0.1109
0.11093
0.11093
0.11095
0.11098
0.11098
0.11098
0.11098
0.111
0.11102
0.11102
0.11102
0.11102
0.11105
0.11107
0.11107
0.11105
0.11107
0.1111
0.11112
0.11112
0.1111
0.11112
0.11115
0.11117
0.11115
0.11115
0.11117
0.1112
0.1112
0.1112
0.1112
0.11122
0.11122
0.11122
0.11125
0.11127
0.11127
0.11127
0.11127
0.1113
0.11132
0.11132
0.11132
0.11132
0.11135
0.11137
0.11137
0.11135
0.11135
0.11137
0.11139
0.11139
0.11137
0.11137
0.11139
0.11142
0.11142
0.11139
0.11142
0.11142
0.11144
0.11144
0.11144
0.11144
0.11147
0.11149
0.11147
0.11147
0.11147
0.11149
0.11149
0.11149
0.11152
0.11152
0.11149
0.11152
0.11154
0.11154
0.11154
0.11152
0.11152
0.11154
0.11154
0.11154
0.11152
0.11154
0.11154
0.11157
0.11157
0.11154
0.11154
0.11154
0.11157
0.11157
0.11154
0.11154
0.11157
0.11159
0.11159
0.11157
0.11157
0.11159
0.11159
0.11159
0.11159
0.11159
0.11162
0.11162
0.11162
0.11159
0.11159
0.11162
0.11159
0.11162
0.11162
0.11162
0.11162
0.11162
0.11162
0.11164
0.11164
0.11164
0.11164
0.11167
0.11169
0.11167
0.11164
0.11162
0.11162
0.11159
0.11159
0.11154
0.11154
0.11159
0.11167
0.11174
0.11179
0.11181
0.11181
0.11179
0.11176
0.11176
0.11174
0.11176
0.11176
0.11176
0.11176
0.11176
0.11179
0.11179
0.11181
0.11179
0.11184
0.11184
0.11184
0.11186
0.11186
0.11186
0.11186
0.11186
0.11186
0.11189
0.11189
0.11186
0.11186
0.11189
0.11191
0.11191
0.11189
0.11189
0.11189
0.11191
0.11191
0.11189
0.11189
0.11191
0.11191
0.11191
0.11191
0.11189
0.11191
0.11194
0.11194
0.11194
0.11191
0.11191
0.11194
0.11194
0.11194
0.11194
0.11194
0.11196
0.11196
0.11199
0.11201
0.11199
0.11199
0.11199
0.11201
0.11201
0.11201
0.11201
0.11201
0.11203
0.11203
0.11203
0.11203
0.11203
0.11203
0.11206
0.11206
0.11203
0.11206
0.11208
0.11208
0.11208
0.11206
0.11208
0.11208
0.11211
0.11211
0.11208
0.11211
0.11211
0.11213
0.11213
0.11211
0.11213
0.11213
0.11213
0.11213
0.11213
0.11218
0.11218
0.11221
0.11221
0.11221
0.11221
0.11221
0.11223
0.11223
0.11223
0.11223
0.11223
0.11228
0.11228
0.11228
0.11228
0.11228
0.11231
0.11233
0.11231
0.11231
0.11233
0.11235
0.11235
0.11235
0.11235
0.11235
0.11238
0.11238
0.11238
0.11238
0.11238
0.1124
0.1124
0.1124
0.1124
0.1124
0.11243
0.11245
0.11243
0.11245
0.11243
0.11245
0.11248
0.11248
0.11248
0.11248
0.11248
0.1125
0.1125
0.1125
0.1125
0.1125
0.11253
0.11253
0.11253
0.1125
0.1125
0.11253
0.11255
0.11253
0.11253
0.11253
0.11253
0.11253
0.11253
0.11253
0.11253
0.11255
0.11258
0.11258
0.11255
0.11255
0.11258
0.1126
0.11258
0.11258
0.11258
0.1126
0.1126
0.11263
0.11263
0.11263
0.11263
0.11265
0.11267
0.11267
0.11267
0.11267
0.11267
0.1127
0.11272
0.11272
0.1127
0.11272
0.11272
0.11275
0.11272
0.11272
0.11272
0.11275
0.11275
0.11275
0.11275
0.11275
0.11277
0.11277
0.11277
0.11277
0.11277
0.1128
0.11282
0.1128
0.1128
0.1128
0.1128
0.11277
0.11275
0.11272
0.11272
0.11295
0.11299
0.11299
0.11297
0.11297
0.11295
0.11295
0.11295
0.11297
0.11297
0.11297
0.11297
0.11299
0.11299
0.11299
0.11299
0.11299
0.11302
0.11304
0.11304
0.11302
0.11304
0.11307
0.11307
0.11307
0.11307
0.11309
0.11309
0.11312
0.11312
0.11309
0.11312
0.11314
0.11314
0.11314
0.11314
0.11314
0.11317
0.11317
0.11317
0.11322
0.11322
0.11322
0.11322
0.11324
0.11324
0.11324
0.11322
0.11322
0.11324
0.11324
0.11324
0.11322
0.11322
0.11324
0.11324
0.11324
0.11324
0.11324
0.11327
0.11327
0.11327
0.11327
0.11327
0.11327
0.11329
0.11329
0.11327
0.11327
0.11331
0.11331
0.11331
0.11331
0.11331
0.11331
0.11334
0.11334
0.11334
0.11331
0.11334
0.11331
0.11334
0.11334
0.11331
0.11331
0.11331
0.11334
0.11334
0.11331
0.11329
0.11331
0.11331
0.11329
0.11329
0.11329
0.11331
0.11331
0.11331
0.11329
0.11329
0.11331
0.11334
0.11334
0.11334
0.11331
0.11334
0.11336
0.11336
0.11336
0.11336
0.11336
0.11339
0.11339
0.11339
0.11339
0.11339
0.11341
0.11344
0.11341
0.11341
0.11344
0.11346
0.11344
0.11344
0.11344
0.11346
0.11346
0.11346
0.11346
0.11346
0.11349
0.11349
0.11349
0.11349
0.11351
0.11354
0.11354
0.11351
0.11351
0.11354
0.11356
0.11359
0.11359
0.11359
0.11359
0.11361
0.11363
0.11361
0.11361
0.11363
0.11366
0.11368
0.11368
0.11366
0.11368
0.11371
0.11371
0.11368
0.11368
0.11371
0.11371
0.11371
0.11373
0.11373
0.11373
0.11371
0.11373
0.11376
0.11376
0.11373
0.11373
0.11376
0.11376
0.11378
0.11376
0.11376
0.11376
0.11378
0.11378
0.11378
0.11378
0.11378
0.11381
0.11381
0.11381
0.11381
0.11381
0.11381
0.11381
0.11381
0.11381
0.11381
0.11383
0.11383
0.11383
0.11383
0.11386
0.11386
0.11388
0.11388
0.11393
0.11393
0.11391
0.11393
0.11395
0.11395
0.11395
0.11395
0.11398
0.11398
0.11398
0.11395
0.11393
0.11391
0.11391
0.11391
0.11393
0.11398
0.11405
0.11413
0.11418
0.11415
0.11413
0.1141
0.1141
0.1141
0.11408
0.11405
0.11408
0.1141
0.11413
0.1141
0.11408
0.11408
0.1141
0.11413
0.1141
0.1141
0.1141
0.11413
0.11415
0.11413
0.1141
0.1141
0.11413
0.11415
0.11413
0.11413
0.11413
0.11415
0.11415
0.11413
0.1141
0.1141
0.11413
0.11413
0.11413
0.1141
0.1141
0.11413
0.11413
0.11413
0.1141
0.11413
0.11415
0.11415
0.11415
0.11413
0.11413
0.11415
0.11415
0.11415
0.11415
0.11413
0.11415
0.11415
0.11415
0.11415
0.11415
0.11418
0.11418
0.11418
0.1142
0.11418
0.11415
0.11415
0.11418
0.1142
0.11418
0.11418
0.1142
0.1142
0.1142
0.1142
0.11418
0.1142
0.1142
0.11423
0.11423
0.1142
0.11418
0.1142
0.11423
0.1142
0.1142
0.1142
0.1142
0.11423
0.1142
0.1142
0.1142
0.11423
0.11423
0.1142
0.11423
0.11423
0.11423
0.11425
0.11425
0.11423
0.11423
0.1142
0.11423
0.11423
0.11425
0.11425
0.11423
0.11423
0.11423
0.11425
0.11425
0.11425
0.11425
0.11427
0.11427
0.11427
0.11425
0.11425
0.11427
0.1143
0.1143
0.1143
0.11427
0.1143
0.11432
0.11432
0.1143
0.1143
0.11432
0.11435
0.11432
0.11432
0.11432
0.11435
0.11437
0.11437
0.11435
0.11435
0.11437
0.11437
0.11437
0.1144
0.1144
0.11437
0.11437
0.11437
0.1144
0.1144
0.1144
0.1144
0.11442
0.11442
0.11442
0.1144
0.11442
0.11442
0.11445
0.11445
0.11445
0.11442
0.11445
0.11447
0.11447
0.11447
0.11447
0.11447
0.1145
0.1145
0.1145
0.1145
0.1145
0.11452
0.11452
0.1145
0.1145
0.1145
0.11452
0.11452
0.1145
0.1145
0.11455
0.11455
0.11457
0.11457
0.11457
0.11457
0.11457
0.11459
0.11459
0.11459
0.11459
0.11459
0.11462
0.11459
0.11459
0.11459
0.11462
0.11464
0.11464
0.11464
0.11464
0.11464
0.11464
0.11464
0.11464
0.11467
0.11467
0.11469
0.11467
0.11464
0.11462
0.11459
0.11459
0.11459
0.11457
0.11459
0.11467
0.11477
0.11482
0.11482
0.11482
0.11479
0.11479
0.11479
0.11482
0.11482
0.11482
0.11482
0.11482
0.11484
0.11487
0.11484
0.11484
0.11487
0.11489
0.11489
0.11489
0.11489
0.11491
0.11494
0.11494
0.11494
0.11494
0.11494
0.11496
0.11496
0.11496
0.11496
0.11499
0.11501
0.11501
0.11501
0.11499
0.11499
0.11501
0.11504
0.11504
0.11504
0.11504
0.11506
0.11506
0.11506
0.11509
0.11506
0.11506
0.11506
0.11509
0.11509
0.11509
0.11509
0.11511
0.11514
0.11514
0.11514
0.11511
0.11514
0.11514
0.11516
0.11514
0.11514
0.11516
0.11519
0.11519
0.11516
0.11516
0.11519
0.11521
0.11521
0.11521
0.11521
0.11521
0.11523
0.11523
0.11521
0.11521
0.11521
0.11523
0.11523
0.11521
0.11519
0.11521
0.11521
0.11523
0.11523
0.11523
0.11521
0.11521
0.11523
0.11526
0.11523
0.11523
0.11526
0.11526
0.11528
0.11528
0.11526
0.11528
0.11528
0.11531
0.11528
0.11528
0.11531
0.11533
0.11533
0.11533
0.11533
0.11533
0.11533
0.11536
0.11533
0.11533
0.11533
0.11536
0.11536
0.11536
0.11536
0.11536
0.11538
0.11541
0.11541
0.11543
0.11543
0.11543
0.11543
0.11546
0.11548
0.11546
0.11546
0.11548
0.11551
0.11551
0.11551
0.11548
0.11548
0.11551
0.11553
0.11551
0.11551
0.11551
0.11553
0.11553
0.11551
0.11553
0.11553
0.11555
0.11555
0.11555
0.11555
0.11555
0.11558
0.11558
0.11558
0.11558
0.11558
0.1156
0.11563
0.11563
0.11563
0.11563
0.11565
0.11568
0.11568
0.1157
0.1157
0.11568
0.1157
0.11573
0.11573
0.11573
0.1157
0.11573
0.11573
0.11573
0.11573
0.11573
0.11573
0.11573
0.11575
0.11575
0.11573
0.11573
0.11575
0.11578
0.11578
0.11575
0.11578
0.11578
0.1158
0.1158
0.1158
0.1158
0.11583
0.11583
0.11583
0.11583
0.11583
0.11585
0.11585
0.11585
0.11583
0.11585
0.11585
0.11587
0.11587
0.1159
0.11587
0.11585
0.11583
0.1158
0.1158
0.11578
0.11575
0.1158
0.11587
0.11595
0.116
0.116
0.11597
0.11597
0.11597
0.11595
0.11592
0.11592
0.11592
0.11595
0.11595
0.11592
0.11592
0.11595
0.11595
0.11595
0.11595
0.11595
0.11597
0.116
0.116
0.11597
0.116
0.116
0.116
0.11602
0.11602
0.11602
0.11602
0.11602
0.11605
0.11605
0.11605
0.11605
0.11605
0.11605
0.11607
0.11607
0.11605
0.11605
0.11605
0.11607
0.11607
0.11607
0.11605
0.11607
0.11607
0.11607
0.11607
0.11607
0.11607
0.1161
0.1161
0.11607
0.11607
0.1161
0.1161
0.1161
0.1161
0.1161
0.11612
0.11615
0.11615
0.11612
0.11612
0.11615
0.11615
0.11615
0.11615
0.11617
0.11615
0.11615
0.11617
0.11617
0.11617
0.11617
0.11615
0.11615
0.11617
0.11619
0.11617
0.11617
0.11617
0.11617
0.11617
0.11617
0.11617
0.11617
0.11619
0.11619
0.11617
0.11617
0.11617
0.11619
0.11619
0.11619
0.11617
0.11617
0.11619
0.11619
0.11619
0.11619
0.11619
0.11622
0.11622
0.11622
0.11624
0.11624
0.11622
0.11624
0.11624
0.11627
0.11624
0.11622
0.11624
0.11627
0.11627
0.11624
0.11624
0.11627
0.11627
0.11627
0.11624
0.11624
0.11627
0.11627
0.11629
0.11627
0.11627
0.11629
0.11627
0.11627
0.11627
0.11627
0.11627
0.11627
0.11627
0.11627
0.11624
0.11627
0.11627
0.11629
0.11627
0.11627
0.11627
0.11627
0.11627
0.11629
0.11629
0.11629
0.11627
0.11627
0.11629
0.11629
0.11627
0.11627
0.11627
0.11629
0.11629
0.11627
0.11627
0.11627
0.11627
0.11627
0.11627
0.11624
0.11627
0.11629
0.11629
0.11627
0.11627
0.11627
0.11627
0.11627
0.11627
0.11624
0.11624
0.11627
0.11627
0.11624
0.11624
0.11624
0.11627
0.11627
0.11627
0.11627
0.11627
0.11624
0.11624
0.11627
0.11627
0.11627
0.11624
0.11624
0.11627
0.11627
0.11624
0.11624
0.11624
0.11627
0.11627
0.11627
0.11624
0.11624
0.11627
0.11629
0.11627
0.11627
0.11627
0.11627
0.11627
0.11622
0.11619
0.11617
0.11617
0.11615
0.11615
0.11619
0.11627
0.11634
0.11637
0.11637
0.11634
0.11632
0.11632
0.11629
0.11629
0.11632
0.11629
0.11629
0.11629
0.11632
0.11632
0.11632
0.11632
0.11632
0.11634
0.11634
0.11634
0.11634
0.11634
0.11637
0.11637
0.11639
0.11639
0.11639
0.11642
0.11642
0.11642
0.11639
0.11639
0.11642
0.11644
0.11644
0.11642
0.11644
0.11644
0.11647
0.11644
0.11644
0.11644
0.11647
0.11647
0.11644
0.11644
0.11644
0.11644
0.11647
0.11649
0.11647
0.11647
0.11647
0.11649
0.11649
0.11649
0.11647
0.11647
0.11649
0.11649
0.11649
0.11649
0.11649
0.11649
0.11651
0.11649
0.11649
0.11649
0.11651
0.11651
0.11651
0.11649
0.11651
0.11651
0.11654
0.11654
0.11651
0.11651
0.11654
0.11654
0.11654
0.11654
0.11654
0.11656
0.11656
0.11656
