2018
7
9
15
40
50.973
0.061322
0.061347
0.061396
0.061371
0.061347
0.061322
0.061322
0.061371
0.061371
0.061322
0.061298
0.061322
0.061371
0.061371
0.061322
0.061298
0.061322
0.061347
0.061347
0.061322
0.061273
0.061298
0.061347
0.061347
0.061298
0.061273
0.061298
0.061322
0.061322
0.061273
0.061248
0.061248
0.061298
0.061298
0.061273
0.061224
0.061248
0.061298
0.061298
0.061248
0.061298
0.061248
0.061224
0.061248
0.061273
0.061273
0.061248
0.061199
0.061224
0.061248
0.061248
0.061224
0.061175
0.061199
0.061224
0.061224
0.061199
0.061175
0.061175
0.061224
0.061224
0.061199
0.061175
0.061175
0.061224
0.061224
0.061175
0.06115
0.06115
0.061199
0.061199
0.06115
0.061125
0.06115
0.061175
0.061199
0.06115
0.061125
0.061125
0.061175
0.061125
0.061175
0.061175
0.06115
0.061101
0.061101
0.06115
0.06115
0.061125
0.061076
0.061101
0.06115
0.06115
0.061101
0.061076
0.061076
0.06115
0.06115
0.061125
0.061076
0.061076
0.061076
0.061051
0.061002
0.060978
0.060978
0.061002
0.061027
0.061076
0.061125
0.06115
0.061125
0.061101
0.061051
0.061027
0.061027
0.061076
0.061076
0.061051
0.061002
0.061027
0.061002
0.061002
0.061051
0.061051
0.061027
0.060978
0.060978
0.061027
0.061027
0.061002
0.060953
0.060978
0.061002
0.061027
0.060978
0.060953
0.060953
0.061002
0.061002
0.060978
0.060953
0.060953
0.060978
0.061002
0.060978
0.060928
0.060928
0.060978
0.060978
0.060953
0.060904
0.060904
0.060953
0.060953
0.060928
0.060879
0.060879
0.060928
0.060928
0.060904
0.060904
0.060879
0.06083
0.060854
0.060879
0.060904
0.060854
0.06083
0.06083
0.060879
0.060879
0.060854
0.06083
0.06083
0.060879
0.060904
0.060879
0.06083
0.060854
0.060879
0.060904
0.060879
0.06083
0.06083
0.060879
0.060904
0.060879
0.06083
0.06083
0.060854
0.060879
0.060854
0.060805
0.060805
0.060854
0.060879
0.06083
0.060805
0.060805
0.060781
0.060781
0.06083
0.060854
0.060805
0.060781
0.060781
0.060805
0.06083
0.060805
0.060781
0.060756
0.060805
0.06083
0.060805
0.060756
0.060756
0.060781
0.060805
0.060781
0.060756
0.060756
0.060781
0.060805
0.060781
0.060731
0.060731
0.060781
0.060805
0.060781
0.060731
0.060731
0.060756
0.060781
0.060756
0.060707
0.060707
0.060756
0.060781
0.060756
0.060756
0.060731
0.060707
0.060707
0.060731
0.060756
0.060731
0.060682
0.060682
0.060707
0.060731
0.060707
0.060658
0.060658
0.060707
0.060707
0.060707
0.060658
0.060658
0.060682
0.060707
0.060682
0.060633
0.060633
0.060682
0.060707
0.060682
0.060633
0.060633
0.060658
0.060682
0.060658
0.060633
0.060608
0.060633
0.060682
0.060658
0.060608
0.060608
0.060633
0.060584
0.060633
0.060658
0.060633
0.060584
0.060584
0.060608
0.060633
0.060608
0.060559
0.060559
0.060584
0.060608
0.060608
0.060559
0.060559
0.060584
0.060608
0.060584
0.060534
0.060534
0.060559
0.060584
0.060584
0.060534
0.06051
0.060534
0.060559
0.060559
0.06051
0.060485
0.060534
0.060559
0.060534
0.06051
0.060485
0.060534
0.060559
0.060534
0.060485
0.06051
0.060485
0.060461
0.060485
0.060534
0.06051
0.060485
0.060461
0.060485
0.060485
0.060461
0.060387
0.060362
0.060411
0.060436
0.060411
0.060411
0.060485
0.060584
0.060608
0.060534
0.060461
0.060436
0.060461
0.060485
0.060485
0.060436
0.060411
0.060436
0.060461
0.060461
0.060411
0.060387
0.060436
0.060461
0.060461
0.060411
0.060387
0.060436
0.060461
0.060436
0.060436
0.060387
0.060362
0.060387
0.060436
0.060411
0.060387
0.060362
0.060387
0.060411
0.060411
0.060362
0.060338
0.060362
0.060411
0.060387
0.060362
0.060338
0.060362
0.060387
0.060387
0.060338
0.060313
0.060338
0.060362
0.060362
0.060313
0.060288
0.060313
0.060362
0.060338
0.060313
0.060288
0.060313
0.060338
0.060338
0.060288
0.060264
0.060288
0.060264
0.060313
0.060338
0.060338
0.060288
0.060288
0.060313
0.060338
0.060338
0.060288
0.060264
0.060288
0.060338
0.060313
0.060288
0.060264
0.060288
0.060313
0.060313
0.060264
0.060239
0.060264
0.060288
0.060288
0.060239
0.060214
0.060239
0.060288
0.060288
0.060239
0.060214
0.060239
0.060264
0.060264
0.060239
0.060214
0.060214
0.060264
0.060264
0.060214
0.060239
0.060214
0.06019
0.060214
0.060239
0.060239
0.06019
0.060165
0.06019
0.060214
0.060214
0.060165
0.060141
0.060165
0.06019
0.06019
0.060165
0.060141
0.060165
0.06019
0.06019
0.060141
0.060116
0.060141
0.06019
0.06019
0.060141
0.060116
0.060141
0.060165
0.06019
0.060141
0.060116
0.060141
0.060165
0.060165
0.060116
0.060091
0.060116
0.060165
0.060116
0.060141
0.060141
0.060116
0.060067
0.060091
0.060116
0.060141
0.060091
0.060067
0.060091
0.060116
0.060141
0.060091
0.060067
0.060091
0.060116
0.060116
0.060091
0.060042
0.060067
0.060091
0.060091
0.060067
0.060042
0.060067
0.060091
0.060091
0.060067
0.060018
0.060042
0.060091
0.060091
0.060042
0.060018
0.060042
0.060067
0.060091
0.060042
0.060018
0.060018
0.060042
0.060067
0.060018
0.059993
0.060018
0.060042
0.060042
0.060018
0.059968
0.059993
0.060018
0.060042
0.059993
0.059968
0.059968
0.060018
0.060018
0.059993
0.059968
0.059968
0.059993
0.060018
0.059968
0.059944
0.059944
0.059993
0.059993
0.059968
0.059944
0.059944
0.059993
0.059993
0.059968
0.059944
0.059944
0.059968
0.059944
0.059894
0.059845
0.059894
0.059919
0.059993
0.060042
0.059993
0.059944
0.059894
0.05987
0.059919
0.059944
0.059894
0.05987
0.05987
0.059894
0.059919
0.059894
0.059845
0.059845
0.059894
0.059919
0.05987
0.059845
0.059845
0.059894
0.059894
0.05987
0.059821
0.059821
0.05987
0.05987
0.059845
0.059796
0.059796
0.059845
0.059845
0.059821
0.059796
0.059796
0.059845
0.059845
0.059821
0.059821
0.059796
0.059771
0.059771
0.059821
0.059821
0.059771
0.059747
0.059747
0.059796
0.059796
0.059771
0.059722
0.059722
0.059771
0.059796
0.059747
0.059722
0.059722
0.059747
0.059771
0.059747
0.059722
0.059722
0.059747
0.059747
0.059722
0.059697
0.059722
0.059747
0.059771
0.059747
0.059722
0.059722
0.059747
0.059771
0.059747
0.059722
0.059722
0.059697
0.059697
0.059747
0.059771
0.059747
0.059697
0.059697
0.059722
0.059747
0.059722
0.059673
0.059673
0.059722
0.059722
0.059697
0.059673
0.059673
0.059697
0.059722
0.059697
0.059648
0.059648
0.059673
0.059697
0.059673
0.059648
0.059648
0.059673
0.059697
0.059673
0.059624
0.059624
0.059673
0.059697
0.059673
0.059624
0.059624
0.059648
0.059673
0.059648
0.059648
0.059624
0.059599
0.059648
0.059673
0.059648
0.059599
0.059599
0.059624
0.059648
0.059624
0.059599
0.059599
0.059624
0.059648
0.059624
0.059599
0.059574
0.059624
0.059648
0.059599
0.059574
0.059574
0.059599
0.059624
0.059599
0.059574
0.05955
0.059599
0.059624
0.059599
0.05955
0.059525
0.059574
0.059574
0.059574
0.059525
0.059525
0.05955
0.059574
0.05955
0.059574
0.05955
0.059501
0.059501
0.059525
0.05955
0.05955
0.059501
0.059501
0.059525
0.05955
0.059525
0.059501
0.059476
0.059525
0.05955
0.059525
0.059476
0.059476
0.059501
0.059525
0.059501
0.059451
0.059451
0.059476
0.059501
0.059476
0.059451
0.059427
0.059451
0.059501
0.059476
0.059427
0.059427
0.059451
0.059476
0.059451
0.059427
0.059427
0.059402
0.059402
0.059427
0.059451
0.059451
0.059402
0.059402
0.059427
0.059451
0.059427
0.059402
0.059377
0.059402
0.059451
0.059427
0.059377
0.059377
0.059402
0.059427
0.059402
0.059377
0.059377
0.059402
0.059427
0.059427
0.059377
0.059328
0.059328
0.059353
0.059328
0.059304
0.059279
0.059328
0.059427
0.059476
0.059451
0.059402
0.059377
0.059402
0.059377
0.059377
0.059377
0.059328
0.059304
0.059328
0.059353
0.059353
0.059304
0.059304
0.059328
0.059353
0.059353
0.059304
0.059279
0.059304
0.059353
0.059328
0.059279
0.059279
0.059304
0.059328
0.059304
0.059279
0.059254
0.059279
0.059304
0.059304
0.059254
0.05923
0.059254
0.059279
0.059279
0.05923
0.05923
0.059254
0.059279
0.059279
0.05923
0.059205
0.059254
0.059205
0.05923
0.059254
0.059254
0.059205
0.059181
0.059205
0.059254
0.05923
0.059181
0.059156
0.059181
0.05923
0.059205
0.059181
0.059156
0.059181
0.059205
0.059205
0.059181
0.059156
0.059181
0.05923
0.059205
0.059181
0.059156
0.059181
0.05923
0.05923
0.059181
0.059156
0.059181
0.059205
0.059205
0.059156
0.059131
0.059156
0.059181
0.059181
0.059131
0.059156
0.059131
0.059107
0.059131
0.059156
0.059156
0.059107
0.059082
0.059131
0.059156
0.059156
0.059107
0.059082
0.059107
0.059156
0.059131
0.059107
0.059082
0.059107
0.059131
0.059156
0.059107
0.059082
0.059107
0.059131
0.059131
0.059107
0.059057
0.059082
0.059131
0.059107
0.059082
0.059057
0.059082
0.059107
0.059107
0.059057
0.059033
0.059057
0.059082
0.059033
0.059057
0.059057
0.059033
0.059008
0.059033
0.059057
0.059057
0.059033
0.059008
0.059033
0.059082
0.059082
0.059033
0.059008
0.059008
0.059057
0.059057
0.059008
0.058984
0.059008
0.059057
0.059057
0.059008
0.058984
0.058984
0.059033
0.059033
0.058984
0.058959
0.058984
0.059008
0.059008
0.058984
0.058959
0.058959
0.059008
0.059008
0.058959
0.058934
0.058959
0.058934
0.058934
0.058984
0.058984
0.058959
0.058934
0.058934
0.058959
0.058959
0.058934
0.05891
0.058934
0.058959
0.058959
0.058934
0.058885
0.05891
0.058959
0.058959
0.058934
0.058885
0.05891
0.058934
0.058934
0.05891
0.05886
0.058885
0.058934
0.058934
0.05891
0.058885
0.058885
0.058934
0.058934
0.05891
0.058885
0.058885
0.05891
0.05891
0.058885
0.05891
0.05886
0.058836
0.05886
0.058885
0.05891
0.05886
0.058836
0.058836
0.058885
0.058885
0.05886
0.058836
0.058836
0.058885
0.05891
0.05886
0.058811
0.058787
0.058811
0.058787
0.058762
0.058737
0.058737
0.058762
0.058836
0.058885
0.058885
0.05886
0.05886
0.058836
0.058787
0.058762
0.058762
0.058811
0.058811
0.058787
0.058762
0.058762
0.058762
0.058787
0.058787
0.058762
0.058737
0.058737
0.058762
0.058762
0.058737
0.058713
0.058713
0.058762
0.058762
0.058737
0.058688
0.058713
0.058737
0.058762
0.058737
0.058688
0.058688
0.058737
0.058737
0.058713
0.058688
0.058688
0.058737
0.058737
0.058713
0.058664
0.058664
0.058713
0.058713
0.058688
0.058639
0.058664
0.058688
0.058713
0.058664
0.058639
0.058639
0.058614
0.058614
0.058664
0.058664
0.058639
0.058614
0.058614
0.058639
0.058664
0.058639
0.058614
0.058614
0.058664
0.058664
0.058664
0.058614
0.058639
0.058664
0.058688
0.058664
0.058614
0.058614
0.058639
0.058664
0.058639
0.058614
0.058614
0.058639
0.058664
0.058639
0.05859
0.05859
0.058614
0.058639
0.058614
0.05859
0.05859
0.058614
0.058639
0.05859
0.058614
0.05859
0.058565
0.058565
0.05859
0.058614
0.05859
0.05854
0.05854
0.05859
0.058614
0.05859
0.05854
0.05854
0.058565
0.05859
0.058565
0.058516
0.058516
0.058565
0.05859
0.058565
0.058516
0.058516
0.05854
0.058565
0.05854
0.058516
0.058491
0.05854
0.058565
0.05854
0.058491
0.058491
0.058516
0.05854
0.058516
0.058491
0.058491
0.058467
0.058467
0.058491
0.058516
0.058491
0.058467
0.058467
0.058491
0.058516
0.058491
0.058442
0.058442
0.058467
0.058491
0.058491
0.058442
0.058442
0.058467
0.058491
0.058467
0.058442
0.058417
0.058467
0.058491
0.058467
0.058442
0.058417
0.058442
0.058467
0.058467
0.058417
0.058417
0.058442
0.058467
0.058442
0.058393
0.058393
0.058442
0.058467
0.058442
0.058442
0.058417
0.058393
0.058368
0.058417
0.058417
0.058417
0.058368
0.058368
0.058393
0.058417
0.058393
0.058344
0.058344
0.058368
0.058393
0.058393
0.058344
0.058344
0.058368
0.058393
0.058393
0.058344
0.058344
0.058368
0.058393
0.058368
0.058344
0.058319
0.058344
0.058368
0.058368
0.058319
0.058319
0.058319
0.058368
0.058344
0.058294
0.058294
0.058319
0.058294
0.058319
0.058344
0.058319
0.058294
0.05827
0.058294
0.058344
0.058344
0.058294
0.058294
0.058294
0.058294
0.05827
0.058196
0.058196
0.05822
0.058245
0.05822
0.058245
0.058294
0.058368
0.058368
0.058319
0.058245
0.05822
0.058245
0.058294
0.05827
0.05822
0.05822
0.058245
0.05827
0.058245
0.05822
0.058196
0.05822
0.05827
0.058245
0.058196
0.058245
0.058196
0.058171
0.05822
0.058245
0.05822
0.058171
0.058171
0.058196
0.05822
0.058196
0.058171
0.058147
0.058171
0.05822
0.058196
0.058171
0.058147
0.058171
0.058196
0.058171
0.058147
0.058122
0.058147
0.058171
0.058147
0.058122
0.058097
0.058122
0.058147
0.058147
0.058097
0.058097
0.058122
0.058147
0.058147
0.058097
0.058073
0.058097
0.058147
0.058097
0.058122
0.058122
0.058073
0.058073
0.058097
0.058122
0.058122
0.058097
0.058073
0.058097
0.058147
0.058122
0.058097
0.058073
0.058097
0.058122
0.058122
0.058073
0.058073
0.058073
0.058122
0.058097
0.058073
0.058048
0.058073
0.058097
0.058097
0.058048
0.058023
0.058048
0.058097
0.058073
0.058048
0.058023
0.058048
0.058073
0.058073
0.058023
0.057999
0.058023
0.057999
0.058023
0.058048
0.058048
0.058023
0.057999
0.058023
0.058048
0.058048
0.057999
0.057974
0.057999
0.058023
0.058048
0.057999
0.057974
0.057999
0.058023
0.058023
0.057974
0.05795
0.057974
0.057999
0.057999
0.05795
0.05795
0.057974
0.057999
0.057999
0.05795
0.057925
0.05795
0.057974
0.057974
0.05795
0.057925
0.05795
0.057974
0.057974
0.057974
0.057974
0.05795
0.057925
0.057925
0.057974
0.057974
0.057925
0.0579
0.057925
0.05795
0.05795
0.0579
0.057876
0.0579
0.05795
0.057925
0.0579
0.057876
0.0579
0.057925
0.057925
0.0579
0.057876
0.057876
0.057925
0.057925
0.057876
0.057851
0.057876
0.0579
0.0579
0.057876
0.057851
0.057876
0.0579
0.0579
0.057851
0.057827
0.057851
0.057827
0.057827
0.057876
0.057876
0.057827
0.057802
0.057827
0.057851
0.057851
0.057827
0.057802
0.057802
0.057851
0.057851
0.057827
0.057802
0.057802
0.057827
0.057851
0.057802
0.057777
0.057802
0.057827
0.057827
0.057802
0.057777
0.057777
0.057802
0.057827
0.057777
0.057753
0.057753
0.057802
0.057802
0.057777
0.057753
0.057753
0.057777
0.057802
0.057753
0.057777
0.057753
0.057728
0.057728
0.057777
0.057777
0.057753
0.057728
0.057728
0.057728
0.057703
0.057654
0.05763
0.057654
0.057679
0.057679
0.057703
0.057753
0.057777
0.057777
0.057753
0.057703
0.057679
0.057679
0.057728
0.057728
0.057703
0.057654
0.057654
0.057703
0.057703
0.057679
0.057654
0.057654
0.057703
0.057703
0.057679
0.057654
0.057654
0.057679
0.05763
0.057679
0.057679
0.057654
0.05763
0.05763
0.057654
0.057679
0.05763
0.057605
0.057605
0.057654
0.057654
0.05763
0.057605
0.057605
0.05763
0.05763
0.057605
0.05758
0.05758
0.057605
0.05763
0.057605
0.05758
0.05758
0.057605
0.057605
0.05758
0.057556
0.057556
0.05758
0.057605
0.057556
0.057531
0.057531
0.05758
0.05758
0.057556
0.057531
0.057556
0.057531
0.057531
0.05758
0.05758
0.057556
0.057531
0.057531
0.05758
0.05758
0.057556
0.057531
0.057531
0.057556
0.05758
0.057556
0.057507
0.057507
0.057556
0.057556
0.057531
0.057507
0.057507
0.057531
0.057556
0.057531
0.057507
0.057482
0.057531
0.057556
0.057531
0.057482
0.057482
0.057507
0.057531
0.057507
0.057457
0.057457
0.057482
0.057507
0.057482
0.057507
0.057482
0.057433
0.057433
0.057482
0.057507
0.057482
0.057433
0.057433
0.057457
0.057482
0.057457
0.057433
0.057433
0.057457
0.057482
0.057457
0.057408
0.057408
0.057457
0.057457
0.057433
0.057408
0.057408
0.057433
0.057433
0.057433
0.057383
0.057383
0.057433
0.057457
0.057433
0.057383
0.057383
0.057408
0.057433
0.057408
0.057383
0.057359
0.057383
0.057359
0.057383
0.057408
0.057383
0.057359
0.057359
0.057383
0.057408
0.057383
0.057334
0.057334
0.057359
0.057383
0.057359
0.057334
0.057334
0.057359
0.057383
0.057359
0.05731
0.05731
0.057334
0.057359
0.057359
0.05731
0.05731
0.057334
0.057359
0.057334
0.05731
0.057285
0.057334
0.057359
0.057334
0.057285
0.057285
0.05731
0.057334
0.05731
0.05731
0.05731
0.05726
0.05726
0.057285
0.05731
0.057285
0.057236
0.057236
0.05726
0.057285
0.05726
0.057211
0.057211
0.05726
0.057285
0.05726
0.057236
0.057211
0.057236
0.057285
0.05726
0.057211
0.057211
0.057236
0.05726
0.057236
0.057211
0.057186
0.057211
0.057236
0.057236
0.057186
0.057186
0.057211
0.057236
0.057211
0.057186
0.057162
0.057186
0.057186
0.057211
0.057236
0.057211
0.057137
0.057113
0.057113
0.057162
0.057162
0.057113
0.057113
0.057186
0.057285
0.057285
0.057211
0.057162
0.057162
0.057186
0.057186
0.057137
0.057137
0.057162
0.057186
0.057162
0.057137
0.057113
0.057137
0.057162
0.057137
0.057113
0.057088
0.057137
0.057162
0.057137
0.057113
0.057088
0.057113
0.057137
0.057113
0.057088
0.057088
0.057063
0.057039
0.057063
0.057113
0.057088
0.057063
0.057039
0.057063
0.057088
0.057088
0.057063
0.057039
0.057063
0.057088
0.057063
0.057039
0.057014
0.057039
0.057063
0.057063
0.057014
0.057014
0.057014
0.057063
0.057039
0.057014
0.05699
0.05699
0.057039
0.057014
0.05699
0.056965
0.05699
0.057014
0.057014
0.05699
0.056965
0.05699
0.057014
0.05699
0.057014
0.057014
0.05699
0.056965
0.05699
0.057014
0.057014
0.05699
0.056965
0.05699
0.057014
0.057014
0.056965
0.056965
0.056965
0.05699
0.05699
0.056965
0.05694
0.05694
0.05699
0.05699
0.05694
0.056916
0.05694
0.05699
0.05699
0.05694
0.056916
0.05694
0.056965
0.056965
0.056916
0.056891
0.056916
0.056965
0.056965
0.056916
0.056891
0.056916
0.056891
0.056916
0.05694
0.05694
0.056916
0.056891
0.056916
0.05694
0.05694
0.056891
0.056866
0.056891
0.05694
0.056916
0.056891
0.056866
0.056866
0.056916
0.056916
0.056866
0.056842
0.056866
0.056891
0.056891
0.056866
0.056842
0.056842
0.056891
0.056891
0.056842
0.056817
0.056842
0.056866
0.056866
0.056842
0.056817
0.056842
0.056866
0.056866
0.056842
0.056842
0.056817
0.056793
0.056817
0.056842
0.056842
0.056817
0.056793
0.056793
0.056842
0.056842
0.056793
0.056768
0.056793
0.056817
0.056817
0.056793
0.056768
0.056768
0.056817
0.056817
0.056793
0.056743
0.056768
0.056793
0.056793
0.056768
0.056743
0.056743
0.056793
0.056793
0.056768
0.056719
0.056743
0.056768
0.056793
0.056743
0.056719
0.056719
0.056719
0.056719
0.056768
0.056768
0.056719
0.056694
0.056719
0.056743
0.056743
0.056694
0.05667
0.056694
0.056719
0.056719
0.056694
0.05667
0.056694
0.056719
0.056719
0.056694
0.05667
0.05667
0.056694
0.056694
0.05667
0.056645
0.05667
0.056694
0.056694
0.05667
0.056645
0.056645
0.056694
0.056694
0.05667
0.05662
0.056645
0.05667
0.05667
0.056645
0.05662
0.056546
0.056546
0.056596
0.05662
0.056571
0.056546
0.05662
0.056743
0.056768
0.05667
0.056596
0.056596
0.05662
0.05662
0.056596
0.056571
0.056571
0.05662
0.05662
0.056596
0.056546
0.056571
0.056596
0.056596
0.056571
0.056546
0.056546
0.056596
0.056596
0.056571
0.056546
0.056546
0.056571
0.056596
0.056546
0.056522
0.056522
0.056571
0.056571
0.056546
0.056522
0.056497
0.056497
0.056546
0.056546
0.056522
0.056497
0.056497
0.056522
0.056546
0.056522
0.056473
0.056473
0.056522
0.056522
0.056497
0.056448
0.056473
0.056497
0.056497
0.056473
0.056448
0.056448
0.056473
0.056497
0.056473
0.056423
0.056448
0.056473
0.056473
0.056448
0.056423
0.056423
0.056473
0.056473
0.056473
0.056423
0.056423
0.056473
0.056423
0.056473
0.056473
0.056448
0.056423
0.056423
0.056448
0.056473
0.056448
0.056399
0.056399
0.056448
0.056448
0.056423
0.056374
0.056374
0.056423
0.056423
0.056399
0.056374
0.056374
0.056423
0.056423
0.056399
0.056374
0.056374
0.056399
0.056423
0.056399
0.056349
0.056349
0.056399
0.056399
0.056374
0.056349
0.056349
0.056374
0.056399
0.056374
0.056349
0.056374
0.056349
0.056349
0.056374
0.056399
0.056374
0.056325
0.056325
0.056349
0.056374
0.056349
0.056325
0.056325
0.056349
0.056374
0.056349
0.0563
0.0563
0.056325
0.056349
0.056325
0.0563
0.0563
0.056325
0.056349
0.056325
0.056276
0.056276
0.0563
0.056325
0.0563
0.056276
0.056251
0.0563
0.056325
0.0563
0.056251
0.056251
0.056276
0.0563
0.056276
0.0563
0.056276
0.056226
0.056226
0.056251
0.056276
0.056251
0.056226
0.056226
0.056251
0.056276
0.056251
0.056202
0.056202
0.056226
0.056251
0.056226
0.056202
0.056177
0.056226
0.056226
0.056226
0.056177
0.056177
0.056202
0.056226
0.056202
0.056177
0.056153
0.056177
0.056202
0.056202
0.056153
0.056153
0.056177
0.056202
0.056177
0.056153
0.056153
0.056128
0.056128
0.056153
0.056177
0.056153
0.056128
0.056128
0.056153
0.056177
0.056153
0.056103
0.056103
0.056128
0.056153
0.056128
0.056103
0.056103
0.056128
0.056153
0.056128
0.056079
0.056079
0.056103
0.056128
0.056128
0.056079
0.056079
0.056103
0.056128
0.056128
0.056079
0.056054
0.056103
0.056128
0.056128
0.056079
0.056079
0.056079
0.056103
0.056054
0.056054
0.056005
0.056005
0.056079
0.056153
0.056177
0.056103
0.056054
0.056005
0.056029
0.056079
0.056054
0.056029
0.056005
0.056029
0.056054
0.056054
0.056005
0.05598
0.056029
0.056029
0.056029
0.056005
0.05598
0.056005
0.056029
0.056005
0.05598
0.055956
0.05598
0.056005
0.056005
0.05598
0.055956
0.05598
0.056005
0.056005
0.055956
0.055956
0.05598
0.055931
0.055956
0.05598
0.055956
0.055931
0.055906
0.055931
0.055956
0.055956
0.055906
0.055906
0.055906
0.055956
0.055931
0.055906
0.055882
0.055906
0.055931
0.055906
0.055882
0.055857
0.055882
0.055906
0.055906
0.055882
0.055857
0.055882
0.055906
0.055906
0.055857
0.055833
0.055882
0.055906
0.055906
0.055882
0.055857
0.055882
0.055906
0.055906
0.055882
0.055906
0.055882
0.055857
0.055857
0.055882
0.055882
0.055857
0.055833
0.055857
0.055882
0.055882
0.055833
0.055808
0.055833
0.055857
0.055857
0.055808
0.055808
0.055808
0.055857
0.055833
0.055808
0.055783
0.055808
0.055833
0.055833
0.055808
0.055783
0.055808
0.055833
0.055808
0.055783
0.055759
0.055783
0.055808
0.055808
0.055783
0.055759
0.055783
0.055808
0.055759
0.055808
0.055783
0.055759
0.055734
0.055759
0.055783
0.055783
0.055734
0.055709
0.055734
0.055759
0.055759
0.055734
0.055709
0.055734
0.055759
0.055759
0.055734
0.055709
0.055734
0.055759
0.055759
0.055709
0.055685
0.055709
0.055734
0.055734
0.055709
0.055685
0.055685
0.055734
0.055734
0.055685
0.05566
0.055685
0.055709
0.055709
0.055685
0.05566
0.05566
0.05566
0.055685
0.055685
0.05566
0.055636
0.05566
0.055685
0.055685
0.05566
0.055636
0.055636
0.05566
0.055685
0.055636
0.055611
0.055636
0.05566
0.05566
0.055636
0.055611
0.055611
0.05566
0.05566
0.055611
0.055586
0.055611
0.055636
0.055636
0.055611
0.055586
0.055586
0.055636
0.055636
0.055611
0.055562
0.055586
0.055611
0.055636
0.055586
0.055611
0.055586
0.055562
0.055562
0.055586
0.055611
0.055562
0.055537
0.055537
0.055586
0.055586
0.055562
0.055537
0.055537
0.055562
0.055562
0.055537
0.055512
0.055512
0.055562
0.055562
0.055537
0.055512
0.055512
0.055537
0.055562
0.055537
0.055512
0.055512
0.055562
0.055537
0.055488
0.055439
0.055439
0.055463
0.055488
0.055463
0.055414
0.055463
0.055586
0.055488
0.055512
0.055512
0.055488
0.055463
0.055463
0.055488
0.055488
0.055463
0.055439
0.055439
0.055463
0.055463
0.055439
0.055414
0.055414
0.055463
0.055463
0.055439
0.055389
0.055414
0.055439
0.055439
0.055414
0.055389
0.055389
0.055439
0.055439
0.055414
0.055365
0.055365
0.055414
0.055414
0.055389
0.055365
0.055365
0.055389
0.055414
0.055389
0.05534
0.055365
0.05534
0.05534
0.055365
0.055389
0.055365
0.055316
0.055316
0.05534
0.05534
0.055316
0.055291
0.055291
0.055316
0.05534
0.055316
0.055291
0.055291
0.055316
0.055316
0.055291
0.055266
0.055266
0.055316
0.055316
0.055291
0.055266
0.055291
0.055316
0.055316
0.055316
0.055266
0.055266
0.055316
0.05534
0.055316
0.055266
0.055266
0.055291
0.055316
