2018
7
9
15
24
0.12261
0.037468
0.037468
0.037468
0.037468
0.037468
0.037468
0.037468
0.037468
0.037468
0.037468
0.037468
0.037468
0.037443
0.037443
0.037419
0.037419
0.037419
0.037394
0.037394
0.037369
0.037369
0.037369
0.037369
0.037345
0.037345
0.037345
0.037345
0.037345
0.037345
0.037345
0.037345
0.03732
0.03732
0.03732
0.03732
0.03732
0.03732
0.037296
0.037296
0.037296
0.037271
0.037271
0.037271
0.037271
0.037296
0.037296
0.037296
0.037271
0.037271
0.037271
0.037271
0.037271
0.037271
0.037271
0.037271
0.037271
0.037246
0.037246
0.037246
0.037246
0.037222
0.037222
0.037222
0.037197
0.037197
0.037197
0.037172
0.037172
0.037148
0.037148
0.037123
0.037123
0.037123
0.037123
0.037099
0.037099
0.037099
0.037074
0.037074
0.037074
0.037074
0.037074
0.037074
0.037074
0.037074
0.037074
0.037049
0.037049
0.037049
0.037025
0.037025
0.037025
0.037025
0.037
0.037
0.037
0.037
0.036976
0.036976
0.036976
0.036976
0.036976
0.036976
0.036951
0.036951
0.036951
0.036951
0.036951
0.036926
0.036926
0.036926
0.036926
0.036926
0.036926
0.036902
0.036902
0.036902
0.036902
0.036877
0.036877
0.036852
0.036852
0.036852
0.036828
0.036828
0.036828
0.036828
0.036828
0.036803
0.036803
0.036803
0.036803
0.036779
0.036779
0.036779
0.036754
0.036754
0.036754
0.036729
0.036729
0.036729
0.036729
0.036729
0.036705
0.036705
0.036705
0.036705
0.036705
0.036705
0.036705
0.036705
0.03668
0.03668
0.03668
0.03668
0.03668
0.036655
0.036655
0.036631
0.036631
0.036606
0.036606
0.036582
0.036606
0.036582
0.036582
0.036582
0.036557
0.036557
0.036557
0.036557
0.036532
0.036532
0.036532
0.036532
0.036532
0.036532
0.036532
0.036532
0.036532
0.036532
0.036532
0.036532
0.036532
0.036532
0.036532
0.036508
0.036508
0.036483
0.036483
0.036459
0.036459
0.036459
0.036459
0.036434
0.036434
0.036434
0.036434
0.036434
0.036409
0.036385
0.036385
0.036385
0.036385
0.036385
0.03636
0.03636
0.03636
0.03636
0.036335
0.036335
0.036335
0.036311
0.036335
0.03636
0.036385
0.036409
0.036459
0.036459
0.036434
0.03636
0.036286
0.036212
0.036163
0.036139
0.036114
0.036139
0.036163
0.036188
0.036212
0.036212
0.036212
0.036212
0.036188
0.036188
0.036188
0.036188
0.036163
0.036163
0.036163
0.036188
0.036188
0.036163
0.036163
0.036163
0.036163
0.036139
0.036139
0.036114
0.036114
0.036114
0.036114
0.036114
0.036114
0.036114
0.036114
0.036114
0.036114
0.036114
0.036114
0.036114
0.036114
0.036114
0.036114
0.036114
0.036089
0.036089
0.036089
0.036089
0.036089
0.036089
0.036089
0.036089
0.036089
0.036089
0.036089
0.036089
0.036089
0.036114
0.036114
0.036114
0.036114
0.036114
0.036114
0.036114
0.036114
0.036114
0.036114
0.036089
0.036089
0.036089
0.036065
0.036065
0.03604
0.03604
0.03604
0.03604
0.036015
0.036015
0.036015
0.036015
0.036015
0.035991
0.035991
0.035991
0.035991
0.035991
0.035966
0.035966
0.035966
0.035966
0.035966
0.035966
0.035966
0.035966
0.035966
0.035966
0.035942
0.035942
0.035942
0.035892
0.035892
0.035892
0.035892
0.035892
0.035892
0.035892
0.035892
0.035892
0.035892
0.035892
0.035892
0.035892
0.035892
0.035892
0.035892
0.035868
0.035868
0.035868
0.035868
0.035843
0.035843
0.035843
0.035843
0.035818
0.035818
0.035818
0.035843
0.035843
0.035843
0.035843
0.035843
0.035843
0.035843
0.035843
0.035818
0.035818
0.035818
0.035794
0.035794
0.035745
0.035745
0.035745
0.035745
0.03572
0.035745
0.03572
0.03572
0.03572
0.03572
0.03572
0.03572
0.03572
0.03572
0.03572
0.035695
0.035695
0.035695
0.035671
0.035671
0.035671
0.035646
0.035646
0.035622
0.035622
0.035622
0.035597
0.035597
0.035597
0.035597
0.035597
0.035572
0.035572
0.035572
0.035548
0.035548
0.035548
0.035523
0.035523
0.035523
0.035498
0.035498
0.035498
0.035474
0.035474
0.035474
0.035474
0.035474
0.035474
0.035474
0.035474
0.035474
0.035474
0.035474
0.035449
0.035449
0.035449
0.035425
0.0354
0.035375
0.035375
0.035375
0.035375
0.035351
0.035351
0.035351
0.035326
0.035326
0.035326
0.035302
0.035302
0.035302
0.035302
0.035302
0.035302
0.035302
0.035302
0.035277
0.035277
0.035277
0.035252
0.035252
0.035228
0.035228
0.035252
0.035277
0.035302
0.035351
0.035351
0.035326
0.035277
0.035203
0.035129
0.03508
0.035031
0.035006
0.035006
0.035055
0.03508
0.035105
0.035129
0.035154
0.035154
0.035154
0.035154
0.035154
0.035129
0.035129
0.035129
0.035129
0.035129
0.035129
0.035129
0.035129
0.035129
0.035129
0.035154
0.035129
0.035129
0.035129
0.035129
0.035129
0.035129
0.035105
0.035129
0.035105
0.035105
0.035105
0.035105
0.035105
0.035105
0.035105
0.035105
0.035105
0.035105
0.035105
0.035105
0.035105
0.03508
0.03508
0.035105
0.03508
0.035105
0.035105
0.035105
0.035129
0.035129
0.035129
0.035129
0.035129
0.035129
0.035105
0.035105
0.035105
0.035105
0.035105
0.03508
0.03508
0.03508
0.03508
0.03508
0.03508
0.03508
0.03508
0.03508
0.03508
0.03508
0.03508
0.03508
0.035055
0.035055
0.035031
0.035031
0.035031
0.035006
0.035006
0.035006
0.034981
0.034981
0.034981
0.034981
0.034957
0.034957
0.034957
0.034957
0.034957
0.034981
0.034981
0.034981
0.034981
0.034957
0.034981
0.034981
0.034957
0.034957
0.034957
0.034957
0.034932
0.034932
0.034932
0.034932
0.034932
0.034932
0.034932
0.034932
0.034932
0.034932
0.034932
0.034932
0.034932
0.034932
0.034908
0.034908
0.034908
0.034908
0.034908
0.034908
0.034908
0.034883
0.034883
0.034883
0.034883
0.034883
0.034883
0.034858
0.034858
0.034858
0.034858
0.034858
0.034858
0.034834
0.034834
0.034834
0.034834
0.034834
0.034809
0.034809
0.034809
0.034809
0.034809
0.034809
0.034809
0.034809
0.034785
0.034785
0.034785
0.034785
0.034785
0.034785
0.034785
0.034785
0.034785
0.034785
0.034785
0.03476
0.03476
0.03476
0.03476
0.034735
0.034735
0.034735
0.034711
0.034711
0.034711
0.034686
0.034686
0.034686
0.034686
0.034686
0.034661
0.034686
0.034686
0.034686
0.034686
0.034661
0.034686
0.034661
0.034661
0.034661
0.034661
0.034637
0.034637
0.034637
0.034637
0.034612
0.034612
0.034612
0.034612
0.034612
0.034588
0.034588
0.034588
0.034563
0.034563
0.034563
0.034563
0.034538
0.034538
0.034514
0.034514
0.034514
0.034489
0.034465
0.034465
0.034465
0.034465
0.034465
0.034465
0.034465
0.034465
0.03444
0.03444
0.03444
0.03444
0.03444
0.03444
0.03444
0.03444
0.03444
0.03444
0.034538
0.034538
0.034489
0.034415
0.034341
0.034292
0.034243
0.034218
0.034194
0.034243
0.034268
0.034292
0.034317
0.034341
0.034341
0.034341
0.034317
0.034317
0.034317
0.034317
0.034292
0.034292
0.034292
0.034292
0.034317
0.034317
0.034317
0.034317
0.034317
0.034317
0.034317
0.034317
0.034317
0.034317
0.034317
0.034317
0.034317
0.034317
0.034317
0.034317
0.034317
0.034317
0.034317
0.034317
0.034317
0.034317
0.034317
0.034317
0.034317
0.034317
0.034317
0.034292
0.034292
0.034292
0.034292
0.034317
0.034317
0.034317
0.034317
0.034317
0.034317
0.034317
0.034317
0.034317
0.034317
0.034317
0.034317
0.034317
0.034317
0.034317
0.034317
0.034317
0.034317
0.034317
0.034317
0.034317
0.034317
0.034317
0.034317
0.034317
0.034292
0.034292
0.034292
0.034292
0.034268
0.034268
0.034243
0.034243
0.034243
0.034243
0.034218
0.034218
0.034218
0.034218
0.034218
0.034218
0.034243
0.034243
0.034243
0.034268
0.034268
0.034268
0.034243
0.034243
0.034243
0.034243
0.034243
0.034218
0.034218
0.034218
0.034194
0.034194
0.034194
0.034194
0.034194
0.034194
0.034194
0.034194
0.034218
0.034218
0.034218
0.034218
0.034218
0.034218
0.034218
0.034218
0.034194
0.034194
0.034194
0.034194
0.034194
0.034194
0.034194
0.034194
0.034194
0.034194
0.034169
0.034169
0.034169
0.034169
0.034169
0.034144
0.034144
0.034144
0.034144
0.03412
0.03412
0.03412
0.03412
0.03412
0.03412
0.034095
0.03412
0.03412
0.03412
0.03412
0.03412
0.03412
0.03412
0.03412
0.034095
0.034095
0.034095
0.034071
0.034071
0.034071
0.034071
0.034046
0.034046
0.034046
0.034046
0.034046
0.034046
0.034021
0.034021
0.034046
0.034021
0.034021
0.034021
0.034021
0.034021
0.034021
0.034021
0.034021
0.034021
0.034021
0.034021
0.033997
0.033997
0.033997
0.033997
0.033997
0.033997
0.033997
0.033997
0.033997
0.033997
0.033972
0.033972
0.033972
0.033972
0.033972
0.033972
0.033972
0.033948
0.033948
0.033948
0.033923
0.033923
0.033923
0.033923
0.033923
0.033923
0.033923
0.033898
0.033898
0.033898
0.033898
0.033898
0.033898
0.033898
0.033898
0.033874
0.033874
0.033898
0.033898
0.033874
0.033874
0.033874
0.033874
0.033874
0.033874
0.033874
0.033874
0.033898
0.033923
0.033972
0.033997
0.033972
0.033948
0.033677
0.033652
0.033652
0.033677
0.033726
0.033751
0.033775
0.0338
0.0338
0.0338
0.0338
0.0338
0.033775
0.033775
0.033775
0.033775
0.033775
0.033775
0.033775
0.033775
0.033775
0.033775
0.033775
0.033775
0.033775
0.033775
0.033775
0.033775
0.033775
0.033775
0.033751
0.033751
0.033751
0.033751
0.033751
0.033751
0.033751
0.033751
0.033751
0.033726
0.033751
0.033726
0.033726
0.033726
0.033726
0.033726
0.033726
0.033726
0.033726
0.033726
0.033726
0.033726
0.033726
0.033726
0.033726
0.033726
0.033726
0.033726
0.033726
0.033726
0.033726
0.033726
0.033751
0.033751
0.033726
0.033726
0.033726
0.033701
0.033701
0.033701
0.033677
0.033677
0.033652
0.033652
0.033652
0.033652
0.033652
0.033628
0.033628
0.033628
0.033603
0.033603
0.033603
0.033603
0.033603
0.033578
0.033578
0.033578
0.033578
0.033578
0.033578
0.033578
0.033578
0.033578
0.033578
0.033578
0.033578
0.033578
0.033578
0.033554
0.033554
0.033554
0.033554
0.033554
0.033554
0.033554
0.033529
0.033529
0.033529
0.033529
0.033529
0.033529
0.033529
0.033504
0.033504
0.033504
0.033504
0.033504
0.033504
0.033504
0.03348
0.03348
0.03348
0.03348
0.03348
0.03348
0.03348
0.03348
0.03348
0.03348
0.03348
0.033455
0.033455
0.033455
0.033455
0.033431
0.033431
0.033431
0.033431
0.033431
0.033431
0.033431
0.033431
0.033406
0.033431
0.033431
0.033431
0.033431
0.033431
0.033431
0.033406
0.033406
0.033406
0.033406
0.033406
0.033406
0.033381
0.033381
0.033357
0.033357
0.033357
0.033332
0.033332
0.033332
0.033332
0.033332
0.033332
0.033332
0.033332
0.033332
0.033332
0.033332
0.033307
0.033307
0.033307
0.033307
0.033307
0.033307
0.033307
0.033307
0.033307
0.033283
0.033283
0.033283
0.033283
0.033283
0.033283
0.033258
0.033258
0.033283
0.033283
0.033283
0.033283
0.033283
0.033283
0.033283
0.033258
0.033258
0.033258
0.033258
0.033234
0.033209
0.033209
0.033209
0.033209
0.033209
0.033209
0.033209
0.033209
0.033184
0.033184
0.033184
0.033184
0.033184
0.033184
0.033184
0.033184
0.033184
0.033184
0.033184
0.03316
0.03316
0.03316
0.03316
0.03316
0.03316
0.03316
0.033184
0.033209
0.033234
0.033258
0.033258
0.033234
0.03316
0.033086
0.033037
0.032987
0.032963
0.032963
0.032987
0.033086
0.033086
0.033086
0.033086
0.033061
0.033061
0.033037
0.033037
0.033037
0.033037
0.033037
0.033037
0.033037
0.033061
0.033061
0.033037
0.033037
0.033037
0.033037
0.033037
0.033037
0.033012
0.033012
0.033012
0.033012
0.033012
0.033012
0.033012
0.033012
0.033012
0.033012
0.032987
0.033012
0.033012
0.032987
0.032987
0.032987
0.032987
0.032987
0.032963
0.032938
0.032938
0.032938
0.032938
0.032938
0.032938
0.032938
0.032938
0.032938
0.032938
0.032963
0.032963
0.032963
0.032963
0.032963
0.032938
0.032938
0.032938
0.032914
0.032914
0.032914
0.032889
0.032889
0.032889
0.032864
0.032864
0.03284
0.03284
0.03284
0.03284
0.03284
0.03284
0.03284
0.03284
0.03284
0.03284
0.03284
0.032815
0.032815
0.032815
0.032791
0.032791
0.032791
0.032791
0.032791
0.032791
0.032815
0.032815
0.032815
0.032815
0.032791
0.032815
0.032815
0.032791
0.032791
0.032791
0.032791
0.032791
0.032766
0.032766
0.032766
0.032766
0.032766
0.032741
0.032741
0.032741
0.032717
0.032717
0.032717
0.032717
0.032717
0.032717
0.032717
0.032717
0.032717
0.032717
0.032717
0.032717
0.032717
0.032717
0.032717
0.032692
0.032692
0.032667
0.032667
0.032667
0.032643
0.032643
0.032643
0.032643
0.032643
0.032667
0.032667
0.032667
0.032667
0.032667
0.032667
0.032667
0.032643
0.032643
0.032643
0.032643
0.032643
0.032643
0.032618
0.032618
0.032618
0.032618
0.032594
0.032594
0.032594
0.032594
0.032569
0.032569
0.032569
0.032569
0.032569
0.032569
0.032569
0.032569
0.032544
0.032544
0.032544
0.032544
0.032544
0.03252
0.03252
0.03252
0.03252
0.03252
0.03252
0.03252
0.03252
0.03252
0.03252
0.03252
0.032495
0.03252
0.03252
0.032495
0.032495
0.032495
0.032495
0.032495
0.032495
0.032495
0.032495
0.032495
0.032495
0.032495
0.032471
0.032471
0.032471
0.032471
0.032471
0.032471
0.032471
0.032446
0.032446
0.032446
0.032421
0.032421
0.032421
0.032421
0.032397
0.032397
0.032397
0.032397
0.032397
0.032397
0.032397
0.032372
0.032372
0.032347
0.032347
0.032347
0.032347
0.032347
0.032347
0.032347
0.032347
0.032347
0.032347
0.032372
0.032397
0.032421
0.032471
0.032471
0.032446
0.032372
0.032298
0.032224
0.032175
0.03215
0.032126
0.03215
0.032175
0.032224
0.032249
0.032274
0.032298
0.032274
0.032274
0.032249
0.032249
0.032249
0.032249
0.032224
0.032224
0.032249
0.032249
0.032249
0.032249
0.032249
0.032249
0.032249
0.032249
0.032224
0.032224
0.032224
0.032224
0.032224
0.0322
0.0322
0.0322
0.0322
0.0322
0.0322
0.0322
0.0322
0.0322
0.0322
0.0322
0.0322
0.0322
0.0322
0.0322
0.0322
0.0322
0.0322
0.0322
0.0322
0.0322
0.0322
0.032175
0.032175
0.0322
0.032175
0.032175
0.032175
0.032175
0.032175
0.032175
0.032175
0.032175
0.032175
0.032175
0.032175
0.03215
0.03215
0.03215
0.032126
0.032126
0.032126
0.032126
0.032126
0.032101
0.032101
0.032101
0.032101
0.032077
0.032077
0.032077
0.032077
0.032052
0.032052
0.032052
0.032052
0.032027
0.032027
0.032027
0.032027
0.032027
0.032027
0.032027
0.032027
0.032027
0.032027
0.032027
0.032027
0.032027
0.032027
0.032003
0.032003
0.032003
0.032003
0.032003
0.031978
0.031978
0.031978
0.031978
0.031954
0.031954
0.031954
0.031954
0.031954
0.031954
0.031954
0.031954
0.031954
0.031954
0.031954
0.031954
0.031954
0.031954
0.031929
0.031929
0.031929
0.031929
0.031929
0.031904
0.031904
0.031904
0.031904
0.03188
0.03188
0.03188
0.03188
0.031855
0.031855
0.031855
0.031855
0.031855
0.031855
0.031855
0.031855
0.031855
0.031855
0.031855
0.031855
0.031855
0.031855
0.031855
0.031855
0.031855
0.031855
0.031855
0.03183
0.03183
0.03183
0.03183
0.031806
0.031806
0.031806
0.031781
0.031781
0.031781
0.031781
0.031781
0.031757
0.031757
0.031757
0.031757
0.031757
0.031757
0.031757
0.031757
0.031757
0.031757
0.031757
0.031732
0.031732
0.031732
0.031732
0.031732
0.031732
0.031732
0.031732
0.031732
0.031732
0.031732
0.031732
0.031732
0.031732
0.031732
0.031732
0.031732
0.031732
0.031732
0.031732
0.031732
0.031707
0.031707
0.031707
0.031683
0.031683
0.031683
0.031683
0.031658
0.031658
0.031634
0.031634
0.031634
0.031634
0.031634
0.031634
0.031634
0.031609
0.031609
0.031609
0.031609
0.031584
0.031584
0.031584
0.031584
0.031584
0.031584
0.031584
0.031584
0.031609
0.031634
0.031683
0.031707
0.031707
0.031658
0.031609
0.031535
0.031461
0.031412
0.031387
0.031363
0.031387
0.031437
0.031461
0.031486
0.03151
0.03151
0.031486
0.031486
0.031486
0.031461
0.031461
0.031461
0.031461
0.031461
0.031461
0.031461
0.031461
0.031461
0.031461
0.031461
0.031461
0.031461
0.031437
0.031437
0.031437
0.031412
0.031412
0.031412
0.031412
0.031412
0.031412
0.031412
0.031412
0.031412
0.031387
0.031387
0.031387
0.031387
0.031387
0.031363
0.031363
0.031363
0.031363
0.031363
0.031363
0.031363
0.031363
0.031363
0.031363
0.031363
0.031363
0.031387
0.031363
0.031363
0.031363
0.031363
0.031363
0.031363
0.031363
0.031338
0.031338
0.031338
0.031338
0.031338
0.031338
0.031338
0.031313
0.031313
0.031313
0.031313
0.031289
0.031289
0.031289
0.031289
0.031264
0.031264
0.03124
0.03124
0.03124
0.03124
0.031215
0.031215
0.03124
0.031215
0.031215
0.031215
0.031215
0.031215
0.031215
0.031215
0.031215
0.031215
0.031215
0.031215
0.031215
0.031215
0.03119
0.03119
0.03119
0.03119
0.03119
0.031166
0.031166
0.031166
0.031166
0.031166
0.031166
0.031166
0.031141
0.031141
0.031141
0.031141
0.031117
0.031117
0.031117
0.031117
0.031117
0.031117
0.031117
0.031117
0.031117
0.031117
0.031117
0.031092
0.031092
0.031092
0.031092
0.031092
0.031092
0.031067
0.031067
0.031043
0.031043
0.031043
0.031043
0.031043
0.031018
0.031018
0.031018
0.031018
0.031018
0.031018
0.031018
0.031018
0.031018
0.031018
0.031018
0.031018
0.031018
0.031018
0.031018
0.030993
0.030993
0.030993
0.030993
0.030993
0.030993
0.030969
0.030969
0.030969
0.030944
0.030944
0.030944
0.030944
0.03092
0.03092
0.03092
0.03092
0.03092
0.030895
0.03092
0.03092
0.03092
0.03092
0.03092
0.030895
0.03092
0.03092
0.030895
0.030895
0.030895
0.030895
0.030895
0.030895
0.030895
0.030895
0.030895
0.030895
0.03087
0.03087
0.03087
0.03087
0.03087
0.03087
0.03087
0.030846
0.030846
0.030846
0.030846
0.030846
0.030846
0.030846
0.030846
0.030846
0.030821
0.030846
0.030846
0.030846
0.030821
0.030821
0.030821
0.030821
0.030821
0.030797
0.030797
0.030797
0.030797
0.030797
0.030797
0.030797
0.030797
0.030772
0.030772
0.030797
0.030821
0.03087
0.030895
0.030895
0.030895
0.030821
0.030747
0.030673
0.030624
0.030575
0.030575
0.030575
0.0306
0.030649
0.030673
0.030698
0.030698
0.030698
0.030698
0.030698
0.030698
0.030698
0.030698
0.030698
0.030698
0.030673
0.030698
0.030698
0.030698
0.030698
0.030698
0.030698
0.030698
0.030673
0.030673
0.030673
0.030673
0.030673
0.030673
0.030673
0.030649
0.030649
0.030649
0.030649
0.030649
0.030649
0.030649
0.030649
0.030649
0.030649
0.030624
0.030649
0.030649
0.030649
0.030649
0.030649
0.030649
0.030649
0.030649
0.030649
0.030649
0.030673
0.030673
0.030673
0.030649
0.030649
0.030649
0.030649
0.030649
0.030624
0.030624
0.030624
0.0306
0.0306
0.0306
0.030575
0.030575
0.030575
0.030575
0.030575
0.030575
0.03055
0.03055
0.03055
0.03055
0.030526
0.030526
0.030526
0.030526
0.030526
0.030501
0.030501
0.030501
0.030501
0.030476
0.030476
0.030476
0.030476
0.030476
0.030476
0.030476
0.030476
0.030476
0.030501
0.030501
0.030476
0.030476
0.030476
0.030452
0.030452
0.030452
0.030452
0.030452
0.030427
0.030427
0.030427
0.030427
0.030427
0.030427
0.030427
0.030427
0.030427
0.030427
0.030403
0.030427
0.030427
0.030427
0.030403
0.030403
0.030403
0.030403
0.030403
0.030378
0.030378
0.030378
0.030378
0.030378
0.030378
0.030378
0.030378
0.030378
0.030353
0.030353
0.030353
0.030329
0.030329
0.030353
0.030353
0.030353
0.030329
0.030329
0.030329
0.030329
0.030329
0.030329
0.030329
0.030329
0.030329
0.030304
0.030304
0.030304
0.030304
0.030304
0.030304
0.03028
0.03028
0.030304
0.030304
0.030304
0.030304
0.030304
0.030304
0.03028
0.03028
0.03028
0.03028
0.03028
0.03028
0.03028
0.030255
0.030255
0.030255
0.030255
0.030255
0.03023
0.03023
0.03023
0.03023
0.03023
0.03023
0.03023
0.03023
0.030206
0.030206
0.03023
0.03023
0.03023
0.030206
0.030206
0.030206
0.030206
0.030206
0.030206
0.030206
0.030206
0.030181
0.030181
0.030156
0.030156
0.030156
0.030156
0.030156
0.030132
0.030132
0.030132
0.030132
0.030132
0.030132
0.030132
0.030132
0.030132
0.030132
0.030132
0.030132
0.030132
0.030107
0.030107
0.030107
0.030107
0.030107
0.030107
0.030083
0.030083
0.030107
0.030132
0.030156
0.030206
0.030206
0.030206
0.030156
0.030083
0.030009
0.02996
0.02991
0.029886
0.029886
0.029935
0.029984
0.030009
0.030033
0.030033
0.030033
0.030033
0.030033
0.030033
0.030033
0.030009
0.030009
0.030009
0.030009
0.030009
0.030009
0.030009
0.030009
0.030009
0.030009
0.029984
0.029984
0.029984
0.029984
0.029984
0.029984
0.02996
0.029984
0.029984
0.029984
0.02996
0.02996
0.02996
0.02996
0.02996
0.02996
0.02996
0.02996
0.029984
0.029984
0.02996
0.02996
0.02996
0.02996
0.02996
0.02996
0.02996
0.02996
0.02996
0.02996
0.02996
0.02996
0.02996
0.029984
0.02996
0.02996
0.02996
0.029984
0.029984
0.029984
0.02996
0.02996
0.029935
0.029935
0.029935
0.029935
0.029935
0.029935
0.029935
0.02991
0.02991
0.02991
0.02991
0.02991
0.02991
0.029886
0.029886
0.029886
0.029886
0.029886
0.029861
0.029861
0.029861
0.029861
0.029861
0.029836
0.029836
0.029836
0.029836
0.029836
0.029836
0.029836
0.029836
0.029836
0.029836
0.029836
0.029836
0.029836
0.029836
0.029812
0.029812
0.029812
0.029812
0.029812
0.029787
0.029787
0.029787
0.029787
0.029787
0.029787
0.029787
0.029787
0.029787
0.029787
0.029787
0.029787
0.029787
0.029787
0.029787
0.029763
0.029763
0.029763
0.029763
0.029738
0.029738
0.029738
0.029738
0.029738
0.029738
0.029713
0.029713
0.029713
0.029713
0.029713
0.029713
0.029713
0.029713
0.029713
0.029713
0.029713
0.029713
0.029713
0.029713
0.029689
0.029689
0.029689
0.029664
0.029664
0.029664
0.029664
0.029664
0.029664
0.029664
0.029664
0.029664
0.029639
0.029639
0.029639
0.029639
0.029639
0.029639
0.029639
0.029639
0.029639
0.029639
0.029639
0.029639
0.029615
0.029615
0.029615
0.029615
0.029615
0.029615
0.029615
0.029615
0.02959
0.02959
0.02959
0.02959
0.02959
0.02959
0.02959
0.02959
0.02959
0.029566
0.02959
0.02959
0.02959
0.02959
0.02959
0.02959
0.02959
0.02959
0.02959
0.029566
0.029566
0.029566
0.029566
0.029541
0.029541
0.029541
0.029541
0.029516
0.029516
0.029516
0.029516
0.029516
0.029516
0.029516
0.029516
0.029492
0.029492
0.029492
0.029467
0.029492
0.029492
0.029467
0.029467
0.029467
0.029467
0.029467
0.029492
0.029492
0.029541
0.029566
0.02959
0.029615
0.02959
0.029516
0.029443
0.029369
0.029319
0.029295
0.02927
0.029295
0.029319
0.029369
0.029393
0.029418
0.029418
0.029418
0.029418
0.029393
0.029393
0.029393
0.029393
0.029369
0.029369
0.029369
0.029369
0.029369
0.029369
0.029393
0.029393
0.029393
0.029393
0.029393
0.029393
0.029393
0.029369
0.029369
0.029369
0.029369
0.029369
0.029344
0.029344
0.029344
0.029344
0.029344
0.029344
0.029344
0.029344
0.029344
0.029344
0.029344
0.029344
0.029344
0.029344
0.029344
0.029344
0.029319
0.029319
0.029319
0.029319
0.029344
0.029344
0.029344
0.029344
0.029344
0.029344
0.029344
0.029319
0.029344
0.029344
0.029344
0.029344
0.029344
0.029319
0.029319
0.029295
0.029295
0.029295
0.02927
0.02927
0.02927
0.029246
0.02927
0.029246
0.029246
0.029246
0.029246
0.029246
0.029221
0.029221
0.029221
0.029221
0.029221
0.029221
0.029221
0.029221
0.029196
0.029196
0.029196
0.029196
0.029196
0.029196
0.029196
0.029172
0.029172
0.029172
0.029172
0.029172
0.029172
0.029172
0.029172
0.029172
0.029172
0.029172
0.029172
0.029147
0.029147
0.029147
0.029147
0.029147
0.029123
0.029123
0.029123
0.029123
0.029123
0.029123
0.029123
0.029123
0.029123
0.029123
0.029098
0.029098
0.029098
0.029098
0.029098
0.029098
0.029098
0.029098
0.029098
0.029073
0.029073
0.029073
0.029073
0.029073
0.029073
0.029073
0.029049
0.029049
0.029049
0.029049
0.029049
0.029049
0.029049
0.029049
0.029049
0.029024
0.029024
0.029024
0.029024
0.029024
0.029024
0.029024
0.029024
0.029024
0.029024
0.029024
0.029024
0.029024
0.028999
0.028999
0.028999
0.028999
0.028999
0.028999
0.028975
0.028975
0.028975
0.028975
0.028975
0.028975
0.028975
0.028975
0.02895
0.02895
0.02895
0.02895
0.02895
0.02895
0.02895
0.02895
0.02895
0.02895
0.02895
0.02895
0.02895
