2018
7
9
14
48
48.975
-0.092119
-0.092168
-0.092217
-0.092242
-0.092217
-0.092242
-0.092266
-0.092291
-0.092266
-0.092217
-0.092193
-0.092217
-0.092242
-0.092217
-0.092168
-0.092143
-0.092168
-0.092168
-0.092143
-0.092094
-0.09207
-0.092094
-0.092119
-0.092094
-0.092045
-0.092045
-0.092094
-0.092119
-0.092094
-0.09207
-0.09207
-0.092119
-0.092143
-0.092143
-0.092094
-0.092094
-0.092143
-0.092143
-0.092119
-0.09207
-0.092119
-0.09207
-0.09207
-0.092094
-0.092143
-0.092119
-0.092094
-0.092094
-0.092143
-0.092168
-0.092168
-0.092119
-0.092119
-0.092168
-0.092193
-0.092168
-0.092119
-0.092094
-0.092143
-0.092168
-0.092168
-0.092119
-0.092094
-0.092119
-0.092168
-0.092143
-0.092119
-0.09207
-0.092119
-0.092168
-0.092143
-0.092094
-0.092094
-0.092119
-0.092143
-0.092143
-0.092094
-0.092094
-0.092119
-0.092143
-0.092094
-0.092119
-0.092119
-0.09207
-0.092045
-0.092094
-0.092119
-0.092094
-0.09207
-0.09207
-0.09207
-0.092094
-0.092094
-0.09207
-0.092045
-0.09207
-0.092119
-0.092094
-0.092045
-0.092045
-0.092045
-0.092094
-0.09207
-0.092045
-0.09202
-0.092045
-0.092094
-0.09207
-0.092045
-0.092045
-0.09207
-0.092094
-0.092094
-0.092045
-0.09202
-0.092045
-0.092094
-0.092094
-0.092045
-0.09202
-0.09207
-0.092045
-0.09207
-0.092119
-0.092119
-0.09207
-0.092045
-0.09207
-0.092119
-0.092119
-0.09207
-0.092045
-0.09207
-0.092094
-0.092094
-0.09207
-0.092045
-0.09207
-0.092119
-0.092119
-0.09207
-0.09202
-0.092045
-0.092094
-0.092094
-0.09207
-0.092045
-0.09207
-0.092094
-0.092094
-0.09207
-0.092045
-0.092045
-0.092094
-0.092094
-0.09207
-0.092045
-0.09207
-0.092094
-0.092094
-0.092094
-0.092094
-0.09207
-0.09207
-0.09207
-0.092094
-0.092119
-0.09207
-0.092045
-0.092045
-0.092094
-0.092119
-0.092094
-0.092045
-0.09207
-0.092094
-0.092094
-0.09207
-0.092045
-0.09207
-0.092094
-0.092094
-0.092045
-0.09202
-0.092045
-0.092094
-0.092094
-0.09207
-0.09202
-0.092045
-0.09207
-0.092094
-0.092045
-0.09202
-0.092045
-0.09207
-0.092094
-0.09207
-0.092045
-0.092045
-0.092045
-0.09207
-0.092119
-0.092094
-0.092045
-0.09202
-0.092045
-0.092094
-0.092094
-0.092045
-0.091996
-0.091996
-0.092045
-0.092094
-0.092119
-0.092143
-0.092242
-0.09234
-0.092439
-0.092463
-0.092365
-0.092217
-0.092119
-0.09207
-0.092045
-0.092045
-0.09207
-0.092119
-0.092119
-0.092094
-0.092045
-0.092045
-0.09207
-0.092119
-0.09207
-0.092045
-0.092045
-0.09207
-0.09207
-0.092045
-0.092045
-0.09202
-0.09202
-0.09207
-0.092094
-0.09207
-0.092045
-0.092045
-0.09207
-0.092094
-0.09207
-0.09202
-0.092045
-0.092094
-0.092119
-0.092094
-0.09207
-0.09207
-0.092119
-0.092143
-0.092119
-0.09207
-0.09207
-0.092094
-0.092119
-0.092119
-0.092094
-0.092094
-0.092143
-0.092168
-0.092143
-0.092119
-0.092119
-0.092143
-0.092168
-0.092143
-0.092119
-0.092119
-0.092168
-0.092168
-0.092143
-0.092168
-0.092119
-0.092094
-0.09207
-0.092119
-0.092119
-0.09207
-0.092045
-0.09202
-0.092045
-0.092045
-0.09202
-0.091996
-0.091996
-0.09202
-0.092045
-0.09202
-0.091971
-0.091971
-0.09202
-0.092045
-0.09202
-0.091971
-0.091971
-0.09202
-0.092045
-0.091996
-0.091971
-0.091971
-0.09202
-0.09202
-0.09202
-0.091971
-0.091971
-0.091996
-0.092045
-0.09202
-0.091996
-0.091996
-0.091971
-0.09202
-0.09202
-0.091996
-0.091971
-0.091971
-0.09202
-0.092045
-0.09202
-0.091971
-0.091971
-0.091996
-0.09202
-0.091996
-0.091971
-0.091946
-0.091971
-0.091996
-0.091971
-0.091946
-0.091946
-0.091971
-0.091996
-0.091996
-0.091971
-0.091971
-0.091971
-0.091996
-0.091996
-0.091946
-0.091971
-0.091996
-0.09202
-0.091996
-0.091971
-0.091946
-0.091996
-0.091996
-0.091996
-0.091946
-0.091996
-0.091971
-0.091946
-0.091971
-0.091996
-0.091996
-0.091946
-0.091946
-0.091971
-0.091996
-0.091996
-0.091946
-0.091922
-0.091946
-0.091996
-0.091971
-0.091946
-0.091922
-0.091946
-0.091971
-0.091971
-0.091922
-0.091922
-0.091946
-0.091971
-0.091946
-0.091922
-0.091897
-0.091922
-0.091946
-0.091946
-0.091922
-0.091897
-0.091922
-0.091971
-0.091946
-0.091922
-0.091897
-0.091922
-0.091946
-0.091946
-0.091971
-0.091946
-0.091922
-0.091946
-0.091971
-0.091946
-0.091897
-0.091873
-0.091897
-0.091922
-0.091922
-0.091873
-0.091873
-0.091897
-0.091922
-0.091922
-0.091897
-0.091873
-0.091922
-0.091946
-0.091946
-0.091922
-0.091897
-0.091922
-0.091971
-0.091971
-0.091922
-0.091873
-0.091897
-0.091922
-0.091922
-0.091897
-0.091873
-0.091897
-0.091922
-0.091897
-0.091823
-0.091799
-0.091823
-0.092045
-0.092143
-0.092266
-0.092316
-0.092193
-0.09202
-0.091897
-0.091897
-0.091897
-0.091873
-0.091873
-0.091873
-0.091897
-0.091922
-0.091897
-0.091873
-0.091873
-0.091897
-0.091897
-0.091873
-0.091848
-0.091873
-0.091897
-0.091897
-0.091848
-0.091823
-0.091823
-0.091873
-0.091897
-0.091848
-0.091823
-0.091848
-0.091897
-0.091897
-0.091848
-0.091823
-0.091848
-0.091897
-0.091897
-0.091873
-0.091873
-0.091848
-0.091848
-0.091897
-0.091897
-0.091873
-0.091848
-0.091848
-0.091897
-0.091897
-0.091873
-0.091873
-0.091873
-0.091922
-0.091946
-0.091922
-0.091897
-0.091897
-0.091946
-0.091946
-0.091922
-0.091897
-0.091922
-0.091971
-0.091946
-0.091897
-0.091873
-0.091897
-0.091946
-0.091946
-0.091897
-0.091873
-0.091873
-0.091897
-0.091897
-0.091848
-0.091823
-0.091799
-0.091848
-0.091848
-0.091823
-0.091848
-0.091823
-0.091774
-0.091799
-0.091823
-0.091848
-0.091823
-0.091774
-0.091799
-0.091823
-0.091848
-0.091799
-0.091774
-0.091799
-0.091823
-0.091823
-0.091799
-0.091774
-0.091749
-0.091799
-0.091799
-0.091774
-0.091749
-0.091774
-0.091799
-0.091823
-0.091799
-0.091774
-0.091749
-0.091774
-0.091799
-0.091774
-0.091725
-0.091749
-0.091774
-0.091774
-0.091749
-0.091725
-0.091749
-0.091725
-0.091725
-0.091774
-0.091774
-0.091749
-0.091725
-0.091725
-0.091774
-0.091774
-0.091749
-0.091725
-0.091725
-0.091749
-0.091749
-0.091725
-0.091676
-0.0917
-0.091725
-0.091725
-0.0917
-0.091651
-0.091651
-0.0917
-0.0917
-0.091676
-0.091626
-0.091651
-0.091676
-0.0917
-0.091676
-0.091651
-0.091626
-0.091651
-0.091676
-0.091676
-0.091651
-0.091651
-0.091676
-0.0917
-0.091676
-0.091676
-0.091676
-0.091626
-0.091626
-0.091676
-0.0917
-0.091676
-0.091626
-0.091602
-0.091651
-0.091676
-0.091651
-0.091626
-0.091626
-0.091651
-0.091676
-0.091651
-0.091602
-0.091602
-0.091626
-0.091676
-0.091651
-0.091602
-0.091602
-0.091626
-0.091626
-0.091626
-0.091602
-0.091577
-0.091626
-0.091651
-0.091626
-0.091602
-0.091602
-0.091626
-0.091651
-0.091651
-0.091602
-0.091602
-0.091626
-0.091577
-0.091602
-0.091651
-0.091626
-0.091577
-0.091577
-0.091626
-0.091626
-0.091602
-0.091553
-0.091528
-0.091553
-0.091577
-0.091553
-0.091528
-0.091528
-0.091553
-0.091577
-0.091553
-0.091528
-0.091528
-0.091528
-0.091528
-0.091503
-0.091479
-0.091503
-0.091577
-0.091676
-0.091725
-0.091774
-0.091823
-0.091922
-0.091897
-0.091749
-0.091577
-0.091454
-0.091503
-0.091553
-0.091528
-0.091503
-0.091528
-0.091503
-0.091479
-0.091503
-0.091528
-0.091528
-0.091503
-0.091479
-0.091503
-0.091528
-0.091503
-0.091479
-0.091454
-0.091479
-0.091479
-0.091503
-0.091454
-0.091454
-0.091479
-0.091503
-0.091503
-0.091454
-0.091429
-0.091454
-0.091503
-0.091479
-0.091454
-0.091429
-0.091454
-0.091503
-0.091503
-0.091454
-0.091429
-0.091479
-0.091503
-0.091479
-0.091454
-0.091429
-0.091454
-0.091479
-0.091479
-0.091503
-0.091479
-0.091454
-0.091503
-0.091528
-0.091528
-0.091503
-0.091503
-0.091528
-0.091553
-0.091553
-0.091503
-0.091479
-0.091503
-0.091528
-0.091503
-0.091479
-0.091429
-0.091429
-0.091454
-0.091454
-0.091405
-0.09138
-0.091405
-0.091429
-0.091429
-0.091405
-0.091356
-0.091356
-0.09138
-0.09138
-0.091356
-0.091331
-0.091356
-0.09138
-0.091405
-0.09138
-0.091356
-0.091356
-0.091306
-0.091331
-0.091356
-0.091356
-0.091331
-0.091282
-0.091331
-0.091356
-0.091356
-0.091306
-0.091282
-0.091306
-0.091356
-0.091331
-0.091306
-0.091282
-0.091306
-0.091331
-0.091331
-0.091282
-0.091257
-0.091282
-0.091331
-0.091306
-0.091282
-0.091257
-0.091282
-0.091306
-0.091282
-0.091257
-0.091233
-0.091257
-0.091282
-0.091282
-0.091257
-0.091233
-0.091233
-0.091282
-0.091282
-0.091257
-0.091282
-0.091233
-0.091208
-0.091208
-0.091233
-0.091257
-0.091233
-0.091183
-0.091183
-0.091208
-0.091233
-0.091208
-0.091183
-0.091208
-0.091257
-0.091257
-0.091208
-0.091183
-0.091183
-0.091233
-0.091233
-0.091208
-0.091159
-0.091183
-0.091208
-0.091233
-0.091183
-0.091159
-0.091183
-0.091208
-0.091208
-0.091183
-0.091134
-0.091159
-0.091183
-0.091183
-0.091159
-0.091109
-0.091109
-0.091159
-0.091134
-0.091159
-0.091183
-0.091159
-0.091109
-0.091109
-0.091134
-0.091159
-0.091134
-0.091109
-0.091109
-0.091134
-0.091134
-0.091109
-0.091085
-0.091085
-0.091109
-0.091109
-0.091085
-0.09106
-0.09106
-0.091085
-0.091109
-0.09106
-0.091011
-0.091011
-0.09106
-0.09106
-0.091036
-0.091011
-0.091011
-0.09106
-0.091085
-0.091036
-0.091011
-0.091011
-0.09106
-0.091085
-0.091036
-0.090986
-0.091011
-0.090962
-0.090986
-0.091011
-0.091011
-0.090937
-0.090912
-0.090937
-0.091011
-0.091085
-0.091109
-0.091159
-0.091257
-0.091356
-0.09138
-0.091257
-0.091085
-0.090937
-0.090912
-0.090962
-0.090962
-0.090937
-0.090937
-0.090986
-0.090986
-0.090986
-0.090937
-0.090937
-0.090962
-0.090986
-0.090962
-0.090912
-0.090912
-0.090962
-0.090962
-0.090937
-0.090888
-0.090888
-0.090937
-0.090962
-0.090912
-0.090937
-0.090937
-0.090912
-0.090888
-0.090937
-0.090937
-0.090912
-0.090888
-0.090888
-0.090912
-0.090937
-0.090912
-0.090888
-0.090888
-0.090912
-0.090937
-0.090912
-0.090888
-0.090888
-0.090912
-0.090937
-0.090912
-0.090888
-0.090888
-0.090912
-0.090962
-0.090937
-0.090912
-0.090888
-0.090937
-0.090962
-0.090962
-0.090937
-0.090937
-0.090962
-0.090986
-0.090962
-0.090937
-0.090937
-0.090912
-0.090888
-0.090888
-0.090912
-0.090888
-0.090863
-0.090839
-0.090839
-0.090888
-0.090839
-0.090814
-0.090789
-0.090839
-0.090863
-0.090839
-0.090814
-0.090789
-0.090814
-0.090839
-0.090839
-0.090789
-0.090789
-0.090789
-0.090814
-0.090814
-0.090765
-0.090765
-0.090789
-0.090789
-0.090765
-0.09074
-0.09074
-0.090765
-0.090789
-0.090789
-0.090765
-0.090765
-0.090765
-0.090789
-0.090789
-0.090765
-0.09074
-0.090716
-0.090691
-0.090716
-0.09074
-0.09074
-0.090691
-0.090666
-0.090691
-0.09074
-0.090716
-0.090666
-0.090666
-0.090691
-0.090716
-0.090691
-0.090666
-0.090642
-0.090666
-0.090691
-0.090691
-0.090666
-0.090642
-0.090642
-0.090691
-0.090691
-0.090642
-0.090617
-0.090617
-0.090666
-0.090666
-0.090617
-0.090592
-0.090617
-0.090642
-0.090642
-0.090592
-0.090568
-0.090592
-0.090568
-0.090568
-0.090617
-0.090617
-0.090568
-0.090543
-0.090568
-0.090592
-0.090568
-0.090543
-0.090519
-0.090543
-0.090568
-0.090568
-0.090519
-0.090494
-0.090519
-0.090543
-0.090543
-0.090494
-0.090469
-0.090494
-0.090519
-0.090519
-0.090494
-0.090469
-0.090494
-0.090519
-0.090494
-0.090469
-0.090445
-0.090469
-0.090494
-0.090519
-0.090469
-0.090445
-0.090469
-0.090494
-0.090494
-0.090445
-0.090469
-0.090445
-0.09042
-0.090445
-0.090469
-0.090469
-0.090445
-0.09042
-0.090445
-0.090445
-0.090469
-0.090445
-0.090396
-0.09042
-0.09042
-0.090445
-0.090396
-0.090371
-0.090396
-0.09042
-0.09042
-0.090371
-0.090346
-0.090346
-0.090371
-0.090396
-0.090371
-0.090322
-0.090346
-0.090346
-0.090346
-0.090322
-0.090322
-0.090396
-0.090519
-0.090592
-0.090642
-0.090691
-0.09074
-0.090691
-0.090297
-0.090346
-0.090346
-0.090322
-0.090297
-0.090297
-0.090322
-0.090322
-0.090297
-0.090272
-0.090272
-0.090322
-0.090322
-0.090297
-0.090248
-0.090248
-0.090297
-0.090297
-0.090272
-0.090248
-0.090248
-0.090272
-0.090297
-0.090272
-0.090223
-0.090248
-0.090272
-0.090272
-0.090248
-0.090223
-0.090223
-0.090248
-0.090248
-0.090248
-0.090199
-0.090223
-0.090223
-0.090223
-0.090199
-0.090199
-0.090223
-0.090199
-0.090248
-0.090248
-0.090248
-0.090199
-0.090174
-0.090199
-0.090272
-0.090248
-0.090223
-0.090199
-0.090223
-0.090272
-0.090272
-0.090248
-0.090199
-0.090223
-0.090248
-0.090272
-0.090248
-0.090223
-0.090223
-0.090248
-0.090248
-0.090199
-0.090149
-0.090174
-0.090174
-0.090174
-0.090149
-0.0901
-0.0901
-0.090125
-0.090149
-0.0901
-0.090075
-0.090075
-0.0901
-0.0901
-0.090125
-0.090149
-0.090125
-0.0901
-0.0901
-0.090125
-0.090125
-0.0901
-0.090075
-0.090075
-0.0901
-0.0901
-0.090075
-0.090051
-0.090026
-0.090075
-0.0901
-0.090051
-0.090026
-0.090026
-0.090075
-0.090075
-0.090026
-0.090002
-0.090002
-0.090026
-0.090051
-0.090026
-0.089977
-0.089977
-0.090002
-0.090002
-0.090002
-0.089952
-0.089952
-0.090002
-0.090002
-0.089977
-0.089952
-0.089952
-0.089928
-0.089952
-0.089977
-0.090002
-0.089952
-0.089928
-0.089928
-0.089952
-0.089952
-0.089952
-0.089903
-0.089879
-0.089928
-0.089952
-0.089928
-0.089879
-0.089854
-0.089879
-0.089903
-0.089903
-0.089854
-0.089854
-0.089879
-0.089903
-0.089879
-0.089854
-0.089829
-0.089854
-0.089879
-0.089879
-0.089829
-0.089829
-0.089879
-0.089879
-0.089879
-0.089829
-0.089829
-0.089854
-0.089879
-0.089854
-0.089829
-0.089829
-0.089805
-0.08978
-0.089829
-0.089854
-0.089829
-0.089805
-0.08978
-0.089805
-0.089829
-0.089829
-0.08978
-0.089755
-0.08978
-0.089805
-0.089805
-0.08978
-0.089755
-0.08978
-0.089829
-0.089805
-0.08978
-0.089755
-0.08978
-0.089805
-0.089805
-0.089755
-0.089731
-0.089755
-0.08978
-0.08978
-0.089755
-0.089731
-0.089755
-0.08978
-0.089755
-0.089731
-0.089731
-0.089731
-0.089706
-0.089731
-0.089731
-0.089731
-0.089682
-0.089682
-0.089682
-0.089706
-0.089706
-0.089657
-0.089608
-0.089632
-0.089657
-0.089682
-0.089657
-0.089706
-0.08978
-0.089879
-0.089977
-0.090002
-0.090026
-0.089952
-0.089805
-0.089682
-0.089608
-0.089608
-0.089632
-0.089657
-0.089682
-0.089657
-0.089632
-0.089657
-0.089682
-0.089657
-0.089632
-0.089608
-0.089632
-0.089657
-0.089657
-0.089608
-0.089608
-0.089608
-0.089583
-0.089583
-0.089608
-0.089608
-0.089559
-0.089559
-0.089559
-0.089608
-0.089583
-0.089534
-0.089509
-0.089534
-0.089559
-0.089559
-0.089509
-0.089509
-0.089509
-0.089559
-0.089559
-0.089509
-0.089485
-0.089509
-0.089534
-0.089534
-0.089534
-0.089509
-0.089534
-0.089559
-0.089583
-0.089559
-0.089534
-0.089559
-0.089583
-0.089608
-0.089583
-0.089559
-0.089559
-0.089583
-0.089559
-0.089608
-0.089583
-0.089534
-0.089509
-0.089534
-0.089559
-0.089534
-0.089485
-0.089485
-0.08946
-0.089485
-0.089485
-0.08946
-0.089435
-0.089435
-0.089485
-0.089485
-0.08946
-0.089435
-0.08946
-0.089485
-0.089485
-0.08946
-0.089411
-0.089435
-0.08946
-0.08946
-0.089435
-0.089386
-0.089411
-0.089435
-0.089435
-0.089386
-0.089362
-0.089362
-0.089411
-0.089411
-0.089386
-0.089362
-0.089337
-0.089362
-0.089386
-0.089386
-0.089362
-0.089312
-0.089337
-0.089362
-0.089386
-0.089337
-0.089288
-0.089312
-0.089337
-0.089337
-0.089312
-0.089288
-0.089288
-0.089337
-0.089337
-0.089288
-0.089288
-0.089288
-0.089312
-0.089337
-0.089312
-0.089263
-0.089263
-0.089288
-0.089312
-0.089263
-0.089238
-0.089238
-0.089288
-0.089288
-0.089263
-0.089214
-0.089238
-0.089263
-0.089263
-0.089238
-0.089214
-0.089189
-0.089189
-0.089238
-0.089238
-0.089238
-0.089189
-0.089189
-0.089214
-0.089238
-0.089189
-0.089165
-0.089165
-0.089189
-0.089189
-0.089165
-0.08914
-0.08914
-0.089165
-0.089165
-0.08914
-0.089115
-0.08914
-0.089165
-0.089165
-0.08914
-0.089115
-0.089091
-0.08914
-0.089165
-0.08914
-0.089091
-0.089091
-0.08914
-0.08914
-0.089115
-0.089091
-0.089091
-0.089115
-0.089115
-0.089091
-0.089115
-0.089091
-0.089066
-0.089042
-0.089091
-0.089115
-0.089091
-0.089066
-0.089066
-0.089066
-0.089091
-0.089066
-0.089017
-0.089017
-0.089042
-0.089042
-0.089017
-0.088992
-0.088992
-0.089017
-0.089017
-0.088992
-0.088968
-0.088968
-0.089017
-0.089042
-0.089017
-0.088968
-0.088968
-0.088968
-0.088968
-0.088968
-0.088943
-0.089017
-0.089091
-0.089189
-0.089238
-0.089263
-0.089312
-0.088894
-0.088894
-0.088943
-0.088968
-0.088943
-0.088918
-0.088918
-0.088968
-0.088968
-0.088968
-0.088943
-0.088918
-0.088943
-0.088968
-0.088918
-0.088894
-0.088894
-0.088894
-0.088918
-0.088894
-0.088869
-0.088869
-0.088894
-0.088918
-0.088894
-0.088845
-0.08882
-0.088869
-0.088894
-0.088869
-0.088845
-0.088845
-0.088869
-0.088894
-0.088869
-0.088845
-0.088845
-0.088869
-0.088894
-0.088894
-0.088918
-0.088894
-0.088869
-0.088869
-0.088894
-0.088918
-0.088918
-0.088869
-0.088845
-0.088869
-0.088894
-0.088918
-0.088869
-0.088869
-0.088894
-0.088918
-0.088918
-0.088894
-0.088869
-0.088894
-0.088918
-0.088918
-0.088869
-0.088845
-0.088869
-0.088894
-0.088869
-0.08882
-0.088795
-0.08882
-0.088845
-0.08882
-0.088771
-0.088746
-0.088771
-0.088795
-0.088771
-0.088722
-0.088722
-0.088746
-0.088697
-0.088746
-0.088722
-0.088672
-0.088648
-0.088672
-0.088697
-0.088672
-0.088623
-0.088623
-0.088623
-0.088648
-0.088648
-0.088623
-0.088598
-0.088623
-0.088623
-0.088623
-0.088598
-0.088598
-0.088598
-0.088648
-0.088623
-0.088598
-0.088549
-0.088574
-0.088623
-0.088598
-0.088574
-0.088549
-0.088574
-0.088598
-0.088574
-0.088549
-0.088525
-0.088549
-0.088574
-0.088574
-0.088525
-0.0885
-0.088525
-0.088525
-0.0885
-0.088475
-0.0885
-0.088525
-0.0885
-0.088475
-0.088451
-0.088475
-0.088525
-0.088525
-0.0885
-0.088475
-0.088475
-0.0885
-0.088475
-0.088451
-0.088426
-0.088451
-0.088475
-0.088475
-0.088451
-0.088426
-0.088426
-0.088451
-0.088451
-0.088426
-0.088401
-0.088401
-0.088426
-0.088426
-0.088401
-0.088377
-0.088401
-0.088426
-0.088426
-0.088377
-0.088352
-0.088377
-0.088352
-0.088377
-0.088401
-0.088401
-0.088352
-0.088328
-0.088352
-0.088377
-0.088377
-0.088328
-0.088303
-0.088328
-0.088352
-0.088352
-0.088303
-0.088278
-0.088303
-0.088328
-0.088328
-0.088303
-0.088278
-0.088278
-0.088303
-0.088328
-0.088278
-0.088254
-0.088278
-0.088278
-0.088303
-0.088254
-0.088229
-0.088254
-0.088278
-0.088303
-0.088278
-0.088254
-0.088254
-0.088278
-0.088278
-0.088229
-0.088254
-0.088229
-0.088205
-0.088229
-0.088254
-0.088229
-0.08818
-0.088131
-0.088155
-0.088229
-0.088278
-0.088328
-0.088352
-0.088426
-0.088549
-0.088623
-0.088525
-0.088377
-0.088229
-0.08818
-0.08818
-0.088155
-0.088131
-0.088155
-0.088205
-0.088205
-0.08818
-0.088131
-0.088155
-0.088205
-0.088205
-0.08818
-0.088131
-0.088155
-0.08818
-0.08818
-0.088155
-0.088131
-0.088131
-0.088155
-0.08818
-0.088131
-0.088106
-0.088106
-0.088155
-0.08818
-0.088131
-0.088106
-0.088106
-0.088131
-0.088155
-0.088131
-0.088106
-0.088106
-0.088131
-0.088155
-0.088106
-0.088081
-0.088081
-0.088131
-0.088131
-0.088106
-0.088081
-0.088081
-0.088106
-0.088131
-0.088106
-0.088057
-0.088081
-0.088131
-0.088131
-0.088131
-0.088081
-0.088081
-0.088106
-0.088131
-0.088106
-0.088057
-0.088057
-0.088106
-0.088032
-0.088032
-0.088032
-0.088008
-0.087958
-0.087934
-0.087958
-0.087983
-0.087958
-0.087909
-0.087885
-0.087909
-0.087909
-0.087885
-0.087835
-0.087835
-0.08786
-0.08786
-0.08786
-0.087811
-0.087811
-0.087835
-0.087835
-0.087811
-0.087761
-0.087761
-0.087811
-0.087811
-0.087786
-0.087761
-0.087737
-0.087761
-0.087786
-0.087761
-0.087737
-0.087712
-0.087761
-0.087761
-0.087737
-0.087688
-0.087688
-0.087663
-0.087663
-0.087663
-0.087688
-0.087663
-0.087614
-0.087589
-0.087614
-0.087638
-0.087614
-0.087589
-0.08754
-0.087565
-0.087589
-0.087565
-0.087515
-0.087515
-0.08754
-0.087565
-0.08754
-0.087491
-0.087491
-0.087515
-0.08754
-0.087491
-0.087466
-0.087417
-0.087441
-0.087466
-0.087441
-0.087392
-0.087368
-0.087392
-0.087417
-0.087392
-0.087343
-0.087343
-0.087343
-0.087392
-0.087318
-0.087343
-0.087318
-0.087269
-0.087269
-0.087294
-0.087318
-0.087294
-0.087269
-0.087244
-0.087269
-0.087294
-0.087269
-0.08722
-0.08722
-0.08722
-0.087244
-0.087244
-0.08722
-0.087195
-0.087195
-0.08722
-0.087195
-0.087146
-0.087121
-0.087146
-0.087171
-0.087146
-0.087097
-0.087097
-0.087097
-0.087121
-0.087121
-0.087072
-0.087072
-0.087072
-0.087097
-0.087072
-0.087023
-0.087023
-0.086974
-0.086998
-0.087023
-0.087023
-0.086974
-0.086949
-0.086974
-0.086998
-0.086974
-0.086949
-0.0869
-0.086924
-0.086949
-0.086924
-0.086875
-0.086851
-0.086875
-0.086875
-0.086875
-0.086826
-0.086826
-0.086826
-0.086826
-0.086826
-0.086777
-0.086728
-0.086752
-0.086777
-0.086801
-0.086826
-0.086875
-0.086949
-0.087048
-0.087097
-0.087097
-0.087023
-0.0869
-0.086777
-0.086703
-0.086678
-0.086728
-0.086678
-0.086654
-0.086678
-0.086703
-0.086703
-0.086654
-0.086629
-0.086654
-0.086654
-0.086654
-0.086604
-0.086604
-0.086604
-0.086629
-0.086629
-0.08658
-0.086555
-0.086555
-0.08658
-0.08658
-0.08658
-0.086555
-0.086555
-0.08658
-0.08658
-0.086531
-0.086506
-0.086531
-0.086555
-0.086555
-0.086531
-0.086481
-0.086506
-0.086531
-0.086531
-0.086481
-0.086457
-0.086457
-0.086481
-0.086457
-0.086457
-0.086481
-0.086457
-0.086432
-0.086457
-0.086481
-0.086481
-0.086457
-0.086457
-0.086457
-0.086506
-0.086506
-0.086457
-0.086457
-0.086457
-0.086481
-0.086481
-0.086457
-0.086432
-0.086407
-0.086432
-0.086407
-0.086358
-0.086358
-0.086334
-0.086358
-0.086358
-0.086309
-0.086284
-0.086284
-0.086334
-0.086309
-0.08626
-0.086235
-0.086235
-0.08626
-0.08626
-0.086235
-0.086186
-0.086161
-0.086161
-0.086186
-0.086211
-0.086161
-0.086112
-0.086137
-0.086161
-0.086161
-0.086137
-0.086112
-0.086112
-0.086137
-0.086161
-0.086112
-0.086087
-0.086087
-0.086112
-0.086112
-0.086087
-0.086063
-0.086063
-0.086063
-0.086087
-0.086038
-0.086014
-0.086014
-0.086038
-0.086038
-0.086038
-0.086014
-0.086014
-0.086038
-0.086038
-0.086014
-0.085989
-0.085989
-0.086014
-0.086038
-0.085989
-0.085989
-0.085964
-0.08594
-0.08594
-0.085964
-0.085964
-0.08594
-0.085915
-0.085915
-0.08594
-0.08594
-0.085915
-0.085891
-0.085866
-0.085915
-0.085915
-0.085866
-0.085841
-0.085841
-0.085866
-0.085891
-0.085841
-0.085817
-0.085817
-0.085841
-0.085866
-0.085841
-0.085792
-0.085817
-0.085841
-0.085841
-0.085817
-0.085792
-0.085792
-0.085817
-0.085817
-0.085817
-0.085767
-0.085767
-0.085792
-0.085743
-0.085767
-0.085792
-0.085767
-0.085718
-0.085718
-0.085718
-0.085743
-0.085718
-0.085694
-0.085718
-0.085718
-0.085718
-0.085694
-0.085669
-0.085669
-0.085694
-0.085694
-0.085669
-0.08562
-0.085595
-0.08562
-0.085644
-0.08562
-0.085595
-0.085595
-0.08562
-0.085644
-0.085644
-0.085595
-0.085595
-0.08562
-0.08562
-0.08562
-0.08557
-0.08557
-0.08557
-0.085595
-0.085546
-0.085521
-0.085546
-0.085497
-0.085472
-0.085472
-0.085521
-0.085521
-0.085546
-0.08562
-0.085694
-0.085792
-0.085841
-0.085866
-0.085792
-0.085669
-0.085521
-0.085447
-0.085423
-0.085447
-0.085472
-0.085472
-0.085472
-0.085423
-0.085423
-0.085447
-0.085447
-0.085423
-0.085398
-0.085398
-0.085398
-0.085423
-0.085398
-0.085374
-0.085349
-0.085374
-0.085398
-0.085374
-0.085349
-0.085349
-0.085374
-0.085398
-0.085349
-0.085374
-0.085349
-0.0853
-0.085275
-0.0853
-0.0853
-0.0853
-0.085275
-0.08525
-0.085275
-0.085324
-0.0853
-0.08525
-0.08525
-0.085275
-0.0853
-0.085275
-0.08525
-0.085226
-0.08525
-0.085275
-0.085275
-0.08525
-0.085226
-0.08525
-0.085275
-0.085275
-0.08525
-0.08525
-0.085275
-0.0853
-0.0853
-0.085275
-0.08525
-0.085275
-0.0853
-0.085275
-0.085226
-0.085201
-0.085177
-0.085127
-0.085152
-0.085152
-0.085152
-0.085127
-0.085103
-0.085127
-0.085152
-0.085127
-0.085103
-0.085054
-0.085078
-0.085127
-0.085103
-0.085078
-0.085054
-0.085078
-0.085103
-0.085078
-0.085029
-0.085004
-0.085029
-0.085054
-0.085054
-0.085004
-0.08498
-0.085004
-0.085029
-0.085029
-0.08498
-0.084955
-0.08498
-0.085029
-0.085029
-0.08498
-0.084955
-0.084955
-0.085004
-0.085004
-0.08498
-0.08498
-0.084955
-0.08493
-0.08493
-0.08493
-0.08493
-0.084906
-0.084881
-0.084881
-0.084906
-0.084906
-0.084881
-0.084857
-0.084881
-0.084906
-0.084881
-0.084881
-0.084857
-0.084881
-0.084906
-0.084906
-0.084857
-0.084857
-0.084857
-0.084881
-0.084881
-0.084857
-0.084807
-0.084807
-0.084832
-0.084832
-0.084832
-0.084783
-0.084807
-0.084832
-0.084832
-0.084783
-0.084758
-0.084783
-0.084733
-0.084758
-0.084783
-0.084807
-0.084758
-0.084733
-0.084733
-0.084758
-0.084783
-0.084733
-0.084709
-0.084733
-0.084783
-0.084758
-0.084733
-0.084709
-0.084733
-0.084758
-0.084758
-0.084733
-0.084709
-0.084709
-0.084733
-0.084733
-0.084709
-0.084684
-0.084684
-0.084709
-0.084709
-0.084684
-0.08466
-0.08466
-0.084684
-0.084684
-0.08466
-0.084635
-0.084635
-0.08466
-0.08466
-0.08461
-0.084635
-0.08461
-0.084561
-0.084561
-0.08461
-0.08461
-0.084586
-0.084561
-0.084561
-0.08461
-0.08461
-0.084586
-0.084561
-0.084561
-0.08461
-0.08461
-0.084586
-0.084561
-0.084561
-0.084586
-0.084586
-0.084537
-0.084487
-0.084487
-0.084537
-0.08461
-0.08466
-0.084684
-0.084758
-0.084857
-0.08493
-0.084881
-0.084709
-0.084561
-0.084487
-0.084487
-0.084487
-0.084487
-0.084487
-0.084512
-0.084438
-0.084487
-0.084487
-0.084463
-0.084438
-0.084438
-0.084463
-0.084487
-0.084438
-0.084413
-0.084413
-0.084438
-0.084463
-0.084438
-0.084389
-0.084413
-0.084413
-0.084438
-0.084413
-0.084389
-0.084413
-0.084413
-0.084438
-0.084413
-0.084364
-0.084364
-0.084389
-0.084413
-0.084389
-0.08434
-0.08434
-0.084389
-0.084389
-0.084364
-0.08434
-0.084315
-0.084364
-0.084413
-0.084364
-0.08434
-0.084315
-0.08434
-0.084364
-0.084364
-0.084364
-0.08434
-0.08434
-0.084364
-0.084389
-0.084364
-0.08434
-0.08434
-0.084364
-0.084389
-0.08434
-0.084315
-0.084315
-0.084315
-0.084315
-0.084315
-0.084266
-0.084241
-0.084266
-0.084266
-0.084241
-0.084217
-0.084217
-0.084217
-0.084241
-0.084217
-0.084192
-0.084167
-0.084192
-0.084217
-0.084192
-0.084167
-0.084167
-0.084192
-0.084217
-0.084192
