2018
7
9
15
8
53.326
0.10091
0.10093
0.10093
0.10093
0.10088
0.10091
0.10093
0.10093
0.10091
0.10086
0.10086
0.10088
0.10091
0.10088
0.10086
0.10086
0.10088
0.10088
0.10086
0.10086
0.10083
0.10086
0.10088
0.10086
0.10083
0.10083
0.10086
0.10088
0.10086
0.10083
0.10083
0.10086
0.10088
0.10086
0.10083
0.10083
0.10086
0.10086
0.10083
0.10083
0.10081
0.10078
0.10078
0.10081
0.10081
0.10078
0.10076
0.10076
0.10078
0.10078
0.10076
0.10073
0.10073
0.10076
0.10076
0.10073
0.10071
0.10071
0.10073
0.10073
0.10071
0.10069
0.10069
0.10069
0.10071
0.10069
0.10066
0.10064
0.10066
0.10066
0.10066
0.10061
0.10061
0.10064
0.10066
0.10064
0.10061
0.10061
0.10064
0.10064
0.10061
0.10061
0.10061
0.10059
0.10056
0.10059
0.10059
0.10059
0.10056
0.10054
0.10056
0.10059
0.10056
0.10054
0.10054
0.10054
0.10056
0.10054
0.10051
0.10051
0.10051
0.10049
0.10044
0.10039
0.10039
0.10039
0.10041
0.10046
0.10046
0.10049
0.10054
0.10056
0.10054
0.10049
0.10049
0.10049
0.10049
0.10046
0.10044
0.10041
0.10041
0.10041
0.10044
0.10046
0.10044
0.10041
0.10041
0.10041
0.10044
0.10041
0.10039
0.10039
0.10039
0.10041
0.10039
0.10037
0.10037
0.10039
0.10041
0.10039
0.10037
0.10034
0.10037
0.10039
0.10037
0.10034
0.10032
0.10034
0.10037
0.10034
0.10032
0.10029
0.10032
0.10034
0.10034
0.10032
0.10029
0.10032
0.10034
0.10032
0.10029
0.10029
0.10027
0.10024
0.10027
0.10027
0.10027
0.10022
0.10022
0.10022
0.10024
0.10024
0.10022
0.10019
0.10022
0.10024
0.10024
0.10022
0.10022
0.10022
0.10024
0.10024
0.10022
0.10019
0.10022
0.10024
0.10024
0.10019
0.10019
0.10019
0.10022
0.10022
0.10019
0.10017
0.10019
0.10022
0.10019
0.10017
0.10017
0.10017
0.10014
0.10017
0.10017
0.10017
0.10014
0.10014
0.10014
0.10017
0.10017
0.10014
0.10012
0.10014
0.10014
0.10014
0.10012
0.10012
0.10012
0.10014
0.10014
0.10012
0.10009
0.10009
0.10012
0.10012
0.10009
0.10007
0.10009
0.10012
0.10012
0.10007
0.10007
0.10007
0.10009
0.10009
0.10007
0.10005
0.10007
0.10009
0.10009
0.10007
0.10007
0.10005
0.10002
0.10002
0.10005
0.10005
0.10002
0.10002
0.10002
0.10005
0.10005
0.10002
0.099996
0.099996
0.10002
0.10002
0.099996
0.099972
0.099972
0.099996
0.099996
0.099972
0.099947
0.099947
0.099972
0.099972
0.099947
0.099922
0.099922
0.099947
0.099972
0.099922
0.099922
0.099922
0.099947
0.099972
0.099922
0.099898
0.099922
0.099922
0.099922
0.099922
0.099898
0.099873
0.099873
0.099898
0.099898
0.099873
0.099849
0.099849
0.099873
0.099873
0.099849
0.099824
0.099849
0.099849
0.099873
0.099824
0.099799
0.099824
0.099849
0.099849
0.099824
0.099799
0.099799
0.099799
0.099799
0.099775
0.099775
0.099775
0.099775
0.099799
0.099775
0.09975
0.09975
0.099775
0.099775
0.09975
0.099726
0.099726
0.099701
0.099701
0.099726
0.099726
0.099701
0.099676
0.099676
0.099676
0.099652
0.099602
0.099553
0.099553
0.099578
0.099602
0.099602
0.099627
0.099652
0.099676
0.099701
0.099652
0.099627
0.099602
0.099627
0.099602
0.099578
0.099553
0.099553
0.099578
0.099602
0.099578
0.099553
0.099553
0.099578
0.099578
0.099553
0.099529
0.099529
0.099553
0.099553
0.099529
0.099529
0.099504
0.099479
0.099479
0.099504
0.099504
0.099479
0.099455
0.099455
0.099479
0.099504
0.099479
0.099455
0.099455
0.099479
0.099479
0.099455
0.09943
0.09943
0.099455
0.099455
0.09943
0.099406
0.099406
0.099406
0.09943
0.099406
0.099381
0.099356
0.099381
0.099406
0.099381
0.099332
0.099332
0.099356
0.099356
0.099356
0.099332
0.099332
0.099332
0.099307
0.099332
0.099332
0.099307
0.099282
0.099282
0.099307
0.099332
0.099307
0.099282
0.099282
0.099307
0.099332
0.099307
0.099282
0.099282
0.099307
0.099307
0.099307
0.099282
0.099282
0.099282
0.099307
0.099282
0.099258
0.099258
0.099258
0.099282
0.099258
0.099233
0.099233
0.099258
0.099258
0.099233
0.099209
0.099209
0.099209
0.099233
0.099209
0.099184
0.099184
0.099159
0.099159
0.099159
0.099184
0.099184
0.099135
0.099135
0.099135
0.099159
0.099135
0.09911
0.09911
0.09911
0.099135
0.09911
0.099086
0.099086
0.09911
0.09911
0.09911
0.099061
0.099061
0.099086
0.09911
0.099086
0.099061
0.099061
0.099061
0.099061
0.099061
0.099012
0.099012
0.099036
0.099036
0.099036
0.099012
0.099012
0.099012
0.099036
0.099012
0.099036
0.099012
0.098987
0.098987
0.098987
0.099012
0.098987
0.098962
0.098962
0.098987
0.098987
0.098987
0.098962
0.098938
0.098962
0.098987
0.098962
0.098938
0.098913
0.098938
0.098962
0.098938
0.098913
0.098913
0.098938
0.098938
0.098938
0.098913
0.098913
0.098913
0.098938
0.098913
0.098889
0.098889
0.098889
0.098913
0.098913
0.098889
0.098864
0.098864
0.098839
0.098864
0.098864
0.098864
0.098839
0.098815
0.098839
0.098864
0.098839
0.098815
0.09879
0.098815
0.098839
0.098815
0.09879
0.09879
0.09879
0.098815
0.098815
0.09879
0.098765
0.098765
0.09879
0.09879
0.098765
0.098741
0.098765
0.098765
0.098765
0.098741
0.098716
0.098741
0.098765
0.098741
0.098716
0.098716
0.098716
0.098716
0.098692
0.098593
0.098593
0.098569
0.098593
0.098642
0.098692
0.098692
0.098692
0.098667
0.098667
0.098667
0.098642
0.098618
0.098593
0.098593
0.098618
0.098618
0.098593
0.098569
0.098569
0.098593
0.098593
0.098569
0.098544
0.098544
0.098569
0.098569
0.098519
0.098495
0.098495
0.098519
0.098519
0.09847
0.098445
0.09847
0.09847
0.09847
0.098445
0.098421
0.098421
0.098421
0.098421
0.098421
0.098421
0.098396
0.098372
0.098372
0.098396
0.098372
0.098347
0.098322
0.098347
0.098347
0.098347
0.098322
0.098298
0.098298
0.098298
0.098298
0.098273
0.098273
0.098273
0.098298
0.098273
0.098249
0.098224
0.098249
0.098249
0.098249
0.098224
0.098199
0.098224
0.098249
0.098249
0.098199
0.098199
0.098199
0.098199
0.098224
0.098199
0.098199
0.098175
0.09815
0.098175
0.098175
0.098175
0.098175
0.098125
0.09815
0.098175
0.098175
0.09815
0.098125
0.098125
0.09815
0.09815
0.098125
0.098101
0.098101
0.098101
0.098101
0.098076
0.098052
0.098052
0.098076
0.098101
0.098076
0.098052
0.098052
0.098076
0.098076
0.098052
0.098027
0.098027
0.098052
0.098052
0.098027
0.098002
0.098002
0.098027
0.097978
0.098002
0.098002
0.097978
0.097953
0.097953
0.097978
0.097978
0.097953
0.097928
0.097928
0.097953
0.097953
0.097928
0.097904
0.097904
0.097928
0.097928
0.097904
0.097879
0.097879
0.097879
0.097904
0.097879
0.097855
0.097855
0.097879
0.097879
0.097855
0.09783
0.09783
0.097855
0.097855
0.09783
0.097805
0.097805
0.09783
0.09783
0.097805
0.097781
0.097781
0.097756
0.097732
0.097756
0.097781
0.097756
0.097707
0.097707
0.097732
0.097732
0.097707
0.097707
0.097707
0.097707
0.097732
0.097707
0.097682
0.097658
0.097682
0.097682
0.097682
0.097633
0.097633
0.097658
0.097658
0.097633
0.097608
0.097608
0.097633
0.097633
0.097608
0.097584
0.097584
0.097584
0.097608
0.097584
0.097559
0.097559
0.097559
0.097584
0.097559
0.097559
0.097535
0.09751
0.09751
0.09751
0.09751
0.09751
0.097485
0.097485
0.097485
0.09751
0.097485
0.097461
0.097461
0.097461
0.097485
0.097461
0.097436
0.097436
0.097461
0.097461
0.097412
0.097387
0.097338
0.097338
0.097313
0.097288
0.097264
0.097288
0.097338
0.097387
0.097412
0.097387
0.097387
0.097387
0.097387
0.097362
0.097313
0.097313
0.097264
0.097264
0.097288
0.097288
0.097288
0.097239
0.097239
0.097239
0.097264
0.097239
0.097215
0.09719
0.097215
0.097239
0.097215
0.09719
0.097165
0.09719
0.09719
0.09719
0.097165
0.097141
0.097165
0.097165
0.097165
0.097141
0.097116
0.097141
0.097165
0.097141
0.097116
0.097091
0.097116
0.097116
0.097116
0.097067
0.097067
0.097091
0.097091
0.097091
0.097018
0.097018
0.097018
0.097018
0.097018
0.096993
0.096993
0.096993
0.097018
0.096993
0.096968
0.096944
0.096968
0.096968
0.096968
0.096944
0.096919
0.096944
0.096944
0.096944
0.096944
0.096919
0.096944
0.096968
0.096944
0.096919
0.096919
0.096919
0.096944
0.096944
0.096895
0.096895
0.096895
0.096919
0.096919
0.096895
0.09687
0.09687
0.096895
0.096895
0.096895
0.09687
0.096845
0.096821
0.096845
0.09687
0.096845
0.096821
0.096821
0.096821
0.096845
0.096845
0.096821
0.096796
0.096821
0.096821
0.096821
0.096796
0.096771
0.096796
0.096821
0.096796
0.096771
0.096747
0.096771
0.096796
0.096796
0.096771
0.096747
0.096747
0.096771
0.096771
0.096747
0.096722
0.096722
0.096747
0.096747
0.096722
0.096698
0.096698
0.096673
0.096698
0.096698
0.096673
0.096648
0.096673
0.096698
0.096673
0.096648
0.096648
0.096648
0.096673
0.096673
0.096648
0.096624
0.096624
0.096648
0.096648
0.096624
0.096599
0.096624
0.096624
0.096624
0.096599
0.096575
0.096599
0.096599
0.096599
0.096575
0.09655
0.09655
0.096575
0.096575
0.09655
0.096525
0.096525
0.09655
0.09655
0.096525
0.096501
0.096501
0.096476
0.096476
0.096501
0.096501
0.096476
0.096451
0.096451
0.096476
0.096476
0.096451
0.096427
0.096427
0.096451
0.096451
0.096427
0.096402
0.096402
0.096427
0.096427
0.096402
0.096378
0.096378
0.096378
0.096378
0.096353
0.096328
0.096353
0.096353
0.096353
0.096328
0.096304
0.096304
0.096328
0.096328
0.096304
0.096279
0.096279
0.096304
0.096304
0.096279
0.096279
0.09623
0.096181
0.096156
0.096156
0.096131
0.096107
0.096107
0.096156
0.096205
0.096254
0.09623
0.09623
0.09623
0.09623
0.09623
0.096181
0.096156
0.096131
0.096156
0.096156
0.096131
0.096107
0.096107
0.096131
0.096131
0.096107
0.096058
0.096058
0.096082
0.096082
0.096058
0.096033
0.096033
0.096058
0.096058
0.096033
0.096008
0.096008
0.095984
0.095984
0.095984
0.096008
0.095984
0.095959
0.095959
0.095959
0.095984
0.095959
0.095934
0.09591
0.095934
0.095934
0.09591
0.095885
0.095861
0.095885
0.095885
0.095861
0.095836
0.095811
0.095836
0.095836
0.095811
0.095787
0.095762
0.095787
0.095787
0.095762
0.095738
0.095713
0.095713
0.095738
0.095688
0.095664
0.095664
0.095664
0.095688
0.095664
0.095639
0.095614
0.09559
0.09559
0.09559
0.09559
0.095565
0.095541
0.095541
0.095541
0.095565
0.095541
0.095491
0.095491
0.095516
0.095516
0.095491
0.095467
0.095442
0.095467
0.095467
0.095442
0.095393
0.095393
0.095393
0.095417
0.095393
0.095368
0.095368
0.095368
0.095368
0.095344
0.095319
0.095319
0.095319
0.095319
0.095319
0.095294
0.09527
0.09527
0.095196
0.095196
0.095171
0.095147
0.095122
0.095147
0.095171
0.095147
0.095122
0.095097
0.095122
0.095122
0.095122
0.095097
0.095073
0.095097
0.095097
0.095073
0.095048
0.095024
0.095024
0.095048
0.095024
0.094999
0.094974
0.094974
0.094999
0.094974
0.09495
0.094925
0.09495
0.09495
0.09495
0.094925
0.094901
0.094925
0.094925
0.094925
0.094876
0.094876
0.094851
0.094827
0.094851
0.094851
0.094851
0.094827
0.094802
0.094802
0.094827
0.094802
0.094777
0.094753
0.094777
0.094777
0.094777
0.094753
0.094728
0.094753
0.094753
0.094753
0.094704
0.094679
0.094704
0.094704
0.094704
0.094679
0.094654
0.094679
0.094679
0.094654
0.09463
0.09463
0.09463
0.09463
0.09463
0.094605
0.09458
0.094605
0.094605
0.094605
0.09458
0.094556
0.094531
0.094507
0.094531
0.094531
0.094531
0.094507
0.094482
0.094507
0.094507
0.094482
0.094457
0.094457
0.094457
0.094482
0.094457
0.094433
0.094433
0.094433
0.094457
0.094457
0.094433
0.094408
0.094433
0.094433
0.094408
0.094359
0.09431
0.09431
0.094285
0.094285
0.09426
0.094285
0.094334
0.094384
0.094408
0.094384
0.094359
0.094384
0.09431
0.09431
0.094334
0.09431
0.094285
0.094285
0.094285
0.094285
0.094285
0.094236
0.094236
0.094236
0.09426
0.09426
0.094211
0.094187
0.094211
0.094236
0.094211
0.094187
0.094162
0.094162
0.094187
0.094187
0.094137
0.094113
0.094137
0.094137
0.094137
0.094113
0.094088
0.094088
0.094113
0.094113
0.094088
0.094064
0.094064
0.094088
0.094088
0.094064
0.094039
0.094014
0.09399
0.094014
0.094014
0.094014
0.09399
0.093965
0.093965
0.09399
0.09399
0.093965
0.09394
0.09394
0.093965
0.09394
0.093916
0.093916
0.093916
0.09394
0.09394
0.093916
0.093891
0.093891
0.093916
0.093916
0.093891
0.093867
0.093867
0.093891
0.093891
0.093867
0.093842
0.093867
0.093867
0.093867
0.093842
0.093817
0.093817
0.093842
0.093793
0.093793
0.093793
0.093768
0.093744
0.093744
0.093744
0.093744
0.093744
0.093719
0.093719
0.093744
0.093744
0.093694
0.09367
0.093694
0.093694
0.093694
0.09367
0.093645
0.09367
0.09367
0.09367
0.093645
0.09362
0.09362
0.093645
0.093645
0.093596
0.093571
0.093571
0.093596
0.093596
0.093571
0.093547
0.093547
0.093571
0.093571
0.093571
0.093547
0.093522
0.093497
0.093497
0.093497
0.093497
0.093473
0.093448
0.093473
0.093473
0.093473
0.093448
0.093423
0.093423
0.093448
0.093423
0.093399
0.093374
0.093374
0.093399
0.093399
0.093374
0.09335
0.09335
0.09335
0.09335
0.093325
0.0933
0.0933
0.093325
0.093325
0.0933
0.093276
0.093276
0.093276
0.093276
0.093251
0.093227
0.093202
0.093227
0.093227
0.093177
0.093177
0.093128
0.093103
0.093103
0.093103
0.093103
0.093079
0.093054
0.093054
0.093054
0.093054
0.09303
0.093005
0.093005
0.093005
0.093005
0.09298
0.092956
0.092956
0.092956
0.092956
0.092931
0.092907
0.092907
0.092907
0.092907
0.092882
0.092857
0.092857
0.092857
0.092857
0.092833
0.092808
0.092783
0.092808
0.092808
0.092783
0.092734
0.092734
0.09266
0.09266
0.09266
0.09266
0.092611
0.092611
0.092586
0.092562
0.092513
0.092463
0.092439
0.092439
0.092439
0.092439
0.092463
0.092463
0.092513
0.092513
0.092488
0.092463
0.092439
0.092439
0.092414
0.092365
0.09234
0.092316
0.09234
0.09234
0.092316
0.092291
0.092266
0.092266
0.092291
0.092266
0.092242
0.092217
0.092242
0.092242
0.092217
0.092193
0.092168
0.092143
0.092119
0.092143
0.092143
0.092119
0.092094
0.092094
0.092094
0.092119
0.092094
0.09207
0.09207
0.09207
0.09207
0.09207
0.092045
0.09202
0.092045
0.092045
0.092045
0.091996
0.091996
0.09202
0.09202
0.091996
0.091971
0.091971
0.091971
0.091996
0.091971
0.091946
0.091922
0.091922
0.091946
0.091922
0.091897
0.091897
0.091922
0.091922
0.091897
0.091897
0.091897
0.091873
0.091848
0.091873
0.091897
0.091873
0.091848
0.091848
0.091848
0.091873
0.091873
0.091848
0.091823
0.091848
0.091848
0.091848
0.091823
0.091799
0.091823
0.091823
0.091823
0.091799
0.091774
0.091774
0.091799
0.091774
0.091749
0.091749
0.091749
0.091749
0.091749
0.0917
0.0917
0.0917
0.091725
0.0917
0.091676
0.091676
0.091651
0.091626
0.091651
0.091651
0.091651
0.091626
0.091602
0.091602
0.091626
0.091626
0.091602
0.091577
0.091602
0.091626
0.091602
0.091577
0.091553
0.091577
0.091577
0.091553
0.091528
0.091503
0.091528
0.091528
0.091528
0.091503
0.091479
0.091503
0.091503
0.091503
0.091479
0.091454
0.091454
0.091479
0.091479
0.091454
0.091454
0.091454
0.091454
0.091454
0.091454
0.091429
0.091405
0.091405
0.091405
0.091429
0.091429
0.09138
0.09138
0.09138
0.091405
0.09138
0.091356
0.091356
0.091356
0.09138
0.09138
0.091356
0.091331
0.091356
0.09138
0.091356
0.091331
0.091306
0.091331
0.091331
0.091331
0.091306
0.091306
0.091306
0.091331
0.091331
0.091282
0.091282
0.091282
0.091282
0.091282
0.091257
0.091233
0.091233
0.091208
0.091233
0.091233
0.091208
0.091183
0.091183
0.091208
0.091208
0.091183
0.091159
0.091183
0.091183
0.091183
0.091159
0.091159
0.091159
0.091183
0.091183
0.091159
0.091134
0.091134
0.091159
0.091159
0.091134
0.091109
0.091109
0.091134
0.091134
0.091134
0.091109
0.091109
0.091109
0.091085
0.091011
0.090986
0.090986
0.090986
0.091011
0.091011
0.091036
0.091109
0.091085
0.091085
0.091085
0.091085
0.091036
0.091036
0.091036
0.09106
0.09106
0.091036
0.091011
0.091011
0.091036
0.091036
0.091011
0.090986
0.091011
0.091011
0.091036
0.091011
0.090986
0.090986
0.091011
0.091011
0.090986
0.090962
0.090962
0.090962
0.090986
0.090962
0.090937
0.090962
0.090962
0.090962
0.090937
0.090937
0.090937
0.090962
0.090962
0.090937
0.090937
0.090912
0.090888
0.090912
0.090937
0.090937
0.090912
0.090888
0.090888
0.090912
0.090912
0.090888
0.090863
0.090863
0.090888
0.090888
0.090863
0.090839
0.090863
0.090888
0.090888
0.090863
0.090839
0.090839
0.090863
0.090863
0.090839
0.090814
0.090839
0.090863
0.090863
0.090839
0.090814
0.090839
0.090863
0.090863
0.090863
0.090839
0.090839
0.090839
0.090839
0.090839
0.090863
0.090839
0.090814
0.090839
0.090839
0.090863
0.090839
0.090814
0.090814
0.090839
0.090839
0.090814
0.090789
0.090789
0.090814
0.090814
0.090789
0.090765
0.090789
0.090789
0.090814
0.090789
0.09074
0.09074
0.090765
0.090765
0.090765
0.09074
0.09074
0.090765
0.090765
0.09074
0.090716
0.090716
0.09074
0.090765
0.09074
0.09074
0.090716
0.090691
0.090691
0.090716
0.090716
0.090691
0.090666
0.090666
0.090691
0.090691
0.090666
0.090642
0.090642
0.090666
0.090666
0.090666
0.090642
0.090617
0.090642
0.090666
0.090642
0.090617
0.090617
0.090617
0.090642
0.090617
0.090592
0.090592
0.090617
0.090642
0.090617
0.090592
0.090592
0.090617
0.090617
0.090617
0.090568
0.090568
0.090592
0.090543
0.090568
0.090568
0.090543
0.090519
0.090519
0.090543
0.090543
0.090543
0.090519
0.090519
0.090519
0.090543
0.090519
0.090494
0.090469
0.090494
0.090494
0.090494
0.090469
0.090445
0.090469
0.090469
0.090469
0.090445
0.09042
0.090445
0.090445
0.09042
0.090396
0.090396
0.09042
0.09042
0.090396
0.090346
0.090346
0.090346
0.090371
0.090346
0.090322
0.090322
0.090272
0.090272
0.090272
0.090297
0.090297
0.090272
0.090248
0.090272
0.090272
0.090272
0.090248
0.090223
0.090248
0.090248
0.090223
0.090174
0.090125
0.090125
0.090125
0.0901
0.090075
0.0901
0.090149
0.090199
0.090223
0.090199
0.090199
0.090223
0.090223
0.090199
0.090149
0.090125
0.090149
0.090149
0.090149
0.090125
0.0901
0.090125
0.090125
0.0901
0.090125
0.0901
0.090075
0.090075
0.090075
0.0901
0.090075
0.090051
0.090051
0.090051
0.090075
0.090051
0.090026
0.090026
0.090051
0.090051
0.090051
0.090002
0.090002
0.090002
0.090026
0.090002
0.089977
0.089952
0.089977
0.089977
0.089977
0.089928
0.089928
0.089928
0.089928
0.089928
0.089903
0.089879
0.089879
0.089879
0.089879
0.089829
0.089805
0.08978
0.089755
0.089755
0.08978
0.089755
0.089731
0.089706
0.089706
0.089706
0.089706
0.089682
0.089657
0.089657
0.089682
0.089657
0.089632
0.089608
0.089632
0.089632
0.089632
0.089583
0.089559
0.089559
0.089583
0.089583
0.089534
0.089509
0.089509
0.089534
0.089509
0.089485
0.089485
0.089485
0.089485
0.089485
0.089435
0.089435
0.089435
0.08946
0.08946
0.089411
0.089411
0.089386
0.089362
0.089362
0.089386
0.089362
0.089337
0.089337
0.089337
0.089337
0.089337
0.089288
0.089263
0.089288
0.089288
0.089288
0.089263
0.089238
0.089263
0.089263
0.089263
0.089238
0.089238
0.089238
0.089238
0.089238
0.089214
0.089189
0.089189
0.089214
0.089214
0.089189
0.089165
0.089189
0.089189
0.089214
0.089189
0.089165
0.089165
0.08914
0.08914
0.089165
0.089165
0.08914
0.08914
0.08914
0.08914
0.08914
0.08914
0.089115
0.089115
0.089115
0.08914
0.089115
0.089091
0.089091
0.089115
0.089115
0.089091
0.089066
0.089066
0.089091
0.089091
0.089066
0.089066
0.089066
0.089091
0.089091
0.089066
0.089042
0.089066
0.089066
0.089066
0.089042
0.089017
0.089017
0.089042
0.089042
0.089017
0.089017
0.088992
0.088992
0.088992
0.089017
0.089017
0.088992
0.088968
0.088992
0.089017
0.089017
0.088992
0.088968
0.088992
0.088992
0.088992
0.088992
0.088968
0.088968
0.088992
0.088992
0.088968
0.088943
0.088968
0.088968
0.088992
0.088968
0.088943
0.088943
0.088968
0.088968
0.088943
0.088918
0.088918
0.088943
0.088968
0.088943
0.088918
0.088918
0.088918
0.088795
0.088795
0.08882
0.088845
0.088869
0.088894
0.088943
0.088943
0.088918
0.088894
0.088894
0.088894
0.088869
0.088845
0.08882
0.08882
0.088845
0.088845
0.088845
0.08882
0.08882
0.08882
0.088845
0.08882
0.088795
0.088795
0.088795
0.08882
0.088795
0.088771
0.088771
0.088795
0.088795
0.088771
0.088746
0.088746
0.088771
0.088771
0.088771
0.088746
0.088722
0.088722
0.088722
0.088746
0.088722
0.088697
0.088697
0.088722
0.088722
0.088697
0.088672
0.088672
0.088672
0.088697
0.088672
0.088623
0.088623
0.088648
0.088648
0.088623
0.088598
0.088598
0.088598
0.088623
0.088598
0.088574
0.088574
0.088574
0.088598
0.088574
0.088549
0.088549
0.088574
0.088574
0.088549
0.088525
0.088549
0.088549
0.088574
0.088549
0.088574
0.088549
0.088525
0.088525
0.088549
0.088549
0.088549
0.088525
0.088525
0.088549
0.088549
0.088549
0.088525
0.0885
0.088525
0.088525
0.088525
0.088475
0.088475
0.0885
0.0885
0.088475
0.088475
0.088475
0.088475
0.0885
0.088475
0.088451
0.088451
0.088451
0.088475
0.088451
0.088426
0.088426
0.088451
0.088451
0.088451
0.088426
0.088401
0.088426
0.088401
0.088426
0.088401
0.088401
0.088377
0.088401
0.088426
0.088401
0.088377
0.088377
0.088401
0.088401
0.088377
0.088352
0.088352
0.088352
0.088377
0.088377
0.088352
0.088328
0.088352
0.088377
0.088352
0.088328
0.088328
0.088352
0.088352
0.088352
0.088328
0.088303
0.088328
0.088352
0.088328
0.088303
0.088303
0.088303
0.088328
0.088303
0.088278
0.088278
0.088278
0.088303
0.088303
0.088254
0.088254
0.088278
0.088303
0.088278
0.088254
0.088254
0.088278
0.088278
0.088278
0.088254
0.088254
0.088254
0.088278
0.088254
0.088229
0.088229
0.088229
0.088254
0.088254
0.088229
0.088205
0.088229
0.088254
0.088229
0.088205
0.088205
0.088205
0.088229
0.088205
0.08818
0.08818
0.088205
0.088205
0.088205
0.08818
0.088155
0.088155
0.088155
0.08818
0.08818
0.08818
0.088155
0.088131
0.088155
0.08818
0.088155
0.088155
0.088131
0.088155
0.08818
0.08818
0.088131
0.088106
0.088081
0.088057
0.088032
0.088008
0.087983
0.088032
0.088106
0.088131
0.088131
0.088155
0.088155
0.088155
0.088155
0.088106
0.088081
0.088081
0.088106
0.088106
0.088081
0.088057
0.088081
0.088081
0.088081
0.088081
0.088081
0.088057
0.088032
0.088057
0.088057
0.088057
0.088032
0.088008
0.088032
0.088032
0.088032
0.088008
0.087983
0.088008
0.088008
0.088008
0.087983
0.087983
0.087983
0.088008
0.088008
0.087983
0.087958
0.087958
0.088008
0.088008
0.087983
0.087958
0.087983
0.087983
0.087983
0.087958
0.087934
0.087958
0.087983
0.087958
0.087934
0.087934
0.087934
0.087909
0.087909
0.087909
0.087909
0.087885
0.087885
0.087909
0.087934
0.087909
0.087909
0.087909
0.087934
0.087934
0.087909
0.087909
0.087909
0.087934
0.087934
0.087934
0.087909
0.087909
0.087934
0.087934
0.087934
0.087909
0.087909
0.087934
0.087934
0.087909
0.087909
0.087909
0.087934
0.087934
0.087909
0.087885
0.087885
0.087909
0.087909
0.087885
0.087885
0.08786
0.08786
0.08786
0.087885
0.087885
0.08786
0.087835
0.08786
0.087885
0.087885
0.08786
0.08786
0.08786
0.08786
0.08786
0.08786
0.087835
0.087835
0.08786
0.08786
0.087835
0.087811
0.087811
0.087835
0.087835
0.087835
0.087811
0.087811
0.087835
0.087835
0.087835
0.087811
0.087811
0.087835
0.087811
0.087811
0.087786
0.087786
0.087811
0.087811
0.087811
0.087811
0.087786
0.087786
0.087786
0.087786
0.087811
0.087786
0.087761
0.087761
0.087786
0.087786
0.087761
0.087737
0.087761
0.087786
0.087786
0.087761
0.087737
0.087761
0.087761
0.087786
0.087761
0.087737
0.087737
0.087761
0.087761
0.087761
0.087737
0.087737
0.087761
0.087761
0.087737
0.087712
0.087712
0.087737
0.087737
0.087737
0.087712
0.087712
