2018
7
9
15
32
7.7529
0.082075
0.082099
0.082099
0.082075
0.082075
0.082075
0.082075
0.082075
0.08205
0.08205
0.08205
0.082075
0.082075
0.082026
0.082026
0.082001
0.082001
0.081976
0.081927
0.081902
0.081952
0.082001
0.082026
0.082026
0.082026
0.082026
0.08205
0.08205
0.08205
0.082001
0.082001
0.082026
0.082026
0.082026
0.082001
0.082001
0.082026
0.082026
0.082026
0.082001
0.082026
0.082001
0.082001
0.082001
0.082026
0.082001
0.081976
0.081976
0.081976
0.082001
0.081976
0.081976
0.081952
0.081976
0.081976
0.081952
0.081927
0.081902
0.081927
0.081927
0.081902
0.081878
0.081878
0.081902
0.081902
0.081902
0.081878
0.081878
0.081902
0.081902
0.081902
0.081878
0.081878
0.081878
0.081878
0.081878
0.081853
0.081853
0.081878
0.081878
0.081829
0.081853
0.081829
0.081804
0.081804
0.081829
0.081829
0.081829
0.081804
0.081804
0.081829
0.081853
0.081853
0.081829
0.081829
0.081853
0.081878
0.081853
0.081829
0.081829
0.081853
0.081853
0.081829
0.081804
0.081804
0.081829
0.081829
0.081829
0.081804
0.081804
0.081829
0.081853
0.081829
0.081804
0.081804
0.081804
0.081829
0.081829
0.081779
0.081779
0.081779
0.081755
0.081779
0.081779
0.081779
0.081755
0.08173
0.08173
0.081755
0.081755
0.08173
0.081706
0.081706
0.081755
0.08173
0.081706
0.081706
0.081706
0.08173
0.08173
0.081706
0.081706
0.081706
0.08173
0.08173
0.081681
0.081681
0.081706
0.081706
0.081706
0.081681
0.081656
0.081681
0.081681
0.081681
0.081656
0.081632
0.081632
0.081656
0.081656
0.081656
0.081656
0.081632
0.081607
0.081632
0.081656
0.081632
0.081607
0.081607
0.081607
0.081632
0.081632
0.081582
0.081558
0.081582
0.081632
0.081632
0.081582
0.081582
0.081607
0.081607
0.081607
0.081607
0.081582
0.081582
0.081607
0.081582
0.081582
0.081582
0.081582
0.081582
0.081582
0.081558
0.081558
0.081582
0.081582
0.081558
0.081558
0.081533
0.081533
0.081509
0.081533
0.081558
0.081558
0.081509
0.081509
0.081533
0.081558
0.081533
0.081509
0.081509
0.081533
0.081533
0.081533
0.081533
0.081509
0.081533
0.081558
0.081558
0.081533
0.081509
0.081509
0.081533
0.081533
0.081509
0.081484
0.081509
0.081509
0.081509
0.081484
0.081459
0.081484
0.081509
0.081509
0.081484
0.081459
0.081459
0.081484
0.081484
0.081459
0.081484
0.081459
0.081435
0.081435
0.081459
0.081435
0.081435
0.08141
0.081435
0.081459
0.081484
0.081459
0.081435
0.081435
0.081484
0.081484
0.081459
0.081435
0.081435
0.081459
0.081435
0.081386
0.081312
0.081312
0.081336
0.081361
0.081361
0.081361
0.081361
0.08141
0.08141
0.081386
0.081361
0.081361
0.081386
0.081386
0.081386
0.081386
0.081386
0.08141
0.081386
0.08141
0.08141
0.081386
0.081361
0.081361
0.08141
0.08141
0.081386
0.081361
0.081361
0.081386
0.081386
0.081361
0.081336
0.081336
0.081361
0.081361
0.081336
0.081312
0.081312
0.081336
0.081336
0.081312
0.081287
0.081312
0.081312
0.081312
0.081312
0.081287
0.081287
0.081336
0.081361
0.081336
0.081312
0.081312
0.081336
0.081336
0.081312
0.081287
0.081262
0.081238
0.081262
0.081262
0.081287
0.081262
0.081262
0.081262
0.081287
0.081262
0.081262
0.081238
0.081238
0.081262
0.081262
0.081262
0.081238
0.081238
0.081262
0.081262
0.081262
0.081238
0.081238
0.081262
0.081287
0.081287
0.081262
0.081262
0.081287
0.081312
0.081287
0.081262
0.081287
0.081287
0.081312
0.081287
0.081262
0.081262
0.081287
0.081287
0.081287
0.081287
0.081287
0.081238
0.081238
0.081238
0.081262
0.081238
0.081213
0.081213
0.081262
0.081262
0.081238
0.081238
0.081238
0.081262
0.081262
0.081262
0.081238
0.081238
0.081262
0.081262
0.081262
0.081238
0.081238
0.081262
0.081262
0.081238
0.081213
0.081213
0.081238
0.081238
0.081238
0.081213
0.081213
0.081213
0.081238
0.081213
0.081189
0.081213
0.081213
0.081213
0.081213
0.081238
0.081213
0.081189
0.081189
0.081213
0.081213
0.081189
0.081164
0.081164
0.081189
0.081189
0.081189
0.081164
0.081139
0.081164
0.081189
0.081189
0.081164
0.081164
0.081189
0.081213
0.081189
0.081189
0.081164
0.081189
0.081213
0.081189
0.081164
0.081164
0.081164
0.081189
0.081189
0.081164
0.081164
0.081189
0.081189
0.081189
0.081189
0.081164
0.081164
0.081139
0.081164
0.081164
0.081164
0.081139
0.081139
0.081164
0.081164
0.081164
0.081139
0.081139
0.081139
0.081164
0.081139
0.081139
0.081139
0.081139
0.081164
0.081139
0.081139
0.081139
0.081139
0.081164
0.081139
0.081115
0.081115
0.081139
0.081139
0.081139
0.081115
0.081115
0.081115
0.081139
0.081139
0.08109
0.08109
0.081115
0.08109
0.081115
0.081139
0.081115
0.08109
0.08109
0.08109
0.081115
0.081115
0.08109
0.08109
0.081115
0.081139
0.081115
0.08109
0.08109
0.081115
0.081115
0.081115
0.081065
0.081065
0.08109
0.08109
0.081041
0.080967
0.080942
0.080967
0.081016
0.081041
0.081041
0.081041
0.081041
0.081065
0.081065
0.081041
0.081041
0.081041
0.081041
0.081041
0.081016
0.081041
0.081016
0.080992
0.081016
0.081041
0.081041
0.081016
0.080992
0.080992
0.081016
0.081016
0.080992
0.080967
0.080992
0.080992
0.080992
0.080967
0.080967
0.080992
0.080992
0.080967
0.080967
0.080967
0.080967
0.080967
0.080967
0.080942
0.080942
0.080942
0.080967
0.080942
0.080893
0.080893
0.080918
0.080918
0.080918
0.080918
0.080893
0.080869
0.080893
0.080844
0.080869
0.080844
0.080819
0.080819
0.080819
0.080844
0.080844
0.080795
0.080795
0.080795
0.080819
0.080819
0.080819
0.080819
0.080819
0.080844
0.080844
0.080819
0.080795
0.080819
0.080844
0.080844
0.080819
0.080795
0.080819
0.080819
0.080844
0.080819
0.080819
0.080819
0.080844
0.080844
0.080819
0.080795
0.080819
0.080819
0.080819
0.080795
0.08077
0.080795
0.08077
0.08077
0.080795
0.080819
0.08077
0.08077
0.080745
0.08077
0.08077
0.080745
0.080745
0.080745
0.08077
0.08077
0.080745
0.080721
0.080721
0.080745
0.080745
0.080721
0.080721
0.080721
0.080745
0.080745
0.080721
0.080696
0.080696
0.080721
0.080721
0.080696
0.080696
0.080696
0.080721
0.080721
0.080696
0.080672
0.080672
0.080696
0.080696
0.080696
0.080696
0.080672
0.080647
0.080672
0.080696
0.080696
0.080672
0.080647
0.080647
0.080647
0.080672
0.080647
0.080622
0.080622
0.080647
0.080647
0.080622
0.080598
0.080598
0.080622
0.080622
0.080598
0.080573
0.080573
0.080598
0.080598
0.080598
0.080549
0.080573
0.080598
0.080598
0.080573
0.080573
0.080549
0.080573
0.080573
0.080573
0.080549
0.080549
0.080549
0.080549
0.080549
0.080549
0.080524
0.080524
0.080549
0.080549
0.080549
0.080499
0.080499
0.080524
0.080524
0.080524
0.080499
0.080499
0.080524
0.080524
0.080524
0.080475
0.080475
0.080499
0.080499
0.080499
0.080475
0.080475
0.080475
0.080499
0.08045
0.08045
0.08045
0.080475
0.080499
0.080475
0.08045
0.08045
0.080475
0.080499
0.080475
0.08045
0.08045
0.080425
0.080425
0.08045
0.08045
0.08045
0.080425
0.080425
0.08045
0.08045
0.08045
0.080425
0.080425
0.080425
0.08045
0.08045
0.080425
0.080401
0.080425
0.08045
0.080401
0.080327
0.080302
0.080302
0.080327
0.080327
0.080327
0.080352
0.080376
0.080401
0.080401
0.080352
0.080352
0.080376
0.080401
0.080376
0.080352
0.080352
0.080352
0.080376
0.080352
0.080376
0.080352
0.080327
0.080327
0.080327
0.080352
0.080327
0.080302
0.080302
0.080327
0.080352
0.080327
0.080302
0.080302
0.080327
0.080327
0.080302
0.080278
0.080253
0.080278
0.080278
0.080278
0.080253
0.080228
0.080253
0.080278
0.080253
0.080228
0.080228
0.080253
0.080278
0.080278
0.080253
0.080228
0.080253
0.080253
0.080253
0.080228
0.080204
0.080204
0.080204
0.080204
0.080228
0.080204
0.080179
0.080179
0.080204
0.080204
0.080204
0.080179
0.080179
0.080204
0.080204
0.080204
0.080179
0.080155
0.080179
0.080179
0.080179
0.080179
0.080155
0.080179
0.080204
0.080204
0.080179
0.080179
0.080204
0.080228
0.080228
0.080204
0.080179
0.080204
0.080228
0.080204
0.080179
0.080179
0.080204
0.080204
0.080204
0.080179
0.080179
0.080179
0.080179
0.080179
0.080179
0.080179
0.080155
0.08013
0.080155
0.080179
0.080155
0.08013
0.08013
0.08013
0.080155
0.080155
0.08013
0.080105
0.08013
0.080155
0.08013
0.080105
0.080105
0.08013
0.08013
0.08013
0.080105
0.080081
0.080105
0.08013
0.080105
0.080105
0.080081
0.080081
0.080105
0.080105
0.080081
0.080081
0.080081
0.080056
0.080081
0.080081
0.080081
0.080056
0.080032
0.080056
0.080056
0.080056
0.080032
0.080032
0.080056
0.080081
0.080081
0.080056
0.080032
0.080056
0.080056
0.080056
0.080032
0.080007
0.080032
0.080056
0.080056
0.080032
0.080032
0.080056
0.080056
0.080056
0.080032
0.080007
0.080032
0.080032
0.080032
0.080007
0.080007
0.080007
0.080032
0.080032
0.080007
0.080007
0.079982
0.080007
0.080007
0.080007
0.079982
0.079958
0.079958
0.079982
0.079982
0.079982
0.079958
0.079958
0.079982
0.079982
0.079958
0.079933
0.079958
0.079982
0.079982
0.079958
0.079933
0.079958
0.079958
0.079958
0.079933
0.079908
0.079933
0.079958
0.079933
0.079933
0.079908
0.079908
0.079933
0.079933
0.079933
0.079908
0.079908
0.079908
0.079908
0.079908
0.079908
0.079884
0.079859
0.079884
0.079908
0.079908
0.079908
0.079884
0.079884
0.079908
0.079908
0.079908
0.079908
0.079908
0.079908
0.079884
0.079884
0.079835
0.079785
0.079761
0.079736
0.079736
0.079736
0.079785
0.07981
0.079835
0.079835
0.07981
0.07981
0.079835
0.079835
0.079785
0.079761
0.079785
0.079785
0.079785
0.079785
0.079785
0.079785
0.079761
0.079785
0.079785
0.07981
0.079785
0.079761
0.079761
0.079785
0.079785
0.079761
0.079736
0.079736
0.079761
0.079736
0.079736
0.079712
0.079712
0.079712
0.079736
0.079687
0.079687
0.079687
0.079712
0.079712
0.079687
0.079662
0.079662
0.079687
0.079712
0.079662
0.079638
0.079662
0.079687
0.079662
0.079638
0.079613
0.079613
0.079638
0.079638
0.079613
0.079588
0.079588
0.079564
0.079564
0.079588
0.079588
0.079588
0.079564
0.079539
0.079564
0.079588
0.079564
0.079564
0.079564
0.079588
0.079588
0.079588
0.079564
0.079564
0.079588
0.079588
0.079588
0.079564
0.079539
0.079564
0.079564
0.079539
0.079539
0.079539
0.079564
0.079564
0.079564
0.079539
0.079539
0.079564
0.079588
0.079564
0.079539
0.079539
0.079564
0.079539
0.079564
0.079564
0.079539
0.079515
0.079515
0.079539
0.079539
0.079539
0.079515
0.079515
0.079515
0.079539
0.079515
0.07949
0.07949
0.079515
0.079515
0.07949
0.07949
0.07949
0.07949
0.07949
0.079465
0.079465
0.079441
0.079465
0.079465
0.079465
0.079465
0.079465
0.079465
0.07949
0.079465
0.079441
0.079441
0.079441
0.079465
0.079465
0.079441
0.079441
0.079416
0.079416
0.079416
0.079441
0.079441
0.079416
0.079391
0.079416
0.079416
0.079416
0.079391
0.079391
0.079391
0.079416
0.079391
0.079367
0.079367
0.079391
0.079416
0.079391
0.079367
0.079367
0.079367
0.079391
0.079391
0.079367
0.079367
0.079367
0.079391
0.079391
0.079342
0.079342
0.079367
0.079367
0.079367
0.079342
0.079342
0.079342
0.079367
0.079342
0.079342
0.079342
0.079318
0.079342
0.079367
0.079367
0.079342
0.079318
0.079342
0.079342
0.079342
0.079318
0.079318
0.079318
0.079342
0.079318
0.079293
0.079293
0.079293
0.079318
0.079293
0.079268
0.079268
0.079293
0.079318
0.079293
0.079293
0.079268
0.079293
0.079293
0.079293
0.079268
0.079268
0.079268
0.079268
0.079268
0.079268
0.079268
0.079268
0.079219
0.079244
0.079268
0.079268
0.079244
0.079244
0.079268
0.079293
0.079293
0.079268
0.079268
0.079268
0.079268
0.079268
0.079219
0.07917
0.079145
0.079121
0.079145
0.079121
0.079121
0.07917
0.079195
0.079219
0.079195
0.079195
0.079195
0.079219
0.079219
0.079195
0.07917
0.07917
0.079195
0.079195
0.079195
0.07917
0.079195
0.079219
0.079219
0.079195
0.079195
0.07917
0.079145
0.07917
0.07917
0.07917
0.079145
0.079145
0.079145
0.07917
0.07917
0.079145
0.079121
0.079121
0.079145
0.07917
0.079145
0.079121
0.079121
0.079121
0.079121
0.079096
0.079071
0.079096
0.079121
0.079121
0.079096
0.079071
0.079096
0.079121
0.079096
0.079071
0.079071
0.079071
0.079071
0.079071
0.079047
0.079022
0.079022
0.079047
0.078998
0.079022
0.079022
0.079022
0.078998
0.079022
0.079022
0.079022
0.078998
0.078998
0.079022
0.079022
0.079022
0.079022
0.078998
0.078998
0.079022
0.079047
0.079022
0.078998
0.079022
0.079047
0.079022
0.078998
0.078998
0.079022
0.079022
0.079022
0.078998
0.078998
0.078998
0.079022
0.079022
0.078998
0.078973
0.078973
0.078998
0.078998
0.078973
0.078973
0.078973
0.078948
0.078948
0.078973
0.078998
0.078973
0.078948
0.078948
0.078973
0.078973
0.078948
0.078924
0.078948
0.078948
0.078948
0.078948
0.078924
0.078924
0.078948
0.078948
0.078924
0.078924
0.078924
0.078948
0.078948
0.078948
0.078924
0.078924
0.078948
0.078948
0.078948
0.078924
0.078924
0.078924
0.078924
0.078899
0.078875
0.078875
0.078899
0.078899
0.078899
0.078899
0.078899
0.078875
0.078875
0.078899
0.078899
0.078899
0.078875
0.078875
0.078875
0.078899
0.078875
0.07885
0.07885
0.078875
0.078875
0.07885
0.07885
0.07885
0.07885
0.07885
0.078825
0.078801
0.078825
0.07885
0.07885
0.07885
0.078825
0.078825
0.078825
0.078825
0.078825
0.078801
0.078801
0.078825
0.078825
0.078801
0.078776
0.078776
0.078776
0.078776
0.078776
0.078776
0.078776
0.078776
0.078776
0.078776
0.078751
0.078751
0.078727
0.078751
0.078751
0.078776
0.078751
0.078727
0.078702
0.078702
0.078727
0.078702
0.078702
0.078678
0.078702
0.078727
0.078702
0.078702
0.078702
0.078702
0.078727
0.078702
0.078678
0.078678
0.078678
0.078702
0.078678
0.078678
0.078678
0.078678
0.078678
0.078678
0.078678
0.078678
0.078653
0.078653
0.078678
0.078702
0.078678
0.078653
0.078628
0.078653
0.078653
0.078628
0.078554
0.078505
0.078505
0.07853
0.078554
0.078554
0.078579
0.078604
0.078604
0.078604
0.078579
0.078579
0.078604
0.078604
0.078579
0.078554
0.078554
0.078579
0.078604
0.078579
0.078554
0.078554
0.078579
0.078579
0.078579
0.078554
0.07853
0.078554
0.07853
0.078554
0.07853
0.078505
0.078505
0.078505
0.07853
0.078505
0.078481
0.078481
0.078481
0.078505
0.078481
0.078456
0.078456
0.078456
0.078481
0.078456
0.078431
0.078431
0.078456
0.078481
0.078456
0.078431
0.078431
0.078431
0.078456
0.078431
0.078407
0.078407
0.078431
0.078431
0.078407
0.078382
0.078382
0.078382
0.078382
0.078382
0.078358
0.078358
0.078358
0.078358
0.078382
0.078382
0.078382
0.078358
0.078358
0.078358
0.078382
0.078382
0.078358
0.078358
0.078382
0.078382
0.078358
0.078333
0.078333
0.078358
0.078358
0.078358
0.078333
0.078333
0.078333
0.078358
0.078358
0.078333
0.078308
0.078333
0.078358
0.078358
0.078333
0.078333
0.078333
0.078358
0.078358
0.078333
0.078308
0.078333
0.078358
0.078333
0.078308
0.078308
0.078284
0.078284
0.078284
0.078284
0.078284
0.078259
0.078259
0.078259
0.078284
0.078284
0.078259
0.078259
0.078259
0.078259
0.078259
0.078234
0.078234
0.078259
0.078259
0.078234
0.078234
0.07821
0.078234
0.078234
0.078234
0.078185
0.078185
0.078185
0.07821
0.078234
0.07821
0.078185
0.07821
0.07821
0.07821
0.078185
0.078185
0.078185
0.078136
0.078161
0.078161
0.078161
0.078161
0.078136
0.078136
0.078161
0.078161
0.078161
0.078136
0.078136
0.078161
0.078161
0.078161
0.078136
0.078136
0.078136
0.078136
0.078111
0.078087
0.078111
0.078136
0.078136
0.078111
0.078087
0.078111
0.078111
0.078111
0.078111
0.078087
0.078087
0.078087
0.078111
0.078087
0.078062
0.078062
0.078087
0.078111
0.078087
0.078087
0.078087
0.078062
0.078062
0.078062
0.078087
0.078062
0.078038
0.078038
0.078038
0.078038
0.078013
0.078013
0.078013
0.078038
0.078038
0.078013
0.077988
0.078013
0.078013
0.078038
0.078013
0.077988
0.077988
0.078013
0.078038
0.078013
0.077988
0.077988
0.077988
0.078013
0.077988
0.077964
0.077988
0.077988
0.077988
0.077988
0.077964
0.077964
0.078013
0.077964
0.077964
0.077939
0.077865
0.077816
0.077816
0.077816
0.077865
0.077865
0.077865
0.07789
0.077914
0.077914
0.077914
0.07789
0.07789
0.077914
0.077914
0.077914
0.07789
0.07789
0.077914
0.077914
0.07789
0.077865
0.077865
0.077865
0.07789
0.077865
0.077841
0.077841
0.077865
0.077865
0.077865
0.077841
0.077841
0.077841
0.077865
0.077841
0.077841
0.077791
0.077767
0.077767
0.077791
0.077791
0.077767
0.077767
0.077742
0.077767
0.077791
0.077767
0.077742
0.077742
0.077742
0.077767
0.077742
0.077742
0.077717
0.077742
0.077742
0.077742
0.077717
0.077717
0.077717
0.077717
0.077717
0.077693
0.077693
0.077693
0.077668
0.077668
0.077644
0.077644
0.077668
0.077668
0.077668
0.077644
0.077619
0.077644
0.077644
0.077619
0.077644
0.077644
0.077619
0.077619
0.077619
0.077644
0.077619
0.077594
0.077594
0.077619
0.077619
0.077619
0.077594
0.077594
0.077619
0.077619
0.077619
0.077594
0.077594
0.077619
0.077619
0.077594
0.07757
0.07757
0.077594
0.077594
0.07757
0.077545
0.077545
0.07757
0.07757
0.077545
0.077521
0.077521
0.077521
0.077545
0.077521
0.077496
0.077496
0.077496
0.077496
0.077471
0.077496
0.077471
0.077447
0.077447
0.077471
0.077496
0.077496
0.077447
0.077447
0.077471
0.077471
0.077471
0.077447
0.077447
0.077447
0.077471
0.077471
0.077447
0.077447
0.077447
0.077447
0.077447
0.077422
0.077422
0.077422
0.077447
0.077422
0.077397
0.077397
0.077397
0.077422
0.077397
0.077373
0.077373
0.077397
0.077397
0.077397
0.077397
0.077373
0.077373
0.077348
0.077373
0.077397
0.077397
0.077348
0.077348
0.077348
0.077348
0.077348
0.077348
0.077324
0.077324
0.077348
0.077348
0.077324
0.077299
0.077324
0.077324
0.077324
0.077299
0.077274
0.077299
0.077324
0.077324
0.077299
0.077299
0.077299
0.077299
0.077299
0.077299
0.077274
0.077299
0.077299
0.077299
0.077274
0.07725
0.077274
0.077225
0.07725
0.07725
0.07725
0.077225
0.077201
0.077225
0.07725
0.07725
0.077225
0.077225
0.077225
0.077225
0.077225
0.077201
0.077201
0.077201
0.077225
0.077225
0.077201
0.077201
0.077201
0.077225
0.077225
0.077201
0.077201
0.077225
0.077225
0.077225
0.077225
0.077201
0.077176
0.077201
0.077201
0.077127
0.077077
0.077053
0.077053
0.077077
0.077077
0.077151
0.077127
0.077127
0.077127
0.077151
0.077127
0.077102
0.077102
0.077127
0.077127
0.077127
0.077127
0.077102
0.077102
0.077127
0.077127
0.077102
0.077102
0.077102
0.077127
0.077127
0.077102
0.077102
0.077127
0.077127
0.077102
0.077077
0.077077
0.077077
0.077102
0.077102
0.077077
0.077053
0.077053
0.077053
0.077053
0.077028
0.077004
0.077028
0.077028
0.077028
0.077028
0.077028
0.077004
0.077004
0.077004
0.077028
0.077028
0.077004
0.076979
0.076954
0.077004
0.077004
0.076979
0.076954
0.076954
0.076954
0.076954
0.076954
0.07693
0.07693
0.07693
0.076954
0.07693
0.07693
0.07693
0.07693
0.07693
0.07693
0.07693
0.076954
0.077053
0.077053
0.076979
0.076954
0.076954
0.077004
0.077004
0.076954
0.076954
0.076954
0.076954
0.076954
0.07693
0.076905
0.076905
0.07693
0.07693
0.076905
0.076881
0.076905
0.076905
0.07693
0.076905
0.076905
0.076905
0.076905
0.076905
0.076905
0.076905
0.076905
0.076905
0.076905
0.076881
0.076881
0.076881
0.076881
0.076881
0.076856
0.076856
0.076856
0.076881
0.076856
0.076831
0.076831
0.076831
0.076856
0.076856
0.076856
0.076831
0.076807
0.076807
0.076807
0.076831
0.076831
0.076831
0.076807
0.076831
0.076856
0.076856
0.076831
0.076807
0.076807
0.076807
0.076807
0.076807
0.076782
0.076807
0.076807
0.076807
0.076782
0.076782
0.076757
0.076782
0.076782
0.076757
0.076733
0.076757
0.076782
0.076782
0.076757
0.076757
0.076733
0.076757
0.076757
0.076757
0.076733
0.076733
0.076757
0.076757
0.076733
0.076757
0.076757
0.076733
0.076733
0.076733
0.076733
0.076733
0.076708
0.076684
0.076708
0.076733
0.076708
0.076708
0.076708
0.076708
0.076708
0.076708
0.076708
0.076684
0.076708
0.076708
0.076708
0.076684
0.076659
0.076684
0.076684
0.076659
0.076659
0.076634
0.076634
0.076659
0.076634
0.07661
0.07661
0.076634
0.076634
0.076634
0.07661
0.07661
0.07661
0.076585
0.07661
0.07661
0.07661
0.076585
0.076585
0.076585
0.07661
0.07661
0.076585
0.07661
0.07661
0.07661
0.07661
0.07661
0.076585
0.07661
0.076634
0.076585
0.07656
0.07656
0.076536
0.076511
0.076462
0.076437
0.076437
0.076487
0.076511
0.076511
0.076511
0.076511
0.076536
0.076536
0.076536
0.076511
0.076511
0.076511
0.076511
0.076511
0.076511
0.076487
0.076487
0.076487
0.076511
0.076511
0.076487
0.076462
0.076487
0.076487
0.076462
0.076462
0.076462
0.076462
0.076462
0.076437
0.076413
0.076413
0.076413
0.076413
0.076413
0.076413
0.076388
0.076388
0.076413
0.076388
0.076364
0.076364
0.076388
0.076388
0.076388
0.076364
0.076364
0.076364
0.076388
0.076388
0.076364
0.076364
0.076364
0.076388
0.076339
0.076364
0.076339
0.076314
0.076314
0.076314
0.076339
0.076314
0.076314
0.07629
0.07629
0.076314
0.076314
0.076314
0.07629
0.076314
0.076339
0.076339
0.076314
0.076314
0.076314
0.076314
0.076339
0.07629
0.07629
0.076314
0.076314
0.076314
0.07629
0.076265
0.07629
0.076314
0.076314
0.07629
0.07629
0.076314
0.076314
0.076339
0.076314
0.076314
0.076265
0.07624
0.076265
0.076265
0.076265
0.07624
0.07624
0.07624
0.07624
0.07624
0.076216
0.076216
0.076216
0.07624
0.07624
0.076216
0.076216
0.076216
0.07624
0.07624
0.076216
0.076191
0.076191
0.076216
0.076216
0.076191
0.076191
0.076191
0.076191
0.076191
0.076167
0.076142
0.076142
0.076167
0.076167
0.076167
0.076142
0.076142
0.076142
0.076142
0.076167
0.076167
0.076142
0.076117
0.076117
0.076142
0.076142
0.076093
0.076093
0.076093
0.076117
0.076117
0.076117
0.076093
0.076093
0.076142
0.076142
0.076117
0.076093
0.076093
0.076117
0.076117
0.076093
0.076068
0.076068
0.076093
0.076093
0.076068
0.076044
0.076068
0.076093
0.076093
0.076068
0.076068
0.076068
0.076093
0.076093
0.076068
0.076044
0.076044
0.076019
0.076019
0.076044
0.076044
0.076044
0.076019
0.076019
0.076044
0.076019
0.076019
0.076019
0.076019
0.076019
0.075994
0.07597
0.07597
0.07597
0.075994
0.075994
0.075994
0.07597
0.07597
0.07597
0.07597
0.07597
0.075945
0.075945
0.07597
0.07597
0.075945
0.075945
0.075945
0.075945
0.075945
0.075945
0.07592
0.07592
0.075945
0.075945
0.075945
0.07592
0.075945
0.075945
0.075945
0.07592
0.075896
0.075871
0.075847
0.075822
0.075773
0.075748
0.075773
0.075797
0.075847
0.075847
0.075871
0.075847
0.075847
0.075871
0.075871
0.075847
0.075847
0.075847
0.075847
0.075871
0.075847
0.075822
0.075797
0.075822
0.075822
0.075822
0.075797
0.075822
0.075822
0.075822
0.075822
0.075797
0.075797
0.075797
0.075822
0.075773
0.075797
0.075773
0.075748
0.075748
0.075748
0.075748
0.075748
0.075723
0.075723
0.075723
0.075723
0.075699
0.075674
0.075674
0.075674
0.075699
0.075674
0.075674
0.07565
0.075674
0.075674
0.075674
0.07565
0.07565
0.07565
0.075674
0.07565
0.075625
0.075625
0.075625
0.075625
0.075625
0.0756
0.0756
0.0756
0.075625
0.075625
0.0756
0.0756
0.075576
0.075576
0.075576
0.0756
0.075576
0.075551
0.075551
0.075576
0.075576
0.075576
0.075551
0.075551
0.075576
0.075576
0.075576
0.075551
0.075551
0.075551
0.075551
0.075527
0.075502
0.075502
0.075527
0.075527
0.075527
0.075502
0.075502
0.075527
0.075502
0.075502
0.075502
0.075477
0.075477
0.075477
0.075477
0.075477
0.075453
0.075453
0.075477
0.075453
0.075453
0.075453
0.075428
0.075403
0.075428
0.075428
0.075428
0.075403
0.075379
0.075403
0.075403
0.075379
0.075354
0.075354
0.075379
0.075379
0.075379
0.075354
0.07533
0.07533
0.075354
0.075354
0.075354
0.07533
0.07533
0.07533
0.07533
0.075305
0.075305
0.075305
0.07533
0.075305
0.075305
0.07528
0.075305
0.075305
0.07528
0.07528
0.075256
0.075256
