2018
7
9
15
4
42.314
0.084807
0.084807
0.084807
0.084783
0.084758
0.084783
0.084783
0.084783
0.084758
0.084733
0.084733
0.084758
0.084758
0.084733
0.084709
0.084733
0.084733
0.084733
0.084709
0.084709
0.084709
0.084709
0.084709
0.084684
0.084684
0.084684
0.084684
0.084684
0.084684
0.08466
0.084684
0.084684
0.084684
0.08466
0.08466
0.08466
0.08466
0.084684
0.08466
0.084635
0.084635
0.084635
0.084635
0.084635
0.08461
0.084586
0.084586
0.084586
0.084561
0.084537
0.084537
0.084537
0.084537
0.084537
0.084537
0.084512
0.084512
0.084512
0.084512
0.084487
0.084463
0.084463
0.084487
0.084487
0.084463
0.084438
0.084438
0.084438
0.084438
0.084413
0.084389
0.084389
0.084413
0.084413
0.084413
0.084389
0.084389
0.084413
0.084413
0.084389
0.084413
0.084413
0.084389
0.084389
0.084413
0.084413
0.084389
0.084364
0.08434
0.084364
0.084364
0.084364
0.08434
0.08434
0.08434
0.08434
0.084315
0.08429
0.08429
0.084315
0.084315
0.08434
0.084315
0.08429
0.08429
0.084266
0.084217
0.084192
0.084217
0.084241
0.08429
0.08434
0.084389
0.084438
0.084438
0.084389
0.08434
0.08429
0.084266
0.084241
0.084143
0.084143
0.084167
0.084143
0.084143
0.084167
0.084167
0.084167
0.084143
0.084118
0.084118
0.084118
0.084143
0.084143
0.084118
0.084093
0.084093
0.084069
0.084044
0.083995
0.083995
0.083995
0.083995
0.08397
0.08397
0.083946
0.08397
0.08397
0.08397
0.08397
0.083946
0.08397
0.08397
0.08397
0.083946
0.083946
0.08397
0.083995
0.083995
0.083995
0.08402
0.083995
0.08397
0.083995
0.083995
0.08397
0.083946
0.083921
0.083946
0.083946
0.083921
0.083896
0.083896
0.083921
0.083921
0.083921
0.083896
0.083896
0.083896
0.083896
0.083896
0.083872
0.083847
0.083847
0.083872
0.083847
0.083847
0.083823
0.083847
0.083847
0.083847
0.083823
0.083798
0.083823
0.083847
0.083847
0.083847
0.083847
0.083847
0.083847
0.083823
0.083847
0.083847
0.083847
0.083847
0.083847
0.083872
0.083847
0.083823
0.083798
0.083823
0.083823
0.083798
0.083773
0.083749
0.083749
0.083749
0.083724
0.083724
0.0837
0.0837
0.083724
0.083724
0.0837
0.0837
0.0837
0.083724
0.0837
0.083675
0.08365
0.083675
0.083675
0.083675
0.08365
0.083626
0.08365
0.08365
0.08365
0.083626
0.083626
0.083601
0.083626
0.083626
0.083626
0.083601
0.083601
0.083601
0.083626
0.083626
0.083601
0.083601
0.083626
0.08365
0.08365
0.083626
0.083601
0.083601
0.083601
0.083601
0.083576
0.083552
0.083552
0.083576
0.083576
0.083552
0.083527
0.083527
0.083527
0.083503
0.083478
0.083453
0.083453
0.083478
0.083478
0.083453
0.083429
0.083453
0.083453
0.083453
0.083429
0.083429
0.083429
0.083404
0.083429
0.083429
0.083429
0.083404
0.083404
0.083404
0.083429
0.083429
0.083404
0.083404
0.083404
0.083404
0.083404
0.08338
0.08333
0.08333
0.08333
0.083306
0.083256
0.083232
0.083232
0.083232
0.083232
0.083232
0.083232
0.083232
0.083256
0.083256
0.083232
0.083232
0.083232
0.083256
0.083281
0.083256
0.083232
0.083256
0.083256
0.083232
0.083256
0.083232
0.083207
0.083183
0.083183
0.083183
0.083158
0.083133
0.083109
0.083109
0.083109
0.083109
0.083084
0.083084
0.083084
0.083109
0.083109
0.083084
0.083059
0.083084
0.083084
0.083109
0.083084
0.083059
0.083059
0.083035
0.082986
0.082936
0.082912
0.082936
0.082961
0.082986
0.083035
0.083109
0.083183
0.083183
0.083133
0.083084
0.083035
0.082961
0.082936
0.082912
0.082936
0.082936
0.082912
0.082912
0.082912
0.082936
0.082936
0.082887
0.082863
0.082863
0.082863
0.082863
0.082863
0.082863
0.082863
0.082863
0.082863
0.082863
0.082838
0.082838
0.082838
0.082838
0.082813
0.082789
0.082789
0.082813
0.082813
0.082789
0.082764
0.082764
0.082764
0.082764
0.082739
0.082739
0.082739
0.082739
0.082764
0.082789
0.082789
0.082789
0.082764
0.082764
0.082764
0.082764
0.082739
0.082715
0.082715
0.082715
0.082715
0.08269
0.08269
0.08269
0.08269
0.082715
0.082715
0.08269
0.08269
0.082715
0.082715
0.08269
0.08269
0.082666
0.08269
0.08269
0.082666
0.082641
0.082641
0.082666
0.082666
0.082666
0.082666
0.082666
0.082666
0.082666
0.082666
0.082641
0.082641
0.082616
0.082616
0.082641
0.082666
0.082666
0.082666
0.082666
0.082666
0.08269
0.08269
0.082666
0.082641
0.082641
0.082641
0.082616
0.082592
0.082567
0.082567
0.082592
0.082592
0.082567
0.082567
0.082592
0.082616
0.082592
0.082567
0.082567
0.082567
0.082567
0.082543
0.082493
0.082493
0.082493
0.082493
0.082469
0.082469
0.082444
0.082469
0.082493
0.082469
0.082444
0.082444
0.082419
0.082419
0.082419
0.082444
0.082419
0.082395
0.082395
0.082419
0.082419
0.082419
0.082395
0.082395
0.082395
0.082395
0.082395
0.08237
0.08237
0.08237
0.08237
0.082346
0.082321
0.082321
0.082346
0.082346
0.082346
0.082321
0.082296
0.082321
0.082321
0.082321
0.082296
0.082272
0.082296
0.082296
0.082296
0.082272
0.082272
0.082296
0.082223
0.082223
0.082223
0.082198
0.082173
0.082198
0.082198
0.082198
0.082198
0.082198
0.082223
0.082247
0.082247
0.082247
0.082223
0.082247
0.082247
0.082247
0.082223
0.082198
0.082198
0.082198
0.082173
0.082124
0.082124
0.082124
0.082124
0.082099
0.082075
0.08205
0.082075
0.082075
0.082075
0.08205
0.082026
0.08205
0.08205
0.08205
0.08205
0.08205
0.08205
0.08205
0.08205
0.082075
0.082075
0.08205
0.082026
0.082026
0.08205
0.082026
0.082001
0.081976
0.081976
0.082001
0.082001
0.081976
0.081976
0.081976
0.082001
0.081976
0.081976
0.081952
0.081976
0.081976
0.081976
0.081952
0.081902
0.081878
0.081853
0.081829
0.081804
0.081829
0.081853
0.081878
0.081952
0.082026
0.082075
0.082099
0.08205
0.082026
0.081902
0.081878
0.081829
0.081804
0.081804
0.081804
0.081804
0.081804
0.081779
0.081804
0.081779
0.081755
0.08173
0.081681
0.081706
0.081706
0.08173
0.081706
0.081681
0.081681
0.081706
0.081681
0.081656
0.081632
0.081607
0.081632
0.081632
0.081607
0.081582
0.081582
0.081607
0.081607
0.081582
0.081558
0.081558
0.081582
0.081582
0.081558
0.081558
0.081558
0.081558
0.081558
0.081582
0.081582
0.081558
0.081533
0.081558
0.081558
0.081582
0.081558
0.081533
0.081533
0.081558
0.081558
0.081533
0.081509
0.081533
0.081558
0.081558
0.081533
0.081509
0.081509
0.081533
0.081533
0.081533
0.081509
0.081509
0.081509
0.081509
0.081484
0.081459
0.081459
0.081484
0.081484
0.081459
0.081435
0.081435
0.081459
0.081459
0.081435
0.081459
0.081459
0.081435
0.081435
0.081484
0.081484
0.081484
0.081484
0.081484
0.081484
0.081484
0.081484
0.081435
0.081435
0.081435
0.08141
0.081386
0.081336
0.081336
0.081336
0.081336
0.081312
0.081312
0.081312
0.081336
0.081336
0.081336
0.081287
0.081287
0.081312
0.081312
0.081287
0.081287
0.081287
0.081287
0.081287
0.081262
0.081238
0.081238
0.081238
0.081213
0.081238
0.081238
0.081213
0.081189
0.081189
0.081189
0.081213
0.081213
0.081189
0.081189
0.081213
0.081238
0.081213
0.081189
0.081189
0.081213
0.081213
0.081213
0.081189
0.081189
0.081189
0.081189
0.081164
0.081164
0.081164
0.081164
0.081164
0.081139
0.081115
0.081115
0.081115
0.081115
0.08109
0.081065
0.081041
0.081041
0.081065
0.081065
0.081041
0.081041
0.081041
0.081016
0.081041
0.081041
0.081016
0.080992
0.080992
0.080992
0.081016
0.080992
0.080967
0.080942
0.080967
0.080967
0.080967
0.080967
0.080967
0.080992
0.080992
0.080967
0.080967
0.080942
0.080967
0.080967
0.080942
0.080918
0.080918
0.080918
0.080918
0.080893
0.080869
0.080869
0.080869
0.080869
0.080844
0.080819
0.080819
0.080819
0.080844
0.080844
0.080869
0.080869
0.080844
0.080819
0.080844
0.080844
0.080844
0.080819
0.080795
0.080819
0.080819
0.080795
0.08077
0.08077
0.08077
0.08077
0.08077
0.080745
0.080745
0.080745
0.080745
0.080745
0.080745
0.080721
0.080696
0.080672
0.080647
0.080573
0.080549
0.080549
0.080573
0.080573
0.080598
0.080647
0.080745
0.080819
0.080819
0.080745
0.080696
0.080647
0.080622
0.080622
0.080647
0.080622
0.080598
0.080573
0.080598
0.080622
0.080622
0.080573
0.080524
0.080524
0.080524
0.080524
0.080524
0.080499
0.080524
0.080549
0.080524
0.080499
0.080475
0.08045
0.080475
0.08045
0.08045
0.08045
0.08045
0.080475
0.080475
0.080475
0.08045
0.08045
0.08045
0.080425
0.080401
0.080376
0.080376
0.080376
0.080376
0.080401
0.080401
0.080376
0.080352
0.080376
0.080401
0.080401
0.080376
0.080352
0.080352
0.080352
0.080352
0.080352
0.080327
0.080352
0.080352
0.080376
0.080352
0.080327
0.080327
0.080327
0.080327
0.080302
0.080302
0.080302
0.080327
0.080302
0.080278
0.080278
0.080278
0.080302
0.080302
0.080278
0.080253
0.080278
0.080278
0.080302
0.080278
0.080278
0.080278
0.080302
0.080327
0.080327
0.080302
0.080302
0.080302
0.080327
0.080327
0.080302
0.080278
0.080278
0.080278
0.080253
0.080228
0.080204
0.080204
0.080228
0.080228
0.080204
0.080179
0.080179
0.080179
0.080179
0.080179
0.080155
0.080155
0.080155
0.080155
0.08013
0.080105
0.080081
0.080081
0.080081
0.080081
0.080081
0.080081
0.080081
0.080105
0.080081
0.080081
0.080105
0.080081
0.080081
0.080105
0.080105
0.080081
0.080081
0.080056
0.080056
0.080056
0.080032
0.080007
0.080007
0.080007
0.080032
0.080007
0.080007
0.080007
0.080032
0.080007
0.080007
0.079982
0.079982
0.080007
0.080007
0.080007
0.079982
0.079982
0.079982
0.079982
0.079958
0.079958
0.079958
0.079958
0.079982
0.079958
0.079933
0.079933
0.079958
0.079958
0.079908
0.079884
0.079859
0.079859
0.079884
0.079884
0.079859
0.079835
0.079835
0.079859
0.079859
0.079859
0.079835
0.079835
0.079859
0.079859
0.079859
0.079835
0.079835
0.079835
0.079835
0.07981
0.079785
0.079785
0.07981
0.07981
0.07981
0.079785
0.079785
0.079785
0.079785
0.079761
0.079761
0.079736
0.079761
0.079761
0.079736
0.079712
0.079712
0.079736
0.079712
0.079712
0.079712
0.079687
0.079687
0.079687
0.079687
0.079687
0.079662
0.079662
0.079687
0.079687
0.079687
0.079662
0.079662
0.079687
0.079712
0.079687
0.079662
0.079662
0.079662
0.079662
0.079638
0.079564
0.079515
0.079515
0.079515
0.079515
0.079515
0.079539
0.079613
0.079736
0.079761
0.079712
0.079662
0.079613
0.079588
0.079564
0.079539
0.079515
0.07949
0.079515
0.079539
0.079539
0.079515
0.07949
0.07949
0.079465
0.079441
0.079416
0.079416
0.079416
0.079416
0.079391
0.079367
0.079342
0.079342
0.079342
0.079318
0.079318
0.079318
0.079318
0.079342
0.079342
0.079342
0.079318
0.079342
0.079342
0.079342
0.079318
0.079293
0.079293
0.079318
0.079293
0.079268
0.079268
0.079293
0.079293
0.079293
0.079268
0.079268
0.079244
0.079219
0.079244
0.079244
0.079219
0.079195
0.079195
0.079195
0.079195
0.079195
0.07917
0.07917
0.07917
0.079195
0.079195
0.07917
0.07917
0.079195
0.079195
0.079195
0.07917
0.07917
0.07917
0.07917
0.07917
0.079145
0.079145
0.079145
0.07917
0.079145
0.079121
0.079121
0.079121
0.079145
0.079145
0.079121
0.079121
0.079121
0.079145
0.079145
0.07917
0.079145
0.079121
0.079121
0.079121
0.079121
0.079121
0.079096
0.079071
0.079071
0.079071
0.079071
0.079047
0.079047
0.079022
0.079022
0.079047
0.079022
0.079022
0.079022
0.079022
0.079022
0.078998
0.078998
0.078998
0.078973
0.078973
0.078973
0.078973
0.078973
0.078998
0.078998
0.078998
0.078973
0.078973
0.078998
0.078998
0.078973
0.078948
0.078924
0.078948
0.078948
0.078948
0.078948
0.078948
0.078948
0.078973
0.078973
0.078973
0.078948
0.078948
0.078973
0.078973
0.078973
0.078948
0.078924
0.078924
0.078924
0.078899
0.078875
0.078875
0.078875
0.078875
0.07885
0.07885
0.07885
0.078875
0.078875
0.07885
0.078825
0.078825
0.078825
0.078825
0.078825
0.078801
0.078825
0.078825
0.078825
0.078825
0.078801
0.078801
0.078776
0.078776
0.078801
0.078801
0.078801
0.078776
0.078776
0.078801
0.078801
0.078776
0.078776
0.078776
0.078776
0.078776
0.078751
0.078727
0.078727
0.078727
0.078727
0.078727
0.078702
0.078702
0.078702
0.078678
0.078678
0.078653
0.078653
0.078653
0.078653
0.078653
0.078628
0.078628
0.078628
0.078628
0.078628
0.078604
0.078628
0.078628
0.078653
0.078653
0.078653
0.078653
0.078628
0.078604
0.078604
0.078579
0.078554
0.07853
0.07853
0.078554
0.078554
0.07853
0.07853
0.07853
0.078554
0.078554
0.07853
0.078505
0.078456
0.078431
0.078407
0.078407
0.078407
0.078431
0.078481
0.078579
0.078653
0.078628
0.078579
0.078554
0.07853
0.078481
0.078456
0.078456
0.078431
0.078431
0.078431
0.078407
0.078407
0.078382
0.078382
0.078358
0.078358
0.078308
0.078284
0.078284
0.078284
0.078284
0.078284
0.078234
0.078234
0.078234
0.07821
0.078185
0.078161
0.078136
0.078161
0.078185
0.078161
0.078161
0.078161
0.078185
0.07821
0.078185
0.078161
0.078161
0.078185
0.07821
0.07821
0.07821
0.07821
0.078234
0.078234
0.078259
0.078234
0.078234
0.078234
0.078234
0.078161
0.078161
0.078111
0.078111
0.078111
0.078111
0.078087
0.078062
0.078062
0.078087
0.078087
0.078087
0.078087
0.078087
0.078087
0.078111
0.078087
0.078087
0.078062
0.078062
0.078062
0.078038
0.078013
0.077988
0.077988
0.077988
0.077988
0.077964
0.077964
0.077964
0.077988
0.077988
0.077964
0.077988
0.078013
0.078038
0.078038
0.078038
0.078038
0.078062
0.078087
0.078087
0.078087
0.078062
0.078038
0.078013
0.077988
0.077988
0.077964
0.077939
0.077914
0.077939
0.077939
0.077939
0.077914
0.07789
0.077914
0.077914
0.077914
0.077914
0.077914
0.077914
0.077914
0.077914
0.07789
0.07789
0.07789
0.077914
0.077914
0.077914
0.07789
0.07789
0.077914
0.07789
0.077865
0.077865
0.07789
0.07789
0.07789
0.077841
0.077841
0.077841
0.077816
0.077816
0.077841
0.077816
0.077791
0.077791
0.077791
0.077816
0.077816
0.077791
0.077791
0.077791
0.077791
0.077791
0.077767
0.077742
0.077742
0.077742
0.077742
0.077717
0.077693
0.077693
0.077693
0.077693
0.077668
0.077668
0.077668
0.077693
0.077693
0.077668
0.077668
0.077668
0.077668
0.077693
0.077668
0.077644
0.077644
0.077668
0.077668
0.077668
0.077668
0.077644
0.077668
0.077668
0.077668
0.077644
0.077619
0.077619
0.077619
0.077619
0.077594
0.077594
0.07757
0.077594
0.07757
0.07757
0.077545
0.07757
0.07757
0.07757
0.07757
0.077545
0.077545
0.077545
0.077545
0.077521
0.077521
0.077521
0.077545
0.07757
0.077545
0.077545
0.077545
0.07757
0.07757
0.077545
0.077521
0.077521
0.077496
0.077496
0.077496
0.077471
0.077447
0.077422
0.077422
0.077422
0.077422
0.077422
0.077397
0.077397
0.077422
0.077422
0.077422
0.077397
0.077397
0.077373
0.077324
0.077274
0.07725
0.077274
0.077299
0.077324
0.077373
0.077447
0.077521
0.077521
0.077471
0.077422
0.077373
0.077348
0.077324
0.077324
0.077299
0.077274
0.077274
0.077274
0.077274
0.077274
0.077299
0.07725
0.077201
0.077201
0.077201
0.077201
0.077201
0.077176
0.077176
0.077176
0.077151
0.077127
0.077102
0.077102
0.077102
0.077102
0.077077
0.077077
0.077077
0.077102
0.077102
0.077102
0.077077
0.077077
0.077077
0.077077
0.077077
0.077053
0.077053
0.077077
0.077077
0.077053
0.077053
0.077053
0.077077
0.077077
0.077077
0.077077
0.077077
0.077077
0.077053
0.077053
0.077053
0.077028
0.077028
0.077004
0.077004
0.077004
0.077004
0.076979
0.076979
0.077004
0.077004
0.077004
0.076979
0.076979
0.076979
0.077004
0.076979
0.076979
0.076979
0.076979
0.076979
0.076979
0.076954
0.076954
0.076979
0.076979
0.076979
0.076954
0.076954
0.076954
0.076954
0.076954
0.07693
0.07693
0.076954
0.076979
0.076979
0.076954
0.076954
0.07693
0.076905
0.076905
0.076905
0.076881
0.076856
0.076831
0.076831
0.076831
0.076831
0.076831
0.076831
0.076856
0.076856
0.076856
0.076831
0.076807
0.076831
0.076831
0.076807
0.076782
0.076782
0.076782
0.076782
0.076782
0.076757
0.076757
0.076782
0.076782
0.076782
0.076782
0.076782
0.076807
0.076807
0.076782
0.076757
0.076757
0.076757
0.076782
0.076733
0.076757
0.076733
0.076733
0.076733
0.076733
0.076757
0.076733
0.076733
0.076708
0.076708
0.076708
0.076708
0.076684
0.076659
0.076659
0.076659
0.076634
0.076634
0.07661
0.076634
0.076634
0.076634
0.07661
0.07661
0.076634
0.076634
0.076634
0.07661
0.07661
0.07661
0.07661
0.07661
0.07661
0.076585
0.076585
0.07661
0.076585
0.07656
0.07656
0.07656
0.07656
0.076585
0.076585
0.076585
0.07656
0.07656
0.07656
0.07656
0.07656
0.076536
0.076511
0.076536
0.076536
0.076511
0.076487
0.076462
0.076462
0.076487
0.076487
0.076462
0.076462
0.076462
0.076487
0.076462
0.076462
0.076437
0.076462
0.076462
0.076462
0.076462
0.076462
0.076462
0.076462
0.076437
0.076413
0.076413
0.076413
0.076413
0.076388
0.076413
0.076388
0.076364
0.076339
0.076339
0.076339
0.076339
0.076314
0.076314
0.076339
0.076339
0.076339
0.076314
0.076314
0.076314
0.076339
0.076314
0.07624
0.076191
0.076167
0.076142
0.076167
0.076167
0.076167
0.07624
0.076364
0.076437
0.076437
0.076364
0.076314
0.076314
0.07629
0.076265
0.07624
0.07624
0.07624
0.07624
0.076216
0.076216
0.076216
0.076191
0.076167
0.076142
0.076117
0.076093
0.076093
0.076117
0.076093
0.076068
0.076044
0.076019
0.076044
0.076044
0.076019
0.076019
0.076019
0.076044
0.076044
0.076044
0.076044
0.076044
0.076068
0.076068
0.076044
0.076019
0.076019
0.076019
0.076019
0.075994
0.075994
0.076019
0.076019
0.076044
0.076019
0.076019
0.076019
0.076019
0.076019
0.076019
0.075994
0.07597
0.075945
0.07597
0.07597
0.07597
0.07597
0.075945
0.07597
0.07597
0.07597
0.075945
0.075945
0.075945
0.075945
0.075945
0.07592
0.07592
0.07592
0.07592
0.07592
0.075896
0.075896
0.075896
0.07592
0.07592
0.07592
0.075896
0.07592
0.07592
0.075945
0.07592
0.07592
0.07592
0.07592
0.07592
0.07592
0.07592
0.07592
0.075945
0.075945
0.075945
0.07592
0.075896
0.075847
0.075847
0.075847
0.075847
0.075822
0.075797
0.075773
0.075797
0.075797
0.075773
0.075748
0.075773
0.075797
0.075797
0.075773
0.075773
0.075773
0.075773
0.075773
0.075748
0.075748
0.075748
0.075748
0.075773
0.075748
0.075748
0.075748
0.075748
0.075748
0.075723
0.075723
0.075723
0.075748
0.075748
0.075723
0.075699
0.075699
0.075699
0.075723
0.075723
0.075723
0.075699
0.075699
0.075723
0.075748
0.075723
0.075723
0.075723
0.075723
0.075723
0.075723
0.075674
0.075674
0.075674
0.07565
0.07565
0.075625
0.0756
0.0756
0.0756
0.075576
0.075551
0.075527
0.075551
0.075551
0.075551
0.075551
0.075551
0.075551
0.075551
0.075551
0.075527
0.075527
0.075551
0.075576
0.075551
0.075527
0.075527
0.075502
0.075502
0.075527
0.075527
0.075502
0.075477
0.075477
0.075477
0.075477
0.075453
0.075428
0.075428
0.075428
0.075453
0.075428
0.075403
0.075403
0.075403
0.075428
0.075403
0.075403
0.075379
0.075403
0.075403
0.075403
0.075379
0.075379
0.075403
0.075403
0.075403
0.075379
0.075379
0.075379
0.075403
0.075379
0.075354
0.075354
0.075354
0.075354
0.075305
0.075305
0.07528
0.075256
0.075256
0.075256
0.07528
0.07528
0.075256
0.075256
0.07528
0.07528
0.07528
0.075256
0.075256
0.075231
0.075207
0.075157
0.075133
0.075108
0.075133
0.075157
0.075182
0.075231
0.075305
0.075379
0.075354
0.075305
0.075256
0.075207
0.075207
0.075207
0.075207
0.075182
0.075157
0.075157
0.075157
0.075157
0.075133
0.075133
0.075108
0.075083
0.075083
0.075083
0.075083
0.075083
0.075083
0.075083
0.075083
0.075059
0.075059
0.075034
0.07501
0.07501
0.07501
0.074985
0.074985
0.074985
0.074985
0.074985
0.07496
0.07496
0.074985
0.07501
0.074985
0.074985
0.07496
0.074985
0.074985
0.074985
0.074985
0.074985
0.074985
0.07501
0.074985
0.074985
0.07496
0.074985
0.074985
0.074985
0.074936
0.074911
0.074886
0.074862
0.074862
0.074886
0.074862
0.074862
0.074837
0.074862
0.074862
0.074862
0.074862
0.074862
0.074886
0.074886
0.074886
0.074886
0.074862
0.074862
0.074862
0.074862
0.074862
0.074837
0.074837
0.074862
0.074862
0.074837
0.074837
0.074862
0.074886
0.074886
0.074886
0.074886
0.074886
0.074911
0.074911
0.074911
0.074911
0.074911
0.074886
0.074886
0.074862
0.074862
0.074837
0.074813
0.074813
0.074813
0.074813
0.074788
0.074763
0.074763
0.074788
0.074788
0.074763
0.074739
0.074739
0.074763
0.074739
0.074714
0.07469
0.07469
0.07469
0.07469
0.07469
0.074665
0.074665
0.07469
0.074714
0.07469
0.07469
0.07469
0.07469
0.07469
0.074665
0.074665
0.074665
0.07469
0.07469
0.07469
0.07469
0.074665
0.07464
0.074665
0.074665
0.074665
0.074665
0.07464
0.07464
0.07464
0.07464
0.07464
0.074616
0.074616
0.07464
0.07464
0.074616
0.074591
0.074566
0.074591
0.074566
0.074542
0.074542
0.074542
0.074542
0.074542
0.074517
0.074517
0.074517
0.074517
0.074542
0.074517
0.074517
0.074517
0.074542
0.074542
0.074517
0.074517
0.074517
0.074517
0.074517
0.074517
0.074517
0.074517
0.074493
0.074493
0.074493
0.074468
0.074468
0.074443
0.074443
0.074443
0.074443
0.074419
0.074419
0.074419
0.074419
0.074419
0.074419
0.074394
0.074394
0.074394
0.074419
0.074394
0.074394
0.074394
0.074394
0.074394
0.074394
0.07437
0.07437
0.074394
0.074394
0.07437
0.07437
0.07437
0.07437
0.074394
0.07437
0.074345
0.074345
0.074345
0.07437
0.07437
0.07437
0.074345
0.074345
0.07437
0.07437
0.07437
0.07432
0.074296
0.074271
0.074222
0.074197
0.074197
0.074197
0.074222
0.074271
0.074345
0.074394
0.074443
0.074419
0.07437
0.074345
0.074271
0.074246
0.074246
0.074222
0.074197
0.074173
0.074148
0.074148
0.074148
0.074148
0.074123
0.074148
0.074148
0.074148
0.074099
0.074074
0.074074
0.074049
0.074049
0.074074
0.074049
0.074025
0.074
0.073976
0.074
0.074
0.073976
0.073976
0.073976
0.074
0.074
0.073976
0.073951
0.073951
0.073951
0.073951
0.073951
0.073926
0.073926
0.073926
0.073951
0.073951
0.073951
0.073951
0.073976
0.073976
0.073976
0.073951
0.073926
0.073926
0.073926
0.073902
0.073877
0.073853
0.073853
0.073828
0.073828
0.073853
0.073828
0.073828
0.073803
0.073828
0.073853
0.073853
0.073828
0.073828
0.073853
0.073853
0.073853
0.073853
0.073853
0.073853
0.073853
0.073853
0.073853
0.073853
0.073853
0.073877
0.073853
0.073803
0.073803
0.073803
0.073803
0.073803
0.073803
0.073803
0.073803
0.073828
0.073828
0.073803
0.073803
0.073828
0.073853
0.073853
0.073828
0.073754
0.073754
0.073754
0.073754
0.073754
0.073754
0.073729
0.073754
0.073779
0.073754
0.073729
0.073729
0.073729
0.073729
0.073729
0.073705
0.07368
0.073705
0.073705
0.073705
0.07368
0.07368
0.07368
0.07368
0.07368
0.07368
0.073656
0.07368
0.073705
0.073705
0.073705
0.07368
0.073705
0.073705
0.07368
0.07368
0.073656
0.073656
0.073656
0.073656
0.073631
0.073606
0.073606
0.073606
0.073606
0.073606
0.073582
0.073582
0.073582
0.073606
0.073606
0.073582
0.073582
0.073582
0.073606
0.073606
0.073582
0.073582
0.073557
0.073582
0.073557
0.073557
0.073533
0.073533
0.073533
0.073533
0.073508
0.073483
0.073508
0.073533
0.073533
0.073533
0.073533
0.073533
0.073557
0.073557
0.073557
0.073533
0.073508
0.073533
0.073483
0.073483
0.073483
0.073459
0.073434
0.073434
0.073434
0.073434
0.073409
0.073409
0.073409
0.073409
0.073409
0.073385
0.073385
0.073385
0.073409
0.073409
0.073385
0.073385
0.073385
0.073409
0.073409
0.073385
0.073385
0.073385
0.073385
0.073385
0.07336
0.073336
0.073336
0.073336
0.073336
0.073311
0.073286
0.073262
0.073262
0.073262
0.073237
0.073212
0.073237
0.073212
0.073212
0.073188
0.073163
0.073114
0.073114
0.073139
0.073163
0.073212
0.073262
0.07336
0.073409
0.073385
0.073311
0.073262
0.073212
0.073188
0.073163
0.073139
0.073114
0.073089
0.073089
0.073089
0.073089
0.073089
0.073089
0.073114
0.073114
0.073114
0.073065
0.07304
0.07304
0.073065
0.073065
0.073065
0.07304
0.07304
0.07304
0.073016
