2018
7
9
14
49
32.796
0.013909
0.013958
0.013983
0.013934
0.013934
0.013958
0.013983
0.013983
0.013983
0.013983
0.013983
0.014007
0.014032
0.014032
0.014057
0.014032
0.014032
0.014057
0.014081
0.014081
0.014081
0.014106
0.01413
0.01413
0.01413
0.01413
0.014155
0.01418
0.014204
0.01418
0.01413
0.01418
0.014204
0.014204
0.014204
0.014204
0.014204
0.014229
0.014229
0.014204
0.014204
0.014204
0.014229
0.014254
0.014278
0.014303
0.014278
0.014278
0.014303
0.014303
0.014303
0.014303
0.014303
0.014303
0.014327
0.014327
0.014327
0.014352
0.014352
0.014352
0.014352
0.014352
0.014352
0.014377
0.014401
0.014401
0.014377
0.014426
0.014426
0.014377
0.014426
0.014426
0.014426
0.014426
0.01445
0.014426
0.014426
0.014426
0.014401
0.014352
0.014377
0.01445
0.0145
0.014549
0.014598
0.014574
0.014549
0.014549
0.014549
0.014549
0.014524
0.014524
0.014475
0.014475
0.0145
0.014524
0.014524
0.014524
0.014524
0.014549
0.014524
0.014549
0.014549
0.014549
0.014598
0.014623
0.014623
0.014598
0.014574
0.014623
0.014623
0.014598
0.014598
0.014598
0.014623
0.014623
0.014623
0.014647
0.014623
0.014623
0.014647
0.014672
0.014672
0.014672
0.014672
0.014697
0.014697
0.014697
0.014697
0.014672
0.014672
0.014697
0.014721
0.014721
0.014721
0.014746
0.014746
0.014771
0.014746
0.014746
0.014795
0.014795
0.014795
0.01482
0.014795
0.014795
0.01482
0.01482
0.01482
0.014844
0.014844
0.014844
0.014869
0.014869
0.014869
0.014918
0.014943
0.014918
0.014943
0.014943
0.014967
0.014967
0.014967
0.014992
0.014992
0.015017
0.014992
0.015017
0.015041
0.015041
0.015041
0.015041
0.015041
0.015091
0.015091
0.015066
0.015066
0.015091
0.01514
0.01514
0.015091
0.015091
0.015115
0.015115
0.01514
0.01514
0.01514
0.01514
0.015164
0.015189
0.015189
0.015164
0.015189
0.015189
0.015189
0.015189
0.015214
0.015238
0.015214
0.015214
0.015263
0.015238
0.015238
0.015238
0.015263
0.015263
0.015263
0.015263
0.015287
0.015287
0.015287
0.015312
0.015287
0.015287
0.015312
0.015312
0.015312
0.015337
0.015337
0.015337
0.015337
0.015312
0.015312
0.015312
0.015337
0.015337
0.015337
0.015337
0.015361
0.015361
0.015361
0.015361
0.015361
0.015386
0.015386
0.015386
0.015386
0.015361
0.015361
0.015386
0.015386
0.015386
0.015435
0.015386
0.015386
0.015411
0.015411
0.015435
0.015435
0.015435
0.015411
0.01546
0.015484
0.01546
0.015435
0.015484
0.015509
0.015509
0.015484
0.01546
0.01546
0.015484
0.015484
0.01546
0.01546
0.015484
0.015484
0.015484
0.015484
0.015484
0.015484
0.015484
0.015509
0.015509
0.015484
0.015484
0.01546
0.015435
0.015386
0.015361
0.015509
0.015558
0.015608
0.015657
0.015657
0.015608
0.015583
0.015558
0.015534
0.015509
0.015534
0.015558
0.015558
0.015583
0.015558
0.015534
0.015534
0.015558
0.015608
0.015608
0.015558
0.015534
0.015558
0.015583
0.015608
0.015608
0.015608
0.015632
0.015657
0.015632
0.015608
0.015608
0.015608
0.015632
0.015632
0.015632
0.015608
0.015608
0.015632
0.015632
0.015681
0.015657
0.015657
0.015657
0.015632
0.015681
0.015681
0.015657
0.015681
0.015706
0.015706
0.015681
0.015681
0.015681
0.015681
0.015706
0.015706
0.015681
0.015681
0.015731
0.015706
0.015706
0.015731
0.015731
0.015755
0.015731
0.015731
0.015755
0.01578
0.015804
0.015804
0.015804
0.015804
0.015829
0.015829
0.015829
0.015829
0.015854
0.015854
0.015854
0.015878
0.015878
0.015878
0.015878
0.015854
0.015878
0.015878
0.015903
0.015903
0.015903
0.015903
0.015928
0.015928
0.015928
0.015928
0.015928
0.015977
0.015977
0.015928
0.015928
0.015952
0.015977
0.015977
0.016001
0.016001
0.016001
0.015977
0.016001
0.016001
0.015977
0.015977
0.016026
0.016026
0.016026
0.016026
0.016026
0.016051
0.016051
0.016026
0.016051
0.016075
0.016051
0.016051
0.016075
0.016075
0.016075
0.016124
0.016198
0.016124
0.016051
0.016075
0.0161
0.016124
0.016124
0.016124
0.016124
0.016124
0.016149
0.016174
0.016149
0.016149
0.016174
0.016174
0.016174
0.016174
0.016174
0.016174
0.016198
0.016198
0.016198
0.016174
0.016174
0.016198
0.016198
0.016223
0.016174
0.016174
0.016174
0.016223
0.016223
0.016198
0.016198
0.016223
0.016223
0.016223
0.016248
0.016248
0.016248
0.016272
0.016272
0.016272
0.016272
0.016272
0.016272
0.016272
0.016297
0.016297
0.016321
0.016297
0.016297
0.016321
0.016297
0.016297
0.016321
0.016297
0.016297
0.016321
0.016321
0.016321
0.016346
0.016346
0.016346
0.016321
0.016297
0.016346
0.016371
0.016346
0.016272
0.016248
0.016223
0.016272
0.016321
0.016395
0.016445
0.016469
0.016469
0.016445
0.01642
0.016395
0.016371
0.016371
0.016371
0.016395
0.016371
0.016371
0.016371
0.016395
0.01642
0.016445
0.01642
0.016371
0.01642
0.016395
0.016395
0.016395
0.01642
0.016445
0.016445
0.01642
0.016445
0.016445
0.016445
0.016445
0.016469
0.016469
0.016469
0.016494
0.016494
0.016494
0.016494
0.016568
0.016543
0.016543
0.016543
0.016543
0.016568
0.016568
0.016568
0.016592
0.016592
0.016592
0.016592
0.016592
0.016592
0.016592
0.016641
0.016641
0.016641
0.016641
0.016666
0.016666
0.016666
0.016715
0.01674
0.016715
0.01674
0.016765
0.016765
0.016765
0.016789
0.016789
0.016789
0.016789
0.016814
0.016838
0.016838
0.016838
0.016863
0.016863
0.016863
0.016912
0.016937
0.016937
0.016961
0.016912
0.016937
0.016986
0.016961
0.016961
0.016961
0.016986
0.016986
0.017011
0.017011
0.017011
0.017035
0.017035
0.017035
0.017035
0.017035
0.01706
0.01706
0.01706
0.01706
0.01706
0.017085
0.017109
0.017134
0.017158
0.017134
0.017134
0.017109
0.017134
0.017134
0.017134
0.017134
0.017134
0.017158
0.017158
0.017158
0.017183
0.017208
0.017232
0.017232
0.017208
0.017208
0.017208
0.017208
0.017232
0.017257
0.017281
0.017232
0.017232
0.017257
0.017281
0.017281
0.017257
0.017281
0.017281
0.017281
0.017281
0.017281
0.017306
0.017355
0.017331
0.017281
0.017306
0.017331
0.017331
0.017331
0.017331
0.017355
0.017331
0.017355
0.017355
0.017331
0.01738
0.01738
0.017355
0.017355
0.017355
0.017355
0.017355
0.01738
0.017405
0.017405
0.017429
0.017429
0.017429
0.017429
0.017429
0.017429
0.017429
0.017454
0.017454
0.017478
0.017503
0.017478
0.017454
0.017478
0.017478
0.017478
0.017503
0.017478
0.017478
0.017503
0.017503
0.017503
0.017503
0.017503
0.017478
0.017503
0.017503
0.017503
0.017528
0.017528
0.017528
0.017503
0.017528
0.017528
0.017429
0.017405
0.017405
0.017454
0.017552
0.017626
0.017651
0.017651
0.017626
0.017626
0.017626
0.017626
0.017626
0.017602
0.017577
0.017577
0.017602
0.017602
0.017602
0.017577
0.017602
0.017602
0.017626
0.017602
0.017602
0.017626
0.017626
0.017626
0.017602
0.017626
0.017626
0.017626
0.017651
0.017651
0.017651
0.017651
0.017675
0.017651
0.017626
0.017626
0.017675
0.0177
0.017675
0.017651
0.017651
0.017651
0.017651
0.017651
0.017675
0.017675
0.017651
0.017651
0.017675
0.017675
0.017675
0.017675
0.017675
0.0177
0.0177
0.0177
0.017675
0.017675
0.017675
0.0177
0.017749
0.0177
0.017675
0.0177
0.017725
0.017725
0.017725
0.017725
0.017725
0.017749
0.017749
0.017749
0.017749
0.017774
0.017798
0.017774
0.017798
0.017798
0.017798
0.017798
0.017823
0.017872
0.017872
0.017823
0.017798
0.017823
0.017848
0.017823
0.017823
0.017823
0.017823
0.017848
0.017848
0.017848
0.017848
0.017872
0.017872
0.017872
0.017872
0.017872
0.017872
0.017897
0.017922
0.017897
0.017897
0.017922
0.017946
0.017897
0.017897
0.017872
0.017872
0.017922
0.017946
0.017946
0.017922
0.017922
0.017946
0.017946
0.017971
0.017971
0.017971
0.017971
0.017971
0.017995
0.017946
0.017971
0.01802
0.01802
0.017995
0.017995
0.017995
0.01802
0.018045
0.018069
0.018069
0.01802
0.017995
0.01802
0.018045
0.018045
0.018045
0.018045
0.018045
0.018045
0.018069
0.018045
0.018069
0.018094
0.018069
0.018069
0.018045
0.018069
0.018118
0.018118
0.018094
0.018094
0.018118
0.018118
0.018143
0.018143
0.018143
0.018118
0.018094
0.018118
0.018118
0.018118
0.018143
0.018143
0.018168
0.018168
0.018168
0.018143
0.018192
0.018217
0.018192
0.018168
0.018168
0.018168
0.018217
0.018217
0.018192
0.018192
0.018217
0.018217
0.018217
0.018217
0.018217
0.018242
0.018242
0.018242
0.018242
0.018242
0.018242
0.018266
0.018266
0.018266
0.018266
0.018217
0.018192
0.018192
0.018217
0.018168
0.018168
0.018242
0.018315
0.018389
0.018439
0.018414
0.018414
0.018414
0.018414
0.018414
0.018365
0.01834
0.01834
0.018365
0.018389
0.018389
0.018389
0.018414
0.018389
0.018389
0.018389
0.018414
0.018439
0.018439
0.018439
0.018439
0.018414
0.018439
0.018463
0.018463
0.018463
0.018488
0.018488
0.018463
0.018463
0.018488
0.018488
0.018488
0.018488
0.018512
0.018512
0.018537
0.018537
0.018562
0.018562
0.018537
0.018562
0.018562
0.018537
0.018562
0.018586
0.018562
0.018562
0.018586
0.018537
0.018562
0.018586
0.018562
0.018562
0.018611
0.018635
0.018611
0.018611
0.018611
0.018611
0.018635
0.01866
0.01866
0.018635
0.018635
0.01866
0.018685
0.018685
0.018685
0.018734
0.018759
0.018783
0.018783
0.018783
0.018808
0.018783
0.018759
0.018783
0.018783
0.018783
0.018808
0.018808
0.018808
0.018832
0.018832
0.018832
0.018832
0.018857
0.018857
0.018857
0.018832
0.018857
0.018857
0.018882
0.018906
0.018906
0.018931
0.018931
0.018906
0.018931
0.018906
0.018906
0.018931
0.018931
0.018931
0.018931
0.018931
0.018955
0.018955
0.01898
0.019005
0.01898
0.018955
0.01898
0.019005
0.019005
0.019005
0.01898
0.01898
0.019005
0.019029
0.01898
0.01898
0.019005
0.019005
0.019029
0.019029
0.019005
0.019029
0.019079
0.019079
0.019054
0.019079
0.019079
0.019054
0.019079
0.019103
0.019079
0.019054
0.019079
0.019103
0.019079
0.019079
0.019103
0.019103
0.019128
0.019128
0.019128
0.019128
0.019128
0.019128
0.019128
0.019152
0.019152
0.019177
0.019128
0.019152
0.019152
0.019152
0.019177
0.019177
0.019152
0.019152
0.019128
0.019152
0.019152
0.019177
0.019177
0.019177
0.019202
0.019202
0.019226
0.019226
0.019202
0.019202
0.019202
0.019226
0.019226
0.019202
0.019226
0.019226
0.019226
0.019226
0.019202
0.019226
0.019251
0.019251
0.019226
0.019226
0.019276
0.019276
0.019276
0.019276
0.019276
0.019276
0.019226
0.019202
0.019202
0.019152
0.019152
0.019177
0.019202
0.019226
0.0193
0.019374
0.019423
0.019399
0.019423
0.019399
0.019349
0.019325
0.019325
0.0193
0.019325
0.019325
0.019325
0.019349
0.019349
0.019349
0.019325
0.0193
0.019325
0.019325
0.019374
0.019399
0.019399
0.019349
0.019349
0.019349
0.019399
0.019374
0.019349
0.019349
0.019349
0.019349
0.019349
0.019349
0.019349
0.019349
0.019374
0.019374
0.019374
0.019399
0.019423
0.019399
0.019349
0.019374
0.019374
0.019374
0.019399
0.019423
0.019423
0.019374
0.019374
0.019374
0.019374
0.019374
0.019374
0.019399
0.019374
0.019374
0.019374
0.019374
0.019374
0.019399
0.019448
0.019399
0.019399
0.019399
0.019399
0.019399
0.019423
0.019423
0.019448
0.019448
0.019448
0.019448
0.019448
0.019472
0.019472
0.019472
0.019472
0.019497
0.019522
0.019497
0.019472
0.019522
0.019522
0.019497
0.019497
0.019497
0.019497
0.019497
0.019497
0.019497
0.019497
0.019497
0.019522
0.019522
0.019522
0.019522
0.019546
0.019546
0.019546
0.019522
0.019522
0.019546
0.019546
0.019546
0.019522
0.019546
0.019571
0.019571
0.019546
0.019546
0.019546
0.019571
0.019571
0.019571
0.019596
0.019596
0.019571
0.019571
0.019571
0.019571
0.019596
0.019596
0.019596
0.01962
0.019669
0.01962
0.019571
0.019596
0.01962
0.01962
0.01962
0.01962
0.019596
0.01962
0.019645
0.019645
0.019645
0.019645
0.019645
0.019669
0.019669
0.019669
0.019645
0.019669
0.019669
0.019694
0.019694
0.019719
0.019669
0.019645
0.019669
0.019694
0.019694
0.019694
0.019694
0.019694
0.019694
0.019669
0.019694
0.019694
0.019694
0.019694
0.019694
0.019669
0.019669
0.019719
0.019743
0.019694
0.019694
0.019694
0.019719
0.019719
0.019719
0.019719
0.019694
0.019719
0.019743
0.019719
0.019694
0.019719
0.019743
0.019719
0.019694
0.019694
0.019743
0.019768
0.019768
0.019743
0.019719
0.019719
0.019719
0.019743
0.019743
0.019694
0.019669
0.01962
0.01962
0.01962
0.01962
0.019645
0.019694
0.019768
0.019842
0.019866
0.019916
0.019866
0.019792
0.019792
0.019792
0.019792
0.019792
0.019768
0.019768
0.019792
0.019792
0.019792
0.019743
0.019743
0.019768
0.019792
0.019792
0.019768
0.019768
0.019792
0.019817
0.019842
0.019842
0.019792
0.019743
0.019743
0.019768
0.019792
0.019792
0.019792
0.019792
0.019792
0.019792
0.019768
0.019768
0.019817
0.019842
0.019817
0.019768
0.019768
0.019768
0.019792
0.019792
0.019768
0.019792
0.019792
0.019768
0.019768
0.019768
0.019768
0.019768
0.019792
0.019817
0.019817
0.019792
0.019768
0.019792
0.019817
0.019768
0.019719
0.019792
0.019792
0.019817
0.019817
0.019792
0.019792
0.019792
0.019817
0.019817
0.019817
0.019817
0.019842
0.019842
0.019842
0.019842
0.019842
0.019866
0.019866
0.019842
0.019817
0.019817
0.019817
0.019842
0.019866
0.019842
0.019842
0.019817
0.019866
0.019891
0.019866
0.019842
0.019842
0.019866
0.019866
0.019866
0.019866
0.019866
0.019891
0.019891
0.019891
0.019891
0.019866
0.019891
0.019891
0.019842
0.019842
0.019866
0.019866
0.019842
0.019866
0.019891
0.019866
0.019866
0.019866
0.019891
0.019891
0.019866
0.019842
0.019866
0.019866
0.019866
0.019866
0.019866
0.019866
0.019916
0.01994
0.019866
0.019866
0.019866
0.019891
0.019891
0.019891
0.019891
0.019916
0.019866
0.019866
0.019866
0.019891
0.019891
0.019891
0.019866
0.019891
0.019866
0.019866
0.019866
0.019891
0.019891
0.019891
0.019891
0.019891
0.019916
0.01994
0.019891
0.019866
0.019866
0.019866
0.019891
0.019916
0.019916
0.019866
0.019866
0.019891
0.019891
0.019891
0.019891
0.019866
0.019891
0.019891
0.019891
0.019866
0.019891
0.019891
0.019891
0.019891
0.019891
0.019866
0.019891
0.019916
0.019916
0.019866
0.019891
0.019866
0.019866
0.019891
0.019866
0.019866
0.019891
0.019866
0.019842
0.019842
0.019842
0.019842
0.019817
0.019817
0.019792
0.019768
0.019719
0.019694
0.019694
0.019719
0.019768
0.019817
0.019891
0.019965
0.019965
0.01994
0.019891
0.019866
0.019866
0.019866
0.019842
0.019842
0.019817
0.019792
0.019792
0.019817
0.019842
0.019866
0.019842
0.019817
0.019817
0.019817
0.019817
0.019842
0.019842
0.019866
0.019842
0.019842
0.019866
0.019866
0.019842
0.019817
0.019817
0.019817
0.019817
0.019817
0.019817
0.019817
0.019817
0.019817
0.019817
0.019817
0.019817
0.019817
0.019792
0.019792
0.019817
0.019792
0.019792
0.019792
0.019792
0.019817
0.019842
0.019817
0.019792
0.019768
0.019768
0.019768
0.019792
0.019792
0.019817
0.019817
0.019792
0.019817
0.019842
0.019842
0.019792
0.019792
0.019792
0.019817
0.019817
0.019817
0.019842
0.019842
0.019866
0.019866
0.019866
0.019842
0.019842
0.019842
0.019842
0.019842
0.019866
0.019866
0.019817
0.019817
0.019842
0.019842
0.019866
0.019866
0.019842
0.019842
0.019842
0.019866
0.019866
0.019866
0.019891
0.019842
0.019866
0.019866
0.019866
0.019866
0.019866
0.019866
0.019866
0.019891
0.019891
0.019891
0.019916
0.019916
0.019891
0.019891
0.019916
0.019916
0.019891
0.019891
0.019891
0.019891
0.019866
0.019891
0.019916
0.01994
0.019891
0.019891
0.019916
0.01994
0.019916
0.019916
0.019891
0.019916
0.01994
0.019989
0.01994
0.01994
0.019916
0.019916
0.01994
0.019916
0.019916
0.01994
0.019965
0.01994
0.01994
0.01994
0.01994
0.01994
0.019965
0.019989
0.019965
0.019965
0.019965
0.019989
0.019965
0.019965
0.019965
0.019965
0.019965
0.019989
0.019965
0.01994
0.019965
0.019965
0.019965
0.019965
0.019965
0.019965
0.019965
0.019965
0.019965
0.019965
0.019965
0.019989
0.020014
0.019989
0.019965
0.019965
0.019965
0.019989
0.019989
0.019989
0.019965
0.01994
0.019965
0.019965
0.019965
0.019989
0.019965
0.019965
0.019965
0.019989
0.019989
0.019989
0.020014
0.020014
0.019989
0.01994
0.01994
0.019916
0.019891
0.019866
0.019842
0.019842
0.019891
0.019989
0.019989
0.020039
0.020063
0.020088
0.020088
0.020039
0.020014
0.020014
0.019965
0.019989
0.019989
0.019965
0.01994
0.019965
0.019965
0.019965
0.019989
0.019965
0.019965
0.019965
0.019965
0.019989
0.019989
0.019989
0.019989
0.020014
0.019989
0.019989
0.019989
0.019989
0.019965
0.019965
0.019965
0.019965
0.019989
0.019965
0.019965
0.019965
0.019965
0.019965
0.01994
0.01994
0.019989
0.019965
0.01994
0.01994
0.019965
0.01994
0.01994
0.019965
0.019989
0.019989
0.01994
0.01994
0.01994
0.01994
0.019916
0.01994
0.01994
0.01994
0.01994
0.019916
0.01994
0.01994
0.019916
0.019916
0.01994
0.019965
0.019965
0.019965
0.01994
0.01994
0.019989
0.019989
0.019965
0.01994
0.01994
0.019989
0.020014
0.019989
0.019965
0.019965
0.019989
0.019965
0.019965
0.019965
0.019965
0.019965
0.019989
0.019989
0.019989
0.019989
0.019989
0.020014
0.020014
0.019989
0.019989
0.019989
0.019989
0.019989
0.019989
0.020014
0.019989
0.019989
0.020014
0.020014
0.019989
0.019989
0.020014
0.020014
0.020014
0.020039
0.020014
0.019989
0.019989
0.020014
0.020014
0.020014
0.019989
0.020014
0.020039
0.020039
0.020014
0.019989
0.020014
0.020039
0.020039
0.020039
0.020039
0.020014
0.020039
0.020039
0.020014
0.020039
0.020039
0.020063
0.020039
0.020063
0.020063
0.020014
0.019989
0.019989
0.020014
0.019989
0.019965
0.019989
0.019989
0.019989
0.020014
0.020014
0.020014
0.019989
0.020014
0.020014
0.019989
0.020014
0.020039
0.020039
0.020039
0.020039
0.020014
0.020039
0.020063
0.020014
0.019989
0.020014
0.020039
0.020014
0.020014
0.020039
0.020063
0.020039
0.020039
0.020014
0.020014
0.020039
0.020039
0.020014
0.020014
0.020014
0.020039
0.020014
0.020014
0.020039
0.020039
0.020014
0.020014
0.020039
0.020063
0.020063
0.020039
0.020014
0.020039
0.020039
0.020063
0.020039
0.019989
0.01994
0.01994
0.019916
0.019891
0.019866
0.019916
0.019989
0.020039
0.020063
0.020113
0.020137
0.020137
0.020113
0.020063
0.020039
0.020039
0.020039
0.020039
0.020039
0.020014
0.020014
0.020014
0.019989
0.020014
0.020039
0.020039
0.020014
0.020014
0.020039
0.020039
0.020039
0.020039
0.020014
0.020039
0.020039
0.020039
0.020014
0.020014
0.020014
0.020039
0.020039
0.020014
0.020014
0.020039
0.020039
0.020039
0.020039
0.019989
0.020014
0.020039
0.020039
0.020014
0.020014
0.020039
0.020039
0.020014
0.019989
0.019989
0.020014
0.019989
0.019989
0.019989
0.019989
0.019989
0.019989
0.020014
0.020014
0.020014
0.020039
0.020039
0.020039
0.020014
0.020014
0.020014
0.020014
0.020039
0.020039
0.020039
0.020014
0.020039
0.020039
0.020063
0.020039
0.020039
0.020088
0.020088
0.020039
0.020039
0.020039
0.020063
0.020088
0.020113
0.020063
0.020063
0.020063
0.020063
0.020063
0.020039
0.020039
0.020063
0.020039
0.020063
0.020039
0.020063
0.020088
0.020063
0.020039
0.020063
0.020063
0.020088
0.020088
0.020039
0.020039
0.020063
0.020063
0.020063
0.020063
0.020063
0.020063
0.020063
0.020063
0.020063
0.020113
0.020113
0.020063
0.020039
0.020063
0.020063
0.020088
0.020088
0.020063
0.020063
0.020088
0.020088
0.020113
0.020088
0.020063
0.020063
0.020063
0.020088
0.020088
0.020088
0.020088
0.020113
0.020113
0.020088
0.020088
0.020088
0.020088
0.020088
0.020088
0.020088
0.020088
0.020088
0.020088
0.020113
0.020113
0.020088
0.020063
0.020088
0.020137
0.020113
0.020063
0.020039
0.020063
0.020113
0.020137
0.020137
0.020113
0.020137
0.020137
0.020162
0.020113
0.020113
0.020137
0.020137
0.020137
0.020137
0.020137
0.020162
0.020186
0.020162
0.020162
0.020162
0.020137
0.020137
0.020137
0.020137
0.020137
0.020137
0.020137
0.020162
0.020186
0.020162
0.020186
0.020162
0.020137
0.020162
0.020186
0.020162
0.020137
0.020162
0.020162
0.020137
0.020137
0.020113
0.020063
0.020063
0.020088
0.020039
0.020063
0.020113
0.020186
0.020236
0.02026
0.02026
0.02026
0.020236
0.020236
0.020186
0.020162
0.020162
0.020162
0.020186
0.020186
0.020211
0.020186
0.020137
0.020162
0.020186
0.020186
0.020186
0.020186
0.020162
0.020186
0.020211
0.020186
0.020186
0.020211
0.020211
0.020186
0.020186
0.020211
0.020236
0.020211
0.020211
0.020211
0.020186
0.020186
0.020186
0.020186
0.020186
0.020186
0.020186
0.020186
0.020186
0.020186
0.020211
0.020211
0.020162
0.020162
0.020186
0.020186
0.020186
0.020186
0.020186
0.020186
0.020186
0.020186
0.020186
0.020211
0.020186
0.020186
0.020186
0.020186
0.020211
0.02026
0.020236
0.020236
0.020236
0.020236
0.020236
0.02026
0.020236
0.020236
0.020236
0.02026
0.020285
0.02026
0.02026
0.020285
0.02026
0.02026
0.020285
0.020285
0.020285
0.020309
0.020285
0.020285
0.020309
0.020285
0.020285
0.020309
0.020334
0.020334
0.02026
0.02026
0.020285
0.020285
0.020309
0.020309
0.020285
0.020309
0.020334
0.020334
0.020334
0.020334
0.020359
0.020334
0.020334
0.020359
0.020334
0.020334
0.020334
0.020334
0.020359
0.020334
0.020334
0.020359
0.020334
0.020334
0.020359
0.020334
0.020334
0.020359
0.020359
0.020359
0.020359
0.020359
0.020383
0.020383
0.020383
0.020408
0.020408
0.020408
0.020408
0.020408
0.020383
0.020408
0.020383
0.020383
0.020408
0.020408
0.020408
0.020408
0.020433
0.020457
0.020433
0.020383
0.020408
0.020433
0.020433
0.020433
0.020408
0.020408
0.020433
0.020433
0.020433
0.020457
0.020457
0.020433
0.020433
0.020433
0.020433
0.020457
0.020506
0.020482
0.020457
0.020457
0.020457
0.020482
0.020506
0.020482
0.020482
0.020457
0.020482
0.020482
0.020482
0.020482
0.020482
0.020482
0.020457
0.020457
0.020482
0.020482
0.020482
0.020482
0.020506
0.020482
0.020482
0.020482
0.020506
0.020506
0.020506
0.020506
0.020506
0.020506
0.020506
0.020506
0.020506
0.020482
0.020482
0.020457
0.020408
0.020383
0.020383
0.020408
0.020482
0.020506
0.020629
0.020605
0.020556
0.020556
0.020556
0.020556
0.020531
0.020506
0.020506
0.020506
0.020531
0.020531
0.020506
0.020506
0.020531
0.020531
0.020556
0.020531
0.020531
0.020506
0.020531
0.020531
0.020556
0.02058
0.020556
0.020556
0.020556
0.020556
0.020556
0.020556
0.020556
0.020556
0.020556
0.020556
0.020556
0.020556
0.020556
0.02058
0.02058
0.020556
0.020556
0.020556
0.020556
0.020556
0.020556
0.020531
0.020556
0.020531
0.020531
0.020531
0.020531
0.020531
0.020531
0.020531
0.020531
0.020556
0.020556
0.020531
0.020531
0.020556
0.020556
0.020531
0.020556
0.020556
0.020556
0.02058
0.02058
0.020605
0.02058
0.020556
0.02058
0.020605
0.020605
0.020605
0.020605
0.02058
0.02058
0.020605
0.020605
0.020605
0.020605
0.02058
0.02058
0.020605
0.020605
0.020605
0.020629
0.020605
0.020605
0.020629
0.020605
0.020605
0.020629
0.020629
0.020654
0.020654
0.020629
0.020629
0.020629
0.020654
0.020629
0.020629
0.020654
0.020679
0.020654
0.020629
0.020654
0.020654
0.020654
0.020629
0.020629
0.020629
0.020629
0.020629
0.020654
0.020679
0.020654
0.020654
0.020679
0.020679
0.020654
0.020654
0.020679
0.020654
0.020654
0.020654
0.020679
0.020703
0.020679
0.020679
0.020703
0.020679
0.020679
0.020679
0.020679
0.020679
0.020679
0.020679
0.020679
0.020654
0.020654
0.020679
0.020679
0.020703
0.020703
0.020703
0.020679
0.020679
0.020703
0.020703
0.020703
0.020703
0.020703
0.020703
0.020728
0.020728
0.020728
0.020703
0.020703
0.020703
0.020703
0.020728
0.020753
0.020753
0.020703
0.020703
0.020728
0.020728
0.020753
0.020753
0.020728
0.020728
0.020753
0.020777
0.020753
0.020728
0.020728
0.020728
0.020728
0.020703
0.020728
0.020753
0.020728
0.020703
0.020703
0.020703
0.020728
0.020728
0.020753
0.020728
0.020753
0.020777
0.020777
0.020753
0.020728
0.020679
0.020654
0.020629
0.020605
0.020605
