2018
7
9
14
47
33.592
-0.10266
-0.10266
-0.10266
-0.10266
-0.10263
-0.10263
-0.10266
-0.10266
-0.10266
-0.10263
-0.10263
-0.10266
-0.10268
-0.10266
-0.10266
-0.10266
-0.10266
-0.10268
-0.10266
-0.10266
-0.10266
-0.10266
-0.10268
-0.10266
-0.10263
-0.10263
-0.10263
-0.10266
-0.10268
-0.1027
-0.10275
-0.1028
-0.10283
-0.1028
-0.1028
-0.10275
-0.10268
-0.10258
-0.10251
-0.10251
-0.10266
-0.10266
-0.10266
-0.10268
-0.10268
-0.10268
-0.10266
-0.10266
-0.10266
-0.10268
-0.10266
-0.10266
-0.10263
-0.10263
-0.10266
-0.10266
-0.10266
-0.10266
-0.10266
-0.10266
-0.10266
-0.10266
-0.10263
-0.10266
-0.10266
-0.10266
-0.10263
-0.10263
-0.10266
-0.10266
-0.10266
-0.10263
-0.10263
-0.10263
-0.10266
-0.10266
-0.10263
-0.10263
-0.10263
-0.10266
-0.10266
-0.10266
-0.10266
-0.10263
-0.10266
-0.10266
-0.10266
-0.10266
-0.10263
-0.10266
-0.10266
-0.10266
-0.10266
-0.10263
-0.10266
-0.10266
-0.10266
-0.10263
-0.10263
-0.10263
-0.10263
-0.10263
-0.10261
-0.10261
-0.10261
-0.10261
-0.10261
-0.10258
-0.10256
-0.10258
-0.10258
-0.10258
-0.10256
-0.10256
-0.10256
-0.10258
-0.10258
-0.10256
-0.10256
-0.10256
-0.10256
-0.10256
-0.10256
-0.10256
-0.10256
-0.10256
-0.10256
-0.10256
-0.10256
-0.10256
-0.10253
-0.10256
-0.10256
-0.10256
-0.10253
-0.10253
-0.10253
-0.10256
-0.10256
-0.10253
-0.10253
-0.10253
-0.10253
-0.10253
-0.10253
-0.10251
-0.10253
-0.10253
-0.10253
-0.10251
-0.10251
-0.10251
-0.10253
-0.10253
-0.10251
-0.10251
-0.10251
-0.10253
-0.10253
-0.10251
-0.10251
-0.10248
-0.10248
-0.10248
-0.10251
-0.10251
-0.10251
-0.10248
-0.10248
-0.10251
-0.10251
-0.10248
-0.10248
-0.10248
-0.10248
-0.10248
-0.10246
-0.10246
-0.10246
-0.10246
-0.10248
-0.10246
-0.10243
-0.10243
-0.10246
-0.10246
-0.10246
-0.10243
-0.10243
-0.10246
-0.10246
-0.10246
-0.10243
-0.10243
-0.10246
-0.10246
-0.10246
-0.10243
-0.10243
-0.10243
-0.10243
-0.10246
-0.10246
-0.10243
-0.10243
-0.10241
-0.10243
-0.10243
-0.10243
-0.10243
-0.10243
-0.10243
-0.10243
-0.10243
-0.10241
-0.10241
-0.10241
-0.10243
-0.10241
-0.10241
-0.10238
-0.10241
-0.10241
-0.10238
-0.10238
-0.10238
-0.10238
-0.10241
-0.10238
-0.10238
-0.10238
-0.10238
-0.10238
-0.10238
-0.10238
-0.10238
-0.10238
-0.10238
-0.10238
-0.10238
-0.10238
-0.10236
-0.10236
-0.10236
-0.10236
-0.10234
-0.10231
-0.10234
-0.10236
-0.10243
-0.10246
-0.10248
-0.10251
-0.10248
-0.10251
-0.10246
-0.10234
-0.10221
-0.10216
-0.10221
-0.10226
-0.10229
-0.10231
-0.10234
-0.10234
-0.10236
-0.10234
-0.10234
-0.10234
-0.10236
-0.10234
-0.10234
-0.10231
-0.10231
-0.10234
-0.10234
-0.10231
-0.10231
-0.10234
-0.10234
-0.10234
-0.10234
-0.10234
-0.10234
-0.10231
-0.10234
-0.10234
-0.10234
-0.10231
-0.10231
-0.10234
-0.10234
-0.10231
-0.10231
-0.10231
-0.10231
-0.10231
-0.10231
-0.10231
-0.10231
-0.10231
-0.10234
-0.10234
-0.10231
-0.10231
-0.10231
-0.10234
-0.10234
-0.10231
-0.10231
-0.10231
-0.10234
-0.10234
-0.10231
-0.10231
-0.10231
-0.10234
-0.10234
-0.10231
-0.10231
-0.10229
-0.10229
-0.10229
-0.10229
-0.10229
-0.10226
-0.10226
-0.10226
-0.10226
-0.10226
-0.10224
-0.10224
-0.10224
-0.10226
-0.10226
-0.10224
-0.10224
-0.10224
-0.10224
-0.10224
-0.10224
-0.10224
-0.10224
-0.10224
-0.10224
-0.10224
-0.10224
-0.10224
-0.10224
-0.10224
-0.10224
-0.10221
-0.10221
-0.10224
-0.10224
-0.10221
-0.10221
-0.10221
-0.10221
-0.10221
-0.10221
-0.10221
-0.10219
-0.10216
-0.10219
-0.10219
-0.10221
-0.10219
-0.10219
-0.10219
-0.10219
-0.10219
-0.10216
-0.10216
-0.10216
-0.10216
-0.10219
-0.10216
-0.10216
-0.10216
-0.10216
-0.10216
-0.10216
-0.10214
-0.10216
-0.10216
-0.10216
-0.10214
-0.10214
-0.10214
-0.10214
-0.10214
-0.10214
-0.10211
-0.10211
-0.10214
-0.10214
-0.10211
-0.10211
-0.10211
-0.10211
-0.10211
-0.10214
-0.10211
-0.10211
-0.10211
-0.10211
-0.10211
-0.10211
-0.10209
-0.10209
-0.10209
-0.10209
-0.10209
-0.10206
-0.10206
-0.10206
-0.10209
-0.10209
-0.10209
-0.10206
-0.10206
-0.10206
-0.10206
-0.10206
-0.10206
-0.10206
-0.10206
-0.10209
-0.10206
-0.10206
-0.10206
-0.10206
-0.10206
-0.10206
-0.10204
-0.10204
-0.10204
-0.10204
-0.10204
-0.10204
-0.10204
-0.10201
-0.10204
-0.10204
-0.10204
-0.10201
-0.10201
-0.10201
-0.10201
-0.10201
-0.10201
-0.10199
-0.10199
-0.10201
-0.10199
-0.10199
-0.10199
-0.10199
-0.10199
-0.10201
-0.10201
-0.10199
-0.10199
-0.10199
-0.10199
-0.10199
-0.10197
-0.10197
-0.10199
-0.10199
-0.10197
-0.10192
-0.10192
-0.10192
-0.10197
-0.10199
-0.10204
-0.10206
-0.10206
-0.10184
-0.10177
-0.10177
-0.10182
-0.10187
-0.10189
-0.10192
-0.10194
-0.10194
-0.10194
-0.10194
-0.10194
-0.10194
-0.10194
-0.10192
-0.10189
-0.10192
-0.10192
-0.10192
-0.10189
-0.10189
-0.10192
-0.10192
-0.10189
-0.10189
-0.10189
-0.10189
-0.10189
-0.10189
-0.10187
-0.10189
-0.10192
-0.10192
-0.10189
-0.10189
-0.10189
-0.10189
-0.10189
-0.10189
-0.10189
-0.10189
-0.10189
-0.10187
-0.10189
-0.10189
-0.10189
-0.10187
-0.10189
-0.10189
-0.10192
-0.10189
-0.10189
-0.10189
-0.10189
-0.10192
-0.10189
-0.10189
-0.10187
-0.10189
-0.10189
-0.10189
-0.10187
-0.10187
-0.10187
-0.10187
-0.10187
-0.10184
-0.10184
-0.10184
-0.10184
-0.10184
-0.10182
-0.10182
-0.10182
-0.10179
-0.10179
-0.10179
-0.10177
-0.10177
-0.10179
-0.10177
-0.10177
-0.10177
-0.10177
-0.10174
-0.10177
-0.10179
-0.10177
-0.10174
-0.10177
-0.10177
-0.10177
-0.10174
-0.10172
-0.10172
-0.10174
-0.10177
-0.10174
-0.10172
-0.10172
-0.10174
-0.10177
-0.10177
-0.10174
-0.10172
-0.10169
-0.10172
-0.10172
-0.10169
-0.10169
-0.10172
-0.10174
-0.10174
-0.10174
-0.10177
-0.10177
-0.10177
-0.10174
-0.10172
-0.10169
-0.10165
-0.10167
-0.10169
-0.10172
-0.10172
-0.10169
-0.10167
-0.10167
-0.10167
-0.10169
-0.10169
-0.10169
-0.10169
-0.10169
-0.10167
-0.10165
-0.1016
-0.1016
-0.1016
-0.1016
-0.10157
-0.10157
-0.1016
-0.1016
-0.1016
-0.10157
-0.10157
-0.10157
-0.1016
-0.1016
-0.1016
-0.1016
-0.1016
-0.10165
-0.10165
-0.10165
-0.10165
-0.10167
-0.10169
-0.10169
-0.10167
-0.10165
-0.10165
-0.1016
-0.1016
-0.10162
-0.10165
-0.10162
-0.10162
-0.10165
-0.10167
-0.10167
-0.10167
-0.10167
-0.10167
-0.10169
-0.10167
-0.10165
-0.10165
-0.10167
-0.10169
-0.10169
-0.10172
-0.10169
-0.10169
-0.10167
-0.10167
-0.10162
-0.10162
-0.10165
-0.10167
-0.10167
-0.10165
-0.10162
-0.10162
-0.1016
-0.1016
-0.10157
-0.10155
-0.10152
-0.10157
-0.1016
-0.10157
-0.10155
-0.10155
-0.10157
-0.1016
-0.10157
-0.10155
-0.10152
-0.10155
-0.10157
-0.10157
-0.10155
-0.1015
-0.1015
-0.10152
-0.10152
-0.1015
-0.10152
-0.10155
-0.10162
-0.10167
-0.10167
-0.10165
-0.10165
-0.10165
-0.10155
-0.10142
-0.10133
-0.10135
-0.10142
-0.10147
-0.1015
-0.10147
-0.10147
-0.1015
-0.10152
-0.1015
-0.10147
-0.10152
-0.1015
-0.1015
-0.1015
-0.10147
-0.10145
-0.10142
-0.10145
-0.10147
-0.10147
-0.10145
-0.10145
-0.10145
-0.10145
-0.10147
-0.10145
-0.10145
-0.10145
-0.10145
-0.10147
-0.10145
-0.10142
-0.10142
-0.10145
-0.10145
-0.10142
-0.1014
-0.1014
-0.10142
-0.10145
-0.10147
-0.10147
-0.10147
-0.10147
-0.10147
-0.10147
-0.10147
-0.10147
-0.10147
-0.10147
-0.1015
-0.10147
-0.10145
-0.10145
-0.10145
-0.10147
-0.10142
-0.1014
-0.10142
-0.10142
-0.10142
-0.1014
-0.1014
-0.1014
-0.10142
-0.10142
-0.10142
-0.10142
-0.10142
-0.10145
-0.10142
-0.1014
-0.1014
-0.1014
-0.10137
-0.10137
-0.1014
-0.10135
-0.10135
-0.10137
-0.10137
-0.10135
-0.10135
-0.10135
-0.10135
-0.10135
-0.10135
-0.10133
-0.10133
-0.10135
-0.1013
-0.1013
-0.10133
-0.1013
-0.1013
-0.1013
-0.1013
-0.1013
-0.1013
-0.1013
-0.10128
-0.10128
-0.1013
-0.10128
-0.10128
-0.10128
-0.10128
-0.10128
-0.10128
-0.10125
-0.10123
-0.10125
-0.10125
-0.10125
-0.10125
-0.10123
-0.10123
-0.10125
-0.10125
-0.10123
-0.10123
-0.10123
-0.10125
-0.10123
-0.10123
-0.1012
-0.10123
-0.10123
-0.1012
-0.1012
-0.1012
-0.1012
-0.1012
-0.1012
-0.1012
-0.1012
-0.1012
-0.10118
-0.10118
-0.1012
-0.10118
-0.10115
-0.10115
-0.10118
-0.10118
-0.10118
-0.10115
-0.10115
-0.10115
-0.10115
-0.10115
-0.10115
-0.10113
-0.10113
-0.10115
-0.10115
-0.10113
-0.10113
-0.10113
-0.10113
-0.10113
-0.10113
-0.1011
-0.1011
-0.10113
-0.10113
-0.1011
-0.1011
-0.1011
-0.1011
-0.1011
-0.1011
-0.1011
-0.10108
-0.10108
-0.10108
-0.10108
-0.10108
-0.10108
-0.10108
-0.10108
-0.10108
-0.10108
-0.10108
-0.10105
-0.10105
-0.10105
-0.10105
-0.10103
-0.10103
-0.10103
-0.10103
-0.10105
-0.10103
-0.10103
-0.10103
-0.10103
-0.10103
-0.10103
-0.10101
-0.10103
-0.10103
-0.10103
-0.10103
-0.10101
-0.10101
-0.10103
-0.10103
-0.10101
-0.10098
-0.10098
-0.10096
-0.10096
-0.10098
-0.10101
-0.10105
-0.1011
-0.10113
-0.10113
-0.1011
-0.10108
-0.10103
-0.10093
-0.10083
-0.10081
-0.10083
-0.10088
-0.10091
-0.10093
-0.10096
-0.10096
-0.10093
-0.10093
-0.10096
-0.10096
-0.10093
-0.10093
-0.10093
-0.10093
-0.10093
-0.10093
-0.10091
-0.10091
-0.10091
-0.10093
-0.10091
-0.10091
-0.10091
-0.10091
-0.10093
-0.10091
-0.10093
-0.10091
-0.10091
-0.10091
-0.10091
-0.10091
-0.10088
-0.10088
-0.10088
-0.10088
-0.10088
-0.10088
-0.10088
-0.10088
-0.10088
-0.10088
-0.10088
-0.10088
-0.10088
-0.10088
-0.10088
-0.10088
-0.10088
-0.10088
-0.10088
-0.10091
-0.10088
-0.10088
-0.10088
-0.10088
-0.10091
-0.10088
-0.10088
-0.10088
-0.10088
-0.10088
-0.10086
-0.10086
-0.10083
-0.10081
-0.10078
-0.10081
-0.10081
-0.10078
-0.10078
-0.10078
-0.10078
-0.10078
-0.10078
-0.10076
-0.10076
-0.10076
-0.10078
-0.10076
-0.10076
-0.10073
-0.10076
-0.10076
-0.10076
-0.10073
-0.10073
-0.10076
-0.10076
-0.10076
-0.10073
-0.10073
-0.10073
-0.10073
-0.10073
-0.10073
-0.10073
-0.10073
-0.10073
-0.10071
-0.10071
-0.10071
-0.10071
-0.10071
-0.10071
-0.10069
-0.10069
-0.10069
-0.10069
-0.10069
-0.10069
-0.10066
-0.10066
-0.10069
-0.10069
-0.10066
-0.10066
-0.10066
-0.10066
-0.10066
-0.10064
-0.10064
-0.10061
-0.10064
-0.10064
-0.10064
-0.10061
-0.10061
-0.10061
-0.10064
-0.10061
-0.10061
-0.10059
-0.10061
-0.10061
-0.10061
-0.10061
-0.10059
-0.10059
-0.10059
-0.10059
-0.10059
-0.10056
-0.10059
-0.10059
-0.10056
-0.10056
-0.10056
-0.10054
-0.10054
-0.10054
-0.10056
-0.10054
-0.10054
-0.10054
-0.10054
-0.10054
-0.10054
-0.10051
-0.10051
-0.10051
-0.10054
-0.10051
-0.10051
-0.10051
-0.10051
-0.10051
-0.10051
-0.10049
-0.10049
-0.10049
-0.10049
-0.10049
-0.10049
-0.10046
-0.10049
-0.10049
-0.10046
-0.10046
-0.10046
-0.10046
-0.10046
-0.10046
-0.10044
-0.10044
-0.10044
-0.10044
-0.10044
-0.10044
-0.10044
-0.10041
-0.10041
-0.10041
-0.10041
-0.10041
-0.10041
-0.10039
-0.10039
-0.10039
-0.10041
-0.10039
-0.10039
-0.10039
-0.10041
-0.10039
-0.10039
-0.10037
-0.10039
-0.10039
-0.10039
-0.10037
-0.10037
-0.10037
-0.10039
-0.10037
-0.10034
-0.10034
-0.10034
-0.10034
-0.10037
-0.10039
-0.10044
-0.10049
-0.10051
-0.10051
-0.10024
-0.10019
-0.10019
-0.10024
-0.10027
-0.10029
-0.10032
-0.10032
-0.10032
-0.10032
-0.10032
-0.10034
-0.10032
-0.10032
-0.10032
-0.10032
-0.10032
-0.10029
-0.10029
-0.10029
-0.10032
-0.10032
-0.10029
-0.10029
-0.10029
-0.10032
-0.10032
-0.10029
-0.10029
-0.10029
-0.10032
-0.10032
-0.10029
-0.10029
-0.10029
-0.10029
-0.10029
-0.10027
-0.10027
-0.10024
-0.10027
-0.10027
-0.10027
-0.10027
-0.10027
-0.10027
-0.10027
-0.10027
-0.10029
-0.10027
-0.10027
-0.10027
-0.10027
-0.10027
-0.10027
-0.10024
-0.10024
-0.10027
-0.10027
-0.10024
-0.10024
-0.10024
-0.10024
-0.10024
-0.10022
-0.10022
-0.10022
-0.10022
-0.10022
-0.10022
-0.10019
-0.10019
-0.10019
-0.10019
-0.10017
-0.10017
-0.10017
-0.10017
-0.10017
-0.10014
-0.10014
-0.10014
-0.10012
-0.10012
-0.10014
-0.10014
-0.10012
-0.10012
-0.10012
-0.10012
-0.10014
-0.10012
-0.10012
-0.10009
-0.10012
-0.10012
-0.10009
-0.10009
-0.10009
-0.10009
-0.10009
-0.10009
-0.10007
-0.10007
-0.10007
-0.10007
-0.10007
-0.10005
-0.10005
-0.10007
-0.10007
-0.10005
-0.10005
-0.10005
-0.10005
-0.10007
-0.10007
-0.10005
-0.10005
-0.10005
-0.10005
-0.10005
-0.10005
-0.10005
-0.10002
-0.10002
-0.10002
-0.10002
-0.10002
-0.099996
-0.099996
-0.099996
-0.099996
-0.099996
-0.099972
-0.099972
-0.099972
-0.099996
-0.099972
-0.099972
-0.099972
-0.099972
-0.099972
-0.099972
-0.099947
-0.099947
-0.099947
-0.099947
-0.099947
-0.099922
-0.099922
-0.099947
-0.099947
-0.099922
-0.099922
-0.099922
-0.099922
-0.099922
-0.099922
-0.099922
-0.099898
-0.099898
-0.099898
-0.099898
-0.099922
-0.099898
-0.099873
-0.099873
-0.099898
-0.099898
-0.099898
-0.099873
-0.099873
-0.099873
-0.099873
-0.099873
-0.099849
-0.099849
-0.099873
-0.099873
-0.099849
-0.099849
-0.099824
-0.099849
-0.099849
-0.099849
-0.099824
-0.099824
-0.099824
-0.099849
-0.099849
-0.099824
-0.099824
-0.099849
-0.099849
-0.099824
-0.099799
-0.099799
-0.099799
-0.099799
-0.099775
-0.099799
-0.099775
-0.099775
-0.099775
-0.099775
-0.099775
-0.099775
-0.09975
-0.09975
-0.09975
-0.09975
-0.09975
-0.09975
-0.099726
-0.099726
-0.09975
-0.099726
-0.099701
-0.099676
-0.099701
-0.099726
-0.099775
-0.099799
-0.099849
-0.099873
-0.099873
-0.099849
-0.099799
-0.099701
-0.099602
-0.099529
-0.099553
-0.099602
-0.099627
-0.099652
-0.099676
-0.099701
-0.099676
-0.099676
-0.099676
-0.099652
-0.099652
-0.099676
-0.099676
-0.099652
-0.099652
-0.099652
-0.099652
-0.099676
-0.099652
-0.099652
-0.099652
-0.099652
-0.099652
-0.099627
-0.099627
-0.099627
-0.099652
-0.099652
-0.099627
-0.099627
-0.099627
-0.099652
-0.099652
-0.099627
-0.099627
-0.099627
-0.099627
-0.099627
-0.099627
-0.099602
-0.099627
-0.099627
-0.099627
-0.099627
-0.099627
-0.099602
-0.099627
-0.099627
-0.099627
-0.099627
-0.099627
-0.099602
-0.099602
-0.099627
-0.099602
-0.099602
-0.099602
-0.099602
-0.099602
-0.099602
-0.099578
-0.099553
-0.099553
-0.099578
-0.099553
-0.099529
-0.099529
-0.099529
-0.099529
-0.099529
-0.099504
-0.099479
-0.099479
-0.099479
-0.099504
-0.099479
-0.099479
-0.099479
-0.099479
-0.099479
-0.099479
-0.099455
-0.099455
-0.099479
-0.099479
-0.099455
-0.099455
-0.099455
-0.09943
-0.09943
-0.099455
-0.099455
-0.09943
-0.09943
-0.09943
-0.09943
-0.09943
-0.09943
-0.099406
-0.099406
-0.099406
-0.099406
-0.099406
-0.099406
-0.099381
-0.099406
-0.099406
-0.099381
-0.099356
-0.099356
-0.099381
-0.099381
-0.099381
-0.099356
-0.099356
-0.099356
-0.099356
-0.099356
-0.099332
-0.099332
-0.099356
-0.099356
-0.099332
-0.099332
-0.099332
-0.099332
-0.099332
-0.099332
-0.099307
-0.099307
-0.099307
-0.099307
-0.099307
-0.099307
-0.099282
-0.099282
-0.099282
-0.099307
-0.099282
-0.099282
-0.099258
-0.099282
-0.099282
-0.099258
-0.099258
-0.099258
-0.099258
-0.099258
-0.099258
-0.099258
-0.099258
-0.099258
-0.099258
-0.099233
-0.099233
-0.099233
-0.099233
-0.099233
-0.099233
-0.099209
-0.099209
-0.099209
-0.099233
-0.099209
-0.099209
-0.099209
-0.099209
-0.099209
-0.099184
-0.099209
-0.099184
-0.099184
-0.099184
-0.099184
-0.099184
-0.099184
-0.099159
-0.099159
-0.099184
-0.099184
-0.099159
-0.099159
-0.099159
-0.099159
-0.099159
-0.099159
-0.099135
-0.09911
-0.099135
-0.099135
-0.099135
-0.09911
-0.09911
-0.09911
-0.099135
-0.09911
-0.09911
-0.09911
-0.09911
-0.09911
-0.09911
-0.099086
-0.099086
-0.09911
-0.09911
-0.099086
-0.099086
-0.099086
-0.099061
-0.099036
-0.099036
-0.099061
-0.099061
-0.099086
-0.099135
-0.099184
-0.099209
-0.099209
-0.099184
-0.099184
-0.09911
-0.098987
-0.098889
-0.098864
-0.098913
-0.098962
-0.099012
-0.099036
-0.099012
-0.099012
-0.099036
-0.099036
-0.099036
-0.099012
-0.099012
-0.099012
-0.099012
-0.099012
-0.099012
-0.098987
-0.099012
-0.099012
-0.098987
-0.098987
-0.098987
-0.099012
-0.099012
-0.099012
-0.099012
-0.099012
-0.098987
-0.098987
-0.098987
-0.098987
-0.098987
-0.098962
-0.098962
-0.098962
-0.098962
-0.098962
-0.098938
-0.098938
-0.098938
-0.098962
-0.098962
-0.098938
-0.098938
-0.098938
-0.098962
-0.098938
-0.098938
-0.098938
-0.098938
-0.098962
-0.098938
-0.098938
-0.098938
-0.098938
-0.098938
-0.098938
-0.098938
-0.098913
-0.098913
-0.098938
-0.098913
-0.098913
-0.098889
-0.098889
-0.098864
-0.098864
-0.098864
-0.098864
-0.098839
-0.098839
-0.098839
-0.098839
-0.098815
-0.098815
-0.098815
-0.098815
-0.098815
-0.098815
-0.09879
-0.09879
-0.09879
-0.09879
-0.09879
-0.09879
-0.09879
-0.09879
-0.098815
-0.09879
-0.09879
-0.09879
-0.09879
-0.09879
-0.09879
-0.098765
-0.098765
-0.098765
-0.098765
-0.098765
-0.098765
-0.098741
-0.098741
-0.098765
-0.098765
-0.098741
-0.098741
-0.098716
-0.098716
-0.098716
-0.098741
-0.098716
-0.098716
-0.098716
-0.098716
-0.098716
-0.098716
-0.098692
-0.098667
-0.098692
-0.098692
-0.098692
-0.098667
-0.098667
-0.098667
-0.098667
-0.098667
-0.098667
-0.098642
-0.098642
-0.098667
-0.098667
-0.098642
-0.098642
-0.098642
-0.098642
-0.098642
-0.098642
-0.098618
-0.098642
-0.098642
-0.098642
-0.098618
-0.098618
-0.098618
-0.098618
-0.098593
-0.098618
-0.098618
-0.098593
-0.098593
-0.098593
-0.098593
-0.098593
-0.098593
-0.098569
-0.098569
-0.098569
-0.098569
-0.098569
-0.098544
-0.098544
-0.098544
-0.098544
-0.098544
-0.098519
-0.098519
-0.098544
-0.098544
-0.098519
-0.098519
-0.098519
-0.098519
-0.098519
-0.098495
-0.09847
-0.098495
-0.098495
-0.098495
-0.098495
-0.098495
-0.09847
-0.098495
-0.098495
-0.09847
-0.09847
-0.098445
-0.098445
-0.09847
-0.098445
-0.098445
-0.098421
-0.098421
-0.098421
-0.098421
-0.098421
-0.098421
-0.098396
-0.098421
-0.098421
-0.098421
-0.098396
-0.098396
-0.098396
-0.098396
-0.098396
-0.098372
-0.098372
-0.098372
-0.098396
-0.098372
-0.098347
-0.098347
-0.098372
-0.098372
-0.098347
-0.098347
-0.098347
-0.098372
-0.098396
-0.098445
-0.09847
-0.098495
-0.098519
-0.098519
-0.098495
-0.098224
-0.098249
-0.098273
-0.098298
-0.098322
-0.098322
-0.098298
-0.098298
-0.098322
-0.098322
-0.098322
-0.098298
-0.098298
-0.098298
-0.098322
-0.098298
-0.098298
-0.098298
-0.098298
-0.098298
-0.098298
-0.098273
-0.098273
-0.098273
-0.098273
-0.098273
-0.098273
-0.098273
-0.098273
-0.098273
-0.098273
-0.098249
-0.098249
-0.098249
-0.098249
-0.098249
-0.098249
-0.098249
-0.098249
-0.098249
-0.098224
-0.098249
-0.098224
-0.098224
-0.098224
-0.098224
-0.098249
-0.098224
-0.098224
-0.098224
-0.098249
-0.098249
-0.098249
-0.098224
-0.098224
-0.098224
-0.098224
-0.098224
-0.098224
-0.098199
-0.098199
-0.098199
-0.098199
-0.098175
-0.098175
-0.098175
-0.098175
-0.098175
-0.09815
-0.098125
-0.098125
-0.098125
-0.098125
-0.098101
-0.098101
-0.098101
-0.098101
-0.098101
-0.098076
-0.098076
-0.098076
-0.098076
-0.098076
-0.098101
-0.098076
-0.098076
-0.098076
-0.098076
-0.098076
-0.098076
-0.098076
-0.098052
-0.098076
-0.098076
-0.098076
-0.098052
-0.098052
-0.098052
-0.098052
-0.098052
-0.098027
-0.098027
-0.098027
-0.098027
-0.098027
-0.098027
-0.098027
-0.098027
-0.098027
-0.098027
-0.098027
-0.098002
-0.098002
-0.098002
-0.098002
-0.098002
-0.097978
-0.098002
-0.098002
-0.098002
-0.097978
-0.097978
-0.097953
-0.097953
-0.097978
-0.097978
-0.097953
-0.097953
-0.097953
-0.097953
-0.097953
-0.097953
-0.097928
-0.097928
-0.097953
-0.097928
-0.097928
-0.097928
-0.097928
-0.097928
-0.097928
-0.097904
-0.097904
-0.097904
-0.097928
-0.097928
-0.097904
-0.097904
-0.097904
-0.097904
-0.097904
-0.097904
-0.097879
-0.097879
-0.097879
-0.097879
-0.097879
-0.097855
-0.097855
-0.097879
-0.097855
-0.097855
-0.097855
-0.097855
-0.09783
-0.09783
-0.09783
-0.09783
-0.09783
-0.097805
-0.097805
-0.09783
-0.097805
-0.097805
-0.097781
-0.097781
-0.097781
-0.097781
-0.097781
-0.097781
-0.097781
-0.097805
-0.097781
-0.097781
-0.097756
-0.097756
-0.097781
-0.097756
-0.097756
-0.097732
-0.097732
-0.097732
-0.097732
-0.097732
-0.097707
-0.097732
-0.097732
-0.097732
-0.097707
-0.097707
-0.097707
-0.097682
-0.097682
-0.097707
-0.097707
-0.097682
-0.097682
-0.097682
-0.097682
-0.097682
-0.097682
-0.097682
-0.097658
-0.097682
-0.097658
-0.097658
-0.097633
-0.097658
-0.097707
-0.097756
-0.097805
-0.097805
-0.097805
-0.097805
-0.097781
-0.097682
-0.097559
-0.097461
-0.097485
-0.097559
-0.097584
-0.097584
-0.097608
-0.097633
-0.097633
-0.097608
-0.097608
-0.097608
-0.097608
-0.097608
-0.097608
-0.097608
-0.097584
-0.097584
-0.097559
-0.097584
-0.097584
-0.097584
-0.097559
-0.097559
-0.097559
-0.097584
-0.097559
-0.097559
-0.097559
-0.097559
-0.097559
-0.097559
-0.097535
-0.097535
-0.097559
-0.097559
-0.097559
-0.097535
-0.097535
-0.097559
-0.097559
-0.097535
-0.097535
-0.097535
-0.097535
-0.097535
-0.097535
-0.097535
-0.097535
-0.097535
-0.097535
-0.097535
-0.09751
-0.09751
-0.09751
-0.09751
-0.097535
-0.097535
-0.097535
-0.09751
-0.09751
-0.09751
-0.09751
-0.097485
-0.097461
-0.097461
-0.097461
-0.097461
-0.097436
-0.097412
-0.097412
-0.097412
-0.097412
-0.097412
-0.097387
-0.097387
-0.097412
-0.097412
-0.097387
-0.097387
-0.097387
-0.097387
-0.097387
-0.097387
-0.097362
-0.097362
-0.097362
-0.097362
-0.097362
-0.097338
-0.097338
-0.097338
-0.097338
-0.097338
-0.097338
-0.097313
-0.097313
-0.097313
-0.097338
-0.097313
-0.097313
-0.097288
-0.097288
-0.097313
-0.097288
-0.097288
-0.097288
-0.097288
-0.097288
-0.097288
-0.097264
-0.097264
-0.097264
-0.097264
-0.097264
-0.097264
-0.097239
-0.097264
-0.097264
-0.097264
-0.097239
-0.097239
-0.097239
-0.097239
-0.097239
-0.097215
-0.097215
-0.097215
-0.097239
-0.097215
-0.097215
-0.097215
-0.097215
-0.097215
-0.09719
-0.09719
-0.09719
-0.09719
-0.097165
-0.09719
-0.09719
-0.09719
-0.097165
-0.097165
-0.097165
-0.097165
-0.097165
-0.097165
-0.097141
-0.097141
-0.097165
-0.097165
-0.097141
-0.097141
-0.097141
-0.097141
-0.097141
-0.097141
-0.097116
-0.097116
-0.097141
-0.097141
-0.097116
-0.097116
-0.097116
-0.097116
-0.097116
-0.097091
-0.097091
-0.097091
-0.097091
-0.097091
-0.097067
-0.097067
-0.097042
-0.097042
-0.097042
-0.097042
-0.097042
-0.097018
-0.097018
-0.097042
-0.097042
-0.097018
-0.097018
-0.097018
-0.097018
-0.097018
-0.096993
-0.096993
-0.096993
-0.096993
-0.096993
-0.096968
-0.096968
-0.096968
-0.096993
-0.096993
-0.096968
-0.096968
-0.096968
-0.096968
-0.096968
-0.096944
-0.096944
-0.096944
-0.096944
-0.096944
-0.096944
-0.096919
-0.096944
-0.096944
-0.096944
-0.096919
-0.096895
-0.09687
-0.09687
-0.096919
-0.096968
-0.097018
-0.097042
-0.097042
-0.097042
-0.097042
-0.097018
-0.096895
-0.096771
-0.096722
-0.096747
-0.096796
-0.096821
-0.096845
-0.096845
-0.09687
-0.09687
-0.09687
-0.096845
-0.096845
-0.09687
-0.09687
-0.096845
-0.096845
-0.096845
-0.096845
-0.096845
-0.096845
-0.096821
-0.096821
-0.096845
-0.096845
-0.096821
-0.096821
-0.096821
-0.096821
-0.096796
-0.096821
-0.096821
-0.096796
-0.096796
-0.096796
-0.096796
-0.096821
-0.096796
-0.096796
-0.096796
-0.096796
-0.096796
-0.096796
-0.096771
-0.096771
-0.096796
-0.096796
-0.096771
-0.096771
-0.096771
-0.096771
-0.096771
-0.096771
-0.096771
-0.096771
-0.096771
-0.096771
-0.096747
-0.096747
-0.096747
-0.096747
-0.096747
-0.096747
-0.096722
-0.096722
-0.096722
-0.096722
-0.096722
-0.096698
-0.096673
-0.096673
-0.096673
-0.096673
-0.096673
-0.096673
-0.096648
-0.096648
-0.096648
-0.096648
-0.096648
-0.096624
-0.096624
-0.096624
-0.096648
-0.096624
-0.096624
-0.096599
-0.096624
-0.096624
-0.096599
-0.096599
-0.096575
-0.096599
-0.096599
-0.096575
-0.096575
-0.096575
-0.096575
-0.096575
-0.096575
-0.096575
-0.09655
-0.096575
-0.096575
-0.096575
-0.09655
-0.09655
-0.09655
-0.09655
-0.09655
-0.09655
-0.096525
-0.096501
-0.096501
-0.096501
-0.096525
-0.096501
-0.096501
-0.096501
-0.096501
-0.096501
-0.096501
-0.096476
-0.096476
-0.096476
-0.096476
-0.096476
-0.096476
-0.096476
-0.096476
-0.096476
-0.096451
-0.096451
-0.096451
-0.096451
-0.096451
-0.096451
-0.096427
-0.096427
-0.096427
-0.096427
-0.096427
-0.096402
-0.096402
-0.096402
-0.096402
-0.096402
-0.096402
-0.096402
-0.096378
-0.096378
-0.096378
-0.096378
-0.096378
-0.096378
-0.096378
-0.096378
-0.096378
-0.096378
-0.096353
-0.096353
-0.096353
-0.096353
-0.096353
-0.096328
-0.096328
-0.096328
-0.096353
-0.096328
-0.096328
-0.096328
-0.096328
-0.096328
-0.096328
-0.096304
-0.096304
-0.096304
-0.096304
-0.096304
-0.096279
-0.096279
-0.096279
-0.096279
-0.096279
-0.096254
-0.096254
-0.096254
-0.096254
-0.096254
-0.096254
-0.096254
-0.09623
-0.09623
-0.09623
-0.09623
-0.09623
-0.096205
-0.096181
-0.096205
-0.096205
-0.096205
-0.096181
-0.096181
-0.096181
-0.096181
-0.096181
-0.096156
-0.096156
-0.096156
-0.096156
-0.096156
-0.096156
-0.096156
-0.096131
-0.096131
-0.096131
-0.096131
-0.096131
-0.096131
-0.096107
-0.096107
-0.096082
-0.096082
-0.096131
-0.096181
-0.09623
-0.096254
-0.096254
-0.096254
