2018
7
9
14
49
32.796
-0.05214
-0.052091
-0.052091
-0.05214
-0.052189
-0.052214
-0.052165
-0.05214
-0.052189
-0.052238
-0.052214
-0.052165
-0.052165
-0.052238
-0.052288
-0.052214
-0.05214
-0.05214
-0.052214
-0.052263
-0.052238
-0.052189
-0.052189
-0.052263
-0.052288
-0.052263
-0.052238
-0.052238
-0.052288
-0.052288
-0.052238
-0.052214
-0.052238
-0.052288
-0.052337
-0.052288
-0.052263
-0.052263
-0.052312
-0.052312
-0.052288
-0.052337
-0.052337
-0.052288
-0.052288
-0.052361
-0.052411
-0.052386
-0.052312
-0.052288
-0.052386
-0.052435
-0.052386
-0.052312
-0.052288
-0.052361
-0.052435
-0.052435
-0.052386
-0.052361
-0.052435
-0.052485
-0.05246
-0.052411
-0.052411
-0.05246
-0.052509
-0.052534
-0.05246
-0.052411
-0.052485
-0.052558
-0.052534
-0.052485
-0.05246
-0.052485
-0.052509
-0.052534
-0.052534
-0.052608
-0.052928
-0.052854
-0.052755
-0.052657
-0.052558
-0.052558
-0.052608
-0.052681
-0.052681
-0.052632
-0.052608
-0.052632
-0.052681
-0.052657
-0.052608
-0.052608
-0.052657
-0.052706
-0.052731
-0.052681
-0.052632
-0.052681
-0.052706
-0.052706
-0.052657
-0.052657
-0.052706
-0.052731
-0.052706
-0.052681
-0.052657
-0.052681
-0.052755
-0.05278
-0.052731
-0.052706
-0.05278
-0.052854
-0.052805
-0.052731
-0.05278
-0.05278
-0.052829
-0.052903
-0.052903
-0.052878
-0.052829
-0.052854
-0.052928
-0.052903
-0.052854
-0.052829
-0.052878
-0.052952
-0.052977
-0.052903
-0.052903
-0.052977
-0.053002
-0.052977
-0.052952
-0.052928
-0.052977
-0.053051
-0.053026
-0.052952
-0.052928
-0.052977
-0.053026
-0.053026
-0.052952
-0.052903
-0.052952
-0.052977
-0.052977
-0.052977
-0.052952
-0.052977
-0.053051
-0.053026
-0.053026
-0.053051
-0.053002
-0.052952
-0.053002
-0.053075
-0.053075
-0.053026
-0.052977
-0.053002
-0.053075
-0.053075
-0.053026
-0.053026
-0.053051
-0.0531
-0.0531
-0.053051
-0.053051
-0.053075
-0.053125
-0.053125
-0.053075
-0.053026
-0.0531
-0.053149
-0.053149
-0.0531
-0.053075
-0.053125
-0.053198
-0.053198
-0.053125
-0.053075
-0.0531
-0.053174
-0.053248
-0.053174
-0.0531
-0.053125
-0.053149
-0.053174
-0.053223
-0.053174
-0.053125
-0.053174
-0.053223
-0.053248
-0.053198
-0.053149
-0.053174
-0.053248
-0.053248
-0.053198
-0.053174
-0.053198
-0.053248
-0.053297
-0.053248
-0.053198
-0.053223
-0.053272
-0.053297
-0.053248
-0.053198
-0.053223
-0.053272
-0.053297
-0.053248
-0.053223
-0.053248
-0.053322
-0.053346
-0.053322
-0.053248
-0.053297
-0.053346
-0.053346
-0.053322
-0.053297
-0.053346
-0.053297
-0.053346
-0.053395
-0.05342
-0.053371
-0.053322
-0.053346
-0.053395
-0.05342
-0.053371
-0.053322
-0.053371
-0.053445
-0.053445
-0.053445
-0.053395
-0.053395
-0.053445
-0.053445
-0.053395
-0.053371
-0.053371
-0.053445
-0.053494
-0.053469
-0.053395
-0.05342
-0.053518
-0.053518
-0.053469
-0.05342
-0.053445
-0.053494
-0.053518
-0.053494
-0.053445
-0.053518
-0.053642
-0.053765
-0.053839
-0.053617
-0.053518
-0.053568
-0.053642
-0.053666
-0.053592
-0.053494
-0.053494
-0.053568
-0.053617
-0.053592
-0.053543
-0.053592
-0.053617
-0.053642
-0.053592
-0.053543
-0.053568
-0.053642
-0.053617
-0.053592
-0.053568
-0.053568
-0.053666
-0.053715
-0.053691
-0.053666
-0.053691
-0.05374
-0.05374
-0.053691
-0.053642
-0.053691
-0.053765
-0.053789
-0.05374
-0.053666
-0.053691
-0.053765
-0.05374
-0.053789
-0.053839
-0.053789
-0.053715
-0.05374
-0.053814
-0.053863
-0.053839
-0.053814
-0.053814
-0.053863
-0.053937
-0.053888
-0.053814
-0.053839
-0.053888
-0.053912
-0.053912
-0.053888
-0.053863
-0.053912
-0.053986
-0.053962
-0.053912
-0.053863
-0.053912
-0.053962
-0.053937
-0.053863
-0.053863
-0.053912
-0.053962
-0.053937
-0.053888
-0.053839
-0.053888
-0.053962
-0.053912
-0.053839
-0.053962
-0.053888
-0.053839
-0.053912
-0.053962
-0.053937
-0.053863
-0.053839
-0.053912
-0.053962
-0.053962
-0.053937
-0.053937
-0.054011
-0.054085
-0.054085
-0.054035
-0.054035
-0.053986
-0.054035
-0.054011
-0.053937
-0.053912
-0.053962
-0.054085
-0.05406
-0.053962
-0.053962
-0.054011
-0.054011
-0.053986
-0.053986
-0.053962
-0.054011
-0.054085
-0.05406
-0.054011
-0.054011
-0.05406
-0.054109
-0.054159
-0.054109
-0.054035
-0.054011
-0.054085
-0.054159
-0.054159
-0.054159
-0.05406
-0.05406
-0.054109
-0.054134
-0.054109
-0.05406
-0.054109
-0.054159
-0.054183
-0.054159
-0.054134
-0.054159
-0.054208
-0.054208
-0.054159
-0.054109
-0.054159
-0.054232
-0.054208
-0.054159
-0.054134
-0.054159
-0.054208
-0.054232
-0.054183
-0.054134
-0.054208
-0.054232
-0.054232
-0.054183
-0.054183
-0.054232
-0.054159
-0.054232
-0.054306
-0.054306
-0.054232
-0.054208
-0.054232
-0.054306
-0.054331
-0.054282
-0.054232
-0.054257
-0.054306
-0.054306
-0.054257
-0.054232
-0.054306
-0.05438
-0.054355
-0.054282
-0.054257
-0.054282
-0.054331
-0.054355
-0.054282
-0.054257
-0.054306
-0.05438
-0.05438
-0.054355
-0.054331
-0.054331
-0.05438
-0.05438
-0.054331
-0.054331
-0.05438
-0.054454
-0.054528
-0.054552
-0.054848
-0.054651
-0.054454
-0.054405
-0.054454
-0.054503
-0.054429
-0.054405
-0.054405
-0.054479
-0.054503
-0.054454
-0.054429
-0.054454
-0.054503
-0.054503
-0.054479
-0.054479
-0.054528
-0.054577
-0.054552
-0.054503
-0.054454
-0.054454
-0.054528
-0.054602
-0.054577
-0.054479
-0.054528
-0.054602
-0.054626
-0.054602
-0.054552
-0.054552
-0.054626
-0.054626
-0.054577
-0.054552
-0.054602
-0.054651
-0.054602
-0.054676
-0.0547
-0.054626
-0.054577
-0.054602
-0.054676
-0.054725
-0.054676
-0.054626
-0.054626
-0.0547
-0.054725
-0.054676
-0.054626
-0.054676
-0.054774
-0.054799
-0.0547
-0.054651
-0.054676
-0.054749
-0.054799
-0.054749
-0.054676
-0.0547
-0.054799
-0.054799
-0.054725
-0.0547
-0.0547
-0.054725
-0.054749
-0.054725
-0.054676
-0.0547
-0.054749
-0.054799
-0.054725
-0.054651
-0.054749
-0.054676
-0.054725
-0.054799
-0.054799
-0.054774
-0.054725
-0.054725
-0.054799
-0.054848
-0.054823
-0.054749
-0.054774
-0.054848
-0.054872
-0.054823
-0.054749
-0.054749
-0.054799
-0.054848
-0.054823
-0.054749
-0.054749
-0.054774
-0.054823
-0.054823
-0.054774
-0.054799
-0.054872
-0.054897
-0.054848
-0.054774
-0.054774
-0.054848
-0.054872
-0.054848
-0.054774
-0.054799
-0.054872
-0.054897
-0.054922
-0.054922
-0.054872
-0.054872
-0.054922
-0.054922
-0.054872
-0.054799
-0.054823
-0.054922
-0.054971
-0.054897
-0.054823
-0.054848
-0.054946
-0.054971
-0.054922
-0.054872
-0.054872
-0.054922
-0.054946
-0.054897
-0.054872
-0.054897
-0.054946
-0.054971
-0.054946
-0.054897
-0.054922
-0.054971
-0.05502
-0.054996
-0.054922
-0.054922
-0.054971
-0.054996
-0.054996
-0.054946
-0.054922
-0.054971
-0.05502
-0.05502
-0.054996
-0.054971
-0.054996
-0.055069
-0.055119
-0.055094
-0.05502
-0.05502
-0.055094
-0.055094
-0.055045
-0.054996
-0.054996
-0.055069
-0.055143
-0.055094
-0.05502
-0.055045
-0.055119
-0.055168
-0.055143
-0.055045
-0.055069
-0.055119
-0.055168
-0.055119
-0.055069
-0.055069
-0.055094
-0.055143
-0.055119
-0.055069
-0.055094
-0.055143
-0.055168
-0.055119
-0.055069
-0.055119
-0.055488
-0.055562
-0.055586
-0.055537
-0.055414
-0.055217
-0.055168
-0.055217
-0.055291
-0.055266
-0.055192
-0.055192
-0.055266
-0.055316
-0.055266
-0.055192
-0.055168
-0.055266
-0.055316
-0.055291
-0.055217
-0.055192
-0.055266
-0.055316
-0.055316
-0.055242
-0.055217
-0.055291
-0.055316
-0.055316
-0.055242
-0.055217
-0.055291
-0.055365
-0.05534
-0.055266
-0.055242
-0.055291
-0.055365
-0.05534
-0.055414
-0.055414
-0.05534
-0.055291
-0.05534
-0.055389
-0.055365
-0.055316
-0.055316
-0.055365
-0.055439
-0.055439
-0.055389
-0.055365
-0.055439
-0.055512
-0.055488
-0.055463
-0.055463
-0.055488
-0.055537
-0.055488
-0.055414
-0.055414
-0.055512
-0.055512
-0.055488
-0.055439
-0.055439
-0.055488
-0.055537
-0.055537
-0.055463
-0.055439
-0.055463
-0.055488
-0.055488
-0.055439
-0.055414
-0.055439
-0.055389
-0.055439
-0.055488
-0.055488
-0.055463
-0.055488
-0.055537
-0.055537
-0.055512
-0.055463
-0.055463
-0.055488
-0.055537
-0.055512
-0.055463
-0.055463
-0.055488
-0.055537
-0.055562
-0.055488
-0.055463
-0.055512
-0.055586
-0.055586
-0.055537
-0.055537
-0.055586
-0.055611
-0.055586
-0.055537
-0.055537
-0.055537
-0.055611
-0.055562
-0.055488
-0.055488
-0.055562
-0.05566
-0.055611
-0.055537
-0.055586
-0.055562
-0.055611
-0.055685
-0.05566
-0.055586
-0.055562
-0.055611
-0.055611
-0.055636
-0.055611
-0.055586
-0.055586
-0.05566
-0.05566
-0.055636
-0.055636
-0.055685
-0.055709
-0.055685
-0.055586
-0.055562
-0.055636
-0.055685
-0.055685
-0.055636
-0.055611
-0.05566
-0.055709
-0.055709
-0.05566
-0.055636
-0.055685
-0.055734
-0.055734
-0.055685
-0.055685
-0.055709
-0.055759
-0.055759
-0.055759
-0.055709
-0.055685
-0.055759
-0.055808
-0.055759
-0.055685
-0.05566
-0.055709
-0.055783
-0.055808
-0.055759
-0.055685
-0.055709
-0.055783
-0.055783
-0.055759
-0.055734
-0.055759
-0.055808
-0.055808
-0.055759
-0.055759
-0.055783
-0.055833
-0.055857
-0.055808
-0.055759
-0.055759
-0.055833
-0.055882
-0.055833
-0.055759
-0.055759
-0.055833
-0.055833
-0.055783
-0.055759
-0.055783
-0.055833
-0.055783
-0.055931
-0.056029
-0.056079
-0.056128
-0.056202
-0.0563
-0.056251
-0.056054
-0.055906
-0.055882
-0.055931
-0.055956
-0.055931
-0.055882
-0.055882
-0.055931
-0.055931
-0.055882
-0.055833
-0.055882
-0.055931
-0.055956
-0.055906
-0.055857
-0.055882
-0.055956
-0.056005
-0.055956
-0.055906
-0.055931
-0.05598
-0.056005
-0.05598
-0.055931
-0.055956
-0.056005
-0.056054
-0.056005
-0.055931
-0.055956
-0.055931
-0.055956
-0.056005
-0.056029
-0.056005
-0.055956
-0.056005
-0.056054
-0.056103
-0.056054
-0.05598
-0.056005
-0.056079
-0.056128
-0.056103
-0.056103
-0.056079
-0.056103
-0.056153
-0.056079
-0.056054
-0.056079
-0.056128
-0.056177
-0.056153
-0.056128
-0.056128
-0.056202
-0.056202
-0.056177
-0.056128
-0.056177
-0.056202
-0.056202
-0.056128
-0.056079
-0.056103
-0.056153
-0.056177
-0.056128
-0.056177
-0.056153
-0.056103
-0.056103
-0.056177
-0.056177
-0.056103
-0.056054
-0.056054
-0.056153
-0.056202
-0.056153
-0.056079
-0.056128
-0.056177
-0.056202
-0.056177
-0.056128
-0.056128
-0.056202
-0.056202
-0.056177
-0.056103
-0.056103
-0.056202
-0.056251
-0.056226
-0.056153
-0.056153
-0.056226
-0.056251
-0.056202
-0.056128
-0.056128
-0.056202
-0.056226
-0.056202
-0.056153
-0.056153
-0.056202
-0.056202
-0.056226
-0.056226
-0.056226
-0.056177
-0.056153
-0.056226
-0.056226
-0.056202
-0.056177
-0.056202
-0.056226
-0.056276
-0.056251
-0.056202
-0.056202
-0.056251
-0.0563
-0.056276
-0.056226
-0.056202
-0.056251
-0.0563
-0.056251
-0.056202
-0.056202
-0.0563
-0.056325
-0.056276
-0.056226
-0.056226
-0.056251
-0.0563
-0.056276
-0.056226
-0.056226
-0.0563
-0.056325
-0.0563
-0.0563
-0.056226
-0.056251
-0.056349
-0.056374
-0.056349
-0.056251
-0.056276
-0.056325
-0.056374
-0.056325
-0.056276
-0.056251
-0.0563
-0.056325
-0.0563
-0.056276
-0.056276
-0.056325
-0.056374
-0.056349
-0.056276
-0.0563
-0.056349
-0.056374
-0.056374
-0.056325
-0.056325
-0.056399
-0.056399
-0.056399
-0.056349
-0.056325
-0.056349
-0.056374
-0.056374
-0.056325
-0.056325
-0.056349
-0.056399
-0.056374
-0.056423
-0.056374
-0.0563
-0.0563
-0.056374
-0.056448
-0.056522
-0.056546
-0.056596
-0.056719
-0.056866
-0.056842
-0.056645
-0.056497
-0.056473
-0.056497
-0.056448
-0.056399
-0.056399
-0.056423
-0.056473
-0.056448
-0.056374
-0.056349
-0.056423
-0.056497
-0.056497
-0.056423
-0.056423
-0.056423
-0.056473
-0.056448
-0.056423
-0.056423
-0.056522
-0.056571
-0.056497
-0.056399
-0.056374
-0.056448
-0.056423
-0.056448
-0.056497
-0.056497
-0.056473
-0.056448
-0.056497
-0.056546
-0.056546
-0.056497
-0.056473
-0.056546
-0.05662
-0.056645
-0.056522
-0.056473
-0.056522
-0.056571
-0.056571
-0.056546
-0.056546
-0.056571
-0.056596
-0.05662
-0.056546
-0.056522
-0.056596
-0.056645
-0.056645
-0.056596
-0.056571
-0.05662
-0.056694
-0.05667
-0.056645
-0.056645
-0.056645
-0.056694
-0.056719
-0.05667
-0.056645
-0.056571
-0.056571
-0.056596
-0.05667
-0.056645
-0.056596
-0.056546
-0.056596
-0.05667
-0.05667
-0.056596
-0.056546
-0.05662
-0.056645
-0.056645
-0.05662
-0.056571
-0.056571
-0.05662
-0.05667
-0.056596
-0.056522
-0.056546
-0.05662
-0.05662
-0.056571
-0.056546
-0.056571
-0.05662
-0.05662
-0.056571
-0.056546
-0.056571
-0.05662
-0.05662
-0.056596
-0.056596
-0.05662
-0.056546
-0.056596
-0.05667
-0.056694
-0.056596
-0.056546
-0.056571
-0.056645
-0.05667
-0.05662
-0.056596
-0.05662
-0.056645
-0.056645
-0.056596
-0.056571
-0.056596
-0.05667
-0.056694
-0.05667
-0.056645
-0.05667
-0.05667
-0.056694
-0.05662
-0.056596
-0.05662
-0.056645
-0.056645
-0.05662
-0.056596
-0.056645
-0.056694
-0.056694
-0.056645
-0.056596
-0.056645
-0.056694
-0.056694
-0.05667
-0.056719
-0.056719
-0.05667
-0.056694
-0.056694
-0.056694
-0.05667
-0.056645
-0.05667
-0.056743
-0.056743
-0.056694
-0.05667
-0.05667
-0.056743
-0.056768
-0.056719
-0.05667
-0.056694
-0.056719
-0.056768
-0.056743
-0.056694
-0.05667
-0.056743
-0.056768
-0.056743
-0.056694
-0.056694
-0.056768
-0.056793
-0.056768
-0.056719
-0.056719
-0.056768
-0.056817
-0.056768
-0.056694
-0.056694
-0.056768
-0.056719
-0.056817
-0.056842
-0.056793
-0.056694
-0.056694
-0.056768
-0.056817
-0.056793
-0.056743
-0.056842
-0.05694
-0.057063
-0.057113
-0.057137
-0.057162
-0.057088
-0.05699
-0.056842
-0.056768
-0.056817
-0.056866
-0.056842
-0.056793
-0.056768
-0.056817
-0.056891
-0.056866
-0.056842
-0.056793
-0.056817
-0.056866
-0.056842
-0.056768
-0.056743
-0.056793
-0.056866
-0.056866
-0.056817
-0.056768
-0.056866
-0.056866
-0.056866
-0.056866
-0.056866
-0.056817
-0.056793
-0.056817
-0.056891
-0.05694
-0.056891
-0.056817
-0.056842
-0.056891
-0.05694
-0.056916
-0.056891
-0.056866
-0.056891
-0.05694
-0.056916
-0.056891
-0.056891
-0.05694
-0.057014
-0.056965
-0.056891
-0.056891
-0.056965
-0.057014
-0.05699
-0.056965
-0.05699
-0.057063
-0.057063
-0.05699
-0.05694
-0.05699
-0.057014
-0.057014
-0.057039
-0.05699
-0.056916
-0.056916
-0.056965
-0.05699
-0.05694
-0.056891
-0.056891
-0.05694
-0.05699
-0.056965
-0.056916
-0.056916
-0.056965
-0.057014
-0.05699
-0.05694
-0.056916
-0.05694
-0.056965
-0.05694
-0.056916
-0.056916
-0.05694
-0.056965
-0.056916
-0.056891
-0.056916
-0.05694
-0.056965
-0.05694
-0.056891
-0.056891
-0.05694
-0.05699
-0.056965
-0.056916
-0.05694
-0.057014
-0.05694
-0.05699
-0.057063
-0.057014
-0.056891
-0.056891
-0.05699
-0.057014
-0.05694
-0.056916
-0.05694
-0.056965
-0.057014
-0.05699
-0.05694
-0.056965
-0.05699
-0.057014
-0.057014
-0.05694
-0.05694
-0.05699
-0.057039
-0.057014
-0.057014
-0.057039
-0.057014
-0.057014
-0.05699
-0.05694
-0.05694
-0.05699
-0.057039
-0.057014
-0.056916
-0.05694
-0.057014
-0.057088
-0.057039
-0.05699
-0.057039
-0.05699
-0.05699
-0.057039
-0.057088
-0.057063
-0.05699
-0.05699
-0.057063
-0.057088
-0.057088
-0.057014
-0.05699
-0.057039
-0.057088
-0.057088
-0.057063
-0.057063
-0.057088
-0.057113
-0.057088
-0.057039
-0.057014
-0.057088
-0.057113
-0.057063
-0.057039
-0.057014
-0.057063
-0.057113
-0.057088
-0.057039
-0.057039
-0.057088
-0.057113
-0.057088
-0.057039
-0.057063
-0.057113
-0.057113
-0.057088
-0.057113
-0.057113
-0.057063
-0.057063
-0.057137
-0.057211
-0.057162
-0.057063
-0.057039
-0.057063
-0.057088
-0.057088
-0.057063
-0.057113
-0.057236
-0.057359
-0.057433
-0.057433
-0.057482
-0.057482
-0.057408
-0.05726
-0.057137
-0.057113
-0.057162
-0.057186
-0.057162
-0.057137
-0.057113
-0.057186
-0.057236
-0.057186
-0.057088
-0.057088
-0.057162
-0.057236
-0.057236
-0.057162
-0.057137
-0.057137
-0.057113
-0.057186
-0.057236
-0.057211
-0.057162
-0.057137
-0.057211
-0.057285
-0.05726
-0.057162
-0.057137
-0.057186
-0.057236
-0.05726
-0.057186
-0.057162
-0.057211
-0.057285
-0.05726
-0.057186
-0.057211
-0.05726
-0.057285
-0.05726
-0.057186
-0.057186
-0.057236
-0.057285
-0.057285
-0.057236
-0.05726
-0.05731
-0.057359
-0.057334
-0.057236
-0.057236
-0.057285
-0.057334
-0.057334
-0.057408
-0.057383
-0.05731
-0.057285
-0.057359
-0.057383
-0.057334
-0.05726
-0.057211
-0.05726
-0.05731
-0.05731
-0.057285
-0.05726
-0.05731
-0.057359
-0.057334
-0.05726
-0.057236
-0.057285
-0.057334
-0.05731
-0.057285
-0.057236
-0.05726
-0.05731
-0.05731
-0.05726
-0.05726
-0.05731
-0.057334
-0.057334
-0.057285
-0.05726
-0.05731
-0.057383
-0.057383
-0.057285
-0.057236
-0.05731
-0.05726
-0.057334
-0.057383
-0.057334
-0.05726
-0.05726
-0.05731
-0.057359
-0.057383
-0.057334
-0.057285
-0.057334
-0.057433
-0.057408
-0.05731
-0.05726
-0.05731
-0.057334
-0.057359
-0.05731
-0.05731
-0.057334
-0.057383
-0.057408
-0.057334
-0.05731
-0.057334
-0.057383
-0.057383
-0.057334
-0.05731
-0.057408
-0.057457
-0.057408
-0.05731
-0.057285
-0.05731
-0.057334
-0.057359
-0.057334
-0.057433
-0.057334
-0.05731
-0.057359
-0.057408
-0.057408
-0.057383
-0.057359
-0.057359
-0.057408
-0.057433
-0.057408
-0.057334
-0.057359
-0.057408
-0.057433
-0.057408
-0.057383
-0.057359
-0.057408
-0.057408
-0.057383
-0.057334
-0.057383
-0.057457
-0.057457
-0.057408
-0.057359
-0.057383
-0.057433
-0.057457
-0.057433
-0.057383
-0.057383
-0.057457
-0.057482
-0.057433
-0.057383
-0.057408
-0.057457
-0.057482
-0.057457
-0.057433
-0.057383
-0.057408
-0.057482
-0.057457
-0.057408
-0.057383
-0.057408
-0.057457
-0.057482
-0.057457
-0.057383
-0.057383
-0.057433
-0.057482
-0.057507
-0.057531
-0.05763
-0.057777
-0.057876
-0.0579
-0.057777
-0.05763
-0.057531
-0.057507
-0.057507
-0.057433
-0.057433
-0.057482
-0.057507
-0.057433
-0.057408
-0.057482
-0.057531
-0.057507
-0.057482
-0.057433
-0.057433
-0.057408
-0.057433
-0.057482
-0.057507
-0.057457
-0.057433
-0.057482
-0.057531
-0.057556
-0.057507
-0.057433
-0.057457
-0.057531
-0.057531
-0.057457
-0.057433
-0.057457
-0.057507
-0.057507
-0.057457
-0.057433
-0.057457
-0.057556
-0.05758
-0.057507
-0.057433
-0.057482
-0.057556
-0.057556
-0.057531
-0.057482
-0.057482
-0.057556
-0.057605
-0.057605
-0.05758
-0.057556
-0.057605
-0.05763
-0.05758
-0.057605
-0.05758
-0.05763
-0.057679
-0.057679
-0.05763
-0.05758
-0.05758
-0.05763
-0.05763
-0.05758
-0.057556
-0.05758
-0.057605
-0.057605
-0.057556
-0.057531
-0.057531
-0.05758
-0.057605
-0.05758
-0.057556
-0.05758
-0.057605
-0.057605
-0.057556
-0.057531
-0.057531
-0.057605
-0.05763
-0.057605
-0.057531
-0.057531
-0.057605
-0.057654
-0.05763
-0.05758
-0.05758
-0.05763
-0.057605
-0.05758
-0.05763
-0.057605
-0.057531
-0.057531
-0.057605
-0.05763
-0.05758
-0.057556
-0.057556
-0.057605
-0.057605
-0.05758
-0.057556
-0.057556
-0.05763
-0.05763
-0.05758
-0.057531
-0.057556
-0.05763
-0.05763
-0.057556
-0.057531
-0.057556
-0.05763
-0.05763
-0.057556
-0.057507
-0.057556
-0.05763
-0.05763
-0.05758
-0.057507
-0.057531
-0.05758
-0.05763
-0.057605
-0.057556
-0.057556
-0.05758
-0.05763
-0.057679
-0.057654
-0.057605
-0.057556
-0.05758
-0.05763
-0.057654
-0.05763
-0.05758
-0.05758
-0.057654
-0.057703
-0.057654
-0.05758
-0.057605
-0.057654
-0.057654
-0.057654
-0.057605
-0.05763
-0.057703
-0.057703
-0.057654
-0.057605
-0.05763
-0.057654
-0.057679
-0.057654
-0.05763
-0.05763
-0.057679
-0.057753
-0.057703
-0.05763
-0.057605
-0.057654
-0.057679
-0.057679
-0.057728
-0.057654
-0.057605
-0.05763
-0.057679
-0.057703
-0.057654
-0.05763
-0.05763
-0.057679
-0.057703
-0.057703
-0.057679
-0.057654
-0.057703
-0.057703
-0.057654
-0.057605
-0.057605
-0.057679
-0.057703
-0.057728
-0.057777
-0.057876
-0.057974
-0.058073
-0.058073
-0.057974
-0.057802
-0.057753
-0.057753
-0.057728
-0.057679
-0.057654
-0.057703
-0.057753
-0.057728
-0.057654
-0.057679
-0.057728
-0.057654
-0.057728
-0.057777
-0.057703
-0.057679
-0.057679
-0.057728
-0.057753
-0.057753
-0.057679
-0.057654
-0.057703
-0.057753
-0.057728
-0.057654
-0.057679
-0.057728
-0.057753
-0.057728
-0.057679
-0.057679
-0.057728
-0.057753
-0.057728
-0.057703
-0.057703
-0.057753
-0.057802
-0.057728
-0.057679
-0.057703
-0.057753
-0.057777
-0.057753
-0.057728
-0.057728
-0.057728
-0.057777
-0.057777
-0.057753
-0.057827
-0.057777
-0.057753
-0.057827
-0.057851
-0.057827
-0.057777
-0.057777
-0.057827
-0.057851
-0.057851
-0.057777
-0.057728
-0.057777
-0.057827
-0.057777
-0.057728
-0.057703
-0.057753
-0.057777
-0.057753
-0.057728
-0.057703
-0.057728
-0.057802
-0.057802
-0.057728
-0.057679
-0.057728
-0.057777
-0.057777
-0.057728
-0.057728
-0.057728
-0.057777
-0.057777
-0.057728
-0.057679
-0.057753
-0.057802
-0.057728
-0.057777
-0.057777
-0.057728
-0.057728
-0.057777
-0.057802
-0.057753
-0.057703
-0.057679
-0.057777
-0.057827
-0.057777
-0.057703
-0.057703
-0.057753
-0.057802
-0.057777
-0.057753
-0.057728
-0.057777
-0.057802
-0.057802
-0.057777
-0.057753
-0.057753
-0.057777
-0.057753
-0.057728
-0.057728
-0.057753
-0.057777
-0.057777
-0.057728
-0.057728
-0.057802
-0.057827
-0.057777
-0.057703
-0.057703
-0.057728
-0.057703
-0.057728
-0.057777
-0.057802
-0.057753
-0.057703
-0.057728
-0.057802
-0.057802
-0.057753
-0.057728
-0.057777
-0.057851
-0.057827
-0.057753
-0.057753
-0.057802
-0.057802
-0.057777
-0.057777
-0.057777
-0.057777
-0.057777
-0.057777
-0.057728
-0.057703
-0.057753
-0.057802
-0.057802
-0.057753
-0.057728
-0.057777
-0.057777
-0.057753
-0.057728
-0.057728
-0.057777
-0.057802
-0.057802
-0.057827
-0.057827
-0.057753
-0.057703
-0.057753
-0.057802
-0.057802
-0.057728
-0.057728
-0.057753
-0.057802
-0.057827
-0.057777
-0.057777
-0.057802
-0.057876
-0.057851
-0.057753
-0.057753
-0.057827
-0.057802
-0.057753
-0.057703
-0.057679
-0.057753
-0.057876
-0.05795
-0.05795
-0.058023
-0.058147
-0.058245
-0.058196
-0.058023
-0.057851
-0.057777
-0.057827
-0.057851
-0.057802
-0.057777
-0.057827
-0.057777
-0.057777
-0.057827
-0.057851
-0.057802
-0.057777
-0.057827
-0.057827
-0.057802
-0.057777
-0.057753
-0.057802
-0.057851
-0.057851
-0.057777
-0.057753
-0.057802
-0.057851
-0.057851
-0.057802
-0.057777
-0.057802
-0.057851
-0.0579
-0.057827
-0.057777
-0.057851
-0.0579
-0.0579
-0.057851
-0.057802
-0.057851
-0.0579
-0.0579
-0.057851
-0.057802
-0.057851
-0.0579
-0.057925
-0.057876
-0.0579
-0.057876
-0.057851
-0.0579
-0.057974
-0.057974
-0.057925
-0.057876
-0.057876
-0.057925
-0.057974
-0.057925
-0.057851
-0.057876
-0.05795
-0.05795
-0.057925
-0.057876
-0.0579
-0.05795
-0.05795
-0.057851
-0.057802
-0.057827
-0.0579
-0.0579
-0.057851
-0.057777
-0.057827
-0.057876
-0.057876
-0.057827
-0.057777
-0.057802
-0.057876
-0.057851
-0.057802
-0.057802
-0.057827
-0.0579
-0.057802
-0.057876
-0.0579
-0.057876
-0.057876
-0.057851
-0.057851
-0.057851
-0.057802
-0.057777
-0.057827
-0.057876
-0.057876
-0.057827
-0.057777
-0.057827
-0.0579
-0.057925
-0.057876
-0.057802
-0.057827
-0.0579
-0.057925
-0.057851
-0.057777
-0.057802
-0.057876
-0.057876
-0.057851
-0.057802
-0.057802
-0.0579
-0.057925
-0.057851
-0.057802
-0.057851
-0.057925
-0.057925
-0.057851
-0.057802
-0.057876
-0.057827
-0.057851
-0.0579
-0.057925
-0.057876
-0.057851
-0.057851
-0.0579
-0.057925
-0.057876
-0.057827
-0.057851
-0.05795
-0.05795
-0.0579
-0.057876
-0.057925
-0.05795
-0.057925
-0.057876
-0.057851
-0.0579
-0.057925
-0.057925
-0.057876
-0.057851
-0.057851
-0.057925
-0.05795
-0.0579
-0.057851
-0.057851
-0.0579
-0.057925
-0.057925
-0.0579
-0.057876
-0.057925
-0.05795
-0.0579
-0.05795
-0.057925
-0.057851
-0.057827
-0.0579
-0.057925
-0.057876
-0.057851
-0.057876
-0.0579
-0.057925
-0.057876
-0.057827
-0.057851
-0.057925
-0.057925
-0.0579
-0.057851
-0.057827
-0.0579
-0.057925
-0.057876
-0.057827
-0.057851
-0.0579
-0.057925
-0.057876
-0.057802
-0.057802
-0.057876
-0.057925
-0.057974
-0.057999
-0.058048
-0.058196
-0.058319
-0.058319
-0.05822
-0.058097
-0.057925
-0.0579
-0.057925
-0.05795
-0.057925
-0.0579
-0.0579
-0.05795
-0.057974
-0.05795
-0.057876
-0.057876
-0.057925
-0.057974
-0.05795
-0.0579
-0.0579
-0.05795
-0.057974
-0.057925
-0.0579
-0.0579
-0.05795
-0.057999
-0.05795
-0.057876
-0.057876
-0.05795
-0.057974
-0.057925
-0.0579
-0.0579
-0.057974
-0.057999
-0.057974
-0.057925
-0.057925
-0.057999
-0.058023
-0.05795
-0.058023
-0.057999
-0.057925
-0.05795
-0.057999
-0.058023
-0.057999
-0.057925
-0.05795
-0.058023
-0.058073
-0.058023
-0.057974
-0.057974
-0.058048
-0.058097
-0.058048
-0.05795
-0.057974
-0.058073
-0.058097
-0.058048
-0.057974
-0.057974
-0.057999
-0.058023
-0.057999
-0.05795
-0.057925
-0.05795
-0.057999
-0.057999
-0.05795
-0.057925
-0.057974
-0.057999
-0.05795
-0.057925
-0.05795
-0.057974
-0.057974
-0.057999
-0.05795
-0.057925
-0.057925
-0.057974
-0.058023
-0.057999
-0.057925
-0.057925
-0.057974
-0.057999
-0.057999
-0.05795
-0.05795
-0.057999
-0.058023
-0.057999
-0.05795
-0.05795
-0.057974
-0.057999
-0.057999
-0.057974
-0.05795
-0.057974
-0.058023
-0.057974
-0.057925
-0.0579
-0.057974
-0.058023
-0.057974
-0.057925
-0.05795
-0.057999
-0.058023
-0.058023
-0.057974
-0.057974
-0.0579
-0.057925
-0.057999
-0.058023
-0.057974
-0.0579
-0.05795
-0.058023
-0.058048
-0.057999
-0.05795
-0.057925
-0.057999
-0.058048
-0.058023
-0.057974
-0.057974
-0.057999
-0.057999
-0.05795
-0.057925
-0.057925
-0.057974
-0.058023
-0.058023
-0.05795
-0.0579
-0.05795
-0.058023
-0.057999
-0.0579
-0.0579
-0.05795
-0.057999
-0.057999
-0.05795
-0.057925
-0.057974
-0.057999
-0.057974
-0.057999
-0.057999
-0.057999
-0.057925
-0.05795
-0.057999
-0.057999
-0.057925
-0.057925
-0.057999
-0.058023
-0.057974
-0.05795
-0.057974
-0.057999
-0.058023
-0.057999
-0.05795
-0.0579
-0.057925
-0.057999
-0.058023
-0.05795
-0.0579
-0.05795
-0.057999
-0.057974
-0.05795
-0.057925
-0.05795
-0.057999
-0.057999
-0.057925
-0.0579
-0.057999
-0.058073
-0.058122
-0.058171
-0.05822
-0.058344
