2018
7
9
15
31
32.487
-0.067895
-0.06792
-0.067944
-0.067944
-0.067895
-0.067846
-0.06787
-0.067895
-0.067895
-0.067846
-0.067821
-0.067846
-0.06787
-0.06787
-0.067846
-0.067821
-0.067846
-0.067895
-0.067895
-0.06787
-0.067846
-0.06787
-0.06792
-0.06792
-0.06787
-0.067846
-0.06787
-0.067895
-0.06792
-0.06787
-0.067821
-0.067846
-0.067895
-0.067895
-0.06787
-0.067846
-0.067846
-0.06787
-0.06787
-0.067846
-0.06787
-0.067846
-0.067821
-0.067846
-0.067895
-0.067895
-0.06787
-0.067821
-0.067846
-0.06787
-0.06787
-0.067846
-0.067821
-0.067846
-0.06787
-0.06787
-0.067846
-0.067846
-0.067846
-0.06787
-0.06787
-0.067846
-0.067821
-0.067846
-0.06787
-0.06787
-0.067846
-0.067821
-0.067846
-0.06787
-0.06787
-0.067846
-0.067821
-0.067846
-0.06787
-0.06787
-0.067846
-0.067821
-0.067846
-0.06787
-0.067846
-0.06787
-0.06787
-0.067846
-0.067821
-0.067821
-0.06787
-0.067895
-0.06787
-0.067846
-0.067846
-0.067895
-0.067895
-0.067846
-0.067846
-0.067846
-0.06787
-0.06787
-0.067846
-0.067821
-0.067821
-0.067846
-0.06787
-0.067846
-0.067821
-0.067846
-0.06787
-0.067895
-0.06787
-0.067846
-0.06787
-0.067895
-0.06792
-0.06787
-0.067846
-0.067846
-0.067895
-0.067895
-0.06787
-0.067846
-0.067846
-0.067846
-0.06787
-0.067895
-0.06787
-0.067846
-0.067846
-0.067895
-0.067895
-0.06787
-0.067846
-0.067846
-0.06787
-0.06787
-0.067846
-0.067821
-0.067846
-0.06787
-0.06787
-0.067846
-0.067821
-0.067846
-0.06787
-0.06787
-0.067846
-0.067821
-0.067821
-0.06787
-0.06787
-0.067846
-0.067821
-0.067821
-0.067846
-0.067895
-0.06792
-0.067944
-0.068018
-0.068092
-0.068141
-0.068166
-0.067846
-0.067772
-0.067747
-0.067797
-0.067846
-0.067895
-0.06787
-0.067821
-0.067846
-0.06787
-0.067895
-0.067895
-0.06787
-0.067846
-0.067895
-0.06792
-0.067895
-0.06787
-0.06787
-0.067895
-0.067944
-0.06792
-0.06787
-0.06787
-0.06792
-0.06792
-0.06792
-0.067895
-0.06787
-0.06792
-0.06792
-0.06792
-0.067895
-0.06792
-0.067944
-0.067969
-0.067969
-0.067944
-0.067944
-0.067969
-0.06792
-0.067969
-0.067969
-0.067944
-0.06792
-0.06792
-0.067944
-0.067969
-0.067944
-0.06792
-0.06792
-0.067944
-0.067969
-0.067969
-0.067944
-0.06792
-0.067944
-0.067994
-0.067969
-0.067944
-0.067944
-0.067969
-0.067994
-0.067994
-0.067944
-0.067944
-0.067969
-0.067994
-0.067969
-0.06792
-0.06792
-0.067944
-0.067969
-0.067944
-0.06792
-0.067895
-0.067944
-0.067944
-0.06792
-0.067895
-0.067944
-0.067895
-0.067895
-0.06792
-0.067944
-0.067944
-0.067895
-0.067895
-0.06792
-0.067944
-0.06792
-0.067895
-0.067895
-0.06792
-0.067944
-0.06792
-0.06787
-0.06787
-0.067895
-0.06792
-0.067895
-0.067895
-0.06787
-0.067895
-0.067944
-0.067944
-0.06792
-0.067895
-0.06792
-0.067944
-0.067944
-0.06792
-0.067895
-0.067944
-0.067944
-0.067944
-0.06792
-0.067895
-0.06792
-0.067944
-0.06792
-0.06792
-0.06792
-0.06787
-0.06787
-0.067895
-0.067944
-0.06792
-0.067895
-0.06787
-0.067895
-0.06792
-0.06792
-0.06787
-0.067846
-0.067895
-0.06792
-0.06792
-0.067895
-0.067895
-0.06792
-0.067944
-0.06792
-0.067895
-0.06787
-0.067895
-0.06792
-0.06792
-0.06787
-0.06787
-0.067895
-0.06792
-0.06792
-0.067895
-0.067895
-0.06792
-0.067944
-0.06792
-0.067895
-0.06787
-0.067895
-0.06787
-0.067895
-0.06792
-0.06792
-0.067895
-0.06787
-0.067895
-0.06792
-0.067944
-0.067895
-0.067895
-0.06792
-0.06792
-0.06792
-0.067895
-0.067895
-0.06792
-0.067944
-0.067944
-0.06792
-0.067895
-0.06792
-0.067944
-0.067969
-0.06792
-0.067895
-0.06792
-0.067969
-0.067969
-0.06792
-0.067895
-0.06792
-0.067969
-0.067944
-0.06792
-0.067895
-0.067895
-0.06792
-0.067944
-0.067895
-0.06787
-0.067895
-0.067944
-0.067944
-0.067895
-0.067895
-0.067895
-0.06792
-0.06792
-0.067895
-0.06787
-0.067895
-0.06792
-0.067944
-0.067994
-0.068043
-0.068117
-0.068166
-0.068215
-0.068191
-0.068117
-0.067994
-0.067895
-0.067821
-0.067821
-0.067846
-0.06787
-0.06792
-0.06792
-0.06792
-0.067895
-0.06792
-0.067944
-0.067944
-0.067895
-0.06787
-0.067895
-0.06792
-0.06792
-0.06792
-0.06792
-0.067895
-0.06787
-0.067895
-0.06792
-0.06792
-0.067895
-0.06787
-0.067895
-0.067944
-0.067944
-0.06792
-0.06792
-0.067944
-0.067994
-0.067994
-0.067969
-0.067944
-0.067944
-0.067994
-0.068018
-0.067994
-0.067969
-0.067994
-0.068018
-0.068018
-0.067994
-0.067969
-0.067969
-0.067994
-0.067994
-0.067969
-0.067944
-0.067969
-0.067994
-0.068018
-0.067994
-0.067969
-0.067969
-0.067969
-0.067994
-0.068018
-0.068018
-0.067994
-0.067969
-0.067969
-0.067994
-0.067994
-0.067969
-0.06792
-0.06792
-0.067969
-0.067969
-0.067944
-0.06792
-0.06792
-0.067969
-0.067994
-0.067969
-0.067944
-0.067944
-0.067994
-0.067994
-0.067969
-0.067944
-0.067944
-0.067969
-0.067994
-0.067969
-0.06792
-0.067944
-0.067969
-0.067969
-0.067944
-0.067895
-0.06792
-0.067944
-0.067944
-0.06792
-0.067944
-0.06792
-0.067895
-0.067895
-0.067944
-0.067944
-0.06792
-0.06792
-0.06792
-0.067944
-0.067944
-0.06792
-0.06792
-0.06792
-0.067969
-0.067969
-0.067969
-0.06792
-0.067944
-0.067969
-0.067969
-0.067944
-0.06792
-0.067944
-0.067969
-0.067994
-0.067969
-0.06792
-0.06792
-0.067944
-0.067969
-0.06792
-0.067895
-0.06792
-0.067944
-0.067944
-0.06792
-0.067895
-0.06792
-0.067944
-0.06792
-0.067944
-0.067969
-0.067944
-0.06792
-0.06792
-0.067969
-0.067969
-0.067944
-0.06792
-0.06792
-0.067944
-0.067969
-0.067944
-0.06792
-0.06792
-0.067969
-0.067969
-0.067944
-0.06792
-0.067944
-0.067969
-0.067994
-0.067944
-0.06792
-0.06792
-0.067969
-0.067969
-0.067944
-0.06792
-0.067944
-0.067969
-0.067969
-0.067944
-0.06792
-0.06792
-0.067944
-0.067969
-0.067944
-0.067895
-0.067944
-0.06792
-0.06792
-0.067969
-0.067994
-0.067969
-0.067944
-0.067944
-0.067969
-0.067969
-0.067969
-0.067944
-0.06792
-0.067969
-0.067969
-0.067944
-0.06792
-0.067895
-0.067944
-0.067944
-0.06792
-0.067895
-0.06792
-0.067944
-0.067969
-0.067944
-0.06792
-0.06792
-0.067944
-0.067969
-0.067944
-0.06792
-0.067895
-0.067944
-0.067944
-0.067944
-0.067895
-0.067895
-0.06792
-0.067944
-0.067895
-0.067895
-0.067895
-0.067895
-0.067969
-0.068043
-0.068141
-0.068166
-0.068166
-0.068191
-0.068191
-0.068067
-0.067895
-0.067797
-0.067821
-0.067895
-0.067944
-0.067944
-0.06792
-0.067895
-0.067895
-0.06792
-0.06792
-0.06787
-0.06787
-0.06792
-0.06792
-0.067895
-0.06787
-0.06787
-0.067895
-0.067895
-0.067895
-0.067846
-0.067846
-0.067895
-0.06792
-0.067895
-0.06787
-0.06787
-0.067895
-0.067895
-0.06792
-0.067944
-0.067944
-0.067895
-0.067895
-0.067944
-0.067969
-0.067969
-0.06792
-0.067944
-0.067969
-0.067969
-0.067969
-0.067944
-0.067944
-0.067944
-0.067969
-0.067969
-0.06792
-0.06792
-0.067944
-0.067969
-0.067944
-0.06792
-0.06792
-0.067944
-0.067994
-0.067994
-0.067944
-0.067944
-0.067969
-0.067994
-0.067994
-0.067969
-0.067944
-0.067969
-0.067994
-0.067969
-0.067944
-0.067944
-0.067895
-0.06787
-0.067895
-0.06792
-0.067895
-0.06787
-0.06787
-0.067895
-0.06792
-0.06792
-0.06787
-0.06787
-0.067895
-0.06792
-0.06792
-0.067895
-0.067895
-0.06792
-0.067944
-0.06792
-0.06787
-0.06787
-0.067895
-0.06792
-0.06792
-0.067895
-0.06787
-0.067895
-0.06792
-0.067895
-0.06787
-0.06787
-0.067895
-0.06792
-0.06792
-0.067895
-0.06787
-0.06787
-0.067895
-0.06792
-0.067895
-0.06787
-0.06787
-0.06787
-0.067895
-0.067895
-0.06787
-0.067846
-0.06787
-0.067895
-0.06787
-0.067846
-0.067846
-0.06787
-0.06787
-0.06787
-0.067846
-0.067846
-0.06787
-0.067895
-0.067895
-0.067846
-0.067846
-0.06787
-0.067895
-0.06787
-0.067846
-0.067821
-0.067846
-0.06787
-0.06787
-0.067821
-0.067797
-0.067821
-0.067846
-0.067846
-0.067821
-0.067797
-0.067821
-0.067821
-0.067846
-0.06787
-0.06787
-0.067846
-0.067821
-0.06787
-0.067895
-0.067895
-0.067846
-0.067821
-0.067846
-0.067846
-0.067846
-0.067821
-0.067797
-0.067821
-0.067846
-0.067846
-0.067821
-0.067797
-0.067821
-0.067846
-0.067846
-0.067821
-0.067797
-0.067821
-0.067846
-0.067846
-0.067821
-0.067797
-0.067797
-0.067846
-0.067846
-0.067821
-0.067797
-0.067821
-0.06787
-0.06787
-0.067846
-0.067846
-0.067821
-0.067797
-0.067821
-0.067846
-0.067846
-0.067797
-0.067772
-0.067772
-0.067821
-0.067821
-0.067772
-0.067772
-0.067797
-0.067821
-0.067821
-0.067797
-0.067772
-0.067797
-0.067821
-0.067821
-0.067797
-0.067772
-0.067797
-0.067821
-0.067821
-0.067772
-0.067772
-0.067772
-0.067797
-0.067797
-0.067747
-0.067723
-0.067747
-0.067772
-0.067747
-0.067723
-0.067698
-0.067723
-0.06792
-0.067994
-0.068043
-0.068092
-0.068043
-0.067944
-0.067797
-0.067698
-0.067698
-0.067674
-0.067674
-0.067723
-0.067772
-0.067772
-0.067723
-0.067674
-0.067698
-0.067747
-0.067772
-0.067747
-0.067698
-0.067723
-0.067772
-0.067747
-0.067723
-0.067698
-0.067698
-0.067723
-0.067723
-0.067698
-0.067698
-0.067698
-0.067723
-0.067747
-0.067698
-0.067698
-0.067698
-0.067747
-0.067747
-0.067747
-0.067797
-0.067797
-0.067747
-0.067747
-0.067772
-0.067797
-0.067772
-0.067747
-0.067772
-0.067797
-0.067797
-0.067772
-0.067747
-0.067747
-0.067772
-0.067772
-0.067747
-0.067723
-0.067747
-0.067772
-0.067772
-0.067747
-0.067747
-0.067772
-0.067772
-0.067797
-0.067772
-0.067747
-0.067772
-0.067797
-0.067797
-0.067772
-0.067723
-0.067723
-0.067747
-0.067747
-0.067723
-0.067698
-0.067698
-0.067723
-0.067698
-0.067723
-0.067723
-0.067698
-0.067674
-0.067698
-0.067723
-0.067723
-0.067698
-0.067649
-0.067674
-0.067698
-0.067698
-0.067674
-0.067649
-0.067674
-0.067698
-0.067698
-0.067674
-0.067649
-0.067649
-0.067674
-0.067674
-0.067649
-0.067624
-0.067649
-0.067674
-0.067674
-0.067674
-0.067649
-0.067649
-0.067674
-0.067674
-0.067624
-0.0676
-0.067624
-0.067649
-0.067649
-0.067624
-0.0676
-0.067624
-0.0676
-0.0676
-0.067649
-0.067649
-0.067624
-0.0676
-0.067624
-0.067649
-0.067649
-0.067624
-0.0676
-0.0676
-0.067624
-0.067649
-0.067624
-0.067575
-0.067575
-0.067624
-0.067649
-0.067624
-0.067575
-0.067575
-0.067624
-0.067624
-0.067624
-0.0676
-0.0676
-0.067624
-0.067649
-0.067624
-0.0676
-0.0676
-0.067624
-0.067649
-0.067624
-0.0676
-0.0676
-0.067624
-0.067674
-0.067624
-0.067624
-0.0676
-0.067575
-0.067575
-0.0676
-0.0676
-0.0676
-0.06755
-0.067575
-0.0676
-0.067624
-0.0676
-0.067575
-0.067575
-0.0676
-0.067624
-0.0676
-0.067575
-0.06755
-0.067575
-0.0676
-0.0676
-0.067575
-0.067575
-0.0676
-0.0676
-0.0676
-0.067575
-0.06755
-0.0676
-0.0676
-0.067575
-0.06755
-0.06755
-0.0676
-0.0676
-0.067575
-0.06755
-0.06755
-0.067575
-0.067575
-0.067575
-0.0676
-0.0676
-0.06755
-0.06755
-0.067575
-0.0676
-0.067575
-0.06755
-0.067526
-0.06755
-0.067575
-0.06755
-0.067526
-0.067526
-0.067575
-0.0676
-0.067575
-0.067526
-0.067526
-0.067575
-0.0676
-0.06755
-0.067526
-0.067526
-0.067526
-0.06755
-0.06755
-0.067501
-0.067501
-0.067526
-0.067526
-0.067526
-0.067477
-0.067477
-0.067477
-0.067501
-0.067501
-0.067747
-0.067772
-0.067772
-0.067821
-0.067821
-0.067723
-0.06755
-0.067427
-0.067427
-0.067477
-0.06755
-0.06755
-0.067501
-0.067501
-0.067526
-0.06755
-0.06755
-0.067501
-0.067501
-0.067501
-0.06755
-0.067526
-0.067501
-0.067477
-0.067501
-0.067526
-0.067501
-0.067477
-0.067477
-0.067501
-0.067526
-0.067501
-0.067477
-0.067452
-0.067477
-0.067501
-0.067501
-0.067477
-0.067477
-0.067501
-0.067501
-0.067526
-0.067575
-0.06755
-0.067526
-0.067526
-0.06755
-0.067575
-0.06755
-0.067526
-0.067526
-0.06755
-0.06755
-0.06755
-0.067526
-0.067526
-0.067526
-0.06755
-0.06755
-0.067526
-0.067501
-0.06755
-0.067575
-0.067575
-0.06755
-0.067526
-0.06755
-0.067575
-0.067575
-0.067526
-0.067501
-0.06755
-0.067575
-0.067575
-0.067526
-0.067501
-0.067526
-0.067526
-0.067526
-0.067477
-0.067501
-0.067477
-0.067452
-0.067452
-0.067477
-0.067477
-0.067427
-0.067427
-0.067452
-0.067477
-0.067477
-0.067452
-0.067427
-0.067452
-0.067477
-0.067477
-0.067452
-0.067427
-0.067452
-0.067477
-0.067452
-0.067427
-0.067403
-0.067427
-0.067452
-0.067427
-0.067378
-0.067378
-0.067378
-0.067403
-0.067403
-0.067378
-0.067354
-0.067378
-0.067427
-0.067403
-0.067378
-0.067354
-0.067378
-0.067403
-0.067403
-0.067403
-0.067378
-0.067354
-0.067329
-0.067354
-0.067378
-0.067378
-0.067354
-0.067329
-0.067354
-0.067354
-0.067378
-0.067354
-0.067329
-0.067354
-0.067378
-0.067378
-0.067354
-0.067329
-0.067329
-0.067378
-0.067378
-0.067329
-0.067304
-0.067329
-0.067354
-0.067354
-0.067329
-0.067304
-0.067329
-0.067354
-0.067354
-0.067329
-0.067329
-0.067329
-0.067378
-0.067354
-0.067304
-0.06728
-0.067304
-0.06728
-0.067304
-0.067354
-0.067329
-0.06728
-0.06728
-0.067304
-0.067329
-0.067329
-0.067304
-0.06728
-0.067304
-0.067329
-0.067304
-0.06728
-0.067255
-0.06728
-0.067304
-0.067304
-0.06728
-0.067255
-0.067255
-0.06728
-0.06728
-0.06728
-0.067255
-0.067255
-0.06728
-0.06728
-0.067255
-0.06723
-0.06723
-0.067255
-0.06728
-0.067255
-0.06723
-0.06723
-0.06728
-0.067304
-0.06728
-0.067255
-0.06723
-0.06723
-0.067255
-0.067255
-0.067255
-0.06723
-0.06723
-0.067255
-0.067255
-0.06723
-0.067206
-0.067206
-0.06723
-0.06723
-0.067206
-0.067181
-0.067206
-0.06723
-0.06723
-0.067206
-0.067181
-0.067206
-0.06723
-0.06723
-0.067206
-0.067206
-0.067206
-0.067206
-0.06723
-0.067206
-0.067181
-0.067181
-0.067206
-0.06723
-0.067206
-0.067181
-0.067157
-0.067181
-0.067255
-0.067354
-0.067403
-0.067427
-0.067427
-0.067477
-0.067452
-0.067329
-0.067157
-0.067033
-0.067083
-0.067132
-0.067181
-0.067157
-0.067132
-0.067157
-0.067181
-0.067181
-0.067181
-0.067157
-0.067181
-0.067206
-0.067206
-0.067181
-0.067157
-0.067157
-0.067181
-0.067206
-0.067157
-0.067132
-0.067132
-0.067181
-0.067181
-0.067157
-0.067132
-0.067132
-0.067132
-0.067157
-0.067157
-0.067132
-0.067157
-0.067157
-0.067157
-0.067181
-0.067206
-0.067181
-0.067157
-0.067157
-0.067206
-0.067206
-0.067181
-0.067157
-0.067157
-0.067181
-0.067206
-0.067157
-0.067132
-0.067132
-0.067157
-0.067181
-0.067157
-0.067157
-0.067157
-0.067181
-0.067206
-0.067181
-0.067181
-0.067181
-0.06723
-0.06723
-0.067206
-0.067181
-0.067181
-0.067206
-0.06723
-0.067206
-0.067181
-0.067157
-0.067181
-0.067181
-0.067132
-0.067132
-0.067107
-0.067083
-0.067107
-0.067132
-0.067132
-0.067107
-0.067083
-0.067083
-0.067107
-0.067132
-0.067107
-0.067083
-0.067083
-0.067107
-0.067107
-0.067083
-0.067058
-0.067033
-0.067058
-0.067083
-0.067058
-0.067033
-0.067033
-0.067058
-0.067083
-0.067058
-0.067033
-0.067009
-0.067058
-0.067083
-0.067058
-0.067009
-0.067009
-0.067033
-0.067058
-0.067058
-0.067009
-0.067009
-0.067009
-0.067009
-0.067033
-0.067058
-0.067033
-0.067009
-0.066984
-0.067009
-0.067033
-0.067009
-0.066984
-0.066984
-0.067009
-0.067009
-0.067009
-0.06696
-0.06696
-0.066984
-0.067009
-0.066984
-0.06696
-0.06696
-0.066984
-0.066984
-0.066984
-0.06696
-0.06696
-0.06696
-0.066984
-0.066984
-0.066935
-0.066935
-0.06696
-0.06696
-0.066935
-0.06691
-0.06691
-0.06696
-0.066984
-0.06696
-0.06696
-0.06696
-0.066935
-0.066935
-0.066935
-0.06696
-0.06696
-0.066935
-0.066935
-0.06696
-0.06696
-0.06696
-0.06691
-0.06691
-0.066935
-0.066935
-0.066935
-0.06691
-0.066886
-0.066886
-0.06691
-0.06691
-0.066886
-0.066861
-0.066886
-0.06691
-0.06691
-0.066886
-0.066886
-0.06691
-0.066935
-0.06691
-0.066886
-0.066886
-0.06691
-0.066935
-0.06691
-0.066861
-0.066861
-0.066886
-0.066837
-0.066861
-0.06691
-0.066886
-0.066837
-0.066812
-0.066861
-0.066886
-0.066861
-0.066837
-0.066837
-0.066861
-0.066886
-0.066861
-0.066837
-0.066812
-0.066837
-0.066837
-0.066837
-0.066812
-0.066812
-0.066837
-0.066837
-0.066837
-0.066812
-0.066787
-0.066812
-0.066837
-0.066812
-0.066787
-0.066787
-0.066812
-0.066812
-0.066812
-0.066787
-0.066763
-0.066787
-0.066812
-0.066812
-0.066787
-0.066812
-0.066861
-0.06691
-0.066984
-0.067033
-0.067033
-0.067058
-0.066984
-0.066861
-0.066738
-0.066664
-0.066664
-0.066713
-0.066763
-0.066787
-0.066738
-0.066738
-0.066763
-0.066787
-0.066763
-0.066738
-0.066738
-0.066763
-0.066787
-0.066787
-0.066763
-0.066738
-0.066763
-0.066787
-0.066787
-0.066738
-0.066713
-0.066738
-0.066763
-0.066763
-0.066738
-0.066738
-0.066763
-0.066763
-0.066763
-0.066763
-0.066787
-0.066763
-0.066763
-0.066812
-0.066812
-0.066812
-0.066787
-0.066763
-0.066787
-0.066812
-0.066812
-0.066787
-0.066738
-0.066787
-0.066812
-0.066812
-0.066763
-0.066738
-0.066763
-0.066812
-0.066787
-0.066763
-0.066763
-0.066787
-0.066812
-0.066837
-0.066812
-0.066812
-0.066812
-0.066812
-0.066812
-0.066787
-0.066787
-0.066787
-0.066812
-0.066812
-0.066763
-0.066738
-0.066738
-0.066664
-0.066689
-0.066713
-0.066713
-0.066664
-0.066664
-0.066689
-0.066713
-0.066713
-0.066664
-0.06664
-0.066664
-0.066689
-0.066689
-0.066664
-0.06664
-0.06664
-0.066664
-0.066664
-0.06664
-0.066615
-0.066615
-0.06664
-0.06664
-0.066615
-0.06659
-0.066615
-0.06664
-0.06664
-0.066615
-0.06659
-0.066615
-0.06664
-0.06664
-0.06664
-0.066615
-0.06664
-0.066664
-0.066664
-0.066615
-0.066664
-0.06664
-0.066615
-0.06664
-0.066664
-0.066664
-0.066615
-0.06659
-0.066615
-0.06664
-0.06664
-0.066615
-0.06659
-0.066615
-0.06664
-0.066615
-0.06659
-0.066566
-0.06659
-0.066615
-0.06664
-0.06659
-0.066566
-0.06659
-0.066615
-0.066615
-0.06659
-0.06659
-0.06659
-0.066615
-0.066615
-0.06659
-0.066566
-0.066566
-0.06659
-0.06659
-0.066566
-0.066541
-0.066541
-0.066566
-0.066541
-0.066566
-0.06659
-0.066566
-0.066517
-0.066541
-0.066566
-0.06659
-0.066566
-0.066517
-0.066541
-0.066566
-0.066566
-0.066541
-0.066517
-0.066517
-0.066541
-0.066541
-0.066517
-0.066492
-0.066492
-0.066517
-0.066541
-0.066517
-0.066492
-0.066517
-0.066517
-0.066517
-0.066517
-0.066492
-0.066492
-0.066541
-0.066541
-0.066517
-0.066492
-0.066492
-0.066517
-0.066517
-0.066492
-0.066467
-0.066492
-0.066467
-0.066467
-0.066492
-0.066517
-0.066492
-0.066467
-0.066467
-0.066492
-0.066492
-0.066492
-0.066467
-0.066467
-0.066517
-0.066517
-0.066492
-0.066467
-0.066467
-0.066492
-0.066492
-0.066467
-0.066443
-0.066443
-0.066467
-0.066492
-0.066467
-0.066443
-0.066443
-0.066467
-0.066443
-0.066418
-0.066393
-0.066418
-0.066443
-0.066467
-0.066443
-0.066393
-0.066393
-0.066418
-0.066443
-0.066393
-0.066418
-0.066393
-0.066393
-0.066443
-0.066541
-0.066615
-0.066615
-0.06664
-0.066689
-0.066664
-0.066541
-0.066393
-0.06627
-0.06627
-0.066369
-0.066393
-0.066393
-0.066369
-0.066369
-0.066393
-0.066393
-0.066393
-0.066369
-0.066369
-0.066393
-0.066418
-0.066393
-0.066393
-0.066369
-0.066393
-0.066393
-0.066369
-0.066344
-0.06632
-0.066369
-0.066369
-0.066344
-0.06632
-0.06632
-0.06632
-0.06632
-0.066344
-0.066369
-0.066369
-0.066344
-0.066344
-0.066369
-0.066393
-0.066369
-0.066344
-0.066344
-0.066393
-0.066393
-0.066369
-0.066344
-0.066344
-0.066369
-0.066393
-0.066369
-0.06632
-0.066344
-0.066369
-0.066369
-0.066369
-0.066344
-0.066344
-0.066369
-0.066393
-0.066393
-0.066344
-0.066344
-0.066393
-0.066393
-0.066393
-0.066369
-0.066369
-0.066393
-0.066393
-0.066393
-0.066369
-0.066344
-0.066295
-0.066295
-0.06632
-0.06632
-0.066295
-0.06627
-0.06627
-0.066295
-0.06632
-0.066295
-0.06627
-0.06627
-0.06632
-0.06632
-0.066295
-0.06627
-0.06627
-0.06627
-0.066295
-0.06627
-0.066221
-0.066221
-0.066221
-0.066246
-0.066246
-0.066221
-0.066197
-0.066221
-0.066246
-0.066246
-0.066221
-0.066221
-0.066246
-0.06627
-0.066246
-0.066221
-0.066221
-0.066246
-0.066197
-0.066221
-0.066246
-0.066221
-0.066172
-0.066172
-0.066197
-0.066221
-0.066197
-0.066172
-0.066172
-0.066197
-0.066221
-0.066197
-0.066172
-0.066172
-0.066197
-0.066221
-0.066221
-0.066172
-0.066172
-0.066197
-0.066221
-0.066197
-0.066172
-0.066172
-0.066172
-0.066197
-0.066172
-0.066147
-0.066123
-0.066147
-0.066172
-0.066147
-0.066123
-0.066123
-0.066147
-0.066172
-0.066147
-0.066123
-0.066147
-0.066123
-0.066123
-0.066123
-0.066147
-0.066147
-0.066123
-0.066098
-0.066123
-0.066147
-0.066123
-0.066073
-0.066073
-0.066098
-0.066123
-0.066098
-0.066073
-0.066073
-0.066098
-0.066123
-0.066098
-0.066073
-0.066049
-0.066073
-0.066098
-0.066098
-0.066049
-0.066049
-0.066049
-0.066073
-0.066098
-0.066049
-0.066024
-0.066049
-0.066073
-0.066073
-0.066049
-0.066024
-0.066073
-0.066098
-0.066049
-0.066073
-0.066049
-0.066024
-0.066024
-0.066049
-0.066073
-0.066049
-0.066024
-0.066024
-0.066049
-0.066073
-0.066049
-0.066024
-0.066024
-0.066049
-0.066049
-0.066024
-0.066
-0.066
-0.066
-0.066049
-0.066024
-0.066024
-0.066
-0.066024
-0.066073
-0.066049
-0.066024
-0.066
-0.066
-0.066024
-0.066024
-0.066
-0.065975
-0.066
-0.066024
-0.066024
-0.066
-0.065975
-0.06595
-0.065926
-0.065926
-0.065975
-0.066
-0.066049
-0.066098
-0.066172
-0.066221
-0.066246
-0.066246
-0.066123
-0.066
-0.065901
-0.065852
-0.065852
-0.065876
-0.065926
-0.065975
-0.06595
-0.065926
-0.065926
-0.065926
-0.065975
-0.065975
-0.065926
-0.065926
-0.06595
-0.065975
-0.065975
-0.06595
-0.065901
-0.065926
-0.06595
-0.06595
-0.065901
-0.065876
-0.065901
-0.065926
-0.065926
-0.065926
-0.065926
-0.065901
-0.065901
-0.065901
-0.065926
-0.065926
-0.065901
-0.065901
-0.065901
-0.065926
-0.065926
-0.065901
-0.065901
-0.065901
-0.06595
-0.06595
-0.065926
-0.065876
-0.065901
-0.065926
-0.06595
-0.065926
-0.065901
-0.065926
-0.06595
-0.06595
-0.06595
-0.065926
-0.06595
-0.065975
-0.065975
-0.06595
-0.065926
-0.065926
-0.065975
-0.065975
-0.06595
-0.065901
-0.065926
-0.065852
-0.065876
-0.065901
-0.065901
-0.065852
-0.065827
-0.065852
-0.065876
-0.065876
-0.065852
-0.065827
-0.065852
-0.065876
-0.065876
-0.065852
-0.065827
-0.065852
-0.065876
-0.065876
-0.065852
-0.065827
-0.065827
-0.065852
-0.065852
-0.065827
-0.065827
-0.065803
-0.065827
-0.065852
-0.065803
-0.065803
-0.065803
-0.065827
-0.065827
-0.065803
-0.065778
-0.065778
-0.065803
-0.065827
-0.065803
-0.065827
-0.065778
-0.065753
-0.065778
-0.065778
-0.065803
-0.065753
-0.065729
-0.065753
-0.065778
-0.065778
-0.065753
-0.065729
-0.065753
-0.065778
-0.065778
-0.065753
-0.065729
-0.065753
-0.065778
-0.065778
-0.065753
-0.065753
-0.065753
-0.065778
-0.065803
-0.065753
-0.065729
-0.065753
-0.065778
-0.065778
-0.065753
-0.065729
-0.065729
-0.065753
-0.065778
-0.065753
-0.065729
-0.065729
-0.065753
-0.065729
-0.065753
-0.065753
-0.065729
-0.065704
-0.065704
-0.065729
-0.065753
-0.065704
-0.065704
-0.06568
-0.065704
-0.065729
-0.065704
-0.06568
-0.06568
-0.065704
-0.065704
-0.06568
-0.065655
-0.06568
-0.065704
-0.065704
-0.06568
-0.065655
-0.065655
-0.06568
-0.06568
-0.06568
-0.06563
-0.06563
-0.06568
-0.065704
-0.06568
-0.06563
-0.06563
-0.065655
-0.06568
-0.065655
-0.065606
-0.065606
-0.065581
-0.065581
-0.065606
-0.06563
-0.06563
-0.065606
-0.065581
-0.065606
-0.06563
-0.06563
-0.065581
-0.065606
-0.065606
-0.06563
-0.065606
-0.065581
-0.065581
-0.065606
-0.065606
-0.065606
-0.065556
-0.065556
-0.065606
-0.065606
-0.065581
-0.065556
-0.065581
-0.065606
-0.06563
-0.065606
-0.065581
-0.065581
-0.065606
-0.06563
-0.065606
-0.065581
-0.065556
-0.065581
-0.065581
-0.065532
-0.065532
-0.065507
-0.065507
-0.065532
-0.06563
-0.065704
-0.065753
-0.065753
-0.065778
-0.065827
-0.065729
-0.065581
-0.065433
-0.065409
-0.065458
-0.065507
-0.065507
-0.065483
-0.065507
-0.065532
-0.065556
-0.065532
-0.065483
-0.065483
-0.065532
-0.065556
-0.065532
-0.065507
-0.065483
-0.065532
-0.065532
-0.065532
-0.065507
-0.065483
-0.065507
-0.065532
-0.065507
-0.065458
-0.065483
-0.065483
-0.065483
-0.065507
-0.065532
-0.065532
-0.065507
-0.065507
-0.065532
-0.065532
-0.065556
-0.065507
-0.065507
-0.065532
-0.065532
-0.065532
-0.065507
-0.065507
-0.065532
-0.065532
-0.065532
-0.065507
-0.065507
-0.065532
-0.065556
-0.065556
-0.065532
-0.065507
-0.065532
-0.065556
-0.065556
-0.065532
-0.065532
-0.065532
-0.065556
-0.065556
-0.065507
-0.065507
-0.065532
-0.065556
-0.065532
-0.065483
-0.065458
-0.065433
-0.065458
-0.065458
-0.065433
-0.065433
-0.065409
-0.065433
-0.065458
-0.065433
-0.065409
-0.065409
-0.065433
-0.065458
-0.065433
-0.065409
-0.065384
-0.065409
-0.065433
-0.065433
-0.065409
-0.065384
-0.065409
-0.065409
-0.065409
-0.065384
-0.06536
-0.065384
-0.065409
-0.065384
-0.06536
-0.06536
-0.065384
-0.065409
-0.065384
-0.06536
-0.065335
-0.06536
-0.065384
-0.06536
-0.065384
-0.06536
-0.065335
-0.065335
-0.06536
-0.065384
-0.06536
-0.065335
-0.065335
-0.06536
-0.06536
-0.06536
-0.065335
-0.065335
-0.065335
-0.065335
-0.065335
-0.06531
-0.06531
-0.065335
-0.06536
-0.06536
-0.06531
-0.06531
-0.065335
-0.065335
-0.065335
-0.06531
-0.065286
-0.06531
-0.065335
-0.065335
-0.06531
-0.065261
-0.065286
-0.06531
-0.06531
-0.065286
-0.065261
-0.065286
-0.065286
-0.06531
-0.065335
-0.06531
-0.065286
-0.065286
-0.065286
-0.06531
-0.06531
-0.065261
-0.065261
-0.065286
-0.06531
-0.065286
-0.065261
-0.065261
-0.065286
-0.065286
-0.065261
-0.065236
-0.065236
-0.065261
-0.065286
-0.065286
-0.065236
-0.065236
-0.065236
-0.065261
-0.065261
-0.065236
-0.065212
-0.065236
-0.065236
-0.065236
-0.065236
-0.065212
-0.065236
-0.065236
-0.065236
-0.065236
-0.065236
-0.065212
-0.065187
-0.065187
-0.065212
-0.065236
-0.065187
-0.065187
-0.065212
-0.065236
-0.065212
-0.065187
-0.065163
-0.065163
-0.065212
-0.065212
-0.065187
-0.065138
-0.065163
-0.065187
-0.065212
-0.065187
-0.065163
-0.065163
-0.065187
-0.065187
-0.065163
-0.065138
-0.065163
-0.065187
-0.065187
-0.065138
-0.065138
-0.065163
-0.065187
-0.065187
-0.065138
-0.065113
-0.065113
