2018
7
9
15
40
50.973
-0.071735
-0.07176
-0.071834
-0.071834
-0.07176
-0.071735
-0.07176
-0.071809
-0.071809
-0.07176
-0.071711
-0.071735
-0.071809
-0.071809
-0.07176
-0.071711
-0.071735
-0.071809
-0.071834
-0.071785
-0.071735
-0.07176
-0.071809
-0.071834
-0.07176
-0.071711
-0.071735
-0.071809
-0.071809
-0.071735
-0.071686
-0.071711
-0.07176
-0.071785
-0.071735
-0.071686
-0.071711
-0.071785
-0.071809
-0.071735
-0.071785
-0.071735
-0.071686
-0.071711
-0.071785
-0.071809
-0.071735
-0.071686
-0.071711
-0.071785
-0.071785
-0.071735
-0.071686
-0.071711
-0.07176
-0.071785
-0.071735
-0.071686
-0.071711
-0.071785
-0.071809
-0.071735
-0.071686
-0.071711
-0.071785
-0.071809
-0.071735
-0.071686
-0.071711
-0.07176
-0.071785
-0.071711
-0.071662
-0.071662
-0.071735
-0.07176
-0.071711
-0.071662
-0.071662
-0.071735
-0.071686
-0.07176
-0.071785
-0.071711
-0.071662
-0.071686
-0.071735
-0.07176
-0.071711
-0.071662
-0.071686
-0.07176
-0.071785
-0.071735
-0.071662
-0.071686
-0.07176
-0.071785
-0.07176
-0.071686
-0.071686
-0.071711
-0.071711
-0.071637
-0.071514
-0.07144
-0.07144
-0.071465
-0.071465
-0.071465
-0.071489
-0.071563
-0.071588
-0.071588
-0.071563
-0.071588
-0.071637
-0.071686
-0.071637
-0.071588
-0.071662
-0.071588
-0.071612
-0.071662
-0.071686
-0.071637
-0.071588
-0.071588
-0.071637
-0.071662
-0.071637
-0.071563
-0.071588
-0.071662
-0.071686
-0.071637
-0.071588
-0.071588
-0.071662
-0.071686
-0.071637
-0.071563
-0.071563
-0.071637
-0.071662
-0.071612
-0.071539
-0.071539
-0.071612
-0.071637
-0.071588
-0.071514
-0.071539
-0.071588
-0.071637
-0.071588
-0.071514
-0.071514
-0.071563
-0.071588
-0.071539
-0.071563
-0.071514
-0.07144
-0.07144
-0.071514
-0.071539
-0.071489
-0.07144
-0.07144
-0.071489
-0.071514
-0.071489
-0.07144
-0.07144
-0.071514
-0.071563
-0.071539
-0.071465
-0.071465
-0.071539
-0.071563
-0.071539
-0.071465
-0.071465
-0.071539
-0.071563
-0.071514
-0.071465
-0.071465
-0.071514
-0.071563
-0.071514
-0.071465
-0.071465
-0.071514
-0.071563
-0.071514
-0.071465
-0.071465
-0.071489
-0.071489
-0.071539
-0.071588
-0.071539
-0.071489
-0.071465
-0.071539
-0.071588
-0.071563
-0.071489
-0.071489
-0.071539
-0.071588
-0.071539
-0.071489
-0.071465
-0.071514
-0.071563
-0.071539
-0.071465
-0.071465
-0.071539
-0.071563
-0.071539
-0.071465
-0.071465
-0.071514
-0.071563
-0.071539
-0.071465
-0.071465
-0.071514
-0.071563
-0.071539
-0.071465
-0.071465
-0.071514
-0.071563
-0.071539
-0.071563
-0.071514
-0.071465
-0.07144
-0.071489
-0.071514
-0.071489
-0.071415
-0.071415
-0.071465
-0.071514
-0.071489
-0.071415
-0.071415
-0.071465
-0.071514
-0.071514
-0.07144
-0.071415
-0.071465
-0.071514
-0.071489
-0.071415
-0.071391
-0.071465
-0.071514
-0.071465
-0.071415
-0.071391
-0.07144
-0.071514
-0.071489
-0.071415
-0.071391
-0.07144
-0.071514
-0.071489
-0.07144
-0.071415
-0.071465
-0.071391
-0.07144
-0.071489
-0.071465
-0.071391
-0.071366
-0.071415
-0.071489
-0.071465
-0.071391
-0.071366
-0.07144
-0.071489
-0.071465
-0.071391
-0.071366
-0.071415
-0.071465
-0.07144
-0.071366
-0.071342
-0.071391
-0.071415
-0.071391
-0.071317
-0.071292
-0.071342
-0.071415
-0.071391
-0.071342
-0.071317
-0.071366
-0.07144
-0.071415
-0.071366
-0.071317
-0.071366
-0.071415
-0.071391
-0.071342
-0.071415
-0.071342
-0.071342
-0.071391
-0.07144
-0.07144
-0.071391
-0.071366
-0.071391
-0.07144
-0.071391
-0.071292
-0.071243
-0.071194
-0.071194
-0.071145
-0.071095
-0.07112
-0.071218
-0.071292
-0.071268
-0.071218
-0.071218
-0.071292
-0.071366
-0.071366
-0.071292
-0.071268
-0.071317
-0.071366
-0.071366
-0.071317
-0.071268
-0.071317
-0.071366
-0.071366
-0.071292
-0.071292
-0.071342
-0.071391
-0.071391
-0.071391
-0.071342
-0.071292
-0.071342
-0.071391
-0.071391
-0.071317
-0.071268
-0.071317
-0.071366
-0.071342
-0.071268
-0.071243
-0.071268
-0.071342
-0.071342
-0.071268
-0.071243
-0.071292
-0.071342
-0.071366
-0.071292
-0.071243
-0.071292
-0.071342
-0.071342
-0.071268
-0.071218
-0.071243
-0.071292
-0.071292
-0.071243
-0.071194
-0.071218
-0.071292
-0.071268
-0.071194
-0.071169
-0.071194
-0.071169
-0.071218
-0.071268
-0.071268
-0.071218
-0.071194
-0.071243
-0.071292
-0.071292
-0.071218
-0.071194
-0.071218
-0.071268
-0.071292
-0.071218
-0.071194
-0.071218
-0.071292
-0.071292
-0.071218
-0.071169
-0.071194
-0.071268
-0.071268
-0.071218
-0.071169
-0.071194
-0.071268
-0.071268
-0.071243
-0.071194
-0.071218
-0.071268
-0.071268
-0.071218
-0.071169
-0.071194
-0.071268
-0.071268
-0.071218
-0.071268
-0.071194
-0.071169
-0.071194
-0.071243
-0.071243
-0.071194
-0.071145
-0.071194
-0.071243
-0.071243
-0.071169
-0.071145
-0.071169
-0.071218
-0.071218
-0.071169
-0.07112
-0.071145
-0.071218
-0.071218
-0.071169
-0.07112
-0.071145
-0.071194
-0.071218
-0.071169
-0.07112
-0.071145
-0.071218
-0.071218
-0.071169
-0.07112
-0.071145
-0.071218
-0.071218
-0.071169
-0.07112
-0.071145
-0.071218
-0.071145
-0.071218
-0.071218
-0.071169
-0.07112
-0.071145
-0.071194
-0.071218
-0.071169
-0.07112
-0.071145
-0.071194
-0.071218
-0.071169
-0.07112
-0.071145
-0.071218
-0.071218
-0.071169
-0.07112
-0.071145
-0.071194
-0.071218
-0.071169
-0.07112
-0.071145
-0.071194
-0.071218
-0.071169
-0.071095
-0.071145
-0.071194
-0.071218
-0.071169
-0.07112
-0.07112
-0.071194
-0.071218
-0.071169
-0.07112
-0.071145
-0.071194
-0.071218
-0.071145
-0.071095
-0.07112
-0.071169
-0.071194
-0.071145
-0.071071
-0.071095
-0.071169
-0.071169
-0.07112
-0.071071
-0.071095
-0.071169
-0.071194
-0.071145
-0.071095
-0.071095
-0.071169
-0.071194
-0.07112
-0.071071
-0.071095
-0.071169
-0.071169
-0.07112
-0.071071
-0.071095
-0.071145
-0.071194
-0.071145
-0.07112
-0.07112
-0.071169
-0.071169
-0.071095
-0.071022
-0.070849
-0.070849
-0.070923
-0.070997
-0.071046
-0.070997
-0.070972
-0.070997
-0.071071
-0.07112
-0.071095
-0.071046
-0.071046
-0.07112
-0.071145
-0.071095
-0.071046
-0.071022
-0.071095
-0.07112
-0.071071
-0.071022
-0.071046
-0.071095
-0.07112
-0.071071
-0.071022
-0.071046
-0.071095
-0.071145
-0.071071
-0.071022
-0.071022
-0.071071
-0.071095
-0.071046
-0.070997
-0.070997
-0.071071
-0.071095
-0.071046
-0.071071
-0.071046
-0.070972
-0.070997
-0.071046
-0.071071
-0.071022
-0.070972
-0.070972
-0.071046
-0.071071
-0.071022
-0.070948
-0.070948
-0.071022
-0.071046
-0.070997
-0.070923
-0.070923
-0.070972
-0.071022
-0.070972
-0.070898
-0.070898
-0.070948
-0.070972
-0.070948
-0.070898
-0.070898
-0.070972
-0.071022
-0.070997
-0.070948
-0.070948
-0.071022
-0.071071
-0.071046
-0.070972
-0.070972
-0.070972
-0.070997
-0.071046
-0.071071
-0.071046
-0.070997
-0.070997
-0.071046
-0.071095
-0.071046
-0.070972
-0.070972
-0.071046
-0.071071
-0.071046
-0.070972
-0.070972
-0.071022
-0.071071
-0.071022
-0.070972
-0.070948
-0.071022
-0.071046
-0.071022
-0.070972
-0.070972
-0.071022
-0.071046
-0.071022
-0.070948
-0.070948
-0.071022
-0.071046
-0.071022
-0.070948
-0.070948
-0.070997
-0.071046
-0.070997
-0.071022
-0.070948
-0.070948
-0.070997
-0.071022
-0.070997
-0.070923
-0.070923
-0.070972
-0.071022
-0.070997
-0.070948
-0.070923
-0.070972
-0.071022
-0.070972
-0.070923
-0.070898
-0.070948
-0.070997
-0.070948
-0.070898
-0.070898
-0.070948
-0.070997
-0.070972
-0.070898
-0.070898
-0.070948
-0.070997
-0.070948
-0.070898
-0.070874
-0.070923
-0.070972
-0.070948
-0.070898
-0.070898
-0.070948
-0.070972
-0.070948
-0.070997
-0.070972
-0.070898
-0.070874
-0.070923
-0.070972
-0.070948
-0.070898
-0.070874
-0.070923
-0.070972
-0.070948
-0.070874
-0.070849
-0.070898
-0.070948
-0.070923
-0.070874
-0.070874
-0.070923
-0.070948
-0.070948
-0.070874
-0.070874
-0.070923
-0.070972
-0.070948
-0.070874
-0.070849
-0.070898
-0.070948
-0.070923
-0.070849
-0.070825
-0.070874
-0.070898
-0.070898
-0.070825
-0.070825
-0.070849
-0.070825
-0.070874
-0.070923
-0.070923
-0.070849
-0.070825
-0.070874
-0.070923
-0.070923
-0.070849
-0.070825
-0.070874
-0.070923
-0.070923
-0.070849
-0.070825
-0.070898
-0.070948
-0.070923
-0.070849
-0.070849
-0.070923
-0.070972
-0.070948
-0.070898
-0.070849
-0.070874
-0.070874
-0.0708
-0.070677
-0.070603
-0.070628
-0.070726
-0.070751
-0.070726
-0.070726
-0.070775
-0.070849
-0.070849
-0.070898
-0.070898
-0.070849
-0.070825
-0.070874
-0.070923
-0.070898
-0.070825
-0.0708
-0.070849
-0.070898
-0.070898
-0.070825
-0.0708
-0.070849
-0.070898
-0.070898
-0.070825
-0.0708
-0.070849
-0.070898
-0.070898
-0.070849
-0.0708
-0.070849
-0.070874
-0.070874
-0.0708
-0.070751
-0.070775
-0.070825
-0.070825
-0.070751
-0.070751
-0.0708
-0.070849
-0.070849
-0.0708
-0.070751
-0.0708
-0.070751
-0.070775
-0.070825
-0.070825
-0.070751
-0.070726
-0.070775
-0.070825
-0.0708
-0.070751
-0.070677
-0.070702
-0.070775
-0.070751
-0.070677
-0.070652
-0.070677
-0.070726
-0.070726
-0.070677
-0.070652
-0.070702
-0.070751
-0.070751
-0.070702
-0.070677
-0.070751
-0.0708
-0.0708
-0.070751
-0.070702
-0.070726
-0.070775
-0.070775
-0.070702
-0.070677
-0.070702
-0.070775
-0.070775
-0.070702
-0.070775
-0.070702
-0.070652
-0.070702
-0.070775
-0.070775
-0.070702
-0.070652
-0.070702
-0.070775
-0.070775
-0.070726
-0.070677
-0.070702
-0.070775
-0.070775
-0.070702
-0.070652
-0.070702
-0.070751
-0.070775
-0.070726
-0.070677
-0.070726
-0.070775
-0.070775
-0.070702
-0.070652
-0.070677
-0.070751
-0.070751
-0.070702
-0.070652
-0.070677
-0.070726
-0.070726
-0.070677
-0.070603
-0.070652
-0.070726
-0.070628
-0.070677
-0.070702
-0.070628
-0.070603
-0.070628
-0.070702
-0.070726
-0.070677
-0.070628
-0.070652
-0.070726
-0.070726
-0.070652
-0.070628
-0.070652
-0.070726
-0.070726
-0.070652
-0.070603
-0.070652
-0.070726
-0.070726
-0.070652
-0.070603
-0.070628
-0.070677
-0.070677
-0.070628
-0.070578
-0.070603
-0.070677
-0.070702
-0.070652
-0.070603
-0.070628
-0.070677
-0.070677
-0.070603
-0.070578
-0.070603
-0.070554
-0.070578
-0.070677
-0.070702
-0.070677
-0.070603
-0.070628
-0.070677
-0.070677
-0.070652
-0.070603
-0.070628
-0.070677
-0.070702
-0.070652
-0.070578
-0.070603
-0.070677
-0.070702
-0.070652
-0.070603
-0.070603
-0.070677
-0.070677
-0.070603
-0.070554
-0.070578
-0.070652
-0.070702
-0.070652
-0.070603
-0.070603
-0.070677
-0.070702
-0.070677
-0.070628
-0.070652
-0.070702
-0.070702
-0.070652
-0.070652
-0.070603
-0.070554
-0.070578
-0.070652
-0.070702
-0.070652
-0.070603
-0.070603
-0.070677
-0.070677
-0.070628
-0.070578
-0.070603
-0.070677
-0.070726
-0.070677
-0.070603
-0.070603
-0.070628
-0.070628
-0.070529
-0.070406
-0.070332
-0.070381
-0.070431
-0.070431
-0.070431
-0.070455
-0.070529
-0.070578
-0.070554
-0.070505
-0.070529
-0.070603
-0.070628
-0.070603
-0.070554
-0.070554
-0.070529
-0.070603
-0.070603
-0.070554
-0.070505
-0.070505
-0.070578
-0.070603
-0.070554
-0.070505
-0.070529
-0.070578
-0.070603
-0.070554
-0.070505
-0.070505
-0.070554
-0.070578
-0.070529
-0.07048
-0.07048
-0.070529
-0.070554
-0.070529
-0.070455
-0.07048
-0.070554
-0.070578
-0.070554
-0.07048
-0.070505
-0.070554
-0.070578
-0.070554
-0.07048
-0.070505
-0.070554
-0.070578
-0.070529
-0.070455
-0.07048
-0.070431
-0.070431
-0.07048
-0.070505
-0.07048
-0.070406
-0.070406
-0.07048
-0.070505
-0.07048
-0.070406
-0.070431
-0.07048
-0.070529
-0.070505
-0.070455
-0.070455
-0.070529
-0.070554
-0.070505
-0.070455
-0.070431
-0.070505
-0.070529
-0.070505
-0.070455
-0.070455
-0.070529
-0.070554
-0.070529
-0.070455
-0.070455
-0.070505
-0.070554
-0.070505
-0.070455
-0.070455
-0.070505
-0.070529
-0.07048
-0.070529
-0.070505
-0.070431
-0.070455
-0.070505
-0.070554
-0.070505
-0.070455
-0.070431
-0.070505
-0.070529
-0.070505
-0.070455
-0.070431
-0.07048
-0.070529
-0.070505
-0.070431
-0.070431
-0.07048
-0.070505
-0.07048
-0.070406
-0.070406
-0.070455
-0.070505
-0.070455
-0.070406
-0.070406
-0.070455
-0.07048
-0.070455
-0.070406
-0.070381
-0.070455
-0.070505
-0.07048
-0.070406
-0.070381
-0.070381
-0.070381
-0.070431
-0.070455
-0.070431
-0.070381
-0.070357
-0.070431
-0.070455
-0.070431
-0.070357
-0.070357
-0.070406
-0.070455
-0.070431
-0.070381
-0.070357
-0.070406
-0.070455
-0.070431
-0.070357
-0.070357
-0.070406
-0.070455
-0.070431
-0.070357
-0.070357
-0.070406
-0.070431
-0.070406
-0.070357
-0.070357
-0.070406
-0.070431
-0.070406
-0.070357
-0.070332
-0.070381
-0.070431
-0.070406
-0.070431
-0.070406
-0.070332
-0.070332
-0.070381
-0.070431
-0.070381
-0.070332
-0.070308
-0.070357
-0.070406
-0.070381
-0.070308
-0.070283
-0.070332
-0.070381
-0.070357
-0.070308
-0.070308
-0.070357
-0.070381
-0.070357
-0.070283
-0.070258
-0.070308
-0.070357
-0.070332
-0.070283
-0.070258
-0.070308
-0.070357
-0.070357
-0.070308
-0.070258
-0.070308
-0.070357
-0.070332
-0.070283
-0.070258
-0.070308
-0.070234
-0.070283
-0.070332
-0.070308
-0.070258
-0.070234
-0.070283
-0.070357
-0.070357
-0.070308
-0.070283
-0.070332
-0.070357
-0.070308
-0.070209
-0.070135
-0.070111
-0.070086
-0.070037
-0.069988
-0.070012
-0.070111
-0.07016
-0.07016
-0.070135
-0.070135
-0.070209
-0.070283
-0.070283
-0.070234
-0.070209
-0.070258
-0.070308
-0.070283
-0.070234
-0.070185
-0.070234
-0.070283
-0.070258
-0.070209
-0.070283
-0.070234
-0.070209
-0.070234
-0.070283
-0.070283
-0.070209
-0.070185
-0.070209
-0.070258
-0.070258
-0.070185
-0.07016
-0.070185
-0.070258
-0.070234
-0.070185
-0.07016
-0.070185
-0.070234
-0.070234
-0.07016
-0.070111
-0.07016
-0.070209
-0.070209
-0.07016
-0.070111
-0.07016
-0.070209
-0.070209
-0.07016
-0.070111
-0.070135
-0.070185
-0.07016
-0.070086
-0.070037
-0.070086
-0.070135
-0.070037
-0.070111
-0.070111
-0.070061
-0.070037
-0.070061
-0.070135
-0.070135
-0.070061
-0.070037
-0.070086
-0.07016
-0.07016
-0.070086
-0.070061
-0.070111
-0.070135
-0.07016
-0.070086
-0.070061
-0.070111
-0.07016
-0.07016
-0.070086
-0.070061
-0.070086
-0.070135
-0.070135
-0.070086
-0.070037
-0.070086
-0.070135
-0.070135
-0.070061
-0.070037
-0.070061
-0.070111
-0.070111
-0.070061
-0.070012
-0.070086
-0.070061
-0.070086
-0.070135
-0.070135
-0.070061
-0.070012
-0.070037
-0.070086
-0.070086
-0.070037
-0.069988
-0.070037
-0.070111
-0.070111
-0.070037
-0.070012
-0.070037
-0.070086
-0.070086
-0.070037
-0.070012
-0.070012
-0.070061
-0.070086
-0.070037
-0.069988
-0.070012
-0.070061
-0.070061
-0.070012
-0.069963
-0.069988
-0.070061
-0.070061
-0.070012
-0.069963
-0.069988
-0.070037
-0.070037
-0.070012
-0.070037
-0.069988
-0.069938
-0.069988
-0.070037
-0.070061
-0.070012
-0.069963
-0.069988
-0.070037
-0.070037
-0.069988
-0.069938
-0.069963
-0.070012
-0.070037
-0.069963
-0.069938
-0.069938
-0.070012
-0.070012
-0.069963
-0.069889
-0.069914
-0.069988
-0.070012
-0.069963
-0.069938
-0.069963
-0.070012
-0.070012
-0.069963
-0.069914
-0.069938
-0.069988
-0.069988
-0.069938
-0.069889
-0.069889
-0.069865
-0.069889
-0.069938
-0.069963
-0.069914
-0.069889
-0.069914
-0.069963
-0.069963
-0.069914
-0.069865
-0.069889
-0.069938
-0.069963
-0.069914
-0.069865
-0.069889
-0.069938
-0.069938
-0.069865
-0.069815
-0.06984
-0.069914
-0.069938
-0.069889
-0.069815
-0.06984
-0.069889
-0.069914
-0.06984
-0.069791
-0.069815
-0.069865
-0.069889
-0.06984
-0.069791
-0.069815
-0.069889
-0.069889
-0.06984
-0.069889
-0.06984
-0.069791
-0.069815
-0.069865
-0.069914
-0.069865
-0.069815
-0.069815
-0.069865
-0.069865
-0.069766
-0.069668
-0.069594
-0.069594
-0.069594
-0.069569
-0.069569
-0.069618
-0.069692
-0.069717
-0.069717
-0.069692
-0.069717
-0.069766
-0.069815
-0.069766
-0.069717
-0.069717
-0.069791
-0.069815
-0.069791
-0.069717
-0.069741
-0.069791
-0.069791
-0.069741
-0.069692
-0.069717
-0.069766
-0.069717
-0.069791
-0.069815
-0.069791
-0.069717
-0.069741
-0.069791
-0.069791
-0.069741
-0.069692
-0.069692
-0.069741
-0.069766
-0.069717
-0.069668
-0.069668
-0.069741
-0.069766
-0.069717
-0.069668
-0.069668
-0.069717
-0.069741
-0.069692
-0.069643
-0.069643
-0.069692
-0.069717
-0.069692
-0.069618
-0.069618
-0.069668
-0.069692
-0.069643
-0.069594
-0.069594
-0.069643
-0.069668
-0.069618
-0.069544
-0.069618
-0.069569
-0.069569
-0.069618
-0.069668
-0.069643
-0.069594
-0.069594
-0.069643
-0.069668
-0.069643
-0.069594
-0.069618
-0.069668
-0.069692
-0.069668
-0.069618
-0.069618
-0.069668
-0.069692
-0.069668
-0.069618
-0.069618
-0.069668
-0.069692
-0.069643
-0.069594
-0.069594
-0.069643
-0.069668
-0.069643
-0.069594
-0.069569
-0.069618
-0.069668
-0.069618
-0.069569
-0.069569
-0.069643
-0.069692
-0.069643
-0.069668
-0.069618
-0.069569
-0.069544
-0.069618
-0.069643
-0.069618
-0.069569
-0.069544
-0.069618
-0.069643
-0.069618
-0.069569
-0.069544
-0.069594
-0.069643
-0.069594
-0.06952
-0.06952
-0.069569
-0.069618
-0.069569
-0.06952
-0.069495
-0.069544
-0.069569
-0.069544
-0.069495
-0.069495
-0.069544
-0.069594
-0.069569
-0.069495
-0.069495
-0.069544
-0.069569
-0.069544
-0.069471
-0.069471
-0.069471
-0.069471
-0.06952
-0.069569
-0.069544
-0.069471
-0.069471
-0.06952
-0.069569
-0.06952
-0.069471
-0.069446
-0.069495
-0.06952
-0.069495
-0.069446
-0.069421
-0.069495
-0.06952
-0.069495
-0.069446
-0.069421
-0.069471
-0.06952
-0.069495
-0.069421
-0.069421
-0.069471
-0.06952
-0.069495
-0.069421
-0.069421
-0.069471
-0.06952
-0.069471
-0.069421
-0.069397
-0.069446
-0.069495
-0.069471
-0.069471
-0.069446
-0.069397
-0.069372
-0.069421
-0.069446
-0.069446
-0.069372
-0.069348
-0.069397
-0.069446
-0.069421
-0.069348
-0.069323
-0.069397
-0.069446
-0.069421
-0.069372
-0.069348
-0.069397
-0.069421
-0.069421
-0.069348
-0.069348
-0.069397
-0.069446
-0.069421
-0.069348
-0.069323
-0.069372
-0.069397
-0.069372
-0.069323
-0.069298
-0.069348
-0.069397
-0.069372
-0.069323
-0.069298
-0.069348
-0.069348
-0.069397
-0.069446
-0.069421
-0.069348
-0.069298
-0.069298
-0.069298
-0.0692
-0.069077
-0.069028
-0.069101
-0.069224
-0.069249
-0.069175
-0.069175
-0.069249
-0.069323
-0.069323
-0.069298
-0.069274
-0.069323
-0.069372
-0.069348
-0.069298
-0.069274
-0.069298
-0.069348
-0.069323
-0.069274
-0.069249
-0.069274
-0.069323
-0.069323
-0.069249
-0.069224
-0.069249
-0.069298
-0.069298
-0.069249
-0.069274
-0.069224
-0.0692
-0.069224
-0.069274
-0.069274
-0.0692
-0.0692
-0.069224
-0.069274
-0.069249
-0.0692
-0.069151
-0.0692
-0.069249
-0.069249
-0.069175
-0.069151
-0.0692
-0.069249
-0.069249
-0.0692
-0.069151
-0.0692
-0.069249
-0.069224
-0.069151
-0.069101
-0.069126
-0.069175
-0.069175
-0.069101
-0.069052
-0.069077
-0.069126
-0.069126
-0.069052
-0.069028
-0.069077
-0.069151
-0.069101
-0.069175
-0.069175
-0.069126
-0.069101
-0.069126
-0.069175
-0.069175
-0.069126
-0.069077
-0.069101
-0.069151
-0.069175
-0.069101
-0.069077
-0.069101
-0.069151
-0.069175
-0.069101
-0.069077
-0.069101
-0.069151
-0.069151
-0.069101
-0.069052
-0.069101
-0.069151
-0.069151
-0.069101
-0.069052
-0.069101
-0.069151
-0.069151
-0.069077
-0.069052
-0.069077
-0.069151
-0.069151
-0.069077
-0.069052
-0.069077
-0.069052
-0.069077
-0.069126
-0.069126
-0.069077
-0.069028
-0.069052
-0.069101
-0.069126
-0.069077
-0.069028
-0.069077
-0.069126
-0.069126
-0.069077
-0.069028
-0.069052
-0.069101
-0.069101
-0.069028
-0.068978
-0.069003
-0.069077
-0.069077
-0.069028
-0.068978
-0.069003
-0.069052
-0.069052
-0.069003
-0.068978
-0.069003
-0.069052
-0.069052
-0.069003
-0.068954
-0.068978
-0.069052
-0.069052
-0.069028
-0.069028
-0.068978
-0.068929
-0.068954
-0.069028
-0.069028
-0.068978
-0.068954
-0.068954
-0.069003
-0.069028
-0.068978
-0.068954
-0.068978
-0.069028
-0.069052
-0.068978
-0.068929
-0.068929
-0.068978
-0.069003
-0.068954
-0.068904
-0.068929
-0.069003
-0.069003
-0.068954
-0.068904
-0.068929
-0.069003
-0.069003
-0.068954
-0.068904
-0.068929
-0.069003
-0.069003
-0.068954
-0.068904
-0.068904
-0.068855
-0.06888
-0.068954
-0.068954
-0.068904
-0.068855
-0.06888
-0.068929
-0.068954
-0.068904
-0.068855
-0.06888
-0.068929
-0.068954
-0.068904
-0.068855
-0.06888
-0.068929
-0.068929
-0.06888
-0.068831
-0.068831
-0.06888
-0.068904
-0.068855
-0.068806
-0.068831
-0.068904
-0.068929
-0.06888
-0.068831
-0.068855
-0.068904
-0.068929
-0.06888
-0.068831
-0.068831
-0.06888
-0.068904
-0.068855
-0.068855
-0.068781
-0.068757
-0.068781
-0.068707
-0.068609
-0.068535
-0.06856
-0.068683
-0.068732
-0.068683
-0.068634
-0.068683
-0.068757
-0.068806
-0.068781
-0.068732
-0.068757
-0.068806
-0.068831
-0.068806
-0.068757
-0.068757
-0.068806
-0.068831
-0.068781
-0.068732
-0.068732
-0.068781
-0.068806
-0.068781
-0.068707
-0.068707
-0.068781
-0.068806
-0.068757
-0.068707
-0.068732
-0.068781
-0.068806
-0.068757
-0.068732
-0.068658
-0.068683
-0.068732
-0.068757
-0.068707
-0.068658
-0.068658
-0.068732
-0.068757
-0.068707
-0.068658
-0.068658
-0.068707
-0.068732
-0.068683
-0.068634
-0.068634
-0.068683
-0.068707
-0.068658
-0.068609
-0.068609
-0.068634
-0.068658
-0.068634
-0.068584
-0.06856
-0.068634
-0.068658
-0.068609
-0.068535
-0.068535
-0.068609
-0.068634
-0.068609
-0.06856
-0.068584
-0.068634
-0.068609
-0.068658
-0.068683
-0.068634
-0.068584
-0.068584
-0.068634
-0.068658
-0.068634
-0.068584
-0.068584
-0.068634
-0.068658
-0.068609
-0.06856
-0.06856
-0.068609
-0.068634
-0.068609
-0.06856
-0.06856
-0.068609
-0.068634
-0.068584
-0.068535
-0.068511
-0.06856
-0.068609
-0.06856
-0.068511
-0.068511
-0.068584
-0.068609
-0.068584
-0.068535
-0.068535
-0.068584
-0.068609
-0.068584
-0.068511
-0.06856
-0.068511
-0.068511
-0.06856
-0.068584
-0.06856
-0.068511
-0.068511
-0.06856
-0.068609
-0.068584
-0.068511
-0.068486
-0.068535
-0.068584
-0.068535
-0.068461
-0.068461
-0.068511
-0.06856
-0.068535
-0.068461
-0.068461
-0.068535
-0.06856
-0.068535
-0.068461
-0.068461
-0.068511
-0.068535
-0.068511
-0.068437
-0.068437
-0.068486
-0.068535
-0.068511
-0.068437
-0.068437
-0.068486
-0.068511
-0.068486
-0.068535
-0.068486
-0.068437
-0.068437
-0.068486
-0.068535
-0.068486
-0.068437
-0.068412
-0.068437
-0.068486
-0.068461
-0.068412
-0.068387
-0.068437
-0.068486
-0.068461
-0.068387
-0.068387
-0.068437
-0.068461
-0.068437
-0.068387
-0.068363
-0.068412
-0.068461
-0.068437
-0.068387
-0.068363
-0.068387
-0.068437
-0.068412
-0.068363
-0.068363
-0.068412
-0.068461
-0.068437
-0.068363
-0.068338
-0.068338
-0.068338
-0.068387
-0.068437
-0.068412
-0.068338
-0.068314
-0.068363
-0.068387
-0.068387
-0.068314
-0.068314
-0.068363
-0.068412
-0.068387
-0.068338
-0.068314
-0.068363
-0.068412
-0.068387
-0.068314
-0.068289
-0.068338
-0.068387
-0.068363
-0.068289
-0.068289
-0.068314
-0.068363
-0.068363
-0.068289
-0.068264
-0.068314
-0.068387
-0.068387
-0.068338
-0.068314
-0.068338
-0.068387
-0.068338
-0.068141
-0.068067
-0.068018
-0.068018
-0.068117
-0.068191
-0.068166
-0.068117
-0.068117
-0.068191
-0.068264
-0.068264
-0.068215
-0.068191
-0.06824
-0.068289
-0.068289
-0.068215
-0.068191
-0.06824
-0.068264
-0.068264
-0.068191
-0.068166
-0.068191
-0.06824
-0.068215
-0.068166
-0.068141
-0.068191
-0.06824
-0.06824
-0.068191
-0.068141
-0.068191
-0.06824
-0.068215
-0.068166
-0.068141
-0.068166
-0.068117
-0.068141
-0.068191
-0.068191
-0.068117
-0.068092
-0.068141
-0.068166
-0.068191
-0.068141
-0.068092
-0.068117
-0.068166
-0.068141
-0.068092
-0.068043
-0.068092
-0.068141
-0.068117
-0.068043
-0.068018
-0.068043
-0.068092
-0.068092
-0.068018
-0.067994
-0.068018
-0.068067
-0.068067
-0.068018
-0.067994
-0.068043
-0.068092
-0.068092
-0.068043
-0.067994
-0.068043
-0.068092
-0.068092
-0.068043
-0.068141
-0.068092
-0.068043
-0.068067
-0.068117
-0.068092
-0.068043
-0.068018
-0.068018
-0.068092
-0.068067
-0.068018
-0.067969
-0.068018
-0.068067
-0.068067
-0.067994
-0.067969
-0.067994
-0.068043
-0.068067
-0.068018
-0.067994
-0.068018
-0.068043
-0.068043
-0.067994
-0.067944
-0.067969
-0.068018
-0.068018
-0.067994
-0.067969
-0.067994
-0.068043
-0.068018
-0.067944
-0.06792
-0.067944
-0.068018
-0.067969
-0.068018
-0.068018
-0.067969
-0.06792
-0.067944
-0.067994
-0.067994
-0.06792
-0.06787
-0.06792
-0.067969
-0.067969
-0.067895
-0.06787
-0.067895
-0.067944
-0.067969
-0.06792
-0.067895
-0.06792
-0.067969
-0.067969
-0.06792
-0.06787
-0.067895
-0.067944
-0.067944
-0.067895
-0.067846
-0.06787
-0.06792
-0.067944
-0.067895
-0.067846
-0.06787
-0.06792
-0.067944
-0.067895
-0.067846
-0.067821
-0.067846
-0.067895
-0.067895
-0.067846
-0.067797
-0.067821
-0.06787
-0.067895
-0.067846
-0.067797
-0.067821
-0.06787
-0.06787
-0.067821
-0.067797
-0.067797
-0.06787
-0.06787
-0.067821
-0.067772
-0.067797
-0.067846
-0.06787
-0.067797
-0.067772
-0.067772
-0.067821
-0.067846
-0.067797
-0.067747
-0.067747
-0.067821
-0.067846
-0.067797
-0.067747
-0.067772
-0.067821
-0.067821
-0.067772
-0.067797
-0.067747
-0.067698
-0.067723
-0.067772
-0.067797
-0.067747
-0.067698
-0.067698
-0.067772
-0.067772
-0.067723
-0.067674
-0.067698
-0.067747
-0.067772
-0.067723
-0.067674
-0.067698
-0.067747
-0.067747
-0.067698
-0.067649
-0.067674
-0.067723
-0.067747
-0.067723
-0.067674
-0.067698
-0.067772
-0.067772
-0.067698
-0.067624
-0.067624
-0.067624
-0.067575
-0.067452
-0.067378
-0.067378
-0.067501
-0.067501
-0.0676
-0.067649
-0.067624
-0.067575
-0.0676
-0.067649
-0.067674
-0.067624
-0.067575
-0.067575
-0.067624
-0.067649
-0.0676
-0.06755
-0.06755
-0.0676
-0.067624
-0.067575
-0.067526
-0.067526
-0.067575
-0.0676
-0.067575
-0.067526
-0.067526
-0.067575
-0.0676
-0.06755
-0.067501
-0.067501
-0.06755
-0.06755
-0.067526
-0.067477
-0.067477
-0.067526
-0.06755
-0.067501
-0.067452
-0.067501
-0.067452
-0.067477
-0.067526
-0.06755
-0.067501
-0.067452
-0.067427
-0.067452
-0.067477
-0.067452
-0.067378
-0.067378
-0.067427
-0.067452
-0.067403
-0.067354
-0.067354
-0.067378
-0.067403
-0.067354
-0.067304
-0.067329
-0.067378
-0.067427
-0.067378
-0.067329
-0.067354
-0.067403
-0.067427
-0.067378
-0.067329
-0.067329
-0.067403
-0.067427
-0.067403
-0.067354
-0.067354
-0.067403
-0.067427
