2018
7
9
15
43
18.704
-0.056103
-0.056054
-0.056054
-0.056103
-0.056153
-0.056128
-0.056079
-0.056054
-0.056128
-0.056153
-0.056128
-0.056103
-0.056103
-0.056153
-0.056202
-0.056177
-0.056128
-0.056128
-0.056202
-0.056226
-0.056177
-0.056128
-0.056079
-0.056128
-0.056153
-0.056128
-0.056079
-0.056029
-0.056054
-0.056079
-0.056079
-0.056029
-0.056054
-0.056079
-0.056128
-0.056103
-0.056029
-0.056005
-0.056054
-0.056079
-0.056029
-0.056029
-0.05598
-0.055931
-0.055906
-0.055956
-0.056005
-0.05598
-0.055931
-0.055931
-0.05598
-0.056054
-0.056054
-0.056029
-0.056005
-0.056054
-0.056079
-0.056079
-0.056029
-0.056029
-0.056079
-0.056079
-0.056005
-0.055956
-0.05598
-0.05598
-0.055956
-0.055931
-0.055882
-0.055857
-0.055906
-0.055956
-0.055956
-0.055882
-0.055857
-0.055906
-0.055906
-0.055882
-0.055833
-0.055808
-0.055734
-0.055685
-0.055709
-0.055734
-0.055709
-0.055636
-0.055636
-0.055685
-0.055685
-0.055636
-0.055586
-0.055586
-0.055636
-0.05566
-0.055636
-0.055586
-0.055586
-0.055636
-0.05566
-0.05566
-0.055611
-0.055586
-0.055611
-0.05566
-0.05566
-0.055611
-0.055611
-0.055636
-0.055685
-0.055685
-0.055636
-0.05566
-0.055685
-0.055709
-0.055685
-0.05566
-0.055636
-0.05566
-0.055709
-0.055685
-0.055636
-0.055586
-0.055586
-0.055611
-0.05566
-0.055636
-0.055586
-0.055586
-0.055636
-0.05566
-0.055636
-0.055586
-0.055562
-0.055586
-0.055636
-0.055611
-0.055562
-0.055537
-0.055562
-0.055611
-0.055611
-0.055537
-0.055512
-0.055537
-0.055586
-0.055586
-0.055537
-0.055512
-0.055537
-0.055562
-0.055562
-0.055512
-0.055488
-0.055512
-0.055562
-0.055537
-0.055488
-0.055439
-0.055463
-0.055512
-0.055463
-0.055512
-0.055537
-0.055439
-0.055414
-0.055439
-0.055488
-0.055488
-0.055439
-0.055414
-0.055414
-0.055463
-0.055463
-0.055414
-0.055365
-0.055414
-0.055463
-0.055439
-0.055365
-0.05534
-0.055365
-0.055389
-0.055389
-0.055365
-0.05534
-0.05534
-0.055389
-0.055389
-0.055365
-0.05534
-0.055365
-0.055414
-0.055414
-0.055389
-0.055365
-0.055389
-0.055414
-0.055414
-0.055365
-0.055316
-0.055316
-0.055291
-0.055316
-0.05534
-0.05534
-0.055291
-0.055266
-0.055316
-0.05534
-0.05534
-0.055291
-0.055266
-0.055316
-0.05534
-0.05534
-0.055291
-0.055266
-0.055291
-0.055316
-0.055316
-0.055266
-0.055217
-0.055242
-0.055291
-0.055316
-0.055316
-0.055242
-0.055242
-0.055316
-0.05534
-0.055291
-0.055266
-0.055316
-0.055365
-0.05534
-0.055266
-0.055242
-0.055242
-0.055291
-0.055291
-0.055217
-0.055217
-0.055143
-0.055119
-0.055168
-0.055192
-0.055217
-0.055143
-0.055094
-0.055143
-0.055217
-0.055217
-0.055168
-0.055143
-0.055168
-0.055217
-0.055192
-0.055143
-0.055094
-0.055143
-0.055168
-0.055143
-0.055094
-0.055069
-0.055069
-0.055143
-0.055143
-0.055069
-0.055045
-0.055069
-0.055119
-0.055119
-0.055094
-0.055069
-0.055094
-0.055119
-0.055143
-0.055094
-0.05502
-0.05502
-0.05502
-0.055045
-0.055094
-0.055094
-0.05502
-0.054996
-0.054996
-0.055069
-0.055069
-0.05502
-0.054996
-0.055045
-0.055094
-0.055119
-0.055094
-0.055069
-0.055094
-0.055143
-0.055192
-0.055143
-0.055094
-0.055119
-0.055168
-0.055168
-0.055143
-0.055094
-0.055069
-0.055119
-0.055119
-0.055069
-0.05502
-0.05502
-0.055045
-0.055069
-0.054996
-0.054946
-0.054946
-0.054996
-0.054996
-0.054922
-0.054823
-0.054774
-0.054774
-0.054823
-0.054848
-0.054823
-0.054774
-0.054799
-0.054823
-0.054872
-0.054848
-0.054823
-0.054823
-0.054897
-0.054922
-0.054897
-0.054872
-0.054823
-0.054848
-0.054872
-0.054823
-0.054774
-0.054774
-0.054799
-0.054799
-0.054749
-0.054725
-0.054725
-0.054774
-0.054799
-0.054749
-0.054725
-0.054749
-0.054799
-0.054823
-0.054799
-0.054774
-0.054774
-0.054823
-0.054848
-0.054774
-0.054799
-0.054749
-0.054676
-0.054651
-0.0547
-0.054725
-0.054676
-0.054602
-0.054602
-0.054651
-0.054676
-0.054651
-0.054651
-0.054651
-0.054676
-0.0547
-0.054676
-0.054651
-0.054676
-0.054725
-0.054725
-0.0547
-0.054651
-0.054676
-0.054725
-0.054725
-0.054676
-0.054626
-0.054626
-0.054676
-0.054676
-0.054626
-0.054577
-0.054577
-0.054626
-0.054651
-0.054626
-0.054577
-0.054577
-0.054602
-0.054602
-0.054676
-0.0547
-0.054676
-0.054602
-0.054577
-0.054626
-0.054651
-0.054602
-0.054528
-0.054528
-0.054552
-0.054552
-0.054528
-0.054479
-0.054479
-0.054503
-0.054552
-0.054528
-0.054503
-0.054503
-0.054552
-0.054577
-0.054552
-0.054528
-0.054503
-0.054552
-0.054552
-0.054528
-0.054503
-0.054503
-0.054552
-0.054528
-0.054503
-0.054454
-0.054454
-0.054479
-0.054528
-0.054479
-0.054503
-0.054479
-0.054405
-0.05438
-0.054429
-0.054454
-0.054429
-0.054355
-0.054331
-0.05438
-0.054405
-0.05438
-0.054331
-0.054331
-0.05438
-0.054429
-0.054405
-0.054355
-0.054355
-0.054405
-0.054429
-0.054405
-0.054355
-0.054355
-0.054405
-0.054454
-0.054429
-0.054355
-0.054355
-0.054405
-0.054454
-0.054405
-0.054331
-0.054331
-0.05438
-0.054405
-0.05438
-0.054331
-0.054331
-0.054355
-0.054331
-0.05438
-0.054355
-0.054282
-0.054306
-0.054355
-0.05438
-0.054355
-0.054282
-0.054282
-0.054306
-0.054355
-0.054331
-0.054282
-0.054282
-0.054306
-0.054331
-0.054306
-0.054257
-0.054232
-0.054282
-0.054306
-0.054282
-0.054208
-0.054208
-0.054232
-0.054257
-0.054232
-0.054183
-0.054183
-0.054183
-0.054208
-0.054159
-0.054085
-0.054085
-0.054134
-0.054159
-0.054134
-0.054109
-0.054085
-0.054109
-0.054109
-0.054159
-0.054208
-0.054208
-0.054183
-0.054159
-0.054232
-0.054282
-0.054232
-0.054208
-0.054183
-0.054232
-0.054257
-0.054232
-0.054208
-0.054183
-0.054208
-0.054232
-0.054208
-0.054183
-0.054109
-0.054134
-0.054159
-0.054134
-0.054085
-0.05406
-0.054109
-0.054159
-0.054134
-0.054085
-0.05406
-0.054085
-0.054134
-0.054134
-0.05406
-0.054035
-0.054035
-0.054035
-0.054035
-0.053962
-0.053962
-0.053888
-0.053863
-0.053888
-0.053937
-0.053937
-0.053912
-0.053863
-0.053888
-0.053937
-0.053912
-0.053888
-0.053863
-0.053912
-0.053937
-0.053937
-0.053888
-0.053863
-0.053912
-0.053937
-0.053912
-0.053888
-0.053839
-0.053888
-0.053937
-0.053912
-0.053863
-0.053839
-0.053888
-0.053962
-0.053962
-0.053863
-0.053863
-0.053888
-0.053937
-0.053937
-0.053888
-0.053839
-0.053863
-0.053814
-0.053839
-0.053863
-0.053863
-0.053789
-0.053789
-0.053814
-0.053863
-0.053863
-0.053839
-0.053789
-0.053814
-0.053839
-0.053863
-0.053814
-0.053765
-0.053789
-0.053839
-0.053839
-0.053789
-0.053765
-0.053789
-0.053814
-0.053814
-0.05374
-0.053715
-0.05374
-0.053789
-0.053789
-0.05374
-0.05374
-0.053765
-0.053789
-0.053789
-0.053765
-0.05374
-0.053765
-0.053814
-0.053814
-0.053765
-0.053814
-0.053765
-0.05374
-0.053765
-0.053814
-0.053814
-0.053765
-0.05374
-0.053789
-0.053789
-0.053789
-0.05374
-0.053691
-0.053715
-0.05374
-0.05374
-0.053715
-0.053691
-0.053691
-0.05374
-0.053765
-0.053715
-0.053691
-0.053715
-0.053789
-0.053789
-0.05374
-0.053715
-0.05374
-0.053789
-0.053789
-0.053765
-0.05374
-0.053765
-0.053789
-0.053765
-0.05374
-0.053691
-0.053715
-0.053765
-0.053691
-0.05374
-0.053715
-0.053666
-0.053617
-0.053617
-0.053642
-0.053617
-0.053568
-0.053518
-0.053543
-0.053568
-0.053592
-0.053568
-0.053518
-0.053543
-0.053592
-0.053617
-0.053568
-0.053518
-0.053568
-0.053617
-0.053617
-0.053543
-0.053518
-0.053543
-0.053592
-0.053592
-0.053543
-0.053518
-0.053518
-0.053568
-0.053592
-0.053518
-0.053494
-0.053518
-0.053592
-0.053568
-0.053568
-0.053543
-0.053568
-0.053518
-0.053543
-0.053592
-0.053592
-0.053543
-0.053494
-0.053518
-0.053568
-0.053592
-0.053518
-0.053494
-0.053494
-0.053518
-0.053518
-0.053469
-0.053445
-0.053445
-0.053469
-0.053494
-0.053469
-0.053395
-0.053445
-0.053469
-0.053445
-0.053395
-0.053346
-0.053346
-0.053371
-0.053395
-0.053371
-0.053322
-0.053322
-0.053346
-0.053371
-0.053322
-0.053272
-0.053248
-0.053297
-0.053297
-0.053346
-0.053371
-0.053346
-0.053322
-0.053322
-0.053395
-0.05342
-0.053395
-0.053346
-0.053371
-0.05342
-0.053445
-0.053395
-0.053371
-0.053371
-0.05342
-0.053445
-0.053395
-0.053346
-0.053371
-0.053395
-0.053371
-0.053322
-0.053248
-0.053248
-0.053272
-0.053272
-0.053198
-0.053125
-0.053125
-0.053149
-0.053174
-0.053149
-0.053075
-0.053075
-0.053125
-0.053125
-0.0531
-0.053051
-0.053051
-0.053026
-0.053075
-0.053075
-0.053026
-0.053002
-0.053002
-0.053051
-0.053075
-0.053026
-0.052977
-0.052977
-0.053026
-0.053075
-0.053051
-0.052977
-0.052977
-0.053002
-0.053002
-0.052977
-0.052928
-0.052928
-0.052952
-0.052952
-0.052928
-0.052878
-0.052878
-0.052952
-0.052977
-0.052952
-0.052903
-0.052928
-0.052977
-0.053002
-0.052977
-0.052928
-0.052952
-0.052977
-0.053002
-0.052977
-0.052928
-0.052928
-0.052878
-0.052878
-0.052928
-0.052952
-0.052928
-0.052878
-0.052878
-0.052952
-0.052952
-0.052928
-0.052903
-0.052878
-0.052928
-0.052952
-0.052952
-0.052928
-0.052878
-0.052903
-0.052903
-0.052878
-0.052829
-0.052829
-0.052854
-0.052878
-0.052854
-0.052805
-0.052805
-0.052878
-0.052903
-0.052878
-0.052829
-0.052829
-0.052878
-0.052903
-0.052903
-0.052829
-0.05278
-0.052829
-0.052854
-0.05278
-0.052805
-0.05278
-0.052706
-0.052681
-0.052731
-0.05278
-0.052731
-0.052681
-0.052681
-0.052731
-0.05278
-0.052755
-0.052681
-0.052681
-0.052755
-0.052805
-0.052755
-0.052681
-0.052681
-0.052731
-0.052755
-0.052755
-0.052681
-0.052681
-0.052706
-0.052731
-0.052706
-0.052657
-0.052657
-0.052681
-0.052731
-0.052706
-0.052657
-0.052632
-0.052657
-0.052706
-0.052706
-0.052632
-0.052608
-0.052632
-0.052632
-0.052706
-0.052731
-0.052731
-0.052681
-0.052681
-0.052706
-0.052755
-0.052731
-0.052681
-0.052657
-0.052706
-0.052731
-0.052731
-0.052657
-0.052657
-0.052706
-0.052731
-0.052681
-0.052632
-0.052608
-0.052657
-0.052681
-0.052657
-0.052608
-0.052608
-0.052632
-0.052657
-0.052632
-0.052583
-0.052558
-0.052608
-0.052657
-0.052632
-0.052583
-0.052583
-0.052608
-0.052657
-0.052632
-0.052632
-0.052608
-0.052534
-0.052509
-0.052534
-0.052583
-0.052558
-0.052485
-0.052485
-0.052509
-0.052558
-0.052534
-0.052485
-0.052485
-0.052509
-0.052583
-0.052558
-0.052485
-0.052485
-0.052509
-0.052534
-0.052509
-0.052435
-0.052435
-0.052485
-0.052534
-0.052509
-0.05246
-0.05246
-0.05246
-0.052485
-0.05246
-0.052411
-0.052386
-0.052435
-0.05246
-0.05246
-0.052411
-0.052386
-0.052411
-0.052411
-0.052435
-0.052485
-0.052485
-0.052435
-0.052386
-0.052411
-0.05246
-0.052411
-0.052361
-0.052337
-0.052386
-0.052435
-0.052411
-0.052361
-0.052361
-0.052386
-0.052435
-0.052435
-0.052361
-0.052337
-0.052361
-0.052411
-0.052411
-0.052337
-0.052312
-0.052337
-0.052361
-0.052337
-0.052288
-0.052263
-0.052288
-0.052312
-0.052312
-0.052238
-0.052214
-0.052238
-0.052263
-0.052263
-0.052214
-0.052238
-0.052189
-0.052189
-0.052214
-0.052238
-0.052238
-0.052189
-0.05214
-0.052165
-0.052214
-0.052189
-0.052165
-0.05214
-0.052165
-0.052189
-0.052189
-0.052115
-0.052115
-0.05214
-0.052189
-0.052189
-0.052165
-0.05214
-0.052165
-0.052214
-0.052214
-0.052165
-0.05214
-0.052165
-0.052214
-0.052214
-0.05214
-0.052115
-0.05214
-0.052165
-0.052165
-0.052115
-0.052091
-0.052115
-0.052165
-0.052115
-0.05214
-0.052165
-0.052115
-0.052091
-0.05214
-0.052189
-0.052189
-0.05214
-0.052091
-0.05214
-0.052165
-0.052165
-0.052115
-0.052066
-0.052066
-0.052115
-0.052091
-0.052041
-0.051992
-0.052017
-0.052041
-0.052017
-0.051992
-0.051968
-0.051968
-0.052017
-0.052017
-0.051968
-0.051943
-0.051968
-0.052041
-0.052041
-0.052017
-0.051992
-0.052017
-0.052066
-0.052091
-0.052041
-0.052017
-0.051992
-0.052017
-0.052041
-0.051992
-0.051943
-0.051918
-0.051918
-0.051968
-0.051968
-0.051918
-0.051894
-0.051918
-0.051968
-0.051992
-0.051968
-0.051943
-0.051968
-0.052017
-0.052041
-0.051992
-0.051968
-0.051968
-0.051992
-0.051992
-0.051943
-0.051894
-0.051894
-0.051918
-0.051894
-0.051844
-0.05182
-0.05182
-0.051869
-0.051869
-0.051844
-0.051795
-0.05182
-0.051894
-0.051918
-0.051869
-0.051943
-0.051918
-0.051894
-0.051894
-0.051918
-0.051918
-0.051894
-0.051869
-0.051894
-0.051894
-0.051918
-0.051869
-0.051844
-0.051869
-0.051894
-0.051894
-0.051869
-0.05182
-0.051869
-0.051894
-0.051894
-0.051869
-0.05182
-0.05182
-0.051869
-0.051869
-0.05182
-0.051746
-0.051721
-0.051795
-0.051795
-0.051746
-0.051697
-0.051721
-0.051771
-0.051795
-0.051771
-0.051721
-0.051746
-0.051795
-0.051795
-0.051795
-0.051771
-0.051746
-0.051746
-0.051795
-0.05182
-0.051771
-0.051721
-0.051721
-0.051746
-0.051746
-0.051697
-0.051648
-0.051672
-0.051721
-0.051721
-0.051672
-0.051648
-0.051648
-0.051697
-0.051697
-0.051672
-0.051598
-0.051598
-0.051672
-0.051697
-0.051672
-0.051648
-0.051672
-0.051721
-0.051746
-0.051697
-0.051672
-0.051648
-0.051697
-0.051697
-0.051672
-0.051598
-0.051598
-0.0515
-0.051475
-0.051524
-0.051549
-0.0515
-0.051475
-0.051475
-0.051549
-0.051574
-0.051549
-0.0515
-0.051524
-0.051574
-0.051598
-0.051574
-0.051549
-0.051524
-0.051549
-0.051574
-0.051549
-0.0515
-0.051475
-0.051524
-0.051549
-0.051475
-0.051426
-0.051426
-0.051475
-0.0515
-0.051451
-0.051377
-0.051401
-0.051451
-0.051475
-0.051451
-0.051401
-0.051426
-0.051451
-0.051475
-0.051451
-0.051401
-0.051352
-0.051303
-0.051303
-0.051352
-0.051377
-0.051352
-0.051303
-0.051303
-0.051377
-0.051426
-0.051401
-0.051352
-0.051352
-0.051426
-0.051451
-0.051426
-0.051352
-0.051352
-0.051401
-0.051426
-0.051401
-0.051352
-0.051352
-0.051401
-0.051401
-0.051377
-0.051328
-0.051328
-0.051352
-0.051377
-0.051352
-0.051278
-0.051303
-0.051352
-0.051377
-0.051328
-0.051278
-0.051278
-0.051328
-0.051254
-0.051303
-0.051328
-0.051278
-0.051254
-0.051204
-0.051254
-0.051278
-0.051254
-0.051204
-0.051204
-0.051254
-0.051278
-0.051278
-0.051229
-0.051229
-0.051278
-0.051328
-0.051278
-0.051229
-0.051229
-0.051254
-0.051278
-0.051278
-0.051204
-0.051204
-0.051229
-0.051254
-0.051229
-0.05118
-0.05118
-0.051229
-0.051254
-0.051204
-0.05118
-0.05118
-0.051229
-0.051254
-0.051254
-0.051204
-0.051229
-0.05118
-0.05118
-0.051229
-0.051278
-0.051254
-0.051204
-0.05118
-0.051204
-0.051254
-0.051229
-0.05118
-0.051155
-0.05118
-0.051204
-0.05118
-0.051106
-0.051106
-0.051131
-0.051155
-0.051131
-0.051081
-0.051032
-0.051057
-0.051081
-0.051057
-0.051007
-0.051007
-0.051032
-0.051057
-0.051057
-0.051007
-0.051007
-0.051057
-0.051081
-0.051081
-0.051032
-0.051032
-0.051106
-0.051131
-0.051131
-0.051106
-0.051032
-0.051032
-0.051057
-0.051106
-0.051106
-0.051057
-0.051057
-0.051081
-0.051131
-0.051106
-0.051057
-0.051032
-0.051057
-0.051106
-0.051057
-0.051007
-0.050983
-0.051007
-0.051032
-0.051007
-0.050958
-0.050958
-0.051007
-0.051032
-0.051007
-0.050983
-0.050958
-0.051007
-0.051057
-0.051032
-0.050983
-0.050958
-0.051007
-0.051032
-0.051007
-0.050983
-0.050958
-0.050983
-0.050909
-0.050934
-0.050934
-0.050909
-0.05086
-0.05086
-0.050884
-0.050909
-0.050909
-0.05086
-0.050811
-0.05086
-0.050884
-0.050884
-0.05086
-0.050835
-0.050884
-0.050934
-0.050934
-0.050884
-0.050884
-0.050958
-0.051032
-0.051032
-0.050958
-0.050934
-0.050983
-0.051032
-0.051007
-0.050958
-0.050934
-0.050958
-0.050958
-0.050934
-0.05086
-0.050835
-0.05086
-0.050884
-0.050835
-0.050786
-0.050761
-0.050687
-0.050663
-0.050663
-0.050712
-0.050663
-0.050614
-0.050564
-0.050614
-0.050638
-0.050638
-0.050589
-0.050564
-0.050589
-0.050638
-0.050663
-0.050638
-0.050638
-0.050663
-0.050712
-0.050712
-0.050663
-0.050638
-0.050687
-0.050737
-0.050737
-0.050663
-0.050663
-0.050687
-0.050687
-0.050687
-0.050614
-0.050589
-0.050614
-0.050638
-0.050638
-0.050589
-0.05054
-0.05054
-0.050589
-0.050589
-0.050663
-0.050663
-0.050638
-0.050638
-0.050663
-0.050712
-0.050712
-0.050687
-0.050663
-0.050663
-0.050712
-0.050737
-0.050638
-0.050589
-0.050614
-0.050638
-0.050638
-0.050589
-0.05054
-0.05054
-0.050589
-0.050589
-0.050564
-0.050515
-0.05054
-0.050589
-0.050614
-0.05054
-0.05054
-0.050564
-0.050589
-0.050589
-0.050564
-0.050564
-0.050589
-0.050638
-0.050638
-0.050614
-0.050589
-0.050638
-0.050589
-0.050614
-0.050638
-0.050638
-0.050589
-0.050564
-0.050564
-0.050614
-0.050589
-0.05054
-0.050515
-0.05054
-0.050564
-0.050564
-0.050491
-0.050441
-0.050441
-0.050515
-0.050515
-0.050441
-0.050417
-0.050441
-0.050466
-0.050491
-0.050441
-0.050417
-0.050441
-0.050491
-0.050491
-0.050466
-0.050417
-0.050441
-0.050466
-0.050491
-0.050441
-0.050417
-0.050417
-0.050441
-0.050466
-0.050441
-0.050441
-0.050417
-0.050392
-0.050392
-0.050441
-0.050441
-0.050392
-0.050343
-0.050367
-0.050417
-0.050417
-0.050367
-0.050318
-0.050343
-0.050367
-0.050392
-0.050343
-0.050294
-0.050294
-0.050343
-0.050343
-0.050318
-0.050294
-0.050294
-0.050318
-0.050343
-0.050318
-0.050294
-0.050318
-0.050367
-0.050367
-0.050343
-0.050318
-0.050318
-0.050367
-0.050367
-0.050343
-0.050318
-0.050343
-0.050294
-0.050343
-0.050343
-0.050294
-0.050244
-0.050244
-0.050294
-0.050294
-0.050244
-0.050195
-0.050195
-0.050244
-0.050269
-0.05022
-0.050195
-0.05022
-0.050269
-0.050294
-0.050244
-0.050195
-0.050195
-0.05022
-0.05022
-0.050195
-0.050121
-0.050121
-0.05017
-0.050195
-0.050146
-0.050097
-0.050097
-0.050146
-0.05017
-0.050121
-0.050072
-0.050072
-0.050121
-0.050146
-0.050121
-0.050047
-0.050097
-0.050072
-0.050072
-0.050121
-0.050121
-0.050072
-0.050023
-0.050023
-0.050097
-0.050121
-0.050072
-0.050047
-0.050047
-0.050121
-0.050146
-0.050097
-0.050072
-0.050097
-0.050121
-0.050146
-0.050097
-0.050047
-0.050072
-0.050097
-0.050072
-0.050047
-0.049998
-0.049998
-0.050047
-0.050072
-0.050047
-0.049998
-0.049998
-0.050047
-0.050072
-0.050047
-0.049974
-0.049998
-0.050047
-0.050072
-0.049998
-0.049998
-0.049974
-0.049924
-0.049924
-0.049974
-0.049998
-0.049974
-0.049924
-0.049924
-0.049974
-0.050023
-0.049974
-0.049924
-0.049924
-0.049974
-0.049974
-0.049924
-0.049875
-0.049875
-0.0499
-0.0499
-0.049875
-0.049826
-0.049801
-0.04985
-0.049875
-0.049826
-0.049777
-0.049777
-0.049801
-0.049826
-0.049826
-0.049777
-0.049777
-0.049826
-0.04985
-0.049826
-0.049777
-0.049777
-0.049801
-0.049826
-0.049875
-0.049875
-0.04985
-0.049826
-0.049826
-0.04985
-0.04985
-0.049826
-0.049777
-0.049777
-0.049826
-0.04985
-0.049801
-0.049752
-0.049752
-0.049801
-0.04985
-0.049826
-0.049777
-0.049777
-0.04985
-0.0499
-0.049875
-0.049826
-0.04985
-0.0499
-0.0499
-0.049875
-0.049826
-0.049826
-0.049875
-0.0499
-0.049875
-0.049826
-0.049826
-0.049875
-0.049875
-0.04985
-0.049826
-0.049777
-0.049777
-0.049801
-0.04985
-0.049826
-0.049752
-0.049752
-0.049801
-0.049826
-0.049801
-0.049752
-0.049777
-0.049801
-0.049826
-0.049801
-0.049727
-0.049727
-0.049752
-0.049752
-0.049727
-0.049678
-0.049678
-0.049727
-0.049752
-0.049727
-0.049654
-0.049654
-0.049703
-0.049727
-0.049703
-0.049654
-0.049629
-0.049678
-0.049727
-0.049727
-0.049678
-0.049654
-0.049703
-0.049752
-0.049703
-0.049777
-0.049727
-0.049654
-0.049654
-0.049703
-0.049727
-0.049727
-0.049703
-0.049678
-0.049703
-0.049727
-0.049727
-0.049678
-0.049678
-0.049678
-0.049703
-0.049678
-0.049654
-0.049629
-0.049654
-0.049703
-0.049654
-0.049604
-0.04958
-0.049604
-0.049654
-0.049629
-0.04958
-0.049555
-0.049629
-0.049654
-0.049629
-0.04958
-0.04958
-0.049654
-0.049678
-0.049654
-0.049604
-0.049604
-0.049654
-0.049654
-0.049703
-0.049727
-0.049703
-0.049654
-0.049629
-0.049678
-0.049703
-0.049678
-0.049629
-0.049604
-0.049629
-0.049654
-0.049604
-0.049555
-0.04953
-0.04953
-0.049555
-0.04953
-0.049481
-0.049457
-0.049457
-0.049506
-0.049481
-0.049432
-0.049407
-0.049432
-0.049457
-0.049432
-0.049407
-0.049407
-0.049457
-0.049481
-0.049481
-0.049457
-0.049432
-0.049481
-0.04953
-0.04953
-0.049555
-0.04958
-0.049555
-0.04953
-0.049555
-0.049604
-0.04958
-0.04953
-0.049506
-0.049506
-0.04953
-0.04953
-0.049432
-0.049383
-0.049407
-0.049432
-0.049407
-0.049358
-0.049309
-0.049358
-0.049407
-0.049383
-0.049358
-0.049334
-0.049358
-0.049383
-0.049383
-0.049358
-0.049334
-0.049334
-0.049358
-0.049334
-0.049284
-0.04926
-0.049309
-0.049334
-0.049309
-0.04926
-0.049235
-0.04926
-0.049235
-0.04926
-0.049235
-0.04921
-0.049186
-0.04921
-0.04926
-0.04926
-0.04921
-0.049186
-0.049235
-0.049309
-0.049284
-0.049235
-0.04921
-0.04926
-0.049284
-0.049284
-0.04926
-0.049235
-0.04926
-0.049309
-0.049284
-0.04921
-0.049186
-0.04921
-0.049235
-0.04921
-0.049161
-0.049112
-0.049137
-0.049161
-0.049137
-0.049087
-0.049063
-0.049063
-0.049112
-0.049112
-0.049087
-0.049063
-0.049112
-0.049087
-0.049137
-0.049161
-0.049161
-0.049137
-0.049112
-0.049137
-0.04921
-0.04921
-0.049161
-0.049137
-0.049161
-0.04921
-0.04921
-0.049161
-0.049137
-0.049137
-0.049186
-0.049186
-0.049137
-0.049087
-0.049087
-0.049161
-0.049161
-0.049063
-0.049038
-0.049063
-0.049112
-0.049112
-0.049063
-0.049038
-0.049038
-0.049063
-0.049063
-0.049013
-0.048989
-0.049013
-0.049038
-0.049038
-0.048989
-0.049013
-0.04894
-0.04889
-0.048915
-0.04894
-0.04894
-0.048915
-0.04889
-0.048915
-0.04894
-0.048964
-0.048915
-0.04889
-0.04889
-0.04894
-0.04894
-0.048915
-0.048866
-0.04889
-0.04894
-0.048964
-0.04889
-0.048841
-0.048866
-0.048915
-0.04894
-0.04889
-0.048866
-0.048866
-0.048915
-0.04894
-0.04889
-0.048866
-0.04889
-0.04894
-0.04894
-0.04889
-0.048866
-0.04889
-0.048866
-0.048841
-0.048866
-0.048866
-0.048841
-0.048792
-0.048792
-0.048841
-0.048841
-0.048792
-0.048743
-0.048767
-0.048792
-0.048817
-0.048767
-0.048743
-0.048767
-0.048817
-0.048841
-0.048841
-0.048817
-0.048817
-0.048841
-0.048866
-0.048817
-0.048767
-0.048792
-0.048841
-0.048866
-0.048792
-0.048743
-0.048767
-0.048792
-0.048792
-0.048767
-0.048718
-0.048718
-0.048743
-0.048767
-0.048718
-0.048767
-0.048693
-0.048644
-0.048669
-0.048718
-0.048743
-0.048693
-0.048669
-0.048693
-0.048743
-0.048767
-0.048718
-0.048693
-0.048693
-0.048743
-0.048743
-0.048718
-0.048669
-0.048669
-0.048693
-0.048693
-0.048669
-0.04862
-0.04862
-0.048669
-0.048693
-0.048644
-0.04862
-0.04862
-0.048669
-0.048693
-0.048669
-0.048595
-0.04862
-0.048693
-0.048743
-0.048718
-0.048644
-0.048669
-0.048718
-0.048718
-0.048743
-0.048743
-0.048718
-0.048644
-0.048669
-0.048693
-0.048718
-0.048693
-0.048669
-0.048644
-0.048669
-0.048693
-0.048669
-0.048644
-0.048644
-0.048669
-0.048693
-0.048644
-0.048595
-0.04862
-0.048669
-0.048669
-0.048595
-0.048521
-0.048521
-0.048546
-0.04857
-0.048521
-0.048472
-0.048447
-0.048472
-0.048497
-0.048447
-0.048423
-0.048423
-0.048447
-0.048472
-0.048447
-0.048398
-0.048423
-0.048447
-0.048447
-0.048423
-0.048398
-0.048398
-0.048423
-0.048472
-0.048423
-0.048398
-0.048398
-0.048423
-0.048472
-0.048447
-0.048398
-0.048373
-0.048423
-0.048472
-0.048447
-0.048373
-0.048373
-0.048398
-0.048423
-0.048423
-0.048373
-0.048349
-0.048398
-0.048423
-0.048398
-0.048324
-0.048324
-0.048349
-0.048373
-0.048349
-0.0483
-0.0483
-0.048349
-0.048373
-0.048373
-0.048349
-0.048373
-0.048373
-0.048423
-0.048472
-0.048447
-0.048423
-0.048423
-0.048472
-0.048497
-0.048472
-0.048423
-0.048398
-0.048447
-0.048447
-0.048423
-0.048373
-0.048349
-0.048373
-0.048398
-0.048398
-0.048324
-0.0483
-0.048349
-0.048398
-0.048373
-0.048324
-0.048324
-0.048349
-0.048373
-0.048349
-0.048324
-0.048275
-0.0483
-0.048324
-0.0483
-0.048226
-0.048226
-0.04825
-0.048275
-0.048275
-0.048324
-0.048324
-0.048275
-0.0483
-0.048349
-0.048373
-0.048349
-0.048275
-0.04825
-0.048275
-0.0483
-0.048275
-0.048226
-0.048201
-0.048226
-0.048275
-0.04825
-0.048201
-0.048152
-0.048152
-0.048201
-0.048201
-0.048176
-0.048152
-0.048201
-0.048226
-0.048226
-0.048176
-0.048152
-0.048176
-0.048201
-0.048176
-0.048127
-0.048127
-0.048152
-0.048201
-0.048176
-0.048127
-0.048103
-0.048152
-0.048127
-0.048176
-0.048201
-0.048201
-0.048152
-0.048127
-0.048176
-0.048226
-0.048201
-0.048176
-0.048152
-0.048176
-0.048201
-0.048176
-0.048127
-0.048103
-0.048152
-0.048176
-0.048152
-0.048103
-0.048078
-0.048103
-0.048152
-0.048127
-0.048078
-0.048029
-0.048053
-0.048103
-0.048078
-0.048029
-0.048004
-0.048029
-0.048078
-0.048053
-0.04798
-0.04798
-0.048004
-0.048053
-0.048029
-0.04798
-0.048029
-0.04798
-0.04793
-0.047955
-0.04798
-0.04798
-0.047906
-0.047881
-0.047906
-0.047955
-0.047955
-0.047906
-0.047906
-0.047906
-0.04793
-0.04793
-0.047906
-0.047881
-0.04793
-0.047955
-0.047955
-0.047906
-0.04793
-0.047955
-0.048004
-0.048004
-0.04798
-0.04798
-0.048029
-0.048053
-0.048053
-0.048029
-0.048004
-0.048029
-0.048078
-0.048078
-0.048029
-0.04798
-0.048004
-0.048053
-0.04798
-0.048029
-0.048004
-0.047955
-0.047906
-0.047955
-0.048004
-0.04798
-0.047906
-0.047856
-0.047881
-0.047906
-0.047881
-0.047807
-0.047783
-0.047807
-0.047832
-0.047832
-0.047783
-0.047758
-0.047783
-0.047832
-0.047807
-0.047783
-0.047733
-0.047758
-0.047807
-0.047807
-0.047758
-0.047684
-0.047684
-0.047709
-0.047684
-0.047635
-0.04761
-0.04761
-0.047635
-0.047635
-0.047586
-0.047561
-0.047635
-0.047635
-0.04766
-0.047709
-0.047709
-0.047684
-0.047684
-0.047684
-0.047709
-0.047709
-0.047684
-0.04766
-0.047684
-0.047709
-0.047733
-0.047684
-0.04766
-0.04766
-0.047709
-0.047709
-0.04766
-0.047635
-0.04766
-0.04766
-0.047684
-0.047635
-0.04761
-0.04766
-0.047709
-0.047709
-0.04766
-0.047635
-0.04766
-0.047709
-0.047709
-0.04766
-0.047635
-0.047635
-0.047684
-0.047709
-0.04766
-0.047635
-0.04761
-0.047635
-0.047635
-0.047635
-0.04761
-0.047586
-0.04761
-0.047635
-0.04766
-0.04766
-0.04761
-0.04761
-0.047684
-0.047709
-0.04766
-0.047635
-0.04766
-0.047709
-0.047684
-0.047635
-0.04761
-0.04761
-0.04761
-0.047635
-0.047586
-0.047536
-0.047536
-0.047586
-0.047586
-0.047536
-0.047487
-0.047512
-0.047561
-0.047586
-0.047561
-0.047487
-0.047536
-0.04761
