2018
7
9
15
10
5.1364
-0.017897
-0.017897
-0.017897
-0.017946
-0.01802
-0.018094
-0.018118
-0.018094
-0.018094
-0.018118
-0.018143
-0.018094
-0.018045
-0.018045
-0.018094
-0.018069
-0.017995
-0.017946
-0.017946
-0.017971
-0.017995
-0.017946
-0.017946
-0.017995
-0.018069
-0.018118
-0.018094
-0.018069
-0.018094
-0.018168
-0.018192
-0.018168
-0.018143
-0.018143
-0.018192
-0.018242
-0.018242
-0.018217
-0.018168
-0.018192
-0.018094
-0.018143
-0.018143
-0.018094
-0.018045
-0.018069
-0.018118
-0.018118
-0.018069
-0.017995
-0.017995
-0.017995
-0.017971
-0.017897
-0.017848
-0.017848
-0.017897
-0.017897
-0.017872
-0.017798
-0.017798
-0.017848
-0.017848
-0.017798
-0.017749
-0.017725
-0.0177
-0.017651
-0.017577
-0.017478
-0.017405
-0.01738
-0.017355
-0.017257
-0.017134
-0.01706
-0.017035
-0.017011
-0.016937
-0.016888
-0.016863
-0.016838
-0.016838
-0.016863
-0.016863
-0.016838
-0.016814
-0.016838
-0.016888
-0.016937
-0.016961
-0.016961
-0.017011
-0.01706
-0.017158
-0.017183
-0.017208
-0.017257
-0.017331
-0.01738
-0.017331
-0.017306
-0.017306
-0.017331
-0.017355
-0.017331
-0.017306
-0.017306
-0.01738
-0.017454
-0.017478
-0.017478
-0.017528
-0.017577
-0.017626
-0.017602
-0.017552
-0.017503
-0.017503
-0.017503
-0.017331
-0.017331
-0.017232
-0.017134
-0.017085
-0.017109
-0.017134
-0.017109
-0.017109
-0.017183
-0.017281
-0.017405
-0.017454
-0.017528
-0.017577
-0.017675
-0.017725
-0.017725
-0.017651
-0.017577
-0.017552
-0.017528
-0.017478
-0.01738
-0.017306
-0.017281
-0.017281
-0.017232
-0.017183
-0.017183
-0.017232
-0.017281
-0.017306
-0.017306
-0.017355
-0.017429
-0.017454
-0.017454
-0.017454
-0.017503
-0.017749
-0.017774
-0.017823
-0.017897
-0.017872
-0.017848
-0.017823
-0.017823
-0.017848
-0.017823
-0.017774
-0.017749
-0.017749
-0.017798
-0.017823
-0.017798
-0.017798
-0.017872
-0.017971
-0.01802
-0.018045
-0.018069
-0.018168
-0.018242
-0.018242
-0.018168
-0.018118
-0.018118
-0.018094
-0.018069
-0.017995
-0.017946
-0.017946
-0.017971
-0.017922
-0.017848
-0.017848
-0.017872
-0.017897
-0.017922
-0.018094
-0.018094
-0.018094
-0.018143
-0.018217
-0.018217
-0.018168
-0.018118
-0.018118
-0.018118
-0.018069
-0.017995
-0.017971
-0.017971
-0.017995
-0.017971
-0.017946
-0.017922
-0.017946
-0.017995
-0.017995
-0.017971
-0.017995
-0.018069
-0.018118
-0.018168
-0.018168
-0.018192
-0.018242
-0.018266
-0.018242
-0.018192
-0.018143
-0.018143
-0.018168
-0.018143
-0.018069
-0.01802
-0.01802
-0.01802
-0.017922
-0.017971
-0.017995
-0.017971
-0.017971
-0.01802
-0.018045
-0.018069
-0.018045
-0.018045
-0.018069
-0.018118
-0.018118
-0.018094
-0.018069
-0.018094
-0.018118
-0.018118
-0.018094
-0.018045
-0.018069
-0.018094
-0.018069
-0.018045
-0.01802
-0.018045
-0.018094
-0.018118
-0.018094
-0.018094
-0.018143
-0.018217
-0.018242
-0.018242
-0.018242
-0.018291
-0.018315
-0.018315
-0.018242
-0.018168
-0.018045
-0.018045
-0.018045
-0.018094
-0.018118
-0.018069
-0.018045
-0.018069
-0.018143
-0.018192
-0.018168
-0.018168
-0.018217
-0.018291
-0.018315
-0.018291
-0.018266
-0.018266
-0.018315
-0.018291
-0.018266
-0.018242
-0.018266
-0.018291
-0.018291
-0.018291
-0.018266
-0.018291
-0.01834
-0.01834
-0.018315
-0.018291
-0.018315
-0.01834
-0.01834
-0.018291
-0.018242
-0.018217
-0.018217
-0.018192
-0.018143
-0.018143
-0.018118
-0.018094
-0.018168
-0.018217
-0.018217
-0.018242
-0.018242
-0.018291
-0.01834
-0.01834
-0.01834
-0.01834
-0.018389
-0.018463
-0.018488
-0.018463
-0.018463
-0.018488
-0.018562
-0.018611
-0.018611
-0.018611
-0.018635
-0.018709
-0.018734
-0.018734
-0.018734
-0.018783
-0.018857
-0.018882
-0.018857
-0.018832
-0.018857
-0.018882
-0.018882
-0.018832
-0.018734
-0.01866
-0.018537
-0.018537
-0.018586
-0.018586
-0.018562
-0.018537
-0.018586
-0.018635
-0.018635
-0.018611
-0.018586
-0.018611
-0.01866
-0.018685
-0.01866
-0.018611
-0.018611
-0.018635
-0.018611
-0.018586
-0.018562
-0.018562
-0.018586
-0.018586
-0.018562
-0.018537
-0.018562
-0.018611
-0.01866
-0.01866
-0.018635
-0.018685
-0.018759
-0.018783
-0.018808
-0.018808
-0.018857
-0.018906
-0.018931
-0.018906
-0.018906
-0.018857
-0.018808
-0.018783
-0.018808
-0.018808
-0.018759
-0.018734
-0.018709
-0.018759
-0.018783
-0.018759
-0.018734
-0.018759
-0.018808
-0.018857
-0.018832
-0.018808
-0.018808
-0.018832
-0.018857
-0.018832
-0.018808
-0.018832
-0.018857
-0.018832
-0.018808
-0.018783
-0.018808
-0.018882
-0.018906
-0.018906
-0.018882
-0.018882
-0.018906
-0.018931
-0.018906
-0.018857
-0.018882
-0.018906
-0.018955
-0.01898
-0.01898
-0.018955
-0.018931
-0.018906
-0.018931
-0.018955
-0.018906
-0.018832
-0.018808
-0.018832
-0.018832
-0.018808
-0.018783
-0.018808
-0.018857
-0.018906
-0.018906
-0.018906
-0.018955
-0.019054
-0.019128
-0.019177
-0.019152
-0.019177
-0.019226
-0.019251
-0.019202
-0.019152
-0.019152
-0.019202
-0.019202
-0.019152
-0.019103
-0.019103
-0.019128
-0.019152
-0.019103
-0.019054
-0.019152
-0.019152
-0.019177
-0.019251
-0.0193
-0.0193
-0.019276
-0.019251
-0.019251
-0.019251
-0.019202
-0.019152
-0.019103
-0.019128
-0.019152
-0.019103
-0.019054
-0.019054
-0.019103
-0.019128
-0.019128
-0.019128
-0.019128
-0.019202
-0.019276
-0.019276
-0.019251
-0.019276
-0.019325
-0.019349
-0.019325
-0.019276
-0.019251
-0.019276
-0.0193
-0.0193
-0.019276
-0.019276
-0.019325
-0.019374
-0.019226
-0.019177
-0.019079
-0.019054
-0.019079
-0.019103
-0.019103
-0.019079
-0.019079
-0.019152
-0.019202
-0.019226
-0.019226
-0.019251
-0.019325
-0.019399
-0.019423
-0.019399
-0.019399
-0.019448
-0.019522
-0.019522
-0.019472
-0.019448
-0.019472
-0.019497
-0.019497
-0.019448
-0.019399
-0.019399
-0.019374
-0.019325
-0.019226
-0.019152
-0.019152
-0.019177
-0.019152
-0.019128
-0.019128
-0.019202
-0.019251
-0.019276
-0.0193
-0.0193
-0.019251
-0.019226
-0.019251
-0.0193
-0.0193
-0.019276
-0.019276
-0.0193
-0.019349
-0.019325
-0.019251
-0.019202
-0.019202
-0.019226
-0.019226
-0.019202
-0.019202
-0.019226
-0.019251
-0.019226
-0.019177
-0.019152
-0.019177
-0.019251
-0.019251
-0.019202
-0.019177
-0.019226
-0.019276
-0.019251
-0.019202
-0.019152
-0.019128
-0.019128
-0.019054
-0.019005
-0.018857
-0.018832
-0.018857
-0.018882
-0.018906
-0.018882
-0.018882
-0.018931
-0.01898
-0.01898
-0.018931
-0.018906
-0.018931
-0.018931
-0.018906
-0.018857
-0.018808
-0.018832
-0.018832
-0.018808
-0.018759
-0.018709
-0.018734
-0.018759
-0.018759
-0.018709
-0.018685
-0.018709
-0.018759
-0.018783
-0.018783
-0.018759
-0.018783
-0.018808
-0.018808
-0.018759
-0.018709
-0.018685
-0.018685
-0.01866
-0.018611
-0.018611
-0.018562
-0.018512
-0.018562
-0.018611
-0.018635
-0.018611
-0.018611
-0.018685
-0.018759
-0.018759
-0.018734
-0.018759
-0.018808
-0.018857
-0.018832
-0.018783
-0.018734
-0.018734
-0.018759
-0.018734
-0.01866
-0.018635
-0.018635
-0.01866
-0.018685
-0.018635
-0.018635
-0.018635
-0.018685
-0.018685
-0.018611
-0.018512
-0.018512
-0.018512
-0.018488
-0.018439
-0.018414
-0.018414
-0.018439
-0.018463
-0.018512
-0.018562
-0.018562
-0.018562
-0.018611
-0.018685
-0.018734
-0.018709
-0.018685
-0.018685
-0.018709
-0.018709
-0.018685
-0.01866
-0.018685
-0.018709
-0.018709
-0.018685
-0.01866
-0.01866
-0.018685
-0.01866
-0.018611
-0.018537
-0.018537
-0.018562
-0.018537
-0.018488
-0.018488
-0.018512
-0.018562
-0.018611
-0.018586
-0.018562
-0.018562
-0.018611
-0.018611
-0.018586
-0.018611
-0.018512
-0.018414
-0.018365
-0.018414
-0.018439
-0.018414
-0.018414
-0.018439
-0.018488
-0.018537
-0.018537
-0.018537
-0.018537
-0.018611
-0.018635
-0.018635
-0.018586
-0.018586
-0.018611
-0.018635
-0.018611
-0.018586
-0.018586
-0.018611
-0.018586
-0.018562
-0.018512
-0.018512
-0.018562
-0.018562
-0.018562
-0.018512
-0.018537
-0.018611
-0.01866
-0.01866
-0.01866
-0.018685
-0.018734
-0.018685
-0.018685
-0.01866
-0.018611
-0.018611
-0.01866
-0.018709
-0.018709
-0.01866
-0.01866
-0.018685
-0.018685
-0.018635
-0.018562
-0.018537
-0.018537
-0.018537
-0.018537
-0.018512
-0.018537
-0.018635
-0.018709
-0.018734
-0.018734
-0.018783
-0.018857
-0.018931
-0.01898
-0.01898
-0.019029
-0.019128
-0.019177
-0.019128
-0.019054
-0.019005
-0.01898
-0.018955
-0.018906
-0.018832
-0.018808
-0.018685
-0.018685
-0.018734
-0.018808
-0.018808
-0.018783
-0.018783
-0.018832
-0.018857
-0.018857
-0.018808
-0.018783
-0.018808
-0.018832
-0.018808
-0.018783
-0.018783
-0.018832
-0.018882
-0.018857
-0.018832
-0.018857
-0.018955
-0.01898
-0.01898
-0.01898
-0.019054
-0.019152
-0.019226
-0.019251
-0.019251
-0.019276
-0.019374
-0.019423
-0.019399
-0.019325
-0.0193
-0.019349
-0.019374
-0.019374
-0.019374
-0.019374
-0.019349
-0.019349
-0.019374
-0.019349
-0.0193
-0.019202
-0.019152
-0.019152
-0.019152
-0.019128
-0.019079
-0.019054
-0.019103
-0.019152
-0.019177
-0.019152
-0.019202
-0.019251
-0.019325
-0.019374
-0.019349
-0.019349
-0.019374
-0.019374
-0.0193
-0.019251
-0.019202
-0.019226
-0.019251
-0.019202
-0.019128
-0.019103
-0.019103
-0.019128
-0.019103
-0.019054
-0.019029
-0.019079
-0.019152
-0.019251
-0.019349
-0.019374
-0.019374
-0.019349
-0.019349
-0.019374
-0.019349
-0.0193
-0.019276
-0.0193
-0.019325
-0.019276
-0.019226
-0.019202
-0.019226
-0.019226
-0.019177
-0.019103
-0.019079
-0.019079
-0.019103
-0.019079
-0.019054
-0.019029
-0.019079
-0.019128
-0.019152
-0.019128
-0.019128
-0.019202
-0.019251
-0.019226
-0.019177
-0.019128
-0.019128
-0.019152
-0.019152
-0.019103
-0.019128
-0.019103
-0.019103
-0.019177
-0.019251
-0.019276
-0.019276
-0.019276
-0.019325
-0.019349
-0.019325
-0.019251
-0.019202
-0.019226
-0.019251
-0.019226
-0.019177
-0.019177
-0.019226
-0.019276
-0.019325
-0.0193
-0.019325
-0.019374
-0.019448
-0.019472
-0.019448
-0.019472
-0.019546
-0.019596
-0.01962
-0.019596
-0.019571
-0.019596
-0.01962
-0.01962
-0.019596
-0.019596
-0.019669
-0.019719
-0.019842
-0.01994
-0.019989
-0.020014
-0.020014
-0.020063
-0.020162
-0.020211
-0.020211
-0.020211
-0.020285
-0.020309
-0.020285
-0.020211
-0.020113
-0.020088
-0.020039
-0.019989
-0.019891
-0.019817
-0.019792
-0.019792
-0.019768
-0.019719
-0.019694
-0.019719
-0.019792
-0.019817
-0.019768
-0.019768
-0.019792
-0.019866
-0.019891
-0.019866
-0.019866
-0.019916
-0.01994
-0.019916
-0.019866
-0.019817
-0.019768
-0.019694
-0.019669
-0.019669
-0.019645
-0.019596
-0.019546
-0.019571
-0.01962
-0.01962
-0.019571
-0.019546
-0.019546
-0.019571
-0.01962
-0.019645
-0.019645
-0.019694
-0.019792
-0.019842
-0.019842
-0.019866
-0.019916
-0.019989
-0.020039
-0.020014
-0.020014
-0.019989
-0.020014
-0.019965
-0.019891
-0.019817
-0.019792
-0.019842
-0.019817
-0.019768
-0.019743
-0.019768
-0.019842
-0.019866
-0.019989
-0.020039
-0.020063
-0.020063
-0.020113
-0.020162
-0.020186
-0.020162
-0.020137
-0.020137
-0.020186
-0.020211
-0.020137
-0.020063
-0.020039
-0.020063
-0.020039
-0.020014
-0.019965
-0.019989
-0.020039
-0.020063
-0.020063
-0.020088
-0.020162
-0.02026
-0.020334
-0.020309
-0.02026
-0.02026
-0.02026
-0.020236
-0.020186
-0.020137
-0.020137
-0.020186
-0.020162
-0.020113
-0.020039
-0.020063
-0.020113
-0.020162
-0.020236
-0.020309
-0.020359
-0.020383
-0.020457
-0.020531
-0.020531
-0.020506
-0.020433
-0.020433
-0.020433
-0.020433
-0.020408
-0.020334
-0.020359
-0.020383
-0.020433
-0.020408
-0.020383
-0.020433
-0.020506
-0.020556
-0.020556
-0.020556
-0.020605
-0.020654
-0.020654
-0.020629
-0.020605
-0.020605
-0.020629
-0.020629
-0.02058
-0.020531
-0.020531
-0.020556
-0.020556
-0.020482
-0.020482
-0.020457
-0.020383
-0.020383
-0.020408
-0.020433
-0.020383
-0.020334
-0.020359
-0.020408
-0.020433
-0.020408
-0.020383
-0.020408
-0.020457
-0.020506
-0.020506
-0.020506
-0.020531
-0.020629
-0.020679
-0.020654
-0.020629
-0.020654
-0.020728
-0.020777
-0.020753
-0.020703
-0.020728
-0.020753
-0.020802
-0.020777
-0.020728
-0.020728
-0.020777
-0.020826
-0.020826
-0.020826
-0.020851
-0.0209
-0.020925
-0.020999
-0.021048
-0.021023
-0.020925
-0.0209
-0.020925
-0.020925
-0.0209
-0.020826
-0.020802
-0.020826
-0.020851
-0.020851
-0.020826
-0.020826
-0.0209
-0.02095
-0.020974
-0.02095
-0.020999
-0.021073
-0.021122
-0.021122
-0.021073
-0.021048
-0.021073
-0.021097
-0.021048
-0.020999
-0.02095
-0.020974
-0.020999
-0.02095
-0.0209
-0.020876
-0.0209
-0.020925
-0.020876
-0.020802
-0.020728
-0.020728
-0.020753
-0.020802
-0.020802
-0.020777
-0.020777
-0.020802
-0.020851
-0.020851
-0.020802
-0.020802
-0.020876
-0.0209
-0.020876
-0.020826
-0.020802
-0.020826
-0.020876
-0.020876
-0.020851
-0.020851
-0.0209
-0.02095
-0.020974
-0.02095
-0.02095
-0.020974
-0.020999
-0.020974
-0.0209
-0.020876
-0.0209
-0.0209
-0.020826
-0.020753
-0.020679
-0.020703
-0.020728
-0.020703
-0.020753
-0.020753
-0.020728
-0.020753
-0.020826
-0.0209
-0.020925
-0.020925
-0.020925
-0.020974
-0.020999
-0.020999
-0.020974
-0.020974
-0.021023
-0.021073
-0.021073
-0.021023
-0.021048
-0.021097
-0.021146
-0.021146
-0.021122
-0.021122
-0.021196
-0.021245
-0.02122
-0.021171
-0.021122
-0.021146
-0.021171
-0.021122
-0.021048
-0.020974
-0.02095
-0.02095
-0.0209
-0.020851
-0.020826
-0.020876
-0.0209
-0.02095
-0.021023
-0.021023
-0.020999
-0.021023
-0.021073
-0.021122
-0.021122
-0.021073
-0.021048
-0.021073
-0.021122
-0.021122
-0.021048
-0.020999
-0.021023
-0.021023
-0.020974
-0.020925
-0.020876
-0.0209
-0.0209
-0.0209
-0.020851
-0.020826
-0.020851
-0.020876
-0.020876
-0.020876
-0.020851
-0.020876
-0.0209
-0.020876
-0.020802
-0.020777
-0.020802
-0.020876
-0.0209
-0.020851
-0.020999
-0.020999
-0.020999
-0.021073
-0.021146
-0.021196
-0.021171
-0.021122
-0.021097
-0.021097
-0.021097
-0.021048
-0.021023
-0.021073
-0.021097
-0.021097
-0.021073
-0.021073
-0.021122
-0.021171
-0.021171
-0.021122
-0.021097
-0.021097
-0.021146
-0.021122
-0.021073
-0.021023
-0.021048
-0.021097
-0.021097
-0.021023
-0.020974
-0.020974
-0.020974
-0.020974
-0.02095
-0.020925
-0.020925
-0.020974
-0.020925
-0.02095
-0.0209
-0.0209
-0.020925
-0.020999
-0.021048
-0.021023
-0.021048
-0.021122
-0.02122
-0.021294
-0.021294
-0.021343
-0.021442
-0.02154
-0.02159
-0.02159
-0.02159
-0.021663
-0.021737
-0.021713
-0.021639
-0.021565
-0.021516
-0.021466
-0.021417
-0.021319
-0.02122
-0.021171
-0.021146
-0.021146
-0.021097
-0.021048
-0.021048
-0.021097
-0.021122
-0.021122
-0.021122
-0.021146
-0.021097
-0.021048
-0.021023
-0.020999
-0.02095
-0.0209
-0.020876
-0.020851
-0.020826
-0.020753
-0.020703
-0.020703
-0.020753
-0.020753
-0.020654
-0.020556
-0.020482
-0.020457
-0.020383
-0.020236
-0.020088
-0.020014
-0.019965
-0.019891
-0.019743
-0.019596
-0.019472
-0.019374
-0.019251
-0.019103
-0.01898
-0.018931
-0.018931
-0.018931
-0.018906
-0.018906
-0.019005
-0.019152
-0.0193
-0.019423
-0.020039
-0.020063
-0.020088
-0.020113
-0.020162
-0.020186
-0.020137
-0.020113
-0.020113
-0.020162
-0.020186
-0.020162
-0.020113
-0.020137
-0.020211
-0.020309
-0.020359
-0.020383
-0.020457
-0.020556
-0.020605
-0.02058
-0.020531
-0.020482
-0.020482
-0.020506
-0.020482
-0.020457
-0.020457
-0.020506
-0.020531
-0.020506
-0.020482
-0.020506
-0.02058
-0.020629
-0.020605
-0.020605
-0.020654
-0.020728
-0.020654
-0.020654
-0.02058
-0.020506
-0.020482
-0.020531
-0.020531
-0.020482
-0.020433
-0.020433
-0.020457
-0.020457
-0.020433
-0.020408
-0.020433
-0.020506
-0.02058
-0.02058
-0.020556
-0.020556
-0.020605
-0.020629
-0.020629
-0.02058
-0.020556
-0.02058
-0.020605
-0.020556
-0.020482
-0.020482
-0.020506
-0.020556
-0.020556
-0.020531
-0.020556
-0.020654
-0.020703
-0.020703
-0.020728
-0.020753
-0.0209
-0.020876
-0.020851
-0.020802
-0.020654
-0.020506
-0.020408
-0.020383
-0.020359
-0.020285
-0.020162
-0.020088
-0.020088
-0.020113
-0.020088
-0.020039
-0.020039
-0.020113
-0.020211
-0.020236
-0.02026
-0.020285
-0.020359
-0.020383
-0.020334
-0.020211
-0.020137
-0.020137
-0.020113
-0.019989
-0.019866
-0.019743
-0.019694
-0.019645
-0.019571
-0.019472
-0.019399
-0.019399
-0.019399
-0.019374
-0.019571
-0.019571
-0.019571
-0.01962
-0.019669
-0.01962
-0.019522
-0.019497
-0.019497
-0.019522
-0.019472
-0.019399
-0.019349
-0.019349
-0.019374
-0.019349
-0.0193
-0.0193
-0.019399
-0.019472
-0.019497
-0.019497
-0.019522
-0.019596
-0.019645
-0.019645
-0.01962
-0.019596
-0.019645
-0.019694
-0.019669
-0.01962
-0.019571
-0.01962
-0.019669
-0.019669
-0.019645
-0.019669
-0.019719
-0.019792
-0.01994
-0.020039
-0.020063
-0.020039
-0.020063
-0.020088
-0.020113
-0.020063
-0.020014
-0.019989
-0.020039
-0.020088
-0.020063
-0.020014
-0.020014
-0.020088
-0.020162
-0.020186
-0.020186
-0.020162
-0.020211
-0.02026
-0.020285
-0.020211
-0.020162
-0.020186
-0.020211
-0.020211
-0.020162
-0.020137
-0.020186
-0.02026
-0.02026
-0.020211
-0.020186
-0.020236
-0.02026
-0.02026
-0.020186
-0.020137
-0.020236
-0.020211
-0.020236
-0.020285
-0.02026
-0.020211
-0.020186
-0.020211
-0.02026
-0.020236
-0.020186
-0.020162
-0.020186
-0.020211
-0.020211
-0.020162
-0.020137
-0.020186
-0.020236
-0.02026
-0.020211
-0.020211
-0.02026
-0.020334
-0.020309
-0.02026
-0.020211
-0.020211
-0.020211
-0.020186
-0.020039
-0.01994
-0.019891
-0.019891
-0.019866
-0.019817
-0.019768
-0.019792
-0.019866
-0.019916
-0.020014
-0.020014
-0.019989
-0.019965
-0.020014
-0.020063
-0.020088
-0.020039
-0.020014
-0.020063
-0.020113
-0.020137
-0.020113
-0.020088
-0.020113
-0.020186
-0.020211
-0.020186
-0.020186
-0.02026
-0.020334
-0.020383
-0.020359
-0.020359
-0.020383
-0.020433
-0.020408
-0.020334
-0.02026
-0.02026
-0.020285
-0.02026
-0.020186
-0.020162
-0.020162
-0.020211
-0.020236
-0.020236
-0.02026
-0.020334
-0.020531
-0.020605
-0.020605
-0.020531
-0.020457
-0.020457
-0.020482
-0.020506
-0.020482
-0.020482
-0.020506
-0.02058
-0.020605
-0.020605
-0.020629
-0.020654
-0.020703
-0.020753
-0.020728
-0.020728
-0.020753
-0.020777
-0.020777
-0.020703
-0.020629
-0.020629
-0.020629
-0.020605
-0.020506
-0.020433
-0.020408
-0.020433
-0.020457
-0.020408
-0.020334
-0.020334
-0.020408
-0.020433
-0.020408
-0.020383
-0.020408
-0.020433
-0.020457
-0.020482
-0.020457
-0.020457
-0.020506
-0.02058
-0.020629
-0.020605
-0.020556
-0.02058
-0.020629
-0.020654
-0.020654
-0.020629
-0.020654
-0.020728
-0.020777
-0.020753
-0.020703
-0.020753
-0.020802
-0.020826
-0.020802
-0.020753
-0.020753
-0.020826
-0.020851
-0.020826
-0.020826
-0.020851
-0.020925
-0.020999
-0.020999
-0.020999
-0.021048
-0.021146
-0.02122
-0.02122
-0.021245
-0.021146
-0.021097
-0.021073
-0.021048
-0.020974
-0.020925
-0.0209
-0.0209
-0.0209
-0.020851
-0.020802
-0.020826
-0.020876
-0.020876
-0.020851
-0.020802
-0.020826
-0.020851
-0.020876
-0.020826
-0.020753
-0.020728
-0.020753
-0.020777
-0.020753
-0.020703
-0.020703
-0.020753
-0.020802
-0.020802
-0.020777
-0.020802
-0.020876
-0.0209
-0.0209
-0.020851
-0.020851
-0.020925
-0.020925
-0.020826
-0.020851
-0.020802
-0.020728
-0.020679
-0.020703
-0.020728
-0.020679
-0.020629
-0.020629
-0.020679
-0.020728
-0.020728
-0.020703
-0.020753
-0.020826
-0.0209
-0.0209
-0.0209
-0.0209
-0.02095
-0.020974
-0.020974
-0.020925
-0.020925
-0.020974
-0.021023
-0.020974
-0.0209
-0.0209
-0.02095
-0.020974
-0.020974
-0.020925
-0.0209
-0.020925
-0.020925
-0.020876
-0.020802
-0.020777
-0.020753
-0.020802
-0.0209
-0.020974
-0.021023
-0.020999
-0.020999
-0.021073
-0.021122
-0.021122
-0.021073
-0.021073
-0.021097
-0.021122
-0.021097
-0.021023
-0.02095
-0.020974
-0.020974
-0.020925
-0.020851
-0.020826
-0.020851
-0.020876
-0.020876
-0.020851
-0.020851
-0.0209
-0.020974
-0.020999
-0.020999
-0.021023
-0.021122
-0.021146
-0.021097
-0.020999
-0.020925
-0.020925
-0.020925
-0.020876
-0.020753
-0.020703
-0.020629
-0.020556
-0.02058
-0.020629
-0.020605
-0.020556
-0.020556
-0.02058
-0.020629
-0.020629
-0.020605
-0.02058
-0.020605
-0.020605
-0.02058
-0.020506
-0.020482
-0.020506
-0.020506
-0.020433
-0.020334
-0.020285
-0.020309
-0.020359
-0.020334
-0.02026
-0.020236
-0.020285
-0.020359
-0.020359
-0.020285
-0.02026
-0.020309
-0.020383
-0.020383
-0.020359
-0.020334
-0.020383
-0.020605
-0.020679
-0.020728
-0.020703
-0.020703
-0.020777
-0.020851
-0.020851
-0.020802
-0.020728
-0.020728
-0.020728
-0.020703
-0.020605
-0.020556
-0.020556
-0.020605
-0.02058
-0.020531
-0.020506
-0.02058
-0.020629
-0.020629
-0.020605
-0.020605
-0.020679
-0.020728
-0.020753
-0.020703
-0.020679
-0.020728
-0.020826
-0.020826
-0.020826
-0.020826
-0.020876
-0.0209
-0.020876
-0.020826
-0.020802
-0.020753
-0.020703
-0.020728
-0.020802
-0.020777
-0.020728
-0.020679
-0.020703
-0.020728
-0.020753
-0.020753
-0.020703
-0.020728
-0.020777
-0.020777
-0.020728
-0.020703
-0.020703
-0.020777
-0.020777
-0.020728
-0.020703
-0.020703
-0.020753
-0.020728
-0.020679
-0.020654
-0.020679
-0.020703
-0.020728
-0.020703
-0.020703
-0.020753
-0.020851
-0.020876
-0.020876
-0.020876
-0.020999
-0.021122
-0.021146
-0.021023
-0.020999
-0.020974
-0.020999
-0.021048
-0.021073
-0.021048
-0.020999
-0.021023
-0.021073
-0.021048
-0.021023
-0.021023
-0.021048
-0.021122
-0.021146
-0.021146
-0.021122
-0.021196
-0.02127
-0.021319
-0.021294
-0.02127
-0.021294
-0.021343
-0.021343
-0.02127
-0.021196
-0.021196
-0.02122
-0.02122
-0.021171
-0.021122
-0.021122
-0.021171
-0.021196
-0.021171
-0.021171
-0.02122
-0.021294
-0.021417
-0.021417
-0.021343
-0.02127
-0.02127
-0.021319
-0.021294
-0.021196
-0.021122
-0.021122
-0.021171
-0.021171
-0.021097
-0.021048
-0.021073
-0.021171
-0.02122
-0.021196
-0.021196
-0.021245
-0.021294
-0.021294
-0.02122
-0.021122
-0.021048
-0.021023
-0.020999
-0.020925
-0.020851
-0.020826
-0.020876
-0.0209
-0.020851
-0.020802
-0.020802
-0.020876
-0.020876
-0.020851
-0.020802
-0.020826
-0.020925
-0.020974
-0.021023
-0.021023
-0.020999
-0.02095
-0.02095
-0.021023
-0.021073
-0.021073
-0.021048
-0.021048
-0.021122
-0.021146
-0.021122
-0.021073
-0.021097
-0.021146
-0.021146
-0.021097
-0.021048
-0.021073
-0.021122
-0.021146
-0.021122
-0.021097
-0.021097
-0.021146
-0.021171
-0.021146
-0.021048
-0.020999
-0.020999
-0.020999
-0.0209
-0.020802
-0.020777
-0.020802
-0.020826
-0.020777
-0.020851
-0.020826
-0.020826
-0.020876
-0.02095
-0.021048
-0.021023
-0.020974
-0.02095
-0.02095
-0.020974
-0.0209
-0.020777
-0.020728
-0.020728
-0.020728
-0.020654
-0.020605
-0.020605
-0.020629
-0.020654
-0.020629
-0.02058
-0.02058
-0.020629
-0.020679
-0.020679
-0.020629
-0.020679
-0.020753
-0.020802
-0.020802
-0.020777
-0.020802
-0.020876
-0.020925
-0.020925
-0.020876
-0.020876
-0.02095
-0.02095
-0.020999
-0.021023
-0.020999
-0.020974
-0.020974
-0.021023
-0.021073
-0.021023
-0.02095
-0.02095
-0.020974
-0.020999
-0.020974
-0.0209
-0.0209
-0.020925
-0.020999
-0.020999
-0.020974
-0.020974
-0.021023
-0.021048
-0.020999
-0.020925
-0.0209
-0.02095
-0.020974
-0.02095
-0.020925
-0.020925
-0.020999
-0.021073
-0.021122
-0.021146
-0.021171
-0.02127
-0.021343
-0.021343
-0.021319
-0.021565
-0.02154
-0.021516
-0.021565
-0.02159
-0.021565
-0.021491
-0.021442
-0.021442
-0.021466
-0.021417
-0.021343
-0.021319
-0.021343
-0.021368
-0.021343
-0.021294
-0.021294
-0.021343
-0.021417
-0.021417
-0.021393
-0.021368
-0.021393
-0.021393
-0.021343
-0.021294
-0.02127
-0.021319
-0.021368
-0.021343
-0.021294
-0.02127
-0.021294
-0.021343
-0.021319
-0.021294
-0.021294
-0.021368
-0.021417
-0.021466
-0.02154
-0.021565
-0.02154
-0.021565
-0.021663
-0.021737
-0.021713
-0.02159
-0.021516
-0.021516
-0.021565
-0.02154
-0.021466
-0.021417
-0.021442
-0.021491
-0.021491
-0.021442
-0.021417
-0.021442
-0.021466
-0.021466
-0.021417
-0.021368
-0.021417
-0.021466
-0.021466
-0.021417
-0.021393
-0.021417
-0.021442
-0.021417
-0.021393
-0.021393
-0.021466
-0.02154
-0.021565
-0.021516
-0.021516
-0.021466
-0.021516
-0.02159
-0.02159
-0.02154
-0.021516
-0.02154
-0.02159
-0.021565
-0.021491
-0.021417
-0.021417
-0.021417
-0.021393
-0.021294
-0.021245
-0.021245
-0.021294
-0.021294
-0.02127
-0.02127
-0.021319
-0.021393
-0.021368
-0.021294
-0.02122
-0.02122
-0.02127
-0.02127
-0.021196
-0.021146
-0.021146
-0.021171
-0.021171
-0.021146
-0.021097
-0.021122
-0.021196
-0.02122
-0.021196
-0.021442
-0.021442
-0.021417
-0.021466
-0.021516
-0.021491
-0.021417
-0.021343
-0.021343
-0.021393
-0.021368
-0.02127
-0.021196
-0.021196
-0.021245
-0.021245
-0.021171
-0.021146
-0.021171
-0.02122
-0.021245
-0.02122
-0.02122
-0.02127
-0.021368
-0.021393
-0.021368
-0.021368
-0.021442
-0.02154
-0.02159
-0.02159
-0.021565
-0.02159
-0.021639
-0.021663
-0.021639
-0.021614
-0.021663
-0.021737
-0.021787
-0.02186
-0.02191
-0.021885
-0.021836
-0.021836
-0.021885
-0.02191
-0.021836
-0.021787
-0.021811
-0.02186
-0.02186
-0.021811
-0.021737
-0.021737
-0.021811
-0.021811
-0.021762
-0.021762
-0.021787
-0.02186
-0.02191
-0.02191
-0.02191
-0.021959
-0.021983
-0.022008
-0.021983
-0.021959
-0.022008
-0.022082
-0.022107
-0.022033
-0.021959
-0.021934
-0.021983
-0.022008
-0.021934
-0.02186
-0.02186
-0.021811
-0.021836
-0.02191
-0.021959
-0.02191
-0.02191
-0.021934
-0.022057
-0.022107
-0.022107
-0.022131
-0.02218
-0.022279
-0.022328
-0.022279
-0.022205
-0.022205
-0.022254
-0.022254
-0.022205
-0.022156
-0.022156
-0.02223
-0.022279
-0.022254
-0.02223
-0.022279
-0.022353
-0.022402
-0.022402
-0.022377
-0.022402
-0.022476
-0.022525
-0.022525
-0.0225
-0.02255
-0.022697
-0.022771
-0.023067
-0.023165
-0.02319
-0.02319
-0.023239
-0.023313
-0.023337
-0.023288
-0.023214
-0.023165
-0.023165
-0.023165
-0.023091
-0.022968
-0.022919
-0.022944
-0.022968
-0.022919
-0.02287
-0.02287
-0.022919
-0.022944
-0.022919
-0.02287
-0.022894
-0.022944
-0.022993
-0.022944
-0.02287
-0.02282
-0.02282
-0.022845
-0.022771
-0.022697
-0.022673
-0.022722
-0.022747
-0.022697
-0.022648
-0.022673
