2018
7
9
15
32
37.879
0.067083
0.067058
0.067058
0.067058
0.067033
0.067033
0.067058
0.067033
0.067009
0.067009
0.067033
0.067033
0.067033
0.067009
0.067009
0.067009
0.067009
0.066984
0.066984
0.066984
0.066984
0.06696
0.06696
0.06696
0.066984
0.06696
0.06696
0.06696
0.06696
0.06696
0.06696
0.066984
0.06696
0.066935
0.06696
0.06696
0.06696
0.066935
0.066935
0.066935
0.06691
0.066935
0.06696
0.066935
0.066935
0.066935
0.06691
0.06691
0.06691
0.06691
0.06691
0.06691
0.06691
0.066886
0.066886
0.066886
0.066886
0.066886
0.066861
0.066861
0.066861
0.066886
0.066886
0.066861
0.066837
0.066837
0.066837
0.066861
0.066837
0.066837
0.066812
0.066812
0.066837
0.066837
0.066812
0.066812
0.066812
0.066837
0.066837
0.066812
0.066787
0.066763
0.066763
0.066763
0.066763
0.066763
0.066763
0.066738
0.066738
0.066738
0.066738
0.066713
0.066713
0.066738
0.066738
0.066713
0.066713
0.066713
0.066713
0.066713
0.066713
0.066689
0.066689
0.066689
0.066689
0.066689
0.066689
0.066664
0.066664
0.066664
0.066664
0.06664
0.06664
0.06664
0.06664
0.06664
0.06664
0.06664
0.066664
0.066664
0.066615
0.066566
0.066517
0.066443
0.066393
0.066369
0.066344
0.066393
0.066467
0.066541
0.066566
0.066566
0.066566
0.066566
0.066541
0.066566
0.066566
0.066566
0.066566
0.066541
0.066541
0.066517
0.066517
0.066517
0.066517
0.066517
0.066492
0.066492
0.066517
0.066517
0.066492
0.066492
0.066467
0.066467
0.066467
0.066467
0.066467
0.066467
0.066443
0.066443
0.066418
0.066443
0.066443
0.066443
0.066418
0.066418
0.066418
0.066393
0.066393
0.066393
0.066393
0.066369
0.066369
0.066344
0.066295
0.06632
0.06632
0.06632
0.066344
0.066344
0.066344
0.06632
0.06632
0.066295
0.06627
0.06627
0.06627
0.06627
0.06627
0.066246
0.066246
0.066246
0.066246
0.066221
0.066221
0.066246
0.066246
0.06627
0.06627
0.06627
0.066295
0.06627
0.06627
0.06627
0.066295
0.066295
0.066295
0.066295
0.066295
0.066295
0.066295
0.06627
0.06627
0.066246
0.066246
0.066246
0.066246
0.066246
0.066246
0.066246
0.066246
0.066246
0.066221
0.066246
0.066246
0.066246
0.066246
0.066246
0.066246
0.066246
0.066246
0.066246
0.066221
0.066246
0.066221
0.066221
0.066221
0.066221
0.066221
0.066221
0.066197
0.066197
0.066197
0.066197
0.066221
0.066197
0.066197
0.066197
0.066197
0.066197
0.066197
0.066197
0.066197
0.066197
0.066172
0.066172
0.066172
0.066172
0.066172
0.066147
0.066147
0.066172
0.066172
0.066147
0.066147
0.066172
0.066147
0.066147
0.066123
0.066123
0.066123
0.066123
0.066123
0.066098
0.066098
0.066123
0.066123
0.066123
0.066123
0.066123
0.066073
0.066098
0.066098
0.066098
0.066098
0.066098
0.066098
0.066098
0.066098
0.066073
0.066073
0.066073
0.066073
0.066073
0.066073
0.066073
0.066073
0.066073
0.066073
0.066073
0.066073
0.066049
0.066073
0.066049
0.066049
0.066049
0.066049
0.066049
0.066049
0.066049
0.066049
0.066049
0.066024
0.066024
0.066049
0.066049
0.066024
0.066024
0.066024
0.066024
0.066024
0.066024
0.066024
0.066
0.066
0.066024
0.066024
0.066
0.066
0.066
0.066024
0.066024
0.066
0.066
0.066
0.066
0.066
0.065975
0.065975
0.065975
0.065975
0.065975
0.065975
0.065975
0.065975
0.065975
0.06595
0.06595
0.06595
0.06595
0.065926
0.065926
0.065926
0.065926
0.065926
0.065926
0.065926
0.065926
0.065926
0.065901
0.065926
0.065901
0.065876
0.065803
0.065753
0.065729
0.06568
0.06563
0.06563
0.06568
0.065778
0.065852
0.065852
0.065827
0.065827
0.065803
0.065803
0.065803
0.065803
0.065803
0.065778
0.065803
0.065778
0.065778
0.065778
0.065753
0.065753
0.065753
0.065753
0.065753
0.065729
0.065753
0.065753
0.065729
0.065704
0.065704
0.065704
0.065704
0.065704
0.06568
0.065655
0.06563
0.06563
0.065655
0.06563
0.06563
0.065606
0.065606
0.065606
0.065606
0.065581
0.065581
0.065581
0.065556
0.065556
0.065532
0.065532
0.065507
0.065507
0.065507
0.065483
0.065483
0.065483
0.065458
0.065458
0.065458
0.065458
0.065458
0.065458
0.065458
0.065433
0.065409
0.065409
0.065409
0.065409
0.065409
0.065384
0.065384
0.065384
0.065384
0.065384
0.065384
0.065409
0.065384
0.065384
0.065384
0.065384
0.065409
0.065409
0.065384
0.065384
0.065384
0.065384
0.065384
0.06536
0.06536
0.06536
0.065335
0.065335
0.065335
0.06536
0.06536
0.065335
0.06531
0.065335
0.06531
0.06531
0.06531
0.06531
0.06531
0.06531
0.06531
0.06531
0.065286
0.065286
0.065286
0.065286
0.065286
0.065286
0.065261
0.065286
0.065261
0.065286
0.065286
0.065261
0.065261
0.065236
0.065236
0.065236
0.065212
0.065212
0.065212
0.065212
0.065212
0.065212
0.065212
0.065212
0.065187
0.065187
0.065187
0.065187
0.065187
0.065212
0.065212
0.065212
0.065187
0.065187
0.065187
0.065163
0.065163
0.065138
0.065113
0.065113
0.065138
0.065138
0.065163
0.065138
0.065138
0.065138
0.065138
0.065113
0.065113
0.065113
0.065113
0.065089
0.065089
0.065089
0.065064
0.065089
0.065089
0.065089
0.065064
0.065064
0.065064
0.065064
0.065064
0.065064
0.065064
0.065064
0.065064
0.065039
0.065039
0.065039
0.065039
0.065039
0.065039
0.065039
0.065015
0.065015
0.065015
0.065015
0.065015
0.065015
0.06499
0.06499
0.06499
0.06499
0.06499
0.065015
0.065015
0.064966
0.064966
0.064966
0.064966
0.064966
0.064966
0.064966
0.064966
0.064966
0.064966
0.064966
0.064966
0.064966
0.064941
0.064941
0.064941
0.064941
0.064941
0.064941
0.064916
0.064916
0.064892
0.064916
0.064916
0.064916
0.064916
0.064916
0.064892
0.064892
0.064892
0.064892
0.064892
0.064892
0.064892
0.064892
0.064892
0.064892
0.064892
0.064892
0.064892
0.064892
0.064867
0.064818
0.064769
0.064719
0.06467
0.064621
0.064596
0.064621
0.064695
0.064793
0.064818
0.064818
0.064818
0.064818
0.064818
0.064793
0.064818
0.064818
0.064818
0.064818
0.064818
0.064818
0.064793
0.064793
0.064793
0.064793
0.064793
0.064818
0.064818
0.064793
0.064793
0.064793
0.064793
0.064769
0.064769
0.064769
0.064769
0.064769
0.064744
0.064769
0.064744
0.064744
0.064744
0.064769
0.064744
0.064719
0.064719
0.064719
0.064719
0.064695
0.064695
0.06467
0.064695
0.064695
0.064695
0.06467
0.06467
0.06467
0.06467
0.064646
0.064646
0.064646
0.064646
0.064646
0.064646
0.064646
0.064621
0.064646
0.064621
0.064596
0.064596
0.064621
0.064596
0.064621
0.064596
0.064596
0.064572
0.064596
0.064621
0.064596
0.064596
0.064596
0.064621
0.064621
0.064621
0.064621
0.064621
0.064621
0.064621
0.064621
0.064621
0.064621
0.064596
0.064596
0.064596
0.064596
0.064572
0.064572
0.064596
0.064596
0.064596
0.064596
0.064596
0.064596
0.064596
0.064596
0.064596
0.064596
0.064596
0.064572
0.064572
0.064572
0.064547
0.064547
0.064572
0.064572
0.064547
0.064547
0.064547
0.064523
0.064523
0.064523
0.064523
0.064523
0.064498
0.064523
0.064523
0.064498
0.064498
0.064498
0.064498
0.064498
0.064498
0.064473
0.064473
0.064473
0.064473
0.064473
0.064473
0.064473
0.064449
0.064473
0.064473
0.064473
0.064449
0.064449
0.064449
0.064449
0.064449
0.064424
0.064449
0.064449
0.064449
0.064424
0.064424
0.064424
0.064424
0.064424
0.064424
0.064399
0.064399
0.064424
0.064399
0.064399
0.064424
0.064424
0.064424
0.064424
0.064424
0.064399
0.064399
0.064399
0.064399
0.064399
0.064399
0.064375
0.064375
0.064399
0.064399
0.064399
0.064375
0.064375
0.064375
0.064375
0.064399
0.064375
0.064375
0.064375
0.064375
0.064375
0.064375
0.064375
0.064375
0.064375
0.06435
0.06435
0.06435
0.06435
0.06435
0.064326
0.064326
0.06435
0.064326
0.064326
0.064326
0.06435
0.064326
0.064301
0.064301
0.064326
0.06435
0.064326
0.064326
0.064301
0.064301
0.064301
0.064301
0.064301
0.064301
0.064301
0.064301
0.064301
0.064276
0.064276
0.064276
0.064252
0.064252
0.064252
0.064252
0.064252
0.064252
0.064276
0.064276
0.064252
0.064276
0.064276
0.064276
0.064276
0.064276
0.064276
0.064276
0.064252
0.064202
0.064153
0.064129
0.064079
0.06403
0.064006
0.064006
0.064079
0.064153
0.064202
0.064202
0.064178
0.064178
0.064178
0.064178
0.064178
0.064178
0.064178
0.064178
0.064178
0.064153
0.064153
0.064153
0.064153
0.064178
0.064178
0.064178
0.064153
0.064178
0.064153
0.064153
0.064153
0.064129
0.064129
0.064153
0.064153
0.064129
0.064129
0.064104
0.064104
0.064104
0.064104
0.064104
0.064104
0.064079
0.064079
0.064079
0.064079
0.064079
0.064079
0.064079
0.064079
0.064079
0.064055
0.06403
0.064055
0.064055
0.06403
0.06403
0.06403
0.064006
0.064006
0.064006
0.06403
0.064006
0.064006
0.064006
0.064006
0.063981
0.063981
0.063956
0.063956
0.063956
0.063956
0.063956
0.063932
0.063932
0.063981
0.063981
0.063981
0.063981
0.063981
0.063981
0.064006
0.064006
0.063981
0.063981
0.063981
0.063981
0.063981
0.063981
0.063981
0.063956
0.063981
0.063981
0.063981
0.063981
0.063956
0.063956
0.063956
0.063956
0.063956
0.063981
0.063981
0.063956
0.063956
0.063956
0.063956
0.063981
0.063981
0.063956
0.063956
0.063932
0.063932
0.063932
0.063932
0.063907
0.063882
0.063907
0.063907
0.063907
0.063932
0.063932
0.063907
0.063907
0.063907
0.063907
0.063907
0.063907
0.063907
0.063907
0.063907
0.063907
0.063882
0.063882
0.063882
0.063882
0.063858
0.063882
0.063882
0.063882
0.063907
0.063882
0.063882
0.063882
0.063882
0.063882
0.063882
0.063882
0.063858
0.063882
0.063882
0.063858
0.063833
0.063833
0.063833
0.063858
0.063833
0.063833
0.063833
0.063809
0.063833
0.063833
0.063858
0.063833
0.063833
0.063833
0.063833
0.063833
0.063833
0.063809
0.063809
0.063809
0.063809
0.063809
0.063809
0.063809
0.063809
0.063833
0.063809
0.063809
0.063809
0.063809
0.063784
0.063784
0.063784
0.063784
0.063784
0.063784
0.063784
0.063759
0.063759
0.063759
0.063759
0.063759
0.063784
0.063759
0.063735
0.063759
0.063759
0.063735
0.063735
0.063735
0.063735
0.063735
0.063735
0.063735
0.06371
0.06371
0.06371
0.06371
0.063686
0.063686
0.063686
0.063686
0.063686
0.063686
0.063686
0.063686
0.063686
0.063686
0.063686
0.06371
0.063686
0.063686
0.063686
0.063686
0.06371
0.063686
0.063686
0.063686
0.063661
0.063686
0.063686
0.063686
0.063686
0.063686
0.063735
0.063735
0.063686
0.063661
0.063587
0.063538
0.063513
0.063439
0.063415
0.063415
0.063489
0.063587
0.063636
0.063636
0.063612
0.063612
0.063612
0.063612
0.063636
0.063636
0.063612
0.063612
0.063612
0.063612
0.063612
0.063587
0.063562
0.063562
0.063587
0.063587
0.063612
0.063562
0.063562
0.063612
0.063587
0.063612
0.063612
0.063612
0.063587
0.063562
0.063562
0.063562
0.063538
0.063538
0.063538
0.063513
0.063513
0.063513
0.063513
0.063513
0.063513
0.063513
0.063513
0.063513
0.063513
0.063513
0.063513
0.063489
0.063489
0.063489
0.063489
0.063464
0.063464
0.063464
0.063439
0.063439
0.063439
0.063439
0.063415
0.063415
0.063415
0.063415
0.063439
0.063415
0.063415
0.06339
0.06339
0.06339
0.063365
0.063365
0.063415
0.063415
0.063415
0.063415
0.063415
0.06339
0.06339
0.063415
0.063415
0.063415
0.063415
0.063439
0.063415
0.063415
0.063415
0.063439
0.063415
0.063415
0.063415
0.063415
0.063415
0.063415
0.063415
0.063415
0.06339
0.06339
0.06339
0.06339
0.06339
0.06339
0.06339
0.06339
0.06339
0.06339
0.06339
0.06339
0.06339
0.063365
0.06339
0.06339
0.06339
0.063365
0.063365
0.063341
0.063341
0.063316
0.063341
0.063341
0.063316
0.063316
0.063341
0.063341
0.063316
0.063292
0.063316
0.063316
0.063341
0.063341
0.063316
0.063292
0.063292
0.063316
0.063292
0.063292
0.063267
0.063292
0.063292
0.063292
0.063292
0.063267
0.063267
0.063292
0.063292
0.063292
0.063267
0.063292
0.063292
0.063292
0.063267
0.063267
0.063267
0.063267
0.063242
0.063267
0.063267
0.063242
0.063267
0.063267
0.063267
0.063242
0.063242
0.063242
0.063242
0.063242
0.063242
0.063242
0.063218
0.063218
0.063218
0.063218
0.063218
0.063242
0.063242
0.063242
0.063242
0.063218
0.063218
0.063218
0.063218
0.063218
0.063218
0.063218
0.063193
0.063193
0.063218
0.063193
0.063169
0.063193
0.063193
0.063193
0.063193
0.063193
0.063169
0.063169
0.063169
0.063169
0.063169
0.063169
0.063169
0.063169
0.063169
0.063169
0.063144
0.063144
0.063144
0.063144
0.063144
0.063144
0.063119
0.063119
0.063119
0.063144
0.063144
0.063119
0.063144
0.063119
0.063119
0.063095
0.063119
0.063119
0.063144
0.063119
0.063119
0.063119
0.063119
0.063119
0.063119
0.063119
0.063119
0.063095
0.063119
0.063119
0.06307
0.063021
0.062996
0.062922
0.062898
0.062849
0.062873
0.062947
0.063021
0.06307
0.06307
0.06307
0.06307
0.06307
0.063045
0.063045
0.06307
0.06307
0.06307
0.06307
0.06307
0.063045
0.063021
0.063021
0.063045
0.063045
0.063045
0.063045
0.063045
0.063045
0.063045
0.063021
0.063021
0.063021
0.063021
0.063021
0.063021
0.063021
0.062996
0.062996
0.062996
0.062996
0.062996
0.062996
0.062972
0.062996
0.062996
0.062996
0.062972
0.062972
0.062947
0.062972
0.062947
0.062922
0.062922
0.062922
0.062922
0.062898
0.062922
0.062922
0.062898
0.062898
0.062898
0.062898
0.062898
0.062898
0.062898
0.062898
0.062898
0.062873
0.062873
0.062873
0.062873
0.062873
0.062873
0.062873
0.062873
0.062873
0.062898
0.062898
0.062898
0.062898
0.062898
0.062898
0.062898
0.062922
0.062898
0.062898
0.062898
0.062898
0.062922
0.062922
0.062898
0.062898
0.062898
0.062898
0.062873
0.062873
0.062873
0.062873
0.062873
0.062873
0.062873
0.062873
0.062873
0.062873
0.062873
0.062873
0.062898
0.062898
0.062898
0.062873
0.062873
0.062873
0.062898
0.062873
0.062849
0.062849
0.062849
0.062824
0.062824
0.062824
0.062849
0.062849
0.062849
0.062824
0.062849
0.062849
0.062849
0.062824
0.062799
0.062824
0.062824
0.062824
0.062824
0.062799
0.062799
0.062824
0.062824
0.062824
0.062824
0.062824
0.062824
0.062824
0.062799
0.062799
0.062799
0.062824
0.062824
0.062799
0.062799
0.062799
0.062799
0.062775
0.062775
0.062775
0.062775
0.062775
0.06275
0.06275
0.062775
0.062775
0.062775
0.062775
0.062775
0.062775
0.062775
0.062775
0.06275
0.06275
0.06275
0.062725
0.06275
0.062725
0.06275
0.062775
0.06275
0.062725
0.062725
0.06275
0.06275
0.06275
0.06275
0.062725
0.062725
0.062725
0.062725
0.062725
0.062725
0.062701
0.062701
0.062701
0.062676
0.062701
0.062701
0.062701
0.062701
0.062701
0.062701
0.062701
0.062676
0.062676
0.062652
0.062676
0.062676
0.062701
0.062676
0.062701
0.062676
0.062676
0.062676
0.062701
0.062676
0.062676
0.062676
0.062652
0.062652
0.062652
0.062652
0.062652
0.062652
0.062627
0.062652
0.062652
0.062627
0.062627
0.062627
0.062627
0.062627
0.062627
0.062627
0.062627
0.062602
0.062578
0.062578
0.062602
0.062602
0.062652
0.062504
0.062455
0.062455
0.06243
0.062381
0.062356
0.06243
0.062504
0.062602
0.062578
0.062553
0.062553
0.062553
0.062553
0.062553
0.062553
0.062553
0.062553
0.062553
0.062578
0.062578
0.062553
0.062553
0.062553
0.062578
0.062578
0.062578
0.062578
0.062553
0.062553
0.062553
0.062553
0.062553
0.062528
0.062528
0.062528
0.062528
0.062528
0.062528
0.062528
0.062504
0.062504
0.062504
0.062504
0.062504
0.062504
0.062504
0.062479
0.062455
0.062455
0.062479
0.062479
0.062455
0.062455
0.062455
0.062455
0.06243
0.06243
0.062405
0.062405
0.062405
0.062405
0.06243
0.062405
0.062405
0.062405
0.062405
0.062405
0.062405
0.062381
0.062381
0.062381
0.062381
0.062381
0.062381
0.062381
0.062405
0.062405
0.062405
0.062405
0.062405
0.062405
0.06243
0.06243
0.062405
0.06243
0.06243
0.06243
0.06243
0.06243
0.06243
0.06243
0.06243
0.06243
0.062405
0.062381
0.062381
0.062381
0.062381
0.062381
0.062381
0.062381
0.062381
0.062356
0.062356
0.062356
0.062381
0.062381
0.062381
0.062381
0.062356
0.062381
0.062381
0.062381
0.062356
0.062356
0.062356
0.062356
0.062356
0.062356
0.062332
0.062307
0.062307
0.062332
0.062332
0.062307
0.062332
0.062307
0.062307
0.062307
0.062307
0.062307
0.062282
0.062282
0.062307
0.062307
0.062307
0.062307
0.062307
0.062307
0.062282
0.062282
0.062258
0.062258
0.062258
0.062258
0.062258
0.062258
0.062258
0.062258
0.062282
0.062258
0.062258
0.062258
0.062258
0.062233
0.062233
0.062233
0.062208
0.062233
0.062233
0.062233
0.062233
0.062208
0.062208
0.062233
0.062233
0.062233
0.062208
0.062208
0.062208
0.062208
0.062208
0.062208
0.062208
0.062208
0.062208
0.062208
0.062208
0.062208
0.062233
0.062233
0.062208
0.062208
0.062184
0.062184
0.062184
0.062184
0.062184
0.062159
0.062159
0.062159
0.062159
0.062135
0.062135
0.062135
0.062135
0.062135
0.062135
0.06211
0.06211
0.06211
0.06211
0.06211
0.06211
0.062085
0.062085
0.06211
0.062085
0.062085
0.062085
0.062061
0.062061
0.062085
0.062085
0.062085
0.062085
0.062085
0.062085
0.062085
0.062085
0.062085
0.062085
0.062085
0.062061
0.062061
0.062085
0.062085
0.062085
0.062061
0.062061
0.062036
0.062061
0.062061
0.062036
0.062061
0.062061
0.062085
0.062061
0.062012
0.061815
0.061815
0.061888
0.061962
0.062012
0.061987
0.061987
0.061962
0.061962
0.061962
0.061962
0.061962
0.061987
0.061987
0.061987
0.061987
0.061962
0.061987
0.061962
0.061962
0.061938
0.061962
0.061987
0.061962
0.061962
0.061938
0.061962
0.061962
0.061938
0.061938
0.061938
0.061938
0.061913
0.061913
0.061913
0.061938
0.061938
0.061913
0.061913
0.061913
0.061888
0.061888
0.061888
0.061888
0.061888
0.061888
0.061888
0.061864
0.061864
0.061864
0.061864
0.061864
0.061839
0.061839
0.061839
0.061815
0.061839
0.061815
0.061815
0.061815
0.061815
0.06179
0.06179
0.06179
0.061765
0.061765
0.061765
0.061765
0.061741
0.061741
0.061765
0.061765
0.061765
0.061765
0.061765
0.061765
0.06179
0.06179
0.061765
0.061765
0.06179
0.06179
0.06179
0.06179
0.061765
0.061765
0.061765
0.061765
0.061765
0.061765
0.061765
0.06179
0.06179
0.061765
0.061765
0.061765
0.061765
0.061765
0.061765
0.061765
0.061765
0.061741
0.061741
0.061741
0.061741
0.061716
0.061741
0.061716
0.061716
0.061716
0.061741
0.061741
0.061741
0.061716
0.061716
0.061716
0.061741
0.061716
0.061716
0.061716
0.061691
0.061691
0.061667
0.061667
0.061667
0.061667
0.061667
0.061667
0.061642
0.061667
0.061667
0.061667
0.061667
0.061667
0.061667
0.061667
0.061667
0.061642
0.061642
0.061642
0.061642
0.061642
0.061618
0.061618
0.061642
0.061642
0.061642
0.061618
0.061618
0.061642
0.061618
0.061618
0.061618
0.061618
0.061618
0.061618
0.061593
0.061593
0.061593
0.061568
0.061593
0.061593
0.061593
0.061593
0.061593
0.061593
0.061593
0.061568
0.061568
0.061568
0.061568
0.061568
0.061568
0.061568
0.061568
0.061568
0.061568
0.061593
0.061593
0.061568
0.061568
0.061568
0.061568
0.061568
0.061568
0.061544
0.061568
0.061544
0.061544
0.061544
0.061544
0.061544
0.061519
0.061519
0.061544
0.061544
0.061519
0.061519
0.061519
0.061519
0.061519
0.061519
0.061519
0.061519
0.061519
0.061519
0.061495
0.061519
0.061519
0.061495
0.061519
0.061519
0.061495
0.061495
0.061495
0.061495
0.061495
0.061495
0.061495
0.06147
0.06147
0.06147
0.061495
0.061495
0.06147
0.061495
0.061495
0.061495
0.061519
0.061519
0.061519
0.06147
0.061421
0.061371
0.061347
0.061298
0.061248
0.061224
0.061248
0.061322
0.061445
0.061445
0.061421
0.061396
0.061421
0.061445
0.061445
0.061421
0.061421
0.061421
0.061421
0.061396
0.061396
0.061421
0.061421
0.061421
0.061421
0.061421
0.061421
0.061396
0.061396
0.061396
0.061396
0.061396
0.061396
0.061396
0.061396
0.061396
0.061371
0.061371
0.061371
0.061371
0.061347
0.061347
0.061371
0.061347
0.061347
0.061347
0.061347
0.061322
0.061298
0.061298
0.061298
0.061298
0.061298
0.061298
0.061273
0.061273
0.061273
0.061273
0.061273
0.061273
0.061273
0.061248
0.061248
0.061224
0.061224
0.061248
0.061224
0.061224
0.061224
0.061224
0.061224
0.061224
0.061224
0.061224
0.061224
0.061248
0.061248
0.061248
0.061248
0.061273
0.061273
0.061248
0.061248
0.061273
0.061273
0.061273
0.061248
0.061248
0.061248
0.061248
0.061248
0.061248
0.061248
0.061248
0.061248
0.061248
0.061248
0.061248
0.061224
0.061224
0.061224
0.061248
0.061248
0.061224
0.061224
0.061224
0.061248
0.061248
0.061248
0.061248
0.061224
0.061224
0.061224
0.061199
0.061199
0.061175
0.061199
0.061175
0.061175
0.061175
0.061175
0.061199
0.061175
0.06115
0.06115
0.06115
0.06115
0.061175
0.06115
0.06115
0.06115
0.06115
0.06115
0.06115
0.06115
0.06115
0.061125
0.061125
0.06115
0.06115
0.061125
0.061125
0.061125
0.061125
0.061125
0.061125
0.061125
0.061101
0.061125
0.061101
0.061125
0.061101
0.061101
0.061125
0.061125
0.061101
0.061101
0.061101
0.061125
0.061125
0.061101
0.061101
0.061125
0.061101
0.061101
0.061101
0.061101
0.061125
0.061101
0.061101
0.061101
0.061076
0.061076
0.061076
0.061076
0.061076
0.061076
0.061076
0.061076
0.061076
0.061076
0.061051
0.061051
0.061076
0.061051
0.061051
0.061051
0.061051
0.061051
0.061051
0.061027
0.061027
0.061027
0.061027
0.061027
0.061027
0.061027
0.061027
0.061027
0.061027
0.061027
0.061027
0.061027
0.061027
0.061027
0.061027
0.061027
0.061002
0.061002
0.061002
0.060978
0.061002
0.061002
0.061002
0.061002
0.061002
0.061002
0.061002
0.060978
0.061002
0.061002
0.060978
0.060978
0.060978
0.060953
0.060953
0.060953
0.060978
0.060953
0.060953
0.060953
0.060978
0.061002
0.061002
0.061002
0.061002
0.060953
0.060904
0.060854
0.060805
0.060756
0.060731
0.060731
0.060781
0.060854
0.060928
0.060928
0.060928
0.060904
0.060928
0.060904
0.060928
0.060928
0.060928
0.060928
0.060928
0.060904
0.060904
0.060904
0.060904
0.060928
0.060928
0.060928
0.060904
0.060904
0.060928
0.060928
0.060928
0.060904
0.060928
0.060904
0.060904
0.060904
0.060879
0.060879
0.060879
0.060879
0.060879
0.060879
0.060854
0.060854
0.060854
0.060854
0.060854
0.060854
0.060854
0.06083
0.06083
0.060781
0.060781
0.060805
0.060805
0.060781
0.060781
0.060781
0.060781
0.060781
0.060756
0.060756
0.060756
0.060756
0.060756
0.060731
0.060731
0.060707
0.060731
0.060731
0.060731
0.060731
0.060731
0.060756
0.060731
0.060756
0.060756
0.060756
0.060756
0.060756
0.060781
0.060781
0.060781
0.060781
0.060781
0.060781
0.060781
0.060781
0.060781
0.060781
0.060756
0.060781
0.060781
0.060756
0.060756
0.060756
0.060756
0.060756
0.060756
0.060756
0.060756
0.060756
0.060756
0.060756
0.060756
0.060756
0.060756
0.060756
0.060731
0.060756
0.060756
0.060756
0.060756
0.060756
0.060756
0.060756
0.060731
0.060731
0.060731
0.060731
0.060731
0.060731
0.060731
0.060707
0.060731
0.060707
0.060731
0.060707
0.060707
0.060707
0.060707
0.060707
0.060707
0.060707
0.060682
0.060682
0.060682
0.060707
0.060682
0.060682
0.060682
0.060658
0.060658
0.060658
0.060658
0.060658
0.060658
0.060658
0.060658
0.060658
0.060658
0.060658
0.060658
0.060658
0.060658
0.060658
0.060633
0.060633
0.060658
0.060658
0.060633
0.060633
0.060633
0.060633
0.060633
0.060633
0.060633
0.060633
0.060633
0.060633
0.060608
0.060608
0.060608
0.060608
0.060608
0.060608
0.060608
0.060608
0.060608
0.060608
0.060608
0.060608
0.060584
0.060584
0.060608
0.060633
0.060633
0.060608
0.060584
0.060608
0.060584
0.060584
0.060584
0.060584
0.060559
0.060559
0.060559
0.060559
0.060559
0.060584
0.060584
0.060559
0.060559
0.060534
0.060559
0.060559
0.060559
0.060534
0.060559
0.060559
0.060559
0.060559
0.060559
0.060559
0.060534
0.060559
0.060559
0.060559
0.060534
0.06051
0.06051
0.06051
0.060534
0.060534
0.06051
0.060534
0.060534
0.060534
0.06051
0.060534
0.060534
0.060534
0.060534
0.06051
0.060485
0.060436
0.060387
0.060338
0.060288
0.060264
0.060288
0.060387
0.060461
0.06051
0.060485
0.060461
0.060485
0.060485
0.060461
0.060461
0.060485
