2018
7
9
15
36
18.997
-0.023017
-0.023067
-0.023067
-0.023017
-0.022993
-0.023042
-0.023091
-0.023091
-0.023042
-0.023017
-0.023042
-0.023116
-0.023116
-0.023042
-0.023017
-0.023067
-0.023116
-0.023116
-0.023067
-0.023042
-0.023067
-0.023116
-0.023116
-0.023067
-0.023042
-0.023067
-0.023116
-0.023116
-0.023042
-0.023042
-0.023067
-0.023116
-0.023116
-0.023067
-0.023017
-0.023067
-0.023116
-0.023116
-0.023067
-0.023017
-0.023042
-0.023017
-0.023042
-0.023091
-0.023091
-0.023017
-0.022993
-0.023017
-0.023067
-0.023067
-0.023017
-0.022993
-0.023017
-0.023067
-0.023067
-0.023017
-0.022993
-0.023017
-0.023067
-0.023067
-0.023017
-0.022993
-0.023017
-0.023067
-0.023067
-0.023017
-0.022993
-0.023017
-0.023067
-0.023091
-0.023017
-0.022993
-0.023017
-0.023067
-0.023067
-0.023017
-0.022993
-0.023017
-0.023067
-0.023067
-0.023042
-0.023067
-0.023017
-0.022968
-0.023017
-0.023067
-0.023067
-0.023017
-0.022993
-0.023017
-0.023067
-0.023067
-0.023017
-0.022993
-0.023017
-0.023067
-0.023067
-0.023017
-0.022993
-0.023017
-0.023067
-0.023067
-0.023017
-0.022993
-0.023017
-0.023067
-0.023067
-0.023017
-0.022968
-0.022993
-0.023042
-0.023042
-0.022993
-0.022968
-0.022993
-0.023042
-0.023042
-0.023017
-0.022968
-0.022993
-0.022993
-0.023042
-0.023067
-0.023017
-0.022968
-0.022993
-0.023042
-0.023042
-0.022993
-0.022944
-0.022968
-0.023017
-0.023017
-0.022968
-0.022944
-0.022968
-0.023017
-0.023017
-0.022968
-0.022944
-0.022944
-0.022993
-0.023017
-0.022993
-0.022944
-0.022968
-0.023017
-0.023042
-0.022993
-0.022944
-0.022968
-0.023017
-0.023042
-0.022993
-0.022944
-0.022968
-0.023017
-0.023042
-0.022993
-0.022944
-0.022993
-0.022968
-0.022968
-0.023017
-0.023017
-0.022919
-0.02282
-0.022796
-0.02282
-0.022845
-0.022845
-0.022845
-0.022944
-0.023067
-0.02314
-0.023116
-0.023067
-0.023042
-0.023067
-0.023042
-0.022993
-0.022944
-0.022968
-0.023017
-0.023042
-0.022993
-0.022944
-0.022944
-0.023017
-0.023017
-0.022993
-0.022919
-0.022944
-0.022968
-0.022993
-0.022944
-0.022894
-0.022894
-0.022944
-0.022968
-0.022968
-0.022944
-0.022894
-0.022894
-0.022968
-0.022993
-0.022944
-0.022894
-0.022919
-0.022968
-0.022968
-0.022944
-0.02287
-0.022894
-0.022944
-0.022944
-0.022919
-0.022845
-0.022845
-0.022894
-0.022919
-0.02287
-0.02282
-0.02282
-0.02287
-0.022894
-0.02287
-0.02282
-0.02282
-0.022894
-0.022919
-0.02287
-0.02282
-0.02282
-0.02287
-0.022894
-0.022845
-0.022796
-0.022771
-0.022845
-0.022796
-0.022845
-0.02287
-0.022845
-0.022796
-0.02282
-0.02287
-0.022919
-0.022894
-0.022845
-0.022845
-0.022919
-0.022944
-0.022919
-0.02287
-0.02287
-0.022919
-0.022944
-0.022919
-0.02287
-0.02287
-0.022919
-0.022944
-0.022919
-0.02287
-0.02287
-0.022919
-0.022944
-0.022919
-0.02287
-0.02287
-0.022919
-0.022944
-0.022894
-0.022845
-0.022845
-0.022894
-0.022944
-0.022919
-0.022845
-0.022845
-0.022845
-0.022894
-0.022944
-0.022919
-0.022845
-0.02287
-0.022894
-0.022944
-0.022894
-0.022845
-0.022845
-0.022894
-0.022919
-0.022894
-0.022845
-0.02282
-0.02287
-0.022894
-0.02287
-0.02282
-0.02282
-0.02287
-0.022919
-0.022894
-0.022845
-0.022845
-0.022894
-0.022944
-0.022894
-0.022845
-0.02282
-0.02287
-0.022894
-0.02287
-0.02282
-0.02282
-0.02287
-0.022894
-0.02287
-0.022894
-0.02287
-0.02282
-0.02282
-0.02287
-0.022919
-0.022894
-0.022845
-0.02282
-0.02287
-0.022919
-0.022894
-0.022845
-0.02282
-0.02287
-0.022894
-0.02287
-0.02282
-0.022796
-0.022845
-0.022894
-0.02287
-0.02282
-0.02282
-0.022845
-0.022894
-0.02287
-0.02282
-0.022796
-0.022845
-0.022894
-0.02287
-0.02282
-0.02282
-0.02287
-0.022919
-0.022894
-0.022845
-0.02282
-0.022845
-0.022845
-0.02287
-0.02287
-0.02282
-0.022796
-0.022845
-0.022894
-0.02287
-0.022796
-0.022796
-0.022845
-0.022894
-0.02287
-0.02282
-0.02282
-0.022845
-0.022894
-0.02287
-0.02282
-0.022796
-0.022845
-0.02287
-0.022845
-0.022796
-0.022771
-0.02282
-0.02287
-0.022845
-0.022796
-0.022771
-0.02282
-0.02287
-0.022845
-0.022796
-0.022771
-0.02282
-0.02287
-0.02287
-0.02282
-0.022796
-0.022771
-0.022697
-0.022697
-0.022673
-0.022648
-0.022599
-0.022623
-0.022722
-0.022845
-0.022919
-0.022919
-0.022919
-0.022944
-0.022944
-0.022894
-0.02282
-0.022771
-0.022796
-0.022845
-0.022845
-0.022796
-0.022771
-0.022796
-0.022845
-0.022845
-0.022796
-0.022771
-0.022796
-0.022845
-0.022845
-0.022771
-0.022747
-0.022771
-0.02282
-0.02282
-0.022747
-0.022722
-0.022771
-0.022796
-0.022796
-0.02282
-0.02282
-0.022747
-0.022722
-0.022747
-0.022796
-0.022796
-0.022747
-0.022722
-0.022747
-0.022796
-0.022796
-0.022747
-0.022697
-0.022722
-0.022771
-0.022771
-0.022722
-0.022697
-0.022722
-0.022771
-0.022771
-0.022697
-0.022673
-0.022697
-0.022747
-0.022747
-0.022697
-0.022648
-0.022697
-0.022722
-0.022722
-0.022673
-0.022648
-0.022673
-0.022722
-0.022722
-0.022673
-0.022648
-0.022673
-0.022673
-0.022697
-0.022747
-0.022747
-0.022722
-0.022697
-0.022722
-0.022771
-0.022771
-0.022722
-0.022697
-0.022747
-0.022796
-0.022771
-0.022722
-0.022697
-0.022722
-0.022771
-0.022771
-0.022722
-0.022697
-0.022722
-0.022771
-0.022771
-0.022722
-0.022697
-0.022722
-0.022771
-0.022796
-0.022722
-0.022697
-0.022722
-0.022771
-0.022771
-0.022722
-0.022697
-0.022722
-0.022771
-0.022771
-0.022722
-0.022747
-0.022697
-0.022648
-0.022673
-0.022722
-0.022722
-0.022673
-0.022648
-0.022673
-0.022747
-0.022747
-0.022697
-0.022673
-0.022697
-0.022747
-0.022747
-0.022697
-0.022673
-0.022697
-0.022747
-0.022747
-0.022697
-0.022648
-0.022673
-0.022722
-0.022747
-0.022673
-0.022648
-0.022673
-0.022722
-0.022722
-0.022673
-0.022648
-0.022673
-0.022722
-0.022747
-0.022697
-0.022648
-0.022673
-0.022722
-0.022673
-0.022722
-0.022722
-0.022673
-0.022648
-0.022648
-0.022697
-0.022697
-0.022673
-0.022623
-0.022648
-0.022697
-0.022697
-0.022648
-0.022623
-0.022648
-0.022697
-0.022722
-0.022697
-0.022648
-0.022673
-0.022722
-0.022722
-0.022673
-0.022648
-0.022648
-0.022722
-0.022722
-0.022673
-0.022648
-0.022648
-0.022697
-0.022722
-0.022673
-0.022623
-0.022648
-0.022697
-0.022722
-0.022673
-0.022623
-0.022648
-0.022623
-0.022623
-0.022673
-0.022697
-0.022648
-0.022599
-0.022623
-0.022673
-0.022697
-0.022648
-0.022623
-0.022623
-0.022673
-0.022697
-0.022648
-0.022623
-0.022623
-0.022673
-0.022697
-0.022648
-0.022599
-0.022623
-0.022673
-0.022673
-0.022648
-0.022599
-0.022599
-0.022673
-0.022697
-0.022648
-0.022623
-0.022648
-0.022697
-0.022722
-0.022673
-0.022623
-0.022623
-0.022673
-0.022648
-0.022476
-0.0225
-0.022525
-0.02255
-0.022648
-0.022771
-0.02282
-0.022771
-0.022722
-0.022697
-0.022722
-0.022697
-0.022648
-0.022599
-0.022623
-0.022673
-0.022697
-0.022648
-0.022599
-0.022623
-0.022673
-0.022697
-0.022648
-0.022599
-0.022599
-0.022648
-0.022673
-0.022623
-0.022574
-0.022574
-0.022623
-0.022648
-0.022623
-0.022574
-0.022574
-0.022623
-0.022648
-0.022599
-0.022574
-0.022574
-0.02255
-0.02255
-0.022599
-0.022623
-0.022599
-0.02255
-0.02255
-0.022599
-0.022623
-0.022574
-0.02255
-0.02255
-0.022599
-0.022623
-0.022574
-0.022525
-0.022525
-0.022574
-0.022599
-0.02255
-0.0225
-0.0225
-0.02255
-0.022574
-0.022525
-0.022476
-0.022476
-0.022525
-0.02255
-0.022525
-0.022476
-0.022476
-0.022525
-0.02255
-0.022525
-0.022476
-0.022476
-0.022525
-0.022574
-0.02255
-0.022599
-0.022574
-0.022525
-0.022525
-0.022599
-0.022623
-0.022574
-0.022525
-0.022525
-0.022574
-0.022599
-0.022574
-0.022525
-0.022525
-0.022574
-0.022623
-0.022574
-0.022525
-0.022525
-0.022599
-0.022623
-0.022599
-0.02255
-0.022525
-0.022574
-0.022623
-0.022599
-0.022525
-0.022525
-0.022574
-0.022623
-0.022574
-0.022525
-0.022525
-0.02255
-0.022574
-0.02255
-0.0225
-0.0225
-0.02255
-0.022476
-0.022525
-0.022574
-0.02255
-0.0225
-0.0225
-0.02255
-0.022574
-0.02255
-0.022525
-0.022525
-0.02255
-0.022599
-0.022574
-0.022525
-0.022525
-0.02255
-0.022599
-0.022574
-0.022525
-0.0225
-0.02255
-0.022574
-0.02255
-0.0225
-0.0225
-0.02255
-0.022574
-0.02255
-0.0225
-0.022476
-0.022525
-0.022574
-0.02255
-0.0225
-0.022476
-0.022525
-0.022574
-0.02255
-0.0225
-0.022525
-0.0225
-0.02255
-0.022599
-0.022574
-0.022525
-0.0225
-0.02255
-0.022574
-0.02255
-0.0225
-0.022476
-0.022525
-0.022574
-0.02255
-0.0225
-0.022476
-0.022525
-0.02255
-0.02255
-0.0225
-0.022476
-0.022525
-0.02255
-0.02255
-0.0225
-0.0225
-0.02255
-0.022574
-0.02255
-0.0225
-0.0225
-0.022525
-0.022574
-0.02255
-0.0225
-0.022476
-0.0225
-0.02255
-0.022525
-0.02255
-0.022525
-0.022476
-0.022451
-0.0225
-0.02255
-0.02255
-0.022476
-0.022476
-0.0225
-0.02255
-0.02255
-0.0225
-0.022476
-0.022525
-0.02255
-0.02255
-0.0225
-0.022476
-0.022525
-0.02255
-0.02255
-0.0225
-0.022476
-0.0225
-0.02255
-0.02255
-0.0225
-0.022476
-0.0225
-0.02255
-0.02255
-0.0225
-0.022476
-0.022476
-0.0225
-0.022427
-0.022328
-0.022279
-0.022303
-0.022574
-0.022648
-0.022648
-0.022574
-0.0225
-0.0225
-0.022525
-0.0225
-0.022451
-0.022451
-0.022476
-0.022525
-0.022525
-0.022476
-0.022451
-0.022476
-0.022525
-0.022525
-0.022476
-0.022451
-0.022476
-0.022525
-0.0225
-0.022451
-0.022427
-0.022451
-0.0225
-0.0225
-0.022451
-0.022427
-0.022451
-0.0225
-0.0225
-0.022451
-0.022427
-0.022451
-0.022476
-0.022476
-0.022427
-0.022402
-0.022427
-0.022377
-0.022402
-0.022451
-0.022451
-0.022402
-0.022377
-0.022377
-0.022427
-0.022451
-0.022402
-0.022377
-0.022402
-0.022451
-0.022451
-0.022402
-0.022353
-0.022377
-0.022427
-0.022427
-0.022377
-0.022353
-0.022377
-0.022402
-0.022402
-0.022353
-0.022328
-0.022353
-0.022402
-0.022402
-0.022377
-0.022353
-0.022377
-0.022427
-0.022427
-0.022402
-0.022377
-0.022402
-0.022451
-0.022451
-0.022451
-0.022451
-0.022427
-0.022377
-0.022402
-0.022451
-0.022451
-0.022402
-0.022377
-0.022402
-0.022451
-0.022451
-0.022402
-0.022377
-0.022427
-0.022476
-0.022476
-0.022427
-0.022402
-0.022427
-0.022476
-0.022476
-0.022427
-0.022402
-0.022427
-0.022476
-0.022476
-0.022427
-0.022377
-0.022402
-0.022451
-0.022451
-0.022402
-0.022353
-0.022377
-0.022451
-0.022451
-0.022402
-0.022353
-0.022377
-0.022353
-0.022377
-0.022427
-0.022451
-0.022402
-0.022377
-0.022402
-0.022427
-0.022451
-0.022402
-0.022353
-0.022377
-0.022427
-0.022427
-0.022402
-0.022353
-0.022377
-0.022427
-0.022427
-0.022377
-0.022353
-0.022377
-0.022427
-0.022427
-0.022377
-0.022353
-0.022377
-0.022427
-0.022427
-0.022377
-0.022353
-0.022377
-0.022427
-0.022427
-0.022402
-0.022353
-0.022377
-0.022427
-0.022451
-0.022402
-0.022402
-0.022377
-0.022377
-0.022427
-0.022451
-0.022402
-0.022353
-0.022353
-0.022427
-0.022427
-0.022377
-0.022353
-0.022353
-0.022402
-0.022427
-0.022377
-0.022353
-0.022353
-0.022402
-0.022427
-0.022377
-0.022353
-0.022353
-0.022402
-0.022427
-0.022377
-0.022353
-0.022353
-0.022402
-0.022402
-0.022353
-0.022303
-0.022328
-0.022377
-0.022377
-0.022353
-0.022303
-0.022328
-0.022377
-0.022402
-0.022377
-0.022402
-0.022377
-0.022328
-0.022353
-0.022402
-0.022427
-0.022377
-0.022328
-0.022353
-0.022402
-0.022402
-0.022377
-0.022328
-0.022328
-0.022377
-0.022402
-0.022377
-0.022328
-0.022328
-0.022377
-0.022402
-0.022377
-0.022328
-0.022303
-0.022353
-0.022328
-0.022254
-0.022156
-0.022131
-0.022205
-0.022254
-0.022279
-0.022328
-0.022402
-0.0225
-0.02255
-0.0225
-0.022427
-0.022402
-0.022328
-0.022328
-0.022377
-0.022402
-0.022377
-0.022328
-0.022328
-0.022377
-0.022402
-0.022377
-0.022328
-0.022328
-0.022377
-0.022402
-0.022353
-0.022303
-0.022303
-0.022353
-0.022377
-0.022328
-0.022279
-0.022279
-0.022328
-0.022353
-0.022328
-0.022279
-0.022279
-0.022328
-0.022353
-0.022328
-0.022279
-0.022303
-0.022353
-0.022353
-0.022328
-0.022279
-0.022303
-0.022353
-0.022353
-0.022328
-0.022328
-0.022279
-0.02223
-0.02223
-0.022279
-0.022303
-0.022279
-0.022205
-0.022205
-0.022254
-0.022279
-0.022254
-0.02218
-0.02218
-0.02223
-0.022254
-0.02223
-0.02218
-0.02218
-0.02223
-0.022279
-0.022254
-0.022205
-0.022205
-0.022254
-0.022303
-0.022279
-0.02223
-0.02223
-0.022279
-0.022328
-0.022303
-0.022254
-0.02223
-0.022279
-0.022328
-0.022303
-0.022254
-0.022254
-0.022303
-0.022303
-0.022353
-0.022328
-0.022279
-0.022279
-0.022328
-0.022328
-0.022303
-0.022279
-0.022254
-0.022303
-0.022328
-0.022303
-0.022254
-0.022254
-0.022303
-0.022328
-0.022303
-0.022254
-0.022254
-0.022303
-0.022328
-0.022279
-0.02223
-0.02223
-0.022279
-0.022303
-0.022303
-0.02223
-0.02223
-0.022279
-0.022328
-0.022303
-0.022254
-0.02223
-0.022279
-0.022328
-0.022303
-0.022254
-0.02223
-0.022254
-0.022254
-0.022303
-0.022328
-0.022303
-0.022254
-0.02223
-0.022279
-0.022303
-0.022279
-0.02223
-0.022205
-0.022254
-0.022279
-0.022254
-0.022205
-0.022205
-0.022254
-0.022303
-0.022279
-0.02223
-0.022205
-0.022254
-0.022303
-0.022279
-0.02223
-0.02223
-0.022279
-0.022303
-0.022303
-0.02223
-0.022205
-0.022254
-0.022303
-0.022279
-0.02223
-0.022205
-0.022254
-0.022303
-0.022279
-0.022303
-0.022303
-0.022254
-0.02223
-0.022279
-0.022303
-0.022303
-0.022254
-0.02223
-0.022254
-0.022303
-0.022279
-0.02223
-0.022205
-0.022254
-0.022279
-0.022279
-0.02223
-0.022205
-0.022254
-0.022303
-0.022279
-0.02223
-0.022205
-0.02223
-0.022279
-0.022254
-0.022205
-0.022205
-0.02223
-0.022279
-0.022279
-0.02223
-0.022205
-0.02223
-0.022279
-0.022279
-0.02223
-0.022205
-0.022254
-0.022205
-0.022254
-0.022279
-0.022279
-0.02223
-0.022205
-0.022254
-0.022303
-0.022279
-0.02223
-0.022205
-0.022254
-0.022279
-0.022279
-0.02223
-0.022205
-0.02223
-0.022279
-0.02223
-0.022156
-0.022082
-0.022057
-0.022057
-0.022057
-0.022033
-0.022057
-0.022156
-0.022254
-0.022328
-0.022328
-0.022328
-0.022328
-0.022328
-0.022303
-0.022205
-0.02218
-0.022205
-0.022254
-0.022254
-0.022205
-0.022254
-0.022205
-0.02218
-0.022205
-0.02223
-0.02223
-0.02218
-0.022131
-0.022156
-0.022205
-0.022205
-0.022156
-0.022131
-0.022156
-0.022205
-0.022205
-0.02218
-0.022131
-0.02218
-0.022205
-0.02223
-0.02218
-0.022156
-0.02218
-0.02223
-0.02223
-0.02218
-0.022131
-0.022156
-0.022205
-0.022205
-0.022131
-0.022107
-0.022131
-0.02218
-0.022156
-0.022107
-0.022082
-0.022107
-0.022156
-0.022107
-0.022156
-0.022156
-0.022107
-0.022082
-0.022107
-0.022156
-0.022156
-0.022082
-0.022057
-0.022082
-0.022107
-0.022107
-0.022057
-0.022033
-0.022057
-0.022107
-0.022131
-0.022082
-0.022057
-0.022107
-0.022156
-0.022156
-0.022131
-0.022107
-0.022131
-0.022205
-0.022205
-0.022156
-0.022131
-0.022156
-0.022205
-0.022205
-0.022156
-0.022131
-0.022156
-0.022205
-0.022205
-0.022156
-0.022107
-0.022131
-0.022107
-0.022131
-0.02218
-0.02218
-0.022156
-0.022107
-0.022131
-0.02218
-0.022205
-0.022156
-0.022107
-0.022131
-0.02218
-0.02218
-0.022131
-0.022107
-0.022107
-0.022156
-0.02218
-0.022131
-0.022082
-0.022107
-0.022156
-0.022156
-0.022107
-0.022082
-0.022107
-0.022156
-0.022156
-0.022131
-0.022107
-0.022107
-0.02218
-0.02218
-0.022131
-0.022107
-0.022131
-0.02218
-0.022205
-0.02218
-0.022131
-0.022082
-0.022107
-0.022156
-0.022156
-0.022107
-0.022082
-0.022082
-0.022131
-0.022156
-0.022131
-0.022082
-0.022107
-0.022156
-0.02218
-0.022131
-0.022107
-0.022131
-0.02218
-0.02218
-0.022156
-0.022107
-0.022107
-0.022156
-0.022156
-0.022131
-0.022082
-0.022082
-0.022131
-0.022156
-0.022107
-0.022057
-0.022082
-0.022131
-0.022156
-0.022107
-0.022082
-0.022107
-0.022131
-0.022131
-0.022156
-0.022131
-0.022082
-0.022107
-0.022131
-0.022156
-0.022107
-0.022082
-0.022082
-0.022131
-0.022156
-0.022107
-0.022057
-0.022082
-0.022131
-0.022131
-0.022107
-0.022057
-0.022082
-0.022131
-0.022156
-0.022131
-0.022082
-0.022082
-0.022131
-0.022156
-0.022107
-0.022057
-0.022082
-0.022107
-0.022131
-0.022082
-0.022057
-0.022057
-0.022107
-0.022131
-0.022082
-0.022033
-0.022057
-0.022057
-0.022082
-0.022107
-0.022131
-0.022107
-0.022082
-0.022082
-0.022131
-0.022131
-0.022107
-0.022033
-0.022008
-0.022008
-0.021983
-0.02191
-0.02186
-0.021885
-0.021983
-0.022057
-0.022107
-0.022131
-0.02218
-0.022254
-0.022254
-0.02218
-0.022107
-0.022082
-0.022107
-0.022131
-0.022107
-0.022082
-0.022082
-0.022131
-0.022156
-0.022131
-0.022082
-0.022082
-0.022131
-0.022156
-0.022107
-0.022131
-0.022082
-0.022033
-0.022033
-0.022082
-0.022107
-0.022082
-0.022033
-0.022033
-0.022082
-0.022107
-0.022082
-0.022033
-0.022033
-0.022082
-0.022107
-0.022082
-0.022033
-0.022033
-0.022057
-0.022082
-0.022057
-0.022008
-0.022008
-0.022033
-0.022057
-0.022033
-0.021983
-0.021983
-0.022033
-0.022057
-0.022033
-0.021983
-0.021983
-0.022033
-0.022057
-0.022008
-0.021959
-0.021959
-0.022008
-0.021934
-0.021983
-0.022008
-0.021983
-0.02191
-0.02191
-0.021959
-0.021983
-0.021959
-0.021934
-0.021934
-0.021983
-0.022033
-0.022008
-0.021959
-0.021959
-0.022033
-0.022057
-0.022033
-0.021983
-0.021983
-0.022033
-0.022082
-0.022057
-0.022008
-0.021983
-0.022033
-0.022082
-0.022033
-0.022008
-0.021983
-0.022033
-0.022082
-0.022057
-0.022008
-0.021983
-0.022033
-0.022057
-0.022033
-0.021983
-0.022057
-0.022008
-0.022008
-0.022033
-0.022057
-0.022033
-0.021983
-0.021959
-0.022008
-0.022033
-0.022008
-0.021983
-0.021959
-0.022008
-0.022033
-0.022008
-0.021959
-0.021959
-0.022008
-0.022033
-0.022008
-0.021983
-0.021983
-0.022008
-0.022057
-0.022033
-0.021983
-0.021983
-0.022033
-0.022057
-0.022033
-0.021983
-0.021959
-0.022008
-0.022033
-0.022008
-0.021959
-0.021959
-0.021983
-0.022033
-0.021983
-0.022033
-0.022008
-0.021959
-0.021959
-0.022008
-0.022033
-0.022033
-0.021983
-0.021959
-0.022008
-0.022033
-0.022008
-0.021959
-0.021934
-0.021983
-0.022008
-0.022008
-0.021959
-0.021934
-0.021983
-0.022008
-0.022008
-0.021959
-0.021934
-0.021983
-0.022033
-0.022008
-0.021959
-0.021959
-0.022008
-0.022033
-0.022033
-0.021959
-0.021959
-0.021983
-0.022033
-0.022008
-0.021959
-0.021934
-0.021959
-0.021934
-0.021959
-0.022008
-0.022008
-0.021959
-0.021934
-0.021959
-0.022008
-0.021983
-0.021934
-0.021934
-0.021959
-0.022008
-0.021983
-0.021934
-0.021934
-0.021959
-0.022008
-0.021983
-0.021934
-0.021934
-0.021959
-0.022008
-0.022008
-0.021959
-0.021934
-0.021983
-0.022008
-0.022008
-0.021959
-0.021934
-0.021959
-0.022008
-0.021983
-0.021934
-0.02191
-0.021934
-0.021983
-0.021983
-0.022008
-0.021983
-0.021934
-0.02191
-0.021934
-0.021959
-0.021934
-0.021836
-0.021762
-0.021762
-0.021787
-0.021811
-0.021811
-0.02186
-0.021959
-0.022082
-0.022107
-0.022082
-0.022033
-0.022033
-0.022033
-0.022008
-0.021934
-0.02191
-0.021959
-0.022008
-0.021983
-0.021934
-0.02191
-0.021934
-0.021983
-0.021983
-0.021934
-0.02191
-0.021959
-0.021983
-0.021983
-0.021934
-0.021885
-0.02191
-0.021885
-0.02191
-0.021959
-0.021959
-0.02191
-0.021885
-0.02191
-0.021959
-0.021959
-0.02191
-0.021885
-0.02191
-0.021959
-0.021959
-0.02191
-0.02186
-0.021885
-0.021934
-0.021934
-0.021885
-0.021836
-0.02186
-0.021885
-0.021885
-0.021836
-0.021811
-0.02186
-0.02191
-0.02191
-0.02186
-0.021836
-0.021836
-0.021885
-0.021885
-0.021836
-0.021811
-0.021811
-0.02186
-0.02186
-0.021811
-0.021836
-0.021811
-0.021787
-0.021811
-0.02186
-0.021885
-0.021836
-0.021811
-0.021836
-0.021885
-0.02191
-0.02186
-0.021836
-0.02186
-0.02191
-0.02191
-0.02186
-0.021836
-0.02186
-0.02191
-0.02191
-0.021885
-0.021836
-0.02186
-0.02191
-0.02191
-0.02186
-0.021836
-0.02186
-0.02191
-0.021934
-0.021885
-0.021836
-0.02186
-0.02191
-0.021934
-0.021885
-0.02186
-0.021885
-0.02191
-0.02186
-0.02191
-0.02191
-0.02186
-0.021811
-0.021836
-0.021885
-0.021885
-0.021836
-0.021811
-0.021836
-0.021885
-0.021885
-0.02186
-0.021811
-0.021836
-0.021885
-0.02191
-0.02186
-0.021836
-0.02186
-0.02191
-0.021934
-0.021885
-0.021836
-0.02186
-0.02191
-0.021934
-0.021885
-0.02186
-0.02186
-0.02191
-0.02191
-0.021885
-0.021836
-0.021836
-0.021885
-0.02191
-0.02186
-0.021811
-0.021836
-0.021787
-0.021811
-0.02186
-0.021885
-0.021836
-0.021787
-0.021811
-0.02186
-0.021885
-0.02186
-0.021811
-0.021836
-0.021885
-0.021885
-0.02186
-0.021811
-0.021811
-0.02186
-0.021885
-0.021836
-0.021811
-0.021811
-0.02186
-0.021885
-0.021836
-0.021787
-0.021811
-0.021836
-0.02186
-0.021836
-0.021787
-0.021811
-0.021836
-0.02186
-0.021836
-0.021811
-0.021811
-0.02186
-0.021885
-0.021885
-0.02186
-0.021811
-0.021811
-0.02186
-0.021885
-0.021836
-0.021787
-0.021787
-0.021836
-0.02186
-0.021836
-0.021787
-0.021811
-0.021836
-0.02186
-0.021811
-0.021787
-0.021787
-0.021836
-0.02186
-0.021811
-0.021762
-0.021787
-0.021836
-0.02186
-0.021811
-0.021787
-0.021787
-0.021836
-0.02186
-0.021836
-0.021787
-0.021787
-0.021836
-0.02186
-0.021836
-0.021787
-0.021787
-0.021836
-0.021713
-0.021688
-0.021663
-0.021639
-0.021614
-0.021663
-0.021762
-0.02186
-0.02191
-0.02191
-0.021934
-0.021959
-0.021934
-0.02186
-0.021787
-0.021787
-0.021811
-0.021836
-0.021811
-0.021787
-0.021787
-0.021836
-0.02186
-0.021836
-0.021787
-0.021762
-0.021811
-0.021836
-0.021811
-0.021762
-0.021762
-0.021787
-0.021811
-0.021787
-0.021737
-0.021737
-0.021787
-0.021811
-0.021787
-0.021762
-0.021762
-0.021762
-0.021811
-0.021836
-0.021787
-0.021737
-0.021737
-0.021787
-0.021811
-0.021762
-0.021737
-0.021713
-0.021762
-0.021787
-0.021762
-0.021713
-0.021713
-0.021762
-0.021787
-0.021762
-0.021713
-0.021713
-0.021737
-0.021762
-0.021737
-0.021688
-0.021688
-0.021737
-0.021737
-0.021713
-0.021663
-0.021663
-0.021688
-0.021737
-0.021688
-0.021639
-0.021639
-0.021688
-0.021713
-0.021713
-0.021762
-0.021737
-0.021713
-0.021713
-0.021762
-0.021811
-0.021787
-0.021737
-0.021737
-0.021787
-0.021811
-0.021787
-0.021737
-0.021737
-0.021787
-0.021811
-0.021787
-0.021737
-0.021737
-0.021787
-0.021811
-0.021787
-0.021737
-0.021737
-0.021787
-0.021811
-0.021787
-0.021762
-0.021737
-0.021787
-0.021836
-0.021787
-0.021737
-0.021737
-0.021762
-0.021787
-0.021762
-0.021713
-0.021713
-0.021762
-0.021688
-0.021737
-0.021787
-0.021762
-0.021713
-0.021688
-0.021737
-0.021787
-0.021762
-0.021737
-0.021713
-0.021762
-0.021811
-0.021787
-0.021713
-0.021713
-0.021762
-0.021787
-0.021762
-0.021713
-0.021713
-0.021762
-0.021787
-0.021762
-0.021713
-0.021688
-0.021713
-0.021762
-0.021737
-0.021688
-0.021688
-0.021737
-0.021762
-0.021737
-0.021688
-0.021688
-0.021713
-0.021762
-0.021737
-0.021713
-0.021762
-0.021713
-0.021688
-0.021737
-0.021762
-0.021762
-0.021713
-0.021688
-0.021737
-0.021762
-0.021762
-0.021713
-0.021688
-0.021737
-0.021762
-0.021762
-0.021713
-0.021688
-0.021713
-0.021762
-0.021737
-0.021688
-0.021663
-0.021713
-0.021762
-0.021762
-0.021713
-0.021688
-0.021713
-0.021762
-0.021737
-0.021713
-0.021688
-0.021713
-0.021762
-0.021737
-0.021713
-0.021688
-0.021713
-0.021762
-0.021688
-0.021737
-0.021713
-0.021663
-0.021639
-0.021663
-0.021713
-0.021713
-0.021663
-0.021663
-0.021688
-0.021737
-0.021737
-0.021688
-0.021663
-0.021688
-0.021737
-0.021737
-0.021688
-0.021663
-0.021713
-0.021737
-0.021737
-0.021688
-0.021663
-0.021688
-0.021737
-0.021713
-0.021688
-0.021663
-0.021688
-0.021737
-0.021713
-0.021688
-0.021663
-0.021688
-0.021737
-0.021713
-0.021663
-0.02159
-0.021466
-0.021466
-0.02154
-0.021639
-0.021737
-0.021762
-0.021787
-0.021811
-0.021836
-0.021787
-0.021713
-0.021663
-0.021688
-0.021713
-0.021713
-0.021663
-0.021639
-0.021688
-0.021713
-0.021713
-0.021663
-0.021639
-0.021663
-0.021713
-0.021713
-0.021663
-0.021614
-0.021639
-0.021688
-0.021688
-0.021639
-0.021614
-0.021663
-0.021713
-0.021688
-0.021639
-0.021614
-0.021639
-0.021688
-0.021688
-0.021663
-0.021663
-0.021614
-0.02159
-0.021614
-0.021663
-0.021663
-0.021614
-0.021565
-0.02159
-0.021639
-0.021639
-0.021614
-0.021565
-0.02159
-0.021639
-0.021663
-0.021614
-0.02159
-0.021614
-0.021639
-0.021639
-0.021565
-0.02154
-0.021565
-0.021614
-0.021614
-0.021565
-0.02154
-0.02154
-0.02159
-0.02159
-0.02154
-0.021516
-0.02154
-0.02159
-0.02159
-0.021565
-0.02154
-0.021565
-0.021565
-0.02159
-0.021663
-0.021663
-0.021639
-0.02159
-0.021614
-0.021663
-0.021688
-0.021639
-0.021614
-0.021614
-0.021663
-0.021688
-0.021639
-0.021614
-0.021614
-0.021663
-0.021663
-0.021639
-0.02159
-0.021614
-0.021663
-0.021663
-0.021639
-0.021614
-0.021639
-0.021688
-0.021688
-0.021663
-0.021614
-0.021639
-0.021688
-0.021688
-0.021639
-0.021614
-0.021614
-0.021663
-0.021663
-0.021614
-0.021639
-0.021614
-0.021565
-0.02159
-0.021639
-0.021639
-0.021614
-0.021565
-0.02159
-0.021639
-0.021663
-0.021639
-0.021614
-0.021614
-0.021688
-0.021688
-0.021663
-0.021614
-0.021639
-0.021688
-0.021688
-0.021639
-0.02159
-0.021614
-0.021663
-0.021663
-0.021614
-0.02159
-0.02159
-0.021639
-0.021663
-0.021639
-0.021614
-0.021639
-0.021688
-0.021688
-0.021663
-0.021639
-0.021639
-0.021688
-0.021614
-0.021663
-0.021688
-0.021639
-0.02159
-0.021614
-0.021639
-0.021663
-0.021639
-0.02159
-0.02159
-0.021639
-0.021663
-0.021639
-0.02159
-0.02159
-0.021639
-0.021639
-0.021614
-0.02159
-0.02159
-0.021639
-0.021639
-0.021614
-0.02159
-0.02159
-0.021639
-0.021663
-0.021614
-0.02159
-0.02159
-0.021639
-0.021639
-0.021614
-0.021565
-0.021565
-0.021614
-0.021614
-0.02159
-0.02154
-0.02159
-0.021565
-0.02159
-0.021639
-0.021663
-0.021614
-0.02159
-0.02159
-0.021639
-0.021639
-0.021614
-0.021565
-0.02159
-0.021614
-0.021639
-0.021614
-0.021565
-0.02159
-0.021639
-0.021663
-0.021639
-0.02159
-0.02159
-0.021639
-0.021639
-0.021614
-0.02159
-0.02159
-0.021614
-0.021639
-0.021614
-0.021565
-0.021565
-0.02159
-0.021614
-0.02154
-0.021442
-0.021393
-0.021393
-0.021442
