-29263.15546486092,-46104.08487700272
-56220.25951761383,-88519.28828575237
-80915.96167305867,-127501.5019727072
-103533.9585748027,-163232.8984258415
-124244.8573664373,-196030.2735713155
-113895.1197899491,-180081.1772996059
-104249.6395103202,-165343.9862078658
-95394.18659354652,-151717.1923861625
-87265.88374998301,-139161.4726667315
-79854.88305756215,-127586.8832379895
-73102.28450104824,-116912.8602971127
-66952.03010771614,-107115.3161355655
-61356.65386656055,-98124.27465640186
-56270.59292576913,-89969.24391550117
-51602.16500953399,-82533.7100404221
-47364.94321894553,-75708.73206264543
-43475.65350638752,-69444.17524941447
-39905.7260360323,-63741.8879027131
-36628.93693429814,-58457.97319913515
-33621.21565525058,-53607.93793680691
-30860.46816385791,-49206.01560016884
-28326.41463824517,-45165.5494396783
-26000.44049874461,-41406.99837366044
-23865.45966943591,-38006.93491199522
-21905.78906772645,-34886.06173210385
-20107.03340000096,-31971.59287276419
-18455.97941707538,-29296.44054125828
-16940.49885267976,-26890.81441636287
-15549.45933197843,-24682.72208553467
-14272.64259568151,-22655.94340575365
-13100.66943904109,-20795.59012275746
-12024.93081435074,-19087.99650531886
-11037.52459084302,-17520.61895989863
-10131.19750743799,-16081.94388826619
-9299.291891940255,-14761.40311123111
-8535.696755296445,-13549.29623720728
-7834.802901662307,-12436.71940534711
-7191.461724528442,-11415.4998798091
-6600.94738623034,-10428.27527658784
-6058.922103021868,-9522.114900036169
-5561.404280704536,-8690.362302549267
-5104.739266743985,-7926.907619109161
-4685.572504025331,-7226.142685608829
-4300.824889041151,-6632.780580671849
-3947.67015349888,-6088.14137021582
-3623.514103198076,-5588.224258728431
-3325.975561671012,-5129.356969043885
-3052.868878603105,-4708.168766631766
-2802.187874543765,-4321.565698949336
-2572.091103969406,-3918.841559381025
-2360.8883284443,-3549.186410221515
-2167.028100514292,-3209.884848992537
-1989.086367127322,-2898.444443754879
-1825.756008864315,-2612.577424271422
-1675.837238137783,-2398.05018515894
-1538.228785825659,-2201.138476171474
-1411.919811599354,-2020.395828772602
-1295.982478521033,-1854.494548667243
-1189.565137364993,-1702.215962861994
-1091.886070596448,-1562.441467571085
-952.3670119377812,-1434.144311207823
-824.3043174731652,-1316.38205210154
-756.6180059506263,-1256.155944126223
-694.4896378603935,-1200.8751979788
-637.4628323700271,-1150.13373389703
-634.9794216783151,-1103.558816650165
-632.6999319247267,-1060.808317510863
-580.7468803820244,-973.7018924652447
-533.0598630656679,-893.7480596071069
-489.2885820147288,-820.3594963023829
-449.111503374418,-752.9971068908765
-412.233495481709,-741.0268007274467
-378.383660895443,-730.0394153795635
-347.3133464454107,-719.9542400185967
-318.7943166828343,-710.6971912448405
-292.6170773147813,-702.2002688877228
-268.5893363068596,-644.5403183771552
-246.5345913497684,-591.6150141493994
-226.2908333135001,-543.0355789817097
-207.7093561652175,-498.445159414995
-190.6536646086705,-457.5162043896446
-174.9984714208326,-419.9480591300562
-160.628777120454,-385.4647566032571
-147.4390252082066,-353.812990327907
-135.332326772594,-324.7602536426541
-124.21974876611,-347.9538698802065
-114.0196607233583,-319.3822446527839
-104.657135122274,-293.1567286047569
-96.06339698361198,-269.0846750722297
-88.17531866553438,-296.8499943512745
-80.93495614252697,-272.4746747427339
-74.28912336160691,-250.100891995619
-18.3282634347868,-229.5642934010681
33.03746806946219,-210.7140217862958
80.18539210812389,-143.5508692370757
73.60110847067457,-131.7634399484956
67.55748180178833,-120.9439148597813
12.14937888232417,-111.0128162055378
-38.70898429226378,-101.897192398365
-85.39120166681784,-143.390820258426
-78.37945205591905,-131.6165331126161
-71.94346003650304,-120.8090710225272
-66.03594827802519,-110.8890448347745
-60.61352154544966,-101.7835842979156
-55.63634792785822,-93.42580277397988
-51.06786624214249,-85.75430590476866
-46.8745174630712,-78.71274062260014
-43.02549820620894,-72.24938119374241
-39.49253445328996,-66.31674925293575
-36.24967385781954,-60.87126503800033
-33.27309510489853,-55.8729272630203
-30.5409329254154,-101.1457573928118
-28.03311747867392,-92.84034991284906
-25.73122692394174,-135.0776645993265
-23.61835209785814,-123.9859977331332
-21.67897230344546,-113.8051037488338
-19.89884129877223,-104.4601961195566
-18.26488264716289,-95.88262928362245
-16.76509366076101,-88.00939438998957
-15.38845723151763,-80.78265644951937
-14.12486090192224,-74.14932949228179
-12.96502258135125,-68.06068661026384
-11.90042236182842,-112.332740135502
-10.92323993276215,-53.24799496164277
-10.02629713474863,-48.87562871469753
-9.203005230429879,-44.86229169717185
-8.447316505086627,-41.17850284993037
42.10705827343777,-37.79720189971945
88.51024872895323,-84.55428869539803
131.1031221229049,-77.61126073363951
120.3378178808822,-71.23834740500652
110.4564878230649,-65.38873474059882
101.3865459508898,-60.01945281898248
93.06136653841649,-55.09106011886796
85.41979471513466,-50.56735379066765
128.2664353509591,-46.41510371870974
167.5947988113491,-42.60380842028842
153.8330441760216,-39.10547098876466
141.201312023407,-35.89439343467707
129.6068125279885,-32.94698791412489
118.9643751389534,-30.24160345790758
109.1958229367444,-27.75836692838346
100.2293983632154,-25.47903703594697
91.99923610695947,-23.38687034269655
84.44487927177941,-21.46649826894497
77.51083527404356,-19.70381419907675
71.14616820690436,-18.08586985766209
65.30412467661186,-16.60078019430439
10.08105224780248,-15.23763607880056
-40.60747389216771,-13.98642416515528
-37.27306198899191,-12.83795333579431
-34.21244950439726,-11.78378718577148
-31.40315387650841,-10.81618205080468
21.03619945501199,-9.928030124085781
19.30884862183922,-9.112807243956089
17.7233361900316,-8.364524968978934
16.26801534656087,-7.677686588059012
-34.9285424788177,-7.047246743009344
-81.9211842401845,43.39216374862009
-75.19436905890119,39.82909189412587
-69.01991457530391,36.55859547127307
-113.2132027689908,33.55665015879355
-54.05615994142546,30.801204350538
0.2433054784856938,-21.58872094539417
50.08406498844548,-19.81600077359766
45.97149933367537,-18.18884442726203
92.05736795074972,-16.69529918669865
84.4982377205941,-15.32439380896778
77.55981228688606,-14.06605793560983
71.19112355773092,36.9496899969822
65.34538859719515,83.77636875459325
59.97966596855918,126.7579564471855
55.0545402962566,166.2101860221352
100.3945708446242,252.28360268138
142.0115838531249,281.428512720327
180.2112884144524,356.0465478877506
215.274290852327,424.537453223993
197.5974178764552,487.4043473100582
131.5113123832521,545.1090360220121
70.85175219486725,598.0754048517839
15.17314600695554,598.8262240828745
-35.93350853192023,549.654652987152
-32.98289114337009,456.6544111110996
-30.27455855609889,321.4299837982816
-27.78861597617151,197.309274515977
-25.50680223593409,83.38052082189016
-23.41235565171812,-21.19317194329232
-21.48989089624849,-119.1744078180523
-19.72528598158991,-209.110085378723
-18.10557852220186,-291.6608516155702
-16.61887051621603,-367.4331056434341
-15.25424094548306,-387.122715056218
-14.0016655521481,-403.2011170042435
-12.85194320287714,-417.9592690154689
-11.79662829932866,-431.5055811110846
-10.82796873870581,-396.0732528220079
-9.938848968664304,-411.4166969702961
-9.122737717997923,-377.6339323693786
-8.373640019465528,-346.6251805697879
-7.686053172074542,-318.1626583479762
-56.91566443461922,-339.9035950929857
-52.24213390494509,-311.9930041408127
-47.95236218455721,-286.3742426913108
-44.01483758804177,-262.8591211616052
-40.40063595709911,-241.2749028282157
12.77752992475353,-221.4630349424928
-38.13241277727467,-203.2779840382485
-84.86197431629544,-186.5861668760191
-127.754419401383,-171.2649691711673
-167.1248261585762,-157.2018448971732
-153.4016625080384,-144.2934895482198
-90.94461439379948,-132.4450812878103
-33.61611786639188,-121.5695844092253
68.86568725898617,-111.587109991024
210.7986862652354,-102.4243290512148
388.9434131658841,-94.01393388925696
602.3208345992125,-86.29414365913041
748.316403066101,-79.208250541185
734.736015209911,-72.7042031794937
526.8166638088508,-66.73422432449648
42.78910724058,-111.1151979871081
-648.8026316676628,-199.7182139839382
-1233.744782889318,-380.7672240672867
-1573.206906510317,-594.8160190099713
-1689.340596428309,-791.2885704363068
-1502.757030808307,-921.76738281628
-1084.185188245035,-993.6658464696405
-650.1229044701616,-912.0727083436125
-303.5580558045791,-739.4524017588619
16.54365421293771,-531.14577250121
212.6337238332017,-292.0775702481125
342.7614612336612,-22.7792983962679
412.3432482926421,176.5397069020905
428.3451396607266,309.6312415583925
443.0330636248646,381.9334588300969
456.5149143270097,448.2987056185846
468.8897263697799,459.3537477865651
480.2484023021152,469.5010244458419
490.674380368699,478.8150751781382
450.3835093132375,487.364318877326
413.401052871124,447.3452477488062
379.4553463459373,410.6122728566175
348.2970323140377,426.7563002539914
319.6972289017938,441.5746889952703
243.5851103564486,455.1762915868545
173.7228056933185,417.8002841865031
109.5971223445286,383.4933424536733
50.73700765493385,352.003455413271
-3.289911363257155,323.0993055319167
-3.019766028953656,296.5685695119971
-2.771803207669465,322.0770967283581
-2.544201421021649,345.4910357167347
-2.335288758186194,317.1216418217109
47.71720752068737,291.0817512328927
93.65973035432491,267.1800808487401
135.8297630447724,245.2410544459967
174.5370770413017,225.1035129367759
210.0660074507911,206.6195305306698
192.8168035837049,239.5140662205818
176.9839880112195,219.8467863621719
162.4512564785965,201.7944508915186
149.1118548520904,185.2244514665171
136.8677949275183,219.8758067628377
125.6291346311949,201.8210883325807
115.313317325971,235.1096397355607
105.8445653689854,265.6647597920828
97.1533234663636,293.7108994503325
89.17574773589763,269.5933411452884
81.85323672440499,247.4561540817701
75.13200093488267,227.1367235288641
68.96266770104081,208.4857875806997
63.29991850696685,191.3663407125102
58.10215608767818,175.6526273692403
53.33119886507173,161.2292181939617
48.95200047469509,147.9901621100672
44.93239232324196,135.8382080288943
41.24284728535605,124.6840904652708
37.85626280403151,114.4458738136584
34.74776180154073,152.9146590583613
31.8945099379313,140.3583384981018
29.27554787531489,128.8330583036574
26.8716373152387,118.2541563934094
24.66511967863257,108.5439225649348
22.63978638978493,1.903980948159689
20.78075981198333,1.747638872963879
19.07438395965153,1.604134554635077
17.50812418468525,-48.38832427186586
-33.79026301529515,-94.27573952384988
-80.87637260974914,-86.53445158058111
-124.0960884284663,-129.2895641117341
-163.7668926537245,-168.53391513817
-200.1801979720582,-154.6950466033831
-183.7427501104343,-141.9925326247099
-168.6550346146554,-130.3330634294197
-154.8062205652882,-119.6309912141415
-142.0945777305878,-109.8077009954397
-130.426729279402,-150.6517712372225
-119.7169658561739,-188.1420018792043
-109.8866159796721,-222.5537876113185
-100.8634681401029,-254.1399095688492
-92.58124034987898,-233.2716540899303
-84.9790932512628,-214.1169590174631
-78.00118320424262,-196.5351183269858
-71.59625207191036,-180.3969798237356
-65.71725068993075,-165.5839964203445
-60.32099325404834,-201.848093431731
-55.36784008695249,-185.2736892430822
-50.82140645435659,-170.060263350229
-46.64829529096052,-156.0960613938227
-42.81785187323841,-143.2785055288551
-39.30193863686091,-131.513440911166
-36.07472848445013,-120.7144440574223
-33.11251506578481,-110.8021879979203
-30.39353863618145,-101.7038595587376
-27.89782621445996,-93.35262449273355
-25.60704486597439,-85.6871365304344
-23.50436703300581,-78.65108674430064
-21.57434692342495,-72.19278991615468
-19.80280704938438,-66.26480486940768
-18.17673408270774,-60.82358597695151
-16.68418326196436,-55.82916328488108
-15.31419064901289,-51.2448489023949
-14.0566925903456,-47.03696750082061
-12.9024517917875,-43.17460894240892
-11.84298946352616,-39.62940122143877
-10.87052303673997,-36.3753020499637
-9.977908994704309,-33.38840755711598
-9.158590398123144,19.21396141834151
-8.40654871926386,17.63624048375562
-7.716259631400743,16.18807135229799
-7.082652428177027,14.85881610363134
-6.501072775488001,13.63871033161547
-5.967248521763681,-37.34194669770288
-5.477258315694019,-34.27567786536031
-5.027502800896813,-31.46119035089588
-4.614678175867038,-28.87780957048855
-4.235751925017301,-26.50655859771095
-3.887940542443467,-24.33001876333155
-3.5686890849808,-22.33220170176709
-3.275652404205224,-20.49843190421283
-3.006677919453813,-18.81523891567397
-2.759789805464977,-17.27025838406635
-2.533174478397668,-15.85214123452621
47.53557084131038,-14.55047030165475
43.63227033910245,-13.35568380743113
40.04948255065859,-12.25900512259696
36.76088913342829,-11.25237829547589
83.60307094466422,-10.32840887480936
76.73815056968752,-9.480309591787435
120.2976692745503,-8.701850502400365
160.2803740645329,-7.987313223582932
196.9799687766563,-7.33144892732351
180.8053021545038,-6.729439783981376
165.9587900749958,-6.176863571620426
152.3313734440057,-5.669661191276012
139.8229483647797,-5.204106849896399
128.341630797451,-4.776780691371432
117.8030815998783,-4.38454367515068
108.129886991451,-4.024514517470708
99.25098988917124,-51.56035711663865
91.10116793852266,-47.3265683082747
83.62055440485661,-43.44042968457877
26.89346029102528,-39.87339455691733
-25.17558741618857,-36.59926029819574
-72.96907607430448,14.27233272603005
-116.8380857584756,13.10038501379922
-107.2441301006951,-35.8416388462279
-98.43796538082714,-80.76487376710539
-90.35490351984397,-74.13300700383556
-33.07483007247366,-68.04570441449306
19.5017900346306,-110.3245586520259
-31.96030355984923,-101.2654499136036
-29.33593896871325,-92.95021409105536
-26.92706949932305,-85.31776935710995
-24.71600014557216,-78.3120495122819
-22.68648889593549,-71.88159213520487
29.03711069172358,-65.9791605515216
26.65277898518902,-60.56139684408549
24.46423251866851,-55.58850335543961
-27.40534338635815,-51.02395034338703
-25.15500140644933,-46.83420764175325
-23.08944233385348,-42.98849835552441
-21.19349304234366,-39.45857278083004
-19.45322632056975,-84.08480947926236
-17.85585856580851,-77.18033198464609
-66.25039399356304,-70.84280361874789
-110.6710965400392,-65.02567034258307
-101.5835324473138,-59.68620082083595
-93.24217783223108,-6.918863936978255
-35.72502088983833,-54.21704208106409
-32.79152310042968,-49.76510421982723
-30.09890436627325,-45.67872947230093
-27.62738532380011,-41.92790026096046
-25.35881075740503,-86.35137243964651
-73.13725435037463,-79.26078008018192
-17.27097813864441,-72.75241934700085
34.00793622729886,-66.77848130548453
81.07617196554065,-13.42877417787914
124.2794816085826,35.54021478565927
163.9352268226604,80.48820061764161
198.3402801496649,221.4668372080372
229.9202225218275,350.86925890783
258.9070329984264,421.7797178245784
237.6473334925034,534.7337966587863
218.1333371366733,638.4128482904317
102.4946518556623,633.8569991735454
-3.648564446144809,581.8089370715143
-101.0760156448493,534.0347108222601
-92.77633488694332,392.4563351424011
-85.15816794063886,262.503420882507
-28.3048153727615,143.2213635518228
23.88012329573974,81.60025293292493
71.77998673092878,-24.8216857637848
65.88589829783891,-120.5105430293588
60.47579265773186,-208.3420766526527
55.50992840755276,-288.9614770621112
50.95182744030048,-362.9609559993582
-3.092731129939215,-430.8840967716056
-2.838776906639551,-445.3635387002857
-52.46641380652763,-458.6540265057287
-98.01896384815102,-420.992450967331
-139.8310456823395,-386.4233900261357
-128.3490632179094,-354.6929072390336
-167.6706418351099,-325.5679177111195
-153.9026594821514,-298.8344759071266
-141.2652109900748,-324.1569421713709
-129.6654645424593,-347.4000982782267
-119.0182110455409,-318.8739450401854
-109.2452382017386,-292.6901671284463
-100.2747559798951,-268.656424477943
-92.04086926203858,-246.5961706926779
-84.48309379293603,-226.3473561760414
-77.545911876449,-207.7612377514867
-71.17836455527409,-190.7012860289693
-65.33367727798874,-175.0421824912407
-59.96891630389909,-160.668898932543
-55.04467332157846,-147.4758524876796
-50.5247759643489,-135.3661300442364
3.484716018659026,-124.2507763410447
3.198574639798925,-114.0481405230891
150.5237140816861,-104.6832763529145
383.4785533245357,-96.08739167266242
597.3047121935522,-38.33660495752653
693.8514326891028,-35.18866149675986
734.6040790088369,-32.29920592357718
476.8348232037861,-29.64701295585712
-52.94929980168672,-75.07890877891141
-686.8189082591148,-216.5017199353322
-1218.778681110159,-394.1781521717028
-1511.603411488902,-607.1257321404623
-1582.934826855031,-802.587492939988
-1355.227847327162,-934.1329435274114
-948.7701063888786,-1005.01603072731
-477.9608873194418,-922.4908920145768
-93.67765481871238,-749.0151144459808
209.1900920828619,-539.9232597125107
437.3276440045834,-298.1398798795251
596.8713405850057,-28.34381204436886
645.5873380439859,169.4376840636507
640.4423682125995,303.1123889400841
635.7198686065998,375.9498904262736
583.5188402297373,392.9457293844891
535.604208264514,410.5404141903239
491.6240027446501,426.690342136756
451.2551551038323,441.5141469137766
414.201124987695,455.1207208127963
380.1897219359091,467.6100146246609
348.9711059331312,429.2130337402554
320.3159521411842,393.9689539805506
294.0137663310605,361.6188803680795
269.8713386402678,331.9251766349093
247.7113242972527,304.6697196008294
227.3709408871062,279.6522968902442
208.7007725890253,256.6891362175733
191.563672601784,235.6115554380043
175.8337556945478,216.2647234469147
161.3954734827012,198.5065228257749
148.1427656357113,182.2065058800508
135.9782807821466,167.2449364001793
124.81266138865,153.511910106624
114.5638873599051,140.9065473180943
105.1566735376589,129.3362519124207
96.5219166731422,118.7160311365067
88.59618781038189,108.9678712689613
81.32126635149335,147.8864731395188
74.6437123814531,183.6093418877295
68.5144741106443,216.3988895659025
62.88852755165293,198.6296721278876
57.72454578323662,230.1858515824004
52.98459537224539,211.2845418015014
48.63385772323641,193.9352801112221
44.64037330902573,178.0106227892088
90.83554501824824,211.2598995225393
133.2374807624533,193.9126612900193
172.1576554979056,227.8505993880879
207.8819679579938,259.0017828837041
240.6728408001115,237.7343031561559
220.9104101878868,218.2131654380586
202.7707371016397,250.1557100157254
186.1205716370399,229.6146101350949
170.8376054732958,210.7602068494446
156.809573424063,243.3147381243963
143.9334287630292,273.1961108356097
132.114586266097,250.7630886218459
121.2662274098685,230.1721149061485
111.3086626226443,211.2719330884678
102.1687459028923,193.9237067406704
93.77933750545401,177.9999997457799
86.07881074827282,163.3838401813819
79.01059931675971,149.967861070459
72.52278174067014,137.6535116880559
66.56769999073067,76.48959551511936
61.10160939360109,20.34804765478126
6.223619178492369,-31.18353490840297
-44.14816057197673,-78.48369143546384
-90.38374947172522,-121.8998780962026
-132.8227836193654,-111.8902821878874
-171.7770104875284,-150.5689153822335
-157.6718408337764,-186.0715200636056
-144.7248925881044,-218.6588902746662
-132.8410604193944,-248.5704054100744
-121.9330484049731,-276.0257886429414
-111.9207287746023,-253.3604123707314
-102.7305533101559,-232.5561639448917
-142.1613216676278,-263.3209582129454
-178.3543012448913,-241.6988169355011
-163.7090488307692,-221.852140082133
-150.2663657787365,-203.6351384878986
-137.9275052027747,-236.7747323258937
-78.73552005483988,-217.332388093118
-24.40398154219715,-249.3472561664532
-22.40009115604166,-228.872541063768
-20.56074673435229,-259.9398096008404
-18.87243687220541,-238.5953054452703
-17.32275963013905,-219.0034680256947
-15.90033143233182,-201.0203801695644
-14.59470344540642,-234.3746803269854
-13.39628482372185,-165.2686740636352
-12.2962722572546,-151.6979251054459
-11.28658530435796,-139.2415145318716
-10.35980703480857,-127.8079403897693
-9.509129546644292,-67.45247613430492
-8.728303956914472,-61.91373368711177
-8.011594498809945,-56.82979541692885
-7.353736387977125,-52.16331587190955
-6.749897148673641,-47.88001615684118
-6.195641115485249,-43.94843212821529
-5.686896849878787,-40.33968326582084
-5.219927232439633,-37.02726052293676
-4.791302010787589,-33.98683159705243
-4.397872601724574,-31.19606219019759
-4.036748962494211,-28.6344519463528
-3.705278361132162,-26.28318386049809
-3.401025890147474,-24.12498605312969
-3.121756580250516,-22.14400489500172
-2.865418982704404,-20.32568855004646
-2.63013009995658,-18.65668008078549
-2.414161553500987,-17.12471933140484
-2.215926887605575,34.14218524765612
-2.033969915577724,31.33865924671725
-1.8669540229988,28.7653398942483
-1.713652349196775,26.4033241727961
-1.572938774979796,24.23526125319587
-1.443779650514444,22.24522503933752
-1.325226202311877,20.41859717875108
-1.216407563783094,18.74195967947211
-1.116524377982983,17.20299634456464
-1.024842925795703,15.79040230009284
-0.9406897361630318,14.4938009521417
-0.8634466389482602,13.30366776274162
-0.7925462239586842,12.2112602847045
-0.7274676729150609,-38.65218417333218
-0.6677329335844913,-85.33906559061298
-0.6129032081957103,-128.1923351576994
-0.5625757300977574,-117.6660451112194
-0.5163808051068954,-108.0041030150906
-0.4739790958007233,-99.13553444468185
-0.4350591289162387,-90.99519291650417
-0.3993350072365962,-83.52328133696651
-0.3665443095282038,-76.66491274647939
-0.3364461627596159,-70.36970713246768
-0.3088194728431219,-64.59142134923427
-0.2834613003911105,-59.28760942631758
-0.2601853700445513,-54.41931077011756
-0.2388207021262949,-49.95076396822074
-0.2192103566557074,-45.84914409426845
-0.2012102804867833,-42.08432158343806
-0.18468824919706,-38.62864090757637
-0.1695228956895637,-35.45671742403906
-0.1556028187538251,-32.54525090583437
-0.1428257646366454,-29.87285438346836
-0.1310978760408245,-27.41989704113891
-0.1203330025793435,-25.16836001324431
-0.1104520679125739,-23.10170402192325
-0.1013824889635423,-21.20474788330716
-0.09305764269000286,-19.46355698990162
-0.08541637664561436,-17.86534095022103
-0.07840255984160499,-16.3983596335032
-0.07196467036449196,-15.05183692934398
-0.06605541695896305,-13.81588158883087
-0.06063139158966547,-12.6814145657213
-0.055652750609643,-59.50641091423117
-0.05108292205152731,-102.4864543458141
-0.04688833700413182,-141.9372664640404
-0.04303818298127864,-178.1486439436021
-0.03950417763623219,-211.3865873105237
-0.03626036097975017,-194.0289463312209
-0.0332829046783969,-178.0965977708928
-0.03054993700976377,-163.4725062281345
-0.0280413822186951,-150.0492464594049
-0.02573881301861785,-137.7282142577078
-0.02362531526116279,-126.4189021285692
-0.02168536368562898,-116.0382344425857
-0.01990470785520601,-106.5099571807619
-0.01827026747059515,-97.76407778990328
-0.01677003630748842,-89.73635103325903
-0.01539299402436458,-82.367807059665
-0.01412902517078787,-75.60431822442534
-0.01296884492175777,-69.39620148003553
49.84883418417124,-63.69785341574313
45.75558409667202,-58.46741526537756
41.99844410186372,-53.6664654223563
38.54981510564492,-49.25973720330963
35.38436426536934,-45.2148597870538
-17.38189921440027,-41.5021204259702
-15.95461487274238,-38.09424618285959
-14.64452949576035,-34.96620359021028
-13.44201949486667,-32.09501476007538
-12.33825150561384,-29.45958859365554
-11.32511749994542,20.82574273945152
-10.39517522634454,19.11567319248581
-9.541593540798413,17.5460230241641
-8.758102226801798,16.10526194208654
-8.038945935722529,14.78280644371521
-7.378841909356756,13.56894207237875
-6.772941173963726,12.45475205702493
-6.216792920802137,11.43205181173117
-5.706311811605569,10.49332881359992
-5.237747968450013,57.49799600781582
-4.807659428146938,52.77664833656851
45.44785125671967,194.0363411915964
91.57671832241969,323.6967407110166
133.9177939133051,442.7103026391054
172.782105920799,553.9457030022122
208.4551427233418,656.0472024482164
191.3382122041526,652.0377686168628
175.6268085842847,648.3575624525416
161.2055194735103,694.8402881144578
147.9684093687378,687.6454277050002
135.8182414759769,681.0413607109405
74.80502531597864,674.9795751612256
18.80180299984416,619.5548044457551
-32.60281237996946,468.9596658921089
-79.7864274125281,330.7303845174838
-123.0956421803549,203.8515595245233
-63.12712007456429,39.52485939105625
-8.082808582211136,-61.4477022157497
42.44163526388917,-154.1290780125577
88.81735251333909,-239.2000842631323
81.52427050053771,-317.285633191065
24.96930908379082,-341.0930148519423
-26.94174030257136,-362.9454948855081
-74.5902043964212,-333.1428585147243
-118.3260979554907,-305.7874136566082
-108.6099567711106,-280.6782134477811
-99.69163957606995,-257.6308114260945
-91.50563444481631,-236.4759066289725
-83.99180884931572,-217.0580999471679
-77.09496793921697,-199.2347525982804
-70.76444909304138,-182.8749383347449
-64.95374976209689,-167.8584816895393
-59.6201858734095,-201.9413837849291
-54.72457828224108,-233.2256278120165
-50.23096497095352,-261.9410206975122
-46.10633688028568,-288.2984991731047
-42.3203954323402,-312.4916792685285
11.0154081509349,-286.8319699805584
59.97163523544356,-263.2792629727316
104.9079071078119,-241.6605454272215
146.154315379913,-173.9507025816026
184.0138467664511,-159.667043992255
168.9038706415199,-146.5562631186747
155.0346238557473,-134.5220511525928
190.1705346735961,-123.4760075156148
272.2820595632872,-161.203299079043
397.511877896161,-100.1000627076806
610.1857147907477,-44.01421203284061
755.5354723362227,-40.40006176827499
743.356732720941,-37.08268114996304
534.7295061351336,-34.03770145589323
97.91850890891543,-79.10906354972263
-598.2000846769885,-170.3402074603188
-1235.163684389285,-303.9408032019752
-1624.370035503061,-526.2924952407921
-1736.302554307351,-730.3861658476003
-1593.729098003593,-917.7210406121078
-1167.687242789031,-1039.812500714162
-678.9020248343705,-1004.290848665156
-280.1132907730687,-822.1037807828026
38.06329324928515,-607.0103776725858
280.2526238286669,-359.7182561417429
404.8279531768203,-82.87135780192115
469.3132584878277,169.2483107502499
480.6371568189125,350.8048742764909
441.170474871286,469.5869286153819
404.9445306857254,528.7546635915822
371.6932167324375,533.2032050780228
341.1722764373694,489.420153747705
313.1575099290658,449.2322713239788
287.4431271175523,412.3443467817188
263.8402360072286,378.4854098342614
290.0417637296633,397.2674785625687
314.0917986961341,364.6465523563488
336.1670069822224,334.704236617825
356.4295480369704,307.2205819196612
375.0282658688856,331.8544377132416
344.2334738299645,304.6047892823492
315.9673424362064,329.4534363266528
242.1559265380224,302.4009419375287
174.4054063363828,277.5698159482191
112.2181019507519,254.7776545664483
103.0035082065828,233.8570317692445
94.54555475833406,214.6542694294988
134.6484199980486,246.889046546541
171.458308394124,276.4769211549209
205.2456169974058,253.7745009231979
188.3922310861018,232.9362503380064
172.9227315682537,213.8090963597307
158.7234830259886,244.1188438648883
145.6901810156561,271.9397593108991
133.7270858710963,249.6099002116481
172.60705753687,276.9799271416638
158.4337300171824,302.1025120409675
195.2849586848741,277.2958911021831
229.110212975501,254.5262225814625
260.1579654980144,281.4925542736383
238.7955478513997,258.378284075177
269.0480059908717,237.1620018650115
246.9555981725541,217.6878576693925
226.6772698952246,199.8127988633605
208.0640611809485,183.4055193388384
190.9792436406152,168.3454949597533
175.2973160983348,154.522098219339
160.903082688439,191.6945237106517
147.6908066528471,175.9538621928106
135.5634336229755,161.5057176452794
174.292616795503,148.2439572911464
209.8416206317623,185.9319013763161
242.4715800120267,170.6644275420249
272.4221871812724,156.6506156965894
250.0527143587555,143.7875235721439
179.6593336718446,131.9806618254806
115.0461826808286,71.28256182613937
55.73862790436709,15.56858045665016
1.301009561755725,14.29019362253742
1.194179430415832,13.11677929393693
1.096121469018338,12.03971783660734
1.006115366118396,11.05109740256135
0.9234999574053977,10.14365581140332
-49.01306974610355,9.310727204009316
-94.84918511294374,-39.32011551375526
-136.9215478001689,-83.95772138920832
-175.5392117954702,-124.9299881018544
-210.9858536572631,-162.5378885850533
-193.6611182230453,-197.0576819046323
-177.7589732263529,-180.8766340044994
-163.1626051342854,-215.8850027495278
-149.7647923534461,-248.0187203462488
-137.4671176046245,-227.6530956456155
-126.1792449718379,-208.9597587015809
-115.8182563153297,-241.6621306363456
-106.3080421737881,-221.818466214465
-97.57874268158973,-203.6042296911452
-89.56623439416146,-236.7463615510958
-82.21165925171644,-267.1670850500202
-75.46099222141143,-245.2291257746197
-69.26464444180627,-225.0925637674517
-63.57709895428682,-206.6094804332807
-58.35657634593451,-189.6441032543942
-53.56472784749407,-174.0718084365788
-49.16635363198458,-159.7782054511569
-45.1291442448417,-146.658296748235
-41.42344326602608,-134.6157064686024
-38.02202946071107,-123.5619724886558
-34.89991681827976,-113.4158965978294
-32.03417101081262,-104.1029480350156
-29.40374092275771,-95.55471600255422
-26.98930401416196,-87.70840713616947
-24.77312438176584,-80.5063842391464
-22.73892247508842,-24.03500477764689
-20.8717555105339,27.79932583996902
-19.15790770511384,25.51663267794063
-17.58478952344063,23.42137888412897
-16.14084519790317,71.35891131668443
-14.81546784255423,65.499398756928
-13.59892153739134,10.26029173759636
-12.48226981053561,9.417785774507884
-11.45730999292283,8.64446071934092
-10.51651296329659,-41.92610221253896
-9.652967841090943,-38.48341344441855
-8.860331220653434,14.53732305423061
-8.13278057402896,63.20435423832743
-7.464971479973538,58.01443891231889
-6.851998365083066,53.25068443258148
-6.289358468542487,-0.9826407705803194
-5.77291876591878,-50.76269105235318
-5.298885608855186,-46.59440120179916
-4.86377685781392,-42.76838320323174
-4.464396303099574,-39.25653200041447
-4.097810186140793,-36.03305033479698
-3.761325648887958,-33.07425924469351
-3.45247095260883,-80.21916224012229
-3.168977321123189,-73.63210562719709
-2.908762274792718,-67.58593368087212
-2.6699143331925,-62.03623259999168
-2.450678973795779,-56.94223554520842
-2.249445743604348,-52.26652317515406
-2.064736429197003,-47.97474877238294
-1.895194198008618,-44.03538594024018
-1.739573631466825,-40.41949701719495
-1.596731576362564,-37.10052050731075
-1.465618747501006,-34.05407596557153
-1.345272019954098,-31.2577849046613
-1.234807354064272,-28.69110640776591
-1.133413301567795,-26.33518623961022
-1.040345044862315,-24.17271834755103
-0.9549189257690517,-22.18781773530594
-0.876507423461233,-20.36590377537378
-0.8045345449143524,-18.69359310300775
-0.7384715938014559,-17.1586013051561
-0.6778332866870956,-15.74965268191991
-0.6221741884156611,-14.45639741780264
-0.5710854399573404,-13.26933555439269
-0.5241917549612131,-60.04605579617796
-0.4811486631348786,-102.9817872293781
-0.4416399797421989,-94.52561736128492
-0.4053754829946242,-86.76381113520088
-0.372088782144206,-79.63935209149903
-0.3415353606772077,-73.09990557781248
-0.3134907801514894,-67.09743431039794
-0.2877490314488355,-61.58784550342431
-0.2641210215251157,-56.53066697316791
-0.2424331844388896,-51.88874983866
-0.2225262062763361,0.2383129558015822
-0.2042538549021055,48.0850528934637
-0.1874819058006028,-3.729675959615622
-0.1720871560536555,-3.423420122395299
-0.1579565193377932,-3.142311949143469
-0.1449861952150849,-2.884286483342934
-0.1330809066333906,-2.647448328677799
-0.1221532000542419,45.43625086438364
-0.112122803045198,-6.160976229341671
-0.1029160345921635,-5.655078410405891
-0.0944652638895086,-5.190721508639507
-0.08670841347747131,-4.764494464099991
-0.07958850332195393,-52.23957490041772
-0.0730532321527342,-47.95001330819844
-0.06705459338083519,-44.01268158557715
-0.06154852238552715,-40.39865699105079
-0.05649457279870275,-37.08139172356461
-0.05185561947018501,-34.03651790853367
-0.04759758571380015,16.62463999357418
-0.04368919296431754,15.25953667226678
-0.04010173108699436,14.00652642954786
-0.03680884738610021,12.85640493779525
-0.03378635308442897,11.80072366666739
-0.03101204562717135,-37.03458076829806
-0.0284655455821553,-81.85985934364486
-0.02612814693637069,-123.0043883397346
-0.02398267972823883,-160.7704060893363
-0.02201338381554334,-147.5690245612893
-0.02020579319293467,-135.4516514555084
-0.01854662971474256,-124.3292753107896
-0.01702370555328197,-114.1201936868507
-0.01562583366702076,-104.7494129967912
-0.01434274558088569,-96.14809762138316
-0.01316501603216404,-88.25306425814911
-0.01208399370055099,-81.00631779138452
-0.01109173763161778,-74.35462527310212
-0.01018095893506669,-68.24912488605575
-0.009344967255412326,-62.64496701589896
-0.008577621568546237,-57.50098479614557
-0.007873285136731504,-4.913083115346251
49.85351133094778,43.3566547271399
95.62061530270628,137.5235453394264
137.6296333452031,223.9580859470209
176.1891541308043,303.2952049860916
211.5824271111471,376.1176948514884
194.2087050881438,442.9604929569529
178.26159595096,504.3146112633529
113.7632177553576,560.630743140696
54.56101140638502,562.4618359436896
0.2200909888567654,516.27626316404
-49.65871951387482,473.8831381500044
-95.4418184759861,337.2440039616177
-87.60477999310059,211.8247539917175
-30.55052814318489,96.70408701409515
21.81881331315024,-8.963647153947482
69.88793762284179,-105.9546596050681
64.14921150272785,-147.1151156212487
58.88171087017,-232.7620611619083
4.186003751058753,-261.5155190144538
-46.01846076197801,-287.9079368186908
-92.10047322324303,-312.1331872607753
-84.53780347879959,-334.3692235092499
-77.59612917186807,-356.7738159433054
-71.22445834504565,-377.338694341084
-65.37598615659962,-396.2149236123869
-60.00775106274143,-413.5411642353418
-55.08031923192771,-429.4446908248397
-50.55749487293343,-394.1815889476268
-46.40605434880889,-361.814055185642
-42.59550212362628,-332.1043250126954
-39.09784674917416,-304.8341575220032
-35.88739524622933,-279.8032322782673
-32.94056436972375,-256.8276778094286
-30.23570737165393,-285.5994590436461
-27.75295498897427,-312.0086956370084
-25.47406948851358,-286.3886457076951
-23.38231069676566,-262.8723414994348
-21.46231303037339,-241.2870376010896
-19.69997262406218,-171.6134351746367
-18.08234372687614,-157.5216972224111
-16.59754360558511,-194.447815872542
34.62607285808642,-228.3418106853012
131.5042894998709,-209.5919211068513
318.1545670337657,-192.3816460131714
537.344691118364,-126.7238245307556
690.6700918196724,-116.3181186734344
683.8176598065451,-106.7668592060413
480.079380362732,-97.99988475339968
-2.104855205241499,-139.8135332341512
-688.0157751533153,-226.0600354793077
-1269.738007481543,-355.0852947131359
-1608.239039758445,-571.2429164979759
-1721.496127147403,-769.6511321278358
-1530.27773667391,-901.9066650209051
-1061.579770751528,-1025.296694995894
-581.5073828220607,-988.9725534946764
-190.7160399427924,-760.1770121162167
118.125415203147,-550.1686176207829
353.7405842588827,-309.5383876146873
472.2815778921737,-38.80635119470531
531.2280464422403,159.8342580699919
537.4679199338143,294.2975315244273
543.1954170953671,367.8588496550581
498.5918727006913,387.5134998407478
457.6508705697321,405.5542427022784
420.0716674316204,422.1136014250366
385.5782150247072,387.4524791691884
353.9171323089586,355.6374945217563
374.7165823015536,326.4349418563849
393.8081217302371,299.6303058767064
411.3319926925312,275.0266858358276
427.4169215506864,252.4433491482667
442.1810645262037,281.5751418846989
405.8721375335066,308.3148282635929
322.6839166465508,332.8588319268933
296.1872895605634,305.5267094167182
271.8663868001942,280.4389164818817
199.6818144416781,207.550425798203
133.424552359495,190.5077845316316
122.4686279219829,174.864570031928
62.55159199857579,210.3666089256207
7.554538990511906,242.9534598076782
6.934211195697803,272.8644982578327
6.364820535947236,250.4587058325904
5.842184397271873,277.7590345692287
5.362463613699754,302.8176444207947
4.922134265669081,277.9523016337707
4.517961794165081,255.1287331069734
4.146977240316889,234.1792821076858
3.806455436163231,214.9500587433253
3.493894986110559,197.2998095216717
53.06773800735016,181.0988797345327
98.57091136086801,166.2282610440112
140.3376709875746,152.5787172743796
178.6748259847229,140.0499819878334
213.8639923555604,128.5500219504798
196.3029235813371,165.8606696671825
180.183851344696,200.1076186127768
165.3883686146898,231.542439069095
151.807791147159,212.5297354724758
139.3423591151769,195.0782268753919
127.9005042959965,179.0597184730311
117.3981774317904,164.3565419533903
107.7582308230184,150.8606911327397
98.90985161888821,138.4730285667786
90.78804164237718,127.1025573095392
83.33313992844046,116.6657524705955
76.49038446811947,107.0859476602256
70.20950993933965,98.29277181559881
64.444378469233,90.22163227101878
59.15264071596351,82.81324027485141
54.29542478004926,76.01317546792663
49.83705066019334,21.90517753358258
45.74476815621254,-27.75983650949033
41.98851629351498,-25.48038594497284
38.54070250196173,-71.25441707886198
35.37599992726876,-113.2697934716267
-17.38957672944994,-103.9688419122353
-15.96166196203687,-145.292359885233
-14.65099792561162,-231.0889778344894
-63.30869489587358,-261.9742475314014
-107.9709499337461,-290.3234271680366
-99.10510367080123,-316.344763357044
-140.827999027557,-290.3686647885616
-179.1248915927984,-266.5255482542308
-164.416363496093,-244.6402676540257
-150.9156005337844,-224.5520587045178
-138.5234291781222,-206.1133580010005
-127.1488193625843,-189.1887190504592
-116.7082157958315,-223.5145554273948
-107.1249241835704,-205.1610474961672
-98.32854784972153,-188.3146058620027
-90.25447061850053,-172.8514804040497
-82.84338215870157,-208.5188206418599
-76.04084230354837,-191.3966613214062
-69.79688114565703,-225.5411963692065
-64.06563196936118,-256.8820124662894
-58.80499432445337,-285.6493321049381
-53.97632476570902,-262.1937353438566
-49.5441529870487,-240.66415400653
-45.47592126470443,-220.9024366952235
-41.74174529564725,-202.7634183384098
-38.31419467424176,-186.1138538412758
-35.16809139480105,-170.831439297608
-32.28032489966889,-156.8039135731309
-29.62968231427855,-143.9282336608989
-27.19669262232912,-132.109817750718
-24.96348363603186,-121.2618504528322
-22.91365071115801,-111.3046450718084
-21.03213624218802,-102.1650582462428
-19.30511905265407,-93.7759526543088
-17.719912867912,-86.07570383826338
-16.2648731245604,-79.00774752525074
-14.92931143229172,-72.52016411905484
-13.70341705930345,-66.56529731054096
-12.57818486492232,-61.09940400531631
-11.5453491498695,-56.08233299685818
-10.59732293838409,-51.47723002496329
-9.727142245997154,-47.25026705275317
-8.928414923671626,-43.37039377358513
-8.19527370251469,-39.80910952262501
-7.522333094191848,-36.54025391740208
-6.904649830388106,-33.53981468961994
-6.337686550616885,-30.78575129656217
-5.817278471818509,-28.25783301619768
-5.339602794875363,-73.80379892741728
-4.901150623125694,-115.6098372755911
-4.498701186852364,-106.1167371000535
-4.129298184189141,-97.40314629033907
-3.790228064878905,-137.2713653847764
-3.479000097133113,-125.9995666041741
-3.193328071182254,-115.6533319235027
-2.931113505470779,-154.0229688512016
-2.690430231552918,-189.2419499555411
-2.469510244937364,-173.7026772545404
-2.266730717752606,-209.3001229474037
-2.080602077812292,-192.1138083506847
-1.909757066558249,-176.3387180058047
-1.752940695475525,-161.8589716943752
-1.609001027216182,-148.5682045000489
-1.476880713808502,-136.368785476051
-1.355609229519343,-175.0318385856265
-1.244295741686626,-160.6594043987055
-1.142122566801977,-147.4671375809074
-1.048339163979729,-185.2188688618528
-0.9622566217440907,-170.0099444489903
-0.8832425973316271,-156.0498743414093
-0.8107166717530018,-143.2361110457
-0.7441460860627296,-131.4745275770609
-0.6830418279138512,-120.6787260238793
-0.6269550393722466,-110.769402888416
-0.5754737196724723,-101.6737665413225
-0.5282196987459905,-143.1857406259807
-0.4848458593341974,-131.428293236518
-0.4450335871173706,-120.6362881355914
-0.4084904302163737,-110.7304497133153
-0.3749479509031312,-101.6380119382682
-0.3441597537792366,-93.29218383478629
-0.31589967577051,-85.6316588517039
-0.2899601247924009,-28.73942640339666
-0.2661505548063092,-26.37953852304754
-0.2442960661311628,-24.2134287205839
-0.2242361206839492,-22.22518524706482
-0.2058233626880769,-20.40020291906999
-0.1889225361977979,-18.72507583235336
49.68732862341534,32.67323922992315
45.60734028339034,79.85107128451592
41.86237307078868,123.1549779335217
38.42491731000322,113.0423216908372
35.26972223440649,103.7600485800383
-17.48712761492302,45.3792350233301
-16.05120262667299,-8.207739838644846
-14.73318611471056,-57.39451371031106
-13.523396230148,-52.68166330745932
-12.4129461321902,-48.35580039668439
-11.39367870751176,-44.38514817494595
-10.45810664990597,-40.7405391359494
-9.599357460277329,-37.39520081234936
-8.811122962772632,-34.32455911123739
-8.087612966420089,-31.50605779851535
-7.423512731703877,-28.91899280589429
-6.813943929633693,-26.54436014355036
-6.254428806712559,-24.36471630115949
-5.740857292370534,-22.36405011179762
44.59128130769905,-20.52766513758946
90.7904841210014,-18.84207171307338
133.1961199622037,-17.29488785311085
122.2589528526147,-15.87474829767087
112.2198721468753,-14.57122102523831
53.1443949310901,-63.23546873655889
-1.080202495014811,-58.04299849777844
-50.85224166590717,-53.27689889749796
3.184139592117793,-48.90215925427735
52.78341763736114,-94.74738184273194
98.30993746223436,-86.96736581297093
140.098126505538,-79.82619223189693
178.4549512801017,-73.27140366590085
163.8014341638588,-17.39411201708482
150.3511650513105,81.76122186301386
138.0053413309664,172.7745884188096
126.673273395498,256.3145510983562
116.2717184565289,382.8555135430341
106.7242690620625,449.1450474167427
97.96079182480199,462.125023228475
89.91691223823595,474.0391709622962
32.67280368114152,534.8357473470953
-19.87080472995007,490.9186426553461
-68.09988636730623,400.7469763131823
-112.3687210728518,317.9795991020864
-103.1417595021048,242.0085207323937
-44.81171567479988,122.4149368618247
8.728658325553777,14.63600109574002
57.87265788408507,-34.43211720090022
102.9812836212493,-129.3318306486539
94.52515510606192,-216.4390196225113
86.76338683723267,-296.393553680313
29.77822451901685,-321.9164520164779
-22.52770057203829,-345.3435820652166
-70.53861584070791,-366.8470341846577
-114.6071985284576,-386.5847678332278
-155.0571664001269,-404.7017719039304
-142.3249175858464,-421.3311297797019
-80.77741706412981,-436.5949969334717
-24.28378221488575,-400.744760139605
-22.28976178687252,-367.8383030207099
-20.45947686892642,-337.6339022424668
-18.7794826051795,-309.9096831605929
-17.23743814065789,-284.4619899802676
-15.82201596815254,-261.1038897471431
35.33791939602531,-239.6637991804108
82.29694588574077,-219.984224261136
125.4000138072337,-201.9206033170734
115.103010358903,-185.3402451056422
105.651527391759,-217.9876626846142
96.97613646600253,-247.9542945029998
89.01311013708082,-227.5939600181143
81.70395382839895,-208.9054788930146
74.99497614355202,-191.7515698045895
116.703203051903,-128.139915455813
204.847369757809,-69.75162117133875
333.6200405199532,-64.02408843891166
551.5402442195106,-58.7668620685381
701.705572308957,-53.94132367349656
693.9469810602601,-97.37833453889338
489.3769500662478,-89.38228241660264
106.1507370061782,-129.9091207603914
-540.783093518694,-216.9689065635042
-1184.455818854911,-344.7462384696179
-1577.825957917406,-513.8865252371095
-1743.441100599326,-717.0044609113745
-1648.147783606165,-903.4437215157209
-1317.358909154317,-1024.713109252528
-816.2836633288904,-1040.292055516517
-406.2140756028679,-905.0095494311863
-27.82220742674573,-730.9747922984659
219.7771961427332,-475.4979785671622
399.1790978870547,-191.1384597535523
466.1226786237036,22.00506447765439
525.5748744466777,215.6522503936263
530.2845187735265,343.5376972250154
534.6074388695909,413.0557450192044
538.575389920718,427.0047014364954
542.2175195910448,439.808263623221
497.6942735445633,403.6941750387288
456.826976202978,370.5455318589092
419.3154257140027,340.1188317057711
384.8840707769089,312.1905669744899
353.2799865055481,286.5555829974372
276.4047079092477,263.0255710247297
253.7082173422344,241.4276849511107
232.8754095177017,221.6032716278046
213.7532513772718,203.4067054326822
196.2012759053654,186.7043185376484
227.9568588808144,171.3734190151565
209.2385789484689,157.3013895713481
144.191009339489,144.3848602850667
84.48470747226182,132.5289492759398
29.68108446090636,121.6465657237627
-20.62243461906329,161.5185082341649
-66.79536795426866,198.1164357181329
-61.31058279934732,231.7091882099798
-56.2761712124773,262.5435304134688
-3.788842963140056,290.8459643790608
44.38857985983547,266.9636552212089
88.60999762442849,245.0424002314228
129.2002507871474,224.9211708665958
166.4575060969063,206.4521611615883
152.789138269502,189.4997019803526
140.2431246299488,173.9392644213376
128.7273050213717,209.5172831715912
168.0178249724808,242.17387495678
204.082072396671,222.288189542435
237.1849670361728,204.0353825071967
267.5696752106025,237.1421110055371
295.4593960612478,217.6696001131536
271.1982630062133,199.7960404945188
248.9292905829152,233.2508751692338
228.4888959952416,263.958624436626
209.7269287630501,242.2841223092368
192.5055677510844,222.3893841258233
176.6983087662344,204.1282676738446
162.1890352866084,187.3666309537086
148.8711654959804,171.9813468021691
136.6468693581409,157.8593984283034
125.4263499796802,144.8970492178458
115.1271839824837,132.9990807077241
105.6737160403881,122.0780931329075
96.99650313243676,112.0538634076473
89.03180443021223,102.8527558250021
81.72111307225258,94.40718114566739
75.01072638602606,86.65510010285482
68.85135140026752,29.67882956098799
63.19774275011589,-22.61893388642545
58.00837031491373,-70.62235769057013
53.24511414747491,-114.6840640623718
48.87298445356647,-155.1277202547805
-5.000873550127408,-142.3896780337502
-54.45097365461815,-180.5583360508093
-99.84056502519385,-215.5928412772165
-141.5030692554234,-247.7505492037533
-179.7445296061597,-277.2676830238607
-164.9851210145779,-304.3610688753122
-151.4376555204983,-279.3689904807883
-139.0026165300042,-256.4290930198644
-127.5886590807272,-283.2391738244017
-117.1119388425432,-259.9814830074554
-107.495496216347,-238.6335569127925
-98.66869100625703,-219.0385785406818
-90.56668351290121,-248.9189162362547
-83.12995823573509,-228.4793735199649
-76.30388668578279,-257.5844967996392
-70.03832609715438,-236.4333950473068
-64.28725108973833,-264.8853877203105
-59.00841557724271,-243.1347860420686
-54.16304243708184,-223.1701970896949
-49.71553866245133,-204.8449655428517
-45.63323390425933,-235.8907870174623
-41.88614048213828,-216.5210264121637
-38.44673310180916,-198.7417799200057
-35.28974666052727,-182.4224452482553
-32.39199065538028,-167.443144283749
-29.73217883119905,-105.8275339050858
-27.29077281650557,-97.13769051142729
-25.04983859912949,-89.16139845379526
-22.99291478703809,-81.84006570859579
-21.10489168672164,-75.11991143408135
-19.37190031073699,-116.8178794989245
-17.78121049944107,-107.2255830429132
-16.32113740797823,-98.420941282372
-14.98095567221291,-90.33927732553782
-13.75082062253127,-82.92122511087663
-12.62169596721068,-76.1122933174825
-11.58528741388758,-69.86246508416301
-10.63398174152682,-64.12583059714505
-9.760790875456566,-58.86024984688246
-8.959300554593591,-54.02704307727129
-8.223623213697776,-49.59070665289111
-7.548354734696707,-45.51865225746593
-6.928534749253578,-41.7809675074574
-6.359610201013851,-38.35019622252823
-5.837401899911965,-35.20113673873508
-5.358073822772134,-32.31065678279391
-4.918104934782807,-29.65752354772308
-4.514263324760589,-27.22224772144196
-4.143582464283378,-24.98694032274747
-3.803339416234027,-22.93518129294856
-3.491034832724749,-21.05189887781692
-3.204374595461776,-19.32325891394078
-2.941252963666449,-17.73656320610416
-2.699737105804532,-16.2801562492673
-2.478052901450735,-14.9433396098726
-2.274571908936945,-63.57703145258788
-2.087799403279839,-58.35651438703186
-1.916363396195671,-53.56467097624896
-1.759004557880337,-49.1663014306004
-1.614566966149544,-94.98983444491725
-1.481989615371548,-87.18990984255677
-1.360298622564856,-129.891200561632
-1.248600073391763,-119.2254111451326
-1.146073455802223,-159.2961625415123
-1.051965632626974,-146.2158359515099
-0.9655853092191838,-134.2095775685958
-0.8862979554533957,-123.1891921550468
-0.8135211444605503,-162.9344645862358
-0.746720274385097,-149.5553851686232
-0.6854046412642952,-137.2749055255916
-0.6291238344230564,-126.002816052461
-0.5774644278987567,-115.6563145490115
-0.5300469434478022,-106.159397973203
-0.4865230630300774,-97.442304140316
-0.4465730701465811,-89.44099926576756
-0.4099035012754524,-82.09670758749813
-0.3762449901028527,-75.35547961263627
-0.3453502888638873,-69.16779581689914
-0.3169924521413819,-63.48820288532544
-0.2909631697262288,-58.27497982267526
-0.2670712364547387,-53.48983148044172
-0.2451411476082476,-96.96391583991594
-0.2250118097719471,-89.00189298639532
-0.2065353574127248,-81.69365775449644
-0.1895760667196088,-74.98552551380308
-0.1740093586132282,-116.6945284441397
-0.159720883584244,-107.1123607448979
-0.1466056817742406,-146.1833246263023
-0.1345674118800293,-134.1797358541403
-0.1235176435228465,-171.0281094313486
-0.113375207640208,-156.9844344818339
-0.1040656001838108,-144.0939314099674
-0.09552043490923454,-84.39560092766573
-0.08767694098737686,-77.46560333524548
-0.08047750186528034,-23.23834181947162
-0.07386923213891593,-21.33016590634034
-0.06780358894930674,-19.5786765306874
-0.06223601547391617,-65.83731624108344
-0.05712561361077174,-108.2975084222521
-0.0524348434830663,-147.2711559689503
-0.04812924775479369,-135.1782418231649
-0.0441771984967962,-124.0783162335845
-0.04054966487287021,-113.8898416766132
-0.03721999985975894,-104.5379759401797
-0.0341637444660414,-95.95402234994795
-0.03135844816610683,-88.07492513919122
-0.02878350387467944,-80.84280625552246
-0.02641999665253416,-74.20454020185187
-0.02425056469213969,-68.11136378870307
-0.02225927185759662,-62.51851793080373
-0.02043149057878675,-57.38491885714377
-0.01875379437410176,-52.67285631892779
-0.01721385924821001,-48.34771657864383
49.8449377418003,3.488580444887651
95.61274571887914,51.06843033580596
137.6224099585485,94.74134382756431
176.1825238799804,134.8281321893204
211.5763412918139,171.6232638321745
194.2031189952545,207.3914569319703
178.2564685503565,240.2226072316301
163.6192494973382,270.3578848787299
100.3232020459186,345.8849653452806
42.22459914885059,367.3439627207819
-11.10333828967469,337.1801538342017
-10.19160702915616,309.4931935115728
-9.354740991143421,284.0796996524765
41.27414536660042,163.0259438174949
87.74572901295612,99.77861462731725
130.4013796101018,-6.14157901403532
119.6936977307815,-103.3643206690267
109.8652584758076,-192.6037864400666
50.98312625538214,-224.6547709892751
-3.064002362472218,-303.934682951066
-52.67314526681344,-328.8383546081419
-98.20871991510316,-351.6971046967007
-140.005220260758,-372.6788483851589
-128.5089357545749,-391.9377127807726
-117.9566486022146,-359.7544309971155
-108.2708441071834,-330.2138232726067
-99.38037255717903,-303.0988910354612
-91.21992657437214,-278.2104541731504
-83.72956138241409,-255.3656879007682
-76.85425446572084,-284.2575178867795
-70.54350138663931,-310.7769456380611
-64.75094479129382,-285.2580387118373
-59.43403387911303,-261.8345723253844
-54.55371183430896,-240.3344830329834
-50.07412892340864,-220.5998360787601
-45.96237915129559,-202.4856652438431
-42.18825854122625,-235.7196460727186
-38.72404326333912,-266.224676522681
-35.5442859817476,-294.2248395950538
-32.62562892413055,-270.0650799912913
-29.94663230095271,-247.889156915118
-27.48761681358508,-227.5341710896701
-25.2305190946677,-158.98986131316
26.70197909623124,-96.07394799932354
74.37013076342737,-88.18500330299821
215.8511419905508,-80.94384554284962
395.5754248249262,-24.43654470926611
608.4082701864454,-22.42998045546596
263.2743164441796,-70.44891984107764
-248.9736579775285,-112.5304382348094
-816.8863299957959,-248.8835528371557
-1290.29953474548,-473.7617454506103
-1722.844810249236,-680.1744574433053
-1531.515675014818,-869.6379495545011
-1112.576796059438,-945.8169307114975
-628.3168763306722,-918.0135609741089
-233.6818535231604,-792.7717402263002
128.5484025917436,-629.9476245891586
363.3077062147077,-380.7720510280859
530.9238504277462,-154.0515246765754
585.0550110350036,54.05224103217429
586.8749771980497,195.2071908175321
538.6847618984569,276.9051394713633
494.4516020891356,351.8946035447849
453.8505710592015,372.8601299597707
416.5834228880361,392.104108735017
382.3764015986681,409.7679017527767
398.8445387991463,425.9812632108395
366.0941150418465,391.0025546522716
336.0329352178131,358.8960617475116
308.4401767512316,329.4259375170229
330.9794581174562,302.375701144686
303.8016571101934,277.5466477590786
326.7218224276081,254.7563887927743
347.759938340574,233.8375121974698
367.0705460537426,214.6363526733053
336.9291882999598,197.0118628785095
309.2628355745122,180.8345773278226
283.8682571556899,165.9856613685155
260.5589102580421,152.356038248122
191.2972611412546,139.8455878615284
127.7229115560699,128.3624112914294
69.36885881961479,117.8221557398186
15.80644735978325,108.1473948916567
-33.35778009067459,149.1277982736985
-30.61866415126892,186.7431672978684
-28.10446594048052,171.4090777771752
-25.79671673125232,207.1948583913214
24.18784426658432,240.0421520372548
70.06801020630834,220.3315093329541
112.180806330431,202.2393716808628
150.8355836414923,235.493576476135
186.3162913238166,216.1564321217419
171.0172539793026,198.407123653917
156.9744704062833,182.1152686978494
144.0847855171321,215.0274995904863
132.2535146242768,245.2372000391281
171.2544860232081,225.0999750278094
207.0529606696192,206.6162831309539
239.9119059995535,237.5166559508052
270.0726963365074,218.0133899534129
297.7568859724156,200.1116006315598
273.3070985399058,183.6797855209387
250.8649627643734,168.5972402526232
230.2656238311373,154.7531718865106
211.3577636911412,142.0458850515599
194.0024895130673,130.38203491476
178.072313408213,119.6759414913766
163.4502159335249,109.848960259056
150.0287864934613,100.8289044533133
137.7094343262065,92.5495147999613
126.4016642783901,37.08366419910079
116.022412048423,34.03860378373929
106.4954340148912,31.24358319407151
97.75074716847617,-19.18823774454734
89.72411503256411,-65.47893765500737
82.35657579680351,-60.10224887837342
25.73327108208589,-105.0277956392378
-26.24050971149141,-146.2643594736204
-73.94655413245776,-184.1148547812972
-117.7352999105046,-218.8573226743765
-157.9284091923084,-250.7469734039176
-144.9603932832966,-230.1573229612515
-133.0572233857033,-261.1190938733483
-122.1314615262862,-239.6777548463058
-112.1028495484666,-219.9970339818409
-102.8977195542834,-251.7930993049418
-94.4484527567225,-280.9782861732568
-86.69298276754854,-257.9062442029754
-79.57433967174239,-286.5894608387698
-73.0402315395293,-312.9174051612316
-67.04266030174576,-287.2227381340201
-61.53756916695283,-263.637943880734
-56.48451899034752,-241.9897738779646
-51.84639121696681,-222.1192056026724
-47.58911521726444,-203.8802743889638
-43.68141801200909,-187.139001204941
-40.09459454811505,-171.7724084732533
-36.80229683789227,-157.6676167058757
-33.78034041268661,-192.5873239075077
-31.00652666934141,-176.7733516584379
-28.46047980426357,-162.2579161625867
-26.12349713743843,-148.9343903389676
-23.97841172683768,-136.7049026034099
-22.00946626392184,-77.61330933580557
-20.20219732402387,-71.2402277897813
-18.54332912142431,-65.39046072086302
-17.02067598839361,-60.02103707339804
-15.62305286200287,-55.0925142849823
-14.34019312133622,-50.56868855048238
-13.16267317107175,-46.41632887704895
-12.08184321805316,-42.60493297688745
-11.08976373176504,-39.10650320435841
-10.17914712240977,-35.895340891674
-9.343304207904817,-32.94785757234115
-8.576095076675218,-30.24240170566828
-7.871883985323247,-27.75909962940961
-7.225497959672842,-25.47970957253065
-6.632188795288625,-23.38748765513617
-6.087598178268574,-69.33337348226262
-5.58772567005062,-111.5064930198583
-5.128899321100467,-150.2166403924433
-4.707748697660897,-137.8818629298764
-4.321180123213864,-126.559934207982
-3.966353953107781,-68.30137732832935
-3.64066371517556,-14.82662024958451
-3.341716963179216,34.25715040642591
-3.067317702364235,31.44418424194792
-2.81545025835192,28.86219988852596
-2.58426447025443,26.49223067754656
-2.372062099977053,-23.54944123507925
-2.177284357291409,-69.48202852641413
-1.998500449277842,-63.77663292388424
-1.834397070075329,-58.53972593159213
-1.683768753686992,-101.5991470147337
-1.545509018813002,-93.25651023666205
-1.41860224096217,-85.59891452888917
-1.302116191838034,-126.4364175289637
-1.19519519152121,-163.9206201868317
-1.097053822681695,-150.4605643218574
-1.006971161190004,-138.1057574711861
-0.9242854803427749,-126.7654440394866
-0.8483893899931569,-116.3563206688141
-0.7787253747509173,-58.93561572081759
-0.7147816986267429,-6.22991182350309
-0.6560886459511798,-5.718353478490443
-0.6022150709383789,-5.248800854848151
-0.5527652305812514,43.04850386434585
-0.5073758776298986,39.51365104195271
-0.465713592247172,36.26905649461966
-0.4274723327772051,33.29088617028851
-0.3923711876535708,30.55726310849189
-0.360152311841252,28.0481067372448
-0.3305790328253344,25.74498536569461
-0.3034341120524127,23.63098078916098
-0.2785181490982416,21.69056401180775
-0.2556481170073345,19.90948117421346
-0.2346560176967604,-29.59165974261666
-0.2153876480188285,-27.16179220782493
-0.1977014669099009,-72.79775759862623
-0.1814675557271067,-66.8200966856482
-0.1665666638468231,-61.33328097408119
-0.1528893327151455,-8.430696975780398
-0.1403350917917491,-7.738424995920436
-0.1288117204704499,-7.102997722430704
-0.1182345706737698,-6.519747451379996
-0.108525945097898,-5.984389759225238
-0.09961452636353288,-5.492992030335032
-0.09143485324908072,-52.90825315942706
-0.08392683973614548,-0.697475627703205
-0.07703533365778398,47.2261049575402
-0.07070971157254606,91.21452429711661
-0.06490350690595366,35.85829411333163
-0.05957406862434422,80.78016141601653
-0.05468224787345723,74.14703933409707
-0.05019211046068566,68.05858450442734
-0.04607067283664248,62.47007252541237
-0.04228765987359783,105.2067600521331
-0.03881528243134427,96.56789042082094
-0.03562803320340813,88.63838650394163
-0.03270249939234273,81.35999997291158
-0.03001719067911281,74.6792654590697
-0.02755238142603078,20.68079921888105
-0.02528996566198074,-28.88367713407171
-0.02321332423593404,-26.51194435653876
-0.02130720260376529,-24.33496227995225
-0.0195575988297351,-22.33673929015796
-0.01795166071419132,27.36371169395791
-0.01647759140558369,72.98309681828729
-0.01512456271534176,116.8509552135185
49.84685547937837,157.1166809179078
95.61450598478363,194.0760567756021
137.6240256832916,228.0005779383103
176.184006932279,259.1394462068256
211.5777025658613,287.7214006106201
194.2043684906511,313.9563976727034
178.2576154456222,385.903462292735
113.759564102245,451.9427191701723
54.55765776662825,512.559277635182
0.2170127273591638,518.3376749962614
-49.66154500931527,475.7752807445627
-95.44441196079062,388.8415146817501
-87.60716051843185,259.1854251001287
-80.41345131083823,140.17581920686
-73.81044098971695,30.93847956028282
-67.7496253461013,-21.46271785011654
-62.18648300957637,-119.4218204327635
-57.08014840443137,-159.4764440230057
-52.39311156044948,-244.1083606389237
-48.09094257316773,-321.7908750118145
-44.14203868970709,-393.094625187692
-40.5173921621364,-408.6826541496947
-37.19037716313461,-422.9906992975085
-34.1365541987908,-388.2575556794491
-31.33349058159553,-406.2372016933482
-28.76059564506581,-422.740480429584
-26.39896948937081,-388.0278830974858
-24.23126414698739,-356.165650159918
-22.24155614853771,-376.7804670303928
-68.28153814292793,-345.8417960487638
-110.5410273051286,-317.4436000807455
-149.3304522111938,-341.2380105659708
-184.9347511360866,-363.0785845293375
-217.6154651452116,-333.2650197345477
-199.7463507250659,-305.8995438209116
-183.344527473532,-280.7811362391799
-120.423202744695,-207.8645447769495
-62.66855286729782,-140.9353720631833
-9.656325346066414,-129.3627097638186
39.00289556047419,-118.7403164475876
83.66654939920946,-108.9901624340782
76.79641660162802,-100.0406253140592
120.3511508929041,-91.82596382752924
258.0565108385023,-34.42509682840129
434.3151734120217,18.26239807864187
645.9614014012673,66.62355122328184
740.5071922396377,11.29213638457948
629.8409974065837,10.36490229775427
284.9415621698278,9.513806420945992
-278.9463184640756,-41.12814131716638
-944.1193139659171,-185.3387605368563
-1454.951312709293,-317.7077762486604
-1678.522401191402,-536.9345877794152
-1640.414937627803,-738.1599719916078
-1358.127340928575,-922.8620846967517
-903.5652045392538,-944.8099206992695
-436.4679071522205,-867.2285017178741
-57.5862278828132,-648.4297608412613
242.3179344359068,-349.8702503024933
467.7352513545527,-25.96569519776764
576.9157716948959,221.4812641076238
627.2703858927546,400.7432392827134
625.623910168882,465.5639537517988
574.2518938127711,427.3349815878392
527.0982009919346,392.2451148055162
483.8164514256145,360.0365912406776
444.0887072457638,330.4728144198207
407.6231374979103,303.3366155762547
374.1518744174749,326.2949669682353
343.4290457342404,347.3681333728254
315.2289685507153,318.84460487725
289.3444915269072,292.6632361818035
265.5854731938954,268.6317049190271
243.7773852178648,246.5734809372295
223.7600303548096,226.326529550284
205.3863656780088,255.60842985817
188.5214224342682,282.4858979870771
173.04131459414,307.1563696922754
158.8323288135105,281.9347600459161
145.7900891211682,258.7841788916123
133.8187901967411,237.5345673364284
122.8304936067337,218.0298305768513
112.7444818286715,200.126691261906
103.4866653187547,233.5543751254741
94.98903826679873,264.2372030232276
87.18917904117954,242.5398259010103
80.02979165367468,222.6240910630752
73.45828487623596,204.3437020602709
67.42638591774704,187.5643753211579
61.88978582318178,172.1628537357432
56.80781399008869,207.8867393515645
102.0038775266227,190.8164822840229
143.4887451234146,175.1479196067232
181.5671551630585,160.765953629196
216.5188229673449,147.5649377071217
248.6004955222263,135.4479001862407
228.1870993675724,174.1865701854445
209.4499136391612,209.7442818541775
192.251299241023,192.5214959233953
176.4649190714533,176.7129290244654
161.9748099796034,162.2024550278206
148.6745309264718,148.8834832985448
136.4663810933914,136.6581757058354
125.2606821940247,125.4367279263409
114.975119718146,115.1367097621492
105.534138267946,105.682459627293
96.86838654537418,97.00452875495371
88.91420791327737,89.03917104273643
81.61317278822163,81.72787478823658
74.91164943016256,75.0169328754866
68.76040997584118,68.85704825466684
63.11426882216899,63.20297181724085
57.93175070300676,58.01317000632061
53.17478602138145,3.388781605581171
-1.052306916110828,-46.75022040126975
-50.82663668383248,-42.91140758087021
-96.51383416428142,-89.2485502957487
-138.4495070976702,-131.7807993440259
-176.9417053798645,-120.9598488188125
-162.4124458117711,-111.0274417752838
-149.0762310554898,-151.7713551299989
-136.835096316844,-139.3089149780135
-125.5991210099278,-127.8698063658261
-115.2857682208853,-165.2363087990348
-105.8192784106218,-199.5345260485075
-97.13011290248784,-231.0164050012915
-89.15444306700564,-259.9132043652267
-81.83368145125391,-286.4371934425845
-75.11405140889427,-262.9169028217274
-68.94619206906506,-241.3279398480956
-63.28479574278639,-221.5117169199827
-58.08827510291368,-203.3226685800372
-53.31845769315283,-186.6271822245869
-48.94030552189648,-171.3026166159219
-44.92165768111911,-157.2364009876557
-41.23299409964063,-144.3252081255948
-37.84721869549335,-132.4741953495176
-34.7394603341832,-171.457045935534
-31.88689013108749,-207.2388877279969
-29.26855375562565,-240.0825659817494
-26.86521750549832,-270.2293428718719
-24.6592270203764,-297.9006697507118
-22.6343775968838,-273.4390757640023
-20.77579515267717,-250.9861029088693
-19.06982696467782,-230.3768167639111
-17.50394137940914,-211.4598262101512
33.79410235678633,-194.0961713463236
80.87989669040125,-178.1583027211022
124.0993231353704,-163.5291443839534
163.7698617482886,-150.1012338718256
200.182923264577,-137.7759328144351
133.8845135053033,-126.4627023592302
73.03008204539572,-66.21769997867936
17.17260610061145,-10.91961090715499
15.76250749800588,-10.02296610024456
14.46819668308423,-9.199947717990256
63.14090405859351,-8.444510054947994
57.95619883344622,-7.751103838194526
53.1972266362258,-7.114635463690676
-1.031708973212848,-6.530429579817799
-50.80773010508882,-5.994194743296196
-96.49648006628375,-5.501991895244613
-88.57283988614367,-5.050205425708829
-81.29983560132409,-4.635516614244522
-74.62404137995222,45.60585886365225
-68.49641835912772,41.86101329525529
-62.87195441666498,88.28440730508179
-57.70933352233317,81.03508715866289
-52.97063223962449,74.38103229394638
-48.62104114890882,18.41262542543494
-44.62860914535769,16.90070479846167
-40.96400873333879,-34.34780521788309
-37.60032059345832,-81.38813320666884
-34.51283583922929,-124.5658266964189
-31.67887451131982,-114.3373210679544
-29.07761897569798,-104.9487113416585
-26.68996100206196,-96.33103093020104
-24.49836139908177,-88.42097631734391
-22.48672117555272,-81.16044204464605
-20.64026328087355,-74.49609388209993
-18.94542405618395,-68.37897704693606
-17.38975359880342,-62.76415659301767
-15.96182430808798,-57.61038732899471
-14.65114694090873,-52.87981084040609
-13.44809356002103,-48.53767739049569
-12.34382680949873,-44.55209065658546
-11.33023499748537,-40.89377342683287
-10.39987250949441,-37.53585253664804
-9.545905114758034,-34.45366146448323
-8.762059763401055,-31.62455913718201
-8.042578506098115,-29.02776361379988
-7.382176197539163,-74.51050801670232
-6.776001672881629,-116.2585161804348
-6.219602112211232,-154.5784594582796
-5.708890331141965,-189.7518274201081
-5.240114757343142,-222.0369956107303
-4.809831872289734,-203.8048149271363
-4.414880915979996,-187.0697379652154
-4.052360668691146,-171.708832663669
-3.719608139305352,-157.6092613130449
-3.414179003581169,-144.6674516755868
-3.133829648695255,-182.649074282261
-2.876500692184704,-217.5119021848564
-2.64030185419317,-249.5120297716036
-2.42349807185953,-278.8845226866968
-2.224496754037318,-305.8451445688431
-2.041836082375601,-330.591942001839
-1.874174273248325,-353.3066993196309
-1.720279721187071,-324.2955358375968
-1.579021951895917,-297.6665734522335
-1.449363317978615,-323.0849399898512
-1.330351376676189,-296.5553835713877
-1.221111893378437,-272.2042554132538
-1.120842419752317,-249.8526776777988
-1.028806399097827,-229.3364607691215
-0.9443277557841949,-210.5048972335967
-0.8667859289403538,-193.2196546973718
-0.795611313978528,-177.3537597082292
-0.730281078404426,-212.6514031325557
-0.6703153211863001,-245.0506421227417
-0.6152735475506815,-224.9287359893891
-0.5647514331657613,-206.4591050875219
-0.5183778541014669,-237.3723843083073
-0.4758121606019113,-265.7472735156591
-0.4367416747990578,-291.7922081787978
-0.4008793938081668,-267.8321998615266
-0.367961881487577,-245.8396258432726
-0.3377473332896428,-225.6529336876167
-0.3100138000250908,-207.1238365546729
-0.2845575574794209,-190.1162239198367
-0.2611916098805135,-222.371470327334
-0.2397443163329608,-251.9781334260733
-0.2200581298928209,-231.2873884252165
-0.2019884403240304,-212.29562786745
-0.185402511800979,-194.8633426080999
-0.1701785078822959,-178.8624790526134
-0.156204596471614,-164.1754985040087
-0.1433781284299895,-150.6945137504814
-0.1316048834488306,-188.181234665483
-0.1207983779643681,-172.7290607507315
-0.11087922981097,-158.5457151499086
49.75896353978002,-145.5270102387296
95.53383113851673,-133.577313577963
137.549975311315,-24.88179871395884
176.1160370774421,25.02763538639518
211.5153139371274,70.8388433428039
194.1471027953623,162.7490819632002
178.205052023041,247.1122716218349
163.5720549484896,326.5425546074641
150.1406209101763,399.4505584244401
87.9513475397893,466.3718486524737
30.86863790015389,477.9372757226454
-21.52682458410895,438.6922898029331
-69.61992503910042,352.8090993475394
-63.90320630492279,224.1173191894236
-8.795167845175833,105.9928401330141
41.78777013951672,-2.432053323308079
88.21717838334348,-99.95939621135523
130.8341167376147,-189.478451416373
120.0909014037223,-271.6468055157803
110.2298464618265,-347.0680485119628
101.1785148497621,-416.2962076668341
92.87041754838042,-431.9735086694806
85.24452516840623,-446.3634954399969
78.24481964239369,-459.5718735416254
21.95914461382149,-471.6956687095644
-29.70473036653535,-482.8239395800047
-77.12631634965899,-493.038431894512
-120.6539614984379,-502.4141789857017
-160.6074099738045,-461.1593148398625
-147.4194125875446,-423.2920219189016
-135.3143246080839,-388.53413571924
-124.2032248179516,-356.6303327304873
-114.0044936103884,-327.3462548870334
-104.6432134303604,-300.4667880270886
-96.05061844714014,-275.7944817131674
-88.16358941632264,-253.1480988061045
-80.92419002014108,-232.3612841383731
-74.27924128058103,-213.2813425068863
-68.17993091862709,-195.7681170089074
-62.58145479043773,-179.6929594813201
-7.581949651308274,-164.9377854806114
42.90136703712482,-151.3942068613603
89.23933421369655,-138.9627355817367
179.6386486148924,-127.5520528869693
362.3364571917379,-117.0783385025576
528.0379242999251,-107.4646549096826
680.1331044038021,-98.64038217970055
722.0122073272928,-90.54069921626878
614.8591254514203,-83.1061075943326
219.3347328637045,-76.28199449820578
-387.0322659840555,-117.8845401387874
-1041.335542872158,-205.9317034098985
-1446.457753809092,-384.4760741201906
-1672.720705592958,-598.2203233086602
-1633.095208621272,-794.4133362242569
-1303.542350114085,-926.6299934354591
-853.4623650545424,-998.1291722977496
-390.4791749573377,-768.5817511344967
34.48695788280281,-460.1561694462113
326.830691119092,-177.0564165340069
497.4420818143003,82.7970938663547
652.0495861677093,321.3131864195138
646.373980101164,342.7954230461124
593.2981079386774,364.508112799692
592.4467770500469,384.437902898978
591.6653517127224,352.8704549248071
543.0817831638119,323.8951128904945
498.4875696212573,347.1597686521443
409.6888235653542,318.6533496622523
376.0479402758303,292.4876855552737
345.1694194512149,318.3313074410857
316.8264345149473,342.0528253844845
290.8107843593232,313.9657541349753
314.7976725378752,288.1850037599929
288.9486106340145,264.5211947429311
265.2220993701549,242.8004981359217
243.4438492019722,222.863358652012
223.4538820672006,204.5633226083843
205.105356223147,187.7659621109926
188.2634875807383,172.3478875778692
124.9382510209019,158.195841347404
114.67916441847,145.2058657133648
57.39617623117715,133.2825392752453
52.68318931332432,122.3382759944699
48.35720109722396,112.2926818072593
92.25274244980722,103.0719640681986
84.67756938338154,94.6083894862327
125.5907270333579,136.7005246864462
115.2780635010525,175.3363376092764
105.8122063504304,210.7996381310611
97.12362155218048,243.3509315750672
89.14848474259264,273.229332324214
81.82821238425613,250.7935821858686
75.10903142477655,230.2001045443545
68.94158429218301,211.2976244063564
63.28056632547448,193.9472884607947
58.08439297681671,128.1609069790834
53.31489434107045,117.6371976026899
48.93703476824301,107.9776242693968
44.91865549968682,99.11122995500612
41.23023843710375,90.97288414760935
87.70542742438042,133.363542528711
130.3643873162053,122.4126278070369
169.5204811095943,112.3609283504003
205.4613405455838,103.1346066654736
238.4509789863498,94.66588829589961
218.870992682262,86.89256396661092
200.8987828079368,79.75753260869652
134.5415914906175,73.20838190793003
73.63320521783908,67.19700329587023
17.72620486551939,61.67923855527115
-33.5900896492325,56.6145554439089
-80.69263613056641,2.105011838921678
-74.06670103483449,-47.92857565230052
-67.98484304451166,-93.85374236041278
-62.40238621688401,-136.0078440933224
-57.27832309639063,-174.7005352751073
-52.57501348318269,-210.2160435968022
-48.2579079367211,-192.9545197732245
-44.29529398361976,-177.1103958760042
-40.65806316486016,-212.4280226970102
-37.31949721178335,-244.8456041821561
-34.25507177981009,-224.7405343817583
-79.30858488854983,-256.1470954416874
-120.662607337346,-284.9747615101881
-158.6209163501325,-261.5745559371287
-193.4623450139401,-240.0958174369981
-225.4428305231035,-220.3807680919794
-206.9309856451119,-202.2845856427965
-189.9392086264315,-185.6743396574428
-174.3426817456157,-170.428015054512
-160.0268364708056,-204.2999243986368
-146.886511865277,-235.3905009763068
-134.8251820992832,-216.0618204868701
-123.7542473932472,-198.3202808884359
-113.5923831839395,-229.9018654650229
-104.2649427328992,-211.0238747088933
-95.70340878833615,-193.6960172423544
-87.84489027314288,-225.6573151639731
-80.63166030133779,-304.8549049591713
-26.144423539083,-279.8222760758193
23.8686887969304,-256.8451578587596
69.77506163144237,-235.7547656342443
111.9119127169259,-266.2569123026503
150.588769758128,-244.3936902751088
138.2234355416568,-224.3257285970666
126.8734591804184,-205.9056125956431
116.455466334833,-188.9980322967601
106.8929288037946,-123.6180503539325
98.11560236596078,-63.60663161197358
90.05901078176393,-58.38368398094138
82.66397216560799,-53.58960958631921
75.87616424918082,-49.18919225020778
69.64572534251457,-45.15010750976699
16.06057947100053,-41.44268516900033
-33.12451559460676,-38.03969134835642
-30.40455376250136,-34.91612843081731
-27.90793685289463,-32.04905143506853
-25.61632528694651,-29.41739946691258
24.35342318201647,-27.0018410107744
70.21999289788094,-24.78463192476341
64.45400063792603,-22.74948509625212
59.1614727770642,-20.88145080047172
6.437223021437641,-19.16680688321684
5.908641678893239,-17.59295796106365
5.423463871526979,-16.14834289851002
4.97812559371318,-14.82234988253912
4.56935549195184,-13.60523847067459
52.06045942468702,-12.48806803986397
47.78560558741224,-11.46263211074915
-4.004534672341593,-10.52139806469462
-51.54201788166444,-9.65745181091031
-47.30973496760319,-8.86444699711943
-43.42497858433936,-8.136558390685018
-87.72552078724917,-7.468439087808365
-80.52209263260555,-6.855181236349524
-73.91016141878613,-6.292279983886941
-115.7074659964334,-5.775600386132623
-154.0726577991553,42.56496155790336
-93.55494160134438,39.06981396873743
-38.00653213204404,35.86166432864569
12.98061656468289,32.91694630157323
59.78104446282713,30.21402865997692
102.7385368395386,-20.13325220351361
94.30234105299076,-18.48004530925019
86.55886877154877,-16.96258861608041
79.45123821264454,-15.56973523297771
72.92723834205829,-14.29125357642131
19.07263675322628,-13.1177522115487
17.50652044704892,-12.04061086478085
16.0690030502047,-11.0519171012895
14.74952488751235,-10.14440820198092
-34.32791521730589,-9.311417813352488
-31.50913832378961,-8.546826977822459
-76.78812896961786,-7.845019185373171
-70.4828056703353,-7.200839115926268
-64.69523299790141,-6.609554769498676
-59.3828967624777,-6.066822706026851
-54.50677375282707,-5.56865613946472
-50.03104508064409,-5.111395651776172
-93.78914165354102,-54.55242042662801
-133.9541184362622,-99.93368167243139
-122.954709603852,-91.72780167653177
-112.8584980458291,-84.1957332062824
-103.59131929306,-77.28214740325025
-95.0850987625214,-70.93625864180582
-39.41104310640657,-65.11145146934631
11.69143455968171,-109.6256762950087
58.59772138996242,-100.6239550626125
101.6523802771708,-142.2221325860867
141.1716809330339,-130.5438101903843
129.5796145429433,-119.8244328723432
71.07310187862798,-109.9852585292059
17.37074947203045,-150.8147489437202
-31.9219279183736,-138.4308588405065
-77.16702306651102,-127.0638502768146
-118.6968961296284,-116.6302237983572
-61.08399890939584,-107.053336362959
-8.201884273080767,-98.26283833815982
40.33790774113007,-90.19415672889247
84.89193938278646,-82.78802083895094
125.787494414102,-75.99002688204321
115.4586736714854,-69.75023834387032
105.9779860316751,-64.02281915991058
97.27578852401466,-58.76569701419062
89.28815678890058,-53.94025428553073
81.95641550405801,-49.51104437143201
75.22670736897786,-45.44553130533855
69.04959748144364,-41.71385075478783
63.37971020004738,-38.28859064497778
58.17539582504786,-35.14458979575902
53.39842464912119,-32.2587530934373
49.01370613072128,-29.60988183931007
44.98903112693862,-27.1785180288314
41.29483529246009,24.91393669742567
87.7647200216132,72.7289103480189
130.4188112052125,116.6176408219578
169.5704360758513,156.9025247307334
205.5071935469159,241.745794240689
238.4930668484319,269.7615685182377
218.9096245729403,295.4768763477768
200.9342425082897,319.0806165199206
184.4348775945406,390.606914845467
169.2903292573967,458.2543854435516
105.5286109812834,520.3471019640633
47.00257500721146,577.3411833511849
-6.717697586591182,579.7945570223122
-56.02682367928613,532.185738077876
-101.287016873227,438.6254961609066
-92.97001011742486,352.7477903489562
-35.475201752297,224.0610444723378
17.29852068929104,155.8019244311847
15.8780828298331,45.28147440451599
14.57428174809743,-56.1637816051297
13.37754001847769,-149.2790373282442
-37.58167146601055,-184.8875580966084
-84.35645616739339,-267.4328853948962
-77.42967287869465,-295.3338385027143
-71.07167032011068,-320.9437535026411
-65.23574405388632,-344.4507549935726
-59.87902469571863,-366.0275200509732
-54.96216300604482,-335.9718085584815
-50.44904083947958,-356.2503779913366
-46.3065058291748,-374.863808059086
-42.5041278570538,-344.0825201864343
-39.01397552115332,-315.8287840878603
-35.81041095782849,-289.8950542572472
-32.86990151190621,-266.0908274257529
-30.17084687117389,-244.2412431682741
-27.69342039537579,-224.1857994185455
-25.41942347423968,-205.7771734575674
-23.33215184467354,-188.8801397145217
-21.41627288496117,-173.3705764305164
-19.65771298491705,-159.1345538883958
-18.04355416430564,-193.9338061014711
33.29879893469327,-178.0092698151921
80.42526424504626,-163.3923490552017
123.682022040431,-149.9756712529295
261.1138733104916,-137.6606805510247
437.1214858963285,-78.49060524403887
596.6821107902391,-72.04548607441707
743.1406932292716,-113.99590521617
731.9797292850367,-104.6353302571472
524.2867054959789,-96.04338258695424
88.33320063301588,-88.15694771616917
-557.1375739646188,-128.7844022820262
-1197.472950135011,-217.9309719061818
-1541.907901572639,-397.4844731340556
-1708.477963289116,-562.2942517324545
-1618.050012868454,-761.4372713639463
-1239.871826258118,-896.3617006340935
-795.0200352298216,-920.485569459787
-386.6964732434474,-795.0407640461267
-61.7624265878711,-632.0303314750054
238.4846570046053,-432.5444781850837
416.3504282242496,-249.4390578540863
529.7503237058008,-31.50828168042622
536.1115378229007,166.5330593332531
541.9504119360939,252.579963813614
497.4490989689002,281.7005386750403
456.601933710022,308.4299283151575
468.9696003078957,330.9700512138486
480.3217175311183,303.7930226380882
490.7416754455305,326.7138969601211
500.3060166872091,347.7526636589892
509.084998727091,367.0638687199478
467.2823718514653,336.9230592637953
428.9122947820129,309.2572098134672
393.6929096774201,283.8630933442094
361.3655029615084,260.5541704639335
331.6926048721934,239.1592191374808
304.4562450628376,219.5210769284809
279.4563514416678,201.4954865199479
256.5092804877961,184.9500360329544
235.4464682478341,169.7631863590285
216.1131921034501,155.8233783616701
198.3674342143227,143.0282133883637
182.0788382873691,131.2837010732976
167.1277520092372,120.5035689056889
153.4043481075906,110.6086284915185
140.807817585041,101.5261938536609
129.2456291992139,143.0502856122037
118.6328497493568,181.1646989899892
108.8915201763602,216.1494137810964
99.95008289332348,248.2614197270779
91.74285613978539,277.7366043050513
84.20955149850234,254.9307473882453
77.29483103048167,233.9975536409608
70.94790077509337,214.7832525927671
65.12213762920047,197.1467003672646
59.77474686445661,180.958342871314
54.86644776703225,166.0992641202193
50.36118509041732,152.4603127079858
94.09217279213733,139.9413000059714
134.2322667013681,128.4502642000328
171.0763267996373,117.90279476004
204.895001155437,108.221412379356
235.9367140429766,99.33499982946286
216.5631822200874,139.0445881394673
198.7804741772523,175.4934928550795
182.4579621940562,161.0831507329096
167.4757448174641,147.8560887238981
153.7237660932289,135.715143844985
141.1010071198189,76.70482289178078
129.5147439866541,22.54003153539129
118.8798666453417,20.68919615349005
109.1182537107038,18.9903388912887
100.1581985989069,17.43098033054836
44.06757419669608,15.99966577864977
-7.417266399294093,14.68588112510922
-54.67451909434463,13.47997560728379
-98.05132489638268,-37.48764719693873
-137.8663199349233,-84.2701525371821
-126.5456674989564,-127.2111940355717
-116.154590695643,-166.6262067963538
-106.6167590430118,-202.8047245202228
-97.86210980347983,-186.151768237999
-89.8263333189891,-170.8662404197472
-82.45040060689816,-156.8358570618369
-75.68012974657282,-143.9575541657362
-69.46578787123488,-180.003039243839
-63.76172584177642,-213.0887121745678
-58.52604291853817,-243.45761277079
-53.72027896803373,-223.4665154645622
-49.30913194352205,-205.1169522511132
-45.26019856431586,-188.2741314210889
-41.54373628859546,-172.8143294512618
-38.13244483151266,-158.6239821597839
-35.00126562345898,-193.4651590799779
-32.12719773560443,-225.4454135169989
-29.48912892026843,-206.9333565409709
-27.06768052515231,-189.9413848403165
-24.84506514224701,-174.3446792635081
-22.80495594547324,-160.0286699659903
-20.93236675762873,-146.8881948062107
-19.21354196533483,-134.8267268484476
-17.63585547340485,-173.61640341306
-16.18771795642428,-159.3601952169666
-14.85849172623017,-146.2746106954518
-13.63841258990654,-134.2635261269089
-12.51851812415329,-123.2387108215489
-11.49058183947102,-63.25844088377936
-10.54705275019303,-58.06408432720524
-9.680999906640553,-53.29625330081988
-8.886061482042427,-48.91992440452772
-8.156398039876969,2.963358466750869
-7.486649638802644,50.58633604446231
-6.871896459695147,46.43252727783617
-6.307622665821826,42.61980127424086
-5.789683230488419,39.12015061740124
-5.314273488652714,35.9078676711917
-4.877901188703469,32.95935573721419
-4.477360839190261,78.11926430917832
-4.109710161951555,71.70463715284768
-3.772248478940587,113.6830445093677
-3.462496873528615,104.3481595616772
-3.178179981019601,95.77979241233413
-2.91720927430184,87.91500178905238
-2.67766772206053,80.69601473237297
-2.457795706659695,26.20349361823097
-2.255978098374599,-23.81446915428577
-2.070732391028512,-21.85898554980172
-1.900697811902142,-67.93038166173319
-1.744625325705486,-62.352396835573
-51.46210657455817,-57.23243850595071
-97.09712355312375,-52.5328966258483
-89.12416258051095,-96.0855580221087
-131.6666255091195,-88.1956599890178
-170.7157882842829,-80.95362717368077
-156.6977590411002,-74.30626125359768
-143.8307958231234,-68.20473219367621
-181.8811189660591,-62.60421955201598
-166.9462680651938,-57.46358323918179
-153.2377664011121,-102.6057994274458
-90.79417632987577,-144.041241257059
-83.33877087677783,-132.2135459251849
-76.49555304097429,-121.3570611691126
-70.21425410384646,-111.3920377261472
-64.44873307495983,-52.3845366901428
-109.0173758658484,-48.08307181339801
-100.0656041623528,-93.99555233868647
-91.84889158127812,-136.1380095925633
-84.30688002463657,-174.8200124613764
-77.38416759443979,-160.4649720072296
-71.0299016229077,-147.2886706662073
-65.19740512040616,-135.1943183316371
-59.84383389688431,-124.0930726476008
-54.92986183828231,-113.9033863934347
-50.41939202579456,-104.5504084561579
-46.27929157612862,-95.96543399154281
-42.47914825494014,-88.08539973376249
-38.99104707548636,-80.85242074702832
-35.78936524148142,-74.21336521617218
-32.85058392785265,-68.11946415232673
-30.1531155168459,-62.52595314720615
-27.67714502029338,-57.39174354375687
-25.40448452320913,-52.67912060830294
-23.31843957954933,-48.35346648682172
-21.40368657858039,-44.38300590998001
-19.64616018112221,-40.7385727793489
-18.03294999883671,-37.39339591971047
-16.55220575741116,-34.32290242422978
-15.19305024708506,18.3562009675595
-13.94549942123899,16.84891353658254
-12.80038905586939,15.46539438436705
-11.74930743119544,14.19548049465395
-10.78453354113098,13.02984336935628
-9.898980376571098,11.95992050388654
-9.0861428658132,10.97785248867212
-8.340050089732372,59.93716339089886
-7.655221420839979,55.01552774366138
-7.026626263821625,50.49802362469719
-6.449647101915239,46.35146647839918
-5.92004557768705,42.5453966410185
-5.433931359062508,-10.80888252416435
-4.987733561758928,-9.921329985321965
-4.578174518468039,-9.106657275455724
-4.202245701770301,-58.21961810940878
-3.857185624284934,-103.299753812723
-3.540459553290831,-94.81747467314149
-3.249740891287027,-87.03170309282724
-2.982894085236658,-79.88524656820623
-2.737958939294943,-73.32560885836449
-2.513136215729439,-67.30460435969626
-2.306774418034464,-61.77800414540474
-2.117357659479438,-56.70521106986016
-1.943494527726773,-52.04896155123897
-1.783907863857789,-47.77505184178915
-1.63742538059211,-43.85208677485534
-1.502971050988757,-40.25124914313066
-1.379557204164046,-36.94608801400731
48.59446084484053,-33.91232442713618
94.46494955158978,-31.12767304659806
136.5688630718829,-28.57167845803218
175.215487158588,23.63517320735941
210.6887111043688,71.55515029191267
193.3883750126912,115.5402620259417
177.5086258490746,203.779921606135
210.7991231857128,284.7739354212879
241.356029388979,309.2565289226816
269.4038085276024,381.5895150689887
295.1484931948886,447.9830041996143
318.7791979769465,461.0583991636773
244.7368914646412,520.926439462896
126.9137017139872,575.8785200370244
18.76535771747898,576.4575682308488
-80.50257361194838,529.1227603016741
-171.6192918738893,485.6747675782615
-157.5270730090728,348.0673843028131
-94.73127400584919,221.7593913311304
-37.09184252800976,105.8229589334151
15.81462755161299,-0.5935554998621609
64.37677510441196,-98.27186343050518
59.0905884835537,-138.0687493319136
4.377729743465222,-174.5977833494335
-45.84247801508263,-208.1272994417097
-91.9389409927181,-240.8980273169092
-134.250273300718,-270.977844021619
-173.0872843430837,-348.4484471489027
-158.8745238366838,-369.6969486865585
-145.8288193735884,-389.2006665757805
-133.8543401820488,-357.242132568112
-122.8631244669847,-377.768555962902
-112.774433262741,-346.7487497817206
-103.514157343055,-368.136819004584
-95.0142728314857,-387.768644221943
-87.21234151359529,-355.9276982325509
-80.05105218008002,-326.7013159955645
-73.47779963157208,-299.874807167994
-67.44429825297138,-275.251110329952
-61.9062273182439,-252.6493454164315
-56.82290542047217,-281.764223128517
-52.15699163550246,-258.627645315781
-47.87421122409595,-237.3908872421898
-43.94310385741984,-217.8979485229717
-40.33479251668896,-150.144900357865
12.83796674586547,-87.95527558809715
109.5108462001154,-80.73298151865596
248.1063388611569,-74.10373353173323
473.0483510448242,-68.01883468250561
679.5196421750878,-112.2943248058043
721.4491184796301,-152.9342102697869
564.4815355475345,-90.5155461808927
173.0938109011423,-33.22228184156265
-479.3369333943696,-30.4942921045763
-1128.055203012999,-75.85661507789762
-1575.917318403228,-217.2155662377762
-1741.689185690344,-444.6941203448873
-1646.539724134743,-653.4936696820346
-1315.882892682105,-795.2872700365244
-862.7951559656761,-877.5714275817508
-399.0456200182966,-755.6504420902809
-71.10311518644994,-546.0137389986606
229.9109627610513,-353.5909881953465
458.3414860468113,-129.1023874171872
568.2933590436339,76.95272339438836
571.4896790292526,218.2216695313866
574.4235387733371,298.0298244006787
527.2557516258828,371.2846718105468
483.9610650639995,390.6580165842742
444.2214461874053,408.44055293715
407.7449768128402,374.9021692134013
374.2637091095394,393.9784694964857
343.531697315606,411.4883526490592
315.3231910764756,377.6997041670192
337.2972857246875,346.685551630997
357.4670159115937,318.2180721447675
375.980543878213,292.0881500920694
392.9738657816673,268.1038410206762
408.5718106917022,246.0889616623343
375.0226489663568,225.8817957307007
344.2283181496098,207.3339059901892
315.9626101055584,190.3090438700547
290.017891384885,174.6821486132125
266.20357799687,160.3384286085262
244.344735422874,147.1725181579893
176.4144849966942,135.0877034839979
161.9285172109441,123.995212292279
148.6320394077789,113.8135616705567
136.427378691691,154.3286976487967
125.2248824065319,191.5170038906907
162.808568158173,225.6516572182996
149.4398265062109,207.1226649004227
137.1688357612002,190.1151484739596
125.9054560218109,174.5041745993821
115.5669490674716,160.1750686205009
106.0773705823541,147.0225721905162
97.36701228562323,134.9500700681923
89.37188987042036,123.8688804043803
82.03327298962421,113.6976033052795
75.29725383613891,104.3615228874528
69.11435114848329,95.79205843192493
113.2998848476621,135.7925691962455
153.8572005024039,172.5085077761682
191.0842229101904,158.3432724982162
225.2544132932647,145.3411908123225
256.6187780825475,133.4067523897066
235.5469746385411,74.58598097525818
216.2054455871574,20.59517462778186
198.4521124640843,18.90403777921601
182.1565633303351,17.35176568377517
167.1990947958476,15.92695570445595
153.4698327057002,14.61914151185949
140.8679250295655,13.41871620099101
129.3008010257623,12.31686172108616
118.6834912375833,11.30548410027916
108.9380033270932,10.37715398904235
99.99274916118456,-40.33568602905441
91.7820189414755,-86.88432962733556
34.38476040002566,-129.6107125328779
-18.29942235156176,-168.8286930167467
-66.65753531258129,-204.8263574255602
-111.0448061596741,-188.0073982828445
-151.7872936682428,-172.5694986395163
-139.3235447509832,-158.3992552031839
-127.8832348404945,-145.3925765951101
-117.3823260275278,-133.453918718557
-107.7436810291584,-172.3563210286835
-98.89649655596858,-208.0643204151223
-90.77578320717639,-190.9794815882331
-131.1881966637212,-175.2975345073048
-168.2822152645643,-210.7640212781453
-202.3303232164137,-193.4575012228868
-233.5826301603679,-177.5720758810866
-262.2687084205996,-212.8517926536078
-240.7329707998201,-245.2345770077304
-220.9656027175271,-225.0975673820637
-202.8213975929418,-206.6140731848067
-138.3007636400249,-189.6483188801479
-126.944437616846,-174.075677903578
-116.5206165007093,-159.7817571836094
-59.08642068697198,-194.527865426761
-54.23464229324983,-226.4208575853737
-97.6475678117224,-255.69501231116
-89.62940806875753,-282.5653708729315
-34.40333693973566,-307.2293168007396
-31.57836692301298,-282.0017172297797
18.88094419766596,-210.979329412687
65.19687698183908,-193.6551297054452
107.7096577159017,-177.7534764454294
98.86526700774165,-163.1575597119079
90.74711801883679,-149.7601612271198
35.4292680864679,-185.3291753455915
32.52005552276673,-170.1111933081774
29.84972787533104,-156.1428093270798
27.39866952591278,-143.321414837099
25.14887555840512,-131.5528267964036
70.95012808952296,-120.75059583937
65.12418205158632,-110.8353712393519
59.77662341267516,-101.734318016179
54.86817022577615,-93.3805819070711
50.36276611244907,-85.71279827044395
46.22731540090183,-78.67464131526437
42.43144001270972,-72.21441034459032
38.94725631237007,-66.2846499740689
35.74917028051777,-60.84180153544889
32.81368950600811,-55.84588310457552
30.11925061610062,-51.2601958032383
27.64606087681381,-47.05105421765143
25.37595279995536,-43.18753895303792
23.29225068897655,-39.64126950677647
21.37964814307097,-36.38619579174356
19.62409561984514,-33.39840677829254
18.01269723054077,-30.65595484926475
16.53361600985807,-28.1386945778308
15.1759869642197,-25.82813474373528
-33.93647133032102,-23.70730250100377
-79.01614575935511,-21.76061869936816
-72.52787274680701,-19.97378344327188
-66.57237295778283,-18.33367104817302
-108.9722072385311,-16.82823362218466
-52.15783588769374,-15.44641256511436
-0.008677561560200843,-14.17805733437396
-0.007965018704259745,-13.01385088151312
-0.007310985096161158,-11.94524121127342
47.85959793410967,-10.96437856055112
43.92969051223566,-10.06405773585026
40.32248058493449,-9.237665185624532
37.01147041019065,-8.479130418485378
33.97233806186451,-7.78288141096299
31.18275876638102,-7.143803676499731
28.62224090999622,-56.4179408107224
26.27197551209228,-101.6460181034638
-23.7516105317421,-93.29953258769146
-21.80128845344413,-85.63840417459916
-20.0111136714137,-128.467094075895
-18.36793596969384,-117.9182426800016
-16.85968493944874,-108.2355918202979
32.39102727809973,-149.2087530653528
-18.13501403045458,-186.8174746279901
-64.51219756946064,-171.4772834904515
-107.0811995594998,-157.3967253963913
-146.154722187302,-144.4723677750883
-182.0197906449598,-132.6092712410294
-167.0735529610072,-121.7202921907805
-153.3545995196868,-111.7254426659022
-140.762154015679,-102.5513027797307
-129.2037152142299,-94.13048139149029
-70.72806886774865,-36.54038295144366
-17.05404824511512,16.32080498675034
-15.65368481407837,14.98065054716988
-14.36830978408534,13.7505405522794
34.67782750730697,12.62143889444354
-16.03599041410779,11.58505145020355
-62.58553161690056,10.63376515358629
-57.44642983127981,9.760592072255415
-52.72931642668762,8.959118075769398
-96.2658491535317,8.223455718812769
-40.49483823817164,7.548200993358003
10.69663337512572,-42.93234448288511
57.68460656981271,-39.4070298855288
100.814244288138,-36.17119034850288
140.4023670190832,-33.2010561320719
128.8734714994115,-80.33554742223191
118.2912511300583,-73.73893404305907
108.5779713319686,-67.68399006764804
99.66228056548378,-62.1262372575442
