2018
7
5
9
35
59.042
0.04025
0.040274
0.040299
0.040299
0.04025
0.040225
0.04025
0.040299
0.040299
0.04025
0.040225
0.04025
0.040274
0.040274
0.04025
0.040225
0.04025
0.040274
0.040274
0.040225
0.0402
0.040225
0.040274
0.040274
0.040225
0.0402
0.040225
0.040274
0.040274
0.040225
0.0402
0.040225
0.040274
0.04025
0.040225
0.0402
0.040225
0.040274
0.040274
0.040225
0.04025
0.0402
0.040176
0.0402
0.04025
0.04025
0.0402
0.040176
0.0402
0.04025
0.04025
0.0402
0.040176
0.0402
0.040225
0.040225
0.0402
0.040176
0.0402
0.040225
0.040225
0.0402
0.040151
0.0402
0.040225
0.040225
0.040176
0.040151
0.040176
0.040225
0.040225
0.0402
0.040151
0.040176
0.040225
0.040225
0.040176
0.040151
0.040176
0.040225
0.040176
0.040225
0.040225
0.040176
0.040151
0.040176
0.0402
0.040225
0.040176
0.040151
0.040176
0.040225
0.040225
0.040176
0.040151
0.040176
0.040225
0.040225
0.040176
0.040151
0.040176
0.0402
0.0402
0.040176
0.040151
0.040176
0.0402
0.040225
0.040176
0.040151
0.040176
0.040225
0.04025
0.040225
0.040225
0.040274
0.040323
0.040274
0.040176
0.040127
0.040077
0.040028
0.040053
0.040077
0.040102
0.040053
0.040028
0.040053
0.040102
0.040127
0.040102
0.040077
0.040102
0.040151
0.040176
0.040151
0.040127
0.040151
0.0402
0.040225
0.040176
0.040151
0.040176
0.040225
0.040225
0.0402
0.040176
0.0402
0.040225
0.04025
0.0402
0.040176
0.0402
0.040225
0.040225
0.040176
0.040151
0.040176
0.0402
0.0402
0.0402
0.0402
0.040176
0.040127
0.040151
0.0402
0.0402
0.040176
0.040127
0.040151
0.040176
0.0402
0.040151
0.040127
0.040127
0.040176
0.040176
0.040151
0.040102
0.040127
0.040151
0.040176
0.040127
0.040077
0.040102
0.040127
0.040151
0.040102
0.040077
0.040077
0.040127
0.040127
0.040077
0.040053
0.040053
0.040102
0.040102
0.040077
0.040028
0.040053
0.040003
0.040028
0.040077
0.040077
0.040053
0.040003
0.040028
0.040053
0.040077
0.040028
0.040003
0.040003
0.040053
0.040053
0.040028
0.039979
0.040003
0.040053
0.040053
0.040028
0.039979
0.040003
0.040028
0.040053
0.040003
0.039979
0.039979
0.040028
0.040053
0.040003
0.039979
0.039979
0.040028
0.040053
0.040003
0.039979
0.039979
0.040028
0.040028
0.040003
0.040028
0.040003
0.039979
0.039979
0.040028
0.040028
0.040003
0.039979
0.039979
0.040003
0.040028
0.040003
0.039954
0.039954
0.040003
0.040028
0.039979
0.039954
0.039954
0.040003
0.040003
0.039979
0.039954
0.039954
0.040003
0.040003
0.039979
0.03993
0.039954
0.039979
0.040003
0.039954
0.03993
0.03993
0.039979
0.040003
0.039954
0.03993
0.03993
0.039979
0.03993
0.039979
0.040003
0.039979
0.03993
0.03993
0.039979
0.040003
0.039979
0.03993
0.03993
0.039979
0.039979
0.039954
0.03993
0.03993
0.039954
0.039979
0.039979
0.03993
0.03993
0.039979
0.039979
0.039954
0.03993
0.03993
0.039979
0.040003
0.039979
0.03993
0.03993
0.039979
0.040003
0.039979
0.03993
0.039954
0.039979
0.040003
0.039954
0.03993
0.039954
0.039905
0.03993
0.039954
0.039979
0.03993
0.039905
0.039905
0.03993
0.039954
0.03993
0.03988
0.03988
0.039954
0.040003
0.040003
0.039954
0.03993
0.03993
0.039905
0.039831
0.039782
0.039757
0.039782
0.039782
0.039757
0.039708
0.039708
0.039757
0.039782
0.039757
0.039733
0.039733
0.039782
0.039807
0.039782
0.039757
0.039782
0.039831
0.039856
0.039831
0.039856
0.039831
0.039782
0.039782
0.039807
0.039831
0.039807
0.039782
0.039757
0.039807
0.039831
0.039807
0.039757
0.039757
0.039807
0.039831
0.039807
0.039757
0.039757
0.039807
0.039831
0.039807
0.039782
0.039782
0.039807
0.039831
0.039807
0.039757
0.039757
0.039807
0.039831
0.039807
0.039782
0.039782
0.039807
0.039831
0.039831
0.039782
0.039782
0.039807
0.039807
0.039831
0.039856
0.039831
0.039807
0.039807
0.039831
0.039856
0.039831
0.039807
0.039782
0.039807
0.039831
0.039807
0.039782
0.039757
0.039807
0.039831
0.039807
0.039757
0.039757
0.039782
0.039807
0.039782
0.039733
0.039733
0.039757
0.039782
0.039757
0.039733
0.039708
0.039757
0.039782
0.039757
0.039733
0.039708
0.039733
0.039782
0.039757
0.039757
0.039733
0.039708
0.039683
0.039733
0.039757
0.039733
0.039683
0.039683
0.039708
0.039757
0.039733
0.039683
0.039683
0.039708
0.039757
0.039733
0.039683
0.039683
0.039708
0.039757
0.039733
0.039683
0.039683
0.039708
0.039757
0.039733
0.039683
0.039683
0.039708
0.039733
0.039708
0.039683
0.039659
0.039683
0.039708
0.039708
0.039659
0.039634
0.039683
0.039634
0.039683
0.039708
0.039683
0.039659
0.039634
0.039659
0.039708
0.039683
0.039659
0.039659
0.039683
0.039708
0.039708
0.039659
0.039659
0.039683
0.039708
0.039708
0.039659
0.039634
0.039659
0.039708
0.039683
0.039634
0.03961
0.039634
0.039659
0.039659
0.03961
0.039585
0.03961
0.039634
0.03961
0.039585
0.03956
0.039585
0.03961
0.03961
0.03956
0.039536
0.039511
0.039536
0.039585
0.03956
0.039511
0.039511
0.039536
0.03956
0.03956
0.039511
0.039486
0.039511
0.039536
0.039536
0.039486
0.039462
0.039486
0.039511
0.039511
0.039462
0.039437
0.039462
0.039511
0.039486
0.039462
0.039437
0.039462
0.039486
0.039486
0.039462
0.039486
0.039536
0.039585
0.039585
0.039511
0.039462
0.039437
0.039437
0.039413
0.039363
0.039363
0.039314
0.03929
0.039339
0.039363
0.039363
0.039339
0.039314
0.039339
0.039388
0.039388
0.039363
0.039363
0.039388
0.039437
0.039413
0.039388
0.039363
0.039388
0.039437
0.039413
0.039388
0.039363
0.039388
0.039413
0.039413
0.039363
0.039363
0.039363
0.039413
0.039413
0.039363
0.039363
0.039363
0.039413
0.039388
0.039363
0.039339
0.039363
0.039339
0.039363
0.039413
0.039388
0.039363
0.039339
0.039363
0.039388
0.039413
0.039363
0.039339
0.039363
0.039388
0.039388
0.039363
0.039339
0.039363
0.039388
0.039388
0.039339
0.039314
0.039339
0.039363
0.039363
0.039314
0.03929
0.039314
0.039339
0.039339
0.03929
0.039265
0.03929
0.039314
0.039314
0.03929
0.039265
0.03929
0.039314
0.039314
0.03929
0.03929
0.039265
0.03929
0.039339
0.039339
0.03929
0.03929
0.039314
0.039339
0.039339
0.039314
0.03929
0.039314
0.039363
0.039339
0.039314
0.03929
0.039314
0.039339
0.039339
0.039314
0.03929
0.039314
0.039363
0.039363
0.039314
0.03929
0.039314
0.039339
0.039363
0.039314
0.03929
0.039314
0.039339
0.039339
0.039314
0.03929
0.039314
0.039339
0.039339
0.039339
0.039339
0.039314
0.03929
0.03929
0.039339
0.039339
0.039314
0.03929
0.03929
0.039339
0.039339
0.039314
0.03929
0.03929
0.039339
0.039339
0.03929
0.039265
0.03929
0.039339
0.039339
0.03929
0.039265
0.03929
0.039314
0.039339
0.03929
0.039265
0.03929
0.039339
0.039339
0.03929
0.039265
0.03929
0.039314
0.039339
0.03929
0.039265
0.03929
0.039265
0.03929
0.039314
0.039339
0.03929
0.039265
0.03929
0.039314
0.039339
0.039314
0.03929
0.039314
0.039339
0.039363
0.039339
0.03929
0.039314
0.039363
0.039363
0.039339
0.03929
0.039314
0.039339
0.039363
0.039339
0.03929
0.039314
0.039363
0.039363
0.039314
0.03929
0.03929
0.039339
0.039339
0.039314
0.03929
0.03929
0.039314
0.039339
0.03929
0.039314
0.03929
0.039265
0.03929
0.039363
0.039388
0.039388
0.039339
0.039314
0.039314
0.03929
0.039216
0.039166
0.039166
0.039191
0.039216
0.039166
0.039142
0.039166
0.039191
0.039216
0.039191
0.039166
0.039191
0.03924
0.039265
0.03924
0.039216
0.03924
0.03929
0.039314
0.039265
0.03924
0.03924
0.03929
0.03929
0.039265
0.039216
0.039216
0.039265
0.039191
0.03924
0.039265
0.039216
0.039191
0.039191
0.03924
0.03924
0.039216
0.039166
0.039191
0.039216
0.03924
0.039216
0.039166
0.039191
0.039216
0.03924
0.039216
0.039166
0.039191
0.039216
0.03924
0.039216
0.039191
0.039191
0.039216
0.03924
0.039216
0.039191
0.039191
0.03924
0.03924
0.039216
0.039191
0.039191
0.03924
0.039265
0.03924
0.039191
0.039216
0.039166
0.039166
0.039191
0.039216
0.039166
0.039142
0.039142
0.039166
0.039191
0.039166
0.039117
0.039117
0.039142
0.039166
0.039142
0.039117
0.039117
0.039142
0.039166
0.039142
0.039093
0.039117
0.039142
0.039166
0.039142
0.039093
0.039093
0.039142
0.039142
0.039117
0.039093
0.039093
0.039142
0.039142
0.039117
0.039093
0.039093
0.039117
0.039142
0.039117
0.039142
0.039117
0.039068
0.039068
0.039117
0.039142
0.039117
0.039068
0.039093
0.039117
0.039142
0.039117
0.039093
0.039093
0.039117
0.039142
0.039093
0.039068
0.039068
0.039093
0.039117
0.039093
0.039068
0.039068
0.039093
0.039117
0.039093
0.039043
0.039068
0.039093
0.039117
0.039093
0.039068
0.039068
0.039093
0.039117
0.039093
0.039043
0.039043
0.039043
0.039043
0.039093
0.039093
0.039068
0.039043
0.039043
0.039068
0.039093
0.039068
0.039043
0.039043
0.039068
0.039093
0.039068
0.039043
0.039043
0.039068
0.039093
0.039068
0.039043
0.039019
0.039068
0.039093
0.039068
0.039019
0.039019
0.039043
0.039068
0.039068
0.039019
0.039019
0.039068
0.039093
0.039068
0.039019
0.039019
0.039068
0.039093
0.039068
0.039093
0.039068
0.039043
0.039019
0.039043
0.039068
0.039068
0.039019
0.038994
0.039043
0.039068
0.039043
0.038994
0.038994
0.039019
0.039043
0.039043
0.038994
0.038994
0.039019
0.039043
0.039043
0.038994
0.039019
0.039068
0.039117
0.039142
0.039117
0.039068
0.039068
0.039043
0.038994
0.038945
0.038896
0.03892
0.038945
0.03892
0.038871
0.038871
0.03892
0.038896
0.038945
0.03897
0.03897
0.038945
0.038945
0.038994
0.039019
0.039019
0.03897
0.03897
0.038994
0.039019
0.039019
0.03897
0.03897
0.038994
0.039019
0.038994
0.03897
0.038945
0.038994
0.039019
0.038994
0.03897
0.038945
0.038994
0.039019
0.038994
0.038945
0.038945
0.03897
0.039019
0.038994
0.03897
0.038945
0.03897
0.039019
0.038994
0.038945
0.038994
0.03897
0.03897
0.038994
0.039019
0.038994
0.03897
0.038945
0.03897
0.039019
0.038994
0.03897
0.038945
0.038994
0.039019
0.038994
0.03897
0.038945
0.03897
0.038994
0.03897
0.038945
0.03892
0.038945
0.03897
0.03897
0.03892
0.03892
0.038945
0.03897
0.038945
0.03892
0.038896
0.038945
0.03897
0.038945
0.03892
0.038896
0.03892
0.03897
0.03892
0.038945
0.03892
0.038896
0.038871
0.038896
0.03892
0.038896
0.038871
0.038846
0.038871
0.038896
0.038871
0.038822
0.038797
0.038822
0.038846
0.038846
0.038797
0.038797
0.038822
0.038822
0.038797
0.038773
0.038748
0.038773
0.038822
0.038822
0.038797
0.038797
0.038846
0.038871
0.038896
0.038871
0.038871
0.038896
0.038945
0.038945
0.03892
0.03892
0.038945
0.03897
0.039019
0.039019
0.038994
0.03897
0.038994
0.039043
0.039019
0.038994
0.03897
0.039019
0.039043
0.039043
0.039019
0.038994
0.039019
0.039043
0.039043
0.039019
0.038994
0.039019
0.039043
0.039043
0.039019
0.038994
0.039019
0.039043
0.039043
0.039019
0.038994
0.039019
0.039068
0.039068
0.039019
0.039019
0.039043
0.039068
0.039068
0.039043
0.039093
0.039068
0.039043
0.039068
0.039117
0.039117
0.039093
0.039068
0.039093
0.039117
0.039117
0.039093
0.039093
0.039117
0.039142
0.039142
0.039117
0.039093
0.039117
0.039142
0.039142
0.039093
0.039068
0.039093
0.039117
0.039093
0.039068
0.039019
0.039043
0.039068
0.039068
0.039043
0.038994
0.039019
0.039068
0.039043
0.038994
0.038994
0.038994
0.039043
0.039093
0.039142
0.039117
0.039019
0.03897
0.038945
0.03897
0.038945
0.038896
0.038846
0.038871
0.038896
0.03892
0.038896
0.038871
0.038896
0.038945
0.038945
0.03892
0.03892
0.038945
0.038994
0.038994
0.038994
0.03897
0.038994
0.039043
0.039043
0.039019
0.038994
0.039019
0.039043
0.039043
0.038994
0.03897
0.038994
0.039019
0.038994
0.03897
0.038945
0.038945
0.03892
0.038945
0.03897
0.03897
0.038945
0.03892
0.03892
0.03897
0.03897
0.03892
0.03892
0.03892
0.03897
0.03897
0.038945
0.03892
0.038945
0.03897
0.038994
0.038945
0.03892
0.038945
0.03897
0.038994
0.038945
0.03892
0.038945
0.03897
0.038994
0.038945
0.03892
0.03892
0.03897
0.03897
0.038945
0.03892
0.03892
0.03897
0.03897
0.038945
0.038945
0.038896
0.038871
0.038871
0.038896
0.038896
0.038871
0.038846
0.038846
0.038871
0.038871
0.038846
0.038822
0.038822
0.038846
0.038871
0.038822
0.038797
0.038797
0.038846
0.038846
0.038822
0.038773
0.038797
0.038822
0.038822
0.038797
0.038773
0.038773
0.038797
0.038822
0.038773
0.038748
0.038773
0.038797
0.038797
0.038773
0.038723
0.038748
0.038723
0.038748
0.038773
0.038797
0.038748
0.038723
0.038748
0.038773
0.038797
0.038748
0.038723
0.038723
0.038773
0.038773
0.038748
0.038723
0.038723
0.038773
0.038773
0.038748
0.038723
0.038723
0.038748
0.038773
0.038748
0.038723
0.038723
0.038748
0.038773
0.038723
0.038699
0.038699
0.038748
0.038748
0.038723
0.038699
0.038699
0.038723
0.038748
0.038723
0.038723
0.038699
0.038674
0.038674
0.038723
0.038723
0.038699
0.038674
0.038674
0.038723
0.038723
0.038699
0.038674
0.038674
0.038723
0.038723
0.038699
0.038674
0.038674
0.038699
0.038723
0.038699
0.03865
0.038674
0.038699
0.038723
0.038699
0.038674
0.038674
0.038699
0.038723
0.038699
0.03865
0.038674
0.038699
0.038723
0.038699
0.03865
0.03865
0.038699
0.03865
0.038674
0.038699
0.038674
0.038625
0.03865
0.038674
0.038674
0.038674
0.038625
0.038625
0.03865
0.038674
0.03865
0.0386
0.038625
0.03865
0.038674
0.03865
0.03865
0.038674
0.038723
0.038773
0.038748
0.038699
0.03865
0.03865
0.038625
0.038576
0.038526
0.038526
0.038551
0.038551
0.038526
0.038502
0.038502
0.038551
0.038576
0.038551
0.038526
0.038576
0.0386
0.038625
0.03865
0.03865
0.038625
0.038625
0.03865
0.038674
0.03865
0.038625
0.038625
0.03865
0.038674
0.03865
0.0386
0.0386
0.03865
0.038674
0.03865
0.0386
0.0386
0.03865
0.038674
0.03865
0.0386
0.038625
0.03865
0.038674
0.03865
0.038625
0.038625
0.038674
0.038699
0.038674
0.03865
0.03865
0.038699
0.038723
0.038699
0.038699
0.038674
0.03865
0.03865
0.038699
0.038723
0.038699
0.03865
0.03865
0.038674
0.038699
0.03865
0.038625
0.0386
0.038625
0.038625
0.0386
0.038551
0.038551
0.038576
0.0386
0.038576
0.038526
0.038526
0.038551
0.038576
0.038551
0.038526
0.038502
0.038551
0.038551
0.038551
0.038502
0.038502
0.038526
0.038551
0.038526
0.038502
0.038502
0.038526
0.038477
0.038526
0.038526
0.038526
0.038477
0.038477
0.038502
0.038526
0.038502
0.038453
0.038453
0.038477
0.038502
0.038477
0.038453
0.038428
0.038477
0.038502
0.038477
0.038453
0.038428
0.038477
0.038477
0.038477
0.038428
0.038428
0.038453
0.038477
0.038477
0.038453
0.038428
0.038453
0.038477
0.038477
0.038428
0.038428
0.038453
0.038502
0.038477
0.038453
0.038477
0.038453
0.038428
0.038453
0.038477
0.038477
0.038428
0.038403
0.038428
0.038453
0.038453
0.038403
0.038403
0.038403
0.038428
0.038403
0.038379
0.038354
0.038379
0.038403
0.038403
0.038354
0.038354
0.038379
0.038403
0.038379
0.038354
0.038329
0.038354
0.038379
0.038379
0.038329
0.038305
0.038329
0.038354
0.038354
0.038305
0.038305
0.038329
0.038354
0.038329
0.038354
0.038329
0.038305
0.03828
0.038329
0.038354
0.038329
0.038305
0.03828
0.038305
0.038329
0.038329
0.03828
0.03828
0.038305
0.038329
0.038305
0.03828
0.038256
0.03828
0.038329
0.038305
0.038256
0.038256
0.03828
0.038305
0.03828
0.038256
0.038231
0.038256
0.03828
0.03828
0.038256
0.038231
0.038256
0.03828
0.038256
0.038231
0.038231
0.038329
0.038329
0.038354
0.038329
0.03828
0.038206
0.038157
0.038157
0.038157
0.038157
0.038108
0.038083
0.038108
0.038133
0.038133
0.038108
0.038108
0.038133
0.038157
0.038157
0.038133
0.038133
0.038157
0.038206
0.038206
0.038182
0.038157
0.038182
0.038231
0.038206
0.038182
0.038157
0.038182
0.038206
0.038206
0.038182
0.038157
0.038182
0.038231
0.038231
0.038231
0.038231
0.038182
0.038182
0.038206
0.038231
0.038231
0.038182
0.038182
0.038206
0.038231
0.038231
0.038206
0.038182
0.038206
0.038231
0.038231
0.038206
0.038182
0.038206
0.038231
0.038231
0.038206
0.038206
0.038231
0.03828
0.03828
0.038256
0.038256
0.03828
0.038305
0.038329
0.03828
0.03828
0.038305
0.038354
0.038329
0.038305
0.03828
0.038305
0.03828
0.038305
0.038329
0.038329
0.03828
0.038256
0.03828
0.03828
0.03828
0.038231
0.038231
0.038231
0.038256
0.038256
0.038206
0.038206
0.038231
0.038256
0.038256
0.038231
0.038206
0.038231
0.038256
0.038256
0.038206
0.038206
0.038206
0.038256
0.038256
0.038206
0.038182
0.038206
0.038231
0.038231
0.038206
0.038182
0.038182
0.038206
0.038206
0.038182
0.038206
0.038182
0.038157
0.038182
0.038206
0.038206
0.038157
0.038133
0.038157
0.038206
0.038206
0.038157
0.038133
0.038157
0.038182
0.038182
0.038157
0.038133
0.038157
0.038182
0.038182
0.038133
0.038108
0.038133
0.038157
0.038157
0.038133
0.038108
0.038108
0.038133
0.038133
0.038108
0.038083
0.038083
0.038133
0.038108
0.038083
0.038059
0.038083
0.038108
0.038059
0.038108
0.038108
0.038059
0.038034
0.038059
0.038083
0.038108
0.038059
0.038034
0.038059
0.038083
0.038083
0.038059
0.038034
0.038059
0.038083
0.038083
0.038059
0.038059
0.038059
0.038108
0.038108
0.038083
0.038059
0.038083
0.038133
0.038133
0.038108
0.038083
0.038108
0.038133
0.038133
0.038108
0.038083
0.038083
0.038108
0.038108
0.038083
0.038059
0.038034
0.037985
0.038009
0.038034
0.038034
0.038009
0.037985
0.038009
0.038034
0.038034
0.038009
0.037985
0.037985
0.038034
0.038034
0.038034
0.038009
0.038059
0.038108
0.038133
0.038083
0.038009
0.03796
0.03796
0.037936
0.037886
0.037862
0.037862
0.037886
0.037886
0.037862
0.037837
0.037837
0.037886
0.037886
0.037862
0.037837
0.037862
0.037911
0.037911
0.037936
0.037936
0.037911
0.037886
0.037886
0.037911
0.037936
0.037886
0.037862
0.037862
0.037911
0.037911
0.037886
0.037837
0.037862
0.037886
0.037886
0.037862
0.037837
0.037837
0.037886
0.037886
0.037862
0.037813
0.037837
0.037862
0.037886
0.037862
0.037813
0.037837
0.037862
0.037886
0.037862
0.037813
0.037837
0.037862
0.037886
0.037862
0.037837
0.037837
0.037837
0.037862
0.037886
0.037911
0.037886
0.037837
0.037862
0.037886
0.037886
0.037862
0.037837
0.037837
0.037886
0.037886
0.037862
0.037813
0.037813
0.037837
0.037862
0.037813
0.037788
0.037788
0.037813
0.037813
0.037788
0.037763
0.037763
0.037788
0.037813
0.037788
0.037739
0.037739
0.037788
0.037788
0.037763
0.037739
0.037739
0.037763
0.037788
0.037763
0.037788
0.037763
0.037714
0.037714
0.037763
0.037763
0.037739
0.037714
0.037714
0.037739
0.037763
0.037739
0.037714
0.037714
0.037739
0.037739
0.037739
0.037689
0.037689
0.037739
0.037739
0.037714
0.037689
0.037689
0.037739
0.037739
0.037714
0.037689
0.037689
0.037739
0.037763
0.037739
0.037714
0.037714
0.037763
0.037788
0.037763
0.037739
0.037739
0.037763
0.037714
0.037763
0.037763
0.037739
0.037714
0.037714
0.037739
0.037739
0.037714
0.037689
0.037689
0.037714
0.037739
0.037714
0.037665
0.037665
0.037714
0.037714
0.037689
0.037665
0.037665
0.037689
0.037714
0.037689
0.03764
0.03764
0.037689
0.037689
0.037689
0.037665
0.037665
0.037689
0.037714
0.037689
0.037665
0.037665
0.037714
0.037739
0.037714
0.037689
0.037714
0.037689
0.037665
0.037689
0.037714
0.037689
0.03764
0.03764
0.037665
0.037665
0.03764
0.037616
0.037591
0.037616
0.03764
0.037616
0.037566
0.037566
0.037566
0.037591
0.037566
0.037542
0.037517
0.037542
0.037566
0.037542
0.037492
0.037492
0.037517
0.037517
0.037517
0.037492
0.037517
0.037566
0.037616
0.037616
0.037542
0.037492
0.037492
0.037468
0.037369
0.037369
0.037345
0.03732
0.03732
0.037345
0.037369
0.037369
0.037345
0.03732
0.037369
0.037394
0.037394
0.037369
0.037369
0.037394
0.037419
0.037419
0.037369
0.037369
0.037394
0.037419
0.037419
0.037369
0.037369
0.037394
0.037419
0.037394
0.037369
0.037369
0.037394
0.037394
0.037394
0.037369
0.037345
0.037369
0.037394
0.037369
0.037345
0.037345
0.037345
0.037345
0.037369
0.037394
0.037369
0.037345
0.037345
0.037369
0.037394
0.037369
0.037345
0.037345
0.037369
0.037369
0.037369
0.03732
0.03732
0.037345
0.037369
0.037369
0.03732
0.03732
0.037345
0.037369
0.037345
0.03732
0.037296
0.03732
0.037345
0.03732
0.037296
0.037296
0.03732
0.03732
0.037296
0.037271
0.037271
0.037296
0.03732
0.037296
0.037296
0.037296
0.037271
0.037246
0.037271
0.037296
0.037296
0.037271
0.037246
0.037271
0.037296
0.037296
0.037246
0.037246
0.037271
0.037296
0.037271
0.037246
0.037246
0.037271
0.037296
0.037271
0.037246
0.037222
0.037246
0.037271
0.037271
0.037246
0.037222
0.037246
0.037271
0.037271
0.037246
0.037222
0.037246
0.037271
0.037271
0.037246
0.037222
0.037246
0.037222
0.037246
0.037271
0.037271
0.037246
0.037222
0.037246
0.037271
0.037271
0.037246
0.037222
0.037246
0.037271
0.037246
0.037222
0.037222
0.037246
0.037271
0.037246
0.037222
0.037222
0.037222
0.037271
0.037246
0.037222
0.037197
0.037222
0.037271
0.037246
0.037222
0.037222
0.037222
0.037246
0.037246
0.037222
0.037197
0.037222
0.037246
0.037246
0.037197
0.037222
0.037197
0.037172
0.037197
0.037222
0.037222
0.037197
0.037172
0.037197
0.037222
0.037222
0.037172
0.037172
0.037197
0.037222
0.037197
0.037172
0.037172
0.037197
0.037222
0.037222
0.037172
0.037172
0.037172
0.037197
0.037197
0.037172
0.037148
0.037172
0.037197
0.037197
0.037148
0.037148
0.037148
0.037172
0.037172
0.037123
0.037123
0.037148
0.037172
0.037123
0.037148
0.037148
0.037123
0.037099
0.037123
0.037197
0.037222
0.037222
0.037197
0.037172
0.037148
0.037123
0.037049
0.037
0.037
0.037025
0.037
0.036976
0.036951
0.036976
0.037
0.037
0.036976
0.036951
0.036976
0.037025
0.037025
0.037
0.037
0.037025
0.037049
0.037049
0.037025
0.037025
0.037025
0.037074
0.037074
0.037025
0.037
0.037
0.037025
0.037049
0.037049
0.037
0.036976
0.037
0.037025
0.037025
0.037
0.036976
0.037
0.037025
0.037025
0.037
0.036976
0.037
0.037025
0.037025
0.037
0.036976
0.037
0.037025
0.037025
0.037
0.036976
0.037
0.037025
0.037025
0.037
0.036976
0.037
0.037025
0.037025
0.037
0.036976
0.037
0.037025
0.037025
0.037
0.037025
0.036976
0.036951
0.036976
0.037
0.037
0.036951
0.036926
0.036951
0.036976
0.036976
0.036951
0.036926
0.036951
0.036976
0.036976
0.036951
0.036926
0.036926
0.036951
0.036951
0.036926
0.036902
0.036926
0.036951
0.036951
0.036902
0.036902
0.036902
0.036951
0.036951
0.036902
0.036877
0.036902
0.036926
0.036926
0.036902
0.036877
0.036902
0.036926
0.036902
0.036926
0.036926
0.036902
0.036877
0.036877
0.036902
0.036926
0.036877
0.036852
0.036877
0.036902
0.036902
0.036877
0.036852
0.036877
0.036902
0.036902
0.036877
0.036852
0.036877
0.036902
0.036902
0.036877
0.036852
0.036877
0.036902
0.036902
0.036877
0.036852
0.036877
0.036902
0.036902
0.036877
0.036852
0.036852
0.036877
0.036877
0.036852
0.036828
0.036852
0.036828
0.036852
0.036877
0.036877
0.036852
0.036828
0.036828
0.036877
0.036877
0.036852
0.036828
0.036828
0.036852
0.036877
0.036852
0.036828
0.036828
0.036877
0.036877
0.036877
0.036852
0.036877
0.036902
0.036926
0.036902
0.036877
0.036902
0.036926
0.036951
0.036926
0.036902
0.036902
0.036926
0.036951
0.036902
0.036877
0.036902
0.036926
0.036951
0.036951
0.036976
0.036951
0.036951
0.036976
0.037025
0.037049
0.037025
0.037
0.037
0.037025
0.037025
0.036976
0.036951
0.036951
0.036976
0.036976
0.036976
0.036951
0.037
0.037049
0.037049
0.037
0.036902
0.036877
0.036877
0.036852
0.036803
0.036754
0.036754
0.036779
0.036779
0.036754
0.036754
0.036754
0.036779
0.036803
0.036803
0.036779
0.036779
