2018
7
5
9
34
51.593
0.062775
0.06275
0.062849
0.062922
0.062873
0.06275
0.062701
0.062799
0.062898
0.062849
0.062725
0.062676
0.062799
0.062898
0.062849
0.062725
0.062676
0.062799
0.062873
0.062824
0.062725
0.062676
0.062799
0.062898
0.062849
0.06275
0.062701
0.062799
0.062898
0.062873
0.06275
0.062725
0.062824
0.062922
0.062898
0.06275
0.062725
0.062824
0.062922
0.062898
0.062922
0.062898
0.062775
0.06275
0.062849
0.062947
0.062898
0.062775
0.062725
0.062824
0.062922
0.062898
0.06275
0.062725
0.062824
0.062922
0.062873
0.06275
0.062725
0.062799
0.062922
0.062873
0.06275
0.062701
0.062799
0.062898
0.062873
0.06275
0.062701
0.062799
0.062898
0.062873
0.06275
0.062701
0.062799
0.062922
0.062873
0.06275
0.062701
0.062799
0.062799
0.062922
0.062898
0.062775
0.062701
0.062799
0.062922
0.062873
0.062775
0.062725
0.062799
0.062922
0.062898
0.062775
0.062725
0.062799
0.062922
0.062898
0.062775
0.062725
0.062799
0.062922
0.062898
0.062775
0.062725
0.062824
0.062922
0.062898
0.062775
0.062725
0.062824
0.062922
0.062922
0.062799
0.06275
0.062824
0.062947
0.062922
0.062824
0.06275
0.062725
0.062799
0.062922
0.062898
0.062775
0.062701
0.062775
0.062873
0.062873
0.06275
0.062676
0.06275
0.062849
0.062849
0.062725
0.062652
0.062725
0.062849
0.062824
0.062676
0.062553
0.062602
0.062676
0.062652
0.062528
0.062479
0.062602
0.062725
0.062701
0.062578
0.062578
0.062701
0.062824
0.062775
0.062627
0.062553
0.062627
0.062701
0.062652
0.06243
0.062332
0.062208
0.062159
0.062282
0.062479
0.062553
0.062504
0.062504
0.062602
0.06275
0.062799
0.062701
0.062652
0.062725
0.062849
0.062849
0.06275
0.062676
0.06275
0.062873
0.062873
0.062775
0.062701
0.062775
0.062873
0.062873
0.06275
0.062676
0.06275
0.062849
0.062849
0.062725
0.062652
0.062701
0.062824
0.062824
0.062725
0.062652
0.062701
0.062824
0.062676
0.062799
0.062799
0.062676
0.062602
0.062652
0.06275
0.06275
0.062652
0.062553
0.062627
0.062725
0.062725
0.062627
0.062528
0.062602
0.062701
0.062725
0.062602
0.062528
0.062578
0.062701
0.062701
0.062602
0.062504
0.062578
0.062676
0.062701
0.062602
0.062504
0.062553
0.062676
0.062676
0.062578
0.062504
0.062553
0.062652
0.062676
0.062578
0.062504
0.062578
0.062479
0.062528
0.062652
0.062676
0.062578
0.062479
0.062528
0.062652
0.062676
0.062553
0.062479
0.062528
0.062652
0.062676
0.062553
0.062479
0.062528
0.062652
0.062676
0.062578
0.062479
0.062528
0.062652
0.062676
0.062578
0.062504
0.062528
0.062652
0.062676
0.062578
0.062479
0.062528
0.062652
0.062676
0.062553
0.062479
0.062504
0.062627
0.062652
0.062652
0.062553
0.062455
0.062504
0.062602
0.062652
0.062553
0.062455
0.062504
0.062602
0.062627
0.062528
0.062455
0.062479
0.062602
0.062627
0.062528
0.062455
0.062479
0.062602
0.062627
0.062528
0.06243
0.062479
0.062578
0.062627
0.062528
0.06243
0.062455
0.062578
0.062602
0.062528
0.06243
0.062455
0.062578
0.062602
0.062528
0.06243
0.062455
0.062578
0.062455
0.062553
0.062602
0.062504
0.06243
0.062455
0.062578
0.062627
0.062553
0.062455
0.062479
0.062602
0.062627
0.062553
0.06243
0.062455
0.062578
0.062602
0.062528
0.06243
0.06243
0.062553
0.062578
0.062479
0.062381
0.062405
0.062528
0.062578
0.062479
0.062381
0.062405
0.062504
0.062553
0.062455
0.062332
0.062307
0.062405
0.062405
0.062282
0.062184
0.062332
0.062233
0.062282
0.062455
0.062528
0.062405
0.062258
0.062258
0.062356
0.062405
0.062282
0.06211
0.062036
0.062085
0.062085
0.061938
0.061815
0.061839
0.062012
0.062135
0.062135
0.062085
0.062159
0.062332
0.06243
0.062381
0.062307
0.062356
0.062479
0.062528
0.062455
0.062356
0.062381
0.062479
0.062553
0.062479
0.062381
0.062381
0.062504
0.062553
0.062479
0.062553
0.062479
0.062381
0.062381
0.062479
0.062553
0.062479
0.062356
0.062381
0.062479
0.062553
0.062479
0.062381
0.062381
0.062504
0.062553
0.062479
0.062381
0.062381
0.062479
0.062528
0.062455
0.062356
0.062356
0.062455
0.062504
0.06243
0.062307
0.062307
0.062405
0.062479
0.062405
0.062307
0.062307
0.062405
0.062455
0.062405
0.062282
0.062282
0.062282
0.062282
0.062405
0.062455
0.062381
0.062258
0.062258
0.062356
0.062405
0.062332
0.062208
0.062208
0.062282
0.062356
0.062282
0.062184
0.062184
0.062307
0.062381
0.062307
0.062208
0.062208
0.062307
0.062381
0.062332
0.062233
0.062233
0.062332
0.062405
0.062356
0.062258
0.062233
0.062356
0.06243
0.062356
0.062258
0.062258
0.062381
0.062455
0.062381
0.062455
0.062405
0.062307
0.062282
0.062405
0.062479
0.062405
0.062307
0.062307
0.062405
0.062479
0.062405
0.062307
0.062307
0.062405
0.062479
0.06243
0.062332
0.062307
0.062405
0.062479
0.06243
0.062332
0.062307
0.062405
0.062479
0.06243
0.062332
0.062307
0.062405
0.062479
0.06243
0.062332
0.062307
0.062405
0.062479
0.06243
0.062332
0.062307
0.062405
0.062307
0.062405
0.062504
0.062455
0.062332
0.062332
0.062405
0.062504
0.062455
0.062356
0.062332
0.062405
0.062504
0.062455
0.062332
0.062307
0.06243
0.062504
0.062455
0.062356
0.062332
0.06243
0.062528
0.062479
0.062381
0.062356
0.062455
0.062553
0.062504
0.062381
0.062356
0.06243
0.062504
0.062479
0.062356
0.062332
0.062405
0.062504
0.062455
0.062332
0.062332
0.062282
0.062381
0.062479
0.06243
0.062307
0.062258
0.062307
0.062356
0.062282
0.062135
0.062085
0.062208
0.062332
0.062332
0.062184
0.062159
0.062282
0.06243
0.06243
0.062282
0.062208
0.062282
0.062381
0.062332
0.062184
0.062085
0.062085
0.06211
0.062012
0.061839
0.06179
0.061864
0.062012
0.062036
0.062012
0.062036
0.062184
0.062332
0.062332
0.062479
0.062455
0.062356
0.062307
0.062405
0.062504
0.062479
0.062381
0.062332
0.06243
0.062504
0.062504
0.062381
0.062332
0.062405
0.062504
0.062479
0.062381
0.062332
0.062405
0.062479
0.062479
0.062356
0.062307
0.062381
0.062479
0.062455
0.062356
0.062307
0.062381
0.062479
0.062455
0.062332
0.062282
0.062381
0.062455
0.06243
0.062332
0.062258
0.062332
0.062233
0.062282
0.062381
0.062381
0.062258
0.062208
0.062282
0.062381
0.062356
0.062258
0.062208
0.062282
0.062381
0.062381
0.062282
0.062208
0.062282
0.062381
0.062356
0.062258
0.062208
0.062282
0.062356
0.062356
0.062233
0.062184
0.062258
0.062356
0.062332
0.062233
0.062184
0.062258
0.062332
0.062332
0.062233
0.062184
0.062233
0.062332
0.062332
0.062233
0.062332
0.062208
0.062159
0.062233
0.062332
0.062332
0.062233
0.062159
0.062233
0.062332
0.062332
0.062233
0.062184
0.062233
0.062332
0.062332
0.062208
0.062159
0.062233
0.062332
0.062332
0.062208
0.062135
0.062208
0.062307
0.062307
0.062208
0.062135
0.062208
0.062307
0.062307
0.062184
0.062135
0.062208
0.062307
0.062307
0.062208
0.062135
0.062208
0.062307
0.062282
0.062282
0.062184
0.062135
0.062184
0.062282
0.062282
0.062184
0.06211
0.062184
0.062282
0.062282
0.062184
0.06211
0.062184
0.062282
0.062282
0.062184
0.062135
0.062184
0.062282
0.062282
0.062184
0.062135
0.062184
0.062282
0.062307
0.062208
0.062135
0.062208
0.062307
0.062332
0.062233
0.062159
0.062208
0.062332
0.062356
0.062258
0.062184
0.062233
0.062184
0.062208
0.062307
0.062307
0.062208
0.062135
0.062184
0.062282
0.062282
0.062184
0.06211
0.062159
0.062258
0.062282
0.062184
0.06211
0.062159
0.062258
0.062258
0.062159
0.062085
0.06211
0.062159
0.062135
0.062012
0.061913
0.061938
0.062061
0.06211
0.062036
0.061938
0.061987
0.062135
0.062208
0.062135
0.062012
0.062036
0.06211
0.062135
0.062036
0.061839
0.061691
0.061568
0.061593
0.061691
0.061765
0.061741
0.061741
0.061864
0.062012
0.062085
0.062036
0.061987
0.062061
0.062184
0.062208
0.062135
0.062061
0.06211
0.062208
0.062258
0.062159
0.062085
0.062135
0.062233
0.062258
0.062159
0.062085
0.06211
0.062208
0.062233
0.062135
0.062061
0.062085
0.062184
0.062233
0.062135
0.062061
0.062085
0.062184
0.062085
0.062184
0.062208
0.062135
0.062036
0.062061
0.062159
0.062184
0.062085
0.062012
0.062036
0.06211
0.062159
0.062061
0.061962
0.061987
0.062085
0.062135
0.062036
0.061962
0.061987
0.062085
0.06211
0.062036
0.061938
0.061962
0.062061
0.062085
0.062012
0.061938
0.061962
0.062061
0.06211
0.062036
0.061938
0.061962
0.062061
0.06211
0.062012
0.061938
0.062012
0.061913
0.061938
0.062036
0.062061
0.061987
0.061888
0.061913
0.062036
0.062061
0.061987
0.061888
0.061913
0.062036
0.062085
0.062012
0.061913
0.061938
0.062036
0.062085
0.062012
0.061913
0.061938
0.062061
0.06211
0.062036
0.061938
0.061962
0.062061
0.06211
0.062036
0.061938
0.061962
0.062061
0.06211
0.062036
0.061938
0.061962
0.062061
0.06211
0.062061
0.06211
0.062036
0.061938
0.061938
0.062061
0.06211
0.062036
0.061938
0.061938
0.062061
0.062085
0.062036
0.061938
0.061938
0.062061
0.06211
0.062036
0.061938
0.061938
0.062036
0.062085
0.062012
0.061913
0.061913
0.062012
0.062061
0.062012
0.061913
0.061913
0.062012
0.062061
0.061987
0.061888
0.061913
0.062012
0.062061
0.061987
0.061888
0.061888
0.061913
0.062012
0.062061
0.062012
0.061913
0.061913
0.062036
0.06211
0.062036
0.061938
0.061938
0.062036
0.062085
0.062012
0.061913
0.061913
0.062012
0.062085
0.062012
0.061913
0.061888
0.061987
0.062036
0.061962
0.061864
0.061864
0.061962
0.062036
0.061962
0.061864
0.061864
0.061962
0.062012
0.061938
0.061815
0.061765
0.061815
0.061839
0.061765
0.061667
0.061815
0.061741
0.06179
0.061938
0.061987
0.061888
0.061765
0.061741
0.061839
0.061888
0.061765
0.061568
0.061495
0.061544
0.061544
0.061445
0.061347
0.061371
0.061519
0.061667
0.061667
0.061642
0.061691
0.061839
0.061938
0.061888
0.061815
0.061815
0.061913
0.061987
0.061938
0.061839
0.061839
0.061938
0.061987
0.061938
0.061839
0.061815
0.061913
0.061987
0.061888
0.061962
0.061913
0.061815
0.061815
0.061888
0.061962
0.061913
0.061839
0.061815
0.061913
0.061987
0.061938
0.061839
0.061815
0.061913
0.061962
0.061913
0.061815
0.06179
0.061864
0.061938
0.061864
0.061765
0.061741
0.061815
0.061888
0.061839
0.061716
0.061691
0.06179
0.061864
0.061815
0.061716
0.061691
0.061765
0.061839
0.061815
0.061716
0.061691
0.061765
0.061839
0.06179
0.061691
0.061667
0.061741
0.061815
0.061765
0.061667
0.061642
0.061741
0.06179
0.061765
0.061667
0.061642
0.061716
0.06179
0.061765
0.061667
0.061642
0.061716
0.06179
0.061765
0.061642
0.061618
0.061716
0.06179
0.061741
0.061642
0.061618
0.061691
0.06179
0.061741
0.061642
0.061618
0.061691
0.061765
0.061741
0.061642
0.061593
0.061618
0.061593
0.061667
0.061741
0.061716
0.061618
0.061593
0.061667
0.061741
0.061691
0.061593
0.061568
0.061642
0.061716
0.061667
0.061568
0.061544
0.061618
0.061716
0.061667
0.061568
0.061544
0.061618
0.061691
0.061667
0.061568
0.061519
0.061618
0.061691
0.061667
0.061568
0.061519
0.061593
0.061691
0.061642
0.061544
0.061519
0.061593
0.061667
0.061642
0.061667
0.061642
0.061544
0.061495
0.061568
0.061642
0.061618
0.061519
0.061495
0.061568
0.061642
0.061618
0.061519
0.061495
0.061568
0.061667
0.061642
0.061568
0.061519
0.061593
0.061691
0.061667
0.061544
0.061495
0.061568
0.061642
0.061618
0.061519
0.06147
0.061544
0.061618
0.061618
0.061495
0.061445
0.061519
0.061618
0.061593
0.061495
0.061445
0.061519
0.061396
0.061445
0.06147
0.061421
0.061298
0.061224
0.061298
0.061421
0.061445
0.061347
0.061273
0.061371
0.061519
0.061568
0.061445
0.061347
0.061396
0.06147
0.061445
0.061347
0.061224
0.061224
0.061224
0.06115
0.061002
0.060904
0.060953
0.061076
0.061125
0.061101
0.061125
0.061248
0.061371
0.061421
0.061347
0.061347
0.061445
0.061544
0.061544
0.061445
0.061568
0.061495
0.061445
0.061495
0.061593
0.061593
0.06147
0.061421
0.061495
0.061568
0.061568
0.06147
0.061421
0.06147
0.061568
0.061544
0.06147
0.061421
0.06147
0.061568
0.061568
0.06147
0.061421
0.06147
0.061568
0.061544
0.061445
0.061396
0.061445
0.061519
0.061495
0.061396
0.061322
0.061371
0.061445
0.061445
0.061347
0.061273
0.061322
0.061421
0.061298
0.061396
0.061396
0.061298
0.061224
0.061273
0.061371
0.061371
0.061298
0.061224
0.061273
0.061371
0.061371
0.061273
0.061224
0.061273
0.061371
0.061371
0.061273
0.061224
0.061273
0.061347
0.061371
0.061273
0.061224
0.061273
0.061347
0.061347
0.061273
0.061199
0.061248
0.061347
0.061347
0.061248
0.061199
0.061248
0.061322
0.061347
0.061248
0.061175
0.061248
0.061175
0.061224
0.061322
0.061322
0.061248
0.061175
0.061224
0.061298
0.061322
0.061224
0.061175
0.061199
0.061298
0.061298
0.061199
0.06115
0.061199
0.061273
0.061298
0.061199
0.06115
0.061199
0.061273
0.061298
0.061199
0.061125
0.061175
0.061273
0.061273
0.061199
0.061125
0.061175
0.061248
0.061273
0.061175
0.061101
0.06115
0.061248
0.061248
0.061224
0.061248
0.061175
0.061101
0.061125
0.061224
0.061248
0.061175
0.061101
0.061125
0.061199
0.061224
0.061125
0.061051
0.061051
0.061125
0.061125
0.061027
0.060953
0.061002
0.061076
0.061101
0.061027
0.060978
0.061027
0.061125
0.061175
0.061101
0.061051
0.061101
0.061199
0.061224
0.06115
0.061076
0.061101
0.061199
0.061224
0.06115
0.061076
0.061101
0.061051
0.061076
0.061175
0.061199
0.061125
0.061051
0.061076
0.061175
0.061199
0.061125
0.061027
0.061051
0.061101
0.061101
0.060978
0.060879
0.060879
0.060978
0.061051
0.061002
0.060928
0.060928
0.061076
0.06115
0.061125
0.061027
0.061002
0.061076
0.061101
0.061027
0.060928
0.060879
0.060879
0.06083
0.060682
0.060559
0.060559
0.060658
0.060707
0.060707
0.061027
0.061002
0.060978
0.061027
0.06115
0.061199
0.061125
0.061051
0.061076
0.061175
0.061224
0.06115
0.061076
0.061101
0.061199
0.061224
0.06115
0.061076
0.061101
0.061175
0.061224
0.06115
0.061076
0.061076
0.061175
0.061224
0.06115
0.061076
0.061076
0.061175
0.061224
0.06115
0.061076
0.061101
0.061175
0.061224
0.06115
0.061076
0.061101
0.061175
0.061076
0.061175
0.061199
0.061125
0.061051
0.061051
0.061125
0.061175
0.061101
0.061027
0.061027
0.061125
0.06115
0.061101
0.061002
0.061027
0.061125
0.061175
0.061101
0.061027
0.061027
0.061125
0.061175
0.061101
0.061027
0.061027
0.061125
0.061175
0.061101
0.061027
0.061027
0.061125
0.06115
0.061101
0.061027
0.061027
0.061125
0.06115
0.061101
0.061027
0.061101
0.061027
0.061027
0.061125
0.061175
0.061101
0.061027
0.061027
0.061125
0.061175
0.061101
0.061027
0.061027
0.061125
0.061175
0.061101
0.061027
0.061027
0.061125
0.061175
0.061101
0.061027
0.061027
0.061101
0.06115
0.061101
0.061002
0.061002
0.061101
0.06115
0.061076
0.061002
0.061002
0.061076
0.061125
0.061076
0.061002
0.061002
0.061076
0.061125
0.061076
0.061125
0.061076
0.060978
0.061002
0.061076
0.061125
0.061076
0.060978
0.060978
0.061051
0.061101
0.061051
0.060978
0.060978
0.061051
0.061101
0.061051
0.060953
0.060953
0.061051
0.061101
0.061051
0.060978
0.060953
0.061051
0.061101
0.061051
0.060978
0.060978
0.061051
0.061101
0.061076
0.060978
0.060978
0.061076
0.06115
0.061101
0.061027
0.061027
0.061002
0.061002
0.061076
0.061125
0.061076
0.060978
0.060978
0.061051
0.061101
0.061051
0.060953
0.060953
0.061027
0.061076
0.061027
0.060953
0.060928
0.061027
0.061076
0.061027
0.060928
0.060904
0.060928
0.060953
0.060879
0.060756
0.060731
0.060854
0.060953
0.060904
0.060781
0.060781
0.060928
0.061051
0.061002
0.060854
0.06083
0.060904
0.060953
0.060904
0.060658
0.060559
0.060436
0.060387
0.060485
0.060608
0.060633
0.060633
0.060658
0.060805
0.060904
0.060904
0.060854
0.060854
0.060953
0.061027
0.061002
0.060904
0.060904
0.060978
0.061051
0.061002
0.060928
0.060904
0.060978
0.061051
0.061002
0.060928
0.060904
0.060978
0.061051
0.061002
0.060928
0.060904
0.060978
0.061027
0.061002
0.060928
0.060904
0.060978
0.060904
0.060953
0.061027
0.061002
0.060904
0.060879
0.060953
0.061002
0.060978
0.060879
0.060854
0.060928
0.060978
0.060953
0.060854
0.06083
0.060904
0.060953
0.060928
0.06083
0.060805
0.060879
0.060928
0.060904
0.06083
0.060805
0.060854
0.060928
0.060904
0.06083
0.060805
0.060854
0.060928
0.060904
0.06083
0.060805
0.060854
0.060928
0.060904
0.060805
0.060879
0.060805
0.060781
0.060854
0.060928
0.060904
0.060805
0.060781
0.06083
0.060904
0.060879
0.060781
0.060756
0.06083
0.060904
0.060879
0.060781
0.060756
0.06083
0.060904
0.060879
0.060781
0.060756
0.060805
0.060879
0.060879
0.060781
0.060756
0.06083
0.060904
0.060879
0.060781
0.060756
0.060805
0.060879
0.060879
0.060781
0.060756
0.060805
0.060904
0.06083
0.060904
0.060879
0.060781
0.060756
0.060805
0.060879
0.060854
0.060781
0.060756
0.060805
0.060879
0.060854
0.060781
0.060731
0.060805
0.060879
0.060854
0.060781
0.060756
0.060805
0.060879
0.060854
0.060781
0.060731
0.060781
0.060854
0.06083
0.060756
0.060707
0.060756
0.06083
0.06083
0.060756
0.060707
0.060756
0.060854
0.06083
0.060756
0.060731
0.060731
0.060805
0.060879
0.060904
0.060805
0.060781
0.06083
0.060904
0.060879
0.060805
0.060756
0.060805
0.060879
0.060854
0.060781
0.060731
0.060781
0.06083
0.06083
0.060731
0.060682
0.060731
0.060805
0.060781
0.060707
0.060658
0.060707
0.060781
0.060756
0.060682
0.060608
0.060608
0.060658
0.060608
0.060485
0.060436
0.06051
0.060633
0.060633
0.060534
0.060731
0.060608
0.060534
0.060584
0.060633
0.060633
0.06051
0.060362
0.060338
0.060338
0.060288
0.060141
0.060091
0.060141
0.060288
0.060338
0.060338
0.060362
0.060485
0.060608
0.060633
0.060584
0.060584
0.060633
0.060731
0.060731
0.060658
0.060608
0.060658
0.060731
0.060756
0.060658
0.060608
0.060658
0.060756
0.060756
0.060658
0.060608
0.060658
0.060731
0.060707
0.060707
0.060633
0.060584
0.060633
0.060707
0.060707
0.060633
0.060559
0.060608
0.060682
0.060682
0.060584
0.060534
0.060559
0.060633
0.060633
0.060559
0.060485
0.060534
0.060584
0.060584
0.06051
0.060461
0.060485
0.060559
0.060559
0.060461
0.060411
0.060436
0.06051
0.060534
0.060436
0.060387
0.060436
0.06051
0.06051
0.060436
0.060387
0.060436
0.060436
0.06051
0.060534
0.060461
0.060387
0.060436
0.06051
0.060534
0.060461
0.060411
0.060436
0.06051
0.060534
0.060461
0.060411
0.060436
0.06051
0.060534
0.060461
0.060411
0.060436
0.06051
0.060534
0.060461
0.060387
0.060436
0.06051
0.06051
0.060436
0.060387
0.060436
0.06051
0.060534
0.060461
0.060411
0.060436
0.06051
0.06051
0.060436
0.060387
0.060436
0.060362
0.060387
0.060485
0.060485
0.060411
0.060362
0.060387
0.060461
0.060485
0.060411
0.060362
0.060387
0.060461
0.060485
0.060411
0.060362
0.060387
0.060461
0.060485
0.060411
0.060338
0.060387
0.060461
0.060461
0.060387
0.060338
0.060362
0.060436
0.060461
0.060387
0.060338
0.060362
0.060436
0.060461
0.060387
0.060313
0.060338
0.060436
0.060436
0.060411
0.060436
0.060362
0.060313
0.060338
0.060411
0.060436
0.060362
0.060313
0.060338
0.060411
0.060436
0.060387
0.060338
0.060362
0.060436
0.060461
0.060387
0.060338
0.060338
0.060411
0.060436
0.060362
0.060288
0.060313
0.060387
0.060387
0.060313
0.060239
0.060264
0.060338
0.060362
0.060313
0.060239
0.060264
0.060338
0.060362
0.060288
0.060239
0.060239
0.060067
0.060116
0.06019
0.060165
0.060091
0.060091
0.06019
0.060264
0.060264
0.060214
0.06019
0.060214
0.060239
0.060165
0.060116
0.060067
0.060067
0.060018
0.059894
0.059771
0.059722
0.059796
0.059845
0.059821
0.059821
0.059919
0.060067
0.060141
0.060141
0.060091
0.060141
0.060264
0.060313
0.060288
0.060214
0.060239
0.060313
0.060338
0.060288
0.060239
0.060313
0.060264
0.060264
0.060338
0.060387
0.060313
0.060239
0.060264
0.060338
0.060362
0.060313
0.060239
0.060239
0.060313
0.060362
0.060288
0.060214
0.060214
0.060313
0.060338
0.060288
0.060214
0.060214
0.060288
0.060338
0.060264
0.06019
0.06019
0.060264
0.060288
0.060239
0.060141
0.060165
0.060239
0.060264
0.060214
0.060141
0.060141
0.060214
0.060239
0.060214
0.060264
0.060214
0.060141
0.060141
0.060214
0.060264
0.060214
0.060141
0.060141
0.060214
0.060264
0.06019
0.060116
0.060116
0.06019
0.060239
0.06019
0.060116
0.060116
0.06019
0.060214
0.06019
0.060116
0.060116
0.06019
0.060214
0.060165
0.060091
0.060091
0.060165
0.060214
0.060165
0.060116
0.060116
0.06019
0.060214
0.060165
0.060091
0.060091
0.060091
0.060091
0.060141
0.06019
0.060141
0.060067
0.060067
0.060141
0.060165
0.060116
0.060042
0.060042
0.060116
0.060165
0.060116
0.060042
0.060042
0.060091
0.060141
0.060116
0.060042
0.060018
0.060091
0.060141
0.060091
0.060018
0.060018
0.060091
0.060116
0.060091
0.059993
0.059993
0.060067
0.060116
0.060067
0.059993
0.059993
0.060042
0.060091
0.060067
0.060067
0.060042
0.059968
0.059968
0.060042
0.060067
0.060042
0.059968
0.059944
0.060018
0.060067
0.060018
0.059944
0.059944
0.060018
0.060067
0.060042
0.059968
0.059944
0.060042
0.060091
0.060042
0.059968
0.059968
0.060042
0.060091
0.060067
0.059993
0.059993
0.060042
0.060116
0.060067
0.059993
0.059968
0.060018
0.060067
0.060042
0.059968
0.059944
0.060018
0.059919
0.059993
0.060042
0.060018
0.059944
0.059919
0.059993
0.060067
0.060018
0.059944
0.059919
0.059944
0.059968
0.059894
0.059771
0.059747
0.059821
0.059894
0.059919
0.059821
0.059796
0.05987
0.059993
0.060018
0.059919
0.05987
0.059919
0.059968
0.059919
0.059845
0.059747
0.059722
0.059722
0.059624
0.059476
0.059427
0.059476
0.05955
0.059574
0.059574
0.059845
0.05987
0.059968
0.060042
0.060018
0.059944
0.059919
0.059993
0.060042
0.060018
0.059944
0.059944
0.059993
0.060067
0.060018
0.059944
0.059944
0.059993
0.060042
0.060018
0.059944
0.059919
0.059993
0.060042
0.060018
0.059944
0.059944
0.059993
0.060042
0.060018
0.059944
0.059919
0.059993
0.060042
0.060018
0.059919
0.059894
0.059944
0.060018
0.059968
0.059968
0.059944
0.05987
0.059845
0.059894
0.059968
0.059944
0.05987
0.059845
0.059894
0.059944
0.059944
0.05987
0.059821
0.059894
0.059944
0.059919
0.059845
0.059821
0.05987
0.059944
0.059919
0.059845
0.059796
0.05987
0.059919
0.059894
0.059821
0.059796
0.059845
0.059894
0.059894
0.059796
0.059771
0.059845
0.059894
0.05987
0.059796
0.059771
0.059821
0.059747
0.059821
0.05987
0.05987
0.059796
0.059747
0.059821
0.05987
0.059845
0.059771
0.059747
0.059796
0.05987
0.059845
0.059771
0.059747
0.059796
0.059845
0.059845
0.059771
0.059747
0.059796
0.059845
0.059821
0.059747
0.059722
0.059771
0.059821
0.059821
0.059747
0.059722
0.059771
0.059821
0.059796
0.059722
0.059697
0.059747
0.059821
0.059796
0.059722
0.059771
0.059697
0.059648
0.059697
0.059771
0.059747
0.059673
0.059648
0.059697
0.059747
0.059747
0.059673
0.059624
0.059673
0.059747
0.059747
0.059673
0.059624
0.059673
0.059747
0.059747
0.059673
0.059624
0.059697
0.059747
0.059747
0.059673
0.059648
0.059673
0.059747
0.059747
0.059673
0.059648
0.059697
0.059771
0.059771
0.059697
0.059673
0.059722
0.059796
0.059821
0.059821
0.059747
0.059697
0.059722
0.059796
0.059796
0.059722
0.059673
0.059722
0.059771
0.059771
0.059697
0.059648
0.059697
0.059747
0.059747
0.059673
0.059624
0.059673
0.059747
0.059722
0.059648
0.059574
0.059574
0.059599
0.059574
0.059476
0.059427
0.059501
0.059624
0.059599
0.059525
0.059501
0.059599
0.059747
0.059722
0.059624
0.05955
0.059599
0.059377
0.059353
0.059353
0.059304
0.059181
0.059131
0.059181
0.059304
0.059377
0.059377
0.059402
0.059501
0.059599
0.059648
0.059599
0.059599
0.059648
0.059722
0.059747
0.059673
0.059648
0.059673
0.059747
0.059747
0.059697
0.059648
0.059673
0.059747
0.059747
0.059673
0.059648
0.059673
0.059747
0.059747
0.059673
0.059624
0.059673
0.059722
0.059722
0.059673
