2018
7
5
9
29
50.234
0.054872
0.054848
0.054823
0.054823
0.054872
0.054872
0.054872
0.054823
0.054823
0.054872
0.054897
0.054872
0.054848
0.054848
0.054872
0.054872
0.054848
0.054823
0.054823
0.054848
0.054872
0.054848
0.054799
0.054799
0.054848
0.054848
0.054823
0.054799
0.054799
0.054823
0.054823
0.054799
0.054774
0.054774
0.054799
0.054823
0.054799
0.054774
0.054774
0.054799
0.054799
0.054823
0.054823
0.054799
0.054799
0.054823
0.054848
0.054848
0.054799
0.054799
0.054848
0.054872
0.054848
0.054823
0.054823
0.054848
0.054872
0.054848
0.054823
0.054823
0.054848
0.054848
0.054848
0.054799
0.054799
0.054848
0.054872
0.054848
0.054823
0.054823
0.054848
0.054872
0.054848
0.054823
0.054823
0.054848
0.054872
0.054848
0.054823
0.054823
0.054823
0.054848
0.054872
0.054848
0.054823
0.054823
0.054848
0.054872
0.054872
0.054823
0.054823
0.054848
0.054872
0.054872
0.054823
0.054823
0.054848
0.054872
0.054848
0.054823
0.054823
0.054848
0.054872
0.054872
0.054823
0.054823
0.054848
0.054872
0.054872
0.054823
0.054823
0.054848
0.054872
0.054872
0.054823
0.054823
0.054848
0.054872
0.054872
0.054823
0.054848
0.054848
0.054872
0.054897
0.054872
0.054848
0.054848
0.054872
0.054897
0.054872
0.054848
0.054848
0.054848
0.054872
0.054872
0.054823
0.054823
0.054848
0.054872
0.054872
0.054823
0.054823
0.054848
0.054872
0.054848
0.054823
0.054774
0.054799
0.054799
0.054799
0.054774
0.054799
0.054848
0.054823
0.054749
0.054676
0.054651
0.054651
0.054602
0.054528
0.054429
0.054405
0.05438
0.054429
0.054479
0.054503
0.054503
0.054552
0.054651
0.054725
0.054774
0.054799
0.054823
0.054872
0.054922
0.054946
0.054922
0.054922
0.054946
0.054971
0.054971
0.054946
0.054922
0.054946
0.054971
0.054971
0.054946
0.054946
0.054971
0.054996
0.054996
0.054971
0.054946
0.054971
0.054996
0.054996
0.054971
0.054946
0.054996
0.05502
0.055045
0.055094
0.055119
0.055094
0.055094
0.055119
0.055143
0.055168
0.055143
0.055143
0.055168
0.055217
0.055217
0.055217
0.055192
0.055217
0.055242
0.055242
0.055192
0.055143
0.055143
0.055168
0.055143
0.055094
0.055045
0.055045
0.055069
0.055045
0.054996
0.054971
0.054971
0.054971
0.054971
0.054946
0.054922
0.054922
0.054946
0.054946
0.054922
0.054897
0.054922
0.054897
0.054922
0.054946
0.054946
0.054922
0.054897
0.054897
0.054946
0.054922
0.054897
0.054872
0.054897
0.054922
0.054922
0.054897
0.054872
0.054872
0.054922
0.054922
0.054897
0.054872
0.054872
0.054897
0.054922
0.054872
0.054872
0.054872
0.054922
0.054922
0.054897
0.054872
0.054872
0.054922
0.054922
0.054897
0.054872
0.054897
0.054922
0.054922
0.054922
0.054922
0.054922
0.054897
0.054897
0.054946
0.054946
0.054922
0.054897
0.054922
0.054946
0.054946
0.054922
0.054922
0.054922
0.054946
0.054946
0.054922
0.054897
0.054897
0.054946
0.054946
0.054922
0.054897
0.054897
0.054922
0.054946
0.054922
0.054872
0.054897
0.054922
0.054922
0.054897
0.054872
0.054897
0.054922
0.054946
0.054922
0.054922
0.054946
0.054971
0.054971
0.05502
0.05502
0.054996
0.054971
0.054996
0.05502
0.055045
0.05502
0.054996
0.054996
0.055045
0.055069
0.055045
0.05502
0.055045
0.055069
0.055094
0.055069
0.05502
0.05502
0.055069
0.055069
0.055045
0.05502
0.055069
0.055119
0.055094
0.05502
0.054946
0.054946
0.054971
0.054922
0.054848
0.054774
0.054749
0.054774
0.054774
0.054725
0.0547
0.0547
0.054676
0.054725
0.054799
0.054872
0.054922
0.054922
0.054971
0.055045
0.055094
0.055094
0.055069
0.055094
0.055119
0.055143
0.055119
0.055094
0.055094
0.055119
0.055119
0.055094
0.055069
0.055069
0.055094
0.055119
0.055094
0.055045
0.055069
0.055094
0.055094
0.055094
0.055069
0.055045
0.055094
0.055119
0.055094
0.055069
0.055069
0.055094
0.055094
0.055119
0.055143
0.055143
0.055119
0.055119
0.055168
0.055217
0.055192
0.055192
0.055192
0.055217
0.055242
0.055217
0.055168
0.055143
0.055168
0.055192
0.055168
0.055119
0.055119
0.055119
0.055143
0.055119
0.055094
0.055069
0.055094
0.055119
0.055094
0.055069
0.055045
0.055094
0.055119
0.055094
0.055069
0.055069
0.055094
0.055119
0.055094
0.055069
0.055119
0.055069
0.055069
0.055094
0.055119
0.055119
0.055094
0.055069
0.055094
0.055143
0.055119
0.055094
0.055094
0.055119
0.055143
0.055143
0.055119
0.055094
0.055143
0.055168
0.055168
0.055168
0.055168
0.055192
0.055217
0.055217
0.055168
0.055168
0.055192
0.055217
0.055217
0.055192
0.055192
0.055217
0.055242
0.055242
0.055217
0.055192
0.055217
0.055266
0.055242
0.055266
0.055242
0.055217
0.055217
0.055242
0.055242
0.055242
0.055217
0.055192
0.055217
0.055266
0.055242
0.055217
0.055217
0.055242
0.055266
0.055242
0.055217
0.055192
0.055217
0.055242
0.055242
0.055217
0.055217
0.055242
0.055266
0.055266
0.055242
0.055242
0.055266
0.055291
0.055316
0.055291
0.055291
0.05534
0.055389
0.055389
0.055365
0.055365
0.055389
0.055389
0.055439
0.055463
0.055463
0.055439
0.055439
0.055463
0.055512
0.055512
0.055463
0.055439
0.055439
0.055439
0.055414
0.055389
0.055389
0.055439
0.055439
0.055389
0.055316
0.055291
0.055316
0.055291
0.055217
0.055143
0.055094
0.055119
0.055143
0.055119
0.055069
0.055045
0.055094
0.055119
0.055094
0.055094
0.055119
0.055192
0.055266
0.055316
0.055463
0.055488
0.055488
0.055488
0.055512
0.055562
0.055562
0.055562
0.055537
0.055562
0.055611
0.055636
0.055611
0.055611
0.055636
0.055685
0.055709
0.055709
0.055709
0.055734
0.055783
0.055808
0.055783
0.055783
0.055808
0.055857
0.055857
0.055808
0.055808
0.055808
0.055833
0.055833
0.055808
0.055759
0.055783
0.055808
0.055808
0.055759
0.055734
0.055734
0.055685
0.055709
0.055685
0.055636
0.055611
0.055636
0.055636
0.055636
0.055586
0.055562
0.055562
0.055586
0.055586
0.055562
0.055537
0.055537
0.055562
0.055562
0.055537
0.055512
0.055537
0.055586
0.055586
0.055562
0.055537
0.055562
0.055586
0.055611
0.055586
0.055562
0.055562
0.055611
0.055611
0.055586
0.055562
0.055562
0.055586
0.055611
0.055586
0.055537
0.055562
0.055562
0.055562
0.055586
0.055586
0.055562
0.055537
0.055562
0.055586
0.055586
0.055562
0.055537
0.055562
0.055586
0.055586
0.055562
0.055537
0.055562
0.055586
0.055586
0.055562
0.055537
0.055562
0.055586
0.055611
0.055586
0.055562
0.055562
0.055611
0.055611
0.055611
0.055586
0.055586
0.055636
0.05566
0.055636
0.055611
0.055636
0.05566
0.055685
0.055734
0.055759
0.055759
0.055734
0.055759
0.055783
0.055808
0.055783
0.055759
0.055759
0.055783
0.055808
0.055783
0.055759
0.055759
0.055808
0.055808
0.055783
0.055734
0.055759
0.055783
0.055783
0.055759
0.055734
0.055734
0.055759
0.055783
0.055759
0.055709
0.055709
0.055734
0.055734
0.055709
0.055685
0.055685
0.055709
0.055734
0.055709
0.055685
0.055685
0.05566
0.05566
0.05566
0.055685
0.055636
0.055611
0.05566
0.055734
0.055709
0.055636
0.055562
0.055562
0.055611
0.055586
0.055512
0.055463
0.055439
0.055488
0.055488
0.055463
0.055439
0.055463
0.055512
0.055537
0.055537
0.055537
0.055562
0.055636
0.055709
0.055734
0.055734
0.055759
0.055808
0.055833
0.055833
0.055808
0.055808
0.055833
0.055857
0.055833
0.055857
0.055857
0.055808
0.055808
0.055857
0.055882
0.055857
0.055833
0.055857
0.055882
0.055906
0.055906
0.055906
0.055906
0.055956
0.056005
0.056029
0.056029
0.056029
0.056103
0.056153
0.056153
0.056153
0.056153
0.056177
0.056202
0.056202
0.056153
0.056128
0.056128
0.056153
0.056128
0.056079
0.056054
0.056079
0.056054
0.056005
0.055956
0.055931
0.055931
0.055808
0.055833
0.055833
0.055783
0.055759
0.055734
0.055759
0.055759
0.055734
0.055709
0.055685
0.055709
0.055734
0.055734
0.055709
0.055709
0.055734
0.055759
0.055734
0.055709
0.055709
0.055734
0.055783
0.055759
0.055734
0.055734
0.055759
0.055783
0.055783
0.055759
0.055759
0.055783
0.055833
0.055808
0.055783
0.055783
0.055808
0.055833
0.055833
0.055783
0.055833
0.055833
0.055808
0.055857
0.055882
0.055882
0.055833
0.055833
0.055857
0.055882
0.055882
0.055857
0.055833
0.055857
0.055906
0.055906
0.055857
0.055857
0.055882
0.055931
0.055931
0.055906
0.055882
0.055906
0.055906
0.055906
0.055882
0.055857
0.055857
0.055882
0.055882
0.055833
0.055808
0.055833
0.055857
0.055833
0.055808
0.055783
0.055808
0.055833
0.055783
0.055808
0.055808
0.055759
0.055734
0.055759
0.055783
0.055783
0.055759
0.055759
0.055783
0.055808
0.055808
0.055783
0.055759
0.055783
0.055833
0.055833
0.055808
0.055783
0.055833
0.055882
0.055906
0.055882
0.055906
0.055906
0.055956
0.055956
0.055956
0.055956
0.056005
0.056054
0.056103
0.056128
0.056128
0.056177
0.056226
0.056226
0.056226
0.056226
0.056423
0.056497
0.056645
0.056719
0.056768
0.056842
0.056916
0.05699
0.057014
0.05699
0.056965
0.05699
0.057014
0.05699
0.056965
0.056965
0.05699
0.057014
0.057039
0.057039
0.057063
0.057088
0.057113
0.057063
0.057014
0.056965
0.05694
0.05694
0.056916
0.056866
0.056842
0.056866
0.056916
0.05694
0.056891
0.056842
0.056842
0.056866
0.056866
0.056842
0.056866
0.056817
0.056768
0.056743
0.056768
0.056743
0.056694
0.05667
0.05667
0.05667
0.05667
0.056645
0.056645
0.05667
0.056743
0.056793
0.056793
0.056817
0.056842
0.056866
0.056842
0.056768
0.056694
0.05667
0.056645
0.056596
0.056522
0.056423
0.056374
0.056374
0.056325
0.056251
0.056202
0.056177
0.056202
0.056177
0.056128
0.056079
0.056079
0.056054
0.055857
0.055857
0.055833
0.055808
0.055759
0.055783
0.055808
0.055857
0.055857
0.055857
0.055931
0.056029
0.056153
0.056251
0.056349
0.056473
0.05662
0.056743
0.056793
0.056842
0.056891
0.05694
0.05694
0.056891
0.056817
0.056743
0.056694
0.056645
0.056546
0.056448
0.056374
0.056349
0.056276
0.056202
0.056128
0.056103
0.056079
0.056054
0.056005
0.055931
0.055759
0.055734
0.055709
0.055685
0.055636
0.055562
0.055537
0.055537
0.055488
0.055439
0.055365
0.05534
0.05534
0.055316
0.055266
0.055217
0.055217
0.055242
0.055242
0.055192
0.055168
0.055168
0.055168
0.055192
0.055168
0.055143
0.055143
0.055168
0.055168
0.055143
0.055119
0.055119
0.055168
0.055168
0.055168
0.055143
0.055168
0.055217
0.055266
0.055266
0.055389
0.055365
0.055365
0.055365
0.055389
0.055414
0.055414
0.055389
0.055389
0.055414
0.055414
0.055389
0.055365
0.055365
0.055389
0.055389
0.055365
0.05534
0.05534
0.05534
0.05534
0.055316
0.055266
0.055242
0.055266
0.055242
0.055192
0.055119
0.055094
0.055094
0.055069
0.055069
0.055069
0.05502
0.054946
0.054897
0.054872
0.054848
0.054799
0.054749
0.054651
0.054676
0.0547
0.0547
0.0547
0.054725
0.054799
0.054872
0.054946
0.05502
0.055119
0.055242
0.055365
0.055414
0.055463
0.055463
0.055488
0.055488
0.055463
0.055414
0.055389
0.055389
0.055389
0.055365
0.055316
0.055291
0.055316
0.055316
0.055291
0.055242
0.055217
0.055242
0.055242
0.055217
0.055192
0.055192
0.055217
0.055242
0.055242
0.055217
0.055316
0.055365
0.055463
0.055586
0.055734
0.055931
0.056202
0.056473
0.05667
0.056793
0.056842
0.056891
0.056965
0.057014
0.057014
0.057014
0.057014
0.057039
0.057063
0.057063
0.057014
0.057014
0.057039
0.057063
0.057039
0.056965
0.056891
0.056842
0.056817
0.056768
0.05667
0.05662
0.056596
0.056546
0.056473
0.056349
0.056276
0.056276
0.056251
0.056202
0.05598
0.055931
0.055906
0.055906
0.055906
0.055882
0.055833
0.055783
0.055783
0.055783
0.055734
0.05566
0.055611
0.055586
0.055562
0.055512
0.055439
0.055414
0.055414
0.055414
0.055389
0.055365
0.055365
0.055389
0.055439
0.055488
0.055512
0.055586
0.055734
0.055906
0.056054
0.056177
0.056251
0.056325
0.056399
0.056423
0.056423
0.056448
0.056473
0.056522
0.056399
0.056374
0.056325
0.056251
0.056202
0.056177
0.056153
0.056103
0.056029
0.05598
0.05598
0.05598
0.055956
0.055906
0.055857
0.055857
0.055833
0.055808
0.055759
0.055734
0.055734
0.055759
0.055759
0.055734
0.055734
0.055734
0.055759
0.055759
0.055734
0.055709
0.055759
0.055808
0.055833
0.055833
0.055857
0.055882
0.055931
0.055931
0.055931
0.055906
0.055931
0.055882
0.055857
0.055857
0.055857
0.055808
0.055783
0.055783
0.055808
0.055783
0.055734
0.055709
0.055734
0.055759
0.055734
0.055685
0.055636
0.055611
0.055586
0.055562
0.055512
0.055488
0.055488
0.055439
0.05534
0.055242
0.055192
0.055168
0.055094
0.054996
0.054897
0.054823
0.054799
0.054799
0.054749
0.054676
0.054602
0.054602
0.054602
0.054577
0.0547
0.054725
0.054725
0.054749
0.054774
0.054774
0.054749
0.0547
0.0547
0.0547
0.054676
0.054651
0.054626
0.054626
0.054651
0.054626
0.054602
0.054577
0.054577
0.054602
0.054602
0.054552
0.054528
0.054528
0.054552
0.054552
0.054503
0.054479
0.054503
0.054528
0.054528
0.054503
0.054503
0.054528
0.054552
0.054577
0.054602
0.054602
0.054676
0.054749
0.055119
0.055217
0.055316
0.055414
0.055488
0.055586
0.055636
0.055636
0.055586
0.055562
0.055537
0.055463
0.055365
0.055266
0.055217
0.055168
0.055119
0.05502
0.054946
0.054897
0.054872
0.054823
0.054774
0.0547
0.054676
0.054676
0.054651
0.054602
0.054552
0.054552
0.054552
0.054552
0.054528
0.054479
0.054479
0.054479
0.054479
0.054454
0.054429
0.054429
0.05438
0.05438
0.05438
0.05438
0.054355
0.054331
0.054331
0.054331
0.054355
0.054331
0.054306
0.054282
0.054306
0.054306
0.054306
0.054282
0.054282
0.054306
0.054306
0.054282
0.054282
0.054282
0.054306
0.054306
0.054282
0.054257
0.054257
0.054282
0.054282
0.054282
0.054232
0.054232
0.054257
0.054257
0.054232
0.054208
0.054208
0.054232
0.054232
0.054208
0.054208
0.054183
0.054159
0.054159
0.054159
0.054183
0.054159
0.054134
0.054134
0.054159
0.054159
0.054159
0.054109
0.054109
0.054134
0.054159
0.054134
0.054109
0.054109
0.054134
0.054159
0.054134
0.054109
0.054109
0.054134
0.054159
0.054134
0.054109
0.054109
0.054134
0.054159
0.054159
0.054134
0.054109
0.054134
0.054159
0.054134
0.054109
0.054109
0.054134
0.054109
0.054134
0.054134
0.054134
0.054109
0.054109
0.054109
0.054109
0.054085
0.054035
0.054035
0.054035
0.054085
0.054109
0.05406
0.053986
0.053937
0.053937
0.053937
0.053839
0.053765
0.05374
0.053715
0.053715
0.053666
0.053642
0.053642
0.053642
0.053642
0.053617
0.053617
0.053666
0.05374
0.053789
0.053839
0.053888
0.053937
0.054011
0.054035
0.054035
0.054134
0.054109
0.054109
0.054134
0.054159
0.054159
0.054134
0.054159
0.054183
0.054208
0.054208
0.054208
0.054208
0.054257
0.054282
0.054306
0.054282
0.054306
0.054331
0.054355
0.054355
0.054355
0.054355
0.05438
0.054405
0.054405
0.054405
0.054405
0.054429
0.054454
0.054454
0.054429
0.054429
0.054479
0.054503
0.054503
0.054479
0.054503
0.054528
0.054552
0.054626
0.054626
0.054626
0.054602
0.054577
0.054577
0.054577
0.054552
0.054528
0.054503
0.054479
0.054479
0.054454
0.054429
0.054405
0.054405
0.054405
0.054405
0.05438
0.054355
0.054355
0.054355
0.054355
0.054331
0.054306
0.054331
0.054331
0.054331
0.054306
0.054306
0.054306
0.054331
0.054331
0.054331
0.054331
0.054355
0.054405
0.054429
0.054429
0.054454
0.054577
0.054602
0.054626
0.054626
0.054626
0.054626
0.054651
0.0547
0.054725
0.054725
0.054749
0.054823
0.054872
0.054897
0.054897
0.054946
0.054996
0.05502
0.055045
0.055045
0.05502
0.055045
0.055069
0.055045
0.055045
0.05502
0.05502
0.055045
0.055045
0.05502
0.054996
0.054996
0.054996
0.054971
0.054946
0.054922
0.054946
0.054946
0.054971
0.054946
0.055045
0.055045
0.055045
0.055094
0.055119
0.055143
0.055168
0.055192
0.055242
0.055316
0.055365
0.055389
0.055439
0.055488
0.055562
0.055562
0.055537
0.055512
0.055488
0.055488
0.055439
0.055365
0.055291
0.055266
0.055242
0.055192
0.055119
0.055045
0.05502
0.054996
0.054971
0.054922
0.054897
0.054897
0.054897
0.054872
0.054848
0.054823
0.054823
0.054848
0.054848
0.054897
0.054897
0.054872
0.054872
0.054872
0.054872
0.054897
0.054897
0.054848
0.054774
0.054725
0.0547
0.054676
0.054602
0.054528
0.054479
0.054454
0.054429
0.054405
0.054429
0.054503
0.054552
0.054626
0.0547
0.054823
0.054971
0.055119
0.055266
0.055439
0.055611
0.055783
0.055931
0.056029
0.056128
0.056177
0.056226
0.056226
0.056202
0.056177
0.056226
0.056177
0.056128
0.056079
0.05598
0.055857
0.055759
0.055685
0.055562
0.055463
0.05534
0.055266
0.055217
0.055143
0.055069
0.054996
0.054946
0.054922
0.054897
0.054823
0.054774
0.054749
0.054749
0.054725
0.054676
0.054626
0.054602
0.054602
0.054577
0.054528
0.054503
0.054479
0.054479
0.054479
0.054429
0.05438
0.05438
0.05438
0.054355
0.054331
0.054282
0.054257
0.054232
0.054208
0.054232
0.054232
0.054208
0.054183
0.054183
0.054208
0.054208
0.054183
0.054159
0.054159
0.054183
0.054183
0.054183
0.054159
0.054159
0.054183
0.054208
0.054183
0.054159
0.054159
0.054183
0.054208
0.054183
0.054159
0.054159
0.054183
0.054183
0.054159
0.054134
0.054134
0.054159
0.054159
0.054134
0.054109
0.054109
0.054134
0.054085
0.054109
0.054109
0.054085
0.05406
0.054085
0.054109
0.054109
0.054085
0.05406
0.05406
0.054085
0.054085
0.054085
0.05406
0.05406
0.054085
0.054085
0.05406
0.054035
0.054035
0.05406
0.054085
0.05406
0.054035
0.054035
0.05406
0.05406
0.054035
0.054011
0.054011
0.054035
0.05406
0.054035
0.054011
0.054011
0.054035
0.054035
0.054035
0.054011
0.054035
0.053986
0.053986
0.054011
0.054035
0.054011
0.053986
0.053986
0.054011
0.054035
0.054011
0.054011
0.054011
0.054035
0.05406
0.05406
0.054011
0.054011
0.05406
0.05406
0.054035
0.054011
0.054011
0.05406
0.054085
0.054085
0.05406
0.05406
0.054109
0.054159
0.054159
0.054159
0.054183
0.054232
0.054257
0.054282
0.054282
0.054306
0.054331
0.05438
0.054355
0.054355
0.05438
0.054405
0.054405
0.05438
0.054355
0.05438
0.054405
0.05438
0.054331
0.054306
0.054282
0.054257
0.054257
0.054282
0.054306
0.054331
0.054331
0.054405
0.054503
0.054577
0.054626
0.054676
0.054725
0.054799
0.054872
0.054872
0.054848
0.054823
0.054848
0.054848
0.054823
0.054774
0.054749
0.054774
0.054799
0.054799
0.054749
0.054774
0.054799
0.054799
0.054848
0.054872
0.054872
0.054872
0.054872
0.054946
0.055045
0.055143
0.055266
0.055414
0.055586
0.055759
0.055857
0.055931
0.056029
0.056153
0.056251
0.056276
0.056276
0.0563
0.056349
0.056374
0.056349
0.0563
0.056251
0.056251
0.056226
0.056153
0.056079
0.056005
0.055931
0.055882
0.055783
0.05566
0.055562
0.055488
0.055439
0.055365
0.055069
0.054996
0.054897
0.054823
0.054774
0.054749
0.0547
0.054626
0.054577
0.054577
0.054577
0.054528
0.054503
0.054454
0.054454
0.054479
0.054454
0.054405
0.05438
0.054405
0.054429
0.054405
0.05438
0.054355
0.05438
0.054405
0.05438
0.054331
0.054306
0.054331
0.054331
0.054331
0.054282
0.054257
0.054282
0.054282
0.054282
0.054232
0.054232
0.054257
0.054232
0.054257
0.054282
0.054282
0.054257
0.054232
0.054232
0.054257
0.054232
0.054183
0.054159
0.054183
0.054183
0.054159
0.054134
0.054109
0.054109
0.054134
0.054134
0.054085
0.05406
0.054085
0.054085
0.054085
0.05406
0.054035
0.054035
0.05406
0.05406
0.054035
0.054011
0.054035
0.05406
0.054035
0.054011
0.053986
0.054011
0.054035
0.054035
0.053986
0.054035
0.054011
0.053986
0.054011
0.05406
0.05406
0.05406
0.05406
0.054109
0.054159
0.054183
0.054183
0.054208
0.054257
0.054331
0.05438
0.054405
0.054454
0.054528
0.054626
0.0547
0.0547
0.0547
0.054749
0.054774
0.054774
0.054749
0.054725
0.054725
0.054749
0.054725
0.054725
0.054725
0.054749
0.054774
0.054774
0.054725
0.054676
0.054676
0.054676
0.054528
0.054454
0.05438
0.054331
0.054306
0.054232
0.054159
0.054085
0.054035
0.054011
0.054011
0.053986
0.053962
0.053937
0.053962
0.054011
0.05406
0.054109
0.054159
0.054282
0.054405
0.054503
0.054577
0.054651
0.054749
0.054823
0.054897
0.054922
0.054946
0.055045
0.055168
0.055266
0.05534
0.055463
0.055586
0.055734
0.055808
0.055857
0.055906
0.055956
0.05598
0.05598
0.056005
0.05598
0.055931
0.055882
0.055882
0.055931
0.055931
0.055882
0.055833
0.055783
0.055783
0.055759
0.055709
0.05566
0.05566
0.05566
0.055636
0.055586
0.055537
0.055512
0.055488
0.055463
0.055414
0.05534
0.055316
0.055316
0.055266
0.055192
0.055119
0.055094
0.055069
0.05502
0.054946
0.054848
0.054799
0.054774
0.054749
0.054676
0.054552
0.054503
0.054479
0.054454
0.054479
0.054503
0.054479
0.054479
0.054503
0.054528
0.054552
0.054528
0.054503
0.054503
0.054503
0.054503
0.054454
0.054405
0.05438
0.05438
0.054355
0.054306
0.054257
0.054232
0.054232
0.054208
0.054159
0.054109
0.054085
0.054085
0.054085
0.05406
0.054035
0.054011
0.054035
0.054035
0.054011
0.053986
0.053986
0.054011
0.053962
0.054011
0.054011
0.053986
0.053962
0.053962
0.054011
0.054035
0.054011
0.053986
0.053986
0.054011
0.054035
0.054011
0.053986
0.053986
0.054011
0.054035
0.054035
0.054011
0.054011
0.054035
0.05406
0.05406
0.05406
0.054085
0.054159
0.054208
0.054232
0.054232
0.054282
0.054355
0.054405
0.054454
0.054454
0.054503
0.054552
0.054602
0.054602
0.054602
0.054626
0.054602
0.054602
0.054602
0.054626
0.054577
0.054552
0.054528
0.054528
0.054528
0.054528
0.054479
0.054503
0.054552
0.054651
0.054725
0.054774
0.054848
0.054897
0.054922
0.054922
0.054897
0.054897
0.054922
0.054946
0.054922
0.054897
0.054872
0.054897
0.054946
0.054946
0.054946
0.054946
0.054971
0.054996
0.054946
0.054897
0.054848
0.054848
0.054872
0.054626
0.054676
0.054626
0.054528
0.054479
0.054503
0.054503
0.054503
0.054479
0.054479
0.054552
0.054626
0.054676
0.0547
0.054749
0.054848
0.054922
0.054971
0.054971
0.054996
0.05502
0.055045
0.05502
0.054971
0.054897
0.054872
0.054872
0.054823
0.054799
0.054799
0.054848
0.054922
0.054971
0.054996
0.055045
0.055119
0.055192
0.055217
0.055192
0.055192
0.055168
0.055168
0.055192
0.055217
0.055217
0.055192
0.055192
0.055242
0.055266
0.055266
0.055242
0.055242
0.055291
0.055316
0.055316
0.055316
0.055316
0.05534
0.055389
0.055365
0.05534
0.055291
0.055291
0.055266
0.055192
0.055094
0.054996
0.054946
0.054897
0.054799
0.054676
0.054577
0.054503
0.054454
0.05438
0.054282
0.054208
0.054183
0.054159
0.054109
0.053986
0.053962
0.053912
0.053888
0.053912
0.053912
0.053888
0.053863
0.053839
0.053839
0.053863
0.053839
0.053814
0.053789
0.053789
0.053814
0.053789
0.053765
0.05374
0.053765
0.053765
0.053765
0.05374
0.053715
0.05374
0.05374
0.05374
0.053715
0.053691
0.053691
0.05374
0.053715
0.053691
0.053691
0.053715
0.05374
0.05374
0.05374
0.05374
0.053765
0.053814
0.053839
0.053888
0.053912
0.053888
0.053912
0.053937
0.053962
0.053986
0.053962
0.053937
0.053962
0.054011
0.054011
0.053962
0.053962
0.053962
0.053986
0.053986
0.053937
0.053912
0.053937
0.053962
0.053937
0.053912
0.053888
0.053888
0.053912
0.053912
0.053888
0.053863
0.053863
0.053888
0.053888
0.053863
0.053863
0.053888
0.053912
0.053912
0.053888
0.053912
0.053888
0.053863
0.053888
0.053912
0.053937
0.053912
0.053912
0.053912
0.053962
0.053962
0.053937
0.053937
0.053962
0.054035
0.05406
0.054085
0.054085
0.054134
0.054183
0.054208
0.054183
0.054183
0.054183
0.054208
0.054183
0.054159
0.054134
0.054134
0.054159
0.054159
0.054134
0.054085
0.054085
0.054085
0.05406
0.054011
0.053986
0.054011
0.054011
0.053789
0.053789
0.053715
0.053642
0.053592
0.053568
0.053592
0.053592
0.053568
0.053568
0.053592
0.053642
0.053691
0.053715
0.053765
0.053863
0.053962
0.054035
0.054085
0.054109
0.054159
0.054232
0.054257
0.054232
0.054208
0.054208
0.054232
0.054232
0.054208
0.054208
0.054232
0.054306
0.054355
0.054355
0.05438
0.054454
0.054503
0.054552
0.054552
0.054528
