2018
7
5
9
36
52.912
-0.015312
-0.015583
-0.015164
-0.014647
-0.014697
-0.015263
-0.015534
-0.015164
-0.014623
-0.014672
-0.015238
-0.015558
-0.015189
-0.014647
-0.014697
-0.015263
-0.015583
-0.015214
-0.014672
-0.014721
-0.015263
-0.015534
-0.015164
-0.014647
-0.014697
-0.015238
-0.015558
-0.015189
-0.014672
-0.014697
-0.015238
-0.015558
-0.015189
-0.014647
-0.014672
-0.015189
-0.015534
-0.015214
-0.014697
-0.014721
-0.014697
-0.014721
-0.015263
-0.015558
-0.015214
-0.014647
-0.014672
-0.015214
-0.015534
-0.015164
-0.014623
-0.014623
-0.015189
-0.015558
-0.015238
-0.014672
-0.014647
-0.015189
-0.015509
-0.01514
-0.014574
-0.014549
-0.015066
-0.015411
-0.015115
-0.014598
-0.014598
-0.01514
-0.01546
-0.01514
-0.014623
-0.014598
-0.01514
-0.015509
-0.015214
-0.014672
-0.014647
-0.015164
-0.015509
-0.015214
-0.015534
-0.015263
-0.014721
-0.014672
-0.015214
-0.015534
-0.015238
-0.014721
-0.014672
-0.015189
-0.015558
-0.015287
-0.014746
-0.014697
-0.015214
-0.015583
-0.015287
-0.014746
-0.014697
-0.015238
-0.015632
-0.015337
-0.014795
-0.014721
-0.015238
-0.015632
-0.015386
-0.014844
-0.014771
-0.015287
-0.015681
-0.015411
-0.014844
-0.014771
-0.015287
-0.015681
-0.015386
-0.014844
-0.014771
-0.015263
-0.015263
-0.015681
-0.015411
-0.014844
-0.014771
-0.015263
-0.015657
-0.015411
-0.014844
-0.014771
-0.015263
-0.015681
-0.015435
-0.014869
-0.014795
-0.015287
-0.015681
-0.015435
-0.014894
-0.014795
-0.015287
-0.015706
-0.01546
-0.014894
-0.014795
-0.015312
-0.015731
-0.015509
-0.014967
-0.014844
-0.015312
-0.015731
-0.015509
-0.014943
-0.014844
-0.015312
-0.015731
-0.015534
-0.014992
-0.014869
-0.015017
-0.014918
-0.015386
-0.015804
-0.015632
-0.015091
-0.014943
-0.015411
-0.015829
-0.015632
-0.015066
-0.014943
-0.015411
-0.015854
-0.015657
-0.015115
-0.014967
-0.015435
-0.015903
-0.015681
-0.015115
-0.014967
-0.015435
-0.015878
-0.015706
-0.01514
-0.014967
-0.015411
-0.015854
-0.015681
-0.015115
-0.014967
-0.015411
-0.015854
-0.015681
-0.015115
-0.014967
-0.015411
-0.015878
-0.015706
-0.015878
-0.015706
-0.01514
-0.014967
-0.015411
-0.015854
-0.015706
-0.015164
-0.014992
-0.015411
-0.015878
-0.015731
-0.015214
-0.015017
-0.015411
-0.015829
-0.015706
-0.015164
-0.014967
-0.015386
-0.015829
-0.015681
-0.015115
-0.014943
-0.015386
-0.015878
-0.015731
-0.015189
-0.014992
-0.015411
-0.015878
-0.015755
-0.015214
-0.014992
-0.015411
-0.015878
-0.015755
-0.015214
-0.015017
-0.015411
-0.015017
-0.015411
-0.015878
-0.015755
-0.015214
-0.014992
-0.015411
-0.015903
-0.015829
-0.015312
-0.015066
-0.01546
-0.015952
-0.015878
-0.015312
-0.015041
-0.015411
-0.015854
-0.01578
-0.015238
-0.015017
-0.015386
-0.015854
-0.015755
-0.015214
-0.014992
-0.015386
-0.015878
-0.01578
-0.015214
-0.014967
-0.015337
-0.015804
-0.015706
-0.01514
-0.014894
-0.015312
-0.015829
-0.01578
-0.015263
-0.015804
-0.015287
-0.015017
-0.015411
-0.015903
-0.015829
-0.015287
-0.015017
-0.015386
-0.015903
-0.015854
-0.015337
-0.015066
-0.015435
-0.015928
-0.015878
-0.015312
-0.015066
-0.015435
-0.015952
-0.015903
-0.015411
-0.01514
-0.015484
-0.016001
-0.015977
-0.01546
-0.015164
-0.015509
-0.016026
-0.016001
-0.01546
-0.015164
-0.015534
-0.016026
-0.016001
-0.015484
-0.015214
-0.015558
-0.016051
-0.015534
-0.016075
-0.016051
-0.015484
-0.015189
-0.015534
-0.016051
-0.016026
-0.015509
-0.015189
-0.015534
-0.016051
-0.016051
-0.015509
-0.015189
-0.015509
-0.016026
-0.016026
-0.015509
-0.015189
-0.015509
-0.016026
-0.016026
-0.015509
-0.015189
-0.015509
-0.016051
-0.016051
-0.015509
-0.015189
-0.015509
-0.016026
-0.016026
-0.015509
-0.015164
-0.015484
-0.016001
-0.016026
-0.015534
-0.015214
-0.015558
-0.015214
-0.015484
-0.016001
-0.016026
-0.015534
-0.015189
-0.015484
-0.016001
-0.016026
-0.015558
-0.015214
-0.015484
-0.015977
-0.016026
-0.015534
-0.015164
-0.015435
-0.015977
-0.016026
-0.015534
-0.015189
-0.015435
-0.015952
-0.016001
-0.015484
-0.01514
-0.015411
-0.015928
-0.015977
-0.015509
-0.015164
-0.015435
-0.015952
-0.016001
-0.015534
-0.015164
-0.015435
-0.015952
-0.016026
-0.015952
-0.016026
-0.015534
-0.01514
-0.015411
-0.015928
-0.016026
-0.015534
-0.015164
-0.015411
-0.015928
-0.016001
-0.015534
-0.015164
-0.015411
-0.015928
-0.016001
-0.015534
-0.015164
-0.015411
-0.015928
-0.016026
-0.015558
-0.015189
-0.015411
-0.015928
-0.016026
-0.015534
-0.01514
-0.015386
-0.015928
-0.016026
-0.015558
-0.015164
-0.015386
-0.015903
-0.016001
-0.015558
-0.015164
-0.015386
-0.015164
-0.015411
-0.015928
-0.016051
-0.015608
-0.015238
-0.015435
-0.015952
-0.016075
-0.015632
-0.015238
-0.015411
-0.015928
-0.016075
-0.015632
-0.015238
-0.015411
-0.015952
-0.016075
-0.015632
-0.015238
-0.01546
-0.016001
-0.016174
-0.015731
-0.015312
-0.015484
-0.016026
-0.016174
-0.015731
-0.015287
-0.015435
-0.015977
-0.016149
-0.015706
-0.015287
-0.015435
-0.015977
-0.016124
-0.015706
-0.016124
-0.015681
-0.015263
-0.015411
-0.015903
-0.016051
-0.015608
-0.015214
-0.015386
-0.015928
-0.0161
-0.015681
-0.015287
-0.01546
-0.015977
-0.016149
-0.015706
-0.015287
-0.015435
-0.015952
-0.016149
-0.015706
-0.015263
-0.015435
-0.015977
-0.016149
-0.015731
-0.015287
-0.015411
-0.015952
-0.016149
-0.015731
-0.015287
-0.015435
-0.015977
-0.016174
-0.015755
-0.015312
-0.01546
-0.016026
-0.015534
-0.016075
-0.016272
-0.015854
-0.015386
-0.015509
-0.016051
-0.016272
-0.015854
-0.015386
-0.015509
-0.016026
-0.016248
-0.015878
-0.015411
-0.015534
-0.016051
-0.016272
-0.015878
-0.015435
-0.015534
-0.016051
-0.016272
-0.015878
-0.015435
-0.015534
-0.016075
-0.016272
-0.015878
-0.015435
-0.015534
-0.016051
-0.016297
-0.015903
-0.015411
-0.015509
-0.016051
-0.016297
-0.015903
-0.01546
-0.015928
-0.015484
-0.015534
-0.016051
-0.016297
-0.015928
-0.01546
-0.015534
-0.016051
-0.016297
-0.015952
-0.01546
-0.015534
-0.016026
-0.016297
-0.015928
-0.01546
-0.015534
-0.016051
-0.016321
-0.015977
-0.015484
-0.015558
-0.016075
-0.016346
-0.016001
-0.015534
-0.015608
-0.016124
-0.016371
-0.016026
-0.015558
-0.015608
-0.016124
-0.016395
-0.016051
-0.015558
-0.015583
-0.0161
-0.016371
-0.0161
-0.016395
-0.016051
-0.015583
-0.015632
-0.016124
-0.016395
-0.016051
-0.015558
-0.015608
-0.016124
-0.016395
-0.016075
-0.015583
-0.015608
-0.016124
-0.01642
-0.0161
-0.015583
-0.015583
-0.0161
-0.016371
-0.016051
-0.015558
-0.015608
-0.016124
-0.016395
-0.0161
-0.015583
-0.015583
-0.0161
-0.016395
-0.0161
-0.015583
-0.015608
-0.016124
-0.01642
-0.016124
-0.015632
-0.015632
-0.015632
-0.015583
-0.0161
-0.016395
-0.0161
-0.015608
-0.015583
-0.016075
-0.016395
-0.0161
-0.015608
-0.015608
-0.0161
-0.01642
-0.016124
-0.015608
-0.015583
-0.0161
-0.016445
-0.016149
-0.015657
-0.015657
-0.016149
-0.016469
-0.016198
-0.015706
-0.015657
-0.016149
-0.016494
-0.016223
-0.015706
-0.015657
-0.016124
-0.016494
-0.016223
-0.015706
-0.015657
-0.016149
-0.016518
-0.016272
-0.016617
-0.016371
-0.015854
-0.015755
-0.016223
-0.016568
-0.016321
-0.015829
-0.01578
-0.016248
-0.016592
-0.016346
-0.015804
-0.01578
-0.016248
-0.016617
-0.016346
-0.015829
-0.015731
-0.016223
-0.016568
-0.016297
-0.01578
-0.015706
-0.016198
-0.016568
-0.016371
-0.015854
-0.01578
-0.016248
-0.016641
-0.016395
-0.015878
-0.015804
-0.016248
-0.016641
-0.016395
-0.015878
-0.015804
-0.016248
-0.015804
-0.016272
-0.016666
-0.01642
-0.015928
-0.015829
-0.016297
-0.016666
-0.016469
-0.015952
-0.015854
-0.016321
-0.016715
-0.016518
-0.016001
-0.015903
-0.016371
-0.016765
-0.016543
-0.016026
-0.015928
-0.016371
-0.016765
-0.016592
-0.016051
-0.015952
-0.016395
-0.016814
-0.016617
-0.0161
-0.015977
-0.01642
-0.016814
-0.016641
-0.0161
-0.016001
-0.016445
-0.016838
-0.016641
-0.016124
-0.016641
-0.016124
-0.016001
-0.01642
-0.016838
-0.016641
-0.016124
-0.016001
-0.016445
-0.016863
-0.016691
-0.016174
-0.016026
-0.016445
-0.016863
-0.016691
-0.016174
-0.016001
-0.016445
-0.016863
-0.016691
-0.016174
-0.016026
-0.016445
-0.016863
-0.016715
-0.016198
-0.016026
-0.016445
-0.016863
-0.016715
-0.016198
-0.016026
-0.016445
-0.016863
-0.016691
-0.016174
-0.016026
-0.016445
-0.016863
-0.016445
-0.016863
-0.016715
-0.016198
-0.016026
-0.01642
-0.016863
-0.016715
-0.016198
-0.016051
-0.016445
-0.016888
-0.01674
-0.016223
-0.016051
-0.016445
-0.016863
-0.01674
-0.016223
-0.016051
-0.01642
-0.016863
-0.01674
-0.016248
-0.016051
-0.016445
-0.016888
-0.016765
-0.016248
-0.016051
-0.016445
-0.016888
-0.016765
-0.016248
-0.016051
-0.016445
-0.016888
-0.016789
-0.016272
-0.016075
-0.016297
-0.016075
-0.016445
-0.016888
-0.016814
-0.016297
-0.016075
-0.016445
-0.016912
-0.016814
-0.016321
-0.0161
-0.016469
-0.016912
-0.016838
-0.016321
-0.0161
-0.016469
-0.016912
-0.016838
-0.016321
-0.0161
-0.016445
-0.016912
-0.016838
-0.016321
-0.0161
-0.016469
-0.016937
-0.016838
-0.016346
-0.0161
-0.016469
-0.016937
-0.016863
-0.016346
-0.016124
-0.016494
-0.016961
-0.016888
-0.016961
-0.016912
-0.016395
-0.016149
-0.016494
-0.016961
-0.016912
-0.01642
-0.016174
-0.016518
-0.016986
-0.016937
-0.016445
-0.016174
-0.016494
-0.016986
-0.016961
-0.016494
-0.016248
-0.016592
-0.01706
-0.017035
-0.016543
-0.016272
-0.016568
-0.017035
-0.016961
-0.016469
-0.016198
-0.016543
-0.017011
-0.016986
-0.016494
-0.016198
-0.016543
-0.017035
-0.017011
-0.016518
-0.016223
-0.016518
-0.016174
-0.016494
-0.016986
-0.017011
-0.016543
-0.016248
-0.016568
-0.01706
-0.01706
-0.016568
-0.016297
-0.016592
-0.017085
-0.017085
-0.016617
-0.016321
-0.016617
-0.017109
-0.017109
-0.016617
-0.016346
-0.016641
-0.017109
-0.017109
-0.016641
-0.016346
-0.016617
-0.017109
-0.017134
-0.016666
-0.016346
-0.016617
-0.017109
-0.017134
-0.016641
-0.016346
-0.016641
-0.017109
-0.017134
-0.016666
-0.016691
-0.016371
-0.016641
-0.017134
-0.017158
-0.016691
-0.016371
-0.016641
-0.017109
-0.017134
-0.016666
-0.016346
-0.016617
-0.017109
-0.017134
-0.016691
-0.016346
-0.016617
-0.017109
-0.017134
-0.016691
-0.016346
-0.016592
-0.017085
-0.017134
-0.016666
-0.016346
-0.016592
-0.017085
-0.017134
-0.016691
-0.016346
-0.016592
-0.017085
-0.017158
-0.016691
-0.016371
-0.016592
-0.017085
-0.017158
-0.017085
-0.017158
-0.016691
-0.016346
-0.016568
-0.01706
-0.017134
-0.016691
-0.016321
-0.016568
-0.01706
-0.017134
-0.016691
-0.016346
-0.016543
-0.01706
-0.017134
-0.016691
-0.016321
-0.016543
-0.017035
-0.017109
-0.016666
-0.016321
-0.016518
-0.017011
-0.017109
-0.016666
-0.016297
-0.016494
-0.016986
-0.017085
-0.016641
-0.016272
-0.016494
-0.016986
-0.01706
-0.016641
-0.016272
-0.016469
-0.016297
-0.016494
-0.016986
-0.017085
-0.016666
-0.016272
-0.016469
-0.016961
-0.017085
-0.016641
-0.016272
-0.016469
-0.016961
-0.017085
-0.016666
-0.016272
-0.016445
-0.016961
-0.017085
-0.016666
-0.016272
-0.016469
-0.016961
-0.017085
-0.016666
-0.016297
-0.016445
-0.016961
-0.017109
-0.016691
-0.016297
-0.016469
-0.016961
-0.017109
-0.016715
-0.016321
-0.016469
-0.016961
-0.017109
-0.016691
-0.017085
-0.016691
-0.016297
-0.01642
-0.016912
-0.01706
-0.016641
-0.016248
-0.01642
-0.016912
-0.01706
-0.016641
-0.016248
-0.016371
-0.016888
-0.01706
-0.016666
-0.016272
-0.01642
-0.016912
-0.017085
-0.016691
-0.016272
-0.01642
-0.016912
-0.01706
-0.016691
-0.016272
-0.016395
-0.016888
-0.01706
-0.016691
-0.016272
-0.016395
-0.016888
-0.017085
-0.016691
-0.016272
-0.016395
-0.016888
-0.016445
-0.016937
-0.017134
-0.016765
-0.016371
-0.016445
-0.016912
-0.017085
-0.016691
-0.016272
-0.016371
-0.016863
-0.017035
-0.016666
-0.016248
-0.016346
-0.016838
-0.017035
-0.016691
-0.016248
-0.016321
-0.016814
-0.017011
-0.016617
-0.016149
-0.016248
-0.01674
-0.016986
-0.016641
-0.016223
-0.016346
-0.016838
-0.01706
-0.016691
-0.016272
-0.016346
-0.016838
-0.017035
-0.016691
-0.016248
-0.016691
-0.016248
-0.016346
-0.016814
-0.01706
-0.016715
-0.016272
-0.016346
-0.016838
-0.017085
-0.016765
-0.016321
-0.016395
-0.016888
-0.017134
-0.016789
-0.016346
-0.01642
-0.016912
-0.017158
-0.016814
-0.016371
-0.016445
-0.016912
-0.017158
-0.016814
-0.016371
-0.01642
-0.016912
-0.017134
-0.016814
-0.016371
-0.01642
-0.016888
-0.017109
-0.016789
-0.016321
-0.016371
-0.016838
-0.017085
-0.016838
-0.017085
-0.016765
-0.016297
-0.016321
-0.016789
-0.017035
-0.01674
-0.016272
-0.016321
-0.016789
-0.017035
-0.01674
-0.016297
-0.016321
-0.016765
-0.017035
-0.01674
-0.016272
-0.016297
-0.016789
-0.01706
-0.01674
-0.016297
-0.016321
-0.016789
-0.017035
-0.016765
-0.016297
-0.016297
-0.016765
-0.017035
-0.016765
-0.016297
-0.016321
-0.016789
-0.01706
-0.016789
-0.016321
-0.016321
-0.016321
-0.016321
-0.016789
-0.01706
-0.016789
-0.016346
-0.016321
-0.016789
-0.017085
-0.016789
-0.016346
-0.016321
-0.016765
-0.01706
-0.016789
-0.016321
-0.016321
-0.016765
-0.017085
-0.016814
-0.016346
-0.016321
-0.016765
-0.01706
-0.016789
-0.016321
-0.016297
-0.01674
-0.01706
-0.016789
-0.016321
-0.016297
-0.01674
-0.01706
-0.016789
-0.016321
-0.016297
-0.01674
-0.01706
-0.016814
-0.017085
-0.016838
-0.016371
-0.016297
-0.01674
-0.017085
-0.016838
-0.016371
-0.016321
-0.01674
-0.017085
-0.016838
-0.016371
-0.016321
-0.016765
-0.017085
-0.016863
-0.016371
-0.016321
-0.016765
-0.017085
-0.016863
-0.016395
-0.016321
-0.016765
-0.017085
-0.016863
-0.016395
-0.016297
-0.016715
-0.01706
-0.016838
-0.016371
-0.016297
-0.016715
-0.01706
-0.016814
-0.016346
-0.016297
-0.016715
-0.016272
-0.016715
-0.01706
-0.016863
-0.016371
-0.016297
-0.016715
-0.01706
-0.016863
-0.016395
-0.016297
-0.016715
-0.017085
-0.016888
-0.016395
-0.016321
-0.01674
-0.017085
-0.016888
-0.01642
-0.016297
-0.016715
-0.017085
-0.016912
-0.016469
-0.016371
-0.016789
-0.017158
-0.016986
-0.016494
-0.016371
-0.016765
-0.017085
-0.016912
-0.016445
-0.016346
-0.01674
-0.017109
-0.016937
-0.016445
-0.016445
-0.016321
-0.016715
-0.017085
-0.016888
-0.016371
-0.016248
-0.016666
-0.01706
-0.016888
-0.01642
-0.016297
-0.016715
-0.017085
-0.016937
-0.016469
-0.016321
-0.016715
-0.017085
-0.016937
-0.016445
-0.016321
-0.016691
-0.01706
-0.016912
-0.016445
-0.016297
-0.016691
-0.01706
-0.016912
-0.016445
-0.016321
-0.016691
-0.017085
-0.016937
-0.016469
-0.016321
-0.016715
-0.017109
-0.016961
-0.017109
-0.016961
-0.016494
-0.016321
-0.016715
-0.017109
-0.016986
-0.016518
-0.016346
-0.016715
-0.017109
-0.016986
-0.016518
-0.016371
-0.01674
-0.017134
-0.017011
-0.016543
-0.016371
-0.01674
-0.017134
-0.017035
-0.016543
-0.016395
-0.016765
-0.017158
-0.01706
-0.016568
-0.016395
-0.016765
-0.017158
-0.017035
-0.016568
-0.016371
-0.01674
-0.017134
-0.017035
-0.016568
-0.016371
-0.01674
-0.016395
-0.01674
-0.017158
-0.01706
-0.016568
-0.016371
-0.016715
-0.017134
-0.01706
-0.016592
-0.016371
-0.016715
-0.017134
-0.01706
-0.016592
-0.016371
-0.016715
-0.017134
-0.01706
-0.016592
-0.016371
-0.01674
-0.017158
-0.017085
-0.016617
-0.016395
-0.01674
-0.017183
-0.017109
-0.016617
-0.016395
-0.01674
-0.017183
-0.017109
-0.016641
-0.01642
-0.01674
-0.017183
-0.017109
-0.016666
-0.016666
-0.016445
-0.016765
-0.017208
-0.017134
-0.016666
-0.016445
-0.016765
-0.017158
-0.017085
-0.016617
-0.016395
-0.016691
-0.017134
-0.01706
-0.016617
-0.016371
-0.016691
-0.017109
-0.017085
-0.016617
-0.016371
-0.016666
-0.017085
-0.01706
-0.016592
-0.016346
-0.016641
-0.017085
-0.017035
-0.016592
-0.016321
-0.016641
-0.01706
-0.017035
-0.016592
-0.016346
-0.016666
-0.017109
-0.017109
-0.017134
-0.017109
-0.016666
-0.01642
-0.016715
-0.017158
-0.017134
-0.016691
-0.01642
-0.016715
-0.017158
-0.017134
-0.016691
-0.01642
-0.016691
-0.017134
-0.017134
-0.016691
-0.01642
-0.016715
-0.017134
-0.017134
-0.016666
-0.016395
-0.016691
-0.017134
-0.017158
-0.016715
-0.016445
-0.016715
-0.017158
-0.017183
-0.016715
-0.016445
-0.016715
-0.017158
-0.017183
-0.01674
-0.016445
-0.016715
-0.016715
-0.017158
-0.017183
-0.01674
-0.016445
-0.016715
-0.017183
-0.017232
-0.016814
-0.016518
-0.016765
-0.017208
-0.017257
-0.016814
-0.016494
-0.016715
-0.017158
-0.017183
-0.016765
-0.016469
-0.01674
-0.017183
-0.017232
-0.016789
-0.016494
-0.01674
-0.017208
-0.017257
-0.016814
-0.016494
-0.01674
-0.017183
-0.017208
-0.01674
-0.016445
-0.016691
-0.017183
-0.017232
-0.016814
-0.016518
-0.016863
-0.016543
-0.016765
-0.017208
-0.017281
-0.016863
-0.016543
-0.016765
-0.017232
-0.017306
-0.016888
-0.016568
-0.016789
-0.017257
-0.017306
-0.016888
-0.016568
-0.016789
-0.017257
-0.017331
-0.016912
-0.016568
-0.016789
-0.017257
-0.017331
-0.016912
-0.016568
-0.016789
-0.017257
-0.017331
-0.016937
-0.016592
-0.016814
-0.017281
-0.017355
-0.016937
-0.016617
-0.016814
-0.017281
-0.01738
-0.017355
-0.017454
-0.017035
-0.016691
-0.016888
-0.017355
-0.017454
-0.017035
-0.016691
-0.016888
-0.017355
-0.017478
-0.01706
-0.016715
-0.016888
-0.017355
-0.017454
-0.017035
-0.016666
-0.016838
-0.017306
-0.017405
-0.017011
-0.016666
-0.016838
-0.017306
-0.017405
-0.017011
-0.016641
-0.016814
-0.017281
-0.017405
-0.016986
-0.016641
-0.016789
-0.017257
-0.01738
-0.016986
-0.016617
-0.016789
-0.016641
-0.016789
-0.017257
-0.017405
-0.017011
-0.016641
-0.016789
-0.017257
-0.017405
-0.017011
-0.016641
-0.016789
-0.017257
-0.017405
-0.017011
-0.016641
-0.016789
-0.017257
-0.017405
-0.017035
-0.016641
-0.016789
-0.017257
-0.017405
-0.017035
-0.016666
-0.016789
-0.017257
-0.017405
-0.017035
-0.016641
-0.016765
-0.017232
-0.017405
-0.017035
-0.016641
-0.016765
-0.017232
-0.01738
-0.017035
-0.017405
-0.01706
-0.016641
-0.016765
-0.017257
-0.017405
-0.017035
-0.016641
-0.016765
-0.017232
-0.017405
-0.01706
-0.016666
-0.016765
-0.017232
-0.017405
-0.017035
-0.016666
-0.016765
-0.017208
-0.017405
-0.017035
-0.016641
-0.01674
-0.017208
-0.017405
-0.01706
-0.016641
-0.01674
-0.017208
-0.017405
-0.01706
-0.016666
-0.016765
-0.017208
-0.017405
-0.01706
-0.016666
-0.01674
-0.017208
-0.017208
-0.017405
-0.01706
-0.016666
-0.01674
-0.017208
-0.017429
-0.017085
-0.016691
-0.01674
-0.017208
-0.017429
-0.017109
-0.016691
-0.016765
-0.017232
-0.017429
-0.017109
-0.016691
-0.016765
-0.017232
-0.017429
-0.017134
-0.016715
-0.016765
-0.017208
-0.017429
-0.017134
-0.01674
-0.016814
-0.017281
-0.017503
-0.017183
-0.016765
-0.016838
-0.017257
-0.017454
-0.017109
-0.016715
-0.016765
-0.01674
-0.016789
-0.017257
-0.017478
-0.017183
-0.016765
-0.016789
-0.017232
-0.017478
-0.017158
-0.016715
-0.01674
-0.017183
-0.017454
-0.017158
-0.01674
-0.016789
-0.017232
-0.017478
-0.017183
-0.016765
-0.016789
-0.017257
-0.017503
-0.017208
-0.016789
-0.016814
-0.017257
-0.017503
-0.017232
-0.016789
-0.016814
-0.017257
-0.017503
-0.017232
-0.016789
-0.016814
-0.017257
-0.017528
-0.017257
-0.017528
-0.017257
-0.016838
-0.016863
-0.017306
-0.017577
-0.017281
-0.016863
-0.016863
-0.017306
-0.017577
-0.017306
-0.016888
-0.016888
-0.017331
-0.017602
-0.017331
-0.016888
-0.016888
-0.017331
-0.017602
-0.017331
-0.016888
-0.016888
-0.017331
-0.017626
-0.017355
-0.016912
-0.016888
-0.017331
-0.017626
-0.017405
-0.016961
-0.016937
-0.01738
-0.017675
-0.017429
-0.016986
-0.016961
-0.017405
-0.017405
-0.0177
-0.017454
-0.016986
-0.016961
-0.017405
-0.0177
-0.017429
-0.016986
-0.016937
-0.017355
-0.017651
-0.017405
-0.016961
-0.016912
-0.017355
-0.017651
-0.017405
-0.016961
-0.016912
-0.017331
-0.017626
-0.017405
-0.016937
-0.016912
-0.017331
-0.017651
-0.017405
-0.016961
-0.016912
-0.017331
-0.017626
-0.017405
-0.016961
-0.016912
-0.017331
-0.017626
-0.017405
-0.016961
-0.016888
-0.016961
-0.016888
-0.017306
-0.017626
-0.017405
-0.016961
-0.016888
-0.017281
-0.017602
-0.017405
-0.016961
-0.016888
-0.017281
-0.017602
-0.017405
-0.016961
-0.016888
-0.017306
-0.017626
-0.017429
-0.016986
-0.016912
-0.017331
-0.017675
-0.017478
-0.017035
-0.016961
-0.01738
-0.0177
-0.017503
-0.01706
-0.016961
-0.017355
-0.017675
-0.017478
-0.017011
-0.016912
-0.017331
-0.017651
-0.017454
-0.017651
-0.017454
-0.017011
-0.016888
-0.017281
-0.017626
-0.017429
-0.016986
-0.016888
-0.017281
-0.017626
-0.017454
-0.016986
-0.016888
-0.017281
-0.017626
-0.017454
-0.016986
-0.016863
-0.017257
-0.017577
-0.017429
-0.016961
-0.016863
-0.017232
-0.017577
-0.017405
-0.016961
-0.016838
-0.017208
-0.017577
-0.017405
-0.016961
-0.016838
-0.017232
-0.017577
-0.017429
-0.016986
-0.016838
-0.017208
-0.016838
-0.017232
-0.017577
-0.017429
-0.016961
-0.016838
-0.017208
-0.017577
-0.017429
-0.016961
-0.016838
-0.017232
-0.017602
-0.017503
-0.01706
-0.016912
-0.017257
-0.017651
-0.017503
-0.017035
-0.016888
-0.017208
-0.017577
-0.017454
-0.017011
-0.016863
-0.017208
-0.017577
-0.017454
-0.016986
-0.016838
-0.017208
-0.017552
-0.017405
-0.016937
-0.01674
-0.017085
-0.017454
-0.017306
-0.016838
-0.017355
-0.016937
-0.016789
-0.017134
-0.017528
-0.017429
-0.016986
-0.016814
-0.017208
-0.017602
-0.017528
-0.01706
-0.016888
-0.017208
-0.017577
-0.017429
-0.016961
-0.016765
-0.017109
-0.017503
-0.01738
-0.016937
-0.016765
-0.017109
-0.017528
-0.017454
-0.016986
-0.016814
-0.017158
-0.017552
-0.017454
-0.017011
-0.016838
-0.017183
-0.017577
-0.017503
-0.017035
-0.016863
-0.017183
-0.017602
-0.017232
-0.017651
-0.017577
-0.017134
-0.016937
-0.017257
-0.017675
-0.017602
-0.017158
-0.016937
-0.017257
-0.017675
-0.017602
-0.017158
-0.016961
-0.017281
-0.017675
-0.017602
-0.017183
-0.016961
-0.017281
-0.017675
-0.017626
-0.017183
-0.016986
-0.017281
-0.0177
-0.017651
-0.017208
-0.016986
-0.017306
-0.017725
-0.017675
-0.017232
-0.017011
-0.017306
-0.017725
-0.017675
-0.017232
-0.017011
-0.017232
-0.017011
-0.017306
-0.017725
-0.017675
-0.017257
-0.017011
-0.017306
-0.017725
-0.017675
-0.017232
-0.017011
-0.017306
-0.017725
-0.017675
-0.017232
-0.016986
-0.017281
-0.017725
-0.017675
-0.017257
-0.017011
-0.017306
-0.017725
-0.0177
-0.017257
-0.017035
-0.017306
-0.017725
-0.017725
-0.017281
-0.017035
-0.017306
-0.017725
-0.0177
-0.017281
-0.017011
-0.017281
-0.017725
-0.0177
-0.017725
-0.017725
-0.017281
-0.017035
-0.017306
-0.017725
-0.0177
-0.017281
-0.017011
-0.017281
-0.0177
-0.0177
-0.017281
-0.017035
-0.017281
-0.0177
-0.0177
-0.017281
-0.017011
-0.017281
-0.0177
-0.0177
-0.017281
-0.017011
-0.017257
-0.0177
-0.0177
-0.017281
-0.017035
-0.017281
-0.017725
-0.017749
-0.017331
-0.01706
-0.017281
-0.017725
-0.017749
-0.017331
-0.01706
-0.017281
-0.01706
-0.017306
-0.017725
-0.017749
-0.017331
-0.017035
-0.017257
-0.0177
-0.017725
-0.017306
-0.017011
-0.017232
-0.017675
-0.0177
-0.017281
-0.017011
-0.017257
-0.0177
-0.017725
-0.017331
-0.01706
-0.017281
-0.0177
-0.017749
-0.017355
-0.01706
-0.017281
-0.017725
-0.017774
-0.01738
-0.017085
-0.017306
-0.017725
-0.017774
-0.017355
-0.01706
-0.017281
-0.017725
-0.017749
-0.017355
-0.017823
-0.017429
-0.017134
-0.017355
-0.017798
-0.017848
-0.017429
-0.017085
-0.017281
-0.017725
-0.017798
-0.017405
-0.017085
-0.017281
-0.017725
-0.017774
-0.01738
-0.017085
-0.017281
-0.0177
-0.017774
-0.01738
-0.01706
-0.017232
-0.017651
-0.0177
-0.017306
-0.016986
-0.017183
-0.017626
-0.017725
-0.017331
-0.017011
-0.017208
-0.017651
-0.017725
-0.017331
-0.017011
-0.017183
-0.017626
-0.017208
-0.017626
-0.017725
-0.017331
-0.017011
-0.017208
-0.017626
-0.017725
-0.017355
-0.017011
-0.017183
-0.017626
-0.017725
-0.017355
-0.017035
-0.017208
-0.017651
-0.017749
-0.01738
-0.01706
-0.017208
-0.017651
-0.017774
-0.017405
-0.017085
-0.017232
-0.017675
-0.017798
-0.017429
-0.017085
-0.017257
-0.017675
-0.017798
-0.017454
-0.017109
-0.017281
-0.017725
-0.017823
-0.017454
-0.017134
-0.017454
-0.017109
-0.017257
-0.017725
-0.017823
-0.017478
-0.017134
-0.017281
-0.017725
-0.017848
-0.017478
-0.017134
-0.017281
-0.0177
-0.017848
-0.017478
-0.017109
-0.017257
-0.017725
-0.017848
-0.017503
-0.017158
-0.017306
-0.017749
-0.017897
-0.017552
-0.017208
-0.017331
-0.017774
-0.017897
-0.017552
-0.017183
-0.017306
-0.017774
-0.017946
-0.017602
-0.017232
-0.017355
-0.017798
-0.017946
-0.017823
-0.017971
-0.017602
-0.017232
-0.017331
-0.017774
-0.017922
-0.017577
-0.017208
-0.017306
-0.017749
-0.017897
-0.017552
-0.017183
-0.017281
-0.017725
-0.017872
-0.017528
-0.017158
-0.017257
-0.0177
-0.017848
-0.017503
-0.017134
-0.017257
-0.017675
-0.017848
-0.017503
-0.017134
-0.017232
-0.017651
-0.017823
-0.017503
-0.017109
-0.017232
-0.017675
-0.017848
-0.017528
-0.017134
-0.017232
-0.017134
-0.017208
-0.017651
-0.017823
-0.017503
-0.017109
-0.017208
-0.017626
-0.017798
-0.017503
-0.017109
-0.017208
-0.017626
-0.017823
-0.017503
-0.017109
-0.017208
-0.017626
-0.017823
-0.017503
-0.017109
-0.017183
-0.017626
-0.017823
-0.017503
-0.017109
-0.017183
-0.017577
-0.017774
-0.017478
-0.017085
-0.017134
-0.017552
-0.017749
-0.017454
-0.01706
-0.017134
-0.017552
-0.017774
-0.017478
-0.017774
-0.017478
-0.01706
-0.017134
-0.017552
-0.017774
-0.017478
-0.017085
-0.017109
-0.017528
-0.017725
-0.017454
-0.01706
-0.017109
-0.017552
-0.017749
-0.017454
-0.017035
-0.017085
-0.017552
-0.017774
-0.017528
-0.017134
-0.017158
-0.017602
-0.017848
-0.017552
-0.017134
-0.017134
-0.017552
-0.017798
-0.017528
-0.017158
-0.017208
-0.017626
-0.017848
-0.017552
-0.017158
-0.017208
-0.017651
-0.017626
-0.017848
-0.017552
-0.017134
-0.017208
-0.017626
-0.017897
-0.017626
-0.017257
-0.017281
-0.0177
-0.017946
-0.017675
-0.017257
-0.017281
-0.017675
-0.017922
-0.017675
-0.017257
-0.017281
-0.0177
-0.017971
-0.0177
-0.017281
-0.017281
-0.017675
-0.017922
-0.017651
-0.017232
-0.017232
-0.017626
-0.017897
-0.017626
-0.017183
-0.017183
-0.017626
-0.017872
-0.017626
-0.017208
-0.017208
