2018
7
5
9
35
13.6
0.03604
0.035942
0.035917
0.035991
0.036065
0.03604
0.035942
0.035917
0.035966
0.03604
0.036015
0.035917
0.035892
0.035966
0.03604
0.036015
0.035917
0.035868
0.035942
0.036015
0.035991
0.035892
0.035868
0.035942
0.036015
0.035991
0.035892
0.035868
0.035942
0.036015
0.035966
0.035892
0.035843
0.035917
0.035991
0.035966
0.035868
0.035843
0.035917
0.035991
0.035892
0.035991
0.035966
0.035868
0.035818
0.035892
0.035991
0.035966
0.035868
0.035818
0.035892
0.035966
0.035942
0.035843
0.035818
0.035868
0.035966
0.035942
0.035843
0.035818
0.035868
0.035966
0.035942
0.035843
0.035818
0.035868
0.035966
0.035942
0.035843
0.035794
0.035868
0.035942
0.035942
0.035843
0.035794
0.035868
0.035942
0.035917
0.035843
0.035794
0.035794
0.035769
0.035818
0.035892
0.035892
0.035794
0.035745
0.035794
0.035892
0.035868
0.035769
0.03572
0.035794
0.035868
0.035843
0.035769
0.03572
0.035794
0.035868
0.035843
0.035769
0.03572
0.035769
0.035868
0.035843
0.035745
0.03572
0.035818
0.035966
0.035991
0.035892
0.035843
0.035892
0.035942
0.035868
0.035745
0.035695
0.035745
0.035818
0.035794
0.035917
0.035892
0.035818
0.035769
0.035892
0.035991
0.035991
0.035917
0.035868
0.035917
0.035966
0.035942
0.035818
0.035745
0.035794
0.035843
0.035818
0.035695
0.035646
0.035671
0.035745
0.035745
0.035646
0.035597
0.035646
0.03572
0.03572
0.035646
0.035572
0.035622
0.03572
0.03572
0.035622
0.035572
0.035622
0.035695
0.035695
0.035622
0.035548
0.035597
0.035548
0.035597
0.035695
0.035695
0.035597
0.035548
0.035597
0.035671
0.035671
0.035597
0.035523
0.035597
0.035695
0.035695
0.035597
0.035548
0.035597
0.035695
0.035695
0.035622
0.035572
0.035622
0.03572
0.035745
0.035646
0.035597
0.035622
0.03572
0.035745
0.035646
0.035597
0.035622
0.03572
0.03572
0.035646
0.035572
0.035622
0.035695
0.03572
0.035622
0.035597
0.035523
0.035572
0.035646
0.035671
0.035572
0.035498
0.035548
0.035646
0.035646
0.035572
0.035498
0.035548
0.035646
0.035646
0.035572
0.035498
0.035548
0.035622
0.035646
0.035572
0.035498
0.035548
0.035622
0.035646
0.035572
0.035498
0.035548
0.035622
0.035646
0.035572
0.035498
0.035523
0.035622
0.035622
0.035548
0.035474
0.035498
0.035597
0.035622
0.035597
0.035622
0.035523
0.035449
0.035498
0.035597
0.035597
0.035523
0.035474
0.035498
0.035572
0.035597
0.035523
0.035449
0.035498
0.035597
0.035622
0.035523
0.035449
0.035474
0.035572
0.035597
0.035523
0.035449
0.035498
0.035572
0.035597
0.035523
0.035449
0.035474
0.035572
0.035597
0.035523
0.035425
0.035474
0.035548
0.035597
0.035498
0.035425
0.035449
0.035425
0.035523
0.035572
0.035474
0.0354
0.035425
0.035523
0.035548
0.035474
0.0354
0.035425
0.035523
0.035548
0.035474
0.0354
0.0354
0.035498
0.035523
0.035449
0.035375
0.0354
0.035498
0.035548
0.035498
0.035474
0.035523
0.035646
0.035671
0.035597
0.035474
0.035449
0.035498
0.035523
0.035449
0.035351
0.035351
0.035449
0.035572
0.035548
0.035449
0.035498
0.035548
0.035646
0.035695
0.035622
0.035523
0.035498
0.035572
0.035572
0.035498
0.0354
0.035375
0.035449
0.035474
0.0354
0.035302
0.035302
0.0354
0.035425
0.035375
0.035277
0.035277
0.035375
0.035425
0.035351
0.035252
0.035277
0.035375
0.0354
0.035351
0.035252
0.035277
0.035351
0.0354
0.035326
0.035252
0.035252
0.035351
0.0354
0.035326
0.0354
0.035326
0.035228
0.035252
0.035326
0.035375
0.035326
0.035252
0.035252
0.035326
0.0354
0.035351
0.035252
0.035277
0.035375
0.035425
0.035375
0.035277
0.035277
0.035375
0.035449
0.035375
0.035277
0.035302
0.035375
0.035425
0.035375
0.035277
0.035277
0.035375
0.035425
0.035375
0.035277
0.035277
0.035351
0.0354
0.035351
0.035252
0.035252
0.035326
0.035203
0.035302
0.035351
0.035302
0.035203
0.035178
0.035277
0.035326
0.035277
0.035178
0.035178
0.035277
0.035326
0.035277
0.035178
0.035154
0.035252
0.035302
0.035252
0.035154
0.035154
0.035228
0.035302
0.035252
0.035154
0.035129
0.035228
0.035277
0.035228
0.035129
0.035129
0.035203
0.035277
0.035203
0.035129
0.035105
0.035203
0.035252
0.035203
0.035105
0.035203
0.035105
0.035105
0.035203
0.035277
0.035228
0.035129
0.035105
0.035178
0.035252
0.035203
0.035105
0.03508
0.035178
0.035228
0.035178
0.03508
0.03508
0.035154
0.035203
0.035178
0.03508
0.035055
0.035129
0.035203
0.035154
0.035055
0.035031
0.035105
0.035178
0.035129
0.035031
0.035006
0.03508
0.035154
0.035105
0.035006
0.034981
0.035055
0.035105
0.035031
0.03508
0.035031
0.034932
0.034932
0.035006
0.03508
0.035031
0.034932
0.034908
0.035006
0.03508
0.035031
0.034932
0.034908
0.035006
0.035055
0.035031
0.034932
0.034908
0.034981
0.035055
0.035055
0.035006
0.035031
0.035129
0.035203
0.035154
0.035031
0.034957
0.034981
0.035055
0.035006
0.034908
0.034834
0.034932
0.035055
0.03508
0.034981
0.034957
0.035031
0.035105
0.035203
0.035178
0.035055
0.035006
0.035031
0.03508
0.035031
0.034908
0.034858
0.034908
0.034981
0.034932
0.034809
0.034785
0.034858
0.034932
0.034908
0.034785
0.03476
0.034834
0.034908
0.034883
0.034785
0.03476
0.034834
0.034908
0.034883
0.034785
0.03476
0.034834
0.034908
0.034883
0.034785
0.034735
0.034834
0.034908
0.034883
0.034785
0.034858
0.03476
0.034735
0.034809
0.034883
0.034858
0.034785
0.034735
0.034809
0.034883
0.034883
0.034785
0.03476
0.034834
0.034908
0.034908
0.034809
0.034785
0.034858
0.034932
0.034908
0.034809
0.034785
0.034834
0.034932
0.034908
0.034809
0.03476
0.034834
0.034908
0.034883
0.034785
0.034735
0.034809
0.034883
0.034858
0.03476
0.034711
0.034785
0.034858
0.034735
0.034834
0.034809
0.034711
0.034661
0.034735
0.034809
0.034809
0.034711
0.034661
0.034735
0.034809
0.034809
0.034711
0.034661
0.034735
0.034809
0.034809
0.034711
0.034661
0.034711
0.034809
0.034785
0.034686
0.034637
0.034711
0.034785
0.034785
0.034686
0.034637
0.034686
0.034785
0.034785
0.034686
0.034612
0.034686
0.034785
0.03476
0.034661
0.034612
0.034661
0.03476
0.034735
0.034637
0.034588
0.034661
0.03476
0.034735
0.034637
0.034588
0.034661
0.03476
0.034735
0.034661
0.034588
0.034661
0.034735
0.034735
0.034637
0.034588
0.034637
0.034735
0.034735
0.034637
0.034588
0.034661
0.034735
0.034735
0.034637
0.034588
0.034637
0.034735
0.034735
0.034637
0.034563
0.034612
0.034711
0.034711
0.034612
0.034563
0.034538
0.034612
0.034686
0.034686
0.034612
0.034563
0.034612
0.034686
0.034711
0.034612
0.034538
0.034588
0.034686
0.034686
0.034588
0.034538
0.034612
0.03476
0.034809
0.034735
0.034686
0.034735
0.034785
0.03476
0.034612
0.034538
0.034588
0.034686
0.034661
0.034563
0.034538
0.034661
0.03476
0.03476
0.034661
0.034588
0.034686
0.034809
0.034834
0.03476
0.034809
0.034686
0.034612
0.034637
0.034711
0.034686
0.034588
0.034489
0.034538
0.034612
0.034612
0.034514
0.03444
0.034489
0.034588
0.034588
0.034489
0.03444
0.034465
0.034563
0.034588
0.034489
0.034415
0.034465
0.034563
0.034588
0.034489
0.034415
0.034465
0.034563
0.034563
0.034489
0.034415
0.03444
0.034538
0.034563
0.034489
0.034415
0.03444
0.034538
0.03444
0.034538
0.034563
0.034489
0.034415
0.034465
0.034563
0.034588
0.034514
0.03444
0.034489
0.034588
0.034612
0.034514
0.03444
0.034489
0.034588
0.034588
0.034514
0.03444
0.034489
0.034588
0.034588
0.034514
0.034415
0.034465
0.034538
0.034563
0.034489
0.034415
0.03444
0.034538
0.034563
0.034465
0.034391
0.034415
0.034514
0.034538
0.03444
0.034366
0.03444
0.034366
0.034391
0.034489
0.034514
0.03444
0.034341
0.034391
0.034489
0.034514
0.03444
0.034341
0.034366
0.034489
0.034514
0.03444
0.034341
0.034366
0.034465
0.034489
0.034415
0.034341
0.034366
0.034465
0.034489
0.034415
0.034341
0.034366
0.034465
0.034489
0.034415
0.034341
0.034366
0.034465
0.034489
0.034415
0.034317
0.034341
0.03444
0.034489
0.03444
0.034465
0.034391
0.034317
0.034341
0.03444
0.034465
0.034391
0.034317
0.034317
0.034415
0.034465
0.034391
0.034292
0.034317
0.034415
0.034465
0.034391
0.034317
0.034317
0.034415
0.034465
0.034391
0.034292
0.034317
0.034415
0.034465
0.034391
0.034292
0.034317
0.034415
0.03444
0.034366
0.034292
0.034292
0.034391
0.034415
0.034366
0.034268
0.034292
0.034268
0.034268
0.034366
0.034415
0.034341
0.034268
0.034268
0.034366
0.034415
0.034341
0.034268
0.034268
0.034366
0.034415
0.034341
0.034268
0.034268
0.034391
0.034489
0.034465
0.034391
0.034415
0.034514
0.034538
0.03444
0.034292
0.034268
0.034366
0.034391
0.034317
0.034194
0.034243
0.034415
0.034489
0.034415
0.034317
0.034292
0.034415
0.034514
0.034465
0.034538
0.034465
0.034341
0.034317
0.034391
0.034415
0.034341
0.034218
0.034218
0.034292
0.034317
0.034243
0.034144
0.034144
0.034243
0.034292
0.034243
0.034144
0.034144
0.034218
0.034292
0.034218
0.034144
0.03412
0.034218
0.034268
0.034218
0.03412
0.03412
0.034218
0.034268
0.034218
0.03412
0.03412
0.034218
0.034268
0.034194
0.03412
0.034095
0.034194
0.034095
0.034194
0.034243
0.034194
0.03412
0.03412
0.034194
0.034268
0.034218
0.034144
0.034144
0.034218
0.034292
0.034243
0.034169
0.034169
0.034243
0.034317
0.034268
0.034169
0.034144
0.034243
0.034292
0.034243
0.034144
0.034144
0.034218
0.034292
0.034243
0.034144
0.034144
0.034218
0.034268
0.034218
0.03412
0.034095
0.034194
0.034243
0.034218
0.03412
0.034194
0.034095
0.034071
0.034169
0.034243
0.034194
0.034095
0.034071
0.034169
0.034218
0.034169
0.034071
0.034071
0.034144
0.034218
0.034169
0.034071
0.034046
0.034144
0.034194
0.034169
0.034071
0.034046
0.03412
0.034194
0.034144
0.034046
0.034046
0.03412
0.034194
0.034144
0.034046
0.034021
0.03412
0.034194
0.034144
0.034046
0.034021
0.03412
0.034169
0.034169
0.034144
0.034046
0.034021
0.034095
0.034169
0.034144
0.034046
0.034021
0.034095
0.034169
0.034144
0.034046
0.034021
0.034095
0.034169
0.034144
0.034046
0.034021
0.034095
0.034169
0.03412
0.034021
0.034021
0.034095
0.034169
0.03412
0.034021
0.033997
0.034095
0.034169
0.03412
0.034021
0.033997
0.034071
0.034144
0.034095
0.033997
0.033972
0.034046
0.033972
0.034046
0.03412
0.034071
0.033972
0.033948
0.034021
0.034095
0.034095
0.033997
0.033948
0.034046
0.03412
0.034095
0.033997
0.033948
0.034021
0.03412
0.034071
0.033997
0.033997
0.03412
0.034243
0.034218
0.034144
0.034095
0.034144
0.034169
0.034095
0.033997
0.033972
0.034021
0.034071
0.034046
0.034021
0.034021
0.03412
0.034194
0.034144
0.034046
0.034144
0.03412
0.034169
0.034243
0.034169
0.034046
0.033997
0.034046
0.034095
0.034046
0.033948
0.033898
0.033948
0.034046
0.034021
0.033948
0.033898
0.033948
0.034021
0.033997
0.033898
0.033849
0.033923
0.034021
0.033997
0.033898
0.033874
0.033923
0.034021
0.033997
0.033898
0.033849
0.033923
0.033997
0.033972
0.033874
0.033824
0.033874
0.033948
0.033948
0.033948
0.033923
0.033824
0.0338
0.033849
0.033948
0.033923
0.033849
0.0338
0.033849
0.033948
0.033948
0.033849
0.0338
0.033874
0.033972
0.033948
0.033874
0.033824
0.033874
0.033972
0.033948
0.033849
0.0338
0.033874
0.033948
0.033948
0.033849
0.0338
0.033849
0.033923
0.033923
0.033824
0.033751
0.0338
0.033898
0.033898
0.0338
0.033751
0.0338
0.033726
0.033775
0.033874
0.033849
0.033775
0.033726
0.033775
0.033849
0.033849
0.033775
0.033726
0.033775
0.033874
0.033874
0.033775
0.033726
0.033775
0.033874
0.033849
0.033775
0.033726
0.033775
0.033849
0.033849
0.033751
0.033701
0.033751
0.033849
0.033849
0.033751
0.033701
0.033751
0.033849
0.033849
0.033751
0.033701
0.033751
0.033824
0.033824
0.033751
0.033824
0.033726
0.033677
0.033726
0.033824
0.033824
0.033726
0.033677
0.033726
0.033824
0.033824
0.033726
0.033677
0.033726
0.033824
0.033824
0.033726
0.033677
0.033726
0.0338
0.033824
0.033726
0.033677
0.033726
0.0338
0.0338
0.033726
0.033652
0.033701
0.0338
0.0338
0.033726
0.033652
0.033701
0.0338
0.0338
0.033701
0.033628
0.033677
0.033775
0.033677
0.033751
0.033751
0.033677
0.033603
0.033652
0.033751
0.033751
0.033677
0.033603
0.033652
0.033726
0.033751
0.033677
0.033603
0.033652
0.033726
0.033751
0.033677
0.033603
0.033652
0.033726
0.033751
0.033677
0.033603
0.033677
0.033824
0.033898
0.033824
0.033775
0.0338
0.033874
0.033849
0.033726
0.033652
0.033677
0.033775
0.033775
0.033701
0.033726
0.033751
0.033824
0.033972
0.033997
0.033923
0.033874
0.033898
0.033972
0.033972
0.033849
0.033751
0.033751
0.033824
0.033824
0.033701
0.033628
0.033628
0.033701
0.033701
0.033628
0.033529
0.033554
0.033628
0.033652
0.033578
0.03348
0.033504
0.033603
0.033628
0.033554
0.03348
0.033504
0.033578
0.033603
0.033529
0.033455
0.03348
0.033578
0.033603
0.033529
0.033578
0.033504
0.033431
0.033455
0.033554
0.033578
0.033504
0.033431
0.033455
0.033554
0.033578
0.033504
0.033431
0.033455
0.033554
0.033603
0.033529
0.033455
0.03348
0.033578
0.033603
0.033529
0.033455
0.03348
0.033578
0.033628
0.033529
0.033455
0.03348
0.033578
0.033603
0.033529
0.033455
0.033455
0.033554
0.033578
0.033504
0.033431
0.033455
0.033529
0.033406
0.033504
0.033554
0.03348
0.033381
0.033406
0.033504
0.033529
0.033455
0.033357
0.033381
0.03348
0.033504
0.033455
0.033357
0.033381
0.03348
0.033504
0.033455
0.033357
0.033381
0.03348
0.033504
0.033431
0.033357
0.033381
0.03348
0.033504
0.033455
0.033357
0.033381
0.03348
0.033504
0.033431
0.033357
0.033381
0.03348
0.033504
0.033431
0.033357
0.033431
0.033357
0.033357
0.033455
0.033504
0.033431
0.033357
0.033357
0.033455
0.033504
0.033455
0.033357
0.033381
0.03348
0.033529
0.03348
0.033381
0.033406
0.03348
0.033529
0.03348
0.033381
0.033381
0.03348
0.033529
0.033455
0.033381
0.033381
0.03348
0.033529
0.033455
0.033381
0.033381
0.033455
0.033529
0.033455
0.033357
0.033357
0.033455
0.03348
0.033431
0.03348
0.033406
0.033307
0.033307
0.033381
0.033431
0.033357
0.033258
0.033258
0.033332
0.033381
0.033307
0.033234
0.033234
0.033307
0.033357
0.033307
0.033209
0.033209
0.033307
0.033357
0.033307
0.033209
0.033209
0.033307
0.033357
0.033307
0.033209
0.033209
0.033283
0.033332
0.033283
0.033209
0.033234
0.033381
0.03348
0.033431
0.033357
0.033357
0.033209
0.033209
0.033283
0.033307
0.033234
0.033209
0.033258
0.033332
0.033381
0.033307
0.033209
0.033234
0.033357
0.033431
0.033381
0.033307
0.033307
0.033381
0.033406
0.033332
0.033209
0.033184
0.033234
0.033283
0.033209
0.033086
0.033061
0.033135
0.033184
0.033135
0.033037
0.033012
0.033111
0.03316
0.033111
0.033012
0.033012
0.033086
0.033135
0.033086
0.033135
0.033086
0.032987
0.032987
0.033061
0.033135
0.033086
0.032987
0.032963
0.033061
0.033111
0.033061
0.032963
0.032963
0.033037
0.033086
0.033061
0.032963
0.032938
0.033037
0.033086
0.033037
0.032963
0.032938
0.033037
0.033111
0.033061
0.032987
0.032963
0.033037
0.033111
0.033086
0.032987
0.032987
0.033061
0.033111
0.033086
0.032987
0.032963
0.033061
0.032963
0.033037
0.033086
0.033061
0.032963
0.032938
0.033012
0.033086
0.033037
0.032963
0.032938
0.033012
0.033086
0.033037
0.032938
0.032914
0.032987
0.033037
0.033012
0.032914
0.032889
0.032963
0.033037
0.032987
0.032889
0.032864
0.032938
0.033012
0.032963
0.032864
0.03284
0.032914
0.032987
0.032963
0.032864
0.03284
0.032914
0.032987
0.032938
0.032864
0.032938
0.03284
0.032815
0.032889
0.032963
0.032938
0.03284
0.032815
0.032889
0.032963
0.032938
0.03284
0.032815
0.032864
0.032938
0.032914
0.032815
0.032791
0.032864
0.032938
0.032914
0.032815
0.032791
0.032864
0.032938
0.032914
0.032815
0.032791
0.032864
0.032938
0.032914
0.032815
0.032791
0.032864
0.032938
0.032889
0.032815
0.032766
0.03284
0.032914
0.03284
0.032914
0.032889
0.032791
0.032766
0.03284
0.032914
0.032889
0.032791
0.032766
0.032815
0.032914
0.032864
0.032766
0.032741
0.032815
0.032889
0.032864
0.032766
0.032717
0.032791
0.032864
0.03284
0.032741
0.032717
0.032766
0.032864
0.03284
0.032741
0.032717
0.032791
0.032864
0.03284
0.032741
0.032717
0.032791
0.032864
0.03284
0.032766
0.032717
0.032741
0.032717
0.032766
0.032864
0.03284
0.032791
0.032791
0.032914
0.033012
0.032987
0.032914
0.03284
0.032864
0.032889
0.032864
0.032766
0.032717
0.032766
0.032815
0.032864
0.03284
0.032815
0.032864
0.032938
0.032914
0.03284
0.03284
0.032914
0.033012
0.033012
0.032938
0.032889
0.032914
0.032963
0.032914
0.032815
0.032741
0.032791
0.03284
0.032815
0.032766
0.032692
0.032643
0.032692
0.032791
0.032766
0.032667
0.032643
0.032692
0.032766
0.032766
0.032667
0.032618
0.032667
0.032766
0.032741
0.032667
0.032618
0.032667
0.032766
0.032766
0.032667
0.032618
0.032667
0.032766
0.032741
0.032667
0.032618
0.032667
0.032766
0.032741
0.032667
0.032618
0.032667
0.032766
0.032766
0.032692
0.032643
0.032692
0.032791
0.032717
0.032791
0.032791
0.032717
0.032667
0.032717
0.032791
0.032791
0.032692
0.032643
0.032717
0.032791
0.032791
0.032692
0.032643
0.032692
0.032791
0.032766
0.032692
0.032618
0.032692
0.032766
0.032766
0.032667
0.032618
0.032667
0.032741
0.032741
0.032667
0.032594
0.032643
0.032741
0.032741
0.032643
0.032594
0.032643
0.032741
0.032741
0.032643
0.032594
0.032594
0.032643
0.032741
0.032741
0.032643
0.032569
0.032618
0.032717
0.032717
0.032643
0.032569
0.032618
0.032717
0.032717
0.032643
0.032569
0.032618
0.032717
0.032717
0.032643
0.032569
0.032618
0.032717
0.032717
0.032618
0.032569
0.032618
0.032692
0.032717
0.032618
0.032569
0.032618
0.032692
0.032717
0.032618
0.032569
0.032618
0.032692
0.032717
0.032643
0.032643
0.032569
0.032618
0.032692
0.032717
0.032618
0.032569
0.032594
0.032692
0.032692
0.032618
0.032544
0.032594
0.032692
0.032692
0.032618
0.032544
0.032594
0.032692
0.032692
0.032618
0.032544
0.032594
0.032667
0.032692
0.032618
0.032544
0.032594
0.032667
0.032692
0.032594
0.03252
0.032569
0.032643
0.032667
0.032569
0.03252
0.032544
0.032643
0.032667
0.032643
0.032667
0.032594
0.03252
0.032569
0.032643
0.032667
0.032594
0.03252
0.032544
0.032643
0.032667
0.032594
0.03252
0.032544
0.032643
0.032667
0.032643
0.032618
0.032667
0.032791
0.032815
0.032717
0.032618
0.032594
0.032643
0.032667
0.032594
0.032495
0.03252
0.032618
0.032717
0.032667
0.032594
0.032618
0.032692
0.032717
0.032692
0.032618
0.032667
0.032643
0.032667
0.032717
0.032717
0.032618
0.032544
0.032544
0.032618
0.032618
0.032544
0.032446
0.032471
0.032569
0.032594
0.03252
0.032421
0.032446
0.032544
0.032569
0.032495
0.032421
0.032446
0.032544
0.032569
0.032495
0.032421
0.032446
0.032544
0.032569
0.032495
0.032421
0.032446
0.032544
0.032569
0.032495
0.032421
0.032446
0.032544
0.032569
0.032495
0.032569
0.032495
0.032421
0.032446
0.032544
0.032594
0.03252
0.032446
0.032471
0.032569
0.032618
0.032544
0.032471
0.032495
0.032569
0.032618
0.032544
0.032471
0.032495
0.032594
0.032618
0.032544
0.032471
0.032495
0.032594
0.032618
0.032544
0.032471
0.032471
0.032569
0.032594
0.03252
0.032446
0.032446
0.032544
0.032569
0.03252
0.032421
0.032446
0.032544
0.032446
0.03252
0.032569
0.032495
0.032421
0.032446
0.03252
0.032569
0.032495
0.032421
0.032421
0.03252
0.032569
0.032495
0.032421
0.032421
0.032495
0.032544
0.032495
0.032397
0.032421
0.03252
0.032544
0.032495
0.032397
0.032421
0.032495
0.032544
0.032495
0.032397
0.032421
0.032495
0.032544
0.032471
0.032397
0.032397
0.032495
0.032544
0.032471
0.032397
0.032471
0.032397
0.032397
0.032495
0.03252
0.032471
0.032397
0.032397
0.032471
0.03252
0.032471
0.032397
0.032397
0.032471
0.03252
0.032471
0.032372
0.032397
0.032471
0.03252
0.032471
0.032372
0.032372
0.032471
0.03252
0.032446
0.032372
0.032372
0.032471
0.03252
0.032446
0.032372
0.032372
0.032446
0.03252
0.032446
0.032347
0.032372
0.032446
0.032495
0.032446
0.032495
0.032446
0.032347
0.032347
0.032421
0.032471
0.032421
0.032347
0.032347
0.032421
0.032471
0.032421
0.032323
0.032323
0.032421
0.032471
0.032421
0.032347
0.032347
0.032421
0.032471
0.032421
0.032347
0.032347
0.032421
0.032495
0.032421
0.032347
0.032347
0.032421
0.032495
0.032421
0.032347
0.032347
0.032421
0.032495
0.032495
0.032446
0.032471
0.032446
0.032397
0.032446
0.03252
0.032446
0.032347
0.032323
0.032446
0.032544
0.03252
0.032421
0.032421
0.032495
0.032569
0.032544
0.032495
0.032495
0.032594
0.032667
0.032594
0.032495
0.032446
0.03252
0.032544
0.032471
0.032372
0.032347
0.032421
0.032471
0.032397
0.032298
0.032298
0.032372
0.032446
0.032372
0.032298
0.032274
0.032372
0.032421
0.032372
0.032421
0.032372
0.032298
0.032274
0.032347
0.032421
0.032372
0.032274
0.032274
0.032347
0.032397
0.032372
0.032274
0.032249
0.032347
0.032397
0.032372
0.032274
0.032274
0.032347
0.032421
0.032372
0.032274
0.032274
0.032372
0.032446
0.032397
0.032323
0.032323
0.032397
0.032471
0.032421
0.032347
0.032347
0.032421
0.032471
0.032446
0.032347
0.032347
0.032421
0.032323
0.032397
0.032471
0.032421
0.032347
0.032323
0.032397
0.032446
0.032397
0.032298
0.032274
0.032372
0.032421
0.032397
0.032298
0.032274
0.032347
0.032397
0.032372
0.032274
0.032249
0.032347
0.032397
0.032372
0.032274
0.032249
0.032347
0.032421
0.032372
0.032298
0.032274
0.032347
0.032397
0.032372
0.032274
0.032249
0.032347
0.032397
0.032372
0.032274
0.032274
0.032249
0.032323
0.032397
0.032372
0.032274
0.032249
0.032323
0.032372
0.032347
0.032274
0.032224
0.032298
0.032372
0.032347
0.032249
0.032224
0.032298
0.032372
0.032323
0.032249
0.032224
0.032298
0.032372
0.032323
0.032224
0.0322
0.032274
0.032347
0.032323
0.032224
0.0322
0.032274
0.032347
0.032323
0.032224
0.0322
0.032274
0.032347
0.032323
0.032347
0.032323
0.032224
0.0322
0.032274
0.032347
0.032323
0.032224
0.0322
0.032274
0.032347
0.032323
0.032224
0.0322
0.032249
0.032323
0.032298
0.032224
0.0322
0.032249
0.032323
0.032298
0.032224
0.032175
0.032249
0.032323
0.032298
0.0322
0.032175
0.032224
0.032298
0.032274
0.0322
0.03215
0.0322
0.032274
0.032249
0.032175
0.032126
0.0322
0.032126
0.0322
0.032274
0.032274
0.032175
0.03215
0.0322
0.032274
0.032274
0.032175
0.032126
0.0322
0.032274
0.032249
0.032175
0.03215
0.032249
0.032372
0.032397
0.032323
0.032298
0.032323
0.032372
0.032323
0.0322
0.03215
0.0322
0.032274
0.032224
0.03215
0.032175
0.032274
0.032347
0.032323
0.032224
0.0322
0.032298
0.032397
0.032397
0.032323
0.032372
0.032249
0.032175
0.032224
0.032298
0.032249
0.03215
0.032101
0.03215
0.032224
0.0322
0.032126
0.032077
0.032126
0.0322
0.0322
0.032101
0.032077
0.032126
0.0322
0.0322
0.032101
0.032052
0.032126
0.0322
0.0322
0.032101
0.032077
0.032126
0.0322
0.0322
0.032101
0.032052
0.032126
0.0322
0.0322
0.032101
0.032052
0.032126
0.0322
0.032126
0.032224
0.032224
0.03215
0.032101
0.03215
0.032249
0.032224
0.03215
0.032101
0.03215
0.032224
0.032224
0.03215
0.032101
0.03215
0.032224
0.032224
0.032126
0.032077
0.032126
0.032224
0.032224
0.032126
0.032077
0.032126
0.032224
0.032224
0.032126
0.032101
0.03215
0.032249
0.032249
0.032175
0.032126
0.032175
0.032249
0.032249
0.03215
0.032077
0.032101
0.032052
0.032077
0.03215
0.03215
0.032077
0.032027
0.032052
0.03215
0.03215
0.032052
0.032003
0.032052
0.032126
0.032101
0.032027
0.031978
0.032003
0.032101
0.032101
0.032003
0.031954
0.032003
0.032077
0.032077
0.031978
0.031929
0.031954
0.032052
0.032052
0.031954
0.031904
0.031954
0.032027
0.032027
0.031954
0.03188
0.031929
0.032003
0.032003
