2018
5
17
10
54
38.873
0.046404
0.046404
0.046429
0.046429
0.046404
0.046453
0.046502
0.046502
0.046502
0.046502
0.046502
0.046502
0.046478
0.046478
0.046502
0.046502
0.046478
0.046527
0.046502
0.046429
0.046453
0.046502
0.046527
0.046502
0.046527
0.046527
0.046552
0.046601
0.046601
0.046576
0.046601
0.046601
0.046576
0.046552
0.046552
0.046576
0.046576
0.046502
0.046478
0.046601
0.046749
0.04665
0.046601
0.046527
0.046429
0.046281
0.04633
0.046527
0.046749
0.046724
0.046626
0.046601
0.046601
0.046552
0.046502
0.046527
0.046502
0.046453
0.046379
0.046355
0.046379
0.046404
0.046379
0.046355
0.046281
0.046256
0.046379
0.046453
0.046478
0.046429
0.046379
0.046478
0.046429
0.046306
0.046429
0.046601
0.046724
0.046601
0.046478
0.046527
0.046626
0.046601
0.046552
0.046527
0.046502
0.046429
0.046453
0.046527
0.046478
0.046429
0.046355
0.046355
0.046404
0.046379
0.046478
0.046502
0.046502
0.046502
0.046453
0.046453
0.046478
0.046429
0.046478
0.046626
0.046552
0.046502
0.046527
0.046527
0.046552
0.046626
0.046576
0.046502
0.046502
0.046527
0.046552
0.046502
0.046527
0.046576
0.046552
0.046453
0.046576
0.046724
0.046675
0.04665
0.046576
0.046527
0.046502
0.046576
0.046601
0.046576
0.046552
0.046502
0.046552
0.046601
0.046502
0.046478
0.046478
0.046478
0.046429
0.046502
0.046552
0.046478
0.046478
0.046552
0.046527
0.046502
0.046576
0.046601
0.046626
0.046552
0.046552
0.046601
0.046527
0.046552
0.046626
0.046552
0.046478
0.046478
0.046429
0.046355
0.046576
0.046552
0.046527
0.046552
0.046552
0.046527
0.046478
0.046453
0.046552
0.046576
0.046527
0.046527
0.046527
0.046527
0.046502
0.046502
0.046527
0.046478
0.046552
0.046576
0.04665
0.046601
0.046478
0.046453
0.046552
0.046576
0.046626
0.04665
0.046576
0.046552
0.046601
0.046601
0.046576
0.046478
0.046453
0.046502
0.046552
0.046527
0.046527
0.046675
0.046576
0.046675
0.04665
0.046626
0.046773
0.046724
0.046626
0.046502
0.046502
0.046798
0.046823
0.046773
0.046798
0.046724
0.046626
0.046675
0.046675
0.046675
0.046626
0.046379
0.046232
0.046453
0.046601
0.046724
0.046699
0.046601
0.046552
0.046478
0.046453
0.046478
0.046404
0.046355
0.046306
0.046256
0.046232
0.046281
0.046306
0.046379
0.046429
0.046429
0.046355
0.046379
0.046379
0.046306
0.046404
0.046478
0.046453
0.046404
0.046429
0.046552
0.046527
0.046429
0.04633
0.046404
0.046404
0.046453
0.046552
0.046601
0.046552
0.046453
0.046404
0.04633
0.04633
0.046453
0.046576
0.046527
0.046502
0.046502
0.046502
0.046478
0.046355
0.046379
0.046478
0.046502
0.046502
0.046478
0.046453
0.046404
0.046355
0.046355
0.046478
0.046552
0.046527
0.046453
0.046379
0.046306
0.046281
0.046404
0.046576
0.046601
0.046626
0.046552
0.046429
0.046355
0.046453
0.046478
0.046453
0.046404
0.04633
0.046232
0.046232
0.046355
0.046355
0.046355
0.046355
0.046256
0.046232
0.04633
0.046355
0.046306
0.046306
0.046355
0.04633
0.046256
0.046232
0.04633
0.046429
0.046429
0.046429
0.046379
0.046306
0.04633
0.046281
0.046281
0.046281
0.046256
0.046281
0.046281
0.046256
0.046281
0.046281
0.04633
0.046256
0.046256
0.04633
0.04633
0.046281
0.04633
0.046306
0.046281
0.046306
0.046306
0.046306
0.046306
0.046281
0.046207
0.046182
0.046281
0.046306
0.046281
0.046256
0.046281
0.046281
0.046232
0.046256
0.046232
0.046109
0.046158
0.04633
0.04633
0.046281
0.046256
0.046232
0.046182
0.046207
0.046306
0.046256
0.046207
0.046232
0.046158
0.046133
0.046232
0.046281
0.046256
0.046133
0.046133
0.046232
0.046256
0.046182
0.046182
0.04633
0.046306
0.046232
0.04633
0.046429
0.046355
0.04633
0.046429
0.046404
0.046232
0.046232
0.046281
0.046207
0.046207
0.046182
0.046158
0.046133
0.046035
0.04601
0.045986
0.046035
0.046084
0.046109
0.046133
0.046133
0.046158
0.046158
0.046207
0.046207
0.046232
0.046207
0.046182
0.046232
0.046207
0.046158
0.046207
0.046256
0.046256
0.046232
0.046207
0.046256
0.046256
0.046232
0.046281
0.046256
0.046182
0.046133
0.046306
0.046379
0.046355
0.046232
0.046158
0.046281
0.046256
0.046232
0.046256
0.046306
0.046232
0.046207
0.046256
0.046158
0.046133
0.046207
0.04633
0.046453
0.046429
0.04633
0.046232
0.046207
0.046158
0.046182
0.046355
0.046478
0.046429
0.04633
0.046281
0.046281
0.046281
0.046404
0.046429
0.046355
0.046306
0.046232
0.046182
0.046256
0.046256
0.046182
0.046207
0.046256
0.046256
0.046256
0.046256
0.046182
0.046158
0.046158
0.046182
0.046232
0.046232
0.046182
0.046059
0.045838
0.046207
0.046379
0.046453
0.046576
0.046576
0.046502
0.046404
0.04633
0.046281
0.046256
0.046256
0.046256
0.046232
0.046182
0.046133
0.046158
0.046133
0.046084
0.046059
0.046084
0.046158
0.046182
0.046133
0.046109
0.046158
0.046182
0.046232
0.046232
0.046084
0.046109
0.046256
0.046306
0.046207
0.046133
0.046207
0.046182
0.046133
0.046158
0.046158
0.046207
0.046256
0.046207
0.046232
0.046158
0.046182
0.046256
0.046256
0.046232
0.046232
0.046207
0.046158
0.046133
0.046109
0.046158
0.046109
0.046059
0.046084
0.046182
0.046207
0.046182
0.046109
0.046084
0.046158
0.046207
0.046133
0.046059
0.046059
0.046182
0.046281
0.046306
0.046256
0.046182
0.046059
0.046059
0.04633
0.046404
0.046355
0.046306
0.046306
0.046059
0.046059
0.046084
0.046084
0.046084
0.046109
0.045986
0.045936
0.045986
0.046035
0.046084
0.046084
0.046084
0.046109
0.046133
0.046158
0.046158
0.046158
0.046158
0.046182
0.046182
0.046133
0.046109
0.046182
0.046182
0.046182
0.046182
0.046182
0.046182
0.046158
0.046158
0.046158
0.046133
0.046158
0.046207
0.046256
0.046232
0.046158
0.046084
0.046133
0.046256
0.046207
0.046133
0.046158
0.046207
0.046207
0.046232
0.046256
0.046207
0.046232
0.046306
0.046306
0.04633
0.046306
0.046256
0.046182
0.046281
0.046355
0.046281
0.046306
0.046379
0.046355
0.046306
0.046232
0.046281
0.046281
0.046133
0.046182
0.046379
0.046453
0.046355
0.046281
0.046306
0.04633
0.04633
0.046256
0.046207
0.046256
0.046256
0.046207
0.046207
0.046232
0.046207
0.046182
0.046133
0.046133
0.046207
0.046207
0.046158
0.046158
0.046133
0.046158
0.046207
0.046207
0.046207
0.046256
0.046207
0.046158
0.046109
0.046084
0.046281
0.046453
0.046404
0.046355
0.046306
0.046232
0.046158
0.046256
0.046281
0.046207
0.046232
0.04633
0.046306
0.046232
0.046232
0.046207
0.046182
0.046232
0.046207
0.046207
0.046207
0.046182
0.046133
0.046109
0.046232
0.046306
0.046256
0.046256
0.046281
0.046256
0.046207
0.046232
0.046182
0.046133
0.046256
0.046404
0.046355
0.046306
0.046256
0.046182
0.046133
0.046256
0.046355
0.046404
0.046404
0.046355
0.046306
0.046256
0.046232
0.046232
0.046207
0.046182
0.046133
0.046084
0.046133
0.046133
0.046109
0.046084
0.046133
0.046158
0.046306
0.046232
0.046158
0.046109
0.046182
0.046207
0.046109
0.045961
0.045986
0.046035
0.045986
0.045986
0.045986
0.04601
0.04601
0.046035
0.046035
0.046035
0.04601
0.045986
0.045936
0.045862
0.045838
0.045813
0.045838
0.045838
0.045912
0.045961
0.045936
0.045862
0.045838
0.045887
0.045961
0.046035
0.046035
0.045961
0.045912
0.045961
0.045961
0.045936
0.045862
0.045862
0.045862
0.045813
0.045764
0.045789
0.045862
0.045813
0.045739
0.045764
0.045912
0.045887
0.045813
0.045887
0.045912
0.045961
0.046084
0.046059
0.045961
0.045986
0.046059
0.046035
0.04601
0.045986
0.045961
0.045961
0.045936
0.045936
0.045936
0.045912
0.045912
0.045961
0.045936
0.045912
0.045912
0.045912
0.045912
0.045912
0.045862
0.045887
0.045912
0.045912
0.045936
0.045961
0.045961
0.04601
0.045986
0.045936
0.045936
0.045862
0.045961
0.046084
0.046084
0.046059
0.046059
0.046084
0.04601
0.045986
0.046035
0.046059
0.046059
0.046035
0.046035
0.04601
0.04601
0.046035
0.045986
0.045986
0.04601
0.045986
0.045986
0.04601
0.04601
0.04601
0.04601
0.04601
0.045986
0.045986
0.04601
0.04601
0.045961
0.045936
0.045961
0.045961
0.04601
0.046059
0.046035
0.04601
0.046084
0.046035
0.04601
0.046084
0.046109
0.046109
0.046084
0.046084
0.046059
0.046059
0.046059
0.046035
0.04601
0.046035
0.04601
0.045986
0.04601
0.04601
0.04601
0.04601
0.04601
0.045986
0.045986
0.04601
0.04601
0.045986
0.045986
0.045961
0.045961
0.045961
0.045961
0.045936
0.045961
0.045961
0.045912
0.045887
0.045936
0.045961
0.045961
0.045961
0.045961
0.045936
0.045986
0.045986
0.045912
0.045887
0.045887
0.045887
0.045887
0.045862
0.045912
0.045961
0.045936
0.045887
0.045862
0.045838
0.045862
0.045887
0.045887
0.045813
0.045764
0.045764
0.045715
0.045739
0.045764
0.045739
0.045739
0.045813
0.045862
0.045862
0.045862
0.045912
0.045912
0.045887
0.045862
0.045862
0.045838
0.045838
0.045813
0.045862
0.045862
0.045838
0.045813
0.045813
0.045838
0.045813
0.045789
0.045764
0.045789
0.045764
0.045739
0.045739
0.045715
0.045715
0.045715
0.045764
0.045764
0.045764
0.045739
0.04569
0.045665
0.045715
0.045739
0.045764
0.045764
0.045739
0.045715
0.045739
0.045739
0.04569
0.045665
0.045715
0.045862
0.045813
0.045789
0.045789
0.045764
0.045739
0.045739
0.04569
0.04569
0.045715
0.04569
0.04569
0.04569
0.045665
0.045665
0.045665
0.045616
0.045616
0.045592
0.045567
0.045567
0.045592
0.045616
0.045542
0.045493
0.045542
0.045592
0.045567
0.045567
0.045542
0.045518
0.045518
0.045493
0.045469
0.045444
0.045469
0.045469
0.045469
0.045444
0.045395
0.045321
0.045321
0.045395
0.045419
0.045444
0.045419
0.045419
0.045395
0.045345
0.045296
0.045296
0.045321
0.045321
0.045345
0.045321
0.045321
0.045321
0.045321
0.045272
0.045247
0.045247
0.045247
0.045222
0.045198
0.045198
0.045173
0.045173
0.045173
0.045149
0.045124
0.045173
0.045222
0.045198
0.045173
0.045149
0.045149
0.045149
0.045124
0.045075
0.04505
0.04505
0.04505
0.04505
0.045075
0.04505
0.045001
0.045001
0.045025
0.04505
0.045025
0.045025
0.045025
0.045001
0.045025
0.045025
0.04505
0.04505
0.045075
0.045075
0.045099
0.045124
0.045124
0.045099
0.045075
0.04505
0.045025
0.044952
0.044828
0.044804
0.044976
0.04505
0.045075
0.045075
0.045099
0.045099
0.045001
0.044952
0.044927
0.045025
0.045149
0.045075
0.04505
0.045075
0.045075
0.04505
0.04505
0.045075
0.04505
0.045075
0.045099
0.045099
0.045075
0.045025
0.045025
0.045025
0.045025
0.04505
0.04505
0.045025
0.045025
0.045025
0.04505
0.045025
0.045001
0.045025
0.044976
0.044952
0.045001
0.045001
0.044976
0.044952
0.044804
0.044828
0.044976
0.045149
0.045198
0.045222
0.045198
0.045124
0.045173
0.045149
0.045173
0.045198
0.045173
0.045124
0.045124
0.045124
0.045099
0.045099
0.045099
0.045099
0.045075
0.045075
0.045099
0.045075
0.04505
0.045075
0.045075
0.045099
0.045149
0.045149
0.045099
0.045099
0.045075
0.04505
0.04505
0.045099
0.045075
0.045001
0.044927
0.044927
0.044976
0.045099
0.045198
0.045198
0.045149
0.045124
0.045124
0.045099
0.04505
0.044976
0.044927
0.044853
0.044828
0.045001
0.045124
0.045149
0.045149
0.045124
0.045075
0.045099
0.045149
0.045099
0.04505
0.045099
0.045124
0.04505
0.045001
0.04505
0.045099
0.045099
0.045075
0.04505
0.045001
0.044927
0.044828
0.044705
0.044632
0.044755
0.045296
0.045444
0.045247
0.045198
0.045247
0.045173
0.045149
0.045173
0.045124
0.045099
0.045099
0.045001
0.045001
0.044952
0.044976
0.04505
0.04505
0.044976
0.044952
0.044976
0.044952
0.044902
0.04473
0.044632
0.044804
0.044976
0.045247
0.045345
0.045272
0.045173
0.045149
0.045124
0.045099
0.045149
0.045099
0.04505
0.04505
0.04505
0.045025
0.04505
0.045025
0.044976
0.04505
0.045099
0.045075
0.045025
0.045025
0.045001
0.045099
0.045124
0.045099
0.045075
0.045075
0.044976
0.045001
0.045025
0.044902
0.044853
0.044927
0.044927
0.044853
0.045001
0.045124
0.045001
0.044902
0.044976
0.044976
0.04505
0.045075
0.045075
0.045075
0.045025
0.045025
0.045001
0.044976
0.044976
0.04505
0.045075
0.045124
0.045222
0.045272
0.045247
0.045247
0.045247
0.045272
0.045272
0.045222
0.045247
0.045222
0.045173
0.045198
0.045198
0.045124
0.045124
0.045272
0.04537
0.045321
0.045321
0.045222
0.045247
0.045395
0.045444
0.045444
0.045419
0.045444
0.045444
0.045469
0.045444
0.045345
0.045247
0.045296
0.045395
0.045493
0.045542
0.045444
0.045272
0.045296
0.045518
0.045592
0.045592
0.045592
0.045616
0.045567
0.045493
0.045469
0.045469
0.045419
0.045395
0.045444
0.045493
0.045518
0.045419
0.045469
0.045493
0.045444
0.045469
0.045518
0.045518
0.045567
0.045493
0.045542
0.045641
0.045542
0.045567
0.045518
0.045616
0.045665
0.045592
0.045567
0.045518
0.045542
0.045567
0.045542
0.045567
0.045592
0.045518
0.045567
0.045715
0.04569
0.045641
0.045665
0.045665
0.045665
0.045641
0.045616
0.045641
0.045641
0.045567
0.045592
0.045665
0.045641
0.045641
0.045665
0.045641
0.045665
0.045715
0.045789
0.045789
0.045739
0.045665
0.045641
0.04569
0.045641
0.045542
0.045592
0.045592
0.04569
0.045764
0.045764
0.045715
0.045665
0.045739
0.045813
0.045862
0.045813
0.045764
0.045764
0.045789
0.045715
0.04569
0.04569
0.045739
0.045764
0.045665
0.045665
0.045764
0.045739
0.045739
0.045764
0.045715
0.045641
0.045912
0.045961
0.045912
0.045813
0.045789
0.045813
0.045764
0.045764
0.045739
0.045665
0.045616
0.04569
0.045665
0.04569
0.04569
0.045641
0.04569
0.045715
0.045764
0.045789
0.045715
0.045665
0.045715
0.045715
0.045764
0.045764
0.045789
0.045813
0.045838
0.045789
0.045789
0.045838
0.045838
0.045838
0.045912
0.045936
0.045862
0.045789
0.045813
0.045936
0.045936
0.045912
0.045838
0.045715
0.045567
0.04569
0.045912
0.04601
0.045986
0.04601
0.04601
0.045936
0.045887
0.045887
0.045838
0.045986
0.046035
0.045936
0.045912
0.045887
0.045838
0.045838
0.045887
0.046059
0.046059
0.045986
0.046084
0.046035
0.04601
0.045986
0.04601
0.04601
0.045986
0.045936
0.045961
0.045961
0.045936
0.045912
0.045887
0.045912
0.045789
0.045862
0.045838
0.045764
0.045862
0.045986
0.045887
0.045739
0.045813
0.045961
0.046035
0.045986
0.045961
0.045961
0.045961
0.045862
0.045912
0.046035
0.045986
0.045862
0.045813
0.045912
0.046035
0.046133
0.046084
0.045986
0.045961
0.045912
0.045912
0.045936
0.045961
0.045961
0.045961
0.045936
0.04601
0.046059
0.045986
0.045986
0.046035
0.045986
0.045912
0.045986
0.045986
0.045936
0.045986
0.046084
0.046109
0.046059
0.046035
0.046084
0.046084
0.046084
0.046035
0.04601
0.046109
0.046207
0.046207
0.046207
0.046109
0.046084
0.046207
0.046232
0.046182
0.046109
0.046059
0.04601
0.04601
0.046109
0.046084
0.046109
0.046084
0.046035
0.046084
0.046109
0.046059
0.046133
0.046182
0.046182
0.046158
0.046109
0.046035
0.045912
0.045986
0.046035
0.046133
0.046084
0.046133
0.046207
0.046281
0.046404
0.04633
0.046207
0.046059
0.046084
0.046306
0.04633
0.046084
0.045887
0.045986
0.046109
0.046256
0.046429
0.046429
0.046306
0.046207
0.046109
0.046133
0.046035
0.046035
0.046109
0.046084
0.046035
0.045986
0.045961
0.045986
0.045986
0.046059
0.046109
0.046133
0.046109
0.046109
0.046109
0.046256
0.046453
0.046502
0.046502
0.046502
0.046453
0.046355
0.046404
0.046502
0.046453
0.046453
0.046502
0.046552
0.046576
0.046576
0.04665
0.046626
0.04665
0.04665
0.046601
0.046527
0.046502
0.046552
0.046502
0.046576
0.04665
0.046527
0.046404
0.046478
0.046626
0.046601
0.046527
0.046552
0.046527
0.046429
0.046404
0.046552
0.046626
0.046576
0.046527
0.046478
0.046404
0.046379
0.04633
0.046478
0.04665
0.04665
0.046576
0.046576
0.046527
0.046478
0.046379
0.046379
0.046429
0.046429
0.046355
0.046281
0.046256
0.046281
0.046404
0.046429
0.046404
0.046379
0.046355
0.046429
0.046453
0.046355
0.046453
0.046478
0.046429
0.046429
0.046429
0.046355
0.04633
0.046404
0.046379
0.046355
0.046306
0.046306
0.046429
0.046502
0.046379
0.046429
0.046576
0.046502
0.046453
0.046478
0.046527
0.046626
0.046601
0.046552
0.046502
0.046478
0.046478
0.046453
0.046453
0.046429
0.046404
0.046355
0.046404
0.046429
0.046404
0.046355
0.046355
0.046355
0.046306
0.046379
0.046478
0.046552
0.046626
0.046576
0.046576
0.046601
0.046552
0.046502
0.046478
0.046576
0.04665
0.046478
0.046502
0.046527
0.046552
0.046527
0.046527
0.046527
0.046527
0.046527
0.046453
0.046429
0.046502
0.046453
0.046453
0.046478
0.046478
0.046502
0.046601
0.046699
0.046749
0.046749
0.046699
0.04665
0.046699
0.04665
0.046576
0.046626
0.04665
0.046601
0.046552
0.046552
0.046453
0.046355
0.046355
0.046453
0.046502
0.046478
0.046527
0.046502
0.046502
0.046404
0.046379
0.046355
0.046379
0.046355
0.046355
0.046281
0.046232
0.046355
0.046502
0.046429
0.046379
0.046502
0.046527
0.046502
0.046478
0.046478
0.046527
0.046502
0.046453
0.046502
0.046478
0.046453
0.046429
0.046355
0.046306
0.046306
0.046355
0.046429
0.046478
0.046552
0.046601
0.046601
0.046502
0.046576
0.046675
0.04665
0.046552
0.046478
0.046552
0.046552
0.046601
0.046601
0.046576
0.046552
0.046552
0.046552
0.046576
0.046527
0.046502
0.046502
0.046478
0.046502
0.046527
0.046502
0.046527
0.046552
0.046527
0.046527
0.046527
0.046576
0.046527
0.046502
0.046453
0.046502
0.046601
0.04665
0.046675
0.046724
0.046724
0.046675
0.046601
0.046552
0.046502
0.046552
0.046675
0.04665
0.046626
0.046601
0.046626
0.046626
0.046626
0.046601
0.046626
0.046576
0.046576
0.046552
0.046552
0.046527
0.046527
0.046527
0.046502
0.046453
0.046429
0.046453
0.046552
0.046576
0.046429
0.046379
0.046527
0.046724
0.046798
0.046798
0.046749
0.046749
0.046675
0.046724
0.046773
0.046749
0.046675
0.04665
0.046675
0.046699
0.046675
0.046699
0.046675
0.046675
0.04665
0.04665
0.04665
0.046724
0.046699
0.046626
0.046626
0.046749
0.046773
0.046699
0.046699
0.046675
0.046699
0.046724
0.046749
0.046749
0.046724
0.046699
0.046675
0.046675
0.046675
0.046675
0.04665
0.046626
0.04665
0.04665
0.046601
0.046576
0.046552
0.046576
0.046576
0.046527
0.046527
0.046527
0.046552
0.046576
0.046601
0.046576
0.046601
0.04665
0.04665
0.046724
0.046724
0.046478
0.046429
0.046379
0.046306
0.046306
0.04633
0.046306
0.046281
0.046281
0.046256
0.046207
0.046158
0.046133
0.046109
0.046109
0.046084
0.046059
0.046059
0.046035
0.045986
0.045986
0.046109
0.046182
0.046207
0.046182
0.046084
0.04601
0.046109
0.046232
0.046084
0.046109
0.046281
0.046306
0.04633
0.046355
0.04633
0.046306
0.046281
0.046232
0.046207
0.046084
0.046084
0.046109
0.046109
0.046109
0.046084
0.046084
0.046035
0.04601
0.04601
0.04601
0.04601
0.045986
0.04601
0.045986
0.045986
0.04601
0.045986
0.045986
0.046035
0.046035
0.046059
0.046035
0.046059
0.046109
0.046084
0.046084
0.046084
0.046084
0.046059
0.046035
0.046059
0.046084
0.046035
0.046035
0.046035
0.04601
0.04601
0.045986
0.045936
0.045986
0.045986
0.045986
0.045986
0.04601
0.045986
0.045961
0.04601
0.04601
0.045986
0.045986
0.045986
0.045986
0.04601
0.04601
0.045986
0.046035
0.046035
0.04601
0.046035
0.046059
0.046059
0.046059
0.046035
0.04601
0.045986
0.04601
0.046035
0.046035
0.04601
0.045986
0.045986
0.045986
0.04601
0.045961
0.045936
0.045912
0.045961
0.046084
0.046084
0.046084
0.045986
0.046059
0.046109
0.046109
0.046109
0.046109
0.046084
0.046059
0.046035
0.045986
0.045961
0.045961
0.045961
0.045936
0.045887
0.045862
0.045862
0.045862
0.045838
0.045813
0.045789
0.045764
0.045764
0.045739
0.04569
0.045641
0.045592
0.045616
0.045665
0.04569
0.045764
0.045789
0.045715
0.04569
0.045641
0.04569
0.045813
0.045789
0.045739
0.045641
0.045739
0.045715
0.045715
0.045739
0.045739
0.045739
0.045739
0.045764
0.045739
0.045789
0.045813
0.045789
0.045764
0.045764
0.045715
0.04569
0.045641
0.045567
0.045518
0.045542
0.045567
0.045542
0.045493
0.045469
0.045493
0.045518
0.045518
0.045444
0.045395
0.045469
0.045493
0.045518
0.045493
0.045493
0.045518
0.045518
0.045542
0.045542
0.045567
0.045542
0.045518
0.045493
0.045567
0.045641
0.04569
0.04569
0.045665
0.045641
0.045641
0.045641
0.045641
0.045616
0.045616
0.045616
0.045592
0.045567
0.045592
0.045592
0.045567
0.045542
0.045592
0.045592
0.045542
0.045469
0.045518
0.045616
0.045715
0.045715
0.045641
0.045592
0.045616
0.045715
0.04569
0.04569
0.045641
0.045641
0.045641
0.04569
0.045715
0.045665
0.045665
0.045616
0.045616
0.045616
0.045616
0.045592
0.045542
0.045567
0.045567
0.045567
0.045567
0.045542
0.045542
0.045641
0.045641
0.045616
0.045616
0.045592
0.045592
0.045567
0.045542
0.045518
0.045567
0.045567
0.045518
0.045444
0.045469
0.045567
0.045592
0.045542
0.045444
0.045395
0.045567
0.045641
0.045592
0.045542
0.045518
0.045518
0.045542
0.045616
0.045592
0.045567
0.045567
0.045542
0.045592
0.045641
0.045616
0.045616
0.045592
0.045542
0.045518
0.045518
0.045542
0.045567
0.045518
0.045518
0.045518
0.045493
0.045469
0.04537
0.04537
0.045493
0.045518
0.045493
0.045518
0.045567
0.045567
0.045542
0.045493
0.045469
0.045493
0.045518
0.045493
0.045469
0.045395
0.04537
0.045469
0.045567
0.045542
0.045493
0.045567
0.045567
0.045518
0.045493
0.045469
0.045469
0.045469
0.045419
0.04537
0.045395
0.045395
0.045419
0.045444
0.045419
0.045419
0.04537
0.045345
0.045469
0.045518
0.045469
0.045444
0.045493
0.045567
0.045542
0.045542
0.045542
0.045518
0.045493
0.045419
0.045395
0.045345
0.045345
0.045345
0.045345
0.045321
0.045345
0.045321
0.045247
0.045296
0.045173
0.045222
0.045272
0.045296
0.045296
0.045296
0.045296
0.045321
0.045321
0.045321
0.045395
0.045395
0.045296
0.045296
0.04537
0.045469
0.045518
0.045469
0.045469
0.045444
0.04537
0.04537
0.045395
0.045444
0.045444
0.045444
0.045444
0.045444
0.045419
0.045395
0.045419
0.045444
0.045419
0.045395
0.045345
0.045296
0.045345
0.045345
0.045321
0.04537
0.045345
0.045419
0.045493
0.045518
0.045493
0.045469
0.045444
0.04537
0.045321
0.045345
0.045444
0.045493
0.045493
0.045444
0.045419
0.045493
0.045518
0.045518
0.045493
0.045444
0.045345
0.045296
0.045321
0.045321
0.045222
0.045222
0.045296
0.045419
0.04537
0.045345
0.045444
0.045419
0.045469
0.045395
0.045296
0.045321
0.045419
0.045395
0.04537
0.045345
0.045345
0.045296
0.045247
0.045272
0.045321
0.045419
0.045419
0.04537
0.045345
0.045321
0.045321
0.045321
0.045321
0.045296
0.045247
0.045272
0.045345
0.04537
0.045419
0.045444
0.04537
0.045321
0.04537
0.045419
0.04537
0.045272
0.045222
0.045222
0.045198
0.045272
0.045345
0.04537
0.045395
0.045419
0.045493
0.045444
0.045395
0.04537
0.04537
0.045345
0.04537
0.04537
0.045321
0.045222
0.045247
0.045345
0.045444
0.045395
0.045345
0.045345
0.045296
0.045296
0.045272
0.045321
0.04537
0.045395
0.045395
0.045321
0.045321
0.04537
0.045395
0.04537
0.04537
0.045345
0.045345
0.045296
0.045222
0.045198
0.045345
0.04537
0.045395
0.045469
0.045518
0.045469
0.045419
0.045493
0.045592
0.045592
0.045567
0.045493
0.045272
0.045321
0.04537
0.045395
0.045395
0.045345
0.045296
0.045296
0.045321
0.045321
0.045272
0.045222
0.045149
0.045198
0.045321
0.045395
0.045419
0.045444
0.045345
0.045296
0.045444
0.045493
0.045493
0.045493
0.045444
0.045444
0.045395
0.045469
0.045419
0.045419
0.045444
0.045518
0.045641
0.045616
0.045592
0.045567
0.045493
0.045444
0.045395
0.04537
0.045469
0.045444
0.045493
0.045444
0.045493
0.045518
0.045469
0.045493
0.045444
0.045518
0.045567
0.045493
0.045469
0.045567
0.045641
0.045665
0.045641
0.045542
0.045567
0.045592
0.045616
0.04569
0.045641
0.045665
0.045592
0.045567
0.045641
0.045641
0.045665
0.045641
0.045592
0.045616
0.045592
0.045493
0.045665
0.045862
0.045813
0.04569
0.045641
0.045641
