2018
5
17
10
50
48.027
0.00068929
0.00068929
0.00064006
0.00061544
0.00068929
0.00078776
0.00081238
0.00073853
0.00064006
0.00064006
0.00078776
0.00086161
0.00081238
0.00076314
0.00081238
0.00088623
0.00088623
0.00086161
0.00088623
0.00088623
0.00091085
0.0010093
0.00096008
0.00086161
0.00088623
0.00091085
0.00091085
0.000837
0.00078776
0.00078776
0.00088623
0.00096008
0.00091085
0.000837
0.00088623
0.0009847
0.0010339
0.00096008
0.00091085
0.0009847
0.00091085
0.0010093
0.0010832
0.0010586
0.00091085
0.00088623
0.00096008
0.0010586
0.0010339
0.00096008
0.00088623
0.00088623
0.0010093
0.0010832
0.0010339
0.00096008
0.0010093
0.0011324
0.001157
0.0010832
0.0010093
0.0010093
0.0010832
0.0011324
0.0010586
0.0010093
0.0010339
0.0011324
0.001157
0.0011078
0.0010339
0.0010586
0.0011324
0.0011816
0.0011078
0.0010093
0.0010093
0.0011078
0.0012063
0.0012309
0.0011324
0.0010832
0.0010339
0.0010586
0.0011324
0.001157
0.0011078
0.0010832
0.0010832
0.001157
0.0012063
0.0011816
0.0011324
0.0011078
0.0012063
0.0012555
0.0012309
0.0012063
0.0011816
0.0012801
0.0013786
0.0013293
0.0012063
0.0012063
0.0012555
0.0013047
0.0012801
0.0012309
0.0012063
0.0013047
0.0014524
0.0014524
0.0013047
0.0012801
0.0013293
0.001354
0.0013047
0.0012555
0.0012801
0.0013786
0.001354
0.0014032
0.0014524
0.0014032
0.001354
0.0013786
0.0014278
0.0014524
0.0014032
0.001354
0.0013786
0.0015017
0.0015509
0.0014771
0.0014278
0.0014032
0.0014524
0.0015263
0.0014524
0.001354
0.0013786
0.0015017
0.0016001
0.0015263
0.0014278
0.0014524
0.0015263
0.0015509
0.0015017
0.0014278
0.0014524
0.0015509
0.0016001
0.0015755
0.0015017
0.0014771
0.0015509
0.0016248
0.0015755
0.0015263
0.0016001
0.0014524
0.0014524
0.0016001
0.001674
0.0016248
0.0015755
0.0015755
0.0016494
0.0016986
0.0016494
0.0016001
0.001674
0.0017971
0.0018217
0.0016986
0.0015755
0.0015509
0.0016494
0.0017232
0.0016986
0.0016248
0.0016248
0.0017232
0.0018709
0.0018709
0.0017725
0.001674
0.0017232
0.0017725
0.0017725
0.0017725
0.0017971
0.0018709
0.0018709
0.0018217
0.0017478
0.0017478
0.0018217
0.0018709
0.0018217
0.0019202
0.0018955
0.0017971
0.0017725
0.0018463
0.0019202
0.0019202
0.0018463
0.0018463
0.0018955
0.0019448
0.0019448
0.0018955
0.0018463
0.0018955
0.001994
0.001994
0.0019202
0.0018709
0.0019694
0.0020679
0.0020433
0.0019202
0.0018709
0.0018955
0.0019694
0.0019202
0.0017971
0.0017971
0.0018709
0.0019694
0.0019448
0.0018463
0.0018463
0.0019448
0.0020186
0.001994
0.0018955
0.0018955
0.0019202
0.0018709
0.0019694
0.0020679
0.0020679
0.0020186
0.0019694
0.0019694
0.0020433
0.0020186
0.0019694
0.0019694
0.0020433
0.0021171
0.0020186
0.0018709
0.0018463
0.0018955
0.001994
0.0020433
0.001994
0.0019448
0.001994
0.0020679
0.0020679
0.001994
0.001994
0.0020433
0.0020925
0.0020925
0.001994
0.001994
0.0020433
0.0020925
0.0020679
0.001994
0.001994
0.0020925
0.0022402
0.002191
0.0020679
0.0020679
0.001994
0.0020186
0.0020925
0.0021171
0.0020925
0.0020679
0.0020925
0.0020925
0.0020925
0.0020925
0.0020186
0.001994
0.0020679
0.0021171
0.0021171
0.0020679
0.0020679
0.0021171
0.0022156
0.002191
0.0021417
0.0021171
0.0022156
0.0022894
0.0022894
0.002191
0.0020925
0.0021417
0.0022402
0.0022648
0.0022156
0.0022156
0.0022648
0.0022894
0.0022648
0.0021663
0.0021171
0.0022156
0.0020925
0.0022156
0.0023387
0.0022648
0.0021663
0.0021417
0.0022402
0.002314
0.002314
0.0022402
0.002191
0.0022156
0.0022648
0.0022894
0.0022648
0.0022648
0.0023387
0.0024125
0.0023633
0.0022648
0.0022156
0.0022894
0.0023633
0.0022894
0.0022156
0.0022402
0.0023387
0.0024125
0.0023387
0.0022402
0.002191
0.0022402
0.0023387
0.0023879
0.0023633
0.002314
0.0023633
0.0024371
0.0023879
0.0022894
0.0023879
0.002314
0.0022894
0.0023387
0.0024125
0.0024618
0.0024125
0.0024125
0.0024125
0.0025356
0.002511
0.0024125
0.0023633
0.0023879
0.0024618
0.0024371
0.0023879
0.0024125
0.0024618
0.0025356
0.0025848
0.002511
0.0024618
0.0024864
0.0025356
0.002511
0.0024864
0.0024618
0.0024864
0.0025602
0.0025848
0.0025356
0.002511
0.002511
0.0025602
0.0025602
0.0024864
0.0024618
0.0025602
0.0026833
0.0026587
0.0026341
0.0025356
0.0024618
0.0025356
0.0026833
0.0027079
0.0026095
0.0025356
0.0025356
0.0026095
0.0026341
0.0025848
0.0025602
0.0026341
0.0026833
0.0026587
0.0025848
0.0025602
0.0026341
0.0027572
0.0028064
0.0027079
0.0025848
0.0025602
0.0026587
0.0026833
0.0026587
0.0026587
0.0026587
0.0027079
0.0027079
0.0026587
0.0026341
0.0027079
0.0027572
0.0027818
0.0027079
0.0026833
0.0027325
0.0027079
0.0027325
0.0028064
0.002831
0.0027818
0.0026833
0.0026833
0.0027572
0.0028064
0.0028064
0.0027572
0.0027818
0.0028556
0.002831
0.0027818
0.0027572
0.0028064
0.0028802
0.0028802
0.0028802
0.0028556
0.0028556
0.0029049
0.0029295
0.0028556
0.0027818
0.002831
0.0029049
0.0029049
0.0028802
0.0028556
0.0028802
0.0029541
0.0029541
0.0029049
0.0028802
0.0029295
0.003028
0.0030526
0.0029787
0.0031018
0.0030526
0.0030033
0.003028
0.0031018
0.0031018
0.0030772
0.0030526
0.0030526
0.0030772
0.0030772
0.0030526
0.0030033
0.0030526
0.003151
0.0032003
0.0031018
0.0030033
0.0030526
0.0031757
0.0032249
0.003151
0.0030526
0.0030033
0.0030526
0.0030772
0.003028
0.0030033
0.0030772
0.003151
0.0031757
0.003151
0.0031264
0.003151
0.0032003
0.0032249
0.0031264
0.0030526
0.0030526
0.0031264
0.0032249
0.0031264
0.0030772
0.003151
0.0032741
0.0033234
0.0032495
0.0031757
0.0032249
0.0032987
0.0032741
0.0032249
0.0031757
0.0031757
0.0032495
0.0032987
0.0032987
0.0032003
0.0032003
0.0032987
0.0033234
0.0032987
0.0032495
0.0032495
0.0032987
0.0033726
0.003348
0.0032987
0.0032495
0.003348
0.0034218
0.003348
0.0032741
0.003348
0.0034465
0.0034957
0.0034465
0.003348
0.0033234
0.0033972
0.003348
0.0034218
0.0034711
0.0034218
0.0033234
0.0033234
0.0033972
0.0034711
0.0034957
0.0034218
0.0034218
0.0034711
0.0034957
0.0033972
0.003348
0.0034218
0.0035695
0.0036188
0.0035449
0.0034711
0.0034218
0.0034711
0.0035203
0.0034711
0.0034218
0.0034465
0.0035203
0.0035695
0.0035203
0.0034465
0.0034465
0.0035449
0.0035942
0.0035449
0.0034957
0.0034711
0.0035449
0.0035942
0.0035942
0.0035203
0.0035942
0.0035449
0.0035449
0.0036188
0.003668
0.003668
0.0036188
0.0035942
0.0036434
0.0036926
0.0036434
0.0035942
0.0035695
0.0036434
0.003668
0.0036434
0.0036188
0.0035942
0.003668
0.0037172
0.003668
0.0036434
0.0036188
0.0037172
0.0037665
0.0037665
0.0036926
0.003668
0.0036926
0.0037419
0.0037172
0.003668
0.003668
0.0037419
0.0037911
0.0037419
0.003668
0.003668
0.0037665
0.0038403
0.0038403
0.003865
0.003865
0.0038403
0.0037665
0.0037172
0.0037419
0.0037665
0.0036926
0.0037172
0.0038403
0.0039388
0.0039388
0.0038403
0.0037665
0.0037911
0.003865
0.0039142
0.003865
0.0038896
0.0039388
0.0039634
0.0039142
0.003865
0.0038896
0.0039634
0.0040127
0.0040373
0.0039388
0.0038896
0.0038896
0.0039142
0.0038896
0.0038896
0.0038896
0.0039142
0.0039634
0.0039388
0.003865
0.0038403
0.0038896
0.0038403
0.0038896
0.0039634
0.003988
0.0039634
0.0039634
0.003988
0.003988
0.0039142
0.0038403
0.0038403
0.0039388
0.0040127
0.003988
0.0039388
0.0039142
0.003988
0.0040127
0.0040127
0.0039388
0.0039388
0.0039634
0.0040127
0.0040127
0.0039388
0.0039388
0.0040619
0.0041111
0.0040619
0.0039388
0.0039142
0.003988
0.0040619
0.0040619
0.0040127
0.0040127
0.0040373
0.0040619
0.0040619
0.0041111
0.0040619
0.0040373
0.0040373
0.0041111
0.004185
0.0041604
0.0040373
0.0040127
0.0040865
0.0041357
0.0041111
0.0040619
0.0040619
0.0041604
0.004185
0.0041357
0.0040865
0.0040865
0.0041604
0.0042096
0.004185
0.0041111
0.0041357
0.0041604
0.0042342
0.0042096
0.0041604
0.0041357
0.004185
0.0042342
0.0042096
0.0041604
0.0041111
0.004185
0.0042588
0.0042588
0.0042096
0.0041604
0.0042342
0.0041357
0.004185
0.0043327
0.0043573
0.0042834
0.0042342
0.0042588
0.0042834
0.0043081
0.0042834
0.0042834
0.0042588
0.0042834
0.0042834
0.0042096
0.004185
0.0042342
0.0043327
0.0043573
0.0043081
0.0042834
0.0043327
0.0043819
0.0043573
0.0042588
0.0042342
0.0042834
0.0043819
0.0043819
0.0043327
0.0042834
0.0043327
0.0044065
0.0043819
0.0043327
0.0043327
0.0043573
0.0044065
0.0044558
0.0044065
0.0043573
0.0043327
0.0043819
0.0043819
0.0043819
0.0043819
0.0043327
0.0043327
0.0044312
0.004505
0.0044312
0.0043819
0.0044312
0.004505
0.0044804
0.0043819
0.0043327
0.0044312
0.0045296
0.0045789
0.0044804
0.0044065
0.004505
0.0045296
0.0044558
0.0044065
0.0043819
0.0044065
0.0044804
0.004505
0.004505
0.0044804
0.004505
0.0045296
0.0044804
0.0044558
0.0044558
0.0045542
0.0046281
0.0046281
0.0046281
0.0046773
0.0046527
0.0046281
0.0046527
0.0046527
0.0046281
0.0046035
0.0045789
0.0046035
0.0046281
0.0046035
0.004505
0.004505
0.0046035
0.0046281
0.0046281
0.0045542
0.0045296
0.0045789
0.0046281
0.0046035
0.0046035
0.0046281
0.0046527
0.0046527
0.0046527
0.0045789
0.0045789
0.0046281
0.0047266
0.0047758
0.0046773
0.0045542
0.0045789
0.0046773
0.0046773
0.0046281
0.0046035
0.0046773
0.0046527
0.0046527
0.0047266
0.0047758
0.0047266
0.0046773
0.0047019
0.0047266
0.0047758
0.0047266
0.0047019
0.0047266
0.0047758
0.0048004
0.0047266
0.0046527
0.0046773
0.0048004
0.004825
0.0047512
0.0046773
0.0047019
0.004825
0.0048497
0.0048004
0.0047512
0.0048004
0.0048989
0.0048497
0.0047758
0.0047512
0.0048004
0.0048989
0.0048989
0.0048004
0.0047512
0.0048004
0.0049235
0.0049727
0.0048743
0.0048989
0.0048497
0.0048743
0.0049481
0.0049727
0.0048989
0.0048497
0.0048497
0.0048989
0.0049481
0.0048989
0.0048497
0.0048743
0.0049235
0.0049481
0.0049481
0.0049481
0.0049235
0.0049727
0.0049727
0.0049235
0.0048989
0.0049235
0.0049974
0.005022
0.0049727
0.0049481
0.0049727
0.0049727
0.0049727
0.0048989
0.004825
0.0048989
0.005022
0.0050712
0.005022
0.0049974
0.005022
0.0050466
0.0051204
0.0050466
0.0050466
0.0049481
0.0049481
0.0050466
0.0051204
0.0051204
0.0050466
0.005022
0.0050466
0.0050466
0.0050712
0.0050466
0.0050466
0.0050712
0.0050958
0.0051451
0.0050958
0.0050466
0.0050958
0.0051697
0.0051451
0.0050466
0.0049974
0.0049974
0.0050712
0.0050958
0.0050712
0.0050712
0.0050958
0.0051451
0.0051697
0.0051451
0.0050958
0.0050712
0.0051451
0.0052435
0.0051943
0.0050466
0.0050466
0.0050466
0.0050712
0.0051697
0.0051943
0.0051943
0.0051451
0.0051204
0.0051943
0.0052189
0.0051697
0.0051204
0.0051204
0.0051943
0.0052435
0.0052189
0.0051943
0.0052189
0.0052681
0.0052928
0.0052681
0.0052189
0.0052435
0.0052928
0.0053666
0.005342
0.0052928
0.0052928
0.0053174
0.005342
0.0052928
0.0052435
0.0052435
0.0052928
0.0053666
0.0053174
0.0052435
0.0052435
0.0052681
0.005342
0.005342
0.0052928
0.0052435
0.0051943
0.0052681
0.005342
0.005342
0.0052928
0.0052928
0.005342
0.0053666
0.005342
0.0053174
0.0053174
0.0053174
0.0054405
0.0055143
0.005342
0.0052681
0.005342
0.0053912
0.0053666
0.0052928
0.0052928
0.005342
0.0054159
0.0054159
0.0053666
0.005342
0.0053912
0.0054405
0.0053912
0.0053174
0.005342
0.0054159
0.0054405
0.0053666
0.0053174
0.0053174
0.0053912
0.0054159
0.0054405
0.0054405
0.0054651
0.0054159
0.0053912
0.0054405
0.0055143
0.0055143
0.0054159
0.0053912
0.0055143
0.0055882
0.0055636
0.0054405
0.0053912
0.0054897
0.0055143
0.0054897
0.0053912
0.005342
0.0054159
0.0054897
0.0055143
0.0054897
0.0054897
0.0055636
0.0056128
0.0055636
0.0054651
0.0054159
0.0054897
0.0055389
0.0054897
0.0054405
0.0054405
0.0054897
0.0055636
0.0055636
0.0054897
0.0054651
0.0055636
0.0055389
0.0055636
0.0055882
0.0055636
0.0055143
0.0055143
0.0055882
0.0057113
0.0056866
0.0055636
0.0055389
0.0055882
0.0056374
0.005662
0.0055882
0.0055389
0.0055882
0.0056374
0.0056374
0.0056128
0.005662
0.0057359
0.0057359
0.005662
0.0055882
0.0055882
0.0056374
0.005662
0.005662
0.0055636
0.0055636
0.005662
0.0057113
0.0057851
0.0058097
0.0057605
0.005662
0.0056128
0.0056128
0.005662
0.0056866
0.0056374
0.0056374
0.0056866
0.0057359
0.0056866
0.0056374
0.0056374
0.0057359
0.005859
0.0058097
0.0056866
0.0056374
0.0057113
0.0057605
0.0057359
0.0056866
0.0056128
0.0056866
0.0057851
0.0057851
0.0057113
0.005662
0.0057113
0.0057605
0.0057851
0.0057359
0.0057113
0.0057605
0.0059082
0.0059821
0.005859
0.0057851
0.0057605
0.0057851
0.0057851
0.0057605
0.0057851
0.005859
0.0058344
0.0058836
0.0059082
0.0058836
0.0058344
0.0057851
0.0058344
0.0058836
0.0058836
0.0058344
0.0057605
0.0057851
0.005859
0.0059082
0.0058344
0.0058097
0.0058344
0.0058836
0.0059328
0.0058836
0.005859
0.0059082
0.0059328
0.0059082
0.005859
0.0058097
0.0058344
0.0059082
0.0059082
0.0058836
0.0058344
0.0059574
0.0060313
0.0059821
0.0058836
0.0058344
0.0058836
0.0059574
0.0059328
0.005859
0.0059821
0.0059082
0.005859
0.0058836
0.0059574
0.0059821
0.0059574
0.0059082
0.0059574
0.0060313
0.0060313
0.0059328
0.0059082
0.0059328
0.0059821
0.0060067
0.0059574
0.0059082
0.0059082
0.0060313
0.0060805
0.0060313
0.0059574
0.0059821
0.0060067
0.0060067
0.0060067
0.0060067
0.0060313
0.0060805
0.0061051
0.0060805
0.0060805
0.0060805
0.0061051
0.0061051
0.0060067
0.0059821
0.0059821
0.0060805
0.0061298
0.0060805
0.0060559
0.0061051
0.006179
0.0062036
0.0061298
0.0060313
0.0060313
0.0061298
0.0061544
0.0060805
0.0060313
0.0061298
0.0062528
0.0062528
0.0061298
0.0060805
0.0061298
0.0062036
0.0062528
0.0062282
0.006179
0.0061544
0.0062528
0.0063021
0.0062282
0.0062282
0.0062528
0.0062528
0.0063021
0.0062775
0.0061544
0.006179
0.0062775
0.0063513
0.0063021
0.0062775
0.0062528
0.0062775
0.0062282
0.0063267
0.0063267
0.0062528
0.0062775
0.0063513
0.0064006
0.0063759
0.0063513
0.0063267
0.0063021
0.0063267
0.0063513
0.0063021
0.0062775
0.0063267
0.0064006
0.0064498
0.0063759
0.0063021
0.0063021
0.0063759
0.0064252
0.0064006
0.0063513
0.0063759
0.0064006
0.0064498
0.0064252
0.0063513
0.0064006
0.0064744
0.006499
0.0064252
0.0063513
0.0063513
0.0064252
0.0064744
0.0064498
0.0063759
0.0064744
0.0063759
0.0064006
0.0065483
0.0065975
0.006499
0.0064498
0.0064744
0.0065236
0.0065483
0.006499
0.0064498
0.006499
0.0065729
0.0065975
0.0065729
0.0065483
0.0066221
0.0066467
0.0066467
0.0065729
0.006499
0.006499
0.0065975
0.0066221
0.006499
0.006499
0.0065483
0.0066467
0.0066713
0.0065729
0.0064744
0.0065236
0.0065483
0.0065483
0.0065483
0.006499
0.006499
0.0065975
0.0066467
0.0067206
0.0066467
0.0065729
0.0066221
0.0066713
0.0066467
0.0065483
0.0064744
0.0065236
0.0066467
0.006696
0.0066467
0.0065729
0.0065483
0.0066221
0.0066467
0.0066713
0.0066221
0.0065975
0.0066713
0.0066713
0.0066221
0.0065975
0.0066221
0.006696
0.0067698
0.0067452
0.006696
0.0066467
0.0066467
0.0066713
0.006696
0.006696
0.0067206
0.0067698
0.0067698
0.0067206
0.0066467
0.0066713
0.0067206
0.006696
0.0067452
0.0067698
0.0067206
0.0067206
0.0067452
0.0068191
0.0068437
0.0067698
0.006696
0.006696
0.0067698
0.0067944
0.0067452
0.006696
0.0067452
0.0068437
0.0068929
0.0068437
0.0067452
0.0067698
0.0067944
0.0068191
0.0068191
0.0068437
0.0068683
0.0068683
0.0068929
0.0068437
0.0068191
0.0068191
0.0068191
0.0068437
0.0068191
0.0067452
0.0067698
0.0068437
0.0068929
0.0068437
0.0067944
0.0069421
0.0068437
0.0068437
0.0068929
0.0069421
0.0068929
0.0068437
0.0068437
0.0069421
0.0069668
0.0069421
0.0069421
0.0069421
0.0069914
0.0069914
0.0069668
0.0069421
0.0069421
0.0069668
0.0069421
0.0069421
0.0068683
0.0068437
0.0069175
0.0069914
0.0069914
0.0069175
0.0069175
0.0069175
0.0069175
0.0069175
0.0068929
0.0068929
0.0069668
0.0069914
0.0069914
0.0069175
0.0069175
0.0069914
0.0070406
0.0069914
0.0071145
0.0071145
0.007016
0.0069175
0.0069914
0.0070652
0.0070406
0.007016
0.0069175
0.0069668
0.0070406
0.0070406
0.0069668
0.0069421
0.0069914
0.0070406
0.0070406
0.0070652
0.007016
0.0070406
0.0070652
0.0070652
0.0070406
0.0069914
0.007016
0.0070652
0.0071145
0.0071391
0.0070898
0.0071145
0.0071883
0.0071637
0.0070898
0.0070406
0.0070898
0.0071145
0.0071145
0.0071145
0.0070898
0.0070652
0.007016
0.007016
0.0070898
0.0071145
0.0070898
0.0070898
0.0070898
0.0071391
0.0070652
0.0069914
0.0069914
0.0070406
0.0071145
0.0071391
0.0070652
0.007016
0.007016
0.0070406
0.0070652
0.0069914
0.0069914
0.0070898
0.0071637
0.0070898
0.0069914
0.0069421
0.007016
0.0070898
0.0071145
0.007016
0.0069668
0.007016
0.0070406
0.0069914
0.0069421
0.0069421
0.007016
0.0070652
0.007016
0.0069175
0.0069175
0.0068683
0.0068437
0.0068929
0.0068683
0.0068191
0.0067698
0.0067452
0.0067698
0.0068191
0.0068683
0.0067944
0.006696
0.0066713
0.0067206
0.0067452
0.006696
0.0066467
0.0067206
0.0067944
0.0067206
0.0066467
0.0066221
0.0066713
0.0067206
0.006696
0.0066467
0.0066713
0.0066713
0.0067206
0.0067206
0.0066713
0.0066467
0.0066221
0.0066467
0.0066713
0.0066467
0.0066467
0.0066713
0.0065483
0.0065975
0.0066713
0.0067206
0.006696
0.0066467
0.0066713
0.0067206
0.0067206
0.0066467
0.0066221
0.0067452
0.0068191
0.0067944
0.006696
0.0066467
0.0066713
0.0067698
0.0067698
0.006696
0.0066467
0.006696
0.0067452
0.0067698
0.0067452
0.0067452
0.0068437
0.0069175
0.0068929
0.0067698
0.0067452
0.0068191
0.0068437
0.0068929
0.0068929
0.0068437
0.0068437
0.0068683
0.0068437
0.0068191
0.0069175
0.0068437
0.0068191
0.0068929
0.0069421
0.0069421
0.0069175
0.0068683
0.0068683
0.0069421
0.0069668
0.0069668
0.0069421
0.0069668
0.0070406
0.0069914
0.0069421
0.0069175
0.0069421
0.0069914
0.0069914
0.0069668
0.0069668
0.007016
0.0070652
0.0070652
0.007016
0.0069668
0.007016
0.0071145
0.0071391
0.0070898
0.0069914
0.007016
0.0070898
0.0071391
0.0071145
0.007016
0.007016
0.0070406
0.0070898
0.0071391
0.0071391
0.0070652
0.0070652
0.0071391
0.0072375
0.0072868
0.0072622
0.0071883
0.0072129
0.0072622
0.007336
0.0073114
0.0072375
0.0072622
0.0072868
0.0072622
0.0072375
0.0072129
0.0072375
0.0072868
0.0072868
0.0072622
0.0072129
0.0072129
0.0072622
0.0072375
0.0072129
0.0072129
0.0072622
0.0073114
0.0073114
0.0072129
0.0072129
0.0072868
0.0073606
0.0073606
0.0073606
0.0072868
0.0073114
0.0073853
0.0074345
0.0073853
0.0073606
0.0073853
0.0074345
0.0074591
0.0074345
0.0073606
0.0073606
0.0074591
0.0074837
0.0074099
0.0073606
0.0073606
0.0074591
0.0075083
0.0074591
0.0073606
0.0074099
0.007533
0.007533
0.0074837
0.0074099
0.0074591
0.0075576
0.0075576
0.0075083
0.0075083
0.0075083
0.0075083
0.0075083
0.0074837
0.0074591
0.0074591
0.007533
0.0075822
0.0075576
0.0075083
0.0075822
0.0075822
0.0075822
0.0076068
0.0076314
0.0075822
0.007533
0.0075576
0.0076807
0.0077053
0.0076314
0.0075822
0.0075822
0.0075822
0.0076068
0.0076068
0.0075576
0.0075576
0.0076068
0.0076314
0.0076314
0.0075822
0.0076314
0.0077545
0.0077299
0.0076314
0.0076068
0.0076068
0.0076314
0.007656
0.0076314
0.0076068
0.0076068
0.007656
0.0077053
0.0077053
0.007656
0.0076807
0.0077545
0.0077545
0.0077791
0.007853
0.0078038
0.0077299
0.0077053
0.0077299
0.0077545
0.0078284
0.0078284
0.0077299
0.0077299
0.0077791
0.0077791
0.0077545
0.0077545
0.0078284
0.0078284
0.0078038
0.0077791
0.0077791
0.0078284
0.0078284
0.0077791
0.0077545
0.0078038
0.007853
0.0079022
0.0079022
0.0078284
0.0077545
0.0078038
0.007853
0.007853
0.0077791
0.0077791
0.0078776
0.0079761
0.0079268
0.007853
0.0079022
0.0078284
0.0078284
0.0079022
0.0079761
0.0079761
0.0079268
0.0079515
0.0079515
0.0079515
0.0079268
0.007853
0.007853
0.0079515
0.0079761
0.0079515
0.0078776
0.0078776
0.0079515
0.0080253
0.0080745
0.0080253
0.0080253
0.0080745
0.0081238
0.0080253
0.0079761
0.0079268
0.0080007
0.0080745
0.0080499
0.0080253
0.0080253
0.0080499
0.0080992
0.0080992
0.0080745
0.0080745
0.0080992
0.0081238
0.0081238
0.0080253
0.0080253
0.0080007
0.0080007
0.0080499
0.0080992
0.0080499
0.0080007
0.0080745
0.0081484
0.0081976
0.0081238
0.0080499
0.0080253
0.0080499
0.0080992
0.0080745
0.0080253
0.0080007
0.0080253
0.0080992
0.0081484
0.0080499
0.0080007
0.0080992
0.0081238
0.0080745
0.0080007
0.0080745
0.0081484
0.0081484
0.0080992
0.0080745
0.0080992
0.008173
0.0082223
0.0081484
0.0080499
0.0080745
0.0081238
0.0080499
0.0080992
0.0081484
0.008173
0.0081238
0.0080745
0.0080992
0.0081238
0.0080745
0.0080499
0.0081484
0.0082469
0.0081976
0.0081238
0.0080499
0.0080253
0.0080992
0.0081976
0.0081976
0.0080992
0.0080745
0.0081238
0.0081976
0.0081976
0.0081484
0.0080992
0.0081484
0.0082715
0.0082961
0.0082223
0.0081484
0.0081484
0.0081976
0.0081976
0.0081484
0.0081238
0.0081976
0.0082469
0.0082223
0.008173
0.0082469
0.0081976
0.0081484
0.008173
0.0082715
0.0083207
0.0082223
0.0081484
0.0081484
0.0082223
0.0081976
0.0081484
0.0081484
0.0082469
0.0083207
0.0082961
0.0082715
0.0082223
0.0082223
0.0082223
0.0083207
0.0082961
0.0082715
0.0082961
0.0083453
0.0083453
0.0082715
0.0082715
0.0083453
0.0084438
0.0083946
0.0082715
0.0081976
0.0082223
0.0083207
0.0083207
0.0082961
0.0083207
0.00837
0.0083946
0.0082715
0.0083453
0.0083207
0.0082715
0.0082715
0.0083207
0.0083946
0.0083946
0.0083453
0.0083207
0.00837
0.0083946
0.0083946
0.0083946
0.0083946
0.0084192
0.0084684
0.008493
0.0084438
0.0083946
0.0084192
0.0084684
0.0084684
0.0084192
0.00837
0.0083453
0.0084684
0.0085177
0.0084438
0.0083946
0.0084192
0.0084684
0.0084684
0.0084438
0.0084684
0.0085177
0.0085915
0.0085669
0.0084684
0.0084192
0.008493
0.008493
0.0085423
0.0085915
0.0085669
0.0085177
0.0085177
0.0085423
0.0086161
0.0086654
0.0085669
0.0085177
0.0085423
0.0085915
0.0085915
0.0085669
0.0085177
0.0085423
0.0085423
0.0085669
0.0085177
0.0084684
0.0085177
0.0085669
0.0085669
0.0085669
0.0085915
0.0085915
0.0085915
0.0085669
0.0085177
0.0084684
0.0085177
0.0085669
0.0085915
0.0085423
0.0085177
0.0085423
0.0085915
0.0085915
0.0086161
0.0086161
0.0085669
0.0085915
0.0086161
0.0086407
0.0086161
0.0085423
0.008493
0.0085423
0.0086407
0.0086407
0.0086161
0.0085669
0.0085423
0.0085915
0.0086654
0.0086654
0.0085915
0.0086161
0.0086407
0.0086654
0.0086654
0.0086161
0.0086407
0.00869
0.0087146
0.00869
0.0086654
0.0086407
0.0087392
0.0087392
0.0086407
0.0085423
0.0085669
0.0086654
0.00869
0.0086161
0.0085669
0.0086161
0.0086654
0.00869
0.0087392
0.0087885
0.0087392
0.0086654
0.00869
0.0087638
0.0087638
0.0087146
0.00869
0.0087392
0.0087638
0.0087885
0.0087885
0.0087638
0.0087885
0.0088131
0.0087638
0.0087146
0.00869
0.0087392
0.0087885
0.0087885
0.0087638
0.0087146
0.0087638
0.0087638
0.0087638
0.0087146
0.00869
0.0087146
0.0087392
0.0087885
0.0087885
0.0087638
0.0087638
0.0088377
0.0088623
0.0088131
0.0088623
0.0088377
0.0087885
0.0088131
0.0088623
0.0088623
0.0088377
0.0087638
0.0088131
0.0088869
0.0089115
0.0089115
0.0088623
0.0088131
0.0088623
0.0088869
0.0088377
0.0087885
0.0088131
0.0088869
0.0089115
0.0088869
0.0088131
0.0087885
0.0088131
0.0088377
0.0088131
0.0088131
0.0088623
0.0089115
0.0089608
0.0089362
0.0088869
0.0088869
0.0089115
0.0089115
0.0088623
0.0088623
0.0088377
0.0088623
0.0088377
0.0089362
0.0089854
0.0089115
0.0088377
0.0088377
0.0088869
0.0089115
0.0089115
0.0088623
0.0088623
0.0089115
0.0089608
0.0088869
0.0088623
0.0088869
0.0089362
0.0089854
0.0089362
0.0089115
0.0089362
0.0089854
0.00901
0.0089854
0.0089362
0.0089362
0.0089854
0.0090346
0.0090346
0.0089854
0.0089115
0.0089608
0.00901
0.0089608
0.0088869
0.0089362
0.0090346
0.0090346
0.00901
0.0089608
0.0088869
0.0088869
0.0089115
0.0089608
0.0089854
0.0089362
0.0088869
0.0089115
0.0089608
0.00901
0.0089854
0.0089608
0.0089854
0.00901
0.0090592
0.0090592
0.00901
0.0089854
0.0089854
0.00901
0.00901
0.0089608
0.00901
0.0090839
0.0090839
0.0090346
0.0089362
0.0088869
0.0089362
0.00901
0.0090592
0.0089854
0.0089115
0.0089854
0.0090346
0.0090346
0.0089854
0.0089608
0.0090346
0.0090839
0.0090839
0.0090592
0.0090592
0.0090839
0.0090592
0.0091085
0.0090839
0.0090839
0.0091085
0.0091085
0.0091085
0.00901
0.0089608
0.0090346
0.0091085
0.0090592
0.0089854
0.00901
0.0090839
0.0091331
0.0090839
0.0090839
0.0090839
0.0091331
0.0091577
0.0091577
0.0091085
0.0090839
0.0091085
0.0091577
0.0091331
0.0090839
0.0090839
0.0091331
0.0091823
0.0091823
0.0091577
0.0091331
0.0091823
0.009207
0.0090592
0.0091085
0.0090839
0.0090346
0.0090592
0.0091331
0.009207
0.0091577
0.0090839
0.0090839
0.0091085
0.0091577
0.0091577
0.0091331
0.0091577
0.0091577
0.0091823
0.0091823
0.0091331
0.0091085
0.0091823
0.0092562
0.0092562
0.0091823
0.0091331
0.0091577
0.009207
0.0092316
0.009207
0.0092316
0.0092562
0.0092808
0.0092316
0.009207
0.0091823
0.0091577
0.009207
0.009207
0.0091331
0.0091331
0.0091577
0.0091577
0.009207
0.0092808
0.0092808
0.0092316
0.009207
0.0092562
0.0092808
0.0092808
0.0092562
0.0092316
0.0092808
0.00933
0.0093054
0.0092808
0.0092316
0.0092316
0.0093054
0.0093054
0.0092808
0.0092562
0.0092562
0.0093054
0.0092808
0.0092316
0.0092562
0.0092808
0.0093054
0.0093054
0.0092562
0.0092808
0.0093054
0.00933
0.00933
0.00933
0.00933
0.0093547
0.0093793
0.0094039
0.0094285
0.0094039
0.0093547
0.0093793
0.0094285
0.0094531
0.0094285
0.0093793
0.0093054
0.00933
0.0093547
0.0093547
0.00933
0.0093054
0.0093547
0.0094039
0.0094285
0.0093547
0.0093054
0.0093547
0.0094285
0.0094285
0.00933
0.0092808
0.00933
0.0093793
0.0093793
0.0093547
0.0092562
0.00933
0.0094285
0.0094531
0.0094285
0.0094039
0.0093793
0.0093793
0.0094039
0.0093793
0.0093793
0.0094039
0.0092808
0.00933
0.0094039
0.0094039
0.0093547
0.0093547
0.0093793
0.0094285
0.0094285
0.0093793
0.00933
0.0093547
0.0094285
0.0094777
0.0094285
0.0094039
0.0094531
0.0095024
0.0095024
0.0094531
0.0094531
0.0094777
0.009527
0.0094777
0.0094531
0.0094039
0.0094285
0.0095024
0.009527
0.0094777
0.0094285
0.0094285
0.0094777
0.0094777
0.0094285
0.0094039
0.009527
0.0095762
0.0094531
0.00933
