2018
5
17
10
51
34.058
0.020014
0.020039
0.020039
0.020063
0.019989
0.019989
0.019989
0.019989
0.019866
0.019719
0.019792
0.019965
0.01994
0.01994
0.020014
0.01994
0.019768
0.019916
0.020014
0.019916
0.019916
0.01994
0.020039
0.020014
0.019891
0.019891
0.019916
0.020039
0.019965
0.019916
0.019916
0.019866
0.019891
0.019768
0.019719
0.019866
0.019817
0.019891
0.019965
0.01994
0.019817
0.019866
0.019866
0.019817
0.019768
0.019842
0.019842
0.019743
0.019792
0.019842
0.019817
0.019743
0.019866
0.019916
0.019916
0.019817
0.019768
0.019743
0.019792
0.019719
0.019694
0.019645
0.019596
0.019817
0.019817
0.019792
0.019768
0.019842
0.019842
0.019743
0.019817
0.019866
0.019842
0.019792
0.019768
0.019768
0.019768
0.019768
0.019768
0.019792
0.019768
0.019669
0.019743
0.019768
0.019792
0.019694
0.01962
0.019743
0.019842
0.019792
0.019866
0.019916
0.019817
0.019768
0.019719
0.01962
0.019546
0.019743
0.019792
0.019768
0.019866
0.019916
0.019842
0.019768
0.019768
0.019719
0.019596
0.019448
0.019546
0.019842
0.020088
0.020063
0.019866
0.019817
0.019842
0.019866
0.019842
0.019768
0.019669
0.019546
0.019965
0.019866
0.019768
0.019669
0.019694
0.019694
0.019743
0.019768
0.019596
0.019596
0.019719
0.019768
0.019743
0.019546
0.01962
0.01994
0.019891
0.019842
0.019989
0.019965
0.019916
0.019891
0.019891
0.019817
0.019743
0.019792
0.019768
0.019694
0.019694
0.019669
0.019645
0.019571
0.019571
0.019596
0.019571
0.019768
0.019792
0.019743
0.019669
0.019596
0.019743
0.019743
0.019645
0.019669
0.01962
0.019669
0.019719
0.019719
0.019645
0.019743
0.019719
0.019669
0.019645
0.019669
0.01962
0.019522
0.01962
0.019719
0.019694
0.019669
0.019669
0.019645
0.019694
0.019669
0.019669
0.019546
0.019497
0.019669
0.019743
0.019694
0.01962
0.019669
0.019719
0.019669
0.019645
0.019669
0.019669
0.019719
0.019719
0.019694
0.019571
0.019596
0.019669
0.019694
0.019719
0.019768
0.019669
0.019596
0.01962
0.019645
0.019694
0.019645
0.019596
0.01962
0.019719
0.019817
0.019694
0.019596
0.019571
0.019571
0.019522
0.019497
0.019669
0.019669
0.019645
0.019669
0.019596
0.019571
0.019596
0.019522
0.019546
0.019497
0.019349
0.019546
0.019866
0.019866
0.019743
0.019669
0.01962
0.019571
0.019497
0.019497
0.019448
0.019522
0.019423
0.019423
0.019423
0.019448
0.019546
0.019596
0.019522
0.019497
0.019792
0.019719
0.019669
0.019645
0.019596
0.019571
0.019497
0.019423
0.019399
0.019399
0.019399
0.019497
0.019497
0.019497
0.019571
0.01962
0.019571
0.019522
0.019497
0.019546
0.019522
0.019472
0.019472
0.019497
0.019522
0.019546
0.019472
0.019472
0.019374
0.019472
0.019571
0.019546
0.019472
0.019374
0.019349
0.019423
0.019472
0.019497
0.019448
0.019448
0.019423
0.019497
0.019571
0.019472
0.019522
0.019399
0.0193
0.019349
0.019448
0.019399
0.019374
0.019399
0.019448
0.019349
0.019251
0.019276
0.019399
0.019349
0.019276
0.019423
0.019399
0.019399
0.019448
0.019522
0.019448
0.019325
0.019349
0.019349
0.019251
0.019325
0.019202
0.019103
0.019251
0.0193
0.019251
0.019128
0.019251
0.0193
0.019202
0.019226
0.019251
0.019103
0.019054
0.01898
0.019005
0.019152
0.019202
0.019251
0.019349
0.019423
0.019349
0.019177
0.019177
0.019226
0.019276
0.0193
0.019251
0.0193
0.019399
0.019349
0.019251
0.019202
0.019251
0.019177
0.019177
0.019251
0.019177
0.019103
0.019276
0.0193
0.019276
0.019276
0.0193
0.019226
0.019128
0.019152
0.019276
0.019251
0.0193
0.0193
0.019276
0.0193
0.0193
0.019226
0.019251
0.019276
0.019226
0.019202
0.019202
0.019177
0.019202
0.0193
0.019202
0.019128
0.019251
0.0193
0.019251
0.0193
0.019276
0.019128
0.019226
0.019349
0.019177
0.01898
0.019152
0.019325
0.0193
0.019251
0.019251
0.019226
0.019226
0.019226
0.019202
0.019202
0.019177
0.019079
0.019128
0.019177
0.019177
0.019103
0.019029
0.019029
0.019152
0.019079
0.019079
0.019177
0.019103
0.019103
0.019128
0.019128
0.019079
0.019128
0.019152
0.019152
0.019103
0.01898
0.018857
0.019005
0.019005
0.019079
0.019128
0.019029
0.019152
0.0193
0.019251
0.019276
0.0193
0.019251
0.019029
0.019177
0.019251
0.019079
0.019005
0.019103
0.019103
0.019128
0.019103
0.019103
0.019177
0.019226
0.019177
0.019079
0.01898
0.01898
0.01898
0.019029
0.01898
0.018857
0.018882
0.018931
0.018955
0.018832
0.018759
0.018882
0.019005
0.019029
0.018882
0.018857
0.018931
0.019029
0.019054
0.018955
0.018906
0.018931
0.018882
0.018832
0.01898
0.019029
0.018857
0.018857
0.018931
0.01898
0.018931
0.018882
0.018882
0.018882
0.018857
0.018759
0.018808
0.018808
0.018759
0.018586
0.01866
0.018906
0.018931
0.018832
0.018832
0.019029
0.018931
0.018759
0.018882
0.019054
0.019029
0.01898
0.018955
0.018955
0.018906
0.018832
0.018857
0.018857
0.018882
0.018931
0.01898
0.018906
0.018882
0.018882
0.018857
0.018882
0.018832
0.018783
0.018709
0.018685
0.018931
0.018955
0.018808
0.018734
0.018709
0.018882
0.01898
0.018906
0.018832
0.018783
0.018734
0.018759
0.018709
0.018537
0.018488
0.018832
0.019079
0.01898
0.018832
0.018783
0.018857
0.018906
0.018734
0.018562
0.018635
0.018685
0.018685
0.01866
0.018685
0.01866
0.018709
0.01866
0.018512
0.018488
0.01866
0.018832
0.01866
0.018685
0.01866
0.018611
0.018537
0.018439
0.018439
0.018562
0.018512
0.018389
0.018512
0.018512
0.018586
0.018734
0.01866
0.018488
0.018586
0.018734
0.01866
0.018562
0.018537
0.018586
0.018635
0.018611
0.018586
0.018463
0.018414
0.018512
0.018685
0.018635
0.018611
0.018635
0.018685
0.018586
0.018488
0.018488
0.018488
0.018488
0.018439
0.018488
0.018635
0.018586
0.018611
0.018586
0.018635
0.018562
0.018463
0.018488
0.018537
0.018537
0.018488
0.018512
0.018586
0.018611
0.018537
0.018611
0.018611
0.018562
0.018586
0.018586
0.018537
0.018562
0.018562
0.018562
0.018635
0.018635
0.018537
0.018365
0.018389
0.018537
0.018562
0.018586
0.018562
0.018562
0.018512
0.018562
0.018488
0.018463
0.018586
0.018586
0.018439
0.018463
0.018512
0.018562
0.018488
0.018537
0.018685
0.018734
0.01866
0.018611
0.018611
0.018586
0.018463
0.018192
0.018217
0.018488
0.018635
0.018611
0.018562
0.018537
0.018586
0.018537
0.018512
0.018463
0.018439
0.018414
0.018414
0.018389
0.018365
0.018365
0.018365
0.018365
0.018414
0.018266
0.018217
0.018315
0.018439
0.018414
0.018291
0.018315
0.018389
0.018439
0.018586
0.018586
0.018537
0.018562
0.018537
0.018562
0.018586
0.018488
0.018389
0.018439
0.018463
0.018414
0.018537
0.018537
0.018537
0.018586
0.018488
0.018463
0.018562
0.018562
0.018512
0.018463
0.018414
0.018439
0.018562
0.018488
0.018463
0.018463
0.018389
0.018315
0.018414
0.018512
0.018488
0.018586
0.018611
0.018537
0.018537
0.018611
0.018562
0.018586
0.018586
0.018611
0.018635
0.018586
0.018463
0.018562
0.018611
0.01866
0.018562
0.018488
0.018562
0.018611
0.018635
0.018685
0.018685
0.018635
0.018488
0.018586
0.018685
0.018611
0.01866
0.018783
0.018685
0.018537
0.018537
0.018635
0.018635
0.018414
0.018586
0.018734
0.018783
0.018808
0.018759
0.018759
0.018783
0.018783
0.018759
0.018783
0.018857
0.018783
0.018709
0.018857
0.018931
0.018882
0.018832
0.018832
0.018931
0.018955
0.018906
0.018808
0.018759
0.018709
0.018832
0.018955
0.018857
0.018882
0.01898
0.01898
0.018931
0.01898
0.018955
0.018882
0.018857
0.018882
0.019005
0.01898
0.018955
0.018931
0.018882
0.018906
0.018808
0.018808
0.01898
0.019005
0.019005
0.01898
0.01898
0.018882
0.018808
0.018783
0.018857
0.018832
0.018709
0.018808
0.018857
0.019005
0.019005
0.018906
0.018906
0.019005
0.019005
0.019029
0.019005
0.018931
0.018857
0.018882
0.018857
0.018808
0.018808
0.018709
0.018709
0.018734
0.01866
0.018734
0.018808
0.018709
0.018611
0.018562
0.01866
0.018611
0.018562
0.018562
0.01866
0.018685
0.018611
0.018586
0.018611
0.018635
0.018611
0.018488
0.018488
0.018611
0.018611
0.018759
0.018783
0.018759
0.018685
0.018685
0.018734
0.018685
0.018586
0.018537
0.018586
0.018562
0.018611
0.018586
0.018562
0.018537
0.018537
0.018537
0.018562
0.018512
0.018463
0.018463
0.018463
0.018439
0.018562
0.018537
0.018439
0.018611
0.018759
0.018611
0.018709
0.018709
0.01866
0.018685
0.018635
0.018611
0.018488
0.018586
0.018586
0.018562
0.018439
0.01834
0.018439
0.018562
0.018709
0.018709
0.018611
0.018562
0.018512
0.018512
0.018586
0.018537
0.018512
0.018512
0.018463
0.018389
0.018389
0.018389
0.018414
0.018389
0.018315
0.018315
0.01834
0.01834
0.018365
0.018365
0.018315
0.018315
0.018365
0.01834
0.018242
0.018291
0.018389
0.01834
0.018291
0.018414
0.018315
0.018291
0.018266
0.018266
0.018291
0.018291
0.018242
0.018242
0.018315
0.018291
0.018266
0.018266
0.018291
0.018315
0.018266
0.018217
0.018266
0.018315
0.018315
0.01834
0.018291
0.018315
0.01834
0.018365
0.018389
0.01834
0.018291
0.01834
0.01834
0.018266
0.018192
0.018242
0.018192
0.018242
0.018291
0.018242
0.018192
0.018143
0.018094
0.018143
0.018045
0.017995
0.017946
0.017995
0.018045
0.018069
0.018045
0.017995
0.018069
0.017995
0.017995
0.018069
0.017971
0.017971
0.017946
0.017971
0.017971
0.017971
0.017922
0.017897
0.017897
0.017872
0.017872
0.017897
0.017922
0.017872
0.017897
0.017897
0.017872
0.017823
0.017848
0.017823
0.017798
0.017798
0.017774
0.017872
0.017823
0.017749
0.017749
0.017749
0.017774
0.017725
0.017798
0.017823
0.017774
0.017798
0.017823
0.017798
0.017823
0.017823
0.017798
0.017774
0.017798
0.017848
0.017823
0.017774
0.017798
0.017823
0.017774
0.017823
0.017798
0.017774
0.017798
0.017872
0.017823
0.017774
0.017749
0.017774
0.017749
0.017725
0.017675
0.017749
0.017725
0.017725
0.0177
0.017675
0.017675
0.017725
0.017725
0.017725
0.017749
0.017725
0.017675
0.017651
0.017675
0.017675
0.017675
0.017626
0.017626
0.017675
0.017651
0.017675
0.0177
0.017725
0.017675
0.017675
0.017651
0.017577
0.017577
0.017651
0.0177
0.0177
0.017577
0.017528
0.017552
0.017602
0.017552
0.017478
0.017552
0.017577
0.017651
0.017626
0.017577
0.017552
0.017577
0.017552
0.017528
0.017552
0.017528
0.017577
0.017503
0.017528
0.017478
0.017405
0.017355
0.017454
0.017429
0.017429
0.017405
0.017405
0.017503
0.017552
0.017577
0.017478
0.017454
0.017528
0.017552
0.017552
0.017503
0.017478
0.017478
0.017478
0.017429
0.017405
0.017405
0.017429
0.017429
0.017405
0.017405
0.017429
0.017429
0.017429
0.017405
0.01738
0.017405
0.017454
0.017454
0.01738
0.01738
0.017429
0.017331
0.017355
0.017405
0.01738
0.017355
0.017355
0.017281
0.017232
0.01738
0.017478
0.017405
0.017355
0.017306
0.017355
0.017355
0.017281
0.017281
0.017331
0.017306
0.017306
0.017306
0.017257
0.017281
0.017331
0.017331
0.017281
0.017232
0.017331
0.017405
0.017306
0.017331
0.01738
0.017454
0.017478
0.017429
0.017331
0.017306
0.017355
0.017331
0.017257
0.017183
0.017134
0.017109
0.017158
0.017134
0.017158
0.017208
0.017134
0.017035
0.017035
0.017232
0.017183
0.01706
0.017035
0.017109
0.017183
0.017183
0.017183
0.017183
0.017183
0.017183
0.017158
0.017134
0.017109
0.017109
0.017183
0.017208
0.017109
0.017134
0.017134
0.017134
0.017183
0.017158
0.017134
0.017109
0.017134
0.017183
0.017134
0.017158
0.017183
0.017085
0.017085
0.017158
0.017134
0.017109
0.017134
0.017134
0.017158
0.017134
0.017085
0.017085
0.017134
0.017158
0.017158
0.017134
0.017134
0.017134
0.017134
0.017085
0.017109
0.017085
0.017109
0.017134
0.017134
0.017109
0.017085
0.017085
0.017109
0.017085
0.01706
0.017085
0.017035
0.016937
0.017011
0.017134
0.017134
0.017134
0.017158
0.017183
0.017134
0.017085
0.016986
0.016961
0.017011
0.01706
0.017011
0.016986
0.016961
0.016888
0.016961
0.017035
0.017035
0.017011
0.016986
0.01706
0.017085
0.017035
0.016961
0.016961
0.016986
0.016961
0.016888
0.016937
0.016961
0.016937
0.016888
0.016838
0.016961
0.016912
0.016863
0.016863
0.016888
0.016838
0.016814
0.016888
0.016888
0.016986
0.016937
0.016986
0.017035
0.016912
0.016937
0.016937
0.016888
0.016838
0.016838
0.016912
0.016937
0.016937
0.016912
0.016888
0.016912
0.016888
0.016863
0.016838
0.016838
0.016838
0.016814
0.016814
0.016888
0.016888
0.016863
0.016814
0.016789
0.01674
0.016814
0.016863
0.016789
0.01674
0.016814
0.016838
0.016863
0.016888
0.016814
0.016789
0.016838
0.016838
0.016838
0.016838
0.016789
0.016838
0.016789
0.016789
0.016789
0.01674
0.016666
0.016641
0.016617
0.016592
0.016592
0.016617
0.016592
0.016543
0.016543
0.016543
0.016617
0.016666
0.016592
0.016617
0.016568
0.016543
0.016469
0.016518
0.016568
0.016592
0.016568
0.016469
0.016568
0.016617
0.016568
0.016568
0.016543
0.016543
0.016568
0.016543
0.016445
0.016445
0.016469
0.016371
0.016272
0.016445
0.016666
0.016666
0.016592
0.016617
0.016568
0.016543
0.016469
0.016518
0.016568
0.016568
0.016543
0.016518
0.016518
0.016543
0.016494
0.016445
0.016395
0.016469
0.016543
0.016518
0.016445
0.016395
0.01642
0.016445
0.016494
0.016543
0.016518
0.016518
0.016494
0.016543
0.016592
0.016543
0.016518
0.016494
0.016494
0.016494
0.016469
0.016543
0.016568
0.016494
0.016543
0.016494
0.016518
0.016494
0.016469
0.016494
0.016469
0.016445
0.016543
0.016543
0.016592
0.016568
0.016518
0.016518
0.016494
0.016494
0.016518
0.016494
0.016469
0.016494
0.016518
0.016469
0.016346
0.016371
0.01642
0.016518
0.016518
0.016469
0.016469
0.016518
0.016494
0.016445
0.016395
0.016395
0.016469
0.016469
0.016445
0.016445
0.016371
0.016518
0.016568
0.016543
0.016518
0.016469
0.016346
0.016321
0.016518
0.016518
0.016445
0.016469
0.016469
0.016494
0.016518
0.016494
0.016469
0.016445
0.016469
0.016518
0.016494
0.01642
0.016395
0.01642
0.016469
0.01642
0.01642
0.01642
0.016469
0.016518
0.016518
0.016518
0.016469
0.016494
0.016445
0.016297
0.0161
0.016445
0.016592
0.016469
0.016543
0.016691
0.016641
0.016666
0.016641
0.016641
0.016641
0.016592
0.016518
0.016445
0.016469
0.016494
0.016445
0.016395
0.016395
0.01642
0.016395
0.016395
0.01642
0.01642
0.01642
0.01642
0.016445
0.01642
0.016371
0.016248
0.016321
0.016371
0.016395
0.016371
0.016321
0.016543
0.016617
0.016543
0.016617
0.016568
0.016641
0.01674
0.016691
0.016617
0.016592
0.016568
0.016568
0.016592
0.016592
0.016543
0.016494
0.016445
0.016617
0.016814
0.016715
0.016641
0.016715
0.016789
0.01674
0.016592
0.016592
0.016715
0.016814
0.01674
0.016641
0.01674
0.016765
0.01674
0.016592
0.016469
0.016765
0.016863
0.016912
0.016838
0.016789
0.01674
0.01674
0.016765
0.016765
0.016814
0.016838
0.016863
0.016789
0.016814
0.016863
0.016838
0.016814
0.016838
0.016814
0.016789
0.016888
0.016765
0.016715
0.016814
0.016838
0.016814
0.016789
0.016814
0.016765
0.016789
0.016838
0.016838
0.016838
0.016838
0.016814
0.01674
0.016666
0.01674
0.016814
0.016814
0.016789
0.016789
0.016789
0.01674
0.016765
0.016765
0.016666
0.016617
0.016838
0.016937
0.016937
0.016912
0.01674
0.016715
0.016691
0.016863
0.016838
0.016863
0.016838
0.016765
0.01674
0.016765
0.016814
0.016765
0.016691
0.016765
0.016838
0.016863
0.016888
0.016838
0.016765
0.016789
0.01674
0.016715
0.016765
0.016666
0.016691
0.016666
0.016715
0.016789
0.016789
0.016888
0.016888
0.016814
0.016814
0.016814
0.016789
0.01674
0.016715
0.016715
0.016641
0.016592
0.016592
0.016666
0.016691
0.016814
0.016789
0.016765
0.016814
0.016838
0.016715
0.016666
0.016715
0.016789
0.016789
0.016789
0.016863
0.016838
0.016888
0.016961
0.016863
0.016814
0.016765
0.016691
0.016691
0.016691
0.016666
0.016666
0.016666
0.01674
0.01674
0.016617
0.016617
0.016715
0.016691
0.016592
0.016568
0.016641
0.016715
0.016691
0.016617
0.016592
0.016617
0.016617
0.016715
0.016691
0.016715
0.016691
0.016691
0.016641
0.016666
0.016765
0.016715
0.016666
0.016691
0.016715
0.016666
0.016691
0.016691
0.016691
0.01674
0.016691
0.016592
0.016765
0.016765
0.016715
0.016789
0.016814
0.016765
0.016789
0.016789
0.016789
0.016765
0.01674
0.016715
0.016814
0.016814
0.01674
0.01674
0.016814
0.016937
0.016961
0.016888
0.016888
0.016814
0.016838
0.016765
0.016765
0.016863
0.016888
0.016838
0.016814
0.016863
0.016863
0.016814
0.016765
0.016765
0.016765
0.016789
0.016666
0.016666
0.01674
0.016666
0.016814
0.016937
0.016814
0.016789
0.016789
0.01674
0.016715
0.016838
0.016789
0.016691
0.016617
0.016715
0.016814
0.016838
0.016961
0.016912
0.016838
0.016789
0.016765
0.016765
0.016814
0.016765
0.016691
0.016715
0.016666
0.016592
0.016641
0.016765
0.016789
0.016715
0.016715
0.016765
0.016838
0.016765
0.016691
0.016666
0.016691
0.016789
0.016765
0.016715
0.016691
0.01674
0.016666
0.016617
0.016715
0.016765
0.016814
0.016814
0.016765
0.016666
0.016691
0.016789
0.01674
0.016765
0.01674
0.016789
0.016715
0.016814
0.016863
0.016814
0.016765
0.016765
0.016715
0.01674
0.01674
0.01674
0.016641
0.016641
0.016715
0.016666
0.016691
0.016789
0.016789
0.016765
0.01674
0.016765
0.016715
0.016863
0.016912
0.016888
0.016863
0.016863
0.016789
0.016765
0.016789
0.01674
0.016568
0.016592
0.016863
0.016814
0.016765
0.016814
0.01674
0.016715
0.01674
0.016691
0.016592
0.016666
0.016691
0.016617
0.016592
0.016568
0.016592
0.016543
0.016568
0.016641
0.016691
0.016715
0.016592
0.016543
0.016568
0.016641
0.016691
0.016666
0.016592
0.016715
0.016789
0.016765
0.016765
0.016568
0.016617
0.016789
0.016715
0.016691
0.016641
0.016715
0.016691
0.016789
0.016863
0.016789
0.016838
0.016912
0.016765
0.016765
0.01674
0.016715
0.016765
0.016838
0.016789
0.01674
0.01674
0.016789
0.01674
0.016765
0.016765
0.016666
0.016641
0.016765
0.016765
0.016814
0.016863
0.016789
0.016789
0.016666
0.016617
0.016715
0.01674
0.01674
0.016863
0.016912
0.016937
0.016912
0.016814
0.01674
0.016789
0.016814
0.01674
0.016765
0.016765
0.016789
0.016715
0.016666
0.016691
0.016715
0.016789
0.016765
0.016666
0.016641
0.016666
0.016691
0.016617
0.016641
0.016641
0.016641
0.016592
0.016666
0.016888
0.016814
0.016715
0.01674
0.01674
0.016691
0.016666
0.016617
0.016691
0.016838
0.016838
0.016765
0.016617
0.016666
0.016715
0.01674
0.01674
0.016691
0.016715
0.016691
0.016765
0.01674
0.016691
0.016715
0.016715
0.016568
0.016518
0.016641
0.016691
0.016814
0.016838
0.01674
0.016666
0.016617
0.016715
0.01674
0.016715
0.016765
0.016715
0.016715
0.016765
0.016765
0.016691
0.016568
0.016592
0.016715
0.016765
0.01674
0.016666
0.016691
0.016666
0.016691
0.016715
0.016666
0.016617
0.016617
0.016691
0.016715
0.016691
0.016715
0.016765
0.016789
0.016838
0.016888
0.016789
0.016789
0.016838
0.016789
0.016691
0.01674
0.016691
0.016617
0.016641
0.016592
0.016494
0.016543
0.016518
0.016494
0.016518
0.016543
0.016445
0.01642
0.016469
0.016592
0.016518
0.016617
0.016691
0.016666
0.016715
0.01674
0.016666
0.016592
0.016592
0.016666
0.016765
0.016691
0.016666
0.016691
0.016691
0.016691
0.016691
0.016617
0.016641
0.016666
0.016691
0.016715
0.016715
0.016641
0.016666
0.01674
0.016715
0.016617
0.016617
0.016617
0.016617
0.016641
0.016641
0.016592
0.016568
0.016592
0.016592
0.016568
0.016568
0.016543
0.016568
0.016666
0.016666
0.016641
0.016617
0.016592
0.016568
0.016617
0.016592
0.016543
0.016543
0.016592
0.016641
0.016666
0.016592
0.016543
0.016494
0.016494
0.01642
0.016321
0.016494
0.016568
0.016543
0.016543
0.016494
0.016518
0.016592
0.016617
0.016518
0.016469
0.016617
0.016592
0.016494
0.016518
0.016543
0.016494
0.016469
0.016445
0.016469
0.016543
0.016518
0.016518
0.016518
0.016469
0.01642
0.016469
0.016518
0.016518
0.016543
0.016543
0.016543
0.016445
0.016445
0.016592
0.016568
0.016518
0.016494
0.016518
0.016518
0.016568
0.016568
0.016469
0.016469
0.016518
0.016469
0.016494
0.016543
0.016568
0.016568
0.01642
0.016297
0.016469
0.016617
0.016617
0.016543
0.016568
0.016543
0.016494
0.016494
0.016469
0.016518
0.016518
0.016445
0.01642
0.01642
0.016494
0.016568
0.016469
0.016445
0.016518
0.016494
0.016518
0.016445
0.016395
0.016445
0.01642
0.01642
0.016543
0.016445
0.01642
0.016469
0.016395
0.016494
0.016568
0.016518
0.016494
0.016592
0.016592
0.016543
0.016617
0.016617
0.01642
0.016371
0.016395
0.016346
0.016297
0.016321
0.016371
0.016346
0.016321
0.016272
0.016297
0.016321
0.016297
0.016297
0.016297
0.016297
0.016395
0.01642
0.016321
0.016248
0.01642
0.016518
0.016494
0.016445
0.016395
0.016445
0.016395
0.016346
0.01642
0.016445
0.016469
0.016445
0.01642
0.016445
0.01642
0.016518
0.016494
0.016395
0.016371
0.01642
0.016494
0.016321
0.01642
0.016518
0.01642
0.016346
0.016395
0.01642
0.016445
0.016346
0.016272
0.016371
0.016395
0.016371
0.01642
0.01642
0.016395
0.01642
0.016371
0.016321
0.016248
0.016272
0.016371
0.016395
0.016346
0.016321
0.016297
0.016297
0.016321
0.016321
0.016346
0.016445
0.016395
0.016395
0.016371
0.016272
0.016371
0.016395
0.016371
0.016346
0.016297
0.016346
0.016321
0.016297
0.016321
0.016321
0.016297
0.016248
0.016248
0.016297
0.016297
0.016198
0.016223
0.016198
0.016297
0.016371
0.016346
0.016272
0.016272
0.016272
0.016272
0.016272
0.016198
0.016198
0.016223
0.016174
0.016223
0.016321
0.016321
0.016248
0.016272
0.016248
0.016198
0.016198
0.016346
0.016297
0.016248
0.016174
0.016198
0.016346
0.016346
0.016297
0.016321
0.016297
0.016272
0.016297
0.016272
0.016248
0.016248
0.016297
0.016297
0.016371
0.01642
0.016371
0.016297
0.016272
0.016272
0.016223
0.016174
0.016223
0.016223
0.016272
0.016371
0.016297
0.016272
0.016297
0.016223
0.016149
0.016248
0.016223
0.016272
0.016346
0.016371
0.016297
0.016272
0.016297
0.016272
0.016223
0.016198
0.016198
0.016272
0.016223
0.016248
0.016248
0.016198
0.016001
0.015903
0.016149
0.016198
0.0161
0.016198
0.016272
0.016297
0.016297
0.016297
0.016248
0.016198
0.016223
0.016174
0.016124
0.016124
0.0161
0.016075
0.016051
0.016026
0.016001
0.016026
0.016051
0.0161
0.0161
0.016051
0.016051
0.016051
0.016075
0.016124
0.016124
0.016124
0.016051
0.016051
0.016026
0.015952
0.016149
0.0161
0.016075
0.016149
0.016174
0.016223
0.016174
0.016174
0.016223
0.016248
0.016223
0.016223
0.016248
0.016248
0.016223
0.016149
0.016174
0.016198
0.016223
0.016198
0.016174
0.0161
0.016149
0.016198
0.016223
0.016174
0.016124
0.016223
0.016272
0.016297
0.016272
0.016248
0.016297
0.016297
0.016371
0.016395
0.016371
0.016198
0.016223
0.016346
0.016346
0.016297
0.016198
0.016297
0.016297
0.016321
0.016297
0.016321
0.016395
0.016371
0.016346
0.016395
0.016395
0.016321
0.016321
0.016321
0.016272
0.016248
0.016223
0.016272
0.016395
0.016395
0.016371
0.016297
0.016248
0.016272
0.016346
0.016346
0.016297
0.016297
0.01642
0.016395
0.016346
0.01642
0.016321
0.01642
0.016469
0.016395
0.016371
0.016371
0.016371
0.016371
0.016395
0.016346
0.016297
0.016469
0.016445
0.016445
0.016371
0.016371
0.016395
0.016223
0.01642
0.016592
0.016494
0.01642
0.016346
0.016371
0.016445
0.016494
0.016469
0.016395
0.016346
0.016371
0.016346
0.016321
0.016469
0.016469
0.016469
0.016494
0.016395
0.016395
0.01642
0.016371
0.016371
0.01642
0.01642
0.016371
0.016321
0.016469
0.016469
0.016518
0.01642
0.016371
0.016395
0.016445
0.016445
0.01642
0.016395
0.01642
0.016445
0.016395
0.016321
0.016272
0.016297
0.016272
0.016248
0.016297
0.016321
0.016149
0.016248
0.016346
0.016321
0.016321
0.016371
0.016346
0.016198
0.016223
0.016223
0.016198
0.016297
0.016223
0.016075
0.016124
0.016321
0.016346
0.016321
0.016248
0.016297
0.016297
