2018
5
17
10
50
48.027
0.064966
0.065039
0.065138
0.065187
0.065089
0.06499
0.065015
0.065089
0.065113
0.065039
0.064966
0.06499
0.065089
0.065113
0.065064
0.06499
0.064966
0.065039
0.065138
0.065089
0.06499
0.06499
0.065138
0.065113
0.065015
0.064892
0.064843
0.064867
0.064966
0.064966
0.064843
0.064793
0.064867
0.064941
0.064916
0.064867
0.064867
0.064867
0.064966
0.064966
0.064966
0.064941
0.064793
0.064719
0.064769
0.064818
0.064818
0.064843
0.064744
0.064744
0.064719
0.064695
0.064646
0.064596
0.064695
0.064793
0.064769
0.064596
0.064572
0.06467
0.064695
0.064596
0.064523
0.064498
0.064523
0.064547
0.064547
0.064498
0.064473
0.064547
0.064596
0.064523
0.064399
0.064399
0.064473
0.064498
0.064498
0.064449
0.064399
0.064498
0.064227
0.064326
0.064424
0.064449
0.064326
0.064276
0.06435
0.064424
0.064375
0.064252
0.064252
0.064375
0.064449
0.064399
0.064276
0.064178
0.064227
0.064326
0.064276
0.064227
0.064326
0.06435
0.064301
0.064227
0.064129
0.064079
0.064104
0.064178
0.064202
0.064178
0.064301
0.06435
0.064301
0.064129
0.06403
0.063981
0.064055
0.064178
0.064202
0.064178
0.064202
0.06403
0.063981
0.064104
0.064178
0.064104
0.064006
0.063956
0.064055
0.064178
0.064178
0.064104
0.064104
0.064153
0.064178
0.064104
0.064006
0.063956
0.064006
0.064104
0.064129
0.064055
0.06403
0.064055
0.064202
0.064276
0.064178
0.064055
0.064055
0.064129
0.06403
0.063981
0.064006
0.064055
0.064104
0.064129
0.064129
0.06403
0.06403
0.064153
0.06403
0.064079
0.064104
0.064055
0.06403
0.064055
0.064153
0.064178
0.064104
0.064104
0.064079
0.064104
0.064104
0.064055
0.063907
0.063882
0.063956
0.064006
0.063956
0.063932
0.064006
0.064104
0.064129
0.06403
0.064006
0.06403
0.064006
0.063932
0.063858
0.063833
0.063932
0.064055
0.064104
0.064006
0.063907
0.064006
0.064153
0.06403
0.063882
0.063809
0.063956
0.063932
0.063907
0.063956
0.063956
0.063882
0.063833
0.063882
0.06403
0.06403
0.063956
0.063882
0.063858
0.063882
0.063882
0.063809
0.063784
0.063956
0.064129
0.064178
0.064079
0.064055
0.063956
0.063907
0.063882
0.063784
0.063759
0.063759
0.063833
0.063907
0.063858
0.063809
0.063882
0.06403
0.064079
0.063956
0.063858
0.063932
0.064006
0.064006
0.06403
0.064079
0.06403
0.064006
0.064079
0.064104
0.064055
0.063956
0.063932
0.06403
0.064202
0.064178
0.064006
0.063956
0.063882
0.063956
0.063981
0.063981
0.063956
0.063981
0.064055
0.064055
0.064006
0.063956
0.064006
0.064104
0.064079
0.064006
0.063956
0.063981
0.064079
0.064129
0.064055
0.063932
0.063981
0.064104
0.064129
0.064104
0.064079
0.064055
0.063882
0.063907
0.064079
0.064202
0.064178
0.064104
0.064227
0.064178
0.064055
0.063932
0.063882
0.063932
0.064055
0.064104
0.064055
0.063981
0.064006
0.064104
0.064129
0.064104
0.064055
0.064055
0.064129
0.064153
0.064178
0.064055
0.064055
0.064153
0.064104
0.064055
0.06403
0.064079
0.064153
0.064153
0.064055
0.063956
0.064006
0.064129
0.064178
0.064129
0.06403
0.06403
0.063932
0.063932
0.06403
0.064104
0.06403
0.063956
0.063932
0.064006
0.064055
0.063932
0.063882
0.063907
0.06403
0.064104
0.06403
0.063858
0.063809
0.063809
0.063858
0.063833
0.063784
0.063809
0.063956
0.064006
0.063907
0.063784
0.063759
0.063858
0.063907
0.063833
0.063735
0.063882
0.06403
0.063882
0.06371
0.063661
0.063686
0.063759
0.063661
0.063809
0.063784
0.063636
0.063538
0.063636
0.063759
0.063833
0.063833
0.063759
0.063661
0.063562
0.063538
0.063489
0.063439
0.063464
0.063587
0.063686
0.063538
0.063439
0.063439
0.063464
0.063439
0.063489
0.063489
0.063415
0.063415
0.063489
0.063439
0.063292
0.063316
0.063415
0.063464
0.063365
0.063292
0.063242
0.063292
0.063292
0.063218
0.063169
0.06307
0.06307
0.063095
0.063119
0.063095
0.06307
0.06307
0.063144
0.063119
0.063119
0.063021
0.062996
0.06307
0.06307
0.062996
0.062799
0.062849
0.062996
0.063045
0.063021
0.062898
0.062898
0.062996
0.062922
0.062873
0.06275
0.062799
0.062996
0.062972
0.062849
0.06275
0.062775
0.062873
0.062922
0.062898
0.062849
0.062824
0.062824
0.062873
0.062849
0.062922
0.062898
0.062799
0.062775
0.062824
0.062849
0.062824
0.06275
0.062775
0.062922
0.062922
0.062799
0.062652
0.062652
0.06275
0.062824
0.062898
0.062849
0.062775
0.062849
0.062898
0.062824
0.062701
0.062701
0.062799
0.062849
0.062799
0.062701
0.062676
0.062775
0.062824
0.062799
0.062799
0.062775
0.06275
0.062725
0.06275
0.062701
0.062627
0.062725
0.062578
0.062578
0.062701
0.062676
0.062602
0.062578
0.062652
0.062676
0.062627
0.062578
0.062578
0.062627
0.062627
0.062578
0.062578
0.062504
0.062504
0.062578
0.062627
0.062578
0.062479
0.062528
0.062504
0.06243
0.062332
0.062356
0.062405
0.062479
0.062479
0.062356
0.062332
0.062455
0.062553
0.062528
0.062405
0.062381
0.062332
0.062332
0.062332
0.062282
0.062233
0.062405
0.062405
0.062282
0.062184
0.062159
0.062258
0.062381
0.062356
0.062258
0.062233
0.062258
0.062233
0.062208
0.062184
0.062208
0.062233
0.062282
0.062282
0.062233
0.062233
0.062258
0.062307
0.062208
0.06211
0.062135
0.062184
0.062184
0.062159
0.06211
0.062085
0.062208
0.062282
0.062208
0.06211
0.062012
0.062135
0.062159
0.062085
0.062085
0.062135
0.061987
0.061962
0.062036
0.06211
0.062085
0.061987
0.061987
0.062085
0.06211
0.062036
0.061962
0.061938
0.062036
0.062184
0.062159
0.062061
0.061987
0.062012
0.062012
0.061962
0.061913
0.061888
0.061938
0.061962
0.061913
0.061888
0.061913
0.061987
0.062012
0.061962
0.061888
0.061815
0.06179
0.061913
0.061938
0.061839
0.06179
0.061839
0.061938
0.061741
0.061864
0.061888
0.06179
0.061667
0.061691
0.061765
0.061741
0.061642
0.061593
0.061618
0.061667
0.061667
0.061568
0.061495
0.061593
0.061667
0.061593
0.061495
0.061445
0.061495
0.061568
0.061544
0.061544
0.061445
0.061421
0.061445
0.061371
0.061273
0.061224
0.061273
0.061298
0.061248
0.06115
0.061101
0.061101
0.061175
0.061125
0.061027
0.060953
0.060904
0.06083
0.060928
0.060978
0.060904
0.060731
0.060608
0.060633
0.060731
0.060756
0.060707
0.060658
0.060682
0.060707
0.060633
0.060584
0.060534
0.060559
0.060559
0.060534
0.060436
0.060313
0.060338
0.060461
0.060461
0.060362
0.060338
0.060436
0.060485
0.060362
0.060239
0.06019
0.060239
0.060313
0.060288
0.060165
0.060116
0.06019
0.060288
0.060338
0.060042
0.060091
0.060042
0.060018
0.060067
0.060141
0.060264
0.060116
0.059944
0.059919
0.060042
0.060067
0.059968
0.059894
0.059919
0.060018
0.060067
0.059993
0.059968
0.059968
0.059968
0.059894
0.059845
0.059845
0.05987
0.059919
0.059968
0.060018
0.059968
0.059944
0.059919
0.05987
0.059771
0.059722
0.059771
0.059894
0.059944
0.059845
0.059821
0.05987
0.059796
0.059771
0.059771
0.059796
0.059821
0.059821
0.059894
0.059968
0.059894
0.059722
0.059624
0.059624
0.059722
0.059771
0.059722
0.059673
0.059697
0.059821
0.059919
0.059894
0.059796
0.059722
0.059796
0.059821
0.059722
0.059624
0.05955
0.059624
0.059722
0.059673
0.059624
0.059697
0.059697
0.059624
0.059574
0.05955
0.059501
0.059574
0.059673
0.059697
0.05955
0.059525
0.059501
0.059501
0.059525
0.059525
0.059427
0.059451
0.059574
0.059648
0.059574
0.059427
0.059353
0.059377
0.059451
0.059476
0.059427
0.059402
0.059451
0.059599
0.059624
0.059476
0.059304
0.059279
0.059353
0.059377
0.059328
0.059304
0.059304
0.059353
0.059427
0.059328
0.059254
0.059304
0.059377
0.059451
0.059476
0.059304
0.059181
0.059254
0.059254
0.059304
0.05923
0.059107
0.059107
0.059254
0.059254
0.059156
0.059057
0.059082
0.059181
0.059254
0.059205
0.059107
0.059156
0.059279
0.059254
0.059107
0.059033
0.059082
0.059181
0.059254
0.059205
0.059082
0.059057
0.059107
0.059107
0.059033
0.058984
0.059033
0.059008
0.059008
0.058934
0.05886
0.05886
0.05886
0.05886
0.05891
0.058811
0.058762
0.058762
0.058762
0.058811
0.058836
0.058762
0.058639
0.05859
0.058713
0.058737
0.058639
0.058467
0.058467
0.058639
0.058713
0.058614
0.058516
0.058491
0.05854
0.058516
0.058393
0.058319
0.058393
0.058491
0.058516
0.058467
0.058344
0.05827
0.058368
0.058467
0.058344
0.05827
0.058393
0.058417
0.058368
0.058294
0.05822
0.058245
0.05827
0.058344
0.058393
0.058294
0.058294
0.058196
0.058171
0.058344
0.058344
0.058171
0.058048
0.058122
0.05827
0.058368
0.058344
0.058147
0.058073
0.058171
0.058147
0.058122
0.058097
0.058097
0.058147
0.058171
0.058171
0.058097
0.058073
0.058171
0.058245
0.058171
0.058097
0.058023
0.058073
0.058147
0.058122
0.058048
0.058023
0.058073
0.058147
0.058147
0.058073
0.058023
0.058048
0.058097
0.058147
0.058048
0.057925
0.057925
0.05795
0.058023
0.058048
0.057925
0.057876
0.057974
0.058097
0.058073
0.057974
0.057925
0.058023
0.058097
0.058023
0.0579
0.057827
0.057925
0.057999
0.058048
0.058023
0.057974
0.057974
0.057974
0.0579
0.057802
0.057851
0.05795
0.057974
0.057925
0.057876
0.0579
0.057974
0.058048
0.058023
0.057876
0.057876
0.057851
0.057851
0.057925
0.05795
0.057925
0.057827
0.057827
0.057925
0.05795
0.05795
0.057974
0.0579
0.0579
0.057925
0.057925
0.057827
0.057802
0.0579
0.057974
0.057925
0.0579
0.057827
0.057802
0.057876
0.0579
0.057851
0.057827
0.057876
0.057999
0.058048
0.057925
0.057851
0.0579
0.057974
0.057974
0.0579
0.057974
0.058048
0.057876
0.057777
0.057876
0.0579
0.0579
0.057925
0.058073
0.058097
0.0579
0.057777
0.057753
0.057802
0.057876
0.057876
0.057851
0.057827
0.057876
0.057925
0.057925
0.057876
0.057851
0.057925
0.058023
0.058097
0.057974
0.057876
0.0579
0.057925
0.057876
0.057802
0.057802
0.057876
0.057974
0.058023
0.05795
0.0579
0.0579
0.057974
0.057925
0.057827
0.057851
0.0579
0.057876
0.057876
0.057851
0.057851
0.057827
0.057876
0.05795
0.05795
0.0579
0.0579
0.057925
0.057974
0.058048
0.05795
0.057876
0.05795
0.05795
0.057851
0.057802
0.057802
0.057851
0.057925
0.05795
0.057876
0.057827
0.057876
0.057999
0.058048
0.057999
0.0579
0.0579
0.057999
0.057974
0.057827
0.057753
0.057827
0.057974
0.057974
0.057876
0.057827
0.0579
0.0579
0.058023
0.058073
0.058023
0.057925
0.057851
0.057925
0.058097
0.058147
0.058048
0.05795
0.058023
0.058073
0.058048
0.05795
0.057876
0.05795
0.058023
0.058023
0.05795
0.05795
0.058023
0.058097
0.058147
0.058171
0.058122
0.057974
0.057876
0.05795
0.057999
0.057925
0.057925
0.058023
0.058048
0.057974
0.057925
0.057974
0.058048
0.058048
0.058122
0.058097
0.058023
0.05795
0.057974
0.057999
0.058048
0.058171
0.05822
0.058097
0.057925
0.057974
0.057999
0.057999
0.05795
0.057974
0.058023
0.057999
0.057925
0.05795
0.058097
0.058122
0.058023
0.057974
0.05795
0.058048
0.058097
0.057999
0.057974
0.058023
0.058048
0.058073
0.058097
0.058147
0.05827
0.058294
0.058147
0.057925
0.057851
0.057925
0.05795
0.057925
0.057974
0.058097
0.058073
0.057999
0.057999
0.058097
0.058122
0.058196
0.05822
0.058023
0.05795
0.057974
0.058023
0.057974
0.057974
0.058048
0.058097
0.058023
0.057974
0.057999
0.058048
0.058073
0.057999
0.0579
0.057925
0.058023
0.058097
0.058097
0.058171
0.05822
0.058073
0.058023
0.057925
0.057851
0.057851
0.057974
0.058097
0.058122
0.058073
0.058073
0.057974
0.057925
0.057974
0.058023
0.058023
0.057974
0.057974
0.058073
0.058048
0.057999
0.057974
0.057974
0.057999
0.058023
0.057999
0.057974
0.057999
0.058023
0.058023
0.058023
0.057925
0.057876
0.05795
0.057999
0.057974
0.0579
0.0579
0.058073
0.058097
0.057999
0.057876
0.057851
0.057925
0.057999
0.0579
0.057802
0.057876
0.057974
0.057827
0.0579
0.05795
0.0579
0.057851
0.057827
0.057851
0.057925
0.057925
0.057851
0.057753
0.057802
0.057851
0.057802
0.057777
0.057802
0.057851
0.057876
0.057802
0.057728
0.057703
0.057753
0.057876
0.057851
0.057703
0.057703
0.057827
0.057876
0.057827
0.057679
0.057654
0.057753
0.0579
0.057802
0.057605
0.057605
0.057679
0.057703
0.057728
0.057703
0.05758
0.057679
0.057777
0.057802
0.057777
0.057679
0.057654
0.05763
0.057556
0.057507
0.057531
0.057605
0.057679
0.057679
0.057605
0.057531
0.057556
0.057605
0.05758
0.057556
0.05758
0.057654
0.057728
0.057703
0.057605
0.057556
0.057531
0.057605
0.05758
0.057457
0.057433
0.057457
0.057507
0.057507
0.057408
0.057433
0.057531
0.057556
0.057531
0.057433
0.057482
0.057507
0.057507
0.057457
0.057457
0.057482
0.057334
0.05731
0.057383
0.057457
0.057408
0.057359
0.057334
0.057383
0.057408
0.057433
0.057383
0.057433
0.057457
0.057433
0.057383
0.057383
0.057383
0.057334
0.05731
0.05731
0.057334
0.05731
0.05731
0.057359
0.057359
0.05726
0.057236
0.057334
0.057457
0.057433
0.057334
0.05726
0.05726
0.057334
0.057359
0.057383
0.057383
0.057211
0.057162
0.05726
0.05731
0.05731
0.057236
0.057186
0.057211
0.057285
0.05726
0.05726
0.05726
0.057285
0.057383
0.057408
0.05726
0.057162
0.057211
0.057285
0.057285
0.057186
0.057137
0.057211
0.057359
0.057383
0.057211
0.057113
0.057113
0.057162
0.057236
0.057186
0.057186
0.057211
0.057211
0.057186
0.057137
0.057137
0.057162
0.057088
0.057113
0.057211
0.057137
0.057088
0.057113
0.057113
0.057063
0.057039
0.057063
0.057137
0.057137
0.057137
0.057137
0.057113
0.057162
0.057137
0.057113
0.057063
0.056965
0.05699
0.057063
0.057113
0.057088
0.057063
0.057113
0.057186
0.057137
0.05699
0.05694
0.057039
0.057137
0.057039
0.056891
0.056866
0.056965
0.057039
0.057039
0.056965
0.057014
0.056965
0.056965
0.05699
0.057014
0.057014
0.057014
0.05699
0.056916
0.056916
0.05699
0.057014
0.05694
0.056866
0.05694
0.05699
0.056965
0.05694
0.05694
0.056965
0.05694
0.056891
0.056866
0.05694
0.057039
0.05699
0.056891
0.056842
0.056842
0.056891
0.056842
0.056768
0.056768
0.056842
0.056891
0.05694
0.056842
0.056768
0.056866
0.056965
0.056916
0.056891
0.056817
0.056793
0.056793
0.056842
0.056891
0.056891
0.056842
0.056793
0.056793
0.056866
0.056916
0.056866
0.056768
0.056793
0.056891
0.05694
0.056817
0.056694
0.056768
0.056891
0.056842
0.056743
0.056694
0.056719
0.056793
0.056842
0.056768
0.056719
0.056768
0.056842
0.056817
0.056719
0.056719
0.056768
0.056866
0.056916
0.056768
0.056645
0.056817
0.056694
0.056768
0.056866
0.056793
0.056743
0.05667
0.05667
0.056694
0.056768
0.056719
0.056645
0.05667
0.056743
0.056768
0.056743
0.056719
0.056768
0.056817
0.056743
0.056694
0.056645
0.05667
0.056768
0.056719
0.056645
0.05662
0.056743
0.056891
0.056793
0.05667
0.056694
0.056694
0.05667
0.05667
0.056645
0.056694
0.056743
0.056768
0.056768
0.056645
0.056719
0.05667
0.056645
0.056694
0.056694
0.05667
0.056645
0.056596
0.056571
0.056719
0.056694
0.056546
0.056522
0.05662
0.05667
0.05667
0.05662
0.056596
0.05662
0.05667
0.05667
0.05662
0.056571
0.056571
0.05662
0.056694
0.056571
0.056473
0.056546
0.056645
0.056596
0.056522
0.056497
0.056546
0.056546
0.056546
0.056546
0.056522
0.056497
0.056473
0.056571
0.056743
0.056719
0.056596
0.056374
0.056374
0.056473
0.056596
0.056596
0.056571
0.056522
0.056546
0.056522
0.056497
0.056423
0.056473
0.056571
0.05662
0.056571
0.056497
0.056448
0.056522
0.056571
0.056473
0.056423
0.056423
0.056522
0.056571
0.056546
0.056522
0.056497
0.056448
0.056571
0.05662
0.056473
0.056399
0.056448
0.056497
0.056473
0.056522
0.056497
0.056473
0.056497
0.056546
0.056571
0.056448
0.056325
0.056349
0.056497
0.056546
0.056473
0.056423
0.056423
0.056448
0.056448
0.056423
0.056374
0.056399
0.056473
0.056522
0.056497
0.056374
0.056349
0.056423
0.056497
0.056497
0.056423
0.056399
0.056448
0.056399
0.056374
0.056497
0.056448
0.056374
0.056349
0.056325
0.0563
0.056325
0.056374
0.0563
0.056374
0.056423
0.056399
0.056325
0.056349
0.056423
0.056423
0.056399
0.056325
0.056325
0.056399
0.056423
0.056399
0.056325
0.0563
0.056349
0.056325
0.056276
0.056251
0.056276
0.056399
0.056399
0.056399
0.056349
0.0563
0.056325
0.056349
0.056349
0.056325
0.056349
0.056423
0.056423
0.056349
0.056251
0.056276
0.056374
0.056349
0.0563
0.056251
0.056399
0.0563
0.056276
0.056325
0.056349
0.056325
0.056325
0.056399
0.056399
0.056349
0.056325
0.056251
0.056251
0.056349
0.056374
0.056325
0.056226
0.056177
0.056276
0.056399
0.056349
0.056226
0.056153
0.056226
0.056325
0.0563
0.056226
0.056202
0.056276
0.056325
0.0563
0.056202
0.056153
0.056251
0.056374
0.0563
0.056202
0.056177
0.056251
0.056349
0.056325
0.056177
0.056128
0.056226
0.0563
0.056202
0.056103
0.056103
0.056226
0.056276
0.056251
0.056202
0.056128
0.056153
0.056226
0.056226
0.056177
0.056177
0.056226
0.056349
0.0563
0.056177
0.056079
0.056128
0.056226
0.056226
0.056202
0.056202
0.056226
0.056325
0.056226
0.056079
0.056054
0.056128
0.056202
0.056177
0.056103
0.056103
0.056202
0.056251
0.056251
0.056251
0.056177
0.056103
0.056103
0.056177
0.056251
0.056251
0.056177
0.056177
0.056226
0.056251
0.056177
0.056103
0.056103
0.056153
0.056226
0.056153
0.056128
0.056079
0.056202
0.0563
0.056399
0.056423
0.056202
0.056079
0.056153
0.056128
0.056054
0.056054
0.056128
0.056226
0.056202
0.056128
0.056153
0.056226
0.0563
0.0563
0.056226
0.056128
0.056251
0.056226
0.056226
0.056226
0.056202
0.056128
0.056153
0.056276
0.056251
0.056202
0.056202
0.056177
0.056202
0.056251
0.056251
0.056177
0.056153
0.056177
0.056251
0.0563
0.056226
0.056177
0.056202
0.056276
0.056325
0.056276
0.056251
0.056251
0.056202
0.056202
0.056202
0.056153
0.056177
0.056251
0.056251
0.056251
0.0563
0.056349
0.0563
0.0563
0.056226
0.056251
0.056226
0.056226
0.056325
0.056423
0.056473
0.0563
0.056177
0.056202
0.056226
0.056202
0.056177
0.056153
0.056202
0.0563
0.056325
0.0563
0.056276
0.056349
0.056349
0.056325
0.056276
0.056251
0.056202
0.056251
0.0563
0.056276
0.056226
0.056276
0.056325
0.056349
0.0563
0.0563
0.056349
0.056374
0.056374
0.056423
0.056423
0.056349
0.056153
0.056202
0.0563
0.056325
0.056276
0.056226
0.056276
0.056374
0.056399
0.056349
0.0563
0.0563
0.0563
0.056349
0.056325
0.056202
0.056153
0.056202
0.056276
0.056276
0.056226
0.056251
0.056349
0.056374
0.056325
0.056251
0.056251
0.0563
0.0563
0.056251
0.056251
0.056276
0.056325
0.056399
0.056349
0.056226
0.056202
0.056276
0.056399
0.056374
0.056399
0.056497
0.056349
0.056251
0.0563
0.056325
0.056325
0.0563
0.056325
0.056448
0.056423
0.056349
0.056276
0.0563
0.056349
0.056325
0.056349
0.056325
0.056325
0.056374
0.056448
0.056423
0.056349
0.056374
0.056374
0.056399
0.056399
0.056399
0.056448
0.056473
0.056374
0.056226
0.056251
0.056325
0.056399
0.056423
0.056399
0.056399
0.056423
0.056399
0.056399
0.056448
0.056374
0.056325
0.056399
0.056423
0.056374
0.056325
0.0563
0.056276
0.0563
0.056423
0.056399
0.056374
0.056325
0.056349
0.056423
0.056423
0.056349
0.056251
0.056276
0.056325
0.056349
0.0563
0.056226
0.056276
0.056325
0.056399
0.056374
0.056325
0.056399
0.056374
0.056325
0.056251
0.056177
0.056177
0.056325
0.056448
0.056399
0.056276
0.056251
0.056177
0.056153
0.056226
0.056276
0.056276
0.056226
0.056226
0.056251
0.0563
0.056251
0.056202
0.056226
0.056325
0.056251
0.056128
0.056079
0.056128
0.056153
0.056202
0.056202
0.056128
0.056153
0.056226
0.056276
0.056226
0.056177
0.056153
0.056153
0.056153
0.056103
0.056054
0.056103
0.056226
0.0563
0.056251
0.056128
0.056054
0.056005
0.056054
0.056128
0.056202
0.056128
0.056005
0.056054
0.056128
0.056153
0.056079
0.056029
0.056054
0.056054
0.056054
0.056079
0.056054
0.056029
0.056079
0.056128
0.056054
0.055956
0.056005
0.056029
0.056029
0.056005
0.055956
0.055956
0.056153
0.056226
0.056029
0.055956
0.056005
0.056054
0.056054
0.056005
0.055931
0.055906
0.055956
0.056005
0.055956
0.055906
0.055906
0.055931
0.055956
0.056054
0.056153
0.056054
0.055857
0.055808
0.055906
0.056005
0.055956
0.055906
0.055857
0.055931
0.05598
0.055931
0.055906
0.055931
0.055931
0.05598
0.055906
0.055808
0.055783
0.055931
0.056005
0.055956
0.055882
0.055882
0.055882
0.055906
0.05598
0.056005
0.055931
0.055931
0.055906
0.055931
0.055882
0.055808
0.055808
0.055808
0.055857
0.055882
0.055857
0.055833
0.055857
0.055906
0.055882
0.055833
0.055808
0.055759
0.055783
0.055882
0.055882
0.055906
0.055931
0.05598
0.055857
0.055709
0.05566
0.055685
0.055882
0.056005
0.055857
0.055709
0.055709
0.055783
0.055882
0.055882
0.055759
0.055709
0.055734
0.055833
0.055857
0.055808
0.055759
0.055783
0.055857
0.055833
0.055734
0.055685
0.055709
0.055759
0.055833
0.055783
0.055734
0.055759
0.055759
0.055783
0.055833
0.055857
0.055833
0.055759
0.055759
0.055808
0.055783
0.055709
0.055685
0.055734
0.055783
0.055833
0.055808
0.055685
0.055734
0.055808
0.055734
0.055636
0.05566
0.055783
0.055833
0.055808
0.055783
0.055734
0.055734
0.055783
0.055734
0.05566
0.05566
0.055734
0.055808
0.055783
0.055709
0.055759
0.055759
0.055759
0.055759
0.055783
0.055709
0.055636
0.055636
0.055709
0.055808
0.055759
0.055636
0.055636
0.055709
0.055759
0.055685
0.055611
0.055562
0.055611
0.055734
0.055709
0.055636
0.055636
0.055636
0.055685
0.055709
0.055709
0.055636
0.05566
0.055734
0.055685
0.055562
0.055611
0.055709
0.055709
0.055685
0.055586
0.055562
0.055636
0.055709
0.055537
0.05566
0.05566
0.055611
0.055537
0.055512
0.055537
0.055562
0.055537
0.055537
0.055611
0.05566
0.055611
0.055537
0.055488
0.055562
0.055636
0.055611
0.055562
0.055512
0.055562
0.055685
0.055685
0.055586
0.055488
0.055488
0.055537
0.055512
0.055488
0.055488
0.055488
0.055537
0.055562
0.055512
0.055463
0.055512
0.055562
0.055562
0.055512
0.055488
0.055463
0.055512
0.055586
0.055537
0.055488
0.055537
0.055562
0.055537
0.055463
0.055439
0.055488
0.055537
0.055537
0.055439
0.055365
0.055414
0.055488
0.055488
0.055439
0.055414
0.055463
0.055562
0.055537
0.055439
0.055414
0.055414
0.055488
0.055463
0.055439
0.055414
0.055414
0.055488
0.055512
0.055463
0.055389
0.055414
0.055562
0.055562
0.055562
0.055512
0.055439
0.055414
0.055389
0.055414
0.055463
0.055389
0.055365
0.055439
0.055488
0.055463
0.055365
0.055316
0.055365
0.055414
0.055439
0.055414
0.055389
0.055414
0.055439
0.055439
0.055389
0.055365
0.05534
0.055389
0.055439
0.055463
0.055439
0.055488
0.055488
0.055537
0.055463
0.055365
0.055316
0.055365
0.055414
0.055389
0.055291
0.055291
0.055365
0.055365
0.055365
0.055389
0.055365
0.055316
0.055316
0.055365
0.055389
0.055389
0.055365
0.055389
0.055439
0.055365
0.055291
0.055291
0.055316
0.055389
0.055414
0.055389
0.055365
0.055365
0.055463
0.055463
0.05534
0.055242
0.055291
0.055389
0.055439
0.05534
0.05534
0.055365
0.055414
0.055365
0.055242
0.055242
0.055266
0.05534
0.055365
0.05534
0.055291
0.055266
0.055242
0.055291
0.05534
0.055365
0.05534
0.055242
0.055242
0.055291
0.05534
0.055316
0.055316
0.055291
0.05534
0.05534
0.055266
0.055266
0.055316
0.055414
0.055439
0.055365
0.055242
0.055192
0.055242
0.055242
0.055242
0.055217
0.055192
0.055266
0.055316
0.055316
0.05534
0.055389
0.055414
0.055365
0.05534
0.055316
0.055242
0.055291
0.055242
0.055168
0.055291
0.055266
0.055217
0.055217
0.055291
0.055291
0.055266
0.055242
0.055217
0.055266
0.055291
0.055242
0.055192
0.055192
0.055291
0.05534
0.055291
0.055217
0.055192
0.055291
0.05534
0.055291
0.055217
0.055192
0.055291
0.05534
0.055291
0.055242
0.055192
0.055242
0.055266
0.055242
0.055242
0.055266
0.055316
0.055389
0.055439
0.055365
0.055242
0.055168
