2018
5
17
10
35
25.197
-0.049358
-0.04926
-0.049284
-0.049407
-0.049457
-0.049383
-0.04926
-0.049309
-0.049432
-0.049481
-0.049383
-0.049284
-0.049309
-0.049432
-0.049481
-0.049407
-0.049284
-0.049309
-0.049432
-0.049457
-0.049407
-0.049309
-0.049309
-0.049432
-0.049481
-0.049407
-0.049284
-0.049284
-0.049457
-0.049506
-0.049383
-0.04926
-0.049309
-0.049407
-0.049457
-0.049383
-0.04926
-0.049284
-0.049407
-0.049481
-0.049407
-0.049457
-0.049358
-0.049235
-0.04926
-0.049358
-0.049432
-0.049383
-0.04926
-0.049284
-0.049432
-0.049457
-0.049358
-0.04926
-0.049284
-0.049407
-0.049481
-0.049407
-0.049284
-0.049284
-0.049407
-0.049506
-0.049432
-0.049334
-0.049334
-0.049481
-0.049506
-0.049407
-0.049334
-0.049334
-0.049432
-0.049506
-0.049432
-0.049334
-0.049334
-0.049407
-0.049481
-0.049407
-0.04926
-0.04926
-0.049358
-0.049383
-0.049481
-0.04953
-0.049481
-0.049383
-0.049383
-0.049506
-0.04958
-0.049555
-0.049457
-0.049432
-0.049555
-0.049654
-0.04958
-0.049481
-0.049506
-0.04958
-0.049629
-0.049555
-0.049432
-0.049432
-0.04953
-0.049604
-0.049604
-0.049457
-0.049358
-0.049457
-0.049506
-0.049432
-0.049309
-0.049309
-0.049432
-0.049506
-0.049432
-0.049284
-0.049284
-0.049407
-0.049457
-0.049407
-0.049481
-0.049432
-0.049309
-0.049309
-0.049407
-0.049457
-0.049407
-0.049309
-0.049309
-0.049383
-0.049457
-0.049432
-0.049334
-0.049284
-0.049358
-0.049457
-0.049457
-0.049334
-0.049284
-0.049358
-0.049481
-0.049432
-0.049309
-0.049309
-0.049432
-0.049506
-0.049407
-0.049284
-0.049284
-0.049358
-0.049407
-0.049432
-0.049309
-0.04926
-0.049358
-0.049457
-0.049432
-0.049358
-0.049284
-0.049358
-0.04926
-0.049309
-0.049432
-0.049432
-0.049334
-0.049284
-0.049334
-0.049432
-0.049457
-0.049334
-0.049309
-0.049358
-0.049407
-0.049407
-0.049334
-0.049284
-0.049334
-0.049432
-0.049407
-0.049334
-0.049284
-0.049358
-0.049481
-0.049481
-0.049358
-0.049284
-0.049358
-0.049432
-0.049407
-0.049309
-0.04926
-0.049334
-0.049457
-0.049457
-0.049334
-0.049235
-0.049284
-0.049432
-0.049432
-0.049309
-0.04926
-0.04921
-0.04926
-0.049383
-0.049358
-0.04926
-0.04921
-0.04926
-0.049358
-0.049358
-0.049235
-0.049186
-0.049235
-0.049309
-0.049309
-0.04921
-0.049137
-0.049235
-0.049383
-0.049383
-0.049309
-0.049309
-0.049407
-0.049481
-0.049457
-0.049358
-0.049309
-0.049383
-0.049457
-0.049432
-0.049358
-0.04926
-0.049334
-0.049407
-0.049407
-0.049309
-0.04926
-0.049334
-0.049407
-0.049407
-0.049407
-0.049407
-0.049309
-0.04926
-0.049309
-0.049383
-0.049383
-0.049284
-0.049235
-0.049284
-0.049383
-0.049407
-0.049284
-0.04921
-0.049284
-0.049407
-0.049432
-0.049309
-0.04926
-0.049284
-0.049407
-0.049383
-0.049334
-0.049235
-0.049284
-0.049407
-0.049432
-0.049334
-0.04926
-0.049309
-0.049407
-0.049457
-0.049358
-0.04926
-0.049284
-0.049432
-0.049407
-0.049284
-0.04921
-0.049284
-0.049186
-0.04921
-0.049309
-0.049334
-0.049235
-0.049161
-0.04921
-0.04926
-0.049309
-0.04926
-0.049161
-0.049161
-0.04926
-0.049309
-0.04921
-0.049161
-0.049186
-0.049284
-0.049309
-0.04926
-0.049161
-0.049112
-0.04926
-0.049284
-0.04921
-0.049137
-0.049137
-0.04926
-0.049284
-0.04921
-0.049137
-0.049137
-0.04926
-0.049284
-0.04921
-0.049112
-0.049161
-0.04926
-0.049284
-0.04921
-0.04926
-0.049186
-0.049137
-0.049137
-0.04921
-0.04926
-0.049186
-0.049112
-0.049137
-0.049186
-0.04926
-0.04921
-0.049112
-0.049112
-0.04921
-0.049309
-0.04921
-0.049087
-0.049112
-0.049235
-0.049284
-0.04921
-0.049112
-0.049087
-0.04921
-0.04926
-0.049186
-0.049087
-0.049063
-0.049186
-0.04926
-0.04921
-0.049161
-0.049112
-0.049186
-0.04921
-0.049161
-0.049087
-0.049063
-0.049137
-0.049038
-0.049063
-0.04921
-0.049161
-0.049038
-0.049063
-0.049161
-0.04921
-0.049137
-0.049013
-0.049013
-0.049161
-0.049235
-0.049186
-0.049038
-0.049013
-0.049137
-0.049186
-0.049161
-0.049087
-0.049063
-0.049137
-0.04921
-0.049186
-0.049087
-0.049038
-0.049112
-0.049186
-0.049161
-0.049038
-0.049038
-0.049161
-0.04921
-0.049186
-0.049087
-0.048964
-0.049087
-0.049186
-0.049137
-0.049038
-0.049137
-0.049038
-0.049013
-0.049087
-0.049161
-0.049137
-0.049013
-0.049038
-0.049112
-0.049186
-0.049137
-0.049063
-0.049063
-0.049161
-0.049235
-0.04921
-0.049112
-0.049087
-0.049161
-0.049235
-0.04921
-0.049137
-0.049112
-0.049186
-0.049284
-0.049235
-0.049087
-0.049063
-0.049137
-0.049235
-0.049235
-0.049137
-0.049063
-0.049112
-0.049161
-0.049137
-0.049013
-0.048964
-0.049038
-0.049137
-0.049013
-0.049087
-0.049063
-0.048964
-0.04894
-0.049013
-0.049063
-0.049038
-0.04894
-0.04889
-0.048989
-0.049087
-0.049063
-0.048915
-0.048866
-0.048964
-0.049063
-0.049038
-0.048915
-0.048841
-0.048915
-0.049013
-0.049013
-0.04889
-0.048841
-0.048915
-0.049013
-0.048989
-0.04889
-0.048841
-0.048915
-0.049013
-0.048989
-0.04889
-0.048841
-0.04894
-0.049013
-0.048989
-0.04889
-0.048866
-0.048915
-0.048866
-0.04894
-0.049038
-0.049038
-0.04894
-0.048866
-0.048915
-0.049013
-0.049038
-0.04894
-0.04889
-0.04894
-0.049013
-0.048989
-0.048915
-0.048866
-0.048915
-0.049013
-0.049038
-0.04894
-0.048866
-0.048915
-0.049013
-0.049013
-0.048915
-0.048841
-0.048915
-0.049038
-0.049038
-0.048915
-0.048841
-0.048915
-0.049013
-0.049013
-0.048915
-0.048841
-0.048915
-0.049013
-0.048989
-0.049038
-0.049038
-0.048915
-0.048841
-0.048915
-0.049013
-0.049038
-0.04894
-0.048866
-0.04894
-0.049013
-0.049013
-0.04894
-0.04889
-0.048915
-0.048989
-0.048989
-0.048915
-0.048841
-0.04889
-0.048989
-0.049013
-0.048915
-0.048841
-0.04889
-0.048989
-0.049038
-0.04894
-0.048866
-0.04889
-0.048989
-0.049013
-0.04894
-0.04889
-0.048915
-0.049013
-0.049038
-0.048964
-0.048866
-0.048915
-0.048915
-0.04889
-0.049013
-0.049063
-0.048989
-0.04889
-0.048915
-0.049013
-0.049063
-0.048964
-0.048915
-0.048989
-0.049112
-0.049161
-0.049087
-0.048989
-0.049038
-0.049161
-0.04921
-0.049112
-0.049038
-0.049063
-0.049161
-0.049161
-0.049087
-0.049013
-0.049063
-0.049186
-0.04921
-0.049137
-0.049038
-0.049087
-0.049186
-0.04921
-0.049161
-0.049087
-0.049137
-0.049235
-0.04926
-0.049161
-0.049087
-0.048989
-0.048989
-0.049112
-0.049161
-0.049087
-0.049013
-0.048989
-0.049112
-0.049161
-0.049112
-0.049013
-0.049038
-0.049137
-0.049186
-0.049112
-0.049013
-0.049063
-0.049161
-0.049235
-0.049137
-0.049013
-0.049013
-0.049137
-0.04921
-0.049137
-0.049038
-0.049013
-0.049137
-0.049186
-0.049137
-0.049038
-0.049038
-0.049161
-0.049235
-0.049161
-0.049087
-0.049087
-0.049161
-0.049235
-0.04921
-0.04926
-0.04921
-0.049112
-0.049087
-0.049186
-0.049235
-0.049186
-0.049087
-0.049112
-0.04921
-0.049284
-0.04921
-0.049112
-0.049112
-0.04921
-0.04926
-0.04921
-0.049112
-0.049137
-0.049235
-0.049284
-0.049235
-0.049137
-0.049137
-0.04926
-0.049358
-0.049284
-0.049112
-0.049137
-0.04926
-0.049334
-0.04926
-0.049186
-0.049161
-0.04926
-0.049334
-0.049284
-0.049186
-0.049161
-0.049186
-0.049186
-0.049284
-0.049358
-0.049309
-0.04921
-0.049186
-0.049309
-0.049383
-0.049309
-0.04921
-0.04921
-0.049309
-0.049383
-0.049334
-0.04926
-0.04921
-0.049334
-0.049407
-0.049334
-0.04921
-0.049235
-0.049309
-0.049358
-0.049358
-0.04926
-0.04921
-0.049309
-0.049383
-0.049358
-0.04926
-0.04926
-0.049358
-0.049432
-0.049407
-0.049284
-0.04926
-0.049358
-0.049457
-0.049407
-0.049432
-0.049334
-0.049309
-0.049383
-0.049457
-0.049432
-0.049358
-0.049309
-0.049358
-0.049457
-0.049407
-0.049309
-0.049284
-0.049383
-0.04953
-0.04953
-0.049432
-0.049383
-0.049457
-0.04953
-0.04953
-0.049432
-0.049407
-0.049481
-0.049555
-0.049555
-0.049457
-0.049432
-0.04953
-0.04958
-0.049555
-0.049481
-0.049457
-0.04953
-0.049629
-0.049629
-0.049506
-0.049457
-0.04953
-0.049629
-0.049555
-0.049604
-0.049555
-0.049457
-0.049407
-0.049481
-0.049555
-0.049555
-0.049457
-0.049383
-0.049457
-0.049555
-0.049555
-0.049432
-0.049383
-0.049457
-0.04958
-0.04958
-0.049457
-0.049407
-0.049506
-0.04958
-0.049555
-0.049432
-0.049383
-0.049457
-0.049555
-0.049555
-0.049481
-0.049407
-0.049481
-0.04958
-0.04958
-0.049506
-0.049432
-0.049481
-0.04958
-0.049604
-0.049506
-0.049432
-0.04953
-0.049457
-0.049481
-0.04958
-0.049604
-0.04953
-0.049457
-0.049481
-0.04958
-0.049604
-0.04953
-0.049457
-0.049481
-0.049604
-0.049629
-0.04953
-0.049481
-0.049506
-0.049604
-0.049629
-0.049555
-0.049481
-0.04953
-0.049604
-0.049654
-0.049555
-0.049481
-0.04953
-0.049654
-0.049654
-0.049555
-0.049481
-0.04953
-0.049654
-0.049654
-0.04958
-0.049506
-0.04953
-0.049678
-0.049703
-0.049654
-0.04958
-0.049506
-0.04953
-0.049654
-0.049678
-0.04958
-0.049506
-0.049555
-0.049654
-0.049678
-0.049604
-0.04953
-0.049555
-0.049678
-0.049678
-0.04958
-0.049506
-0.049555
-0.049654
-0.049703
-0.049629
-0.049506
-0.04953
-0.049629
-0.049654
-0.04958
-0.049506
-0.049555
-0.049703
-0.049727
-0.049629
-0.049555
-0.04958
-0.049678
-0.049727
-0.049629
-0.049555
-0.049604
-0.049703
-0.049604
-0.049703
-0.049752
-0.049629
-0.04953
-0.04958
-0.049703
-0.049752
-0.049678
-0.049555
-0.049604
-0.049703
-0.049752
-0.049654
-0.049555
-0.04958
-0.049678
-0.049727
-0.049678
-0.049629
-0.049654
-0.049752
-0.049801
-0.049727
-0.049654
-0.049703
-0.049801
-0.049875
-0.049801
-0.049703
-0.049703
-0.049826
-0.049875
-0.049801
-0.049703
-0.049727
-0.049875
-0.049924
-0.049801
-0.049678
-0.049777
-0.049654
-0.049678
-0.049777
-0.049826
-0.049703
-0.04958
-0.049604
-0.049703
-0.049752
-0.049703
-0.049604
-0.049604
-0.049703
-0.049727
-0.049678
-0.04958
-0.04958
-0.049678
-0.049727
-0.049654
-0.049555
-0.049555
-0.049654
-0.049752
-0.049678
-0.049555
-0.04958
-0.049678
-0.049703
-0.049654
-0.04958
-0.049555
-0.049629
-0.049703
-0.049629
-0.04953
-0.04953
-0.049629
-0.049703
-0.049678
-0.049727
-0.049654
-0.04958
-0.049555
-0.049629
-0.049703
-0.049629
-0.04953
-0.049555
-0.049629
-0.049678
-0.049654
-0.04953
-0.04953
-0.049604
-0.049678
-0.049678
-0.049506
-0.049506
-0.049629
-0.049678
-0.049654
-0.049555
-0.049555
-0.049629
-0.049703
-0.049654
-0.049555
-0.049555
-0.049629
-0.049752
-0.049703
-0.049555
-0.04953
-0.049629
-0.049703
-0.049678
-0.049555
-0.049555
-0.04958
-0.04958
-0.049629
-0.049678
-0.049678
-0.049555
-0.04953
-0.049604
-0.049703
-0.049678
-0.04953
-0.04953
-0.049629
-0.049678
-0.049629
-0.049555
-0.04953
-0.049604
-0.049678
-0.049629
-0.04953
-0.049506
-0.049629
-0.049703
-0.049629
-0.04953
-0.049506
-0.04958
-0.049678
-0.049654
-0.04953
-0.049481
-0.04958
-0.049678
-0.049629
-0.049555
-0.049506
-0.049604
-0.049703
-0.049678
-0.049678
-0.049654
-0.049555
-0.049555
-0.049604
-0.049678
-0.049703
-0.04958
-0.049506
-0.04958
-0.049678
-0.049678
-0.049555
-0.049506
-0.04958
-0.049678
-0.049678
-0.049555
-0.049506
-0.04958
-0.049654
-0.049629
-0.04958
-0.049555
-0.049629
-0.049703
-0.049727
-0.049629
-0.049555
-0.049654
-0.049752
-0.049752
-0.049654
-0.049604
-0.049678
-0.049752
-0.049752
-0.049678
-0.049629
-0.049727
-0.049604
-0.049654
-0.049777
-0.049777
-0.049678
-0.04958
-0.049629
-0.049703
-0.049678
-0.04958
-0.04953
-0.04958
-0.049654
-0.049604
-0.049555
-0.049481
-0.049555
-0.049678
-0.049678
-0.049555
-0.049481
-0.049555
-0.049629
-0.049629
-0.04953
-0.049457
-0.049555
-0.049654
-0.049654
-0.049555
-0.049506
-0.04953
-0.049629
-0.049629
-0.049506
-0.049457
-0.049506
-0.049604
-0.049629
-0.04953
-0.049604
-0.04953
-0.049432
-0.049481
-0.049604
-0.049604
-0.049506
-0.049457
-0.04953
-0.04958
-0.04958
-0.049481
-0.049457
-0.049506
-0.04958
-0.04958
-0.049506
-0.049457
-0.049457
-0.04953
-0.049555
-0.049506
-0.049407
-0.049457
-0.049555
-0.04958
-0.049506
-0.049432
-0.049457
-0.049555
-0.04958
-0.049506
-0.049457
-0.049481
-0.049555
-0.04958
-0.049481
-0.049457
-0.049506
-0.04958
-0.04953
-0.049555
-0.049481
-0.049407
-0.049457
-0.04953
-0.049555
-0.049481
-0.049407
-0.049432
-0.049481
-0.04953
-0.049481
-0.049383
-0.049407
-0.049506
-0.04953
-0.049432
-0.049358
-0.049383
-0.049481
-0.049506
-0.049432
-0.049334
-0.049383
-0.049481
-0.049506
-0.049432
-0.049407
-0.049383
-0.049457
-0.049481
-0.049334
-0.049334
-0.049358
-0.049432
-0.049457
-0.049358
-0.049284
-0.049334
-0.049309
-0.049358
-0.049457
-0.049506
-0.049407
-0.049334
-0.049358
-0.049481
-0.04953
-0.049432
-0.049358
-0.049383
-0.049457
-0.049481
-0.049457
-0.049358
-0.049383
-0.049457
-0.049506
-0.049407
-0.049309
-0.049309
-0.049407
-0.049457
-0.049383
-0.049334
-0.049407
-0.049457
-0.049506
-0.049506
-0.049407
-0.049358
-0.049457
-0.049506
-0.049457
-0.049383
-0.049432
-0.04953
-0.04958
-0.049506
-0.049654
-0.049555
-0.049407
-0.049407
-0.049481
-0.04953
-0.049481
-0.049407
-0.049407
-0.049481
-0.049555
-0.049481
-0.049334
-0.049309
-0.049383
-0.049432
-0.049407
-0.049334
-0.049309
-0.049407
-0.049432
-0.049383
-0.049284
-0.049235
-0.049358
-0.049407
-0.049358
-0.049235
-0.04926
-0.049358
-0.049432
-0.049358
-0.049284
-0.04926
-0.049309
-0.049383
-0.049358
-0.049235
-0.04921
-0.049309
-0.049309
-0.049358
-0.049334
-0.04926
-0.049235
-0.049309
-0.049358
-0.049309
-0.049235
-0.04926
-0.049284
-0.049334
-0.049284
-0.049235
-0.04926
-0.04926
-0.049284
-0.049284
-0.049161
-0.049186
-0.049235
-0.049309
-0.049284
-0.049161
-0.049137
-0.04921
-0.049309
-0.049284
-0.049186
-0.049161
-0.04921
-0.049309
-0.049284
-0.04921
-0.049161
-0.04921
-0.049284
-0.049284
-0.04921
-0.049161
-0.04926
-0.049137
-0.049186
-0.049284
-0.049235
-0.049161
-0.049161
-0.049235
-0.04926
-0.04921
-0.049161
-0.049137
-0.049235
-0.049334
-0.04921
-0.049112
-0.049087
-0.049161
-0.049235
-0.049235
-0.049137
-0.049087
-0.049161
-0.04926
-0.04921
-0.049087
-0.049063
-0.049137
-0.04921
-0.049161
-0.049087
-0.049038
-0.049112
-0.049186
-0.049161
-0.049063
-0.049013
-0.049063
-0.049161
-0.049161
-0.04921
-0.049161
-0.049013
-0.049013
-0.049112
-0.04921
-0.049161
-0.049063
-0.049063
-0.049087
-0.049161
-0.049161
-0.049087
-0.049038
-0.049112
-0.049186
-0.049161
-0.049087
-0.049038
-0.049087
-0.04921
-0.049137
-0.049038
-0.049063
-0.049112
-0.049161
-0.049087
-0.049038
-0.049013
-0.049063
-0.049161
-0.049186
-0.049063
-0.049013
-0.049087
-0.049186
-0.049186
-0.049137
-0.049087
-0.049161
-0.049137
-0.049186
-0.049284
-0.049235
-0.049161
-0.049137
-0.049186
-0.049284
-0.049235
-0.049112
-0.049063
-0.049137
-0.049235
-0.049235
-0.049112
-0.049063
-0.049087
-0.049137
-0.049112
-0.049038
-0.048964
-0.049013
-0.049112
-0.049112
-0.049013
-0.048964
-0.049013
-0.049087
-0.049087
-0.049013
-0.04894
-0.048989
-0.049063
-0.049063
-0.049013
-0.048964
-0.048964
-0.049063
-0.049087
-0.049013
-0.049087
-0.048989
-0.048915
-0.048964
-0.049038
-0.049063
-0.048989
-0.048915
-0.048964
-0.049038
-0.049063
-0.048964
-0.04889
-0.04894
-0.049013
-0.049038
-0.04894
-0.048866
-0.048915
-0.049013
-0.049013
-0.04894
-0.04889
-0.04894
-0.049013
-0.049013
-0.048964
-0.04889
-0.048915
-0.049038
-0.049063
-0.048989
-0.048915
-0.04894
-0.049038
-0.049038
-0.048964
-0.048915
-0.048964
-0.049038
-0.048964
-0.049038
-0.049063
-0.048989
-0.048915
-0.04894
-0.049038
-0.049038
-0.048964
-0.04889
-0.04894
-0.049013
-0.049013
-0.04894
-0.04889
-0.048915
-0.048989
-0.049013
-0.04894
-0.04889
-0.04889
-0.048989
-0.049013
-0.048964
-0.04889
-0.04889
-0.048989
-0.049013
-0.048964
-0.048866
-0.048915
-0.049013
-0.049063
-0.048989
-0.048915
-0.04894
-0.049013
-0.049013
-0.04894
-0.048866
-0.048964
-0.04889
-0.048915
-0.049013
-0.049063
-0.048989
-0.04889
-0.04889
-0.048989
-0.049038
-0.048989
-0.048915
-0.048915
-0.049013
-0.049087
-0.048989
-0.048915
-0.04894
-0.049038
-0.049087
-0.049013
-0.048915
-0.048915
-0.049013
-0.049087
-0.049013
-0.04894
-0.048964
-0.049038
-0.049087
-0.049013
-0.048915
-0.048915
-0.049063
-0.049137
-0.049087
-0.049038
-0.049063
-0.049137
-0.04921
-0.049161
-0.04921
-0.049161
-0.049087
-0.049087
-0.049161
-0.04921
-0.049161
-0.049112
-0.049112
-0.049235
-0.049284
-0.04921
-0.049137
-0.049137
-0.04921
-0.049309
-0.049284
-0.049186
-0.049186
-0.049235
-0.049284
-0.049186
-0.049087
-0.049087
-0.049161
-0.049186
-0.049137
-0.049063
-0.049063
-0.049137
-0.049186
-0.049137
-0.049038
-0.049063
-0.049161
-0.04921
-0.049161
-0.049112
-0.049087
-0.049063
-0.049038
-0.049161
-0.04921
-0.049161
-0.049087
-0.049063
-0.049137
-0.04921
-0.049186
-0.049087
-0.049087
-0.049161
-0.049235
-0.04921
-0.049112
-0.049087
-0.04921
-0.049284
-0.049235
-0.049137
-0.049112
-0.049186
-0.049235
-0.049235
-0.049161
-0.049137
-0.049235
-0.049284
-0.049235
-0.049161
-0.049161
-0.04921
-0.049309
-0.049284
-0.049186
-0.049161
-0.04926
-0.049334
-0.049284
-0.049334
-0.04926
-0.04921
-0.049284
-0.049383
-0.049383
-0.049309
-0.049284
-0.049358
-0.049407
-0.049383
-0.049309
-0.049284
-0.049358
-0.049432
-0.049407
-0.049309
-0.049309
-0.049358
-0.049457
-0.049407
-0.049309
-0.049284
-0.049358
-0.049457
-0.049432
-0.049334
-0.049309
-0.049358
-0.049457
-0.049457
-0.049383
-0.049334
-0.049407
-0.049457
-0.049432
-0.049334
-0.049309
-0.049383
-0.049457
-0.049383
-0.049457
-0.049457
-0.049383
-0.049334
-0.049383
-0.049481
-0.049481
-0.049383
-0.049309
-0.049358
-0.049457
-0.049457
-0.049383
-0.049358
-0.049432
-0.049506
-0.049457
-0.049383
-0.049334
-0.049407
-0.049506
-0.049506
-0.049383
-0.049334
-0.049432
-0.04953
-0.04953
-0.049432
-0.049383
-0.049432
-0.04953
-0.049555
-0.049457
-0.049407
-0.049457
-0.049555
-0.049555
-0.049457
-0.049407
-0.049481
-0.049555
-0.049654
-0.049654
-0.04958
-0.04953
-0.04958
-0.049678
-0.049703
-0.04958
-0.04953
-0.049604
-0.049727
-0.049703
-0.049604
-0.049555
-0.049629
-0.049727
-0.049703
-0.049604
-0.04958
-0.049654
-0.049752
-0.049752
-0.049678
-0.049629
-0.049629
-0.049703
-0.049678
-0.04958
-0.04953
-0.04958
-0.049654
-0.049604
-0.04953
-0.049506
-0.04958
-0.049654
-0.049604
-0.04953
-0.049654
-0.049555
-0.049481
-0.049555
-0.049678
-0.049678
-0.04958
-0.049506
-0.04953
-0.049629
-0.049654
-0.049555
-0.049481
-0.049555
-0.049678
-0.049703
-0.049604
-0.04958
-0.049604
-0.049678
-0.049727
-0.049629
-0.049506
-0.04953
-0.049654
-0.049678
-0.049604
-0.04953
-0.04958
-0.049703
-0.049727
-0.049629
-0.049555
-0.04958
-0.049678
-0.049727
-0.049654
-0.049555
-0.04958
-0.049703
-0.049727
-0.049752
-0.049654
-0.04958
-0.049629
-0.049727
-0.049752
-0.049678
-0.049604
-0.049629
-0.049727
-0.049777
-0.049727
-0.049629
-0.049629
-0.049727
-0.049777
-0.049678
-0.049604
-0.049654
-0.049752
-0.049777
-0.049703
-0.049654
-0.049678
-0.049777
-0.049801
-0.049727
-0.049654
-0.049654
-0.049727
-0.049777
-0.049727
-0.049654
-0.049654
-0.049752
-0.049801
-0.049727
-0.049654
-0.049654
-0.049629
-0.049654
-0.049752
-0.049777
-0.049678
-0.049604
-0.049629
-0.049703
-0.049801
-0.049703
-0.049604
-0.049604
-0.049727
-0.049777
-0.049703
-0.049629
-0.049654
-0.049752
-0.049801
-0.049752
-0.049654
-0.049654
-0.049727
-0.049777
-0.049727
-0.049678
-0.049703
-0.049801
-0.049801
-0.049727
-0.049654
-0.049654
-0.049752
-0.049801
-0.049727
-0.049678
-0.049654
-0.049727
-0.049777
-0.049727
-0.049826
-0.049801
-0.049727
-0.049752
-0.049826
-0.04985
-0.049826
-0.049752
-0.049752
-0.04985
-0.049949
-0.0499
-0.049777
-0.049752
-0.04985
-0.049924
-0.0499
-0.049826
-0.049801
-0.049875
-0.049949
-0.0499
-0.049801
-0.049777
-0.049875
-0.0499
-0.049875
-0.049777
-0.049752
-0.049826
-0.04985
-0.049801
-0.049727
-0.049727
-0.049777
-0.049801
-0.049801
-0.049703
-0.049654
-0.049678
-0.049654
-0.049752
-0.049801
-0.049752
-0.049654
-0.049654
-0.049727
-0.049777
-0.049727
-0.049654
-0.049654
-0.049727
-0.049777
-0.049727
-0.049604
-0.049604
-0.049727
-0.049801
-0.049752
-0.049654
-0.049629
-0.049703
-0.049777
-0.049752
-0.049654
-0.049629
-0.049703
-0.049777
-0.049727
-0.049654
-0.049629
-0.049727
-0.049777
-0.049727
-0.049654
-0.049654
-0.049727
-0.049777
-0.049703
-0.049629
-0.049703
-0.049629
-0.049604
-0.049654
-0.049727
-0.049703
-0.049604
-0.04958
-0.049654
-0.049752
-0.049727
-0.049629
-0.049629
-0.049703
-0.049777
-0.049752
-0.049654
-0.049604
-0.049678
-0.049752
-0.049727
-0.049654
-0.049604
-0.049703
-0.049777
-0.049752
-0.049654
-0.049604
-0.049654
-0.049752
-0.049727
-0.049654
-0.049604
-0.049654
-0.049752
-0.049777
-0.049678
-0.049629
-0.049678
-0.049752
-0.049678
-0.049777
-0.049727
-0.049654
-0.049604
-0.049678
-0.049801
-0.049703
-0.049629
-0.04958
-0.049629
-0.049752
-0.049727
-0.049604
-0.04958
-0.049654
-0.049678
-0.049703
-0.049629
-0.04958
-0.049654
-0.049727
-0.049727
-0.049629
-0.049604
-0.049654
-0.049727
-0.049727
-0.049654
-0.049654
-0.049703
-0.049752
-0.049727
-0.049654
-0.049604
-0.049678
-0.049752
-0.049752
-0.049678
-0.049629
-0.049654
-0.049604
-0.049654
-0.049727
-0.049752
-0.049678
-0.049604
-0.049629
-0.049752
-0.049777
-0.049727
-0.049654
-0.049678
-0.049777
-0.049777
-0.049703
-0.049703
-0.049752
-0.049826
-0.049875
-0.049826
-0.049777
-0.049801
-0.049875
-0.049924
-0.049801
-0.049752
-0.049826
-0.0499
-0.049875
-0.049777
-0.049727
-0.049777
-0.04985
-0.049875
-0.049826
-0.049752
-0.049752
-0.049801
-0.049801
-0.049777
-0.049703
-0.049629
-0.049654
-0.049752
-0.049777
-0.049703
-0.049629
-0.049654
-0.049752
-0.049777
-0.049703
-0.049629
-0.049654
-0.049727
-0.049752
-0.049678
-0.04958
-0.049629
-0.049727
-0.049752
-0.049678
-0.049604
-0.049654
-0.049752
-0.049777
-0.049727
-0.049654
-0.049654
-0.049752
-0.049752
-0.049703
-0.049629
-0.049629
-0.049752
-0.049752
-0.049678
-0.049604
-0.049604
-0.049703
-0.049654
-0.049703
-0.049703
-0.049654
-0.04958
-0.049604
-0.049703
-0.049727
-0.049654
-0.04958
-0.049604
-0.049678
-0.049727
-0.049654
-0.04958
-0.049629
-0.049703
-0.049752
-0.049654
-0.049604
-0.049629
-0.049727
-0.049752
-0.049678
-0.049604
-0.049629
-0.049727
-0.049752
-0.049678
-0.049604
-0.049629
-0.049727
-0.049727
-0.049654
-0.049555
-0.049555
-0.049678
-0.049752
-0.049654
-0.049555
-0.049654
-0.049555
-0.049555
-0.049629
-0.049703
-0.049629
-0.04953
-0.04953
-0.049629
-0.049678
-0.049604
-0.049555
-0.049555
-0.049629
-0.049654
-0.049629
-0.049555
-0.049555
-0.049629
-0.049629
-0.04958
-0.049506
-0.049506
-0.04958
-0.049629
-0.04958
-0.049506
-0.04953
-0.049629
-0.049678
-0.049604
-0.049506
-0.04953
-0.049604
-0.049654
-0.049604
-0.04953
-0.049506
-0.049604
-0.049678
-0.04958
-0.049654
-0.049629
-0.049555
-0.049506
-0.04958
-0.049678
-0.049604
-0.049481
-0.04953
-0.049604
-0.049654
-0.049604
-0.049481
-0.049481
-0.049555
-0.049654
-0.049604
-0.049555
-0.049555
-0.049629
-0.049678
-0.049654
-0.04958
-0.049555
-0.049629
-0.049727
-0.049777
-0.049678
-0.049629
-0.049752
-0.049777
-0.049727
-0.049654
-0.049654
-0.049727
-0.049752
-0.049703
-0.049604
-0.04958
-0.049604
-0.04958
-0.049629
-0.049678
-0.049654
-0.049506
-0.049481
-0.049555
-0.049629
-0.04958
-0.049506
-0.049481
-0.049555
-0.049604
-0.04958
-0.049506
-0.049457
-0.049555
-0.049654
-0.049604
-0.049506
-0.049432
-0.04953
-0.049604
-0.049555
-0.049457
-0.049432
-0.049555
-0.049604
-0.049555
-0.049432
-0.049383
-0.049481
-0.04958
-0.04958
-0.049432
-0.049407
-0.049481
-0.04958
-0.049555
-0.049506
-0.049481
-0.049432
-0.049407
-0.04953
-0.04958
-0.049457
-0.049383
-0.049358
-0.049457
-0.049555
-0.049481
-0.049383
-0.049383
-0.049457
-0.049506
-0.049506
-0.049432
-0.049383
-0.049432
-0.049506
-0.049457
-0.049383
-0.049383
-0.049457
-0.049506
-0.049481
-0.049407
-0.049407
-0.049432
-0.049481
-0.04953
-0.049457
-0.049334
-0.049407
-0.049481
-0.049481
-0.049383
-0.049358
-0.049407
-0.049358
-0.049407
-0.049481
-0.049457
-0.049383
-0.049358
-0.049383
-0.049457
-0.049481
-0.049407
-0.049334
-0.049407
-0.049481
-0.049432
-0.049383
-0.049334
-0.049407
-0.049457
-0.049457
-0.049407
-0.049334
-0.049383
-0.049432
-0.049457
-0.049383
-0.049358
-0.049383
-0.049432
-0.049432
-0.049358
-0.049284
-0.049358
-0.049432
-0.049432
-0.049358
-0.049309
-0.049358
-0.049432
-0.049432
-0.049358
-0.049407
-0.049309
-0.049309
-0.049358
-0.049432
-0.049432
-0.049358
-0.049309
-0.049358
-0.049432
-0.049432
-0.049358
-0.049309
-0.049358
-0.049432
-0.049432
-0.049358
-0.049309
-0.049358
-0.049457
-0.049432
-0.049358
-0.049284
-0.049309
-0.049383
-0.049407
-0.049334
-0.049309
-0.049383
-0.049457
-0.049481
-0.049432
-0.049383
-0.049407
-0.049506
-0.049506
-0.049457
-0.049407
-0.049481
-0.049555
-0.049506
-0.04958
-0.049604
-0.049506
-0.049432
-0.049457
-0.04953
-0.049555
-0.049506
-0.049457
-0.049457
-0.049506
-0.04953
-0.049457
-0.049358
-0.049383
-0.049457
-0.049481
-0.049407
-0.049334
-0.049383
-0.049457
-0.049481
-0.049407
-0.049334
-0.049358
-0.049457
-0.049481
-0.049432
-0.049383
-0.049383
-0.049457
-0.049457
-0.049358
-0.049309
-0.049358
-0.049432
-0.049457
-0.049383
-0.049309
-0.049407
-0.049309
-0.049334
-0.049432
-0.049457
-0.049383
-0.049284
-0.049309
-0.049407
-0.049457
-0.049407
-0.049334
-0.049358
-0.049432
-0.049457
-0.049383
-0.049309
-0.049334
-0.049407
-0.049432
-0.049383
-0.049334
-0.049358
-0.049457
-0.049506
-0.049432
-0.049358
-0.049383
-0.049457
-0.049506
-0.049457
-0.049383
-0.049383
-0.049481
-0.049506
-0.049481
-0.049407
-0.049432
-0.04953
-0.04958
-0.049506
-0.04958
-0.04953
-0.049457
-0.049457
-0.049506
-0.049555
-0.049506
-0.049457
-0.049457
-0.049555
-0.04958
-0.04953
-0.049457
-0.049457
-0.04953
-0.049604
-0.049555
-0.049481
-0.049481
-0.049555
-0.049604
-0.049555
-0.049481
-0.049481
-0.049555
-0.049604
-0.04958
-0.049506
-0.049506
-0.04958
-0.049654
-0.04958
-0.049481
-0.049481
-0.04958
-0.049629
-0.04958
-0.049506
-0.049506
