2018
7
5
10
27
31.431
-0.043007
-0.043007
-0.043031
-0.043031
-0.043031
-0.043031
-0.043031
-0.043031
-0.043056
-0.043056
-0.043031
-0.043031
-0.043056
-0.043056
-0.043056
-0.043031
-0.043031
-0.043056
-0.043081
-0.043056
-0.043056
-0.043056
-0.043056
-0.043081
-0.043081
-0.043056
-0.043056
-0.043081
-0.043081
-0.043081
-0.043081
-0.043056
-0.043081
-0.043081
-0.043081
-0.043081
-0.043081
-0.043081
-0.043105
-0.043105
-0.043105
-0.043105
-0.043081
-0.043081
-0.043105
-0.043105
-0.043105
-0.043105
-0.043081
-0.043105
-0.04313
-0.04313
-0.043105
-0.043105
-0.043105
-0.04313
-0.04313
-0.043105
-0.043105
-0.043105
-0.04313
-0.04313
-0.043105
-0.043105
-0.04313
-0.04313
-0.04313
-0.04313
-0.04313
-0.04313
-0.043155
-0.043155
-0.04313
-0.04313
-0.04313
-0.043155
-0.043155
-0.04313
-0.04313
-0.043155
-0.043155
-0.043155
-0.043179
-0.043179
-0.043155
-0.043155
-0.043155
-0.043179
-0.043179
-0.043155
-0.043155
-0.043179
-0.043179
-0.043179
-0.043179
-0.043155
-0.043179
-0.043179
-0.043179
-0.043179
-0.043179
-0.043179
-0.043204
-0.043204
-0.043179
-0.043179
-0.043179
-0.043204
-0.043204
-0.043179
-0.043179
-0.043179
-0.043204
-0.043204
-0.043204
-0.043179
-0.043204
-0.043228
-0.043228
-0.043204
-0.043228
-0.043228
-0.043204
-0.043228
-0.043228
-0.043228
-0.043228
-0.043228
-0.043228
-0.043253
-0.043278
-0.043253
-0.043228
-0.043253
-0.043253
-0.043253
-0.043253
-0.043253
-0.043253
-0.043253
-0.043253
-0.043253
-0.043228
-0.043253
-0.043253
-0.043278
-0.043253
-0.043253
-0.043253
-0.043278
-0.043278
-0.043253
-0.043253
-0.043253
-0.043278
-0.043278
-0.043278
-0.043278
-0.043302
-0.043351
-0.043155
-0.04313
-0.043081
-0.043031
-0.043031
-0.043081
-0.04313
-0.043179
-0.043204
-0.043204
-0.043253
-0.043278
-0.043302
-0.043278
-0.043278
-0.043278
-0.043302
-0.043327
-0.043302
-0.043302
-0.043302
-0.043327
-0.043327
-0.043302
-0.043302
-0.043302
-0.043327
-0.043327
-0.043302
-0.043302
-0.043302
-0.043327
-0.043327
-0.043302
-0.043302
-0.043302
-0.043327
-0.043327
-0.043327
-0.043327
-0.043327
-0.043327
-0.043327
-0.043351
-0.043351
-0.043351
-0.043351
-0.043351
-0.043376
-0.043376
-0.043351
-0.043351
-0.043351
-0.043376
-0.043376
-0.043376
-0.043376
-0.043376
-0.043376
-0.043401
-0.043376
-0.043376
-0.043376
-0.043401
-0.043401
-0.043376
-0.043376
-0.043376
-0.043376
-0.043376
-0.043376
-0.043351
-0.043351
-0.043376
-0.043376
-0.043351
-0.043351
-0.043351
-0.043351
-0.043351
-0.043351
-0.043351
-0.043327
-0.043327
-0.043327
-0.043327
-0.043327
-0.043327
-0.043327
-0.043327
-0.043327
-0.043351
-0.043327
-0.043327
-0.043327
-0.043327
-0.043351
-0.043327
-0.043327
-0.043327
-0.043351
-0.043351
-0.043351
-0.043327
-0.043351
-0.043351
-0.043376
-0.043351
-0.043351
-0.043351
-0.043376
-0.043376
-0.043376
-0.043351
-0.043351
-0.043376
-0.043376
-0.043376
-0.043351
-0.043351
-0.043351
-0.043376
-0.043376
-0.043401
-0.043376
-0.043376
-0.043376
-0.043401
-0.043401
-0.043401
-0.043401
-0.043401
-0.043401
-0.043425
-0.043401
-0.043401
-0.043401
-0.043425
-0.043425
-0.043425
-0.043401
-0.043425
-0.043425
-0.04345
-0.043425
-0.043425
-0.043425
-0.04345
-0.04345
-0.04345
-0.043425
-0.043425
-0.04345
-0.04345
-0.04345
-0.04345
-0.04345
-0.04345
-0.043475
-0.04345
-0.043475
-0.043475
-0.04345
-0.04345
-0.043475
-0.043475
-0.043475
-0.043475
-0.043475
-0.043475
-0.043499
-0.043475
-0.043475
-0.043475
-0.043475
-0.043499
-0.043499
-0.043475
-0.043475
-0.043499
-0.043499
-0.043499
-0.043499
-0.043499
-0.043499
-0.043524
-0.043524
-0.043499
-0.043499
-0.043524
-0.043524
-0.043524
-0.043499
-0.043499
-0.043524
-0.043524
-0.043524
-0.043524
-0.043524
-0.043524
-0.043524
-0.043548
-0.043548
-0.043548
-0.043524
-0.043524
-0.043548
-0.043548
-0.043548
-0.043548
-0.043548
-0.043548
-0.043573
-0.043573
-0.043548
-0.043548
-0.043548
-0.043573
-0.043573
-0.043548
-0.043548
-0.043573
-0.043573
-0.043573
-0.043548
-0.043548
-0.043573
-0.043573
-0.043573
-0.043548
-0.043548
-0.043573
-0.043573
-0.043573
-0.043573
-0.043548
-0.043573
-0.043598
-0.043573
-0.043573
-0.043598
-0.043573
-0.043573
-0.043573
-0.043598
-0.043598
-0.043573
-0.043573
-0.043598
-0.043598
-0.043598
-0.043573
-0.043573
-0.043598
-0.043598
-0.043598
-0.043573
-0.043573
-0.043598
-0.043622
-0.043598
-0.043598
-0.043598
-0.043622
-0.043647
-0.043647
-0.043622
-0.043622
-0.043622
-0.043647
-0.043647
-0.043622
-0.043622
-0.043622
-0.043647
-0.043647
-0.043622
-0.043622
-0.043622
-0.043647
-0.043647
-0.043647
-0.043647
-0.043622
-0.043622
-0.043647
-0.043671
-0.043671
-0.043671
-0.043696
-0.043696
-0.043696
-0.043647
-0.043573
-0.043524
-0.043475
-0.04345
-0.043425
-0.043425
-0.043475
-0.043524
-0.043573
-0.043598
-0.043622
-0.043647
-0.043671
-0.043671
-0.043696
-0.043671
-0.043671
-0.043671
-0.043696
-0.043696
-0.043671
-0.043671
-0.043696
-0.043696
-0.043696
-0.043696
-0.043671
-0.043696
-0.043671
-0.043696
-0.043696
-0.043696
-0.043696
-0.043671
-0.043696
-0.043721
-0.043721
-0.043696
-0.043696
-0.043696
-0.043721
-0.043721
-0.043696
-0.043696
-0.043721
-0.043721
-0.043721
-0.043721
-0.043721
-0.043721
-0.043745
-0.043745
-0.043721
-0.043721
-0.043745
-0.043745
-0.043745
-0.043745
-0.043745
-0.043745
-0.04377
-0.04377
-0.043745
-0.043745
-0.043745
-0.04377
-0.04377
-0.04377
-0.04377
-0.043745
-0.043745
-0.043745
-0.04377
-0.04377
-0.043745
-0.043745
-0.043745
-0.04377
-0.04377
-0.043745
-0.043721
-0.043745
-0.043745
-0.043745
-0.043745
-0.043721
-0.043721
-0.043745
-0.043745
-0.043721
-0.043721
-0.043721
-0.043745
-0.043745
-0.043721
-0.043721
-0.043721
-0.043745
-0.043745
-0.043721
-0.043721
-0.043721
-0.043745
-0.043745
-0.043721
-0.043721
-0.043721
-0.043721
-0.043721
-0.043745
-0.043745
-0.043745
-0.043721
-0.043721
-0.043745
-0.043745
-0.043721
-0.043721
-0.043721
-0.043745
-0.043745
-0.043745
-0.043721
-0.043721
-0.043745
-0.043745
-0.043745
-0.043721
-0.043721
-0.043745
-0.043745
-0.043745
-0.043721
-0.043721
-0.043745
-0.043745
-0.043745
-0.043721
-0.043721
-0.043745
-0.043745
-0.043721
-0.043721
-0.043721
-0.043745
-0.043745
-0.043745
-0.043745
-0.043721
-0.043721
-0.043745
-0.043745
-0.043721
-0.043721
-0.043721
-0.043745
-0.043745
-0.043721
-0.043721
-0.043721
-0.043721
-0.043721
-0.043721
-0.043721
-0.043721
-0.043721
-0.043745
-0.043721
-0.043721
-0.043721
-0.043745
-0.043745
-0.043745
-0.043721
-0.043721
-0.043745
-0.043745
-0.043745
-0.043721
-0.043745
-0.043745
-0.04377
-0.043745
-0.043745
-0.043745
-0.04377
-0.04377
-0.04377
-0.043795
-0.04377
-0.04377
-0.04377
-0.043795
-0.043795
-0.043795
-0.04377
-0.04377
-0.043795
-0.043795
-0.043795
-0.04377
-0.043795
-0.043795
-0.043795
-0.043795
-0.04377
-0.04377
-0.043795
-0.043795
-0.043795
-0.043795
-0.043795
-0.043819
-0.043819
-0.043795
-0.04377
-0.043795
-0.043795
-0.043795
-0.043795
-0.043795
-0.043795
-0.043795
-0.043819
-0.043795
-0.043795
-0.043795
-0.043795
-0.043795
-0.043819
-0.043819
-0.043819
-0.043819
-0.043819
-0.043819
-0.043844
-0.043868
-0.043893
-0.043893
-0.043868
-0.043819
-0.043745
-0.043696
-0.043647
-0.043598
-0.043598
-0.043598
-0.043647
-0.043696
-0.043745
-0.043795
-0.043819
-0.043819
-0.043844
-0.043868
-0.043868
-0.043868
-0.043844
-0.043844
-0.043868
-0.043868
-0.043868
-0.043844
-0.043844
-0.043868
-0.043893
-0.043868
-0.043868
-0.043868
-0.043868
-0.043868
-0.043868
-0.043893
-0.043893
-0.043868
-0.043868
-0.043893
-0.043893
-0.043893
-0.043893
-0.043893
-0.043893
-0.043918
-0.043918
-0.043893
-0.043893
-0.043918
-0.043918
-0.043918
-0.043918
-0.043918
-0.043918
-0.043942
-0.043942
-0.043918
-0.043918
-0.043942
-0.043942
-0.043942
-0.043942
-0.043942
-0.043942
-0.043967
-0.043967
-0.043942
-0.043942
-0.043967
-0.043967
-0.043992
-0.043967
-0.043967
-0.043967
-0.043967
-0.043992
-0.043967
-0.043942
-0.043942
-0.043967
-0.043967
-0.043942
-0.043918
-0.043918
-0.043942
-0.043942
-0.043942
-0.043918
-0.043893
-0.043918
-0.043942
-0.043918
-0.043893
-0.043893
-0.043918
-0.043918
-0.043918
-0.043918
-0.043918
-0.043918
-0.043942
-0.043942
-0.043918
-0.043918
-0.043918
-0.043942
-0.043942
-0.043918
-0.043918
-0.043942
-0.043942
-0.043942
-0.043967
-0.043942
-0.043942
-0.043942
-0.043942
-0.043967
-0.043967
-0.043942
-0.043942
-0.043967
-0.043967
-0.043967
-0.043967
-0.043942
-0.043967
-0.043992
-0.043992
-0.043967
-0.043967
-0.043967
-0.043992
-0.043967
-0.043967
-0.043942
-0.043967
-0.043967
-0.043967
-0.043942
-0.043942
-0.043942
-0.043967
-0.043967
-0.043942
-0.043942
-0.043942
-0.043967
-0.043967
-0.043967
-0.043967
-0.043942
-0.043942
-0.043967
-0.043967
-0.043967
-0.043967
-0.043942
-0.043967
-0.043992
-0.043967
-0.043967
-0.043967
-0.043967
-0.043992
-0.043992
-0.043967
-0.043967
-0.043967
-0.043992
-0.043992
-0.043967
-0.043967
-0.043992
-0.043992
-0.043992
-0.043992
-0.043967
-0.043992
-0.043992
-0.043992
-0.043992
-0.043967
-0.043992
-0.044016
-0.044016
-0.043992
-0.043992
-0.043992
-0.043992
-0.043992
-0.044016
-0.044016
-0.043992
-0.043992
-0.043992
-0.044016
-0.044016
-0.043992
-0.043992
-0.043992
-0.044016
-0.044016
-0.044016
-0.043992
-0.044016
-0.044016
-0.044016
-0.044016
-0.044016
-0.044016
-0.044041
-0.044041
-0.044016
-0.044016
-0.044016
-0.044041
-0.044041
-0.044016
-0.044016
-0.044016
-0.044041
-0.044041
-0.044016
-0.044016
-0.044016
-0.044041
-0.044041
-0.044016
-0.044065
-0.044041
-0.044041
-0.044065
-0.04409
-0.044065
-0.044065
-0.044041
-0.044065
-0.044065
-0.044065
-0.044065
-0.044041
-0.044065
-0.044065
-0.044065
-0.044065
-0.044041
-0.044041
-0.044065
-0.044065
-0.044065
-0.044041
-0.044041
-0.044065
-0.044065
-0.044065
-0.044041
-0.044065
-0.044065
-0.04409
-0.04409
-0.044115
-0.044139
-0.044115
-0.044065
-0.043992
-0.043918
-0.043868
-0.043844
-0.043918
-0.043992
-0.044016
-0.044041
-0.044065
-0.04409
-0.044115
-0.044115
-0.04409
-0.04409
-0.04409
-0.044115
-0.044115
-0.044115
-0.04409
-0.044115
-0.044115
-0.044139
-0.044115
-0.044115
-0.044115
-0.044115
-0.044115
-0.044115
-0.04409
-0.044115
-0.044115
-0.044139
-0.044115
-0.044115
-0.044115
-0.044139
-0.044139
-0.044115
-0.044115
-0.044115
-0.044139
-0.044139
-0.044139
-0.044115
-0.044139
-0.044139
-0.044139
-0.044164
-0.044164
-0.044139
-0.044139
-0.044139
-0.044164
-0.044164
-0.044164
-0.044139
-0.044164
-0.044164
-0.044164
-0.044164
-0.044139
-0.044164
-0.044164
-0.044164
-0.044164
-0.044139
-0.044139
-0.044164
-0.044164
-0.044139
-0.044139
-0.044139
-0.044139
-0.044139
-0.044139
-0.044115
-0.044115
-0.044139
-0.044139
-0.044115
-0.04409
-0.04409
-0.044115
-0.044115
-0.04409
-0.04409
-0.04409
-0.044065
-0.04409
-0.04409
-0.044115
-0.04409
-0.04409
-0.04409
-0.04409
-0.04409
-0.04409
-0.04409
-0.04409
-0.04409
-0.044115
-0.04409
-0.04409
-0.04409
-0.04409
-0.044115
-0.04409
-0.044065
-0.044065
-0.04409
-0.04409
-0.04409
-0.04409
-0.04409
-0.04409
-0.044115
-0.04409
-0.04409
-0.04409
-0.04409
-0.044115
-0.04409
-0.04409
-0.04409
-0.04409
-0.04409
-0.04409
-0.044115
-0.044115
-0.04409
-0.04409
-0.044115
-0.044115
-0.044115
-0.04409
-0.04409
-0.044115
-0.044139
-0.044115
-0.044115
-0.044115
-0.044115
-0.044139
-0.044115
-0.044115
-0.044115
-0.044139
-0.044139
-0.044139
-0.044115
-0.044115
-0.044139
-0.044139
-0.044139
-0.044115
-0.044115
-0.044139
-0.044139
-0.044139
-0.044115
-0.044115
-0.044139
-0.044164
-0.044139
-0.044164
-0.044139
-0.044139
-0.044139
-0.044164
-0.044164
-0.044164
-0.044139
-0.044139
-0.044164
-0.044188
-0.044164
-0.044164
-0.044164
-0.044164
-0.044188
-0.044188
-0.044164
-0.044164
-0.044188
-0.044188
-0.044188
-0.044164
-0.044164
-0.044188
-0.044188
-0.044188
-0.044188
-0.044188
-0.044188
-0.044213
-0.044213
-0.044188
-0.044188
-0.044213
-0.044213
-0.044213
-0.044188
-0.044188
-0.044213
-0.044188
-0.044213
-0.044213
-0.044213
-0.044213
-0.044213
-0.044213
-0.044213
-0.044213
-0.044213
-0.044188
-0.044213
-0.044238
-0.044213
-0.044213
-0.044213
-0.044213
-0.044238
-0.044238
-0.044213
-0.044213
-0.044238
-0.044238
-0.044238
-0.044238
-0.044213
-0.044238
-0.044238
-0.044238
-0.044238
-0.044238
-0.044238
-0.044262
-0.044262
-0.044238
-0.044238
-0.044238
-0.044262
-0.044262
-0.044238
-0.044262
-0.044238
-0.044238
-0.044262
-0.044262
-0.044262
-0.044238
-0.044238
-0.044262
-0.044262
-0.044262
-0.044262
-0.044262
-0.044262
-0.044287
-0.044287
-0.044262
-0.044262
-0.044262
-0.044287
-0.044287
-0.044262
-0.044262
-0.044287
-0.044287
-0.044287
-0.044287
-0.044262
-0.044287
-0.044287
-0.044287
-0.044287
-0.044287
-0.044287
-0.044287
-0.044287
-0.044287
-0.044287
-0.044287
-0.044312
-0.044312
-0.044336
-0.044312
-0.044312
-0.044287
-0.044312
-0.044312
-0.044312
-0.044312
-0.044287
-0.044312
-0.044312
-0.044312
-0.044312
-0.044287
-0.044312
-0.044312
-0.044312
-0.044312
-0.044312
-0.044312
-0.044336
-0.044336
-0.044312
-0.044312
-0.044336
-0.044336
-0.044361
-0.044385
-0.044385
-0.044361
-0.044336
-0.044262
-0.044213
-0.044139
-0.044115
-0.044115
-0.044115
-0.044139
-0.044164
-0.044312
-0.044312
-0.044336
-0.044361
-0.044361
-0.044336
-0.044336
-0.044336
-0.044361
-0.044361
-0.044336
-0.044336
-0.044361
-0.044361
-0.044361
-0.044361
-0.044336
-0.044361
-0.044361
-0.044361
-0.044361
-0.044336
-0.044361
-0.044361
-0.044361
-0.044361
-0.044361
-0.044361
-0.044385
-0.044385
-0.044361
-0.044361
-0.044385
-0.04441
-0.04441
-0.044385
-0.044385
-0.04441
-0.04441
-0.04441
-0.044435
-0.044435
-0.044435
-0.04441
-0.044435
-0.044459
-0.044459
-0.044435
-0.044435
-0.044435
-0.044459
-0.044459
-0.044435
-0.044435
-0.044435
-0.044459
-0.044459
-0.044435
-0.044435
-0.044435
-0.044459
-0.044459
-0.044435
-0.044435
-0.044435
-0.044459
-0.044459
-0.044435
-0.044435
-0.044435
-0.044459
-0.044459
-0.044435
-0.04441
-0.04441
-0.044435
-0.044435
-0.044435
-0.04441
-0.04441
-0.04441
-0.044435
-0.044435
-0.044435
-0.044435
-0.04441
-0.044435
-0.044435
-0.044459
-0.044435
-0.044435
-0.044435
-0.044459
-0.044459
-0.044435
-0.044435
-0.044435
-0.044459
-0.044459
-0.044459
-0.044435
-0.044459
-0.044459
-0.044484
-0.044459
-0.044459
-0.044459
-0.044484
-0.044484
-0.044459
-0.044459
-0.044459
-0.044484
-0.044484
-0.044459
-0.044459
-0.044459
-0.044484
-0.044484
-0.044484
-0.044484
-0.044459
-0.044484
-0.044484
-0.044484
-0.044484
-0.044459
-0.044459
-0.044484
-0.044484
-0.044484
-0.044459
-0.044484
-0.044484
-0.044484
-0.044484
-0.044459
-0.044484
-0.044484
-0.044484
-0.044484
-0.044484
-0.044484
-0.044484
-0.044508
-0.044484
-0.044484
-0.044484
-0.044508
-0.044508
-0.044508
-0.044484
-0.044484
-0.044508
-0.044508
-0.044508
-0.044484
-0.044508
-0.044508
-0.044533
-0.044508
-0.044533
-0.044508
-0.044508
-0.044508
-0.044508
-0.044533
-0.044508
-0.044508
-0.044508
-0.044533
-0.044533
-0.044508
-0.044508
-0.044508
-0.044533
-0.044533
-0.044533
-0.044508
-0.044533
-0.044533
-0.044558
-0.044533
-0.044533
-0.044533
-0.044533
-0.044558
-0.044558
-0.044533
-0.044533
-0.044558
-0.044558
-0.044558
-0.044558
-0.044558
-0.044558
-0.044582
-0.044558
-0.044558
-0.044558
-0.044558
-0.044558
-0.044582
-0.044582
-0.044582
-0.044558
-0.044558
-0.044582
-0.044582
-0.044582
-0.044582
-0.044582
-0.044582
-0.044607
-0.044582
-0.044582
-0.044582
-0.044582
-0.044607
-0.044582
-0.044582
-0.044582
-0.044582
-0.044607
-0.044607
-0.044582
-0.044582
-0.044607
-0.044607
-0.044607
-0.044582
-0.044582
-0.044607
-0.044607
-0.044607
-0.044607
-0.044582
-0.044607
-0.044632
-0.044607
-0.044632
-0.044632
-0.044607
-0.044607
-0.044632
-0.044632
-0.044632
-0.044607
-0.044607
-0.044607
-0.044632
-0.044632
-0.044607
-0.044607
-0.044632
-0.044656
-0.044656
-0.044632
-0.044632
-0.044632
-0.044632
-0.044632
-0.044632
-0.044632
-0.044632
-0.044656
-0.044632
-0.044632
-0.044632
-0.044632
-0.044656
-0.044656
-0.044632
-0.044632
-0.044632
-0.044656
-0.044656
-0.044632
-0.044632
-0.044656
-0.044656
-0.044705
-0.04473
-0.044705
-0.044632
-0.044558
-0.044508
-0.044484
-0.04441
-0.044385
-0.044385
-0.044459
-0.044508
-0.044558
-0.044582
-0.044607
-0.044632
-0.044656
-0.044681
-0.044656
-0.044656
-0.044681
-0.044681
-0.044681
-0.044681
-0.044656
-0.044681
-0.044681
-0.044681
-0.044656
-0.044656
-0.044681
-0.044681
-0.044681
-0.044681
-0.044656
-0.044681
-0.044681
-0.044681
-0.044681
-0.044681
-0.044681
-0.044705
-0.04473
-0.044705
-0.044705
-0.044705
-0.044705
-0.04473
-0.04473
-0.04473
-0.04473
-0.04473
-0.044755
-0.044755
-0.04473
-0.04473
-0.044755
-0.044755
-0.044755
-0.044755
-0.04473
-0.044755
-0.044779
-0.044779
-0.044755
-0.044755
-0.044755
-0.044779
-0.044779
-0.044779
-0.044755
-0.044779
-0.044779
-0.044779
-0.044779
-0.044755
-0.044779
-0.044779
-0.044779
-0.044779
-0.044779
-0.044755
-0.04473
-0.044755
-0.044755
-0.044755
-0.04473
-0.04473
-0.04473
-0.044755
-0.044755
-0.04473
-0.04473
-0.04473
-0.044755
-0.044755
-0.04473
-0.04473
-0.04473
-0.044755
-0.044755
-0.04473
-0.04473
-0.04473
-0.04473
-0.04473
-0.04473
-0.044705
-0.04473
-0.04473
-0.04473
-0.04473
-0.044705
-0.04473
-0.04473
-0.04473
-0.04473
-0.044705
-0.04473
-0.044705
-0.04473
-0.044755
-0.044755
-0.04473
-0.04473
-0.04473
-0.044755
-0.044755
-0.04473
-0.04473
-0.04473
-0.044755
-0.044755
-0.044755
-0.04473
-0.044755
-0.044755
-0.044779
-0.044755
-0.04473
-0.044755
-0.044779
-0.044779
-0.044755
-0.044755
-0.044755
-0.044779
-0.044779
-0.044755
-0.044755
-0.044755
-0.044779
-0.044779
-0.044755
-0.044755
-0.044755
-0.044779
-0.044779
-0.044755
-0.044755
-0.044755
-0.044755
-0.044779
-0.044779
-0.044779
-0.044755
-0.044755
-0.044779
-0.044779
-0.044779
-0.044755
-0.044779
-0.044779
-0.044779
-0.044779
-0.044755
-0.044779
-0.044779
-0.044804
-0.044779
-0.044779
-0.044779
-0.044804
-0.044804
-0.044779
-0.044779
-0.044779
-0.044804
-0.044804
-0.044779
-0.044779
-0.044779
-0.044804
-0.044804
-0.044804
-0.044779
-0.044779
-0.044804
-0.044804
-0.044804
-0.044804
-0.044779
-0.044804
-0.044804
-0.044828
-0.044804
-0.044804
-0.044804
-0.044828
-0.044828
-0.044828
-0.044804
-0.044804
-0.044828
-0.044828
-0.044828
-0.044804
-0.044828
-0.044828
-0.044853
-0.044828
-0.044828
-0.044828
-0.044853
-0.044853
-0.044828
-0.044828
-0.044828
-0.044853
-0.044853
-0.044853
-0.044828
-0.044828
-0.044853
-0.044853
-0.044853
-0.044828
-0.044853
-0.044853
-0.044853
-0.044878
-0.044878
-0.044853
-0.044853
-0.044853
-0.044878
-0.044878
-0.044878
-0.044853
-0.044853
-0.044878
-0.044878
-0.044878
-0.044853
-0.044853
-0.044878
-0.044878
-0.044878
-0.044878
-0.044878
-0.044902
-0.044902
-0.044902
-0.044902
-0.044902
-0.044902
-0.044902
-0.044902
-0.044878
-0.044878
-0.044902
-0.044902
-0.044902
-0.044878
-0.044878
-0.044902
-0.044902
-0.044902
-0.044878
-0.044902
-0.044902
-0.044902
-0.044902
-0.044902
-0.044902
-0.044902
-0.044927
-0.044976
-0.044976
-0.044952
-0.044878
-0.044804
-0.044755
-0.04473
-0.044681
-0.044656
-0.044681
-0.04473
-0.044779
-0.044804
-0.044828
-0.044878
-0.044902
-0.044927
-0.044927
-0.044927
-0.044927
-0.044927
-0.044952
-0.044927
-0.044927
-0.044927
-0.044952
-0.044952
-0.044952
-0.044927
-0.044927
-0.044952
-0.044952
-0.044952
-0.044952
-0.044952
-0.044927
-0.044927
-0.044952
-0.044952
-0.044952
-0.044927
-0.044927
-0.044952
-0.044976
-0.044976
-0.044952
-0.044952
-0.044976
-0.044976
-0.044976
-0.044952
-0.044976
-0.044976
-0.045001
-0.044976
-0.044976
-0.044976
-0.045001
-0.045001
-0.045001
-0.044976
-0.044976
-0.045001
-0.045001
-0.045001
-0.044976
-0.044976
-0.045001
-0.045025
-0.045001
-0.045001
-0.045001
-0.045001
-0.045001
-0.045001
-0.045001
-0.045001
-0.044976
-0.044976
-0.044976
-0.045001
-0.044976
-0.044952
-0.044952
-0.044952
-0.044952
-0.044952
-0.044927
-0.044927
-0.044952
-0.044952
-0.044952
-0.044927
-0.044927
-0.044952
-0.044952
-0.044952
-0.044927
-0.044927
-0.044952
-0.044976
-0.044976
-0.044952
-0.044927
-0.044952
-0.044952
-0.044952
-0.044952
-0.044952
-0.044952
-0.044976
-0.044976
-0.044976
-0.044952
-0.044952
-0.044952
-0.044976
-0.044976
-0.044952
-0.044952
-0.044976
-0.044976
-0.044976
-0.044952
-0.044952
-0.044976
-0.044976
-0.044976
-0.044976
-0.044976
-0.044976
-0.045001
-0.045001
-0.045001
-0.044976
-0.045001
-0.045025
-0.045025
-0.045001
-0.045001
-0.045001
-0.045025
-0.045025
-0.045001
-0.045001
-0.045025
-0.045025
-0.045025
-0.045001
-0.045001
-0.045025
-0.045025
-0.045025
-0.045025
-0.045025
-0.045025
-0.045025
-0.04505
-0.045025
-0.045025
-0.045025
-0.045025
-0.04505
-0.04505
-0.045025
-0.045025
-0.045025
-0.04505
-0.04505
-0.045025
-0.045025
-0.045025
-0.04505
-0.04505
-0.045025
-0.045025
-0.045025
-0.04505
-0.04505
-0.04505
-0.045025
-0.04505
-0.04505
-0.04505
-0.04505
-0.04505
-0.04505
-0.045075
-0.045075
-0.04505
-0.04505
-0.04505
-0.04505
-0.04505
-0.045075
-0.045075
-0.045075
-0.04505
-0.045075
-0.045075
-0.045075
-0.045075
-0.04505
-0.045075
-0.045075
-0.045075
-0.045075
-0.04505
-0.045075
-0.045099
-0.045099
-0.045075
-0.04505
-0.045075
-0.045075
-0.045099
-0.045075
-0.045075
-0.045075
-0.045099
-0.045099
-0.045075
-0.045075
-0.045075
-0.045099
-0.045099
-0.045075
-0.045075
-0.045075
-0.045099
-0.045099
-0.045075
-0.045099
-0.045075
-0.045075
-0.045075
-0.045099
-0.045099
-0.045075
-0.045075
-0.045075
-0.045099
-0.045099
-0.045099
-0.045075
-0.045075
-0.045099
-0.045099
-0.045075
-0.045075
-0.045075
-0.045099
-0.045099
-0.045075
-0.045075
-0.045075
-0.045099
-0.045099
-0.045075
-0.045075
-0.045075
-0.045099
-0.045099
-0.045099
-0.045099
-0.045099
-0.045124
-0.045124
-0.045099
-0.045099
-0.045099
-0.045124
-0.045099
-0.045124
-0.045124
-0.045099
-0.045099
-0.045099
-0.045124
-0.045124
-0.045099
-0.045099
-0.045099
-0.045124
-0.045124
-0.045099
-0.045099
-0.045124
-0.045149
-0.045173
-0.045173
-0.045124
-0.045099
-0.04505
-0.045001
-0.044952
-0.044902
-0.044878
-0.044902
-0.044952
-0.044976
-0.045001
-0.04505
-0.045075
-0.045124
-0.045124
-0.045124
-0.045124
-0.045124
-0.045149
-0.045124
-0.045124
-0.045149
-0.045124
-0.045124
-0.045149
-0.045149
-0.045149
-0.045124
-0.045149
-0.045149
-0.045149
-0.045149
-0.045124
-0.045149
-0.045149
-0.045149
-0.045149
-0.045124
-0.045149
-0.045173
-0.045173
-0.045149
-0.045149
-0.045149
-0.045173
-0.045173
-0.045173
-0.045149
-0.045173
-0.045173
-0.045198
-0.045173
-0.045173
-0.045173
-0.045198
-0.045198
-0.045198
-0.045198
-0.045198
-0.045222
-0.045222
-0.045222
-0.045222
-0.045222
-0.045222
-0.045222
-0.045222
-0.045247
-0.045222
-0.045222
-0.045222
-0.045247
-0.045247
-0.045222
-0.045222
-0.045222
-0.045222
-0.045247
-0.045222
-0.045198
-0.045198
-0.045222
-0.045222
-0.045222
-0.045198
-0.045198
-0.045198
-0.045222
-0.045198
-0.045198
-0.045198
-0.045198
-0.045222
-0.045198
-0.045198
-0.045198
-0.045222
-0.045222
-0.045222
-0.045198
-0.045198
-0.045198
-0.045198
-0.045222
-0.045222
-0.045222
-0.045198
-0.045198
-0.045222
-0.045222
-0.045222
-0.045198
-0.045198
-0.045222
-0.045222
-0.045222
-0.045198
-0.045198
-0.045222
-0.045247
-0.045222
-0.045222
-0.045222
-0.045222
-0.045247
-0.045222
-0.045222
-0.045222
-0.045247
-0.045247
-0.045247
-0.045222
-0.045222
-0.045222
-0.045247
-0.045222
-0.045222
-0.045222
-0.045222
-0.045247
-0.045222
-0.045222
-0.045222
-0.045222
-0.045222
-0.045247
-0.045247
-0.045222
-0.045222
-0.045247
-0.045247
-0.045247
-0.045222
-0.045222
-0.045247
-0.045247
-0.045247
-0.045222
-0.045222
-0.045247
-0.045272
-0.045247
-0.045247
-0.045222
-0.045247
-0.045272
-0.045247
-0.045247
-0.045247
-0.045247
-0.045272
-0.045247
-0.045247
-0.045247
-0.045247
-0.045272
-0.045272
-0.045247
-0.045247
-0.045247
-0.045272
-0.045272
-0.045272
-0.045272
-0.045272
-0.045247
-0.045272
-0.045272
-0.045272
-0.045272
-0.045272
-0.045272
-0.045296
-0.045296
-0.045272
-0.045272
-0.045296
-0.045296
-0.045296
-0.045272
-0.045272
-0.045296
-0.045296
-0.045296
-0.045296
-0.045296
-0.045296
-0.045321
-0.045321
-0.045296
-0.045296
-0.045296
-0.045321
-0.045321
-0.045296
-0.045296
-0.045296
-0.045321
-0.045321
-0.045296
-0.045296
-0.045296
-0.045296
-0.045321
-0.045321
-0.045321
-0.045321
-0.045321
-0.045321
-0.045345
-0.045345
-0.045321
-0.045321
-0.045345
-0.045345
-0.045345
-0.045345
-0.045321
-0.045345
-0.04537
-0.045345
-0.045345
-0.045345
-0.045345
-0.04537
-0.04537
-0.045345
-0.045345
-0.045345
-0.04537
-0.04537
-0.045345
-0.045345
-0.04537
-0.04537
-0.04537
-0.04537
-0.04537
-0.04537
-0.045395
-0.045395
-0.045395
-0.045395
-0.045395
-0.04537
-0.045395
-0.045419
-0.045395
-0.045395
-0.045395
-0.045395
-0.045419
-0.045419
-0.045395
-0.045395
-0.045395
-0.045419
-0.045419
-0.045419
-0.045395
-0.045419
-0.045419
-0.045419
-0.045419
-0.045419
-0.045444
-0.045493
-0.045493
-0.045444
-0.04537
-0.045321
-0.045272
-0.045222
-0.045173
-0.045149
-0.045198
-0.045247
-0.045296
-0.045321
-0.045345
-0.045395
-0.045444
-0.045469
-0.045469
-0.045444
-0.045444
-0.045444
-0.045469
-0.045469
-0.045469
-0.045444
-0.045469
-0.045469
-0.045469
-0.045469
-0.045444
-0.045469
-0.045469
-0.045493
-0.045469
-0.045469
-0.045469
-0.045493
-0.045493
-0.045469
-0.045469
-0.045469
-0.045493
-0.045493
-0.045469
-0.045469
-0.045469
-0.045493
-0.045493
-0.045493
-0.045493
-0.045493
-0.045518
-0.045518
-0.045518
-0.045493
-0.045518
-0.045518
-0.045542
-0.045542
-0.045542
-0.045518
-0.045542
-0.045567
-0.045567
-0.045542
-0.045542
-0.045542
-0.045567
-0.045567
-0.045542
-0.045542
-0.045542
-0.045567
-0.045567
-0.045567
-0.045542
-0.045542
-0.045567
-0.045567
-0.045542
-0.045518
-0.045542
-0.045542
-0.045542
-0.045542
-0.045518
-0.045518
-0.045542
-0.045542
-0.045542
-0.045518
-0.045518
-0.045542
-0.045542
-0.045542
