2018
7
5
10
6
50.124
-0.077594
-0.077619
-0.077619
-0.077594
-0.077594
-0.077619
-0.077644
-0.077644
-0.077619
-0.077619
-0.077644
-0.077644
-0.077668
-0.077644
-0.077644
-0.077668
-0.077668
-0.077668
-0.077644
-0.077644
-0.077668
-0.077693
-0.077693
-0.077668
-0.077668
-0.077693
-0.077693
-0.077693
-0.077693
-0.077668
-0.077693
-0.077717
-0.077717
-0.077693
-0.077693
-0.077717
-0.077742
-0.077742
-0.077717
-0.077717
-0.077742
-0.077742
-0.077742
-0.077767
-0.077767
-0.077767
-0.077742
-0.077767
-0.077791
-0.077791
-0.077767
-0.077767
-0.077791
-0.077791
-0.077791
-0.077791
-0.077767
-0.077791
-0.077816
-0.077816
-0.077791
-0.077791
-0.077816
-0.077841
-0.077841
-0.077816
-0.077816
-0.077816
-0.077841
-0.077841
-0.077841
-0.077816
-0.077841
-0.077865
-0.077865
-0.077841
-0.077841
-0.077865
-0.07789
-0.07789
-0.07789
-0.07789
-0.07789
-0.07789
-0.07789
-0.077914
-0.077914
-0.07789
-0.07789
-0.077914
-0.077914
-0.077914
-0.077914
-0.07789
-0.077914
-0.077939
-0.077914
-0.07789
-0.07789
-0.07789
-0.077939
-0.077964
-0.077988
-0.078013
-0.078062
-0.078087
-0.078087
-0.078062
-0.078038
-0.078038
-0.078038
-0.078013
-0.077988
-0.077964
-0.077988
-0.077988
-0.077988
-0.077988
-0.077988
-0.077988
-0.077988
-0.078013
-0.078038
-0.078038
-0.078013
-0.078013
-0.078038
-0.078038
-0.078038
-0.078038
-0.078013
-0.078038
-0.078062
-0.078062
-0.078038
-0.078038
-0.078062
-0.078087
-0.078087
-0.078062
-0.078062
-0.078062
-0.078087
-0.078087
-0.078062
-0.078062
-0.078087
-0.078111
-0.078087
-0.078087
-0.078087
-0.078087
-0.078111
-0.078111
-0.078087
-0.078087
-0.078087
-0.078111
-0.078111
-0.078087
-0.078111
-0.078111
-0.078111
-0.078111
-0.078136
-0.078136
-0.078111
-0.078111
-0.078111
-0.078136
-0.078136
-0.078136
-0.078111
-0.078136
-0.078161
-0.078161
-0.078136
-0.078136
-0.078136
-0.078161
-0.078161
-0.078161
-0.078161
-0.078161
-0.078185
-0.078185
-0.078185
-0.078161
-0.078185
-0.07821
-0.07821
-0.078185
-0.078185
-0.07821
-0.078234
-0.078234
-0.07821
-0.07821
-0.07821
-0.078234
-0.078234
-0.078259
-0.078259
-0.078234
-0.078234
-0.078234
-0.078259
-0.078259
-0.078259
-0.078234
-0.078259
-0.078284
-0.078284
-0.078259
-0.078259
-0.078259
-0.078284
-0.078284
-0.078284
-0.078259
-0.078284
-0.078308
-0.078308
-0.078284
-0.078284
-0.078308
-0.078333
-0.078333
-0.078308
-0.078308
-0.078308
-0.078333
-0.078333
-0.078308
-0.078308
-0.078333
-0.078358
-0.078382
-0.078382
-0.078382
-0.078431
-0.078431
-0.078456
-0.078481
-0.078481
-0.078481
-0.078481
-0.078481
-0.078505
-0.07853
-0.078505
-0.078505
-0.078505
-0.07853
-0.07853
-0.07853
-0.078505
-0.07853
-0.078554
-0.078554
-0.078554
-0.07853
-0.078554
-0.078579
-0.078579
-0.078579
-0.078554
-0.078579
-0.078604
-0.078604
-0.078579
-0.078579
-0.078604
-0.078628
-0.078628
-0.078604
-0.078604
-0.078604
-0.078628
-0.078653
-0.078653
-0.078653
-0.078653
-0.078628
-0.078653
-0.078678
-0.078678
-0.078653
-0.078653
-0.078653
-0.078678
-0.078702
-0.078678
-0.078653
-0.078678
-0.078702
-0.078702
-0.078678
-0.078678
-0.078678
-0.078702
-0.078702
-0.078702
-0.078678
-0.078702
-0.078727
-0.078727
-0.078702
-0.078702
-0.078702
-0.078727
-0.078727
-0.078727
-0.078702
-0.078727
-0.078751
-0.078751
-0.078751
-0.078727
-0.078751
-0.078751
-0.078776
-0.078776
-0.078776
-0.078751
-0.078776
-0.078801
-0.078801
-0.078801
-0.078776
-0.078801
-0.078801
-0.078801
-0.078801
-0.078801
-0.078801
-0.078825
-0.078825
-0.078825
-0.078801
-0.078825
-0.078825
-0.078825
-0.078825
-0.078801
-0.078825
-0.07885
-0.07885
-0.078825
-0.078825
-0.07885
-0.078875
-0.078875
-0.078875
-0.07885
-0.078875
-0.078875
-0.078899
-0.078875
-0.078875
-0.078899
-0.078875
-0.078899
-0.078924
-0.078924
-0.078924
-0.078899
-0.078899
-0.078924
-0.078948
-0.078924
-0.078924
-0.078924
-0.078924
-0.078924
-0.078924
-0.078924
-0.078973
-0.079022
-0.079071
-0.079071
-0.079071
-0.079071
-0.079096
-0.079071
-0.079047
-0.079022
-0.079022
-0.079022
-0.079022
-0.078998
-0.078998
-0.078998
-0.079022
-0.079022
-0.079022
-0.078998
-0.078998
-0.079022
-0.079022
-0.079022
-0.079047
-0.079022
-0.079022
-0.079022
-0.079047
-0.079071
-0.079047
-0.079022
-0.079047
-0.079071
-0.079071
-0.079047
-0.079047
-0.079047
-0.079071
-0.079071
-0.079071
-0.079047
-0.079071
-0.079096
-0.079096
-0.079096
-0.079071
-0.079071
-0.079096
-0.079121
-0.079096
-0.079071
-0.079096
-0.079096
-0.079121
-0.079096
-0.079096
-0.079096
-0.079121
-0.079121
-0.079121
-0.079096
-0.079096
-0.079096
-0.079096
-0.079121
-0.079121
-0.079121
-0.079096
-0.079096
-0.079121
-0.079145
-0.079121
-0.079121
-0.079121
-0.079145
-0.079145
-0.079145
-0.079121
-0.079145
-0.079145
-0.07917
-0.07917
-0.079145
-0.079145
-0.07917
-0.079195
-0.07917
-0.079145
-0.07917
-0.07917
-0.079195
-0.07917
-0.07917
-0.07917
-0.079195
-0.079195
-0.079195
-0.07917
-0.079195
-0.079195
-0.079219
-0.079195
-0.079219
-0.079219
-0.079195
-0.079219
-0.079244
-0.079244
-0.079219
-0.079219
-0.079219
-0.079244
-0.079268
-0.079244
-0.079219
-0.079244
-0.079244
-0.079268
-0.079244
-0.079244
-0.079244
-0.079268
-0.079268
-0.079268
-0.079268
-0.079268
-0.079293
-0.079293
-0.079293
-0.079268
-0.079293
-0.079318
-0.079318
-0.079318
-0.079293
-0.079293
-0.079318
-0.079342
-0.079318
-0.079318
-0.079318
-0.079342
-0.079318
-0.079342
-0.079367
-0.079342
-0.079342
-0.079342
-0.079367
-0.079367
-0.079367
-0.079342
-0.079342
-0.079367
-0.079391
-0.079367
-0.079367
-0.079367
-0.079391
-0.079391
-0.079391
-0.079367
-0.079391
-0.079416
-0.079416
-0.079416
-0.079391
-0.079391
-0.079416
-0.079416
-0.079416
-0.079416
-0.079416
-0.079416
-0.079441
-0.079416
-0.079416
-0.079416
-0.079441
-0.079441
-0.079441
-0.079416
-0.079441
-0.079416
-0.079416
-0.079441
-0.079465
-0.079465
-0.079441
-0.079465
-0.07949
-0.07949
-0.07949
-0.079465
-0.079465
-0.07949
-0.07949
-0.07949
-0.07949
-0.07949
-0.079515
-0.079515
-0.079515
-0.07949
-0.07949
-0.079515
-0.079539
-0.079515
-0.07949
-0.079515
-0.079515
-0.079539
-0.079539
-0.079515
-0.079515
-0.079539
-0.079539
-0.079539
-0.079515
-0.079515
-0.079539
-0.079564
-0.079564
-0.079564
-0.079564
-0.079539
-0.079564
-0.079564
-0.079588
-0.079588
-0.079564
-0.079564
-0.079588
-0.079613
-0.079588
-0.079588
-0.079588
-0.079613
-0.079613
-0.079613
-0.079588
-0.079588
-0.079613
-0.079638
-0.079638
-0.079613
-0.079613
-0.079638
-0.079662
-0.079662
-0.079638
-0.079638
-0.079638
-0.079662
-0.079662
-0.079638
-0.079638
-0.079662
-0.079662
-0.079662
-0.079662
-0.079662
-0.079687
-0.079687
-0.079712
-0.079712
-0.079712
-0.079687
-0.079712
-0.079712
-0.079736
-0.079736
-0.079712
-0.079712
-0.079736
-0.079761
-0.079761
-0.079736
-0.079736
-0.079761
-0.079785
-0.079761
-0.079736
-0.079736
-0.079761
-0.079785
-0.07981
-0.079835
-0.079859
-0.079908
-0.079933
-0.079933
-0.079884
-0.079884
-0.079884
-0.079884
-0.079859
-0.07981
-0.07981
-0.079835
-0.079835
-0.079835
-0.079859
-0.079859
-0.079835
-0.079835
-0.079859
-0.079884
-0.079884
-0.079859
-0.079859
-0.079884
-0.079908
-0.079908
-0.079884
-0.079884
-0.079908
-0.079908
-0.079908
-0.079908
-0.079908
-0.079933
-0.079933
-0.079933
-0.079933
-0.079933
-0.079958
-0.079982
-0.079982
-0.079958
-0.079958
-0.079982
-0.080007
-0.080007
-0.079982
-0.079982
-0.080007
-0.080007
-0.080007
-0.079982
-0.079982
-0.080007
-0.080007
-0.080007
-0.080032
-0.080032
-0.080007
-0.080007
-0.080032
-0.080032
-0.080032
-0.080007
-0.080007
-0.080032
-0.080056
-0.080056
-0.080032
-0.080032
-0.080056
-0.080081
-0.080081
-0.080056
-0.080056
-0.080081
-0.080105
-0.080105
-0.080081
-0.080081
-0.080105
-0.08013
-0.08013
-0.080105
-0.08013
-0.08013
-0.080155
-0.080155
-0.080155
-0.08013
-0.080155
-0.080179
-0.080179
-0.080155
-0.080204
-0.080204
-0.080204
-0.080204
-0.080228
-0.080228
-0.080204
-0.080204
-0.080228
-0.080253
-0.080253
-0.080228
-0.080228
-0.080253
-0.080278
-0.080278
-0.080253
-0.080253
-0.080278
-0.080302
-0.080302
-0.080302
-0.080302
-0.080302
-0.080327
-0.080327
-0.080327
-0.080327
-0.080352
-0.080376
-0.080376
-0.080352
-0.080352
-0.080376
-0.080376
-0.080376
-0.080376
-0.080376
-0.080376
-0.080401
-0.080401
-0.080425
-0.080425
-0.080401
-0.080401
-0.080425
-0.08045
-0.08045
-0.08045
-0.080425
-0.08045
-0.080475
-0.080475
-0.08045
-0.08045
-0.080475
-0.080499
-0.080499
-0.080499
-0.080499
-0.080499
-0.080524
-0.080524
-0.080524
-0.080524
-0.080549
-0.080573
-0.080573
-0.080549
-0.080549
-0.080573
-0.080598
-0.080598
-0.080573
-0.080573
-0.080598
-0.080622
-0.080598
-0.080598
-0.080598
-0.080622
-0.080622
-0.080622
-0.080647
-0.080647
-0.080647
-0.080622
-0.080647
-0.080672
-0.080647
-0.080647
-0.080647
-0.080647
-0.080672
-0.080672
-0.080672
-0.080672
-0.080672
-0.080696
-0.080696
-0.080672
-0.080672
-0.080696
-0.080721
-0.080721
-0.080696
-0.080696
-0.080721
-0.080745
-0.080745
-0.080721
-0.080721
-0.080745
-0.08077
-0.08077
-0.080745
-0.080745
-0.08077
-0.08077
-0.08077
-0.080795
-0.080795
-0.080795
-0.080795
-0.080795
-0.080819
-0.080819
-0.080795
-0.080795
-0.080819
-0.080844
-0.080844
-0.080819
-0.080819
-0.080819
-0.080844
-0.080844
-0.080819
-0.080819
-0.080844
-0.080869
-0.080869
-0.080869
-0.080844
-0.080869
-0.080893
-0.080893
-0.080869
-0.080869
-0.080893
-0.080893
-0.080893
-0.080893
-0.080893
-0.080893
-0.080918
-0.080918
-0.080918
-0.080918
-0.080942
-0.080942
-0.080942
-0.080967
-0.080967
-0.080967
-0.080967
-0.080992
-0.080992
-0.080992
-0.080992
-0.080992
-0.080992
-0.081016
-0.081016
-0.081016
-0.081016
-0.081016
-0.081041
-0.081041
-0.081016
-0.081016
-0.081016
-0.081041
-0.081065
-0.08109
-0.081115
-0.081164
-0.081189
-0.081213
-0.081189
-0.081164
-0.081164
-0.081164
-0.081139
-0.081115
-0.08109
-0.081115
-0.081139
-0.081139
-0.081115
-0.081164
-0.081139
-0.081139
-0.081164
-0.081164
-0.081189
-0.081164
-0.081164
-0.081189
-0.081189
-0.081213
-0.081189
-0.081189
-0.081213
-0.081213
-0.081213
-0.081213
-0.081213
-0.081213
-0.081238
-0.081238
-0.081213
-0.081213
-0.081238
-0.081262
-0.081262
-0.081262
-0.081262
-0.081262
-0.081287
-0.081287
-0.081262
-0.081262
-0.081287
-0.081312
-0.081312
-0.081287
-0.081287
-0.081312
-0.081336
-0.081312
-0.081336
-0.081336
-0.081336
-0.081312
-0.081336
-0.081361
-0.081361
-0.081336
-0.081336
-0.081361
-0.081361
-0.081386
-0.081361
-0.081361
-0.081386
-0.081386
-0.081386
-0.081386
-0.081386
-0.081386
-0.08141
-0.08141
-0.08141
-0.08141
-0.08141
-0.081435
-0.081435
-0.081435
-0.08141
-0.081435
-0.081459
-0.081459
-0.081435
-0.081435
-0.081459
-0.081459
-0.081484
-0.081459
-0.081459
-0.081459
-0.081459
-0.081459
-0.081484
-0.081484
-0.081484
-0.081459
-0.081484
-0.081509
-0.081509
-0.081484
-0.081484
-0.081484
-0.081509
-0.081509
-0.081509
-0.081484
-0.081509
-0.081533
-0.081533
-0.081509
-0.081509
-0.081509
-0.081533
-0.081533
-0.081509
-0.081509
-0.081533
-0.081533
-0.081558
-0.081533
-0.081509
-0.081533
-0.081558
-0.081558
-0.081533
-0.081533
-0.081533
-0.081558
-0.081558
-0.081558
-0.081582
-0.081558
-0.081558
-0.081558
-0.081582
-0.081582
-0.081582
-0.081558
-0.081582
-0.081582
-0.081607
-0.081582
-0.081558
-0.081582
-0.081607
-0.081607
-0.081582
-0.081582
-0.081582
-0.081607
-0.081607
-0.081607
-0.081582
-0.081607
-0.081632
-0.081632
-0.081607
-0.081607
-0.081607
-0.081632
-0.081632
-0.081632
-0.081607
-0.081632
-0.081632
-0.081632
-0.081632
-0.081632
-0.081632
-0.081632
-0.081656
-0.081656
-0.081656
-0.081656
-0.081656
-0.081656
-0.081681
-0.081681
-0.081656
-0.081656
-0.081681
-0.081681
-0.081706
-0.081681
-0.081681
-0.081681
-0.081706
-0.081706
-0.081681
-0.081681
-0.081681
-0.081706
-0.081706
-0.081706
-0.081681
-0.081706
-0.08173
-0.08173
-0.081706
-0.081706
-0.081706
-0.08173
-0.08173
-0.08173
-0.081706
-0.08173
-0.08173
-0.081755
-0.08173
-0.08173
-0.08173
-0.081755
-0.081755
-0.08173
-0.08173
-0.081755
-0.081755
-0.081779
-0.081755
-0.08173
-0.081755
-0.081755
-0.081779
-0.081755
-0.081755
-0.081755
-0.081779
-0.081779
-0.081755
-0.081755
-0.081755
-0.081779
-0.081779
-0.081779
-0.081779
-0.081779
-0.081804
-0.081804
-0.081779
-0.081779
-0.081779
-0.081804
-0.081804
-0.081804
-0.081804
-0.081804
-0.081829
-0.081829
-0.081804
-0.081829
-0.081829
-0.081804
-0.081829
-0.081853
-0.081853
-0.081853
-0.081829
-0.081829
-0.081853
-0.081853
-0.081853
-0.081829
-0.081853
-0.081878
-0.081878
-0.081853
-0.081853
-0.081853
-0.081878
-0.081878
-0.081853
-0.081853
-0.081853
-0.081878
-0.081878
-0.081878
-0.081853
-0.081853
-0.081853
-0.081853
-0.081853
-0.081853
-0.081902
-0.081952
-0.081976
-0.081976
-0.082001
-0.082001
-0.082001
-0.081902
-0.081927
-0.081902
-0.081902
-0.081878
-0.081902
-0.081902
-0.081927
-0.081902
-0.081902
-0.081902
-0.081927
-0.081927
-0.081902
-0.081902
-0.081902
-0.081927
-0.081927
-0.081902
-0.081902
-0.081902
-0.081927
-0.081927
-0.081927
-0.081902
-0.081927
-0.081927
-0.081927
-0.081927
-0.081902
-0.081927
-0.081952
-0.081952
-0.081927
-0.081927
-0.081927
-0.081952
-0.081952
-0.081952
-0.081952
-0.081952
-0.081952
-0.081976
-0.081976
-0.081976
-0.081952
-0.081952
-0.081976
-0.082001
-0.081976
-0.081976
-0.081976
-0.082001
-0.082001
-0.082001
-0.081976
-0.081976
-0.082001
-0.082001
-0.082001
-0.082001
-0.082001
-0.082026
-0.082026
-0.082026
-0.082001
-0.082026
-0.082026
-0.08205
-0.082026
-0.082026
-0.082026
-0.08205
-0.08205
-0.08205
-0.082026
-0.08205
-0.082075
-0.082075
-0.082075
-0.082099
-0.082075
-0.082075
-0.082075
-0.082099
-0.082099
-0.082099
-0.082075
-0.082099
-0.082099
-0.082124
-0.082099
-0.082099
-0.082099
-0.082124
-0.082124
-0.082124
-0.082099
-0.082124
-0.082124
-0.082149
-0.082124
-0.082124
-0.082124
-0.082149
-0.082149
-0.082149
-0.082124
-0.082124
-0.082149
-0.082149
-0.082149
-0.082124
-0.082149
-0.082173
-0.082173
-0.082149
-0.082149
-0.082149
-0.082173
-0.082173
-0.082198
-0.082198
-0.082198
-0.082173
-0.082173
-0.082198
-0.082223
-0.082223
-0.082198
-0.082198
-0.082223
-0.082247
-0.082223
-0.082198
-0.082223
-0.082247
-0.082247
-0.082223
-0.082223
-0.082223
-0.082247
-0.082247
-0.082247
-0.082223
-0.082223
-0.082247
-0.082272
-0.082247
-0.082247
-0.082247
-0.082272
-0.082272
-0.082272
-0.082247
-0.082247
-0.082272
-0.082296
-0.082272
-0.082272
-0.082272
-0.082296
-0.082321
-0.082321
-0.082321
-0.082296
-0.082296
-0.082321
-0.082346
-0.082321
-0.082321
-0.082321
-0.082346
-0.082346
-0.082346
-0.082321
-0.082321
-0.082346
-0.082346
-0.082346
-0.082346
-0.082346
-0.08237
-0.08237
-0.08237
-0.082346
-0.08237
-0.08237
-0.082395
-0.08237
-0.08237
-0.08237
-0.082395
-0.082395
-0.082395
-0.08237
-0.08237
-0.082395
-0.082395
-0.082395
-0.082419
-0.082395
-0.082395
-0.082395
-0.082419
-0.082444
-0.082419
-0.082419
-0.082419
-0.082444
-0.082444
-0.082444
-0.082419
-0.082444
-0.082444
-0.082469
-0.082444
-0.082444
-0.082444
-0.082469
-0.082493
-0.082493
-0.082469
-0.082469
-0.082493
-0.082518
-0.082518
-0.082493
-0.082518
-0.082518
-0.082543
-0.082543
-0.082518
-0.082518
-0.082543
-0.082567
-0.082543
-0.082543
-0.082543
-0.082567
-0.082543
-0.082567
-0.082592
-0.082567
-0.082567
-0.082567
-0.082567
-0.082592
-0.082592
-0.082592
-0.082592
-0.082616
-0.082616
-0.082616
-0.082592
-0.082592
-0.082616
-0.082641
-0.082616
-0.082616
-0.082616
-0.082641
-0.082641
-0.082641
-0.082641
-0.082641
-0.082641
-0.082666
-0.082666
-0.082641
-0.082641
-0.082666
-0.082666
-0.082666
-0.082616
-0.082616
-0.082641
-0.08269
-0.082715
-0.082715
-0.082838
-0.082789
-0.082789
-0.082789
-0.082789
-0.082764
-0.082739
-0.082715
-0.082739
-0.082764
-0.082739
-0.082715
-0.082739
-0.082739
-0.082764
-0.082764
-0.082739
-0.082739
-0.082764
-0.082789
-0.082789
-0.082764
-0.082764
-0.082789
-0.082813
-0.082789
-0.082789
-0.082789
-0.082813
-0.082838
-0.082813
-0.082813
-0.082813
-0.082813
-0.082838
-0.082838
-0.082813
-0.082838
-0.082838
-0.082863
-0.082838
-0.082863
-0.082863
-0.082838
-0.082838
-0.082863
-0.082887
-0.082863
-0.082863
-0.082863
-0.082887
-0.082887
-0.082887
-0.082887
-0.082887
-0.082912
-0.082912
-0.082912
-0.082887
-0.082887
-0.082912
-0.082936
-0.082912
-0.082912
-0.082912
-0.082936
-0.082936
-0.082936
-0.082912
-0.082912
-0.082936
-0.082961
-0.082961
-0.082936
-0.082936
-0.082961
-0.082961
-0.082961
-0.082936
-0.082961
-0.082961
-0.082961
-0.082986
-0.082986
-0.082986
-0.082986
-0.082986
-0.082986
-0.08301
-0.08301
-0.082986
-0.082986
-0.08301
-0.083035
-0.083035
-0.08301
-0.08301
-0.083035
-0.083059
-0.083035
-0.083035
-0.083035
-0.083035
-0.083059
-0.083059
-0.083035
-0.083035
-0.083059
-0.083084
-0.083059
-0.083059
-0.083059
-0.083084
-0.083084
-0.083084
-0.083084
-0.083084
-0.083109
-0.083109
-0.083109
-0.083133
-0.083109
-0.083109
-0.083133
-0.083158
-0.083133
-0.083133
-0.083133
-0.083158
-0.083158
-0.083158
-0.083158
-0.083158
-0.083183
-0.083183
-0.083183
-0.083158
-0.083158
-0.083183
-0.083207
-0.083207
-0.083183
-0.083183
-0.083207
-0.083207
-0.083207
-0.083207
-0.083207
-0.083207
-0.083232
-0.083232
-0.083207
-0.083207
-0.083232
-0.083232
-0.083232
-0.083232
-0.083232
-0.083232
-0.083256
-0.083281
-0.083256
-0.083256
-0.083256
-0.083281
-0.083306
-0.083306
-0.083281
-0.083281
-0.083306
-0.08333
-0.083306
-0.083306
-0.083306
-0.08333
-0.08333
-0.08333
-0.08333
-0.08333
-0.08333
-0.083355
-0.083355
-0.083355
-0.083355
-0.08338
-0.083503
-0.083626
-0.08365
-0.083675
-0.083724
-0.083798
-0.083823
-0.083823
-0.083823
-0.083872
-0.083896
-0.083896
-0.083896
-0.083896
-0.083946
-0.08402
-0.084044
-0.084044
-0.084044
-0.084069
-0.084093
-0.084118
-0.084118
-0.084118
-0.084143
-0.084167
-0.084192
-0.084192
-0.084192
-0.084192
-0.084217
-0.084241
-0.084241
-0.084241
-0.084241
-0.084266
-0.08429
-0.08429
-0.08429
-0.08429
-0.084315
-0.08434
-0.08434
-0.08434
-0.08434
-0.084364
-0.084389
-0.084389
-0.084364
-0.084364
-0.084389
-0.084413
-0.084413
-0.084413
-0.084413
-0.084438
-0.084438
-0.084463
-0.084487
-0.084463
-0.084463
-0.084463
-0.084487
-0.084512
-0.084512
-0.084512
-0.084512
-0.084512
-0.084537
-0.084537
-0.084512
-0.084512
-0.084537
-0.084561
-0.084561
-0.084537
-0.084537
-0.084561
-0.084586
-0.084561
-0.084561
-0.084537
-0.084561
-0.084586
-0.084586
-0.084561
-0.084537
-0.084537
-0.084561
-0.084586
-0.084586
-0.08461
-0.08466
-0.084709
-0.084733
-0.084709
-0.084709
-0.08466
-0.08466
-0.08466
-0.08466
-0.08466
-0.08466
-0.08466
-0.08466
-0.084684
-0.084684
-0.08466
-0.08466
-0.08466
-0.084684
-0.084684
-0.08466
-0.08466
-0.084684
-0.084709
-0.084709
-0.084684
-0.084684
-0.084709
-0.084733
-0.084733
-0.084709
-0.084709
-0.084733
-0.084733
-0.084733
-0.084733
-0.084709
-0.084733
-0.084733
-0.084709
-0.08466
-0.084635
-0.08466
-0.084635
-0.084635
-0.08466
-0.08466
-0.08466
-0.084635
-0.08466
-0.08466
-0.08466
-0.084635
-0.084635
-0.084635
-0.08466
-0.08466
-0.084635
-0.084635
-0.084635
-0.08466
-0.08466
-0.084635
-0.084635
-0.084635
-0.08466
-0.08466
-0.084635
-0.084635
-0.084635
-0.084635
-0.08461
-0.084561
-0.084537
-0.084537
-0.084561
-0.084537
-0.084512
-0.084512
-0.084537
-0.084537
-0.084537
-0.084537
-0.084586
-0.08461
-0.084635
-0.084684
-0.084733
-0.084733
-0.084733
-0.084733
-0.084783
-0.084807
-0.084807
-0.084807
-0.084807
-0.084832
-0.084857
-0.084857
-0.084832
-0.084832
-0.084857
-0.084881
-0.084881
-0.084857
-0.084857
-0.084881
-0.084906
-0.084906
-0.084881
-0.084881
-0.084906
-0.084906
-0.084906
-0.084906
-0.084881
-0.084906
-0.084906
-0.084906
-0.084881
-0.084881
-0.084881
-0.084906
-0.084906
-0.08493
-0.08493
-0.08493
-0.08493
-0.084955
-0.08498
-0.08498
-0.08498
-0.08498
-0.08498
-0.085004
-0.085004
-0.08498
-0.08498
-0.085004
-0.085004
-0.085004
-0.085004
-0.085004
-0.085004
-0.085029
-0.085029
-0.085029
-0.085029
-0.085029
-0.085054
-0.085054
-0.085054
-0.085054
-0.085054
-0.085078
-0.085103
-0.085078
-0.085078
-0.085103
-0.085127
-0.085127
-0.085127
-0.085103
-0.085127
-0.085152
-0.085201
-0.085226
-0.085226
-0.08525
-0.085275
-0.0853
-0.0853
-0.0853
-0.0853
-0.0853
-0.085324
-0.085324
-0.085324
-0.085324
-0.085324
-0.085349
-0.085349
-0.085349
-0.085349
-0.085349
-0.085374
-0.085374
-0.085349
-0.085349
-0.085374
-0.085374
-0.085398
-0.085374
-0.085349
-0.085374
-0.085398
-0.085398
-0.085374
-0.085374
-0.085374
-0.085398
-0.085398
-0.085374
-0.085398
-0.085374
-0.085374
-0.085398
-0.085398
-0.085398
-0.085398
-0.085374
-0.085398
-0.085423
-0.085423
-0.085398
-0.085374
-0.085398
-0.085423
-0.085423
-0.085398
-0.085398
-0.085398
-0.085423
-0.085423
-0.085398
-0.085398
-0.085423
-0.085423
-0.085423
-0.085423
-0.085398
-0.085423
-0.085447
-0.085447
-0.085423
-0.085423
-0.085423
-0.085447
-0.085447
-0.085447
-0.085423
-0.085447
-0.085472
-0.085447
-0.085472
-0.085472
-0.085447
-0.085423
-0.085447
-0.085472
-0.085472
-0.085447
-0.085447
-0.085472
-0.085472
-0.085472
-0.085472
-0.085472
-0.085472
-0.085497
-0.085497
-0.085472
-0.085472
-0.085497
-0.085497
-0.085521
-0.085497
-0.085472
-0.085497
-0.085497
-0.085521
-0.085497
-0.085472
-0.085497
-0.085497
-0.085497
-0.085447
-0.085398
-0.085398
-0.085423
-0.085447
-0.085447
-0.085472
-0.085472
-0.085447
-0.085423
-0.085447
-0.085423
-0.085398
-0.085374
-0.085374
-0.085398
-0.085398
-0.085374
-0.085349
-0.085374
-0.085374
-0.085374
-0.085374
-0.085349
-0.085374
-0.085398
-0.085398
-0.085374
-0.085374
-0.085374
-0.085398
-0.085398
-0.085374
-0.085374
-0.085374
-0.085398
-0.085398
-0.085374
-0.085374
-0.085374
-0.085398
-0.085398
-0.085374
-0.085349
-0.085374
-0.085398
-0.085398
-0.085398
-0.085423
-0.085398
-0.085374
-0.085398
-0.085423
-0.085423
-0.085423
-0.085447
-0.085472
-0.085521
-0.085521
-0.085521
-0.085521
-0.085521
-0.085546
-0.08557
-0.085546
-0.085521
-0.085546
-0.085546
-0.085546
-0.085546
-0.085521
-0.085546
-0.08557
-0.08557
-0.085546
-0.085521
-0.085546
-0.08557
-0.08557
-0.08557
-0.08557
-0.08557
-0.085595
-0.085595
-0.085595
-0.08557
-0.085595
-0.085595
-0.08562
-0.085644
-0.08562
-0.085595
-0.085595
-0.08562
-0.08562
-0.08562
-0.085595
-0.085595
-0.08562
-0.08562
-0.08562
-0.085595
-0.085595
-0.08562
-0.08562
-0.085595
-0.085595
-0.085595
-0.08562
-0.08562
-0.085595
-0.08557
-0.085595
-0.085595
-0.085595
-0.085595
-0.08557
-0.085595
-0.085595
-0.085595
-0.085595
-0.08557
-0.085595
-0.08562
-0.08562
-0.085595
-0.085595
-0.085595
-0.085595
-0.085595
-0.08562
-0.08562
-0.08562
-0.085595
-0.08562
-0.08562
-0.085644
-0.08562
-0.08562
-0.08562
-0.085644
-0.085644
-0.08562
-0.08562
-0.08562
-0.085644
-0.085644
-0.085644
-0.08562
-0.08562
-0.085644
-0.085644
-0.085644
-0.08562
-0.085644
-0.085644
-0.085669
-0.085644
-0.085644
-0.085644
-0.085669
-0.085669
-0.085669
-0.085644
-0.085669
-0.085669
-0.085694
-0.085694
-0.085694
-0.085694
-0.085669
-0.085669
-0.085694
-0.085694
-0.085694
-0.085669
-0.085694
-0.085718
-0.085718
-0.085718
-0.085694
-0.085694
-0.085718
-0.085718
-0.085718
-0.085718
-0.085718
-0.085743
-0.085743
-0.085743
-0.085718
-0.085743
-0.085767
-0.085767
-0.085767
-0.085743
-0.085767
-0.085792
-0.085792
-0.085792
-0.085767
-0.085792
-0.085792
-0.085817
-0.085792
-0.085792
-0.085792
-0.085792
-0.085817
-0.085841
-0.085841
-0.085841
-0.085817
-0.085817
-0.085841
-0.085866
-0.085841
-0.085841
-0.085841
-0.085866
-0.085866
-0.085866
-0.085866
-0.085866
-0.085891
-0.085915
-0.085891
-0.085866
-0.085891
-0.085915
-0.085915
-0.085891
-0.085891
-0.085891
-0.085915
-0.08594
-0.085915
-0.085915
-0.085915
-0.08594
-0.08594
-0.08594
-0.08594
-0.08594
-0.085964
-0.085964
-0.085964
-0.085989
-0.085989
-0.085964
-0.085989
-0.086014
-0.086014
-0.085989
-0.085989
-0.086014
-0.086014
-0.086038
-0.086014
-0.086014
-0.086014
-0.086038
-0.086038
-0.086038
-0.086014
-0.086038
-0.086038
-0.086063
-0.086038
-0.086038
-0.086038
-0.086063
-0.086063
-0.086063
-0.086038
-0.086038
-0.086063
-0.086063
-0.086063
-0.086038
-0.086038
-0.086063
-0.086063
-0.086063
-0.086087
-0.086112
-0.086161
-0.086211
-0.086211
-0.086211
-0.086186
-0.086161
-0.086161
-0.086161
-0.086161
-0.086161
-0.086137
-0.086137
-0.086161
-0.086161
-0.086161
-0.086137
-0.086137
-0.086161
-0.086161
-0.086161
-0.086161
-0.086161
-0.086186
-0.086186
-0.086186
-0.086161
-0.086161
-0.086186
-0.086211
-0.086186
-0.086186
-0.086186
-0.086211
-0.086235
-0.086211
-0.086186
-0.086211
-0.086211
-0.086235
-0.086235
-0.086211
-0.086235
-0.086211
-0.086211
-0.086235
-0.08626
-0.086235
-0.086211
-0.086235
-0.086235
-0.08626
-0.086235
-0.086235
-0.086235
-0.086235
-0.08626
-0.08626
-0.086235
-0.086235
-0.08626
-0.086284
-0.08626
-0.08626
-0.08626
-0.08626
-0.086284
-0.08626
-0.08626
-0.08626
-0.086284
-0.086284
-0.086284
-0.08626
-0.08626
-0.086284
-0.086309
-0.086309
-0.086284
-0.086284
-0.086309
-0.086334
-0.086334
-0.086334
-0.086334
-0.086309
-0.086334
-0.086334
-0.086358
-0.086358
-0.086334
-0.086334
-0.086358
-0.086383
-0.086358
-0.086358
-0.086358
-0.086383
-0.086383
-0.086383
-0.086358
-0.086358
-0.086383
-0.086383
-0.086383
-0.086358
-0.086358
-0.086383
-0.086407
-0.086383
-0.086383
-0.086383
-0.086407
-0.086407
-0.086407
-0.086383
-0.086383
-0.086407
-0.086432
-0.086407
-0.086407
-0.086407
-0.086407
-0.086407
-0.086432
-0.086432
-0.086432
-0.086407
-0.086407
-0.086432
-0.086457
-0.086457
-0.086457
-0.086457
-0.086481
-0.086506
-0.086481
-0.086481
-0.086481
-0.086506
-0.086506
-0.086506
-0.086481
-0.086481
-0.086506
-0.086531
-0.086531
-0.086506
-0.086506
-0.086531
-0.086531
-0.086531
-0.086506
-0.086531
-0.086531
-0.086555
-0.086555
-0.086531
-0.086531
-0.086555
-0.08658
-0.086555
