2018
7
5
10
2
55.109
0.012604
0.01258
0.012555
0.012555
0.01258
0.012604
0.01258
0.012555
0.01258
0.01258
0.012604
0.01258
0.012555
0.012555
0.01258
0.012604
0.01258
0.012555
0.01258
0.012604
0.012604
0.012604
0.01258
0.01258
0.012604
0.012604
0.012604
0.01258
0.01258
0.012604
0.012604
0.012604
0.01258
0.012555
0.01258
0.012604
0.012604
0.01258
0.01258
0.012604
0.01258
0.012604
0.012604
0.012604
0.01258
0.01258
0.012604
0.012629
0.012604
0.01258
0.01258
0.012604
0.012629
0.012604
0.012604
0.012604
0.012604
0.012629
0.012629
0.012604
0.012604
0.012629
0.012653
0.012629
0.012604
0.012604
0.012629
0.012653
0.012629
0.012604
0.012604
0.012629
0.012653
0.012653
0.012629
0.012604
0.012653
0.012653
0.012653
0.012629
0.012678
0.012629
0.012629
0.012653
0.012678
0.012678
0.012653
0.012653
0.012678
0.012703
0.012678
0.012653
0.012653
0.012678
0.012678
0.012678
0.012653
0.012653
0.012678
0.012703
0.012703
0.012678
0.012653
0.012678
0.012703
0.012703
0.012678
0.012678
0.012703
0.012703
0.012703
0.012678
0.012678
0.012703
0.012703
0.012703
0.012678
0.012653
0.012678
0.012703
0.012678
0.012703
0.012703
0.012678
0.012678
0.012703
0.012727
0.012727
0.012703
0.012703
0.012703
0.012727
0.012727
0.012703
0.012678
0.012703
0.012727
0.012727
0.012703
0.012703
0.012703
0.012727
0.012727
0.012703
0.012703
0.012727
0.012752
0.012727
0.012703
0.012703
0.012703
0.012752
0.012727
0.012703
0.012703
0.012703
0.012727
0.012727
0.012703
0.012703
0.012727
0.012703
0.012727
0.012752
0.012752
0.012727
0.012703
0.012727
0.012752
0.012752
0.012727
0.012727
0.012752
0.012776
0.012776
0.012752
0.012727
0.012752
0.012776
0.012776
0.012752
0.012752
0.012776
0.012776
0.012776
0.012752
0.012727
0.012752
0.012776
0.012776
0.012752
0.012727
0.012752
0.012776
0.012776
0.012752
0.012727
0.012752
0.012776
0.012776
0.012776
0.012752
0.012752
0.012752
0.012776
0.012776
0.012776
0.012752
0.012752
0.012801
0.012801
0.012776
0.012752
0.012776
0.012776
0.012776
0.012727
0.012703
0.012752
0.012776
0.012776
0.012752
0.012752
0.012776
0.012801
0.012801
0.012776
0.012752
0.012752
0.012776
0.012776
0.012752
0.012752
0.012776
0.012776
0.012776
0.012752
0.012752
0.012776
0.012776
0.012776
0.012801
0.012801
0.012776
0.012752
0.012776
0.012801
0.012801
0.012776
0.012752
0.012776
0.012801
0.012801
0.012776
0.012776
0.012776
0.012801
0.012801
0.012776
0.012752
0.012776
0.012801
0.012801
0.012776
0.012776
0.012776
0.012801
0.012801
0.012776
0.012752
0.012776
0.012801
0.012801
0.012776
0.012752
0.012776
0.012801
0.012801
0.012776
0.012776
0.012776
0.012776
0.012826
0.012826
0.012801
0.012776
0.012801
0.012801
0.012826
0.012801
0.012776
0.012776
0.012801
0.012801
0.012776
0.012776
0.012776
0.012801
0.012801
0.012801
0.012776
0.012776
0.012801
0.012826
0.012801
0.012776
0.012776
0.012801
0.012801
0.012776
0.012776
0.012776
0.012801
0.012801
0.012801
0.012776
0.012776
0.012826
0.012826
0.012801
0.012826
0.012801
0.012776
0.012801
0.012801
0.012826
0.012801
0.012776
0.012776
0.012801
0.012826
0.012801
0.012776
0.012801
0.012826
0.012826
0.012801
0.012776
0.012801
0.012826
0.012826
0.012801
0.012801
0.012801
0.012826
0.012826
0.012801
0.012776
0.012801
0.012826
0.012826
0.012826
0.012801
0.012801
0.012826
0.01285
0.012826
0.012826
0.012826
0.01285
0.012826
0.01285
0.012875
0.01285
0.012826
0.012826
0.01285
0.01285
0.01285
0.012826
0.012826
0.01285
0.01285
0.01285
0.012826
0.012826
0.01285
0.012875
0.01285
0.012826
0.012826
0.01285
0.012875
0.01285
0.012826
0.012826
0.01285
0.012875
0.01285
0.012826
0.012826
0.01285
0.012875
0.01285
0.012826
0.012826
0.01285
0.012875
0.01285
0.012826
0.01285
0.01285
0.012875
0.012875
0.012875
0.01285
0.01285
0.012875
0.0129
0.012875
0.01285
0.01285
0.012875
0.0129
0.012875
0.01285
0.01285
0.012875
0.0129
0.012875
0.01285
0.012875
0.012875
0.0129
0.012875
0.01285
0.01285
0.012875
0.0129
0.012875
0.01285
0.01285
0.012875
0.012875
0.012875
0.01285
0.01285
0.012875
0.012875
0.012875
0.0129
0.0129
0.012875
0.012875
0.0129
0.0129
0.0129
0.012875
0.012875
0.012875
0.0129
0.012875
0.01285
0.01285
0.012875
0.012875
0.012875
0.01285
0.01285
0.012875
0.012875
0.012875
0.01285
0.012826
0.01285
0.012875
0.01285
0.012826
0.012826
0.01285
0.012875
0.01285
0.012826
0.012826
0.01285
0.012875
0.01285
0.012826
0.012826
0.01285
0.012826
0.01285
0.012875
0.01285
0.012826
0.012826
0.01285
0.012875
0.012875
0.01285
0.01285
0.012875
0.0129
0.012875
0.012826
0.012826
0.01285
0.012875
0.012875
0.01285
0.01285
0.012875
0.012875
0.012875
0.01285
0.012826
0.01285
0.012875
0.012875
0.01285
0.012826
0.01285
0.012875
0.012875
0.01285
0.012826
0.012875
0.0129
0.012875
0.01285
0.0129
0.012875
0.01285
0.012875
0.0129
0.0129
0.012875
0.012875
0.0129
0.012924
0.0129
0.012875
0.012875
0.0129
0.012924
0.012924
0.012875
0.012875
0.0129
0.012924
0.0129
0.012875
0.01285
0.012875
0.012875
0.01285
0.012826
0.012801
0.012826
0.01285
0.012826
0.012801
0.012801
0.012826
0.01285
0.01285
0.012801
0.012776
0.012776
0.012801
0.012776
0.012801
0.012801
0.012776
0.012776
0.012776
0.012801
0.012801
0.012776
0.012752
0.012752
0.012727
0.012678
0.012629
0.012604
0.012604
0.012604
0.01258
0.012555
0.012555
0.012555
0.01258
0.012555
0.01253
0.012506
0.012506
0.01253
0.01253
0.012506
0.012481
0.012506
0.01253
0.01253
0.012506
0.012506
0.012506
0.01253
0.01253
0.012506
0.012506
0.012506
0.012506
0.01253
0.012555
0.012555
0.01253
0.012506
0.01253
0.012555
0.01253
0.012506
0.012506
0.01253
0.012555
0.01253
0.01253
0.012506
0.01253
0.012555
0.012555
0.01253
0.012506
0.01253
0.012555
0.012555
0.01253
0.012506
0.01253
0.012555
0.012555
0.01253
0.012506
0.01253
0.012555
0.012555
0.01253
0.012506
0.01253
0.012555
0.012555
0.012555
0.012555
0.01253
0.012506
0.01253
0.012555
0.012555
0.01253
0.012506
0.01253
0.012555
0.012555
0.01253
0.012506
0.01253
0.012555
0.012555
0.01253
0.012506
0.01253
0.012555
0.012555
0.01253
0.012506
0.01253
0.012555
0.01253
0.012506
0.012506
0.012506
0.01253
0.01253
0.01253
0.012506
0.01253
0.01253
0.01253
0.01253
0.012506
0.01253
0.012506
0.012506
0.012555
0.012555
0.01253
0.012506
0.01253
0.012555
0.012555
0.01253
0.012506
0.01253
0.012555
0.012555
0.01253
0.012506
0.01253
0.012555
0.012555
0.01253
0.012506
0.01253
0.012555
0.012555
0.01253
0.01253
0.01253
0.012555
0.01258
0.012555
0.01253
0.012555
0.01258
0.01258
0.012555
0.012555
0.012555
0.01258
0.01258
0.012555
0.012555
0.01253
0.012555
0.01258
0.01258
0.012555
0.012555
0.012555
0.01258
0.01258
0.01258
0.012555
0.012555
0.01258
0.01258
0.012555
0.01253
0.012555
0.01258
0.01258
0.012555
0.01253
0.012555
0.01258
0.012604
0.01258
0.012555
0.012555
0.01258
0.012604
0.01258
0.012555
0.01258
0.012604
0.012604
0.01258
0.01253
0.012555
0.01258
0.01258
0.01258
0.01258
0.012555
0.012555
0.012555
0.01258
0.01258
0.01258
0.012555
0.012555
0.01258
0.01258
0.01258
0.012555
0.012555
0.01258
0.01258
0.01258
0.012555
0.012555
0.012604
0.012629
0.012604
0.01258
0.012555
0.01258
0.01258
0.012555
0.012555
0.012555
0.012604
0.012604
0.012604
0.01258
0.01258
0.012604
0.012604
0.012604
0.01258
0.01258
0.01258
0.01258
0.01258
0.012604
0.01258
0.012555
0.01258
0.012604
0.012604
0.012604
0.01258
0.01258
0.012604
0.012604
0.012604
0.01258
0.01258
0.012604
0.012629
0.012604
0.01258
0.01258
0.012604
0.012604
0.012604
0.01258
0.01258
0.012604
0.012604
0.012604
0.01258
0.01258
0.012604
0.012629
0.012604
0.01258
0.01258
0.012604
0.012629
0.012604
0.012629
0.012629
0.012604
0.012604
0.012629
0.012629
0.012629
0.012604
0.012604
0.012629
0.012653
0.012629
0.012604
0.012604
0.012629
0.012653
0.012629
0.012629
0.012604
0.012629
0.012653
0.012653
0.012629
0.012629
0.012653
0.012653
0.012629
0.012604
0.012604
0.012629
0.012653
0.012629
0.012604
0.012604
0.012629
0.012653
0.012629
0.012604
0.012604
0.012629
0.012629
0.012653
0.012629
0.012604
0.012604
0.012629
0.012653
0.012629
0.012629
0.012604
0.012629
0.012653
0.012629
0.012604
0.012629
0.012653
0.012653
0.012653
0.012629
0.012629
0.012653
0.012653
0.012653
0.012629
0.012629
0.012653
0.012653
0.012653
0.012629
0.012629
0.012653
0.012678
0.012653
0.012629
0.012629
0.012629
0.012653
0.012653
0.012629
0.012629
0.012629
0.012629
0.012653
0.012678
0.012653
0.012629
0.012629
0.012653
0.012678
0.012653
0.012629
0.012629
0.012653
0.012678
0.012653
0.012629
0.012629
0.012653
0.012678
0.012678
0.012653
0.012629
0.012653
0.012678
0.012678
0.012629
0.012629
0.012653
0.012678
0.012678
0.012653
0.012629
0.012653
0.012678
0.012678
0.012629
0.012629
0.012653
0.012678
0.012678
0.012678
0.012678
0.012653
0.012629
0.012653
0.012678
0.012678
0.012629
0.012629
0.012653
0.012678
0.012678
0.012653
0.012629
0.012653
0.012678
0.012678
0.012653
0.012629
0.012653
0.012678
0.012678
0.012629
0.012629
0.012629
0.012653
0.012653
0.012629
0.012629
0.012653
0.012678
0.012678
0.012653
0.012629
0.012653
0.012653
0.012653
0.012629
0.012629
0.012653
0.012629
0.012653
0.012678
0.012678
0.012653
0.012653
0.012678
0.012703
0.012703
0.012653
0.012653
0.012678
0.012703
0.012703
0.012678
0.012653
0.012678
0.012678
0.012678
0.012653
0.012629
0.012653
0.012678
0.012678
0.012653
0.012653
0.012653
0.012703
0.012703
0.012678
0.012653
0.012653
0.012678
0.012678
0.012653
0.012653
0.012653
0.012678
0.012678
0.012653
0.012678
0.012653
0.012629
0.012653
0.012653
0.012653
0.012653
0.012629
0.012653
0.012678
0.012678
0.012653
0.012629
0.012653
0.012653
0.012653
0.012629
0.012629
0.012629
0.012653
0.012653
0.012629
0.012629
0.012629
0.012653
0.012653
0.012653
0.012629
0.012653
0.012678
0.012703
0.012678
0.012653
0.012653
0.012653
0.012653
0.012629
0.012629
0.012653
0.012678
0.012653
0.012678
0.012703
0.012653
0.012653
0.012653
0.012678
0.012703
0.012678
0.012653
0.012653
0.012678
0.012678
0.012653
0.012653
0.012653
0.012703
0.012703
0.012678
0.012653
0.012678
0.012703
0.012703
0.012678
0.012678
0.012678
0.012703
0.012703
0.012678
0.012678
0.012678
0.012703
0.012727
0.012703
0.012678
0.012678
0.012703
0.012703
0.012703
0.012678
0.012703
0.012678
0.012678
0.012703
0.012727
0.012703
0.012678
0.012678
0.012703
0.012727
0.012703
0.012678
0.012703
0.012727
0.012727
0.012727
0.012703
0.012703
0.012727
0.012752
0.012727
0.012703
0.012703
0.012752
0.012752
0.012727
0.012703
0.012703
0.012727
0.012727
0.012703
0.012703
0.012703
0.012727
0.012727
0.012703
0.012678
0.012703
0.012727
0.012727
0.012727
0.012727
0.012703
0.012678
0.012678
0.012703
0.012727
0.012703
0.012678
0.012678
0.012727
0.012727
0.012703
0.012678
0.012703
0.012727
0.012727
0.012727
0.012703
0.012703
0.012752
0.012752
0.012727
0.012703
0.012703
0.012727
0.012752
0.012727
0.012703
0.012727
0.012752
0.012752
0.012727
0.012703
0.012727
0.012752
0.012752
0.012752
0.012727
0.012727
0.012727
0.012727
0.012752
0.012752
0.012727
0.012703
0.012727
0.012752
0.012752
0.012727
0.012703
0.012703
0.012727
0.012752
0.012727
0.012703
0.012703
0.012727
0.012752
0.012752
0.012727
0.012727
0.012752
0.012752
0.012752
0.012703
0.012727
0.012752
0.012752
0.012727
0.012703
0.012727
0.012752
0.012752
0.012727
0.012703
0.012703
0.012752
0.012752
0.012727
0.012752
0.012727
0.012703
0.012703
0.012727
0.012752
0.012727
0.012703
0.012703
0.012727
0.012727
0.012727
0.012703
0.012703
0.012727
0.012727
0.012727
0.012703
0.012703
0.012727
0.012752
0.012727
0.012703
0.012703
0.012727
0.012727
0.012727
0.012703
0.012703
0.012727
0.012752
0.012727
0.012703
0.012703
0.012727
0.012752
0.012752
0.012727
0.012727
0.012752
0.012727
0.012752
0.012752
0.012727
0.012703
0.012727
0.012752
0.012752
0.012752
0.012727
0.012703
0.012727
0.012752
0.012727
0.012703
0.012703
0.012727
0.012752
0.012752
0.012727
0.012727
0.012727
0.012752
0.012752
0.012727
0.012727
0.012752
0.012776
0.012776
0.012752
0.012752
0.012776
0.012776
0.012776
0.012752
0.012752
0.012752
0.012776
0.012776
0.012752
0.012776
0.012752
0.012752
0.012776
0.012801
0.012776
0.012752
0.012727
0.012776
0.012801
0.012776
0.012752
0.012752
0.012776
0.012801
0.012801
0.012801
0.012776
0.012801
0.012826
0.012801
0.012776
0.012776
0.012801
0.012826
0.012801
0.012801
0.012801
0.012826
0.01285
0.012826
0.012801
0.012801
0.012826
0.012875
0.012875
0.01285
0.012826
0.012826
0.01285
0.01285
0.012875
0.012875
0.01285
0.01285
0.012875
0.0129
0.0129
0.012875
0.01285
0.012875
0.0129
0.0129
0.012875
0.012875
0.0129
0.0129
0.0129
0.0129
0.012875
0.0129
0.012924
0.012924
0.0129
0.012875
0.0129
0.012924
0.012924
0.0129
0.012875
0.0129
0.012924
0.012924
0.0129
0.012875
0.0129
0.012924
0.012924
0.0129
0.0129
0.0129
0.012875
0.0129
0.012924
0.012924
0.0129
0.0129
0.012924
0.012949
0.012924
0.0129
0.0129
0.012924
0.012949
0.012949
0.012924
0.0129
0.012924
0.012949
0.012949
0.012924
0.012924
0.012924
0.012949
0.012949
0.012924
0.0129
0.012924
0.012949
0.012949
0.012924
0.012924
0.012949
0.012949
0.012949
0.012924
0.0129
0.012924
0.012949
0.012949
0.012973
0.012949
0.012924
0.012949
0.012973
0.012973
0.012949
0.012924
0.012924
0.012949
0.012949
0.012949
0.012924
0.012949
0.012973
0.012973
0.012949
0.012924
0.012949
0.012973
0.012973
0.012949
0.012949
0.012949
0.012973
0.012973
0.012949
0.012949
0.012949
0.012973
0.012973
0.012973
0.012949
0.012949
0.012973
0.012973
0.012949
0.012924
0.012949
0.012973
0.012949
0.012973
0.012973
0.012949
0.012949
0.012949
0.012973
0.012973
0.012949
0.012949
0.012949
0.012973
0.012973
0.012949
0.012949
0.012949
0.012973
0.012973
0.012949
0.012924
0.012949
0.012973
0.012973
0.012973
0.012949
0.012973
0.012998
0.012998
0.012973
0.012949
0.012973
0.012998
0.012998
0.012973
0.012973
0.012973
0.012998
0.012998
0.012973
0.012949
0.012973
0.012973
0.012998
0.012998
0.012973
0.012973
0.012973
0.012998
0.013023
0.012998
0.012973
0.012973
0.012998
0.013023
0.012973
0.012949
0.012973
0.012998
0.012998
0.012973
0.012949
0.012973
0.012998
0.012998
0.012973
0.012973
0.012973
0.012998
0.012998
0.012973
0.012949
0.012973
0.012998
0.012998
0.012973
0.012949
0.012949
0.012973
0.012973
0.012973
0.012973
0.012949
0.012924
0.012949
0.012973
0.012973
0.012949
0.012949
0.012949
0.012973
0.012973
0.012949
0.012949
0.012949
0.012973
0.012973
0.012949
0.012949
0.012949
0.012973
0.012973
0.012949
0.012924
0.012924
0.012949
0.012973
0.012949
0.012924
0.012924
0.012949
0.012973
0.012949
0.012924
0.012949
0.012973
0.012973
0.012973
0.012949
0.012949
0.012973
0.012949
0.012973
0.012973
0.012949
0.012924
0.012949
0.012973
0.012973
0.012949
0.012924
0.012949
0.012973
0.012973
0.012973
0.012949
0.012949
0.012973
0.012998
0.012973
0.012949
0.012949
0.012973
0.012973
0.012949
0.012924
0.012949
0.012973
0.012973
0.012949
0.012924
0.012924
0.012949
0.012973
0.012973
0.012949
0.012949
0.012973
0.012973
0.012973
0.012949
0.012973
0.012949
0.012949
0.012973
0.012973
0.012973
0.012949
0.012949
0.012973
0.012998
0.012998
0.012949
0.012949
0.012973
0.012973
0.012949
0.012924
0.012949
0.012973
0.012998
0.012998
0.012973
0.012973
0.012998
0.013023
0.012998
0.012973
0.012973
0.012998
0.013023
0.012998
0.012973
0.012973
0.013023
0.013047
0.013023
0.012998
0.012998
0.013023
0.013023
0.013023
0.013047
0.013023
0.012998
0.012998
0.013023
0.013023
0.013023
0.012998
0.012998
0.013023
0.013023
0.013023
0.012998
0.012998
0.013023
0.013023
0.013023
0.012998
0.012998
0.013023
0.013047
0.013023
0.012998
0.012998
0.013023
0.013047
0.013023
0.012998
0.012998
0.013023
0.013047
0.013047
0.013023
0.013023
0.013047
0.013072
0.013047
0.013023
0.013023
0.013047
0.013047
0.013072
0.013097
0.013072
0.013047
0.013047
0.013072
0.013072
0.013072
0.013047
0.013047
0.013072
0.013072
0.013072
0.013047
0.013047
0.013072
0.013097
0.013072
0.013047
0.013047
0.013072
0.013072
0.013072
0.013047
0.013047
0.013072
0.013072
0.013072
0.013047
0.013047
0.013072
0.013097
0.013072
0.013047
0.013047
0.013072
0.013097
0.013072
0.013097
0.013097
0.013072
0.013047
0.013072
0.013097
0.013097
0.013072
0.013047
0.013072
0.013097
0.013097
0.013072
0.013047
0.013072
0.013097
0.013097
0.013072
0.013047
0.013072
0.013097
0.013097
0.013072
0.013047
0.013072
0.013097
0.013097
0.013072
0.013047
0.013072
0.013097
0.013072
0.013047
0.013047
0.013047
0.013072
0.013072
0.013047
0.013047
0.013072
0.013047
0.013072
0.013072
0.013097
0.013047
0.013047
0.013047
0.013097
0.013072
0.013072
0.013047
0.013072
0.013097
0.013097
0.013072
0.013047
0.013072
0.013097
0.013097
0.013072
0.013072
0.013072
0.013097
0.013097
0.013072
0.013047
0.013072
0.013097
0.013097
0.013072
0.013047
0.013072
0.013097
0.013072
0.013047
0.013047
0.013072
0.013072
0.013072
0.013047
0.013072
0.013047
0.013047
0.013072
0.013072
0.013072
0.013047
0.013047
0.013047
0.013097
0.013097
0.013072
0.013047
0.013072
0.013097
0.013097
0.013072
0.013047
0.013047
0.013072
0.013072
0.013047
0.013047
0.013072
0.013097
0.013072
0.013047
0.013047
0.013047
0.013097
0.013097
0.013047
0.013047
0.013072
0.013097
0.013097
0.013072
0.013047
0.013072
0.013097
0.013072
0.013097
0.013097
0.013072
0.013047
0.013047
0.013072
0.013072
0.013047
0.013047
0.013047
0.013097
0.013097
0.013072
0.013047
0.013047
0.013072
0.013097
0.013072
0.013047
0.013072
0.013097
0.013097
0.013072
0.013047
0.013072
0.013097
0.013097
0.013072
0.013047
0.013072
0.013097
0.013097
0.013072
0.013047
0.013072
0.013097
0.013097
0.013072
0.013047
0.013072
0.013072
0.013072
0.013097
0.013097
0.013072
0.013047
0.013072
0.013097
0.013097
0.013072
0.013047
0.013072
0.013097
0.013097
0.013072
0.013047
0.013072
0.013097
0.013097
0.013072
0.013072
0.013072
0.013097
0.013097
0.013072
0.013023
0.013023
0.013072
0.013072
0.013072
0.013047
0.013072
0.013097
0.013097
0.013072
0.013047
0.013072
0.013097
0.013097
0.013097
0.013121
0.013097
0.013072
0.013072
0.013097
0.013121
0.013097
0.013072
0.013072
0.013097
0.013097
0.013072
0.013072
0.013072
0.013097
0.013121
0.013097
0.013072
0.013072
0.013121
0.013121
0.013097
0.013072
0.013097
0.013121
0.013121
0.013121
0.013097
0.013097
0.013121
0.013121
0.013121
0.013097
0.013097
0.013121
0.013121
0.013097
0.013072
0.013097
0.013047
0.013047
0.013047
0.013047
0.013023
0.012998
0.012998
0.013023
0.013023
0.012998
0.012949
0.012973
0.012973
0.012998
0.012973
0.012949
0.012924
0.012949
0.012973
0.012949
0.012924
0.012924
0.012949
0.012949
0.012924
0.0129
0.0129
0.012924
0.012924
0.012924
0.0129
0.0129
0.012924
0.012924
0.0129
0.012875
0.012875
0.0129
0.0129
0.0129
0.0129
0.012875
0.012875
0.012875
0.0129
0.0129
0.0129
0.012875
0.012875
0.012875
0.0129
0.012875
0.01285
0.012875
0.0129
0.0129
0.012875
0.01285
0.012875
0.0129
0.0129
0.012875
0.01285
0.01285
0.0129
0.0129
0.012875
0.012875
0.012875
0.0129
0.0129
0.012875
0.01285
0.012875
0.0129
0.0129
0.012875
0.01285
0.01285
0.012875
0.0129
0.012875
0.01285
0.01285
0.012875
0.0129
0.012875
0.01285
0.01285
0.012875
0.0129
0.012875
0.01285
0.01285
0.012875
0.0129
0.012875
0.01285
0.01285
0.012875
0.0129
0.012875
0.012875
0.012875
0.012875
0.0129
0.0129
0.012875
0.01285
0.012875
0.0129
0.0129
0.012875
0.012875
0.0129
0.0129
0.0129
0.012875
0.012875
0.0129
0.012875
0.0129
0.0129
0.0129
0.012875
0.012875
0.0129
0.0129
0.0129
0.012875
0.012875
0.0129
0.012924
0.012924
0.0129
0.012875
0.0129
0.012924
0.012924
0.0129
0.012875
0.0129
0.012924
0.0129
0.012875
0.012875
0.0129
0.012924
0.0129
0.012875
0.012875
0.0129
0.012924
0.012924
0.0129
0.012875
0.0129
0.012924
0.0129
0.012875
0.0129
0.0129
0.012924
0.012924
0.012924
0.0129
0.0129
0.012924
0.012924
0.012924
0.0129
0.0129
0.012924
0.012949
0.012924
0.0129
0.0129
0.012924
0.012924
0.012924
0.0129
0.0129
0.012924
0.012949
0.012924
0.0129
0.0129
0.0129
0.012924
0.012924
0.0129
0.0129
0.0129
0.012924
0.012924
0.0129
0.0129
0.012924
0.012949
0.012949
0.012949
0.012949
0.012924
0.0129
0.012924
0.012949
0.012949
0.012924
0.0129
0.012924
0.012949
0.012949
0.012924
0.012924
0.012924
0.012949
0.012949
0.012924
0.0129
0.012924
0.012949
0.012924
0.0129
0.0129
0.012949
0.012949
0.012949
0.012924
0.012924
0.012924
0.012949
0.012949
0.012924
0.012924
0.012949
0.012949
0.012949
0.012924
0.012924
0.012949
0.012949
0.012973
0.012998
0.012998
0.012973
0.012973
0.012973
0.012998
0.012973
0.012949
0.012949
0.012973
0.012998
0.012998
0.012998
0.012973
0.012998
0.013023
0.013023
0.012998
0.012973
0.012998
0.013023
0.013023
0.012998
0.012998
0.012998
0.013023
0.013023
0.012998
0.012998
0.013023
0.013023
0.013047
0.013023
0.012998
0.013023
0.013047
0.013047
0.013023
0.013047
0.013023
0.013023
0.013023
0.013047
0.013047
0.013023
0.013023
0.013023
0.013047
0.013047
0.013023
0.013023
0.013023
0.013047
0.013047
0.013023
0.013023
0.013023
0.013047
0.013047
0.013023
0.013023
0.013023
0.013072
0.013072
0.013047
0.013023
0.013047
0.013072
0.013072
0.013047
0.013023
0.013047
0.013072
0.013072
0.013047
0.013047
0.013047
0.013072
0.013047
0.013072
0.013072
0.013047
0.013047
0.013072
0.013097
0.013097
0.013072
0.013293
0.013589
0.013712
0.013761
0.013761
0.013761
0.013786
0.013835
0.013835
0.01381
0.01381
0.013835
0.01386
0.01386
0.013835
0.013835
0.01386
0.013884
0.013884
0.01386
0.01386
0.013884
0.013909
0.013909
0.013909
0.013884
0.013909
0.013934
0.013958
0.013934
0.013909
0.013958
0.013934
0.013958
0.013983
0.013983
0.013983
0.013958
0.013958
0.013983
0.014007
0.013983
0.013958
0.013983
0.014007
0.014007
0.014007
0.013983
0.013983
0.014032
0.014032
0.014007
0.014007
0.014007
0.014032
0.014057
0.014032
0.014007
0.014032
0.014057
0.014057
0.014032
0.014032
0.014032
0.014057
0.014081
0.014057
0.014032
0.014057
0.014081
0.014081
0.014081
0.014106
0.014081
0.014081
0.014106
0.01413
0.01413
0.014106
0.014106
0.014106
0.01413
0.014155
0.01413
0.014106
0.01413
0.014155
0.014155
0.014155
0.01413
0.014155
0.01418
0.01418
0.01418
0.014155
0.01418
0.014204
0.014204
0.01418
0.01418
0.014204
0.014204
0.014229
0.014204
0.01418
0.014204
0.014229
0.014229
0.014204
0.01418
0.014204
0.014204
0.014204
0.014229
0.014229
0.014229
0.014204
0.014204
0.014254
0.014254
0.014229
0.014204
0.014229
0.014254
0.014254
0.014229
0.014204
0.014229
0.014254
0.014254
0.014229
0.014229
0.014229
0.014229
0.014254
0.014229
0.014204
0.014204
0.014229
0.014229
0.014229
0.014204
0.014204
0.014229
0.014254
0.014229
0.014204
0.014229
0.014254
0.014254
0.014229
0.014254
0.014254
0.014229
0.014229
0.014254
0.014278
0.014254
0.014229
0.014229
0.014254
0.014254
0.014254
0.014229
0.014229
0.014254
0.014254
0.014229
0.014204
0.014204
0.014229
0.014254
0.014229
0.014204
0.014204
0.014229
0.014254
0.014229
0.014204
0.014204
0.014229
0.014229
0.014204
0.01418
0.01418
0.014204
0.014204
0.01418
0.01418
0.01418
0.014204
