2018
7
5
10
9
51.786
-0.031904
-0.031904
-0.03188
-0.03188
-0.031904
-0.031929
-0.031929
-0.031904
-0.031904
-0.031929
-0.031929
-0.031929
-0.031929
-0.031929
-0.031954
-0.031954
-0.031954
-0.031954
-0.031954
-0.031978
-0.032003
-0.031978
-0.031978
-0.031978
-0.032003
-0.032003
-0.032003
-0.031978
-0.031978
-0.032003
-0.032027
-0.032003
-0.031978
-0.031978
-0.031978
-0.031954
-0.031929
-0.031904
-0.03188
-0.031929
-0.032052
-0.032052
-0.032077
-0.032077
-0.032052
-0.032052
-0.032077
-0.032101
-0.032077
-0.032077
-0.032077
-0.032077
-0.032101
-0.032101
-0.032077
-0.032077
-0.032101
-0.032126
-0.032126
-0.032101
-0.032101
-0.032126
-0.032126
-0.032126
-0.032126
-0.032126
-0.032126
-0.03215
-0.03215
-0.03215
-0.03215
-0.03215
-0.032175
-0.032175
-0.032175
-0.03215
-0.032175
-0.0322
-0.0322
-0.032175
-0.032224
-0.032224
-0.0322
-0.032224
-0.032249
-0.032249
-0.032249
-0.032224
-0.032249
-0.032249
-0.032249
-0.032249
-0.032249
-0.032249
-0.032274
-0.032274
-0.032249
-0.032249
-0.032274
-0.032298
-0.032298
-0.032274
-0.032274
-0.032274
-0.032298
-0.032298
-0.032274
-0.032274
-0.032298
-0.032323
-0.032323
-0.032298
-0.032298
-0.032323
-0.032323
-0.032323
-0.032323
-0.032323
-0.032323
-0.032347
-0.032372
-0.032372
-0.032372
-0.032372
-0.032372
-0.032397
-0.032397
-0.032397
-0.032397
-0.032397
-0.032421
-0.032421
-0.032397
-0.032397
-0.032421
-0.032446
-0.032446
-0.032421
-0.032421
-0.032421
-0.032446
-0.032446
-0.032421
-0.032421
-0.032446
-0.032471
-0.032471
-0.032446
-0.032446
-0.032471
-0.032471
-0.032471
-0.032471
-0.032446
-0.032471
-0.032495
-0.032495
-0.032471
-0.032471
-0.032471
-0.032471
-0.032495
-0.032495
-0.032495
-0.032471
-0.032495
-0.032495
-0.032495
-0.032471
-0.032471
-0.032495
-0.032495
-0.032495
-0.032495
-0.032471
-0.032495
-0.03252
-0.03252
-0.032495
-0.032471
-0.032495
-0.032495
-0.03252
-0.032495
-0.032471
-0.032495
-0.03252
-0.03252
-0.032495
-0.032495
-0.032495
-0.03252
-0.03252
-0.032495
-0.032495
-0.03252
-0.03252
-0.032544
-0.03252
-0.032495
-0.03252
-0.03252
-0.03252
-0.032544
-0.032544
-0.03252
-0.03252
-0.03252
-0.032544
-0.032544
-0.032544
-0.03252
-0.032544
-0.032569
-0.032569
-0.032544
-0.032544
-0.032544
-0.032569
-0.032569
-0.032544
-0.032544
-0.032544
-0.032569
-0.032569
-0.032544
-0.032544
-0.032544
-0.032569
-0.032569
-0.032544
-0.03252
-0.032544
-0.032544
-0.032544
-0.032544
-0.03252
-0.032544
-0.032544
-0.032569
-0.032569
-0.032569
-0.032544
-0.032544
-0.032544
-0.032569
-0.032569
-0.032544
-0.032544
-0.032544
-0.032569
-0.032569
-0.032544
-0.032544
-0.032544
-0.032569
-0.032569
-0.032569
-0.032544
-0.032569
-0.032594
-0.032594
-0.032569
-0.032544
-0.032569
-0.032594
-0.032594
-0.032569
-0.032569
-0.032569
-0.032594
-0.032594
-0.032594
-0.032569
-0.032569
-0.032594
-0.032594
-0.032594
-0.032569
-0.032594
-0.032594
-0.032618
-0.032618
-0.032594
-0.032594
-0.032594
-0.032618
-0.032618
-0.032594
-0.032594
-0.032594
-0.032618
-0.032618
-0.032594
-0.032594
-0.032594
-0.032618
-0.032618
-0.032594
-0.032594
-0.032594
-0.032618
-0.032618
-0.032618
-0.032594
-0.032618
-0.032643
-0.032643
-0.032643
-0.032618
-0.032643
-0.032667
-0.032667
-0.032643
-0.032643
-0.032643
-0.032667
-0.032667
-0.032643
-0.032643
-0.032594
-0.032544
-0.032544
-0.032569
-0.032594
-0.032618
-0.032667
-0.032692
-0.032692
-0.032692
-0.032692
-0.032667
-0.032667
-0.032692
-0.032717
-0.032692
-0.032667
-0.032692
-0.032692
-0.032717
-0.032692
-0.032692
-0.032692
-0.032717
-0.032717
-0.032717
-0.032692
-0.032717
-0.032717
-0.032741
-0.032741
-0.032717
-0.032741
-0.032766
-0.032766
-0.032766
-0.032741
-0.032741
-0.032766
-0.032791
-0.032791
-0.032815
-0.032791
-0.032791
-0.032791
-0.03284
-0.03284
-0.032815
-0.032815
-0.032815
-0.03284
-0.032864
-0.03284
-0.03284
-0.03284
-0.032864
-0.032889
-0.032864
-0.032864
-0.032864
-0.032889
-0.032889
-0.032889
-0.032864
-0.032889
-0.032889
-0.032914
-0.032889
-0.032889
-0.032889
-0.032914
-0.032938
-0.032914
-0.032914
-0.032914
-0.032938
-0.032938
-0.032938
-0.032914
-0.032914
-0.032938
-0.032938
-0.032963
-0.032963
-0.032963
-0.032938
-0.032938
-0.032963
-0.032987
-0.032963
-0.032963
-0.032963
-0.032987
-0.032987
-0.032987
-0.032963
-0.032963
-0.032987
-0.032987
-0.032987
-0.032963
-0.032963
-0.032987
-0.033012
-0.032987
-0.032987
-0.032987
-0.033012
-0.033012
-0.033012
-0.032987
-0.032987
-0.033012
-0.033037
-0.033012
-0.032987
-0.033012
-0.033012
-0.033037
-0.033012
-0.033037
-0.033012
-0.033012
-0.033012
-0.033037
-0.033037
-0.033037
-0.033012
-0.033012
-0.033037
-0.033061
-0.033037
-0.033037
-0.033037
-0.033061
-0.033061
-0.033061
-0.033037
-0.033037
-0.033061
-0.033061
-0.033061
-0.033037
-0.033037
-0.033061
-0.033086
-0.033061
-0.033061
-0.033061
-0.033086
-0.033086
-0.033086
-0.033061
-0.033061
-0.033086
-0.033111
-0.033086
-0.033086
-0.033086
-0.033086
-0.033086
-0.033111
-0.033111
-0.033111
-0.033086
-0.033111
-0.033111
-0.033135
-0.033135
-0.033111
-0.033111
-0.033135
-0.033135
-0.033135
-0.033111
-0.033111
-0.033135
-0.03316
-0.033135
-0.033135
-0.033135
-0.033135
-0.03316
-0.03316
-0.033135
-0.033135
-0.03316
-0.033184
-0.03316
-0.033135
-0.033135
-0.03316
-0.033184
-0.03316
-0.03316
-0.03316
-0.033184
-0.033184
-0.033184
-0.03316
-0.033184
-0.03316
-0.03316
-0.033184
-0.033209
-0.033184
-0.033184
-0.033184
-0.033184
-0.033209
-0.033209
-0.033184
-0.033184
-0.033209
-0.033234
-0.033209
-0.033209
-0.033209
-0.033234
-0.033234
-0.033234
-0.033209
-0.033234
-0.033258
-0.033258
-0.033258
-0.033258
-0.033258
-0.033258
-0.033283
-0.033283
-0.033258
-0.033258
-0.033283
-0.033307
-0.033283
-0.033283
-0.033283
-0.033307
-0.033307
-0.033332
-0.033332
-0.033332
-0.033332
-0.033357
-0.033381
-0.033357
-0.033357
-0.033357
-0.033357
-0.033381
-0.033381
-0.033357
-0.033357
-0.033381
-0.033381
-0.033381
-0.033381
-0.033381
-0.033381
-0.033406
-0.033406
-0.033381
-0.033381
-0.033406
-0.033431
-0.033431
-0.033406
-0.033406
-0.033406
-0.033431
-0.033431
-0.033406
-0.033406
-0.033431
-0.033431
-0.033431
-0.033431
-0.033431
-0.033455
-0.033431
-0.033455
-0.03348
-0.03348
-0.033455
-0.033455
-0.03348
-0.033504
-0.033504
-0.033504
-0.033504
-0.033529
-0.033578
-0.033578
-0.033578
-0.033603
-0.033628
-0.033677
-0.033677
-0.033701
-0.033701
-0.033751
-0.0338
-0.033824
-0.033874
-0.033923
-0.033997
-0.03412
-0.034243
-0.034341
-0.034514
-0.034686
-0.034858
-0.034957
-0.035031
-0.035105
-0.035203
-0.035302
-0.035375
-0.035425
-0.035671
-0.035695
-0.03572
-0.035769
-0.035818
-0.035818
-0.035843
-0.035843
-0.035892
-0.035917
-0.035917
-0.035917
-0.035917
-0.035942
-0.035966
-0.035966
-0.035966
-0.035966
-0.035991
-0.036015
-0.036015
-0.036015
-0.036015
-0.03604
-0.036065
-0.036065
-0.036065
-0.036065
-0.036089
-0.036089
-0.036089
-0.036089
-0.036089
-0.036114
-0.036139
-0.036139
-0.036114
-0.036114
-0.036139
-0.036163
-0.036163
-0.036188
-0.036188
-0.036163
-0.036163
-0.036188
-0.036188
-0.036188
-0.036188
-0.036163
-0.036188
-0.036212
-0.036212
-0.036188
-0.036188
-0.036212
-0.036212
-0.036212
-0.036212
-0.036188
-0.036212
-0.036237
-0.036237
-0.036212
-0.036188
-0.036212
-0.036212
-0.036212
-0.036212
-0.036212
-0.036212
-0.036237
-0.036237
-0.036237
-0.036212
-0.036237
-0.036262
-0.036262
-0.036262
-0.036237
-0.036286
-0.036262
-0.036286
-0.036286
-0.036311
-0.036286
-0.036286
-0.036286
-0.036311
-0.036311
-0.036286
-0.036286
-0.036286
-0.036311
-0.036311
-0.036286
-0.036286
-0.036311
-0.036311
-0.036311
-0.036286
-0.036286
-0.036286
-0.036311
-0.036311
-0.036286
-0.036286
-0.036286
-0.036311
-0.036311
-0.036311
-0.036286
-0.036311
-0.036311
-0.036335
-0.036311
-0.036311
-0.036311
-0.036335
-0.036335
-0.036311
-0.036335
-0.036311
-0.036311
-0.036311
-0.036335
-0.036335
-0.036311
-0.036311
-0.036311
-0.036335
-0.036335
-0.036311
-0.036311
-0.036311
-0.036335
-0.036335
-0.036311
-0.036311
-0.036311
-0.036335
-0.036335
-0.036311
-0.036311
-0.036311
-0.036335
-0.036335
-0.036311
-0.036311
-0.036311
-0.036335
-0.036335
-0.036311
-0.036311
-0.036311
-0.036335
-0.036335
-0.036311
-0.036311
-0.036311
-0.036311
-0.036311
-0.036335
-0.036335
-0.036311
-0.036311
-0.036311
-0.036335
-0.036335
-0.036311
-0.036311
-0.036311
-0.036335
-0.036335
-0.036311
-0.036311
-0.036311
-0.036335
-0.036335
-0.036311
-0.036311
-0.036311
-0.036335
-0.036335
-0.036335
-0.036311
-0.036311
-0.036335
-0.036335
-0.036335
-0.036311
-0.036335
-0.036335
-0.03636
-0.036335
-0.036335
-0.036335
-0.03636
-0.03636
-0.036335
-0.03636
-0.03636
-0.036335
-0.036335
-0.03636
-0.03636
-0.03636
-0.036335
-0.03636
-0.03636
-0.03636
-0.03636
-0.036335
-0.03636
-0.03636
-0.036385
-0.03636
-0.03636
-0.03636
-0.036385
-0.036385
-0.03636
-0.03636
-0.03636
-0.03636
-0.036385
-0.03636
-0.03636
-0.03636
-0.036385
-0.036385
-0.03636
-0.03636
-0.03636
-0.036385
-0.036385
-0.03636
-0.03636
-0.03636
-0.036385
-0.03636
-0.036385
-0.036385
-0.036385
-0.03636
-0.03636
-0.036385
-0.036385
-0.03636
-0.03636
-0.03636
-0.036385
-0.036385
-0.03636
-0.03636
-0.03636
-0.03636
-0.036385
-0.03636
-0.036335
-0.03636
-0.03636
-0.036385
-0.03636
-0.036335
-0.036335
-0.03636
-0.03636
-0.03636
-0.036335
-0.036335
-0.03636
-0.03636
-0.03636
-0.036335
-0.03636
-0.03636
-0.03636
-0.03636
-0.036335
-0.036335
-0.036335
-0.036335
-0.036335
-0.036335
-0.036335
-0.036311
-0.036262
-0.036262
-0.036237
-0.036237
-0.036237
-0.036262
-0.036335
-0.03636
-0.03636
-0.036335
-0.036335
-0.03636
-0.03636
-0.03636
-0.036335
-0.036335
-0.03636
-0.03636
-0.03636
-0.036335
-0.036335
-0.03636
-0.03636
-0.03636
-0.036335
-0.03636
-0.03636
-0.036385
-0.03636
-0.03636
-0.03636
-0.036385
-0.036385
-0.036409
-0.036385
-0.036385
-0.036385
-0.036409
-0.036409
-0.036409
-0.036409
-0.036409
-0.036434
-0.036434
-0.036434
-0.036434
-0.036434
-0.036459
-0.036459
-0.036434
-0.036434
-0.036434
-0.036459
-0.036459
-0.036459
-0.036434
-0.036434
-0.036459
-0.036459
-0.036459
-0.036434
-0.036434
-0.036459
-0.036459
-0.036459
-0.036434
-0.036434
-0.036459
-0.036459
-0.036459
-0.036434
-0.036434
-0.036459
-0.036434
-0.036459
-0.036483
-0.036459
-0.036459
-0.036459
-0.036483
-0.036483
-0.036483
-0.036483
-0.036483
-0.036483
-0.036508
-0.036508
-0.036483
-0.036483
-0.036508
-0.036532
-0.036508
-0.036483
-0.036508
-0.036508
-0.036532
-0.036508
-0.036508
-0.036508
-0.036508
-0.036532
-0.036508
-0.036508
-0.036508
-0.036532
-0.036532
-0.036508
-0.036508
-0.036508
-0.036532
-0.036532
-0.036532
-0.036508
-0.036508
-0.036532
-0.036532
-0.036532
-0.036508
-0.036532
-0.036532
-0.036557
-0.036532
-0.036532
-0.036532
-0.036557
-0.036557
-0.036557
-0.036532
-0.036532
-0.036557
-0.036557
-0.036532
-0.036532
-0.036532
-0.036557
-0.036557
-0.036557
-0.036532
-0.036532
-0.036532
-0.036557
-0.036557
-0.036532
-0.036532
-0.036532
-0.036557
-0.036557
-0.036532
-0.036532
-0.036557
-0.036557
-0.036557
-0.036532
-0.036532
-0.036557
-0.036557
-0.036557
-0.036557
-0.036532
-0.036532
-0.036557
-0.036557
-0.036557
-0.036532
-0.036532
-0.036557
-0.036557
-0.036557
-0.036532
-0.036532
-0.036557
-0.036582
-0.036557
-0.036557
-0.036557
-0.036557
-0.036557
-0.036557
-0.036532
-0.036557
-0.036557
-0.036582
-0.036557
-0.036557
-0.036557
-0.036557
-0.036582
-0.036582
-0.036557
-0.036557
-0.036557
-0.036582
-0.036582
-0.036582
-0.036557
-0.036557
-0.036557
-0.036557
-0.036582
-0.036557
-0.036557
-0.036557
-0.036557
-0.036582
-0.036557
-0.036557
-0.036557
-0.036557
-0.036582
-0.036557
-0.036557
-0.036557
-0.036557
-0.036582
-0.036557
-0.036532
-0.036532
-0.036557
-0.036557
-0.036557
-0.036532
-0.036532
-0.036557
-0.036557
-0.036557
-0.036532
-0.036532
-0.036557
-0.036557
-0.036557
-0.036532
-0.036532
-0.036557
-0.036532
-0.036532
-0.036557
-0.036557
-0.036532
-0.036532
-0.036532
-0.036557
-0.036557
-0.036532
-0.036532
-0.036532
-0.036557
-0.036532
-0.036532
-0.036508
-0.036532
-0.036557
-0.036532
-0.036532
-0.036532
-0.036532
-0.036557
-0.036532
-0.036532
-0.036508
-0.036532
-0.036532
-0.036532
-0.036508
-0.036508
-0.036532
-0.036532
-0.036532
-0.036508
-0.036508
-0.036532
-0.036532
-0.036532
-0.036532
-0.036532
-0.036508
-0.036508
-0.036508
-0.036532
-0.036532
-0.036508
-0.036508
-0.036532
-0.036557
-0.036557
-0.036532
-0.036532
-0.036532
-0.036557
-0.036557
-0.036532
-0.036532
-0.036532
-0.036557
-0.036557
-0.036532
-0.036508
-0.036508
-0.036508
-0.036459
-0.036434
-0.036409
-0.036409
-0.036459
-0.036508
-0.036532
-0.036532
-0.036532
-0.036557
-0.036557
-0.036532
-0.036532
-0.036532
-0.036557
-0.036532
-0.036557
-0.036557
-0.036532
-0.036532
-0.036557
-0.036557
-0.036557
-0.036532
-0.036532
-0.036557
-0.036557
-0.036557
-0.036557
-0.036532
-0.036557
-0.036582
-0.036582
-0.036557
-0.036557
-0.036557
-0.036582
-0.036582
-0.036557
-0.036557
-0.036582
-0.036582
-0.036582
-0.036582
-0.036582
-0.036582
-0.036606
-0.036606
-0.036582
-0.036582
-0.036606
-0.036631
-0.036631
-0.036606
-0.036606
-0.036606
-0.036606
-0.036631
-0.036631
-0.036631
-0.036631
-0.036606
-0.036631
-0.036631
-0.036631
-0.036631
-0.036606
-0.036631
-0.036655
-0.036655
-0.036631
-0.036631
-0.036631
-0.036655
-0.036655
-0.036631
-0.036631
-0.036631
-0.036655
-0.036655
-0.036631
-0.036631
-0.036655
-0.03668
-0.03668
-0.036655
-0.036655
-0.036655
-0.03668
-0.03668
-0.036655
-0.036655
-0.03668
-0.03668
-0.03668
-0.036705
-0.036705
-0.03668
-0.03668
-0.03668
-0.036705
-0.036705
-0.03668
-0.036655
-0.03668
-0.03668
-0.03668
-0.03668
-0.036655
-0.03668
-0.03668
-0.03668
-0.03668
-0.036655
-0.036655
-0.03668
-0.03668
-0.036655
-0.036655
-0.036655
-0.03668
-0.03668
-0.036655
-0.036655
-0.036655
-0.03668
-0.03668
-0.036655
-0.036655
-0.03668
-0.03668
-0.03668
-0.03668
-0.036655
-0.03668
-0.036655
-0.03668
-0.03668
-0.036705
-0.03668
-0.03668
-0.03668
-0.036705
-0.036705
-0.03668
-0.03668
-0.03668
-0.036705
-0.036705
-0.036705
-0.03668
-0.03668
-0.036705
-0.036705
-0.036705
-0.036705
-0.036705
-0.036729
-0.036729
-0.036705
-0.036705
-0.036705
-0.036729
-0.036729
-0.036705
-0.036705
-0.036705
-0.036729
-0.036729
-0.036729
-0.036705
-0.036729
-0.036729
-0.036729
-0.036729
-0.036754
-0.036729
-0.036729
-0.036729
-0.036754
-0.036754
-0.036754
-0.036754
-0.036754
-0.036779
-0.036779
-0.036754
-0.036754
-0.036754
-0.036779
-0.036779
-0.036779
-0.036754
-0.036779
-0.036779
-0.036803
-0.036779
-0.036779
-0.036779
-0.036803
-0.036803
-0.036779
-0.036779
-0.036779
-0.036803
-0.036803
-0.036779
-0.036779
-0.036779
-0.036803
-0.036803
-0.036779
-0.036779
-0.036779
-0.036803
-0.036803
-0.036803
-0.036803
-0.036779
-0.036803
-0.036803
-0.036803
-0.036803
-0.036803
-0.036803
-0.036828
-0.036828
-0.036803
-0.036803
-0.036803
-0.036828
-0.036828
-0.036828
-0.036803
-0.036803
-0.036828
-0.036828
-0.036828
-0.036803
-0.036828
-0.036828
-0.036852
-0.036828
-0.036828
-0.036828
-0.036852
-0.036852
-0.036828
-0.036828
-0.036828
-0.036852
-0.036852
-0.036852
-0.036828
-0.036828
-0.036828
-0.036852
-0.036852
-0.036828
-0.036828
-0.036828
-0.036852
-0.036852
-0.036828
-0.036828
-0.036828
-0.036852
-0.036852
-0.036852
-0.036828
-0.036852
-0.036852
-0.036877
-0.036852
-0.036852
-0.036852
-0.036852
-0.036877
-0.036852
-0.036852
-0.036852
-0.036877
-0.036877
-0.036877
-0.036852
-0.036877
-0.036877
-0.036877
-0.036877
-0.036852
-0.036877
-0.036877
-0.036877
-0.036877
-0.036852
-0.036852
-0.036828
-0.036803
-0.036779
-0.036779
-0.036754
-0.036754
-0.036803
-0.036877
-0.036902
-0.036877
-0.036877
-0.036877
-0.036877
-0.036902
-0.036877
-0.036877
-0.036877
-0.036902
-0.036902
-0.036877
-0.036877
-0.036877
-0.036902
-0.036902
-0.036877
-0.036877
-0.036877
-0.036902
-0.036902
-0.036902
-0.036902
-0.036902
-0.036926
-0.036926
-0.036926
-0.036926
-0.036926
-0.036951
-0.036951
-0.036976
-0.036976
-0.036976
-0.036976
-0.036976
-0.037
-0.037025
-0.037025
-0.037
-0.037025
-0.037025
-0.037049
-0.037049
-0.037049
-0.037049
-0.037074
-0.037074
-0.037074
-0.037074
-0.037074
-0.037099
-0.037123
-0.037123
-0.037099
-0.037123
-0.037123
-0.037148
-0.037148
-0.037123
-0.037148
-0.037148
-0.037172
-0.037148
-0.037148
-0.037148
-0.037172
-0.037197
-0.037172
-0.037172
-0.037172
-0.037197
-0.037197
-0.037222
-0.037222
-0.037222
-0.037222
-0.037222
-0.037246
-0.037271
-0.037246
-0.037246
-0.037246
-0.037271
-0.037296
-0.037296
-0.037271
-0.037271
-0.037296
-0.03732
-0.037296
-0.037296
-0.037296
-0.037296
-0.03732
-0.03732
-0.037296
-0.037296
-0.03732
-0.03732
-0.037296
-0.037296
-0.037296
-0.03732
-0.03732
-0.03732
-0.037296
-0.037296
-0.03732
-0.03732
-0.03732
-0.037345
-0.03732
-0.03732
-0.037296
-0.03732
-0.03732
-0.03732
-0.037296
-0.037296
-0.03732
-0.03732
-0.03732
-0.037296
-0.037296
-0.03732
-0.03732
-0.03732
-0.037296
-0.037296
-0.03732
-0.03732
-0.03732
-0.037296
-0.037296
-0.03732
-0.03732
-0.03732
-0.037296
-0.037271
-0.037296
-0.037296
-0.037296
-0.037296
-0.037271
-0.037296
-0.037296
-0.037296
-0.037271
-0.037271
-0.037296
-0.037271
-0.037296
-0.037296
-0.037296
-0.037296
-0.037271
-0.037296
-0.037296
-0.037296
-0.037271
-0.037271
-0.037296
-0.037296
-0.037296
-0.037271
-0.037271
-0.037296
-0.037296
-0.037296
-0.037271
-0.037271
-0.037271
-0.037296
-0.037271
-0.037271
-0.037246
-0.037271
-0.037296
-0.037271
-0.037271
-0.037246
-0.037271
-0.037271
-0.037271
-0.037246
-0.037246
-0.037271
-0.037271
-0.037246
-0.037246
-0.037246
-0.037222
-0.037222
-0.037246
-0.037246
-0.037246
-0.037222
-0.037222
-0.037246
-0.037246
-0.037246
-0.037222
-0.037222
-0.037246
-0.037246
-0.037246
-0.037222
-0.037222
-0.037246
-0.037246
-0.037246
-0.037222
-0.037222
-0.037246
-0.037246
-0.037246
-0.037222
-0.037222
-0.037222
-0.037246
-0.037246
-0.037222
-0.037222
-0.037222
-0.037222
-0.037222
-0.037197
-0.037197
-0.037222
-0.037222
-0.037222
-0.037222
-0.037222
-0.037197
-0.037197
-0.037197
-0.037222
-0.037197
-0.037197
-0.037197
-0.037197
-0.037222
-0.037222
-0.037197
-0.037197
-0.037197
-0.037222
-0.037222
-0.037197
-0.037197
-0.037222
-0.037222
-0.037222
-0.037197
-0.037197
-0.037222
-0.037222
-0.037222
-0.037197
-0.037197
-0.037197
-0.037222
-0.037197
-0.037172
-0.037172
-0.037197
-0.037197
-0.037197
-0.037172
-0.037172
-0.037172
-0.037172
-0.037197
-0.037197
-0.037197
-0.037172
-0.037172
-0.037172
-0.037197
-0.037172
-0.037172
-0.037148
-0.037172
-0.037197
-0.037197
-0.037172
-0.037172
-0.037172
-0.037197
-0.037172
-0.037148
-0.037148
-0.037172
-0.037172
-0.037172
-0.037148
-0.037148
-0.037148
-0.037148
-0.037123
-0.037099
-0.037049
-0.037049
-0.037049
-0.037049
-0.037074
-0.037099
-0.037148
-0.037172
-0.037148
-0.037148
-0.037148
-0.037123
-0.037123
-0.037148
-0.037148
-0.037148
-0.037123
-0.037099
-0.037123
-0.037123
-0.037123
-0.037123
-0.037123
-0.037123
-0.037148
-0.037148
-0.037123
-0.037123
-0.037148
-0.037148
-0.037148
-0.037123
-0.037123
-0.037148
-0.037148
-0.037148
-0.037123
-0.037123
-0.037148
-0.037148
-0.037148
-0.037123
-0.037123
-0.037148
-0.037148
-0.037148
-0.037148
-0.037123
-0.037148
-0.037123
-0.037148
-0.037148
-0.037148
-0.037148
-0.037123
-0.037148
-0.037148
-0.037148
-0.037148
-0.037148
-0.037148
-0.037172
-0.037172
-0.037148
-0.037148
-0.037148
-0.037172
-0.037172
-0.037148
-0.037148
-0.037172
-0.037172
-0.037172
-0.037172
-0.037148
-0.037172
-0.037197
-0.037197
-0.037172
-0.037172
-0.037197
-0.037197
-0.037197
-0.037197
-0.037172
-0.037197
-0.037222
-0.037197
-0.037197
-0.037222
-0.037197
-0.037197
-0.037197
-0.037222
-0.037222
-0.037197
-0.037197
-0.037222
-0.037222
-0.037222
-0.037222
-0.037197
-0.037197
-0.037222
-0.037222
-0.037222
-0.037197
-0.037222
-0.037222
-0.037222
-0.037197
-0.037197
-0.037197
-0.037222
-0.037222
-0.037197
-0.037197
-0.037197
-0.037197
-0.037197
-0.037197
-0.037172
-0.037197
-0.037197
-0.037197
-0.037197
-0.037172
-0.037197
-0.037197
-0.037197
-0.037222
-0.037197
-0.037197
-0.037197
-0.037197
-0.037222
-0.037222
-0.037197
-0.037197
-0.037197
-0.037222
-0.037222
-0.037197
-0.037197
-0.037197
-0.037197
-0.037197
-0.037197
-0.037172
-0.037197
-0.037197
-0.037197
-0.037172
-0.037172
-0.037172
-0.037197
-0.037197
-0.037172
-0.037172
-0.037172
-0.037197
-0.037197
-0.037172
-0.037172
-0.037197
-0.037197
-0.037197
-0.037172
-0.037172
-0.037172
-0.037172
-0.037172
-0.037197
-0.037197
-0.037172
-0.037172
-0.037172
-0.037197
-0.037197
-0.037172
-0.037172
-0.037172
-0.037197
-0.037197
-0.037172
-0.037172
-0.037172
-0.037172
-0.037197
-0.037172
-0.037172
-0.037172
-0.037172
-0.037197
-0.037172
-0.037172
-0.037172
-0.037172
-0.037197
-0.037172
-0.037172
-0.037172
-0.037197
-0.037197
-0.037172
-0.037172
-0.037172
-0.037197
-0.037197
-0.037197
-0.037172
-0.037172
-0.037172
-0.037172
-0.037197
-0.037172
-0.037172
-0.037172
-0.037197
-0.037197
-0.037172
-0.037172
-0.037172
-0.037197
-0.037197
-0.037172
-0.037172
-0.037172
-0.037172
-0.037172
-0.037172
-0.037148
-0.037172
-0.037172
-0.037172
-0.037172
-0.037148
-0.037172
-0.037172
-0.037172
-0.037172
-0.037148
-0.037172
-0.037172
-0.037172
-0.037172
-0.037148
-0.037148
-0.037172
-0.037148
-0.037172
-0.037172
-0.037172
-0.037148
-0.037172
-0.037172
-0.037172
-0.037172
-0.037148
-0.037172
-0.037172
-0.037197
-0.037172
-0.037172
-0.037172
-0.037197
-0.037172
-0.037172
-0.037148
-0.037172
-0.037172
-0.037172
-0.037172
-0.037148
-0.037172
-0.037172
-0.037197
-0.037172
-0.037148
-0.037148
-0.037172
-0.037172
-0.037148
-0.037148
-0.037148
-0.037172
-0.037172
-0.037172
-0.037172
-0.037172
-0.037172
-0.037197
-0.037197
-0.037172
-0.037172
-0.037172
-0.037172
-0.037172
-0.037148
-0.037123
-0.037099
-0.037074
-0.037074
-0.037049
-0.037049
-0.037099
-0.037148
-0.037197
-0.037172
-0.037172
-0.037172
-0.037172
-0.037172
-0.037172
-0.037172
-0.037172
-0.037172
-0.037172
-0.037172
-0.037148
-0.037172
-0.037172
-0.037172
-0.037172
-0.037148
-0.037148
-0.037172
-0.037172
-0.037172
-0.037197
-0.037172
-0.037172
-0.037197
-0.037197
-0.037197
-0.037197
-0.037197
-0.037222
-0.037222
-0.037197
-0.037197
-0.037197
-0.037222
-0.037246
-0.037222
-0.037222
-0.037222
-0.037246
-0.037246
-0.037222
-0.037222
-0.037222
-0.037246
-0.037246
-0.037246
-0.037222
-0.037246
-0.037246
-0.037246
-0.037246
-0.037246
-0.037246
-0.037246
-0.037271
-0.037246
-0.037246
-0.037246
-0.037271
-0.037271
-0.037271
-0.037271
-0.037271
-0.037246
-0.037246
-0.037271
-0.037296
-0.037271
-0.037271
-0.037271
-0.037296
-0.037296
-0.037296
-0.037296
-0.037296
-0.03732
-0.03732
-0.03732
-0.03732
-0.03732
-0.037345
-0.037345
-0.037345
-0.03732
-0.03732
-0.037345
-0.037345
-0.037345
-0.03732
-0.037345
-0.037345
-0.037345
-0.037345
-0.03732
-0.03732
-0.037345
-0.037345
-0.037345
-0.03732
-0.03732
-0.03732
-0.037345
-0.037345
-0.037345
-0.03732
-0.03732
-0.037345
-0.037345
-0.037345
-0.03732
-0.03732
-0.037345
-0.037345
-0.03732
-0.03732
-0.03732
-0.037345
-0.037345
-0.037345
-0.03732
-0.03732
-0.03732
-0.037345
-0.03732
-0.03732
-0.03732
-0.037345
-0.037345
-0.037345
-0.03732
-0.03732
-0.037345
-0.037345
-0.037345
-0.03732
-0.03732
-0.037345
-0.037345
-0.037345
-0.03732
-0.037345
-0.03732
-0.03732
-0.037345
-0.037345
-0.037345
-0.03732
-0.03732
-0.037345
-0.037345
-0.037345
-0.03732
-0.03732
-0.037345
-0.037345
-0.037345
-0.03732
-0.03732
-0.037345
-0.037345
-0.037345
-0.037345
-0.037345
-0.037345
-0.037369
-0.037345
-0.03732
-0.03732
-0.037345
-0.037345
-0.037345
-0.03732
-0.03732
-0.037345
-0.037345
-0.037345
-0.03732
-0.03732
-0.037345
-0.037345
-0.037345
-0.037345
-0.03732
-0.03732
-0.037345
-0.037345
-0.037345
-0.03732
-0.03732
-0.037345
-0.037345
-0.037345
-0.037345
-0.037345
-0.037345
-0.037369
-0.037345
-0.037345
-0.037345
-0.037369
-0.037369
-0.037369
-0.037345
-0.037345
-0.037369
-0.037369
-0.037369
-0.037369
-0.037345
-0.037369
-0.037394
-0.037369
-0.037369
-0.037369
-0.037369
-0.037394
-0.037394
-0.037419
-0.037468
-0.037542
-0.03764
-0.037665
-0.037665
-0.037665
-0.037665
-0.037689
-0.037714
-0.037714
-0.037689
-0.037689
-0.037714
-0.037714
-0.037714
-0.037714
-0.037689
-0.037714
-0.037714
-0.037689
-0.037689
-0.037689
-0.037689
-0.037689
-0.037689
-0.037665
-0.037665
-0.037665
-0.037689
-0.037665
-0.037665
-0.037665
-0.037665
-0.037665
-0.037665
-0.03764
-0.03764
-0.037665
-0.037665
-0.037665
-0.03764
-0.03764
-0.037616
-0.037616
-0.037616
-0.037616
-0.037616
-0.037591
-0.037591
-0.037616
-0.037616
-0.037616
-0.037591
-0.037591
-0.037591
-0.037616
-0.037591
-0.037591
-0.037566
-0.037591
-0.037591
-0.037591
-0.037566
-0.037566
-0.037591
-0.037591
-0.037591
-0.037566
-0.037566
-0.037591
-0.037591
-0.037566
-0.037566
-0.037566
-0.037566
-0.037566
-0.037566
-0.037542
-0.037542
-0.037517
-0.037517
-0.037468
-0.037517
-0.037542
-0.037542
-0.037542
-0.037542
-0.037542
-0.037517
-0.037517
-0.037542
-0.037542
-0.037542
-0.037517
-0.037517
-0.037517
-0.037542
-0.037517
-0.037517
-0.037517
-0.037517
-0.037542
-0.037517
-0.037517
-0.037492
-0.037517
-0.037517
-0.037517
-0.037517
-0.037517
-0.037517
-0.037542
-0.037517
-0.037517
-0.037517
-0.037517
-0.037517
-0.037517
-0.037517
-0.037492
-0.037517
-0.037517
-0.037517
-0.037517
-0.037517
-0.037517
-0.037542
-0.037542
-0.037517
-0.037517
-0.037542
-0.037542
-0.037542
-0.037517
-0.037517
-0.037542
-0.037542
-0.037542
-0.037517
-0.037517
-0.037517
-0.037542
-0.037517
-0.037517
-0.037517
-0.037517
-0.037517
-0.037517
-0.037492
-0.037492
-0.037492
-0.037492
-0.037492
-0.037468
-0.037468
-0.037468
-0.037492
-0.037492
-0.037468
-0.037468
-0.037492
-0.037492
