2018
7
5
10
24
19.491
-0.046798
-0.046798
-0.046798
-0.046773
-0.046773
-0.046798
-0.046798
-0.046798
-0.046773
-0.046798
-0.046798
-0.046798
-0.046798
-0.046798
-0.046798
-0.046823
-0.046847
-0.046921
-0.046921
-0.046872
-0.046798
-0.046724
-0.046626
-0.046552
-0.046502
-0.046478
-0.046502
-0.046552
-0.046601
-0.046675
-0.046724
-0.046749
-0.046798
-0.046798
-0.046798
-0.046823
-0.046823
-0.046823
-0.046823
-0.046823
-0.046847
-0.046847
-0.046847
-0.046847
-0.046847
-0.046847
-0.046847
-0.046847
-0.046847
-0.046847
-0.046847
-0.046872
-0.046872
-0.046872
-0.046872
-0.046872
-0.046872
-0.046872
-0.046872
-0.046872
-0.046872
-0.046872
-0.046872
-0.046896
-0.046872
-0.046872
-0.046896
-0.046896
-0.046896
-0.046896
-0.046896
-0.046921
-0.046921
-0.046921
-0.046921
-0.046921
-0.046946
-0.046946
-0.04697
-0.046946
-0.04697
-0.04697
-0.04697
-0.046995
-0.046995
-0.046995
-0.046995
-0.046995
-0.047019
-0.047019
-0.047019
-0.046995
-0.046995
-0.047019
-0.047019
-0.047019
-0.046995
-0.046995
-0.046995
-0.046995
-0.04697
-0.04697
-0.04697
-0.04697
-0.04697
-0.046946
-0.046946
-0.046946
-0.046946
-0.046946
-0.046946
-0.046946
-0.046946
-0.046946
-0.046946
-0.046946
-0.046946
-0.046946
-0.046946
-0.04697
-0.04697
-0.04697
-0.04697
-0.04697
-0.04697
-0.04697
-0.046995
-0.046995
-0.046995
-0.046995
-0.046995
-0.046995
-0.046995
-0.046995
-0.046995
-0.046995
-0.047019
-0.047019
-0.046995
-0.046995
-0.047019
-0.047019
-0.047019
-0.047019
-0.047019
-0.047019
-0.047019
-0.047019
-0.047019
-0.047019
-0.047019
-0.047044
-0.047044
-0.047019
-0.047019
-0.047019
-0.047044
-0.047044
-0.047044
-0.047044
-0.047044
-0.047044
-0.047044
-0.047069
-0.047069
-0.047044
-0.047044
-0.047044
-0.047069
-0.047069
-0.047044
-0.047044
-0.047044
-0.047069
-0.047069
-0.047044
-0.047044
-0.047069
-0.047069
-0.047069
-0.047069
-0.047069
-0.047069
-0.047069
-0.047069
-0.047069
-0.047069
-0.047069
-0.047093
-0.047093
-0.047069
-0.047069
-0.047093
-0.047093
-0.047093
-0.047069
-0.047069
-0.047093
-0.047093
-0.047093
-0.047093
-0.047093
-0.047093
-0.047093
-0.047093
-0.047093
-0.047093
-0.047093
-0.047093
-0.047093
-0.047093
-0.047093
-0.047093
-0.047118
-0.047118
-0.047093
-0.047093
-0.047093
-0.047118
-0.047118
-0.047118
-0.047093
-0.047093
-0.047118
-0.047118
-0.047093
-0.047093
-0.047093
-0.047118
-0.047118
-0.047093
-0.047093
-0.047093
-0.047118
-0.047118
-0.047118
-0.047118
-0.047118
-0.047118
-0.047118
-0.047118
-0.047118
-0.047118
-0.047118
-0.047118
-0.047118
-0.047143
-0.047118
-0.047118
-0.047143
-0.047143
-0.047143
-0.047143
-0.047118
-0.047143
-0.047143
-0.047143
-0.047143
-0.047143
-0.047143
-0.047143
-0.047143
-0.047143
-0.047143
-0.047143
-0.047143
-0.047143
-0.047143
-0.047143
-0.047143
-0.047143
-0.047143
-0.047143
-0.047143
-0.047143
-0.047143
-0.047143
-0.047143
-0.047143
-0.047143
-0.047167
-0.047167
-0.047192
-0.047192
-0.047167
-0.047167
-0.047167
-0.047167
-0.047192
-0.047167
-0.047167
-0.047167
-0.047167
-0.047167
-0.047167
-0.047167
-0.047167
-0.047167
-0.047167
-0.047167
-0.047167
-0.047167
-0.047167
-0.047167
-0.047167
-0.047167
-0.047167
-0.047192
-0.047192
-0.047216
-0.047266
-0.04729
-0.047266
-0.047216
-0.047118
-0.047019
-0.04697
-0.046921
-0.046872
-0.046872
-0.047093
-0.047118
-0.047143
-0.047167
-0.047192
-0.047192
-0.047192
-0.047192
-0.047216
-0.047216
-0.047216
-0.047216
-0.047216
-0.047216
-0.047216
-0.047216
-0.047216
-0.047216
-0.047216
-0.047216
-0.047216
-0.047216
-0.047216
-0.047216
-0.047216
-0.047216
-0.047216
-0.047216
-0.047216
-0.047241
-0.047241
-0.047241
-0.047216
-0.047216
-0.047241
-0.047241
-0.047241
-0.047216
-0.047216
-0.047241
-0.047241
-0.047241
-0.047241
-0.047241
-0.047241
-0.047241
-0.047266
-0.047266
-0.047266
-0.047266
-0.047266
-0.04729
-0.04729
-0.04729
-0.04729
-0.04729
-0.047315
-0.047315
-0.047315
-0.047315
-0.047315
-0.047315
-0.047315
-0.047315
-0.047315
-0.047315
-0.047315
-0.047315
-0.047315
-0.04729
-0.04729
-0.04729
-0.04729
-0.047266
-0.047266
-0.047241
-0.047241
-0.047241
-0.047241
-0.047241
-0.047216
-0.047216
-0.047216
-0.047216
-0.047216
-0.047216
-0.047216
-0.047216
-0.047216
-0.047216
-0.047216
-0.047216
-0.047216
-0.047216
-0.047216
-0.047216
-0.047216
-0.047216
-0.047216
-0.047241
-0.047216
-0.047216
-0.047216
-0.047241
-0.047241
-0.047241
-0.047216
-0.047216
-0.047241
-0.047241
-0.047241
-0.047216
-0.047216
-0.047241
-0.047241
-0.047241
-0.047241
-0.047241
-0.047241
-0.047241
-0.047241
-0.047241
-0.047241
-0.047241
-0.047241
-0.047241
-0.047266
-0.047241
-0.047241
-0.047241
-0.047241
-0.047241
-0.047241
-0.047241
-0.047241
-0.047241
-0.047241
-0.047241
-0.047241
-0.047241
-0.047241
-0.047241
-0.047241
-0.047241
-0.047241
-0.047241
-0.047241
-0.047241
-0.047241
-0.047241
-0.047241
-0.047241
-0.047241
-0.047241
-0.047241
-0.047241
-0.047241
-0.047241
-0.047241
-0.047241
-0.047241
-0.047266
-0.047266
-0.047266
-0.047266
-0.047266
-0.047266
-0.047266
-0.047266
-0.047266
-0.047266
-0.047266
-0.047266
-0.047266
-0.047266
-0.047266
-0.047266
-0.047266
-0.047266
-0.047266
-0.047266
-0.047266
-0.04729
-0.04729
-0.047266
-0.047266
-0.047266
-0.04729
-0.04729
-0.047266
-0.047266
-0.047266
-0.04729
-0.04729
-0.04729
-0.047266
-0.04729
-0.04729
-0.04729
-0.04729
-0.04729
-0.04729
-0.04729
-0.04729
-0.04729
-0.04729
-0.04729
-0.04729
-0.04729
-0.04729
-0.04729
-0.04729
-0.04729
-0.04729
-0.047315
-0.047315
-0.04729
-0.04729
-0.047315
-0.047315
-0.047315
-0.047315
-0.047315
-0.047315
-0.047315
-0.047315
-0.047315
-0.047315
-0.047315
-0.047315
-0.047315
-0.047315
-0.047315
-0.047315
-0.047315
-0.047315
-0.047315
-0.047315
-0.047315
-0.047339
-0.047315
-0.047339
-0.047339
-0.047315
-0.047315
-0.047315
-0.047339
-0.047339
-0.047339
-0.047339
-0.047339
-0.047339
-0.047364
-0.047339
-0.047339
-0.047364
-0.047364
-0.047389
-0.047364
-0.047364
-0.047364
-0.047364
-0.047364
-0.047364
-0.047364
-0.047364
-0.047364
-0.047364
-0.047364
-0.047364
-0.047364
-0.047364
-0.047364
-0.047364
-0.047364
-0.047364
-0.047364
-0.047364
-0.047364
-0.047364
-0.047389
-0.047413
-0.047463
-0.047512
-0.047463
-0.047389
-0.04729
-0.047216
-0.047143
-0.047069
-0.047019
-0.047019
-0.047069
-0.047143
-0.047192
-0.047241
-0.04729
-0.047339
-0.047364
-0.047364
-0.047364
-0.047364
-0.047389
-0.047389
-0.047389
-0.047389
-0.047389
-0.047389
-0.047413
-0.047413
-0.047389
-0.047389
-0.047389
-0.047389
-0.047389
-0.047389
-0.047389
-0.047389
-0.047413
-0.047413
-0.047413
-0.047438
-0.047438
-0.047438
-0.047438
-0.047438
-0.047438
-0.047438
-0.047438
-0.047438
-0.047438
-0.047438
-0.047438
-0.047438
-0.047438
-0.047463
-0.047463
-0.047463
-0.047438
-0.047463
-0.047463
-0.047487
-0.047487
-0.047487
-0.047487
-0.047512
-0.047512
-0.047512
-0.047512
-0.047512
-0.047512
-0.047536
-0.047536
-0.047536
-0.047536
-0.047536
-0.047536
-0.047536
-0.047536
-0.047536
-0.047536
-0.047536
-0.047536
-0.047536
-0.047536
-0.047512
-0.047512
-0.047512
-0.047512
-0.047487
-0.047487
-0.047487
-0.047487
-0.047487
-0.047487
-0.047463
-0.047463
-0.047487
-0.047487
-0.047487
-0.047463
-0.047487
-0.047487
-0.047487
-0.047487
-0.047487
-0.047487
-0.047487
-0.047487
-0.047487
-0.047487
-0.047487
-0.047512
-0.047512
-0.047512
-0.047512
-0.047512
-0.047512
-0.047536
-0.047512
-0.047536
-0.047536
-0.047536
-0.047536
-0.047536
-0.047536
-0.047536
-0.047536
-0.047536
-0.047536
-0.047561
-0.047536
-0.047536
-0.047536
-0.047561
-0.047561
-0.047561
-0.047561
-0.047561
-0.047561
-0.047561
-0.047561
-0.047561
-0.047561
-0.047561
-0.047586
-0.047561
-0.047561
-0.047561
-0.047586
-0.047586
-0.047586
-0.047586
-0.047586
-0.047586
-0.047586
-0.047586
-0.047586
-0.047586
-0.047586
-0.04761
-0.04761
-0.04761
-0.04761
-0.04761
-0.04761
-0.04761
-0.04761
-0.04761
-0.04761
-0.04761
-0.047635
-0.04761
-0.04761
-0.04761
-0.04761
-0.047635
-0.047635
-0.047635
-0.047635
-0.047635
-0.047635
-0.047635
-0.047635
-0.047635
-0.047635
-0.047635
-0.047635
-0.047635
-0.047635
-0.047635
-0.047635
-0.047635
-0.047635
-0.047635
-0.04766
-0.04766
-0.04766
-0.04766
-0.04766
-0.04766
-0.04766
-0.047684
-0.047684
-0.047684
-0.04766
-0.047684
-0.047684
-0.047684
-0.047684
-0.047684
-0.047684
-0.047684
-0.047709
-0.047709
-0.047684
-0.047684
-0.047709
-0.047709
-0.047709
-0.047684
-0.047709
-0.047709
-0.047709
-0.047709
-0.047709
-0.047709
-0.047709
-0.047709
-0.047709
-0.047709
-0.047709
-0.047709
-0.047733
-0.047733
-0.047709
-0.047733
-0.047733
-0.047733
-0.047733
-0.047733
-0.047733
-0.047733
-0.047733
-0.047733
-0.047733
-0.047733
-0.047733
-0.047733
-0.047758
-0.047758
-0.047733
-0.047733
-0.047758
-0.047758
-0.047758
-0.047758
-0.047758
-0.047758
-0.047758
-0.047758
-0.047758
-0.047758
-0.047758
-0.047783
-0.047783
-0.047783
-0.047783
-0.047783
-0.047807
-0.047807
-0.047807
-0.047807
-0.047807
-0.047807
-0.047807
-0.047807
-0.047807
-0.047807
-0.047807
-0.047807
-0.047807
-0.047783
-0.047783
-0.047807
-0.047807
-0.047807
-0.047807
-0.047807
-0.047807
-0.047807
-0.047807
-0.047832
-0.047832
-0.047881
-0.047955
-0.04793
-0.047881
-0.047783
-0.047709
-0.047635
-0.047586
-0.047536
-0.047512
-0.047561
-0.047635
-0.047684
-0.047733
-0.047758
-0.047807
-0.047832
-0.047856
-0.047856
-0.047856
-0.047856
-0.047881
-0.047881
-0.047856
-0.047856
-0.047881
-0.047856
-0.047856
-0.047881
-0.047881
-0.047856
-0.047881
-0.047881
-0.047881
-0.047881
-0.047881
-0.047881
-0.047906
-0.047906
-0.047906
-0.047906
-0.047906
-0.047906
-0.047906
-0.047906
-0.047906
-0.047906
-0.047906
-0.047906
-0.04793
-0.047906
-0.04793
-0.04793
-0.04793
-0.04793
-0.04793
-0.04793
-0.047955
-0.047955
-0.047955
-0.047955
-0.047955
-0.04798
-0.04798
-0.04798
-0.04798
-0.048004
-0.048004
-0.048004
-0.048029
-0.048029
-0.048029
-0.048029
-0.048029
-0.048029
-0.048053
-0.048053
-0.048029
-0.048029
-0.048029
-0.048029
-0.048029
-0.048029
-0.048004
-0.048004
-0.048004
-0.048004
-0.04798
-0.04798
-0.04798
-0.048004
-0.04798
-0.04798
-0.04798
-0.04798
-0.04798
-0.04798
-0.04798
-0.04798
-0.04798
-0.048004
-0.048004
-0.048004
-0.04798
-0.048004
-0.048004
-0.048004
-0.048004
-0.048004
-0.048004
-0.048004
-0.048004
-0.048029
-0.048029
-0.048004
-0.048004
-0.048029
-0.048029
-0.048029
-0.048029
-0.048029
-0.048029
-0.048029
-0.048029
-0.048029
-0.048029
-0.048029
-0.048053
-0.048053
-0.048053
-0.048029
-0.048053
-0.048053
-0.048053
-0.048053
-0.048053
-0.048053
-0.048053
-0.048053
-0.048053
-0.048053
-0.048053
-0.048053
-0.048053
-0.048053
-0.048053
-0.048053
-0.048053
-0.048053
-0.048053
-0.048053
-0.048053
-0.048053
-0.048053
-0.048053
-0.048053
-0.048053
-0.048053
-0.048053
-0.048078
-0.048078
-0.048053
-0.048053
-0.048053
-0.048078
-0.048078
-0.048078
-0.048053
-0.048078
-0.048078
-0.048078
-0.048078
-0.048078
-0.048078
-0.048078
-0.048078
-0.048078
-0.048078
-0.048078
-0.048103
-0.048103
-0.048078
-0.048078
-0.048078
-0.048103
-0.048103
-0.048103
-0.048103
-0.048078
-0.048078
-0.048103
-0.048103
-0.048103
-0.048103
-0.048078
-0.048103
-0.048103
-0.048103
-0.048103
-0.048103
-0.048103
-0.048103
-0.048103
-0.048103
-0.048103
-0.048103
-0.048127
-0.048127
-0.048103
-0.048103
-0.048103
-0.048127
-0.048127
-0.048103
-0.048103
-0.048103
-0.048127
-0.048127
-0.048103
-0.048103
-0.048103
-0.048127
-0.048127
-0.048127
-0.048127
-0.048127
-0.048127
-0.048127
-0.048127
-0.048127
-0.048127
-0.048127
-0.048127
-0.048127
-0.048127
-0.048127
-0.048152
-0.048152
-0.048127
-0.048127
-0.048152
-0.048152
-0.048152
-0.048152
-0.048152
-0.048152
-0.048152
-0.048152
-0.048152
-0.048152
-0.048152
-0.048152
-0.048152
-0.048152
-0.048152
-0.048152
-0.048152
-0.048152
-0.048152
-0.048152
-0.048152
-0.048152
-0.048152
-0.048152
-0.048152
-0.048152
-0.048152
-0.048152
-0.048176
-0.048201
-0.048201
-0.048176
-0.048176
-0.048176
-0.048176
-0.048176
-0.048176
-0.048176
-0.048176
-0.048176
-0.048176
-0.048176
-0.048176
-0.048176
-0.048176
-0.048176
-0.048176
-0.048176
-0.048176
-0.048176
-0.048176
-0.048176
-0.048176
-0.048176
-0.048176
-0.048176
-0.048176
-0.048226
-0.048275
-0.0483
-0.04825
-0.048176
-0.048103
-0.048029
-0.047955
-0.047906
-0.048078
-0.048127
-0.048152
-0.048176
-0.048176
-0.048176
-0.048176
-0.048201
-0.048201
-0.048201
-0.048201
-0.048201
-0.048201
-0.048201
-0.048201
-0.048201
-0.048201
-0.048201
-0.048201
-0.048201
-0.048201
-0.048201
-0.048201
-0.048201
-0.048201
-0.048201
-0.048201
-0.048201
-0.048226
-0.048201
-0.048201
-0.048201
-0.048201
-0.048201
-0.048201
-0.048201
-0.048201
-0.048201
-0.048201
-0.048201
-0.048226
-0.048226
-0.048226
-0.048226
-0.048226
-0.048226
-0.048226
-0.048226
-0.04825
-0.04825
-0.04825
-0.04825
-0.04825
-0.04825
-0.048275
-0.048275
-0.048275
-0.048275
-0.048275
-0.0483
-0.0483
-0.0483
-0.048275
-0.048275
-0.0483
-0.0483
-0.0483
-0.048275
-0.048275
-0.048275
-0.048275
-0.048275
-0.04825
-0.04825
-0.04825
-0.04825
-0.048226
-0.048226
-0.048226
-0.048226
-0.048201
-0.048201
-0.048201
-0.048201
-0.048201
-0.048201
-0.048201
-0.048201
-0.048201
-0.048201
-0.048201
-0.048201
-0.048201
-0.048201
-0.048201
-0.048201
-0.048201
-0.048226
-0.048201
-0.048201
-0.048201
-0.048226
-0.048226
-0.048226
-0.048226
-0.048226
-0.048226
-0.048226
-0.048226
-0.048226
-0.048226
-0.048226
-0.048226
-0.048226
-0.048226
-0.048226
-0.048226
-0.048226
-0.048226
-0.048226
-0.04825
-0.048226
-0.048226
-0.04825
-0.04825
-0.04825
-0.048226
-0.048226
-0.04825
-0.04825
-0.04825
-0.048226
-0.048226
-0.048226
-0.04825
-0.04825
-0.048226
-0.048226
-0.04825
-0.04825
-0.04825
-0.048226
-0.048226
-0.048226
-0.04825
-0.04825
-0.048226
-0.048226
-0.04825
-0.04825
-0.04825
-0.048226
-0.048226
-0.04825
-0.04825
-0.04825
-0.04825
-0.048226
-0.048226
-0.04825
-0.04825
-0.04825
-0.04825
-0.04825
-0.04825
-0.04825
-0.04825
-0.04825
-0.04825
-0.04825
-0.04825
-0.04825
-0.04825
-0.04825
-0.04825
-0.04825
-0.04825
-0.04825
-0.04825
-0.04825
-0.04825
-0.04825
-0.04825
-0.04825
-0.04825
-0.04825
-0.048275
-0.048275
-0.04825
-0.04825
-0.048275
-0.048275
-0.048275
-0.04825
-0.04825
-0.048275
-0.048275
-0.048275
-0.048275
-0.04825
-0.04825
-0.04825
-0.048275
-0.048275
-0.048275
-0.048275
-0.048275
-0.048275
-0.048275
-0.048275
-0.048275
-0.048275
-0.048275
-0.048275
-0.048275
-0.048275
-0.048275
-0.048275
-0.048275
-0.048275
-0.048275
-0.048275
-0.048275
-0.048275
-0.048275
-0.048275
-0.048275
-0.048275
-0.0483
-0.0483
-0.048275
-0.048275
-0.0483
-0.0483
-0.0483
-0.0483
-0.0483
-0.0483
-0.0483
-0.0483
-0.0483
-0.0483
-0.0483
-0.0483
-0.0483
-0.0483
-0.0483
-0.0483
-0.0483
-0.0483
-0.048324
-0.0483
-0.0483
-0.0483
-0.0483
-0.048324
-0.048324
-0.048324
-0.0483
-0.048324
-0.048324
-0.048349
-0.048324
-0.048324
-0.048349
-0.048373
-0.048373
-0.048373
-0.048349
-0.048349
-0.048349
-0.048349
-0.048349
-0.048349
-0.048349
-0.048373
-0.048373
-0.048349
-0.048349
-0.048349
-0.048349
-0.048373
-0.048373
-0.048373
-0.048373
-0.048373
-0.048373
-0.048398
-0.048398
-0.048398
-0.048423
-0.048497
-0.048546
-0.048521
-0.048472
-0.048373
-0.048275
-0.048226
-0.048152
-0.048103
-0.048103
-0.048176
-0.04825
-0.0483
-0.048373
-0.048398
-0.048447
-0.048497
-0.048497
-0.048497
-0.048521
-0.048521
-0.048546
-0.048546
-0.048546
-0.048546
-0.048546
-0.04857
-0.04857
-0.04857
-0.04857
-0.04857
-0.04857
-0.04857
-0.048595
-0.048595
-0.048595
-0.048595
-0.04862
-0.04862
-0.04862
-0.04862
-0.04862
-0.04862
-0.048644
-0.048644
-0.048644
-0.048644
-0.048644
-0.048644
-0.048644
-0.048644
-0.048644
-0.048644
-0.048669
-0.048669
-0.048669
-0.048669
-0.048669
-0.048669
-0.048693
-0.048693
-0.048693
-0.048693
-0.048693
-0.048718
-0.048718
-0.048718
-0.048718
-0.048743
-0.048743
-0.048743
-0.048743
-0.048743
-0.048743
-0.048743
-0.048767
-0.048767
-0.048743
-0.048743
-0.048743
-0.048743
-0.048743
-0.048743
-0.048718
-0.048718
-0.048718
-0.048718
-0.048693
-0.048693
-0.048693
-0.048693
-0.048693
-0.048669
-0.048669
-0.048669
-0.048693
-0.048693
-0.048693
-0.048693
-0.048693
-0.048693
-0.048693
-0.048693
-0.048693
-0.048693
-0.048693
-0.048718
-0.048693
-0.048693
-0.048718
-0.048718
-0.048718
-0.048718
-0.048718
-0.048743
-0.048743
-0.048743
-0.048743
-0.048743
-0.048743
-0.048743
-0.048743
-0.048743
-0.048767
-0.048743
-0.048743
-0.048743
-0.048767
-0.048767
-0.048767
-0.048743
-0.048767
-0.048767
-0.048767
-0.048767
-0.048767
-0.048767
-0.048767
-0.048792
-0.048792
-0.048767
-0.048767
-0.048792
-0.048792
-0.048792
-0.048792
-0.048792
-0.048792
-0.048792
-0.048817
-0.048817
-0.048817
-0.048817
-0.048817
-0.048817
-0.048817
-0.048817
-0.048817
-0.048817
-0.048817
-0.048817
-0.048817
-0.048817
-0.048817
-0.048841
-0.048841
-0.048841
-0.048817
-0.048841
-0.048841
-0.048841
-0.048841
-0.048841
-0.048841
-0.048841
-0.048841
-0.048841
-0.048841
-0.048841
-0.048841
-0.048841
-0.048841
-0.048841
-0.048841
-0.048841
-0.048866
-0.048866
-0.048841
-0.048866
-0.048866
-0.048866
-0.048866
-0.048866
-0.048866
-0.048866
-0.048866
-0.048866
-0.04889
-0.048866
-0.048866
-0.048866
-0.04889
-0.04889
-0.04889
-0.04889
-0.04889
-0.04889
-0.04889
-0.04889
-0.04889
-0.04889
-0.048915
-0.048915
-0.048915
-0.048915
-0.048915
-0.048915
-0.048915
-0.048915
-0.048915
-0.048915
-0.048915
-0.048915
-0.048915
-0.048915
-0.048915
-0.048915
-0.04894
-0.04894
-0.04894
-0.04894
-0.04894
-0.04894
-0.04894
-0.04894
-0.04894
-0.04894
-0.04894
-0.04894
-0.04894
-0.04894
-0.04894
-0.04894
-0.048964
-0.048964
-0.04894
-0.04894
-0.04894
-0.048964
-0.048964
-0.048964
-0.04894
-0.04894
-0.048964
-0.048964
-0.048964
-0.048964
-0.048964
-0.048964
-0.048964
-0.048964
-0.048964
-0.048964
-0.048989
-0.048989
-0.048989
-0.048964
-0.048964
-0.048964
-0.048964
-0.048989
-0.048989
-0.048989
-0.048989
-0.048989
-0.049013
-0.049013
-0.049013
-0.049013
-0.049013
-0.049013
-0.049013
-0.049013
-0.049013
-0.049013
-0.049013
-0.049013
-0.049013
-0.049013
-0.049013
-0.049013
-0.049013
-0.049013
-0.048989
-0.048989
-0.049013
-0.049013
-0.049013
-0.049013
-0.049013
-0.049013
-0.049013
-0.049013
-0.049013
-0.049038
-0.049087
-0.049137
-0.049112
-0.049063
-0.048743
-0.048718
-0.048767
-0.048841
-0.04889
-0.048915
-0.048964
-0.048989
-0.049013
-0.049038
-0.049038
-0.049038
-0.049038
-0.049038
-0.049038
-0.049038
-0.049038
-0.049063
-0.049063
-0.049063
-0.049063
-0.049038
-0.049038
-0.049063
-0.049063
-0.049063
-0.049063
-0.049063
-0.049063
-0.049063
-0.049063
-0.049063
-0.049063
-0.049087
-0.049087
-0.049063
-0.049063
-0.049087
-0.049087
-0.049087
-0.049087
-0.049087
-0.049087
-0.049087
-0.049087
-0.049112
-0.049112
-0.049112
-0.049112
-0.049112
-0.049112
-0.049112
-0.049112
-0.049112
-0.049137
-0.049137
-0.049137
-0.049137
-0.049137
-0.049161
-0.049161
-0.049161
-0.049161
-0.049161
-0.049161
-0.049186
-0.049186
-0.049186
-0.049186
-0.049186
-0.049186
-0.049186
-0.049186
-0.049161
-0.049161
-0.049161
-0.049161
-0.049161
-0.049161
-0.049137
-0.049112
-0.049112
-0.049112
-0.049112
-0.049112
-0.049112
-0.049112
-0.049112
-0.049112
-0.049112
-0.049112
-0.049112
-0.049112
-0.049112
-0.049112
-0.049112
-0.049112
-0.049112
-0.049112
-0.049112
-0.049112
-0.049112
-0.049137
-0.049137
-0.049112
-0.049112
-0.049112
-0.049137
-0.049137
-0.049137
-0.049137
-0.049137
-0.049137
-0.049137
-0.049137
-0.049137
-0.049137
-0.049137
-0.049137
-0.049137
-0.049137
-0.049137
-0.049137
-0.049137
-0.049161
-0.049137
-0.049137
-0.049137
-0.049137
-0.049161
-0.049161
-0.049161
-0.049137
-0.049161
-0.049161
-0.049161
-0.049161
-0.049161
-0.049161
-0.049161
-0.049161
-0.049161
-0.049161
-0.049161
-0.049161
-0.049161
-0.049161
-0.049161
-0.049161
-0.049186
-0.049161
-0.049161
-0.049161
-0.049161
-0.049186
-0.049186
-0.049186
-0.049186
-0.049186
-0.049186
-0.049186
-0.049186
-0.049186
-0.049186
-0.049186
-0.049186
-0.049186
-0.049186
-0.049186
-0.049186
-0.049186
-0.049186
-0.049186
-0.049186
-0.049186
-0.049186
-0.049186
-0.049186
-0.049186
-0.049186
-0.049186
-0.049186
-0.049186
-0.049186
-0.049186
-0.049186
-0.04921
-0.04921
-0.049186
-0.049186
-0.049186
-0.04921
-0.04921
-0.049186
-0.049186
-0.049186
-0.04921
-0.04921
-0.04921
-0.049186
-0.049186
-0.049186
-0.04921
-0.04921
-0.04921
-0.04921
-0.04921
-0.04921
-0.04921
-0.04921
-0.04921
-0.04921
-0.04921
-0.04921
-0.04921
-0.049186
-0.04921
-0.04921
-0.04921
-0.04921
-0.04921
-0.04921
-0.04921
-0.04921
-0.04921
-0.04921
-0.04921
-0.04921
-0.04921
-0.04921
-0.04921
-0.04921
-0.04921
-0.04921
-0.04921
-0.04921
-0.04921
-0.04921
-0.04921
-0.04921
-0.049235
-0.04921
-0.04921
-0.04921
-0.049235
-0.049235
-0.049235
-0.04921
-0.049235
-0.049235
-0.049235
-0.049235
-0.04921
-0.049235
-0.049235
-0.049235
-0.04921
-0.04921
-0.049235
-0.049235
-0.049235
-0.049235
-0.049235
-0.04926
-0.04926
-0.04926
-0.049235
-0.049235
-0.049235
-0.049235
-0.049235
-0.049235
-0.049235
-0.049235
-0.049235
-0.049235
-0.049235
-0.04921
-0.04921
-0.049235
-0.04921
-0.049235
-0.049235
-0.049235
-0.04921
-0.049235
-0.049235
-0.04926
-0.049309
-0.049334
-0.049309
-0.04926
-0.049186
-0.049087
-0.049038
-0.048989
-0.04894
-0.048915
-0.048964
-0.049013
-0.049087
-0.049137
-0.049161
-0.049186
-0.04921
-0.049235
-0.049235
-0.049235
-0.049235
-0.049235
-0.04926
-0.04926
-0.04926
-0.04926
-0.04926
-0.04926
-0.04926
-0.04926
-0.04926
-0.049235
-0.04926
-0.04926
-0.04926
-0.04926
-0.04926
-0.04926
-0.04926
-0.04926
-0.04926
-0.049284
-0.04926
-0.04926
-0.04926
-0.049284
-0.049284
-0.04926
-0.04926
-0.04926
-0.049284
-0.049284
-0.049284
-0.04926
-0.049284
-0.049284
-0.049284
-0.049284
-0.049284
-0.049309
-0.049309
-0.049309
-0.049309
-0.049309
-0.049309
-0.049334
-0.049334
-0.049334
-0.049334
-0.049334
-0.049358
-0.049358
-0.049358
-0.049358
-0.049358
-0.049358
-0.049358
-0.049383
-0.049358
-0.049358
-0.049358
-0.049358
-0.049358
-0.049334
-0.049334
-0.049309
-0.049309
-0.049309
-0.049309
-0.049309
-0.049284
-0.049284
-0.049284
-0.049284
-0.049284
-0.049284
-0.049284
-0.049284
-0.049284
-0.049284
-0.049284
-0.049284
-0.049284
-0.049284
-0.049284
-0.049284
-0.049284
-0.049284
-0.049309
-0.049284
-0.049284
-0.049284
-0.049309
-0.049309
-0.049309
-0.049309
-0.049309
-0.049309
-0.049309
-0.049309
-0.049309
-0.049309
-0.049309
-0.049309
-0.049309
-0.049309
-0.049309
-0.049309
-0.049309
-0.049309
-0.049309
-0.049309
-0.049309
-0.049309
-0.049309
-0.049309
-0.049309
-0.049309
-0.049309
-0.049309
-0.049334
-0.049334
-0.049309
-0.049309
-0.049309
-0.049334
-0.049309
-0.049309
-0.049309
-0.049309
-0.049334
-0.049309
-0.049309
-0.049309
-0.049309
-0.049309
-0.049309
-0.049309
-0.049309
-0.049309
-0.049309
-0.049334
-0.049309
-0.049309
-0.049309
-0.049309
-0.049309
-0.049309
-0.049309
-0.049309
-0.049309
-0.049309
-0.049309
-0.049309
-0.049309
-0.049334
-0.049334
-0.049334
-0.049309
-0.049309
-0.049334
-0.049334
-0.049334
-0.049334
-0.049309
-0.049334
-0.049334
-0.049334
-0.049334
-0.049334
-0.049334
-0.049334
-0.049334
-0.049334
-0.049334
-0.049334
-0.049334
-0.049334
-0.049334
-0.049334
-0.049334
-0.049334
-0.049334
-0.049334
-0.049334
-0.049334
-0.049334
-0.049334
-0.049334
-0.049334
-0.049334
-0.049334
-0.049334
-0.049334
-0.049334
-0.049334
-0.049334
-0.049334
-0.049334
-0.049334
-0.049334
-0.049334
-0.049358
-0.049334
-0.049334
-0.049334
-0.049334
-0.049358
-0.049334
-0.049334
-0.049334
-0.049334
-0.049334
-0.049358
-0.049358
-0.049358
-0.049358
-0.049358
-0.049358
-0.049358
-0.049358
-0.049358
-0.049358
-0.049358
-0.049383
-0.049358
-0.049358
-0.049358
-0.049358
-0.049383
-0.049383
-0.049358
-0.049358
-0.049358
-0.049383
-0.049358
-0.049358
-0.049358
-0.049358
-0.049383
-0.049383
-0.049383
-0.049383
-0.049383
-0.049383
-0.049407
-0.049407
-0.049407
-0.049383
-0.049383
-0.049383
-0.049383
-0.049383
-0.049383
-0.049383
-0.049383
-0.049383
-0.049383
-0.049383
-0.049383
-0.049383
-0.049383
-0.049383
-0.049383
-0.049383
-0.049383
-0.049383
-0.049383
-0.049383
-0.049383
-0.049407
-0.049432
-0.049481
-0.049506
-0.049457
-0.049383
-0.049309
-0.04921
-0.049137
-0.049087
-0.049038
-0.049063
-0.049137
-0.049186
-0.049235
-0.049284
-0.049334
-0.049383
-0.049383
-0.049407
-0.049407
-0.049407
-0.049432
-0.049432
-0.049432
-0.049407
-0.049432
-0.049432
-0.049432
-0.049407
-0.049407
-0.049407
-0.049432
-0.049432
-0.049432
-0.049432
-0.049432
-0.049432
-0.049432
-0.049432
-0.049432
-0.049432
-0.049432
-0.049432
-0.049432
-0.049432
-0.049432
-0.049457
-0.049457
-0.049457
-0.049457
-0.049457
-0.049457
-0.049457
-0.049457
-0.049457
-0.049457
-0.049481
-0.049481
-0.049481
-0.049481
-0.049481
-0.049506
-0.049506
-0.04953
-0.04953
-0.04953
-0.04953
-0.04953
-0.049555
-0.049555
-0.049555
-0.049555
-0.049555
-0.049555
-0.049555
-0.049555
-0.049555
-0.049555
-0.049555
-0.049555
-0.04953
-0.04953
-0.04953
-0.04953
-0.04953
-0.049506
-0.049506
-0.049506
-0.049506
-0.049506
-0.049481
-0.049481
-0.049481
-0.049481
-0.049481
-0.049481
-0.049481
-0.049481
-0.049481
-0.049481
-0.049481
-0.049481
-0.049481
-0.049481
-0.049481
-0.049506
-0.049506
-0.049506
-0.049506
-0.049506
-0.049506
-0.049506
-0.049506
-0.049506
-0.049506
-0.049506
-0.049506
-0.049506
-0.049506
-0.049506
-0.049506
-0.04953
-0.049506
-0.049506
-0.04953
-0.04953
-0.04953
-0.04953
-0.04953
-0.04953
-0.04953
-0.04953
-0.04953
-0.04953
-0.04953
-0.04953
-0.04953
-0.04953
-0.04953
-0.04953
-0.049555
