2018
7
5
10
8
19.464
-0.026292
-0.026292
-0.026316
-0.026316
-0.026316
-0.026292
-0.026316
-0.026316
-0.026341
-0.026341
-0.026316
-0.026316
-0.026341
-0.026365
-0.026365
-0.026341
-0.026341
-0.026365
-0.026365
-0.026365
-0.026341
-0.026365
-0.026365
-0.02639
-0.02639
-0.026365
-0.026365
-0.02639
-0.026415
-0.02639
-0.02639
-0.02639
-0.02639
-0.026415
-0.02639
-0.026365
-0.02639
-0.02639
-0.026415
-0.026415
-0.026415
-0.026415
-0.02639
-0.02639
-0.026415
-0.026439
-0.026439
-0.026415
-0.026415
-0.026439
-0.026464
-0.026439
-0.026439
-0.026439
-0.026439
-0.026464
-0.026464
-0.026439
-0.026439
-0.026464
-0.026439
-0.026316
-0.026168
-0.02607
-0.025996
-0.025996
-0.026045
-0.026144
-0.026292
-0.02639
-0.026439
-0.026439
-0.026439
-0.026464
-0.026488
-0.026513
-0.026513
-0.026488
-0.026488
-0.026513
-0.026513
-0.026513
-0.026538
-0.026538
-0.026513
-0.026513
-0.026538
-0.026562
-0.026538
-0.026538
-0.026538
-0.026538
-0.026562
-0.026562
-0.026538
-0.026538
-0.026562
-0.026587
-0.026562
-0.026562
-0.026562
-0.026587
-0.026587
-0.026587
-0.026562
-0.026587
-0.026587
-0.026612
-0.026612
-0.026587
-0.026587
-0.026612
-0.026636
-0.026612
-0.026612
-0.026612
-0.026612
-0.026636
-0.026636
-0.026612
-0.026636
-0.026636
-0.026612
-0.026636
-0.026661
-0.026661
-0.026636
-0.026636
-0.026636
-0.026661
-0.026661
-0.026636
-0.026636
-0.026661
-0.026661
-0.026661
-0.026636
-0.026636
-0.026661
-0.026685
-0.026685
-0.026661
-0.026661
-0.026685
-0.026685
-0.026685
-0.026685
-0.026685
-0.02671
-0.02671
-0.02671
-0.02671
-0.02671
-0.02671
-0.026735
-0.026735
-0.026735
-0.026735
-0.026735
-0.026759
-0.026759
-0.026759
-0.026759
-0.026735
-0.026735
-0.026759
-0.026784
-0.026784
-0.026759
-0.026759
-0.026784
-0.026784
-0.026784
-0.026784
-0.026784
-0.026784
-0.026808
-0.026808
-0.026784
-0.026784
-0.026808
-0.026808
-0.026808
-0.026784
-0.026784
-0.026808
-0.026833
-0.026833
-0.026808
-0.026808
-0.026808
-0.026833
-0.026833
-0.026808
-0.026808
-0.026833
-0.026833
-0.026833
-0.026833
-0.026833
-0.026858
-0.026833
-0.026858
-0.026882
-0.026882
-0.026858
-0.026858
-0.026858
-0.026882
-0.026882
-0.026882
-0.026882
-0.026882
-0.026907
-0.026907
-0.026882
-0.026858
-0.026882
-0.026907
-0.026907
-0.026882
-0.026882
-0.026907
-0.026907
-0.026907
-0.026882
-0.026882
-0.026907
-0.026907
-0.026932
-0.026907
-0.026907
-0.026907
-0.026932
-0.026932
-0.026932
-0.026932
-0.026932
-0.026956
-0.026956
-0.026981
-0.026956
-0.026956
-0.026981
-0.026981
-0.026981
-0.026981
-0.026956
-0.026981
-0.027005
-0.027005
-0.026981
-0.026981
-0.027005
-0.027005
-0.02703
-0.027005
-0.027005
-0.027005
-0.02703
-0.02703
-0.02703
-0.027005
-0.02703
-0.02703
-0.027055
-0.02703
-0.02703
-0.02703
-0.027055
-0.027055
-0.027055
-0.02703
-0.027055
-0.027079
-0.027079
-0.027055
-0.027055
-0.027055
-0.027079
-0.027079
-0.027104
-0.027104
-0.027079
-0.027079
-0.027079
-0.027104
-0.027104
-0.027104
-0.027104
-0.027104
-0.027129
-0.027129
-0.027129
-0.027104
-0.027129
-0.027129
-0.027129
-0.027129
-0.027104
-0.027129
-0.027129
-0.027153
-0.027129
-0.027129
-0.027129
-0.027153
-0.027153
-0.027129
-0.027129
-0.027153
-0.027153
-0.027153
-0.027153
-0.027153
-0.027153
-0.027178
-0.027178
-0.027178
-0.027153
-0.027153
-0.027153
-0.027153
-0.027178
-0.027178
-0.027178
-0.027153
-0.027153
-0.027178
-0.027178
-0.027178
-0.027178
-0.027178
-0.027202
-0.027202
-0.027202
-0.027178
-0.027202
-0.027227
-0.027227
-0.027202
-0.027202
-0.027202
-0.027227
-0.027227
-0.027202
-0.027202
-0.027202
-0.027227
-0.027178
-0.027005
-0.026882
-0.026808
-0.026735
-0.026735
-0.026784
-0.026932
-0.027079
-0.027153
-0.027178
-0.027202
-0.027227
-0.027227
-0.027202
-0.027227
-0.027252
-0.027252
-0.027227
-0.027227
-0.027227
-0.027252
-0.027252
-0.027252
-0.027227
-0.027227
-0.027252
-0.027252
-0.027252
-0.027252
-0.027252
-0.027276
-0.027276
-0.027252
-0.027252
-0.027252
-0.027276
-0.027276
-0.027252
-0.027252
-0.027252
-0.027276
-0.027276
-0.027276
-0.027252
-0.027252
-0.027276
-0.027276
-0.027276
-0.027252
-0.027252
-0.027276
-0.027301
-0.027325
-0.027301
-0.027301
-0.027301
-0.027301
-0.027325
-0.027301
-0.027301
-0.027301
-0.027301
-0.027325
-0.027301
-0.027276
-0.027276
-0.027301
-0.027301
-0.027301
-0.027276
-0.027276
-0.027301
-0.027301
-0.027276
-0.027276
-0.027276
-0.027301
-0.027301
-0.027276
-0.027276
-0.027276
-0.027301
-0.027301
-0.027301
-0.027301
-0.027301
-0.027325
-0.02735
-0.027325
-0.027325
-0.02735
-0.027325
-0.027325
-0.02735
-0.02735
-0.02735
-0.027325
-0.02735
-0.027375
-0.027375
-0.027375
-0.02735
-0.02735
-0.027375
-0.027375
-0.027375
-0.02735
-0.027375
-0.027375
-0.027399
-0.027399
-0.027375
-0.027375
-0.027399
-0.027399
-0.027399
-0.027399
-0.027399
-0.027399
-0.027424
-0.027399
-0.027399
-0.027399
-0.027424
-0.027424
-0.027424
-0.027399
-0.027399
-0.027424
-0.027424
-0.027424
-0.027449
-0.027424
-0.027424
-0.027424
-0.027449
-0.027449
-0.027449
-0.027424
-0.027424
-0.027449
-0.027449
-0.027449
-0.027449
-0.027449
-0.027449
-0.027473
-0.027473
-0.027449
-0.027473
-0.027473
-0.027498
-0.027473
-0.027473
-0.027473
-0.027498
-0.027498
-0.027498
-0.027498
-0.027498
-0.027498
-0.027522
-0.027522
-0.027498
-0.027522
-0.027522
-0.027547
-0.027547
-0.027522
-0.027547
-0.027572
-0.027572
-0.027596
-0.027596
-0.027596
-0.027596
-0.027596
-0.027621
-0.027621
-0.027621
-0.027596
-0.027621
-0.027621
-0.027645
-0.027621
-0.027621
-0.027621
-0.027645
-0.027645
-0.027645
-0.027645
-0.027621
-0.027645
-0.027645
-0.027645
-0.027621
-0.027621
-0.027645
-0.02767
-0.027645
-0.027645
-0.027645
-0.027645
-0.02767
-0.02767
-0.027645
-0.027645
-0.02767
-0.02767
-0.02767
-0.027695
-0.027695
-0.02767
-0.02767
-0.027695
-0.027719
-0.027695
-0.027695
-0.027695
-0.027719
-0.027719
-0.027719
-0.027695
-0.027695
-0.027719
-0.027719
-0.027719
-0.027719
-0.027719
-0.027719
-0.027744
-0.027744
-0.027719
-0.027719
-0.027744
-0.027769
-0.027744
-0.027744
-0.027744
-0.027744
-0.027769
-0.027769
-0.027744
-0.027744
-0.027769
-0.027793
-0.027769
-0.027769
-0.027769
-0.027793
-0.027769
-0.027793
-0.027818
-0.027793
-0.027793
-0.027793
-0.027793
-0.027793
-0.027793
-0.027769
-0.027769
-0.027793
-0.027793
-0.027793
-0.027769
-0.027769
-0.027793
-0.027793
-0.027793
-0.027793
-0.027793
-0.027793
-0.027818
-0.027818
-0.027818
-0.027818
-0.027818
-0.027842
-0.027842
-0.027818
-0.027818
-0.027842
-0.027842
-0.027842
-0.027818
-0.027842
-0.027818
-0.027719
-0.027572
-0.027473
-0.027498
-0.027645
-0.027744
-0.027793
-0.027818
-0.027818
-0.027818
-0.027842
-0.027867
-0.027867
-0.027867
-0.027867
-0.027867
-0.027867
-0.027892
-0.027892
-0.027867
-0.027867
-0.027892
-0.027892
-0.027892
-0.027892
-0.027892
-0.027892
-0.027916
-0.027916
-0.027916
-0.027892
-0.027916
-0.027916
-0.027916
-0.027916
-0.027892
-0.027916
-0.027916
-0.027916
-0.027916
-0.027916
-0.027916
-0.027941
-0.027941
-0.027965
-0.027941
-0.027941
-0.027941
-0.027941
-0.027965
-0.027965
-0.027941
-0.027941
-0.027941
-0.027965
-0.027965
-0.027965
-0.027941
-0.027965
-0.027965
-0.027965
-0.027965
-0.027941
-0.027965
-0.02799
-0.027965
-0.027965
-0.027965
-0.027965
-0.02799
-0.02799
-0.02799
-0.027965
-0.02799
-0.028015
-0.028015
-0.02799
-0.02799
-0.02799
-0.028015
-0.028015
-0.028015
-0.028015
-0.028039
-0.028015
-0.028039
-0.028039
-0.028064
-0.028039
-0.028039
-0.028064
-0.028089
-0.028138
-0.028261
-0.02831
-0.028359
-0.028409
-0.028433
-0.028458
-0.028482
-0.028532
-0.028556
-0.028581
-0.028606
-0.028606
-0.02863
-0.028655
-0.028679
-0.028679
-0.028679
-0.028679
-0.028704
-0.028704
-0.028679
-0.028679
-0.028679
-0.028704
-0.028704
-0.028679
-0.028655
-0.028655
-0.028679
-0.028679
-0.028704
-0.028704
-0.028704
-0.028704
-0.028704
-0.028729
-0.028729
-0.028729
-0.028729
-0.028729
-0.028753
-0.028753
-0.028729
-0.028729
-0.028729
-0.028729
-0.028729
-0.028729
-0.028704
-0.028729
-0.028729
-0.028729
-0.028729
-0.028729
-0.028729
-0.028753
-0.028753
-0.028753
-0.028729
-0.028753
-0.028753
-0.028753
-0.028753
-0.028753
-0.028753
-0.028753
-0.028753
-0.028729
-0.028729
-0.028729
-0.028704
-0.028704
-0.028729
-0.028729
-0.028704
-0.028704
-0.028704
-0.028729
-0.028729
-0.028729
-0.028729
-0.028729
-0.028753
-0.028778
-0.028778
-0.028802
-0.028802
-0.028827
-0.028852
-0.028852
-0.028852
-0.028876
-0.028876
-0.028901
-0.028901
-0.028901
-0.028901
-0.028926
-0.02895
-0.02895
-0.02895
-0.028975
-0.028975
-0.028999
-0.028999
-0.028999
-0.029024
-0.029024
-0.029049
-0.029049
-0.029073
-0.029049
-0.029073
-0.029073
-0.029073
-0.029073
-0.029073
-0.029073
-0.029098
-0.029098
-0.029098
-0.029098
-0.029098
-0.029123
-0.029123
-0.029123
-0.029123
-0.029147
-0.029147
-0.029172
-0.029172
-0.029147
-0.029172
-0.029172
-0.029196
-0.029172
-0.029172
-0.029172
-0.029196
-0.029196
-0.029196
-0.029196
-0.029196
-0.029221
-0.029221
-0.029221
-0.029221
-0.029221
-0.029246
-0.029246
-0.029246
-0.02927
-0.02927
-0.02927
-0.02927
-0.02927
-0.029295
-0.02927
-0.02927
-0.02927
-0.02927
-0.02927
-0.029246
-0.029246
-0.029221
-0.029221
-0.029221
-0.029221
-0.029221
-0.029221
-0.029221
-0.029246
-0.029246
-0.029246
-0.02927
-0.029295
-0.029319
-0.029319
-0.029344
-0.029369
-0.029393
-0.029418
-0.029418
-0.029418
-0.029418
-0.029418
-0.029443
-0.029443
-0.029418
-0.029418
-0.029418
-0.029418
-0.029319
-0.029196
-0.029073
-0.028975
-0.028926
-0.02895
-0.029049
-0.029196
-0.029295
-0.029344
-0.029369
-0.029393
-0.029418
-0.029418
-0.029418
-0.029443
-0.029443
-0.029443
-0.029443
-0.029443
-0.029443
-0.029443
-0.029443
-0.029418
-0.029418
-0.029443
-0.029443
-0.029443
-0.029443
-0.029418
-0.029443
-0.029443
-0.029443
-0.029443
-0.029443
-0.029443
-0.029467
-0.029467
-0.029516
-0.029516
-0.029516
-0.029516
-0.029541
-0.029541
-0.029541
-0.029541
-0.029541
-0.029541
-0.029566
-0.029541
-0.029541
-0.029541
-0.029541
-0.029541
-0.029541
-0.029516
-0.029516
-0.029516
-0.029516
-0.029516
-0.029516
-0.029492
-0.029516
-0.029516
-0.029516
-0.029492
-0.029492
-0.029492
-0.029516
-0.029516
-0.029492
-0.029492
-0.029516
-0.029516
-0.029516
-0.029516
-0.029541
-0.029541
-0.029541
-0.029566
-0.029566
-0.029566
-0.029566
-0.029566
-0.02959
-0.02959
-0.02959
-0.02959
-0.029615
-0.029615
-0.029615
-0.029615
-0.029615
-0.029639
-0.029639
-0.029639
-0.029639
-0.029639
-0.029639
-0.029639
-0.029639
-0.029639
-0.029615
-0.029639
-0.029639
-0.029639
-0.029639
-0.029639
-0.029664
-0.029689
-0.029689
-0.029689
-0.029713
-0.029713
-0.029738
-0.029738
-0.029738
-0.029738
-0.029738
-0.029713
-0.029738
-0.029738
-0.029738
-0.029713
-0.029713
-0.029713
-0.029713
-0.029713
-0.029713
-0.029713
-0.029738
-0.029738
-0.029738
-0.029738
-0.029738
-0.029738
-0.029738
-0.029738
-0.029738
-0.029738
-0.029738
-0.029738
-0.029738
-0.029738
-0.029713
-0.029713
-0.029738
-0.029713
-0.029713
-0.029713
-0.029713
-0.029713
-0.029713
-0.029713
-0.029713
-0.029738
-0.029738
-0.029763
-0.029787
-0.029787
-0.029812
-0.029812
-0.029812
-0.029812
-0.029812
-0.029787
-0.029787
-0.029787
-0.029787
-0.029763
-0.029738
-0.029738
-0.029763
-0.029738
-0.029738
-0.029713
-0.029713
-0.029738
-0.029713
-0.029639
-0.029541
-0.029467
-0.029443
-0.029393
-0.029344
-0.029319
-0.029295
-0.029295
-0.029246
-0.029196
-0.029123
-0.029073
-0.028999
-0.02895
-0.028901
-0.028852
-0.028852
-0.028827
-0.028704
-0.028704
-0.028679
-0.028655
-0.028655
-0.028655
-0.028655
-0.02863
-0.028606
-0.028581
-0.028556
-0.028556
-0.028532
-0.028507
-0.028507
-0.028507
-0.028507
-0.028482
-0.028458
-0.028433
-0.028433
-0.028433
-0.028409
-0.028384
-0.028384
-0.028384
-0.028384
-0.028359
-0.028335
-0.028335
-0.028335
-0.028335
-0.028335
-0.028335
-0.028335
-0.028359
-0.028359
-0.028359
-0.028359
-0.028359
-0.028384
-0.028384
-0.028409
-0.028409
-0.028409
-0.028384
-0.028359
-0.028359
-0.028359
-0.028359
-0.028335
-0.028335
-0.028335
-0.02831
-0.028286
-0.028261
-0.028236
-0.028261
-0.028261
-0.028261
-0.028236
-0.028236
-0.028236
-0.028236
-0.028236
-0.028236
-0.028212
-0.028236
-0.028236
-0.028236
-0.028236
-0.028236
-0.028236
-0.028261
-0.028261
-0.028261
-0.028261
-0.028261
-0.028261
-0.028261
-0.028261
-0.028261
-0.028236
-0.028236
-0.028236
-0.028236
-0.028212
-0.028187
-0.028138
-0.028113
-0.028113
-0.028089
-0.028064
-0.028064
-0.028064
-0.028064
-0.028064
-0.028064
-0.028064
-0.028064
-0.028089
-0.028089
-0.028089
-0.028089
-0.028113
-0.028113
-0.028138
-0.028138
-0.028138
-0.028162
-0.028187
-0.028187
-0.028187
-0.028187
-0.028162
-0.028089
-0.027941
-0.027793
-0.027695
-0.027645
-0.027941
-0.027965
-0.027965
-0.027965
-0.027941
-0.027941
-0.027941
-0.027941
-0.027941
-0.027916
-0.027892
-0.027892
-0.027892
-0.027892
-0.027867
-0.027867
-0.027867
-0.027892
-0.027892
-0.027892
-0.027867
-0.027892
-0.027892
-0.027916
-0.027892
-0.027892
-0.027892
-0.027916
-0.027916
-0.027892
-0.027892
-0.027892
-0.027916
-0.027916
-0.027916
-0.027916
-0.027916
-0.027941
-0.027941
-0.027941
-0.027941
-0.027916
-0.027892
-0.027892
-0.027892
-0.027892
-0.027867
-0.027867
-0.027867
-0.027867
-0.027892
-0.027867
-0.027867
-0.027867
-0.027892
-0.027892
-0.027892
-0.027892
-0.027892
-0.027916
-0.027916
-0.027892
-0.027892
-0.027916
-0.027916
-0.027916
-0.027916
-0.027916
-0.027916
-0.027941
-0.027941
-0.027916
-0.027916
-0.027916
-0.027941
-0.027941
-0.027941
-0.027916
-0.027941
-0.027941
-0.027941
-0.027965
-0.027965
-0.027965
-0.027941
-0.027965
-0.027965
-0.027965
-0.027965
-0.027965
-0.027965
-0.02799
-0.02799
-0.02799
-0.02799
-0.02799
-0.028015
-0.028039
-0.028015
-0.028015
-0.028039
-0.028064
-0.028064
-0.028064
-0.028064
-0.028089
-0.028113
-0.028113
-0.028113
-0.028113
-0.028138
-0.028138
-0.028162
-0.028138
-0.028138
-0.028138
-0.028162
-0.028162
-0.028138
-0.028138
-0.028162
-0.028138
-0.028138
-0.028162
-0.028162
-0.028162
-0.028162
-0.028162
-0.028187
-0.028187
-0.028187
-0.028162
-0.028162
-0.028187
-0.028187
-0.028162
-0.028162
-0.028162
-0.028187
-0.028187
-0.028162
-0.028162
-0.028162
-0.028187
-0.028187
-0.028187
-0.028187
-0.028187
-0.028187
-0.028187
-0.028187
-0.028162
-0.028162
-0.028187
-0.028162
-0.028162
-0.028138
-0.028138
-0.028138
-0.028138
-0.028113
-0.028138
-0.028113
-0.028113
-0.028113
-0.028113
-0.028138
-0.028138
-0.028113
-0.028113
-0.028138
-0.028138
-0.028138
-0.028138
-0.028138
-0.028162
-0.028162
-0.028138
-0.028138
-0.028138
-0.028138
-0.028138
-0.028138
-0.028113
-0.028113
-0.028138
-0.028138
-0.028138
-0.028138
-0.028138
-0.028162
-0.028162
-0.028162
-0.028162
-0.028162
-0.028187
-0.028187
-0.028187
-0.028187
-0.028212
-0.028236
-0.028236
-0.028261
-0.028261
-0.028261
-0.028236
-0.028261
-0.028261
-0.028261
-0.028261
-0.028236
-0.028236
-0.028261
-0.028261
-0.028236
-0.028212
-0.028212
-0.028212
-0.028236
-0.028212
-0.028212
-0.028212
-0.028212
-0.028236
-0.028212
-0.028212
-0.028212
-0.028236
-0.028236
-0.028236
-0.028212
-0.028212
-0.028236
-0.028236
-0.028236
-0.028236
-0.028236
-0.028261
-0.028261
-0.028261
-0.028286
-0.028286
-0.028286
-0.02831
-0.02831
-0.02831
-0.02831
-0.02831
-0.02831
-0.028335
-0.02831
-0.02831
-0.02831
-0.02831
-0.028335
-0.028335
-0.02831
-0.02831
-0.02831
-0.02831
-0.02831
-0.028286
-0.028286
-0.028286
-0.028286
-0.028286
-0.028261
-0.028261
-0.028261
-0.028261
-0.028261
-0.028236
-0.028236
-0.028261
-0.028261
-0.028261
-0.028236
-0.028236
-0.028261
-0.028261
-0.028261
-0.028261
-0.028261
-0.028236
-0.028236
-0.028261
-0.028286
-0.028212
-0.028039
-0.027916
-0.027842
-0.027793
-0.027769
-0.027818
-0.027965
-0.028113
-0.028187
-0.028187
-0.028187
-0.028212
-0.028236
-0.028236
-0.028236
-0.028212
-0.028212
-0.028212
-0.028212
-0.028212
-0.028187
-0.028187
-0.028187
-0.028187
-0.028187
-0.028162
-0.028162
-0.028187
-0.028187
-0.028187
-0.028187
-0.028187
-0.028162
-0.028162
-0.028187
-0.028187
-0.028187
-0.028162
-0.028162
-0.028162
-0.028187
-0.028187
-0.028162
-0.028162
-0.028187
-0.028187
-0.028187
-0.028187
-0.028187
-0.028187
-0.028212
-0.028212
-0.028187
-0.028187
-0.028212
-0.028212
-0.028212
-0.028187
-0.028187
-0.028187
-0.028187
-0.028187
-0.028187
-0.028162
-0.028187
-0.028187
-0.028162
-0.028162
-0.028138
-0.028162
-0.028162
-0.028162
-0.028138
-0.028138
-0.028113
-0.028113
-0.028113
-0.028138
-0.028138
-0.028113
-0.028113
-0.028113
-0.028113
-0.028064
-0.027965
-0.027892
-0.027842
-0.027793
-0.027719
-0.027645
-0.027547
-0.027473
-0.027399
-0.027325
-0.027227
-0.027153
-0.027104
-0.02703
-0.026956
-0.026882
-0.026808
-0.026759
-0.02671
-0.026636
-0.026562
-0.026513
-0.026439
-0.02639
-0.026341
-0.026267
-0.026218
-0.026193
-0.026045
-0.026021
-0.026095
-0.026464
-0.027005
-0.027719
-0.028482
-0.029221
-0.029861
-0.030353
-0.030772
-0.031264
-0.031806
-0.032421
-0.033037
-0.033652
-0.034194
-0.034711
-0.035277
-0.035942
-0.036582
-0.037148
-0.037739
-0.038354
-0.03897
-0.039634
-0.040348
-0.041062
-0.041801
-0.042761
-0.044287
-0.04601
-0.047758
-0.049407
-0.051081
-0.052731
-0.054282
-0.055833
-0.057334
-0.058737
-0.063316
-0.064202
-0.06499
-0.065729
-0.066369
-0.06696
-0.067452
-0.06792
-0.068338
-0.068683
-0.069003
-0.069224
-0.069421
-0.069618
-0.069766
-0.069889
-0.069963
-0.070012
-0.070012
-0.070012
-0.069963
-0.069865
-0.069791
-0.069741
-0.069766
-0.06984
-0.069963
-0.07016
-0.070406
-0.070702
-0.071022
-0.071317
-0.071637
-0.071932
-0.072252
-0.072548
-0.072819
-0.073089
-0.073385
-0.073705
-0.074936
-0.07528
-0.075576
-0.075847
-0.076117
-0.076388
-0.076659
-0.076881
-0.077053
-0.077225
-0.077397
-0.07757
-0.077693
-0.077791
-0.07789
-0.077988
-0.078062
-0.078111
-0.078161
-0.078185
-0.078234
-0.078308
-0.078382
-0.078431
-0.078505
-0.078579
-0.078653
-0.078727
-0.078776
-0.07885
-0.078924
-0.079022
-0.079121
-0.079219
-0.079318
-0.079465
-0.079613
-0.079736
-0.079859
-0.079982
-0.080475
-0.080524
-0.080573
-0.080622
-0.080622
-0.080622
-0.080622
-0.080647
-0.080672
-0.080672
-0.080647
-0.080622
-0.080549
-0.080475
-0.080352
-0.080204
-0.080032
-0.079884
-0.079712
-0.079515
-0.079293
-0.079121
-0.078948
-0.078801
-0.078678
-0.07853
-0.078382
-0.078259
-0.078185
-0.078136
-0.078087
-0.078062
-0.078087
-0.078111
-0.078161
-0.078185
-0.078234
-0.078284
-0.078358
-0.078431
-0.078702
-0.078801
-0.07885
-0.078899
-0.078973
-0.079071
-0.079145
-0.079121
-0.079047
-0.078973
-0.078948
-0.078924
-0.078948
-0.079071
-0.079244
-0.079441
-0.079564
-0.079638
-0.079687
-0.079761
-0.079835
-0.079908
-0.079958
-0.080032
-0.080105
-0.080179
-0.080253
-0.080302
-0.080327
-0.080376
-0.080425
-0.08045
-0.08045
-0.080475
-0.080499
-0.080549
-0.080573
-0.080598
-0.080622
-0.080647
-0.080721
-0.080721
-0.080745
-0.080745
-0.080721
-0.080721
-0.080721
-0.080721
-0.080721
-0.080672
-0.080647
-0.080598
-0.080573
-0.080524
-0.080425
-0.080352
-0.080253
-0.080204
-0.080105
-0.080007
-0.079859
-0.079761
-0.079638
-0.079539
-0.079391
-0.079244
-0.079071
-0.078924
-0.078751
-0.07853
-0.078308
-0.078062
-0.077791
-0.077471
-0.077151
-0.076831
-0.076511
-0.07624
-0.07597
-0.075699
-0.074616
-0.074296
-0.073951
-0.073606
-0.073286
-0.072966
-0.072646
-0.072326
-0.07208
-0.071834
-0.071612
-0.071391
-0.071194
-0.070997
-0.070849
-0.070677
-0.070505
-0.070357
-0.070209
-0.070061
-0.069938
-0.069791
-0.069643
-0.069544
-0.069446
-0.069348
-0.069249
-0.069151
-0.069101
-0.069052
-0.069003
-0.068954
-0.068904
-0.06888
-0.068855
-0.068806
-0.068732
-0.068683
-0.068634
-0.068584
-0.068289
-0.06824
-0.068166
-0.068092
-0.068018
-0.067944
-0.06787
-0.067797
-0.067698
-0.0676
-0.067501
-0.067427
-0.067329
-0.06723
-0.067132
-0.067009
-0.066935
-0.066812
-0.066689
-0.066541
-0.066393
-0.06627
-0.066147
-0.066049
-0.06595
-0.065852
-0.065753
-0.065655
-0.065556
-0.065433
-0.065335
-0.065261
-0.065163
-0.065064
-0.064966
-0.064867
-0.064793
-0.064719
-0.064621
-0.064498
-0.064178
-0.064079
-0.063981
-0.063907
-0.063809
-0.06371
-0.063612
-0.063513
-0.063439
-0.063365
-0.063267
-0.063144
-0.063045
-0.062972
-0.062873
-0.062775
-0.062627
-0.062528
-0.062405
-0.062307
-0.062159
-0.062012
-0.061888
-0.061765
-0.061667
-0.061519
-0.061371
-0.061224
-0.061076
-0.060928
-0.060756
-0.060608
-0.060436
-0.060288
-0.060141
-0.059993
-0.059821
-0.059648
-0.059525
-0.059377
-0.058737
-0.058614
-0.058442
-0.058294
-0.058147
-0.057999
-0.057876
-0.057728
-0.05758
-0.057433
-0.057334
-0.057211
-0.057063
-0.056916
-0.056793
-0.056694
-0.056571
-0.056448
-0.056325
-0.056202
-0.056103
-0.056005
-0.055882
-0.055759
-0.055636
-0.055537
-0.055439
-0.05534
-0.055217
-0.055094
-0.05502
-0.054922
-0.054799
-0.0547
-0.054577
-0.054503
-0.054405
-0.054306
-0.054208
-0.054109
-0.05374
-0.053642
-0.053543
-0.053469
-0.053371
-0.053272
-0.053174
-0.0531
-0.053026
-0.052928
-0.052829
-0.052731
-0.052657
-0.052583
-0.052509
-0.052411
-0.052312
-0.052263
-0.052189
-0.052091
-0.052017
-0.051918
-0.051869
-0.051795
-0.051721
-0.051623
-0.051549
-0.051475
-0.051401
-0.051328
-0.051229
-0.051155
-0.051106
-0.051032
-0.050958
-0.05086
-0.050786
-0.050737
-0.050687
-0.050614
-0.050367
-0.050294
-0.05022
-0.050146
-0.050097
-0.050047
-0.049974
-0.0499
-0.049826
-0.049777
-0.049727
-0.049654
-0.04958
-0.04953
-0.049457
-0.049334
-0.049137
-0.04894
-0.048767
-0.048644
-0.04862
-0.04862
-0.048718
-0.048767
-0.048792
-0.048743
-0.048718
-0.048644
-0.048595
-0.04857
-0.048521
-0.048472
-0.048398
-0.048324
-0.048275
-0.048226
-0.048176
-0.048103
-0.048029
-0.04798
-0.047709
-0.04766
-0.04761
-0.047536
-0.047487
-0.047438
-0.047389
-0.047339
-0.047266
-0.047216
-0.047167
-0.047118
-0.047069
-0.047019
-0.04697
-0.046921
-0.046896
-0.046847
-0.046798
-0.046749
-0.046699
-0.046675
-0.046626
-0.046576
-0.046527
-0.046502
-0.046453
-0.046404
-0.046355
-0.046306
-0.046281
-0.046232
-0.046182
-0.046133
-0.046084
-0.046059
-0.04601
-0.045961
-0.045912
-0.045862
-0.045715
-0.045665
-0.045641
-0.045616
-0.045567
-0.045518
-0.045493
-0.045469
-0.045444
-0.045395
-0.045345
-0.045321
-0.045296
-0.045272
-0.045222
-0.045173
-0.045149
-0.045124
-0.045099
-0.045075
-0.045025
-0.045001
-0.044976
-0.044952
-0.044902
-0.044853
-0.044828
-0.044804
-0.044779
-0.04473
-0.044681
-0.044656
-0.044632
-0.044607
-0.044558
-0.044508
-0.044484
-0.044459
-0.044435
-0.04441
-0.044287
-0.044238
-0.044213
-0.044164
-0.044139
-0.044115
-0.04409
-0.044041
-0.044016
-0.043992
-0.043967
-0.043942
-0.043893
-0.043868
-0.043844
-0.043819
-0.043795
-0.043745
-0.043696
-0.043671
-0.043671
-0.043647
-0.043598
-0.043548
-0.043548
-0.043524
-0.043499
-0.04345
-0.043425
-0.043401
-0.043376
-0.043351
-0.043327
-0.043278
-0.043253
-0.043228
-0.043204
-0.043179
-0.04313
-0.043105
-0.042982
-0.042982
-0.042958
-0.042933
-0.042908
-0.042859
-0.042834
-0.042834
-0.04281
-0.042761
-0.042736
-0.042711
-0.042687
-0.042662
-0.042638
-0.042588
-0.042564
-0.042564
-0.042539
-0.04249
-0.042465
-0.042441
-0.042441
-0.042416
-0.042367
-0.042318
-0.042318
-0.042293
-0.042268
-0.042244
-0.042194
-0.042194
-0.04217
-0.042145
-0.042121
-0.042096
-0.042071
-0.042071
-0.042047
-0.041997
-0.041924
-0.041899
-0.04185
-0.04185
-0.041825
-0.041801
-0.041776
-0.041751
-0.041727
-0.041702
-0.041702
-0.041653
-0.041628
-0.041604
-0.041579
-0.041554
-0.04153
-0.041505
-0.041481
-0.041481
-0.041456
-0.041407
-0.041382
-0.041357
-0.041357
-0.041333
-0.041308
-0.041259
-0.041234
-0.041234
-0.04121
-0.041185
-0.04116
-0.041136
-0.041111
-0.041111
-0.041062
-0.041037
-0.041013
-0.041013
-0.040914
-0.04089
-0.04089
-0.040865
-0.040816
-0.040816
-0.040791
-0.040767
-0.040742
-0.040717
-0.040693
-0.040693
-0.040668
-0.040644
-0.040619
-0.040619
-0.040594
-0.040594
-0.040545
-0.04052
-0.04052
-0.040496
-0.040496
-0.040471
-0.040422
-0.040422
-0.040397
-0.040397
-0.040373
-0.040348
-0.040323
-0.040299
-0.040299
-0.04025
-0.040225
-0.0402
-0.0402
-0.0402
-0.040176
-0.040151
-0.040102
-0.040077
-0.040053
-0.040053
-0.040053
-0.040028
-0.040003
-0.040003
-0.040003
-0.039979
-0.039954
-0.03993
-0.03993
-0.03993
-0.039905
-0.03988
-0.039856
-0.039831
-0.039856
-0.039831
-0.039683
-0.039511
-0.039388
-0.039314
-0.03924
-0.03924
-0.039314
-0.039462
-0.03956
-0.039585
-0.039585
-0.03956
-0.03956
-0.03956
-0.03956
-0.039536
-0.039511
-0.039511
-0.039486
-0.039486
-0.039388
-0.039388
-0.039339
-0.039339
-0.039339
-0.039314
-0.03929
-0.039265
-0.039265
-0.03924
-0.03924
-0.039216
-0.039191
-0.039166
-0.039166
-0.039166
-0.039142
-0.039117
-0.039093
-0.039093
-0.039093
-0.039068
-0.039043
-0.039019
-0.039019
-0.039019
-0.038994
-0.03897
-0.03897
-0.03897
-0.03897
-0.038945
-0.03892
-0.038896
-0.038896
-0.038871
-0.038871
-0.038846
-0.038822
-0.038822
-0.038748
-0.038748
-0.038723
-0.038699
-0.038674
-0.038674
-0.03865
-0.03865
-0.038625
-0.0386
-0.0386
-0.0386
-0.0386
-0.038576
-0.038551
-0.038526
-0.038526
-0.038526
-0.038526
-0.038502
-0.038502
-0.038502
-0.038502
-0.038477
-0.038453
-0.038453
-0.038453
-0.038453
-0.038428
-0.038403
-0.038403
-0.038403
-0.038403
-0.038379
-0.038379
-0.038354
-0.038354
-0.038354
-0.038354
-0.038329
-0.038305
-0.03828
-0.03828
-0.03828
-0.03828
-0.038256
-0.038231
-0.038231
-0.038231
-0.038231
-0.038231
-0.038206
-0.038182
-0.038182
-0.038182
-0.038182
-0.038157
-0.038133
-0.038133
-0.038133
-0.038133
-0.038108
-0.038083
-0.038083
-0.038083
-0.038083
-0.038059
-0.038034
-0.038034
-0.038059
-0.038034
-0.038009
-0.038009
-0.038009
-0.038009
-0.037985
-0.03796
-0.03796
-0.03796
-0.03796
