2018
7
5
10
10
28.328
-0.034243
-0.034243
-0.034243
-0.034292
-0.034292
-0.034292
-0.034268
-0.034292
-0.034317
-0.034341
-0.034317
-0.034317
-0.034341
-0.034366
-0.034366
-0.034366
-0.034341
-0.034366
-0.034415
-0.034415
-0.034415
-0.034391
-0.034415
-0.03444
-0.034465
-0.03444
-0.03444
-0.034465
-0.034489
-0.034514
-0.034489
-0.034489
-0.034514
-0.034563
-0.034588
-0.034563
-0.034588
-0.034612
-0.034637
-0.034661
-0.034711
-0.034711
-0.034711
-0.034735
-0.034785
-0.034785
-0.034785
-0.03476
-0.03476
-0.034785
-0.03476
-0.03476
-0.03476
-0.034785
-0.034858
-0.034932
-0.034981
-0.035006
-0.035006
-0.035031
-0.035031
-0.035006
-0.034981
-0.035006
-0.035031
-0.035031
-0.035031
-0.035031
-0.035031
-0.03508
-0.03508
-0.03508
-0.03508
-0.035105
-0.035129
-0.035154
-0.035154
-0.035154
-0.035178
-0.035203
-0.035228
-0.035252
-0.035252
-0.035252
-0.035228
-0.035252
-0.035277
-0.035302
-0.035302
-0.035277
-0.035302
-0.035351
-0.035351
-0.035351
-0.035351
-0.035375
-0.0354
-0.0354
-0.0354
-0.0354
-0.0354
-0.035425
-0.035449
-0.035425
-0.035425
-0.035425
-0.035449
-0.035474
-0.035449
-0.035449
-0.035449
-0.035498
-0.035498
-0.035498
-0.035498
-0.035498
-0.035523
-0.035548
-0.035548
-0.035523
-0.035572
-0.035572
-0.035597
-0.035622
-0.035646
-0.035622
-0.035622
-0.035622
-0.035671
-0.035695
-0.035695
-0.035671
-0.035695
-0.03572
-0.035745
-0.035745
-0.035745
-0.035769
-0.035794
-0.035818
-0.035818
-0.035818
-0.035843
-0.035868
-0.035892
-0.035892
-0.035892
-0.035917
-0.035942
-0.035966
-0.035966
-0.035966
-0.035966
-0.035991
-0.036015
-0.036015
-0.036015
-0.036015
-0.036065
-0.036065
-0.036089
-0.036114
-0.036089
-0.036089
-0.036114
-0.036139
-0.036163
-0.036139
-0.036139
-0.036139
-0.036188
-0.036188
-0.036188
-0.036163
-0.036188
-0.036212
-0.036237
-0.036212
-0.036212
-0.036237
-0.036262
-0.036286
-0.036286
-0.036262
-0.036286
-0.036311
-0.036335
-0.036335
-0.036311
-0.036311
-0.03636
-0.036385
-0.03636
-0.036335
-0.03636
-0.036385
-0.036409
-0.036385
-0.036385
-0.036385
-0.036434
-0.036434
-0.036483
-0.036483
-0.036483
-0.036483
-0.036483
-0.036508
-0.036532
-0.036532
-0.036508
-0.036532
-0.036557
-0.036557
-0.036557
-0.036532
-0.036557
-0.036582
-0.036606
-0.036606
-0.036582
-0.036606
-0.036631
-0.036655
-0.036631
-0.036631
-0.036631
-0.03668
-0.036705
-0.03668
-0.03668
-0.03668
-0.036729
-0.036754
-0.036754
-0.036729
-0.036754
-0.036779
-0.036803
-0.036779
-0.036852
-0.036852
-0.036828
-0.036852
-0.036877
-0.036902
-0.036877
-0.036877
-0.036877
-0.036902
-0.036926
-0.036926
-0.036926
-0.036926
-0.036951
-0.036976
-0.036976
-0.036951
-0.036951
-0.037
-0.037
-0.037
-0.037
-0.037
-0.037025
-0.037049
-0.037049
-0.037025
-0.037025
-0.037074
-0.037074
-0.037074
-0.037074
-0.037074
-0.037099
-0.037123
-0.037123
-0.037099
-0.037123
-0.037148
-0.037148
-0.037172
-0.037197
-0.037197
-0.037172
-0.037172
-0.037222
-0.037246
-0.037222
-0.037222
-0.037222
-0.037246
-0.037271
-0.037271
-0.037246
-0.037271
-0.037296
-0.03732
-0.037296
-0.037296
-0.037296
-0.03732
-0.037345
-0.03732
-0.03732
-0.03732
-0.037345
-0.037369
-0.037369
-0.037345
-0.037345
-0.037394
-0.037419
-0.037394
-0.037394
-0.037394
-0.037419
-0.037443
-0.037443
-0.037419
-0.037443
-0.037468
-0.037492
-0.037517
-0.037517
-0.037492
-0.037492
-0.037517
-0.037542
-0.037542
-0.037517
-0.037517
-0.037542
-0.037566
-0.037566
-0.037542
-0.037542
-0.037566
-0.037591
-0.037591
-0.037591
-0.037591
-0.037616
-0.03764
-0.03764
-0.037616
-0.03764
-0.037665
-0.037689
-0.037689
-0.037665
-0.037665
-0.037689
-0.037714
-0.037714
-0.037689
-0.037689
-0.037689
-0.037714
-0.037665
-0.037689
-0.037714
-0.037739
-0.037813
-0.037862
-0.037862
-0.037837
-0.037813
-0.037813
-0.037813
-0.037837
-0.037837
-0.037813
-0.037813
-0.037837
-0.037862
-0.037862
-0.037837
-0.037837
-0.037862
-0.037886
-0.037886
-0.037862
-0.037862
-0.037911
-0.037936
-0.037936
-0.037911
-0.037911
-0.037936
-0.03796
-0.03796
-0.037936
-0.037936
-0.03796
-0.037985
-0.037985
-0.037985
-0.037985
-0.038009
-0.038009
-0.038034
-0.038059
-0.038059
-0.038034
-0.038034
-0.038059
-0.038083
-0.038083
-0.038083
-0.038083
-0.038108
-0.038133
-0.038108
-0.038108
-0.038083
-0.038108
-0.038133
-0.038133
-0.038108
-0.038108
-0.038133
-0.038157
-0.038157
-0.038133
-0.038133
-0.038157
-0.038157
-0.038157
-0.038157
-0.038157
-0.038182
-0.038206
-0.038206
-0.038182
-0.038182
-0.038206
-0.038231
-0.038231
-0.038231
-0.03828
-0.038256
-0.03828
-0.038305
-0.038329
-0.038329
-0.038305
-0.038305
-0.038329
-0.038354
-0.038354
-0.038354
-0.038354
-0.038379
-0.038403
-0.038403
-0.038379
-0.038379
-0.038403
-0.038428
-0.038428
-0.038428
-0.038403
-0.038428
-0.038453
-0.038453
-0.038453
-0.038453
-0.038477
-0.038477
-0.038502
-0.038477
-0.038477
-0.038477
-0.038502
-0.038502
-0.038502
-0.038502
-0.038502
-0.038526
-0.038551
-0.038576
-0.038576
-0.038576
-0.038576
-0.038625
-0.038674
-0.038674
-0.038674
-0.038674
-0.038723
-0.038748
-0.038748
-0.038723
-0.038723
-0.038748
-0.038797
-0.038797
-0.038773
-0.038773
-0.038797
-0.038822
-0.038822
-0.038822
-0.038822
-0.038846
-0.038871
-0.038871
-0.038846
-0.038846
-0.038871
-0.03892
-0.03892
-0.038896
-0.038896
-0.03892
-0.038945
-0.038945
-0.038945
-0.038945
-0.03897
-0.03897
-0.038994
-0.039019
-0.039019
-0.038994
-0.038994
-0.039019
-0.039043
-0.039068
-0.039043
-0.039043
-0.039068
-0.039093
-0.039093
-0.039093
-0.039093
-0.039093
-0.039142
-0.039142
-0.039117
-0.039117
-0.039142
-0.039166
-0.039166
-0.039142
-0.039142
-0.039166
-0.039191
-0.039216
-0.039191
-0.039191
-0.039216
-0.03924
-0.03924
-0.039216
-0.039216
-0.03924
-0.039265
-0.039265
-0.03929
-0.039314
-0.03929
-0.03929
-0.039314
-0.039339
-0.039339
-0.039339
-0.039314
-0.039339
-0.039363
-0.039388
-0.039363
-0.039363
-0.039388
-0.039413
-0.039413
-0.039388
-0.039388
-0.039413
-0.039437
-0.039462
-0.039437
-0.039437
-0.039462
-0.039486
-0.039486
-0.039462
-0.039462
-0.039486
-0.039511
-0.039511
-0.039511
-0.039511
-0.039536
-0.03956
-0.03956
-0.039536
-0.039536
-0.03956
-0.03956
-0.039585
-0.03961
-0.03961
-0.03961
-0.03961
-0.03961
-0.039634
-0.039659
-0.039634
-0.039634
-0.039634
-0.039683
-0.039683
-0.039659
-0.039659
-0.039683
-0.039708
-0.039708
-0.039683
-0.039683
-0.039708
-0.039733
-0.039733
-0.039708
-0.039708
-0.039733
-0.039757
-0.039782
-0.039757
-0.039757
-0.039782
-0.039807
-0.039807
-0.039782
-0.039782
-0.039807
-0.039831
-0.039831
-0.039831
-0.039856
-0.039856
-0.03988
-0.039905
-0.039905
-0.039905
-0.03988
-0.039905
-0.03993
-0.039954
-0.03993
-0.039905
-0.039905
-0.039905
-0.03988
-0.03988
-0.039856
-0.03988
-0.039979
-0.040028
-0.040077
-0.040102
-0.040102
-0.040102
-0.040102
-0.040077
-0.040053
-0.040077
-0.040102
-0.040102
-0.040102
-0.040077
-0.040102
-0.040127
-0.040127
-0.040127
-0.040102
-0.040127
-0.040151
-0.040151
-0.040176
-0.0402
-0.040176
-0.040176
-0.040176
-0.040225
-0.040225
-0.040225
-0.0402
-0.040225
-0.04025
-0.040274
-0.04025
-0.040225
-0.04025
-0.040274
-0.040299
-0.040274
-0.040274
-0.040274
-0.040299
-0.040323
-0.040299
-0.040299
-0.040299
-0.040323
-0.040348
-0.040323
-0.040323
-0.040323
-0.040348
-0.040348
-0.040348
-0.040323
-0.040348
-0.040348
-0.040373
-0.040348
-0.040348
-0.040348
-0.040373
-0.040397
-0.040397
-0.040397
-0.040373
-0.040397
-0.040422
-0.040422
-0.040422
-0.040422
-0.040422
-0.040447
-0.040471
-0.040447
-0.040447
-0.040447
-0.040496
-0.040496
-0.040496
-0.040496
-0.040496
-0.040545
-0.040545
-0.040545
-0.04052
-0.04052
-0.04057
-0.04057
-0.04057
-0.040545
-0.04057
-0.040594
-0.040619
-0.040619
-0.040594
-0.040619
-0.040644
-0.040668
-0.040644
-0.040644
-0.040693
-0.040668
-0.040693
-0.040717
-0.040717
-0.040717
-0.040693
-0.040693
-0.040717
-0.040742
-0.040717
-0.040717
-0.040717
-0.040742
-0.040767
-0.040742
-0.040717
-0.040742
-0.040767
-0.040791
-0.040767
-0.040767
-0.040767
-0.040816
-0.040816
-0.040816
-0.040791
-0.040791
-0.040816
-0.04084
-0.040816
-0.040816
-0.040816
-0.040865
-0.040865
-0.040865
-0.04084
-0.040865
-0.04089
-0.040914
-0.040939
-0.040964
-0.040939
-0.040939
-0.040939
-0.040964
-0.040988
-0.040964
-0.040939
-0.040964
-0.040988
-0.040988
-0.040988
-0.040964
-0.040988
-0.041013
-0.041013
-0.041013
-0.040988
-0.041013
-0.041037
-0.041037
-0.041037
-0.041037
-0.041037
-0.041062
-0.041087
-0.041087
-0.041062
-0.041087
-0.041111
-0.041111
-0.041111
-0.041087
-0.041111
-0.041136
-0.04116
-0.041136
-0.041111
-0.041136
-0.041136
-0.041136
-0.04116
-0.041185
-0.041185
-0.04116
-0.04116
-0.041185
-0.04121
-0.04121
-0.041185
-0.041185
-0.04121
-0.041234
-0.041234
-0.04121
-0.041234
-0.041259
-0.041284
-0.041259
-0.041259
-0.041259
-0.041284
-0.041308
-0.041284
-0.041284
-0.041284
-0.041308
-0.041333
-0.041333
-0.041308
-0.041308
-0.041333
-0.041357
-0.041333
-0.041333
-0.041333
-0.041357
-0.041382
-0.041382
-0.041407
-0.041407
-0.041382
-0.041382
-0.041407
-0.041431
-0.041407
-0.041407
-0.041407
-0.041431
-0.041456
-0.041456
-0.041431
-0.041431
-0.041456
-0.041481
-0.041481
-0.041456
-0.041456
-0.041481
-0.041505
-0.041481
-0.041481
-0.041481
-0.041505
-0.04153
-0.04153
-0.041505
-0.04153
-0.041554
-0.041579
-0.041554
-0.04153
-0.041554
-0.041579
-0.041604
-0.041604
-0.041604
-0.041604
-0.041628
-0.041628
-0.041653
-0.041677
-0.041677
-0.041653
-0.041628
-0.041653
-0.041653
-0.041604
-0.041554
-0.041579
-0.041604
-0.041677
-0.041727
-0.041751
-0.041801
-0.041801
-0.041801
-0.041776
-0.041751
-0.041751
-0.041751
-0.041776
-0.041776
-0.041751
-0.041751
-0.041776
-0.041801
-0.041801
-0.041776
-0.041776
-0.041801
-0.041825
-0.041825
-0.041801
-0.041801
-0.041825
-0.04185
-0.04185
-0.041825
-0.041874
-0.04185
-0.04185
-0.041874
-0.041899
-0.041899
-0.041874
-0.041874
-0.041899
-0.041924
-0.041924
-0.041899
-0.041899
-0.041924
-0.041948
-0.041948
-0.041924
-0.041924
-0.041948
-0.041973
-0.041973
-0.041948
-0.041948
-0.041973
-0.041973
-0.041973
-0.041948
-0.041948
-0.041973
-0.041997
-0.041973
-0.041948
-0.041948
-0.041973
-0.041997
-0.041997
-0.041973
-0.041973
-0.041997
-0.042022
-0.042047
-0.042071
-0.042071
-0.042047
-0.042047
-0.042071
-0.042096
-0.042096
-0.042096
-0.042096
-0.042121
-0.042145
-0.042145
-0.042121
-0.042121
-0.042145
-0.04217
-0.04217
-0.04217
-0.04217
-0.042194
-0.042219
-0.042194
-0.042194
-0.042194
-0.042219
-0.042219
-0.042219
-0.042194
-0.042194
-0.042219
-0.042244
-0.042244
-0.042244
-0.042244
-0.042268
-0.042293
-0.042293
-0.042268
-0.042268
-0.042293
-0.042293
-0.042318
-0.042342
-0.042342
-0.042318
-0.042318
-0.042318
-0.042342
-0.042342
-0.042342
-0.042318
-0.042342
-0.042367
-0.042367
-0.042342
-0.042342
-0.042367
-0.042391
-0.042391
-0.042367
-0.042367
-0.042367
-0.042391
-0.042391
-0.042391
-0.042391
-0.042391
-0.042416
-0.042416
-0.042391
-0.042391
-0.042416
-0.042441
-0.042441
-0.042441
-0.042416
-0.042441
-0.042465
-0.042465
-0.04249
-0.04249
-0.042465
-0.042465
-0.04249
-0.042514
-0.042514
-0.04249
-0.04249
-0.042514
-0.042539
-0.042539
-0.042539
-0.042514
-0.042539
-0.042564
-0.042564
-0.042564
-0.042539
-0.042564
-0.042588
-0.042588
-0.042564
-0.042564
-0.042588
-0.042613
-0.042613
-0.042588
-0.042588
-0.042613
-0.042638
-0.042638
-0.042638
-0.042613
-0.042638
-0.042662
-0.042662
-0.042638
-0.042638
-0.042662
-0.042687
-0.042687
-0.042711
-0.042711
-0.042711
-0.042687
-0.042711
-0.042736
-0.042736
-0.042736
-0.042711
-0.042736
-0.042761
-0.042761
-0.042736
-0.042736
-0.042761
-0.042785
-0.042785
-0.042761
-0.042761
-0.042785
-0.04281
-0.04281
-0.042785
-0.042785
-0.04281
-0.042834
-0.042834
-0.042834
-0.04281
-0.042834
-0.042859
-0.042859
-0.042834
-0.042834
-0.042859
-0.042884
-0.042884
-0.042859
-0.042908
-0.042908
-0.042884
-0.042908
-0.042933
-0.042933
-0.042933
-0.042933
-0.042958
-0.042982
-0.042982
-0.042958
-0.042958
-0.042982
-0.043007
-0.043007
-0.043007
-0.043007
-0.043007
-0.043031
-0.043056
-0.043031
-0.043031
-0.043056
-0.043081
-0.043081
-0.043056
-0.043056
-0.043081
-0.043105
-0.043105
-0.043081
-0.043081
-0.043105
-0.04313
-0.04313
-0.043105
-0.043081
-0.043105
-0.043155
-0.04313
-0.043155
-0.043155
-0.043155
-0.04313
-0.043155
-0.043179
-0.043179
-0.043179
-0.043155
-0.043179
-0.043204
-0.043204
-0.043204
-0.043179
-0.043204
-0.043228
-0.043253
-0.043228
-0.043228
-0.043253
-0.043278
-0.043278
-0.043253
-0.043228
-0.043253
-0.043278
-0.043278
-0.043278
-0.043253
-0.043278
-0.043302
-0.043302
-0.043278
-0.043253
-0.043253
-0.043228
-0.043228
-0.043204
-0.043204
-0.043401
-0.043401
-0.043376
-0.043401
-0.043401
-0.043376
-0.043351
-0.043351
-0.043376
-0.043376
-0.043376
-0.043351
-0.043376
-0.043401
-0.043401
-0.043376
-0.043376
-0.043376
-0.043401
-0.043401
-0.043376
-0.043376
-0.043376
-0.043401
-0.043425
-0.043401
-0.043401
-0.043401
-0.043425
-0.04345
-0.043425
-0.043425
-0.043425
-0.04345
-0.04345
-0.04345
-0.043425
-0.04345
-0.043475
-0.043499
-0.043499
-0.043499
-0.043499
-0.043475
-0.043499
-0.043524
-0.043524
-0.043499
-0.043499
-0.043499
-0.043524
-0.043548
-0.043524
-0.043499
-0.043524
-0.043548
-0.043548
-0.043524
-0.043524
-0.043524
-0.043548
-0.043548
-0.043548
-0.043524
-0.043524
-0.043548
-0.043573
-0.043548
-0.043524
-0.043548
-0.043573
-0.043573
-0.043573
-0.043548
-0.043573
-0.043598
-0.043598
-0.043598
-0.043598
-0.043598
-0.043622
-0.043647
-0.043671
-0.043671
-0.043671
-0.043671
-0.043671
-0.043696
-0.043721
-0.043696
-0.043696
-0.043696
-0.043721
-0.043745
-0.043721
-0.043721
-0.043721
-0.043745
-0.04377
-0.043745
-0.043745
-0.043745
-0.04377
-0.043795
-0.04377
-0.04377
-0.04377
-0.043819
-0.043819
-0.043795
-0.043795
-0.043795
-0.043819
-0.043844
-0.043819
-0.043795
-0.043819
-0.043844
-0.043844
-0.043844
-0.043868
-0.043868
-0.043844
-0.043868
-0.043893
-0.043893
-0.043893
-0.043868
-0.043868
-0.043918
-0.043918
-0.043893
-0.043893
-0.043893
-0.043942
-0.043942
-0.043942
-0.043918
-0.043918
-0.043942
-0.043967
-0.043942
-0.043942
-0.043942
-0.043967
-0.043967
-0.043967
-0.043942
-0.043967
-0.043992
-0.044016
-0.043992
-0.043967
-0.043992
-0.044016
-0.044016
-0.044016
-0.043992
-0.043992
-0.044041
-0.044016
-0.044041
-0.044065
-0.044065
-0.044041
-0.044041
-0.044065
-0.04409
-0.044065
-0.044065
-0.044065
-0.04409
-0.044115
-0.04409
-0.04409
-0.04409
-0.044115
-0.044139
-0.044115
-0.044115
-0.044115
-0.044139
-0.044164
-0.044139
-0.044139
-0.044139
-0.044164
-0.044188
-0.044164
-0.044164
-0.044164
-0.044188
-0.044213
-0.044188
-0.044188
-0.044188
-0.044213
-0.044238
-0.044213
-0.044188
-0.044238
-0.044238
-0.044238
-0.044262
-0.044287
-0.044262
-0.044262
-0.044262
-0.044312
-0.044312
-0.044312
-0.044287
-0.044287
-0.044312
-0.044336
-0.044336
-0.044312
-0.044312
-0.044336
-0.044361
-0.044361
-0.044336
-0.044336
-0.044361
-0.044385
-0.044385
-0.044361
-0.044361
-0.044385
-0.04441
-0.044385
-0.044385
-0.044385
-0.04441
-0.044435
-0.044435
-0.04441
-0.04441
-0.044459
-0.044459
-0.044459
-0.044484
-0.044484
-0.044459
-0.044459
-0.044484
-0.044508
-0.044508
-0.044484
-0.044484
-0.044508
-0.044533
-0.044533
-0.044508
-0.044508
-0.044533
-0.044558
-0.044533
-0.044533
-0.044533
-0.044558
-0.044582
-0.044558
-0.044558
-0.044558
-0.044582
-0.044607
-0.044582
-0.044582
-0.044582
-0.044607
-0.044632
-0.044632
-0.044607
-0.044607
-0.044632
-0.044681
-0.044656
-0.044656
-0.044656
-0.044681
-0.044705
-0.04473
-0.04473
-0.044705
-0.044681
-0.044656
-0.044632
-0.044656
-0.044656
-0.044656
-0.044705
-0.044779
-0.044853
-0.044878
-0.044828
-0.044828
-0.044828
-0.044853
-0.044828
-0.044804
-0.044804
-0.044828
-0.044853
-0.044853
-0.044828
-0.044828
-0.044853
-0.044878
-0.044878
-0.044853
-0.044853
-0.044878
-0.044902
-0.044902
-0.044878
-0.044878
-0.044902
-0.044927
-0.044927
-0.044952
-0.044952
-0.044952
-0.044952
-0.044976
-0.044976
-0.044976
-0.044952
-0.044976
-0.045001
-0.045025
-0.045025
-0.045001
-0.045001
-0.045025
-0.04505
-0.04505
-0.045025
-0.045025
-0.04505
-0.045075
-0.045075
-0.04505
-0.04505
-0.045075
-0.045099
-0.045075
-0.04505
-0.04505
-0.045075
-0.045099
-0.045099
-0.045075
-0.045075
-0.045099
-0.045124
-0.045124
-0.045099
-0.045099
-0.045124
-0.045124
-0.045149
-0.045173
-0.045173
-0.045149
-0.045149
-0.045173
-0.045198
-0.045222
-0.045198
-0.045198
-0.045222
-0.045247
-0.045247
-0.045222
-0.045247
-0.045272
-0.045296
-0.045296
-0.045272
-0.045272
-0.045296
-0.045321
-0.045321
-0.045296
-0.045296
-0.045321
-0.045345
-0.045345
-0.045321
-0.045321
-0.045345
-0.04537
-0.04537
-0.045345
-0.045345
-0.04537
-0.045395
-0.045395
-0.04537
-0.045419
-0.045395
-0.045395
-0.045419
-0.045444
-0.045444
-0.045419
-0.045419
-0.045444
-0.045469
-0.045469
-0.045444
-0.045444
-0.045469
-0.045469
-0.045469
-0.045469
-0.045444
-0.045469
-0.045493
-0.045493
-0.045469
-0.045469
-0.045493
-0.045518
-0.045518
-0.045493
-0.045493
-0.045518
-0.045542
-0.045542
-0.045542
-0.045542
-0.045542
-0.045567
-0.045567
-0.045567
-0.045542
-0.045567
-0.045592
-0.045616
-0.045616
-0.045616
-0.045592
-0.045616
-0.045665
-0.045665
-0.045641
-0.045641
-0.045665
-0.045715
-0.045715
-0.04569
-0.04569
-0.045715
-0.045739
-0.045739
-0.045715
-0.045715
-0.045739
-0.045764
-0.045764
-0.045739
-0.045739
-0.045764
-0.045789
-0.045789
-0.045764
-0.045764
-0.045789
-0.045813
-0.045813
-0.045813
-0.045789
-0.045813
-0.045838
-0.045838
-0.045838
-0.045838
-0.045838
-0.045887
-0.045912
-0.045912
-0.045887
-0.045887
-0.045912
-0.045961
-0.045961
-0.045936
-0.045912
-0.045936
-0.045986
-0.045986
-0.045961
-0.045961
-0.045986
-0.045986
-0.04601
-0.045986
-0.045986
-0.04601
-0.04601
-0.046035
-0.04601
-0.045986
-0.04601
-0.046035
-0.046035
-0.046035
-0.046035
-0.046035
-0.046084
-0.046084
-0.046059
-0.046059
-0.046084
-0.046109
-0.046109
-0.046084
-0.046084
-0.046109
-0.046084
-0.046109
-0.046133
-0.046133
-0.046133
-0.046109
-0.046133
-0.046158
-0.046158
-0.046133
-0.046133
-0.046158
-0.046207
-0.046207
-0.046182
-0.046182
-0.046182
-0.046207
-0.046232
-0.046207
-0.046207
-0.046232
-0.046256
-0.046256
-0.046256
-0.046232
-0.046256
-0.046281
-0.046281
-0.046281
-0.046256
-0.046281
-0.046306
-0.046306
-0.046306
-0.046281
-0.046306
-0.046306
-0.046306
-0.046232
-0.046256
-0.046281
-0.046306
-0.046379
-0.046453
-0.046453
-0.046404
-0.046379
-0.046379
-0.046404
-0.046404
-0.046379
-0.046355
-0.046379
-0.046404
-0.046404
-0.046404
-0.046379
-0.046404
-0.046429
-0.046429
-0.046429
-0.046404
-0.046429
-0.046453
-0.046453
-0.046453
-0.046429
-0.046453
-0.046478
-0.046478
-0.046453
-0.046453
-0.046478
-0.046502
-0.046502
-0.046478
-0.046478
-0.046478
-0.046502
-0.046502
-0.046527
-0.046552
-0.046527
-0.046502
-0.046527
-0.046552
-0.046552
-0.046552
-0.046527
-0.046527
-0.046552
-0.046576
-0.046552
-0.046552
-0.046552
-0.046576
-0.046601
-0.046576
-0.046552
-0.046576
-0.046601
-0.046626
-0.046601
-0.046601
-0.046601
-0.04665
-0.04665
-0.04665
-0.046626
-0.046626
-0.046675
-0.046675
-0.04665
-0.04665
-0.046675
-0.046699
-0.046699
-0.046699
-0.046749
-0.046724
-0.046724
-0.046724
-0.046749
-0.046773
-0.046749
-0.046749
-0.046749
-0.046773
-0.046798
-0.046773
-0.046773
-0.046798
-0.046823
-0.046823
-0.046823
-0.046798
-0.046823
-0.046847
-0.046872
-0.046847
-0.046847
-0.046847
-0.046896
-0.046896
-0.046872
-0.046872
-0.046872
-0.046921
-0.046921
-0.046896
-0.046896
-0.046896
-0.046921
-0.046946
-0.046921
-0.046896
-0.046921
-0.046946
-0.046946
-0.04697
-0.046995
-0.04697
-0.046946
-0.04697
-0.046995
-0.046995
-0.046995
-0.04697
-0.046995
-0.047019
-0.047019
-0.047019
-0.046995
-0.047019
-0.047044
-0.047069
-0.047044
-0.047019
-0.047044
-0.047069
-0.047069
-0.047069
-0.047069
-0.047069
-0.047093
-0.047118
-0.047093
-0.047093
-0.047093
-0.047118
-0.047143
-0.047118
-0.047118
-0.047118
-0.047167
-0.047167
-0.047167
-0.047143
-0.047167
-0.047192
-0.047216
-0.047216
-0.047216
-0.047192
-0.047192
-0.047216
-0.047241
-0.047216
-0.047216
-0.047216
-0.047266
-0.047266
-0.047266
-0.047241
-0.047241
-0.047266
-0.04729
-0.047266
-0.047266
-0.047266
-0.047315
-0.047315
-0.047315
-0.04729
-0.04729
-0.047315
-0.047339
-0.047315
-0.047315
-0.047315
-0.047339
-0.047364
-0.047339
-0.047339
-0.047339
-0.047364
-0.047389
-0.047364
-0.047389
-0.047389
-0.047364
-0.047389
-0.047413
-0.047438
-0.047413
-0.047413
-0.047413
-0.047438
-0.047463
-0.047463
-0.047438
-0.047438
-0.047463
-0.047487
-0.047463
-0.047463
-0.047463
-0.047487
-0.047512
-0.047512
-0.047487
-0.047487
-0.047512
-0.047536
-0.047512
-0.047512
-0.047512
-0.047536
-0.047561
-0.047536
-0.047512
-0.047512
-0.047561
-0.047561
-0.047561
-0.047536
-0.047536
-0.047586
-0.047586
-0.04761
-0.047635
-0.047635
-0.04761
-0.04761
-0.04766
-0.04766
-0.04766
-0.047635
-0.047635
-0.04766
-0.047684
-0.047684
-0.04766
-0.04766
-0.047684
-0.047709
-0.047684
-0.04766
-0.047684
-0.047709
-0.047709
-0.047709
-0.047684
-0.047709
-0.047733
-0.047733
-0.047733
-0.047709
-0.047709
-0.047758
-0.047758
-0.047758
-0.047733
-0.047733
-0.047758
-0.047783
-0.047783
-0.047758
-0.047807
-0.047783
-0.047783
-0.047807
-0.047832
-0.047832
-0.047807
-0.047832
-0.047856
-0.047881
-0.047856
-0.047856
-0.047856
-0.047881
-0.047881
-0.047881
-0.047856
-0.047856
-0.047881
-0.047906
-0.047906
-0.047856
-0.047856
-0.047856
-0.047856
-0.047832
-0.047783
-0.047807
-0.047856
-0.047906
-0.047955
-0.048004
-0.048004
-0.048004
-0.048029
-0.048004
-0.047955
-0.047955
-0.04798
-0.048004
-0.04798
-0.048004
-0.048004
-0.04798
-0.04798
-0.048004
-0.048029
-0.048029
-0.048029
-0.048029
-0.048053
-0.048078
-0.048078
-0.048053
-0.048053
-0.048078
-0.048103
-0.048103
-0.048078
-0.048078
-0.048103
-0.048127
-0.048127
-0.048103
-0.048103
-0.048127
-0.048152
-0.048152
-0.048127
-0.048127
-0.048152
-0.048176
-0.048176
-0.048152
-0.048152
-0.048176
-0.048201
-0.048201
-0.048176
-0.048176
-0.048201
-0.048201
-0.048226
-0.048226
-0.048226
-0.048201
-0.048201
-0.048226
-0.04825
-0.04825
-0.048226
-0.048226
-0.04825
-0.048275
-0.048275
-0.04825
-0.04825
-0.048275
-0.0483
-0.0483
-0.048275
-0.048275
-0.0483
-0.048324
-0.048324
-0.048324
-0.048324
-0.048349
-0.048373
-0.048373
-0.048349
-0.048349
-0.048373
-0.048423
-0.048398
-0.048398
-0.048398
-0.048398
-0.048423
-0.048423
-0.048447
-0.048447
-0.048447
-0.048423
-0.048447
-0.048472
-0.048472
-0.048472
-0.048447
-0.048472
-0.048497
-0.048497
-0.048472
-0.048472
-0.048497
-0.048521
-0.048521
-0.048521
-0.048521
-0.048546
-0.04857
-0.04857
-0.048546
-0.048546
-0.04857
-0.048595
-0.048595
-0.04857
-0.04857
-0.048595
-0.04862
-0.04862
-0.048595
-0.048595
-0.048595
-0.04862
-0.048644
-0.04862
-0.048595
-0.04862
-0.048644
-0.048669
-0.048669
-0.048669
-0.048644
-0.048669
-0.048693
-0.048718
-0.048693
-0.048693
-0.048718
-0.048743
-0.048743
-0.048718
-0.048718
-0.048718
-0.048767
-0.048767
-0.048743
-0.048743
-0.048743
-0.048767
-0.048792
-0.048767
-0.048743
-0.048767
-0.048792
-0.048792
-0.048792
-0.048767
-0.048792
-0.048817
-0.048817
-0.048817
-0.048792
-0.048817
-0.048841
-0.048841
-0.048841
-0.048817
-0.048841
-0.048866
-0.04889
-0.04889
-0.048866
-0.048866
-0.04889
-0.048915
-0.048915
-0.04889
-0.04889
-0.048915
-0.04894
-0.04894
-0.048915
-0.048915
-0.04894
-0.048964
-0.048964
-0.04894
-0.04894
-0.04894
-0.048964
-0.048989
-0.048964
-0.048964
-0.048964
-0.049013
-0.049013
-0.048989
-0.048989
-0.048989
-0.049013
-0.049013
-0.049013
-0.048989
-0.049013
-0.049038
-0.049063
-0.049038
-0.049087
-0.049063
-0.049063
-0.049063
-0.049087
-0.049112
-0.049087
-0.049087
-0.049087
-0.049112
-0.049137
-0.049112
-0.049087
-0.049112
-0.049137
-0.049137
-0.049137
-0.049112
-0.049137
-0.049161
-0.049161
-0.049137
-0.049137
-0.049137
-0.049161
-0.049186
-0.049161
-0.049137
-0.049161
-0.049186
-0.049186
-0.049186
-0.049186
-0.049186
-0.049235
-0.049235
-0.04921
-0.04921
-0.04921
-0.049235
-0.049284
-0.049284
-0.049284
-0.04926
-0.049284
-0.049309
-0.049309
-0.049309
-0.049284
-0.049309
-0.049334
-0.049334
-0.049309
-0.049284
-0.049284
-0.049284
-0.04926
-0.04921
-0.04921
-0.04926
-0.049334
-0.049383
-0.049432
-0.049432
-0.049432
-0.049432
-0.049432
-0.049407
-0.049383
-0.049383
-0.049407
-0.049407
-0.049407
-0.049383
-0.049407
-0.049432
-0.049432
-0.049432
-0.049407
-0.049432
-0.049457
-0.049457
-0.049481
-0.049506
-0.049481
-0.049457
-0.049481
-0.049506
-0.049506
-0.049506
-0.049481
-0.049481
-0.049506
-0.04953
-0.049506
-0.049506
-0.049506
-0.04953
-0.04953
-0.04953
-0.049506
-0.04953
-0.049555
-0.049555
-0.04953
-0.04953
-0.04953
-0.04958
-0.04958
-0.049555
-0.04953
-0.049555
-0.04958
-0.04958
-0.04958
-0.049555
-0.049555
-0.04958
-0.049604
-0.04958
-0.049604
-0.04958
-0.049604
-0.049629
-0.049629
-0.049629
-0.049604
-0.049604
-0.049629
-0.049654
-0.049629
-0.049629
-0.049629
-0.049678
-0.049678
-0.049678
-0.049654
-0.049678
-0.049703
-0.049727
-0.049703
-0.049703
-0.049703
-0.049727
-0.049752
-0.049727
-0.049727
-0.049727
-0.049752
-0.049777
-0.049777
-0.049752
-0.049752
-0.049777
-0.049801
-0.049777
-0.049752
-0.049777
-0.049801
-0.049826
-0.049826
-0.049826
-0.049826
-0.049801
-0.049801
-0.04985
-0.04985
-0.04985
-0.049826
-0.049826
-0.04985
-0.049875
-0.04985
-0.049826
-0.049826
-0.04985
-0.049875
-0.049875
-0.04985
-0.04985
-0.049875
-0.0499
-0.049875
-0.049875
-0.049875
-0.0499
-0.049924
-0.0499
-0.049875
-0.0499
-0.049924
-0.049949
-0.049924
-0.0499
-0.049924
-0.049949
-0.049974
-0.049949
-0.049949
-0.049949
