2018
7
5
10
5
40.759
-0.079539
-0.079539
-0.079564
-0.079564
-0.079539
-0.079539
-0.079539
-0.079588
-0.079588
-0.079564
-0.079539
-0.079564
-0.079588
-0.079588
-0.079564
-0.079539
-0.079588
-0.079638
-0.079638
-0.079613
-0.079613
-0.079638
-0.079638
-0.079638
-0.079613
-0.079613
-0.079613
-0.079662
-0.079638
-0.079613
-0.079613
-0.079613
-0.079638
-0.079613
-0.079588
-0.079564
-0.079564
-0.079588
-0.079613
-0.079564
-0.079613
-0.079588
-0.079564
-0.079588
-0.079613
-0.079613
-0.079588
-0.079564
-0.079588
-0.079613
-0.079613
-0.079613
-0.079588
-0.079613
-0.079638
-0.079638
-0.079613
-0.079613
-0.079638
-0.079662
-0.079662
-0.079638
-0.079638
-0.079638
-0.079662
-0.079662
-0.079662
-0.079638
-0.079662
-0.079687
-0.079687
-0.079662
-0.079662
-0.079662
-0.079687
-0.079712
-0.079687
-0.079662
-0.079687
-0.079712
-0.079638
-0.079687
-0.079687
-0.079662
-0.079638
-0.079662
-0.079687
-0.079687
-0.079687
-0.079662
-0.079662
-0.079712
-0.079712
-0.079687
-0.079662
-0.079662
-0.079687
-0.079687
-0.079662
-0.079662
-0.079662
-0.079687
-0.079687
-0.079662
-0.079662
-0.079662
-0.079687
-0.079712
-0.079687
-0.079662
-0.079687
-0.079712
-0.079736
-0.079712
-0.079712
-0.079712
-0.079761
-0.079785
-0.079761
-0.079736
-0.079785
-0.079785
-0.079785
-0.07981
-0.079835
-0.07981
-0.079785
-0.07981
-0.079835
-0.079835
-0.07981
-0.07981
-0.07981
-0.079835
-0.079859
-0.079835
-0.07981
-0.07981
-0.079859
-0.079859
-0.079835
-0.079835
-0.079835
-0.079859
-0.079859
-0.079859
-0.079835
-0.079835
-0.079884
-0.079884
-0.079884
-0.079859
-0.079884
-0.079933
-0.079958
-0.079933
-0.079908
-0.079933
-0.079982
-0.079982
-0.079982
-0.079982
-0.079982
-0.079958
-0.079982
-0.080007
-0.080007
-0.079982
-0.079982
-0.079982
-0.080007
-0.080032
-0.080007
-0.079982
-0.079982
-0.080007
-0.080007
-0.079982
-0.079958
-0.079958
-0.080007
-0.080007
-0.079982
-0.079958
-0.079982
-0.080007
-0.080007
-0.080007
-0.079982
-0.079982
-0.080007
-0.080032
-0.080007
-0.079982
-0.079982
-0.080007
-0.080032
-0.080007
-0.079958
-0.079982
-0.079982
-0.080007
-0.080032
-0.080007
-0.079982
-0.079982
-0.080007
-0.080007
-0.079982
-0.079958
-0.079958
-0.079958
-0.079958
-0.079933
-0.079908
-0.079908
-0.079933
-0.079933
-0.079908
-0.079859
-0.079859
-0.079884
-0.079884
-0.079859
-0.079835
-0.079835
-0.079859
-0.079859
-0.079835
-0.07981
-0.07981
-0.079835
-0.079859
-0.079859
-0.079835
-0.079835
-0.079859
-0.079859
-0.079859
-0.079835
-0.079835
-0.079835
-0.079884
-0.079884
-0.079859
-0.079835
-0.079835
-0.079859
-0.079884
-0.079859
-0.07981
-0.07981
-0.079835
-0.079859
-0.07981
-0.079785
-0.079785
-0.07981
-0.079859
-0.079859
-0.079859
-0.079908
-0.079958
-0.079982
-0.079933
-0.079884
-0.079859
-0.079884
-0.079884
-0.079835
-0.07981
-0.07981
-0.079835
-0.079835
-0.07981
-0.079785
-0.079785
-0.079835
-0.079835
-0.079835
-0.079859
-0.079835
-0.07981
-0.07981
-0.079835
-0.079835
-0.079835
-0.079785
-0.079785
-0.079835
-0.079835
-0.07981
-0.079785
-0.07981
-0.079835
-0.079835
-0.079835
-0.07981
-0.07981
-0.079835
-0.079859
-0.079835
-0.07981
-0.07981
-0.079835
-0.079835
-0.079835
-0.079785
-0.07981
-0.079835
-0.079835
-0.079835
-0.079785
-0.079785
-0.07981
-0.079835
-0.07981
-0.079785
-0.079785
-0.07981
-0.079761
-0.079761
-0.079785
-0.079761
-0.079736
-0.079736
-0.079736
-0.079761
-0.079736
-0.079712
-0.079712
-0.079736
-0.079736
-0.079736
-0.079712
-0.079712
-0.079736
-0.079736
-0.079736
-0.079712
-0.079712
-0.079736
-0.079761
-0.079736
-0.079712
-0.079712
-0.079736
-0.079761
-0.079736
-0.079712
-0.079712
-0.079736
-0.079761
-0.079736
-0.079712
-0.079712
-0.079736
-0.079761
-0.079761
-0.079736
-0.079761
-0.079736
-0.079736
-0.079761
-0.079785
-0.079785
-0.079761
-0.079761
-0.079785
-0.07981
-0.079785
-0.079736
-0.079736
-0.079761
-0.079785
-0.079785
-0.079761
-0.079761
-0.079785
-0.07981
-0.07981
-0.079785
-0.079785
-0.07981
-0.079835
-0.079835
-0.07981
-0.07981
-0.079835
-0.079859
-0.079835
-0.07981
-0.07981
-0.079835
-0.079884
-0.079884
-0.079859
-0.079859
-0.079884
-0.079908
-0.079908
-0.079933
-0.079933
-0.079908
-0.079908
-0.079933
-0.079958
-0.079933
-0.079908
-0.079908
-0.079933
-0.079958
-0.079958
-0.079933
-0.079933
-0.079958
-0.079982
-0.079982
-0.079958
-0.079958
-0.079982
-0.080007
-0.080007
-0.079982
-0.079982
-0.080007
-0.080032
-0.080032
-0.080007
-0.080007
-0.080032
-0.080056
-0.080032
-0.080007
-0.080007
-0.080032
-0.080056
-0.080032
-0.080007
-0.080007
-0.080032
-0.080032
-0.080056
-0.080081
-0.080081
-0.080056
-0.080032
-0.080056
-0.080081
-0.080081
-0.080056
-0.080056
-0.080081
-0.080105
-0.080081
-0.080056
-0.080056
-0.080081
-0.080105
-0.080105
-0.080081
-0.080081
-0.080105
-0.08013
-0.08013
-0.080105
-0.080081
-0.080105
-0.08013
-0.080105
-0.080081
-0.080081
-0.080105
-0.08013
-0.08013
-0.080105
-0.080105
-0.08013
-0.080179
-0.080179
-0.080204
-0.080204
-0.080179
-0.080155
-0.080179
-0.080228
-0.080228
-0.080204
-0.080204
-0.080228
-0.080253
-0.080253
-0.080228
-0.080228
-0.080253
-0.080278
-0.080278
-0.080253
-0.080253
-0.080278
-0.080302
-0.080302
-0.080278
-0.080278
-0.080302
-0.080327
-0.080327
-0.080302
-0.080302
-0.080327
-0.080352
-0.080352
-0.080327
-0.080327
-0.080352
-0.080376
-0.080376
-0.080352
-0.080327
-0.080352
-0.080376
-0.080401
-0.080401
-0.080376
-0.080352
-0.080376
-0.080401
-0.080401
-0.080376
-0.080352
-0.080376
-0.080401
-0.080401
-0.080376
-0.080376
-0.080401
-0.080425
-0.080425
-0.080401
-0.080401
-0.080425
-0.08045
-0.08045
-0.080401
-0.080376
-0.080401
-0.08045
-0.080499
-0.080499
-0.080524
-0.080549
-0.080598
-0.080598
-0.080549
-0.080524
-0.080524
-0.080524
-0.080499
-0.080475
-0.08045
-0.080475
-0.08045
-0.080475
-0.080499
-0.080499
-0.080475
-0.080475
-0.080499
-0.080524
-0.080524
-0.080499
-0.080475
-0.080499
-0.080524
-0.080524
-0.080499
-0.080475
-0.080499
-0.080524
-0.080524
-0.080499
-0.080499
-0.080524
-0.080549
-0.080549
-0.080524
-0.080499
-0.080524
-0.080549
-0.080549
-0.080524
-0.080499
-0.080524
-0.080549
-0.080549
-0.080524
-0.080524
-0.080549
-0.080573
-0.080598
-0.080622
-0.080622
-0.080598
-0.080598
-0.080622
-0.080647
-0.080672
-0.080647
-0.080647
-0.080672
-0.080721
-0.080721
-0.080696
-0.080672
-0.080672
-0.080696
-0.080696
-0.080672
-0.080647
-0.080672
-0.080696
-0.080696
-0.080647
-0.080647
-0.080647
-0.080696
-0.080696
-0.080672
-0.080647
-0.080672
-0.080696
-0.080696
-0.080672
-0.080672
-0.080672
-0.080696
-0.080721
-0.080696
-0.080672
-0.080672
-0.080672
-0.080696
-0.080721
-0.080721
-0.080696
-0.080696
-0.080696
-0.080721
-0.080721
-0.080696
-0.080672
-0.080696
-0.080721
-0.080721
-0.080721
-0.080696
-0.080721
-0.080745
-0.08077
-0.080745
-0.080721
-0.080745
-0.08077
-0.08077
-0.080745
-0.080745
-0.08077
-0.080795
-0.080795
-0.08077
-0.08077
-0.080795
-0.080819
-0.080844
-0.080819
-0.080819
-0.080819
-0.080844
-0.080844
-0.080819
-0.080844
-0.080819
-0.080819
-0.080819
-0.080869
-0.080869
-0.080844
-0.080819
-0.080844
-0.080869
-0.080893
-0.080869
-0.080844
-0.080869
-0.080893
-0.080918
-0.080893
-0.080869
-0.080893
-0.080918
-0.080918
-0.080918
-0.080893
-0.080918
-0.080942
-0.080942
-0.080918
-0.080918
-0.080918
-0.080967
-0.080967
-0.080918
-0.080918
-0.080942
-0.080967
-0.080992
-0.080967
-0.080967
-0.080967
-0.081016
-0.081016
-0.081041
-0.081041
-0.081041
-0.081016
-0.081041
-0.081065
-0.08109
-0.081065
-0.081065
-0.081065
-0.081115
-0.081115
-0.081115
-0.08109
-0.081115
-0.081139
-0.081164
-0.081139
-0.081139
-0.081139
-0.081189
-0.081189
-0.081164
-0.081164
-0.081189
-0.081262
-0.081287
-0.081262
-0.081262
-0.081262
-0.081312
-0.081312
-0.081287
-0.081287
-0.081287
-0.081312
-0.081312
-0.081312
-0.081287
-0.081336
-0.081312
-0.081336
-0.081361
-0.081361
-0.081361
-0.081336
-0.081336
-0.081361
-0.081386
-0.081336
-0.081312
-0.081336
-0.081361
-0.081386
-0.081361
-0.081361
-0.081361
-0.08141
-0.08141
-0.081386
-0.081361
-0.081361
-0.081386
-0.08141
-0.081386
-0.081361
-0.081386
-0.08141
-0.08141
-0.08141
-0.081386
-0.081386
-0.08141
-0.081459
-0.081435
-0.08141
-0.081435
-0.081459
-0.081484
-0.081484
-0.081509
-0.081484
-0.081459
-0.081459
-0.081484
-0.081509
-0.081484
-0.081459
-0.081459
-0.081484
-0.081509
-0.081484
-0.081459
-0.081484
-0.081509
-0.081533
-0.081509
-0.081484
-0.081484
-0.081509
-0.081533
-0.081509
-0.081484
-0.081509
-0.081533
-0.081533
-0.081533
-0.081509
-0.081509
-0.081533
-0.081558
-0.081533
-0.081484
-0.081484
-0.081509
-0.081509
-0.081509
-0.081533
-0.081558
-0.081656
-0.081656
-0.081656
-0.081656
-0.081607
-0.081558
-0.081558
-0.081582
-0.081582
-0.081558
-0.081533
-0.081533
-0.081558
-0.081558
-0.081558
-0.081533
-0.081533
-0.081558
-0.081582
-0.081558
-0.081533
-0.081558
-0.081582
-0.081582
-0.081582
-0.081558
-0.081558
-0.081582
-0.081582
-0.081582
-0.081533
-0.081533
-0.081558
-0.081582
-0.081558
-0.081533
-0.081533
-0.081558
-0.081582
-0.081558
-0.081558
-0.081558
-0.081533
-0.081533
-0.081558
-0.081558
-0.081533
-0.081484
-0.081459
-0.081484
-0.081509
-0.081484
-0.081459
-0.081435
-0.081459
-0.081484
-0.081459
-0.08141
-0.08141
-0.081435
-0.081459
-0.081435
-0.08141
-0.08141
-0.081435
-0.081459
-0.081435
-0.08141
-0.08141
-0.081435
-0.081459
-0.081435
-0.08141
-0.08141
-0.081459
-0.081484
-0.081459
-0.081435
-0.081435
-0.081459
-0.081459
-0.081484
-0.081509
-0.081484
-0.081459
-0.081459
-0.081484
-0.081509
-0.081484
-0.081459
-0.081459
-0.081484
-0.081509
-0.081484
-0.081459
-0.081459
-0.081484
-0.081509
-0.081509
-0.081484
-0.081484
-0.081509
-0.081533
-0.081533
-0.081509
-0.081509
-0.081533
-0.081558
-0.081558
-0.081533
-0.081533
-0.081558
-0.081582
-0.081558
-0.081558
-0.081558
-0.081558
-0.081582
-0.081558
-0.081558
-0.081582
-0.081558
-0.081558
-0.081582
-0.081607
-0.081582
-0.081558
-0.081558
-0.081607
-0.081632
-0.081632
-0.081607
-0.081607
-0.081632
-0.081632
-0.081632
-0.081607
-0.081607
-0.081632
-0.081656
-0.081632
-0.081607
-0.081607
-0.081632
-0.081656
-0.081656
-0.081632
-0.081632
-0.081656
-0.081656
-0.081656
-0.081632
-0.081632
-0.081656
-0.081681
-0.081681
-0.081656
-0.081656
-0.081681
-0.081706
-0.081706
-0.08173
-0.08173
-0.081706
-0.081706
-0.08173
-0.08173
-0.08173
-0.081706
-0.081706
-0.08173
-0.081755
-0.08173
-0.081706
-0.081706
-0.08173
-0.081755
-0.081755
-0.08173
-0.08173
-0.081755
-0.081779
-0.081779
-0.081755
-0.08173
-0.081755
-0.081779
-0.081779
-0.081755
-0.081755
-0.081755
-0.081779
-0.081779
-0.081755
-0.081755
-0.081779
-0.081804
-0.081804
-0.081779
-0.081779
-0.081804
-0.081829
-0.081853
-0.081829
-0.081829
-0.081829
-0.081853
-0.081878
-0.081902
-0.081927
-0.081952
-0.081976
-0.082001
-0.082001
-0.082001
-0.082001
-0.082026
-0.08205
-0.082026
-0.082026
-0.082026
-0.08205
-0.082075
-0.08205
-0.082026
-0.082026
-0.08205
-0.082075
-0.082075
-0.08205
-0.08205
-0.082075
-0.082099
-0.082099
-0.082075
-0.08205
-0.082075
-0.082099
-0.082099
-0.08205
-0.082099
-0.082075
-0.082099
-0.082124
-0.082124
-0.082099
-0.082099
-0.082124
-0.082149
-0.082149
-0.082124
-0.082099
-0.082124
-0.082149
-0.082149
-0.082124
-0.082124
-0.082149
-0.082173
-0.082149
-0.082124
-0.082124
-0.082149
-0.082173
-0.082149
-0.082099
-0.082124
-0.082173
-0.082223
-0.082247
-0.082272
-0.082296
-0.082321
-0.08237
-0.082346
-0.082296
-0.082272
-0.082272
-0.082272
-0.082247
-0.082247
-0.082223
-0.082198
-0.082198
-0.082198
-0.082223
-0.082223
-0.082198
-0.082198
-0.082198
-0.082247
-0.082223
-0.082198
-0.082173
-0.082198
-0.082223
-0.082223
-0.082198
-0.082173
-0.082173
-0.082173
-0.082173
-0.082149
-0.082149
-0.082149
-0.082173
-0.082149
-0.082124
-0.082124
-0.082124
-0.082149
-0.082149
-0.082124
-0.082099
-0.082124
-0.082149
-0.082149
-0.082124
-0.082099
-0.082124
-0.082099
-0.082124
-0.082149
-0.082149
-0.082124
-0.082124
-0.082149
-0.082173
-0.082173
-0.082149
-0.082149
-0.082149
-0.082149
-0.082149
-0.082124
-0.082124
-0.082124
-0.082173
-0.082149
-0.082124
-0.082124
-0.082149
-0.082173
-0.082173
-0.082124
-0.082124
-0.082124
-0.082173
-0.082149
-0.082124
-0.082124
-0.082149
-0.082173
-0.082173
-0.082149
-0.082124
-0.082149
-0.082173
-0.082173
-0.082149
-0.082223
-0.082198
-0.082198
-0.082223
-0.082247
-0.082272
-0.082272
-0.082247
-0.082272
-0.082296
-0.082296
-0.082272
-0.082247
-0.082272
-0.082296
-0.082296
-0.082296
-0.082272
-0.082296
-0.082321
-0.082321
-0.082321
-0.082321
-0.082346
-0.08237
-0.08237
-0.082346
-0.082346
-0.082346
-0.08237
-0.08237
-0.082346
-0.082346
-0.08237
-0.082395
-0.082395
-0.08237
-0.08237
-0.082395
-0.082419
-0.082419
-0.082444
-0.082444
-0.082419
-0.082419
-0.082444
-0.082469
-0.082493
-0.082469
-0.082444
-0.082469
-0.082493
-0.082518
-0.082493
-0.082469
-0.082493
-0.082518
-0.082518
-0.082493
-0.082493
-0.082493
-0.082518
-0.082543
-0.082518
-0.082493
-0.082518
-0.082543
-0.082567
-0.082543
-0.082518
-0.082518
-0.082567
-0.082567
-0.082567
-0.082543
-0.082567
-0.082592
-0.082592
-0.082567
-0.082543
-0.082567
-0.082567
-0.082592
-0.082616
-0.082616
-0.082592
-0.082567
-0.082592
-0.082616
-0.082616
-0.082616
-0.082592
-0.082592
-0.082641
-0.082641
-0.082616
-0.082592
-0.082592
-0.082616
-0.082641
-0.082616
-0.082592
-0.082616
-0.082641
-0.082641
-0.082616
-0.082616
-0.082616
-0.082666
-0.082666
-0.082641
-0.082616
-0.082641
-0.082666
-0.082666
-0.082641
-0.082616
-0.082616
-0.082641
-0.082641
-0.082641
-0.082666
-0.082641
-0.082616
-0.082641
-0.082666
-0.082666
-0.082641
-0.082616
-0.082641
-0.082666
-0.082666
-0.082641
-0.082641
-0.082641
-0.082666
-0.082666
-0.082641
-0.082641
-0.082641
-0.082666
-0.08269
-0.082666
-0.082641
-0.082666
-0.08269
-0.08269
-0.082666
-0.082641
-0.082641
-0.082641
-0.082666
-0.082641
-0.082616
-0.082641
-0.082666
-0.082666
-0.082641
-0.082616
-0.082641
-0.082616
-0.082641
-0.082666
-0.082666
-0.082666
-0.082641
-0.082666
-0.08269
-0.082715
-0.08269
-0.08269
-0.08269
-0.082715
-0.082739
-0.082715
-0.08269
-0.08269
-0.082739
-0.082739
-0.082715
-0.08269
-0.082715
-0.082739
-0.082739
-0.082715
-0.08269
-0.08269
-0.082715
-0.082739
-0.082715
-0.08269
-0.082666
-0.08269
-0.082715
-0.082715
-0.082715
-0.082764
-0.082813
-0.082863
-0.082838
-0.082789
-0.082739
-0.082739
-0.082739
-0.082764
-0.082739
-0.082739
-0.082739
-0.082789
-0.082789
-0.082789
-0.082764
-0.082764
-0.082789
-0.082813
-0.082789
-0.082764
-0.082764
-0.082789
-0.082813
-0.082813
-0.082789
-0.082813
-0.082838
-0.082863
-0.082863
-0.082863
-0.082863
-0.082887
-0.082887
-0.082887
-0.082863
-0.082863
-0.082912
-0.082912
-0.082887
-0.082887
-0.082887
-0.082936
-0.082961
-0.082986
-0.082986
-0.082961
-0.082961
-0.082986
-0.082986
-0.082986
-0.082961
-0.082961
-0.082986
-0.08301
-0.082986
-0.082961
-0.082961
-0.082986
-0.08301
-0.082986
-0.082961
-0.082961
-0.082986
-0.08301
-0.082986
-0.082961
-0.082986
-0.08301
-0.083035
-0.08301
-0.082986
-0.082986
-0.083035
-0.083035
-0.083035
-0.08301
-0.08301
-0.083035
-0.083059
-0.083035
-0.08301
-0.08301
-0.08301
-0.082986
-0.08301
-0.082986
-0.082961
-0.082961
-0.082986
-0.08301
-0.082986
-0.082961
-0.082961
-0.08301
-0.08301
-0.082986
-0.082961
-0.082961
-0.082986
-0.08301
-0.082986
-0.082961
-0.082986
-0.08301
-0.083035
-0.08301
-0.08301
-0.08301
-0.083035
-0.083059
-0.083035
-0.083035
-0.083035
-0.083059
-0.083059
-0.083035
-0.08301
-0.08301
-0.083035
-0.083059
-0.083035
-0.083035
-0.083035
-0.083059
-0.083059
-0.083084
-0.083109
-0.083109
-0.083084
-0.083084
-0.083109
-0.083133
-0.083109
-0.083084
-0.083084
-0.083109
-0.083133
-0.083133
-0.083109
-0.083109
-0.083133
-0.083133
-0.083133
-0.083109
-0.083109
-0.083133
-0.083158
-0.083158
-0.083133
-0.083133
-0.083158
-0.083183
-0.083183
-0.083158
-0.083158
-0.083183
-0.083207
-0.083183
-0.083158
-0.083133
-0.083183
-0.083183
-0.083183
-0.083207
-0.083207
-0.083183
-0.083183
-0.083207
-0.083232
-0.083232
-0.083207
-0.083207
-0.083232
-0.083256
-0.083256
-0.083232
-0.083232
-0.083256
-0.083281
-0.083281
-0.083256
-0.083256
-0.083281
-0.083306
-0.083281
-0.083256
-0.083281
-0.083306
-0.08333
-0.083306
-0.083281
-0.083306
-0.08333
-0.08338
-0.08338
-0.083355
-0.083355
-0.083355
-0.08338
-0.08338
-0.083355
-0.08333
-0.083355
-0.083355
-0.08338
-0.083404
-0.08338
-0.083355
-0.083355
-0.08338
-0.083404
-0.083404
-0.08338
-0.08338
-0.083404
-0.083429
-0.083429
-0.083404
-0.083404
-0.083429
-0.083453
-0.083453
-0.083429
-0.083404
-0.083429
-0.083453
-0.083453
-0.083429
-0.083429
-0.083453
-0.083478
-0.083478
-0.083453
-0.083453
-0.083478
-0.083503
-0.083503
-0.083478
-0.083503
-0.083527
-0.083552
-0.083552
-0.083527
-0.083503
-0.083478
-0.083503
-0.083527
-0.083527
-0.083503
-0.083503
-0.083527
-0.083576
-0.083601
-0.083576
-0.083576
-0.083601
-0.083626
-0.083626
-0.083601
-0.083601
-0.083626
-0.08365
-0.08365
-0.083626
-0.083601
-0.083626
-0.08365
-0.08365
-0.083601
-0.083576
-0.083601
-0.083601
-0.083601
-0.083576
-0.083576
-0.083576
-0.083601
-0.083601
-0.083576
-0.083601
-0.08365
-0.0837
-0.083749
-0.083823
-0.083798
-0.083749
-0.083724
-0.083749
-0.083749
-0.083724
-0.0837
-0.0837
-0.083724
-0.083724
-0.083724
-0.0837
-0.0837
-0.083724
-0.083749
-0.083749
-0.083724
-0.083724
-0.083749
-0.083773
-0.083773
-0.083749
-0.083724
-0.083749
-0.083773
-0.083798
-0.083773
-0.083749
-0.083773
-0.083798
-0.083798
-0.083773
-0.083773
-0.083798
-0.083823
-0.083847
-0.083823
-0.083798
-0.083823
-0.083798
-0.083823
-0.083847
-0.083847
-0.083798
-0.083798
-0.083823
-0.083847
-0.083823
-0.083798
-0.083798
-0.083823
-0.083847
-0.083847
-0.083798
-0.083798
-0.083798
-0.083823
-0.083823
-0.083798
-0.083773
-0.083798
-0.083823
-0.083823
-0.083798
-0.083798
-0.083823
-0.083847
-0.083847
-0.083823
-0.083798
-0.083823
-0.083847
-0.083847
-0.083823
-0.083823
-0.083847
-0.083872
-0.083872
-0.083847
-0.083872
-0.083847
-0.083847
-0.083847
-0.083896
-0.083896
-0.083872
-0.083847
-0.083872
-0.083896
-0.083896
-0.083872
-0.083872
-0.083872
-0.083896
-0.083896
-0.083872
-0.083872
-0.083896
-0.083921
-0.083921
-0.083896
-0.083896
-0.083896
-0.083921
-0.083921
-0.083896
-0.083872
-0.083896
-0.083921
-0.083921
-0.083896
-0.083872
-0.083896
-0.083896
-0.083896
-0.083872
-0.083847
-0.083847
-0.083872
-0.083872
-0.083872
-0.083847
-0.083823
-0.083847
-0.083872
-0.083872
-0.083847
-0.083847
-0.083872
-0.083896
-0.083896
-0.083872
-0.083872
-0.083872
-0.083921
-0.083921
-0.083896
-0.083872
-0.083896
-0.083921
-0.083921
-0.083896
-0.083896
-0.083896
-0.083946
-0.083946
-0.083921
-0.083896
-0.083921
-0.083946
-0.083946
-0.083921
-0.083921
-0.083921
-0.083946
-0.08397
-0.083946
-0.083921
-0.083946
-0.083946
-0.083995
-0.083995
-0.08397
-0.08397
-0.08397
-0.083995
-0.08402
-0.083995
-0.08397
-0.083995
-0.08402
-0.08402
-0.083995
-0.08397
-0.083995
-0.08402
-0.08402
-0.083995
-0.08397
-0.083995
-0.08402
-0.08402
-0.08402
-0.083995
-0.08402
-0.084044
-0.084044
-0.084044
-0.08402
-0.084044
-0.084069
-0.084118
-0.084093
-0.084069
-0.084069
-0.084093
-0.084093
-0.084069
-0.084044
-0.084044
-0.084069
-0.084093
-0.084093
-0.084069
-0.084044
-0.084044
-0.084069
-0.084069
-0.084044
-0.08402
-0.084044
-0.084069
-0.084093
-0.084069
-0.084044
-0.084069
-0.084093
-0.084093
-0.084069
-0.084069
-0.084069
-0.084118
-0.084118
-0.084093
-0.084093
-0.084093
-0.084143
-0.084143
-0.084118
-0.084118
-0.084118
-0.084143
-0.084167
-0.084143
-0.084118
-0.084118
-0.084143
-0.084143
-0.084118
-0.084143
-0.084118
-0.084093
-0.084118
-0.084143
-0.084143
-0.084118
-0.084093
-0.084118
-0.084143
-0.084143
-0.084118
-0.084093
-0.084118
-0.084143
-0.084143
-0.084118
-0.084118
-0.084118
-0.084143
-0.084167
-0.084143
-0.084118
-0.084143
-0.084167
-0.084167
-0.084167
-0.084143
-0.084143
-0.084192
-0.084217
-0.084192
-0.084192
-0.084192
-0.084217
-0.084241
-0.084217
-0.084192
-0.084217
-0.084241
-0.084217
-0.084241
-0.084266
-0.084241
-0.084217
-0.084217
-0.084266
-0.084266
-0.084241
-0.084217
-0.084217
-0.084241
-0.084241
-0.084217
-0.084217
-0.084241
-0.08429
-0.08434
-0.084364
-0.084364
-0.084389
-0.084389
-0.084389
-0.084364
-0.084315
-0.08429
-0.084315
-0.084315
-0.08429
-0.08429
-0.084315
-0.08434
-0.084364
-0.084364
-0.08434
-0.08434
-0.084364
-0.084389
-0.084364
-0.08434
-0.084364
-0.08434
-0.08434
-0.084364
-0.084364
-0.08434
-0.084315
-0.084315
-0.084315
-0.08434
-0.084315
-0.08429
-0.08429
-0.084315
-0.08434
-0.084315
-0.08429
-0.08429
-0.084315
-0.08434
-0.084315
-0.08429
-0.08429
-0.084315
-0.08434
-0.084315
-0.08429
-0.08429
-0.084315
-0.084315
-0.084315
-0.084266
-0.084266
-0.08429
-0.084315
-0.08429
-0.084266
-0.084266
-0.08429
-0.084315
-0.084315
-0.084315
-0.084315
-0.084315
-0.084315
-0.08434
-0.08434
-0.08434
-0.084315
-0.084315
-0.08434
-0.084364
-0.084364
-0.084364
-0.084364
-0.084389
-0.084413
-0.084389
-0.084389
-0.084389
-0.084413
-0.084413
-0.084413
-0.084364
-0.084364
-0.084389
-0.084413
-0.084389
-0.084364
-0.084364
-0.084389
-0.084413
-0.084389
-0.084364
-0.08434
-0.084364
-0.084389
-0.084364
-0.08434
-0.08434
-0.08434
-0.08434
-0.084364
-0.084389
-0.084364
-0.08434
-0.08434
-0.084364
-0.084389
-0.084389
-0.084364
-0.084364
-0.084389
-0.084389
-0.084389
-0.084364
-0.084364
-0.084389
-0.084389
-0.084389
-0.084364
-0.084364
-0.084389
-0.084413
-0.084389
-0.084389
-0.084389
-0.084413
-0.084438
-0.084413
-0.084413
-0.084413
-0.084438
-0.084438
-0.084438
-0.084413
-0.084413
-0.084438
-0.084463
-0.084438
-0.084487
-0.084463
-0.084438
-0.084438
-0.084463
-0.084487
-0.084487
-0.084463
-0.084487
-0.084512
-0.084537
-0.084512
-0.084487
-0.084487
-0.084512
-0.084537
-0.084512
-0.084487
-0.084487
-0.084512
-0.084537
-0.084512
-0.084487
-0.084463
-0.084487
-0.084512
-0.084487
-0.084463
-0.084463
-0.084487
-0.084512
-0.084512
-0.084487
-0.084463
-0.084487
-0.084512
-0.084512
-0.084487
-0.084463
-0.084487
-0.084487
-0.084512
-0.084537
-0.084512
-0.084512
-0.084512
-0.084537
-0.084537
-0.084537
-0.084512
-0.084512
-0.084537
-0.084561
-0.084561
-0.084537
-0.084537
-0.084561
-0.084586
-0.084586
-0.084561
-0.084561
-0.084586
-0.08461
-0.08461
-0.084586
-0.084586
-0.08461
-0.084635
-0.08461
-0.08461
-0.084586
-0.08461
-0.084635
-0.084635
-0.08461
-0.084586
-0.08461
-0.084635
-0.084635
-0.08461
-0.084684
-0.08466
-0.08466
-0.084709
-0.084733
-0.084733
-0.084709
-0.084709
-0.084733
-0.084758
-0.084758
-0.084733
-0.084733
-0.084758
-0.084758
-0.084758
-0.084733
-0.084709
-0.084733
-0.084758
-0.084733
-0.084733
-0.084709
-0.084733
-0.084758
-0.084758
-0.084733
-0.084733
-0.084758
-0.084783
-0.084783
-0.084758
-0.084758
-0.084783
-0.084807
-0.084807
-0.084783
-0.084783
-0.084807
-0.084832
-0.084832
-0.084857
-0.084857
-0.084832
-0.084807
-0.084857
-0.084881
-0.084881
-0.084857
-0.084832
-0.084857
-0.084881
-0.084881
-0.084857
-0.084857
-0.084881
-0.084906
-0.084906
-0.084881
-0.084857
-0.084881
-0.084906
-0.084906
-0.084881
-0.084857
-0.084857
-0.084881
-0.084906
-0.084906
-0.08493
-0.08498
-0.085029
-0.085054
-0.085029
-0.085004
-0.085004
-0.085004
-0.085004
-0.084955
-0.084906
-0.084881
-0.084881
-0.084906
-0.08493
-0.08493
-0.084906
-0.084906
-0.084906
-0.08493
-0.08493
-0.084906
-0.084906
-0.084906
-0.08493
-0.08493
-0.084906
-0.084906
-0.08493
-0.084955
-0.084955
-0.08493
-0.084906
-0.08493
-0.084955
-0.084955
-0.08493
-0.08493
-0.084955
-0.08498
-0.08498
-0.084955
-0.08493
-0.084955
-0.08498
-0.08498
-0.084955
-0.08493
-0.084955
-0.08498
-0.08498
-0.08498
-0.08498
-0.084955
-0.084955
-0.084955
-0.08498
-0.08498
-0.084955
-0.084955
-0.084955
-0.08498
-0.08498
-0.084955
-0.084955
-0.08498
-0.085004
-0.085004
-0.08498
-0.084955
-0.08498
-0.085004
-0.085004
-0.08498
-0.08498
-0.08498
-0.085029
-0.085029
-0.085004
-0.085004
-0.085029
-0.085054
-0.085054
-0.085029
-0.085029
-0.085054
-0.085078
-0.085078
-0.085054
-0.085054
-0.085054
-0.085054
-0.085078
-0.085103
-0.085103
-0.085078
-0.085054
-0.085078
-0.085103
-0.085103
-0.085078
-0.085078
-0.085103
-0.085127
-0.085127
-0.085103
-0.085078
-0.085103
-0.085127
-0.085127
-0.085103
-0.085078
-0.085103
-0.085127
-0.085152
-0.085127
-0.085103
-0.085127
-0.085152
-0.085152
-0.085127
-0.085127
-0.085127
-0.085152
-0.085152
-0.085127
-0.085127
-0.085127
-0.085177
-0.085177
-0.085152
-0.085177
-0.085152
-0.085127
-0.085127
-0.085177
-0.085177
-0.085152
-0.085152
-0.085152
-0.085201
-0.085201
-0.085177
-0.085177
-0.085177
-0.085201
-0.085226
-0.085201
-0.085177
-0.085201
-0.085226
-0.085226
-0.085201
-0.085177
-0.085201
-0.085226
-0.085226
-0.085226
-0.085201
-0.085201
-0.08525
-0.08525
-0.085226
-0.085201
-0.085226
-0.08525
-0.08525
-0.085226
-0.085201
-0.085226
-0.08525
-0.085226
-0.08525
-0.085275
-0.08525
-0.085226
-0.085226
-0.085275
-0.085275
-0.08525
-0.085226
-0.08525
-0.085275
-0.085275
-0.085275
-0.08525
-0.08525
-0.085275
-0.085275
-0.085275
-0.08525
-0.08525
-0.085275
-0.085275
-0.08525
-0.085226
-0.085226
-0.085226
-0.08525
-0.085226
-0.085201
-0.085226
-0.085226
-0.08525
-0.085226
-0.085201
-0.085201
-0.085226
-0.08525
-0.085226
-0.085226
-0.085226
-0.085226
-0.085226
-0.08525
-0.085275
-0.08525
-0.085226
-0.085226
-0.08525
-0.085275
-0.08525
-0.08525
-0.08525
-0.085275
-0.085275
-0.085275
-0.085226
-0.08525
-0.085275
-0.085275
-0.08525
-0.08525
-0.08525
-0.085275
-0.0853
-0.085275
-0.085275
-0.085275
-0.0853
-0.085324
-0.0853
-0.085275
-0.0853
-0.085324
-0.085349
-0.085324
-0.0853
-0.0853
-0.085324
-0.085349
