2018
7
5
10
6
50.124
-0.028138
-0.028138
-0.028162
-0.028162
-0.028162
-0.028162
-0.028162
-0.028162
-0.028162
-0.028187
-0.028187
-0.028187
-0.028187
-0.028187
-0.028212
-0.028212
-0.028212
-0.028212
-0.028212
-0.028212
-0.028236
-0.028236
-0.028236
-0.028236
-0.028236
-0.028236
-0.028261
-0.028236
-0.028236
-0.028236
-0.028261
-0.028261
-0.028261
-0.028261
-0.028261
-0.028286
-0.028286
-0.028286
-0.028261
-0.028286
-0.028286
-0.028286
-0.028286
-0.02831
-0.02831
-0.02831
-0.02831
-0.02831
-0.028335
-0.028335
-0.02831
-0.02831
-0.028335
-0.028335
-0.028335
-0.028335
-0.028335
-0.028335
-0.028335
-0.028335
-0.028335
-0.028335
-0.028335
-0.028335
-0.028335
-0.028335
-0.028335
-0.028335
-0.028335
-0.028335
-0.028359
-0.028359
-0.028359
-0.028384
-0.028384
-0.028384
-0.028384
-0.028384
-0.028384
-0.028384
-0.028409
-0.028384
-0.028384
-0.028409
-0.028409
-0.028409
-0.028409
-0.028409
-0.028433
-0.028433
-0.028433
-0.028433
-0.028433
-0.028433
-0.028433
-0.028433
-0.028433
-0.028409
-0.028409
-0.028409
-0.028433
-0.028458
-0.028458
-0.028482
-0.028482
-0.028458
-0.028458
-0.028458
-0.028458
-0.028458
-0.028482
-0.028482
-0.028458
-0.028458
-0.028482
-0.028482
-0.028482
-0.028482
-0.028482
-0.028482
-0.028482
-0.028507
-0.028507
-0.028507
-0.028507
-0.028507
-0.028507
-0.028507
-0.028507
-0.028507
-0.028507
-0.028507
-0.028507
-0.028532
-0.028507
-0.028507
-0.028507
-0.028532
-0.028532
-0.028532
-0.028532
-0.028532
-0.028532
-0.028532
-0.028532
-0.028532
-0.028532
-0.028532
-0.028532
-0.028532
-0.028532
-0.028532
-0.028556
-0.028556
-0.028532
-0.028532
-0.028556
-0.028556
-0.028556
-0.028556
-0.028556
-0.028556
-0.028556
-0.028556
-0.028556
-0.028556
-0.028556
-0.028556
-0.028556
-0.028581
-0.028556
-0.028556
-0.028556
-0.028581
-0.028581
-0.028581
-0.028581
-0.028556
-0.028581
-0.028581
-0.028581
-0.028581
-0.028581
-0.028581
-0.028606
-0.028606
-0.028606
-0.028606
-0.028606
-0.028606
-0.028606
-0.028606
-0.028606
-0.02863
-0.02863
-0.02863
-0.02863
-0.02863
-0.02863
-0.02863
-0.02863
-0.028655
-0.028655
-0.028655
-0.028655
-0.028655
-0.028655
-0.028655
-0.028655
-0.028655
-0.028655
-0.028679
-0.028679
-0.028655
-0.028655
-0.028679
-0.028679
-0.028679
-0.028679
-0.028679
-0.028679
-0.028679
-0.028679
-0.028679
-0.028679
-0.028679
-0.028679
-0.028679
-0.028679
-0.028679
-0.028704
-0.028704
-0.028704
-0.028704
-0.028704
-0.028704
-0.028704
-0.028704
-0.028704
-0.028704
-0.028729
-0.028729
-0.028729
-0.028729
-0.028729
-0.028729
-0.028729
-0.028729
-0.028729
-0.028753
-0.028729
-0.028729
-0.028753
-0.028753
-0.028753
-0.028753
-0.028753
-0.028753
-0.028753
-0.028753
-0.028753
-0.028753
-0.028753
-0.028778
-0.028778
-0.028778
-0.028778
-0.028778
-0.028778
-0.028778
-0.028778
-0.028778
-0.028778
-0.028802
-0.028802
-0.028778
-0.028778
-0.028802
-0.028802
-0.028802
-0.028827
-0.028827
-0.028827
-0.028827
-0.028827
-0.028827
-0.028827
-0.028827
-0.028827
-0.028827
-0.028827
-0.028827
-0.028827
-0.028827
-0.028827
-0.028852
-0.028827
-0.028827
-0.028827
-0.028827
-0.028852
-0.028852
-0.028827
-0.028827
-0.028852
-0.028852
-0.028852
-0.028852
-0.028852
-0.028852
-0.028852
-0.028852
-0.028852
-0.028852
-0.028852
-0.028852
-0.028852
-0.028876
-0.028876
-0.028876
-0.028876
-0.028876
-0.028876
-0.028876
-0.028876
-0.028901
-0.028901
-0.028901
-0.028901
-0.028901
-0.028901
-0.028901
-0.028901
-0.028901
-0.028901
-0.028901
-0.028901
-0.028901
-0.028876
-0.028876
-0.028876
-0.028876
-0.028876
-0.028876
-0.028901
-0.028901
-0.028926
-0.028926
-0.028926
-0.02895
-0.02895
-0.02895
-0.02895
-0.028926
-0.028926
-0.028926
-0.028926
-0.028926
-0.028926
-0.02895
-0.02895
-0.02895
-0.02895
-0.028975
-0.028975
-0.02895
-0.02895
-0.028975
-0.028975
-0.028975
-0.028975
-0.028975
-0.02895
-0.02895
-0.02895
-0.02895
-0.028975
-0.028999
-0.029024
-0.029024
-0.028999
-0.028975
-0.028999
-0.028999
-0.028999
-0.028999
-0.028999
-0.028999
-0.028999
-0.028999
-0.028999
-0.028999
-0.028999
-0.029024
-0.029024
-0.029024
-0.029024
-0.029024
-0.029024
-0.029024
-0.029024
-0.029024
-0.029024
-0.029024
-0.029024
-0.029049
-0.029049
-0.029049
-0.029049
-0.029049
-0.029049
-0.029049
-0.029049
-0.029049
-0.029049
-0.029049
-0.029049
-0.029049
-0.029049
-0.029049
-0.029049
-0.029049
-0.029049
-0.029049
-0.029049
-0.029073
-0.029073
-0.029073
-0.029073
-0.029073
-0.029073
-0.029073
-0.029073
-0.029073
-0.029073
-0.029098
-0.029098
-0.029098
-0.029098
-0.029098
-0.029098
-0.029098
-0.029098
-0.029098
-0.029098
-0.029098
-0.029098
-0.029098
-0.029098
-0.029098
-0.029098
-0.029098
-0.029123
-0.029123
-0.029123
-0.029123
-0.029123
-0.029123
-0.029123
-0.029123
-0.029123
-0.029123
-0.029147
-0.029147
-0.029147
-0.029147
-0.029147
-0.029147
-0.029147
-0.029147
-0.029147
-0.029147
-0.029172
-0.029172
-0.029172
-0.029172
-0.029172
-0.029172
-0.029172
-0.029172
-0.029172
-0.029172
-0.029172
-0.029172
-0.029172
-0.029196
-0.029172
-0.029172
-0.029172
-0.029196
-0.029196
-0.029196
-0.029172
-0.029196
-0.029196
-0.029196
-0.029196
-0.029196
-0.029196
-0.029196
-0.029196
-0.029196
-0.029196
-0.029221
-0.029221
-0.029221
-0.029221
-0.029221
-0.029221
-0.029221
-0.029246
-0.029246
-0.029221
-0.029246
-0.029246
-0.029246
-0.029246
-0.029246
-0.029246
-0.02927
-0.02927
-0.02927
-0.02927
-0.02927
-0.02927
-0.02927
-0.029295
-0.029295
-0.029295
-0.029295
-0.029295
-0.029295
-0.029295
-0.029295
-0.029295
-0.029295
-0.029319
-0.029319
-0.029319
-0.029319
-0.029319
-0.029319
-0.029344
-0.029319
-0.029319
-0.029344
-0.029344
-0.029344
-0.029344
-0.029344
-0.029344
-0.029344
-0.029369
-0.029369
-0.029344
-0.029369
-0.029369
-0.029369
-0.029369
-0.029369
-0.029369
-0.029369
-0.029393
-0.029393
-0.029393
-0.029393
-0.029393
-0.029393
-0.029393
-0.029393
-0.029393
-0.029393
-0.029393
-0.029418
-0.029418
-0.029418
-0.029418
-0.029418
-0.029418
-0.029418
-0.029418
-0.029418
-0.029418
-0.029443
-0.029443
-0.029443
-0.029443
-0.029443
-0.029443
-0.029443
-0.029443
-0.029443
-0.029443
-0.029443
-0.029467
-0.029443
-0.029443
-0.029467
-0.029467
-0.029467
-0.029467
-0.029467
-0.029467
-0.029467
-0.029467
-0.029467
-0.029492
-0.029467
-0.029467
-0.029467
-0.029467
-0.029492
-0.029467
-0.029467
-0.029492
-0.029492
-0.029492
-0.029492
-0.029492
-0.029492
-0.029492
-0.029516
-0.029492
-0.029492
-0.029492
-0.029492
-0.029492
-0.029492
-0.029492
-0.029492
-0.029492
-0.029492
-0.029492
-0.029492
-0.029492
-0.029516
-0.029541
-0.029541
-0.029516
-0.029516
-0.029541
-0.029541
-0.029541
-0.029541
-0.029541
-0.029541
-0.029541
-0.029566
-0.029566
-0.029566
-0.029541
-0.029566
-0.029566
-0.029566
-0.029566
-0.029566
-0.029566
-0.029566
-0.029566
-0.029566
-0.029541
-0.029541
-0.029566
-0.02959
-0.02959
-0.02959
-0.02959
-0.02959
-0.02959
-0.02959
-0.029566
-0.029566
-0.02959
-0.02959
-0.02959
-0.02959
-0.02959
-0.02959
-0.02959
-0.02959
-0.029615
-0.029615
-0.029615
-0.029615
-0.029615
-0.029615
-0.029615
-0.029615
-0.029615
-0.029639
-0.029639
-0.029639
-0.029615
-0.029639
-0.029639
-0.029639
-0.029639
-0.029639
-0.029639
-0.029639
-0.029639
-0.029639
-0.029639
-0.029639
-0.029664
-0.029664
-0.029664
-0.029664
-0.029664
-0.029689
-0.029689
-0.029689
-0.029689
-0.029689
-0.029689
-0.029713
-0.029713
-0.029689
-0.029713
-0.029713
-0.029713
-0.029713
-0.029738
-0.029713
-0.029713
-0.029738
-0.029738
-0.029738
-0.029738
-0.029738
-0.029738
-0.029738
-0.029763
-0.029763
-0.029738
-0.029738
-0.029763
-0.029763
-0.029763
-0.029763
-0.029763
-0.029763
-0.029787
-0.029787
-0.029787
-0.029787
-0.029787
-0.029812
-0.029812
-0.029812
-0.029812
-0.029812
-0.029812
-0.029812
-0.029812
-0.029812
-0.029812
-0.029836
-0.029836
-0.029836
-0.029861
-0.029836
-0.029861
-0.029861
-0.029861
-0.029861
-0.029861
-0.029861
-0.029861
-0.029861
-0.029861
-0.029861
-0.029861
-0.029861
-0.029886
-0.029886
-0.029861
-0.029886
-0.029886
-0.029886
-0.029886
-0.029886
-0.029886
-0.02991
-0.02991
-0.02991
-0.02991
-0.02991
-0.02991
-0.02991
-0.02991
-0.02991
-0.02991
-0.029935
-0.029935
-0.029935
-0.029935
-0.029935
-0.029935
-0.02996
-0.02996
-0.02996
-0.02996
-0.02996
-0.02996
-0.02996
-0.02996
-0.02996
-0.02996
-0.02996
-0.029984
-0.029984
-0.029984
-0.029984
-0.029984
-0.029984
-0.029984
-0.029984
-0.029984
-0.029984
-0.029984
-0.030009
-0.030009
-0.029984
-0.029984
-0.029984
-0.030009
-0.029984
-0.029984
-0.029984
-0.030009
-0.030009
-0.030009
-0.030009
-0.030009
-0.030009
-0.030009
-0.030009
-0.030009
-0.030009
-0.030033
-0.030033
-0.030033
-0.030033
-0.030033
-0.030033
-0.030033
-0.030058
-0.030058
-0.030058
-0.030058
-0.030058
-0.030058
-0.030083
-0.030083
-0.030083
-0.030083
-0.030083
-0.030083
-0.030083
-0.030083
-0.030083
-0.030107
-0.030107
-0.030107
-0.030107
-0.030107
-0.030107
-0.030132
-0.030132
-0.030107
-0.030107
-0.030132
-0.030132
-0.030132
-0.030132
-0.030132
-0.030132
-0.030156
-0.030156
-0.030156
-0.030156
-0.030156
-0.030156
-0.030156
-0.030181
-0.030181
-0.030156
-0.030156
-0.030181
-0.030181
-0.030181
-0.030181
-0.030181
-0.030181
-0.030206
-0.030206
-0.030181
-0.030181
-0.030206
-0.030206
-0.030206
-0.030206
-0.030206
-0.030206
-0.030206
-0.030206
-0.030206
-0.030181
-0.030206
-0.030206
-0.030206
-0.030206
-0.03023
-0.03023
-0.030255
-0.030255
-0.030255
-0.030255
-0.030255
-0.030255
-0.03028
-0.03028
-0.03028
-0.03028
-0.03028
-0.030304
-0.030304
-0.030329
-0.030329
-0.030329
-0.030329
-0.030353
-0.030329
-0.030329
-0.030329
-0.030353
-0.030353
-0.030353
-0.030329
-0.030329
-0.030329
-0.030353
-0.030378
-0.030378
-0.030403
-0.030403
-0.030378
-0.030378
-0.030378
-0.030353
-0.030378
-0.030378
-0.030403
-0.030403
-0.030403
-0.030403
-0.030403
-0.030403
-0.030403
-0.030427
-0.030427
-0.030427
-0.030427
-0.030427
-0.030427
-0.030427
-0.030427
-0.030452
-0.030452
-0.030452
-0.030452
-0.030452
-0.030452
-0.030452
-0.030452
-0.030452
-0.030452
-0.030476
-0.030476
-0.030476
-0.030476
-0.030476
-0.030476
-0.030476
-0.030476
-0.030476
-0.030476
-0.030476
-0.030501
-0.030501
-0.030476
-0.030476
-0.030501
-0.030501
-0.030501
-0.030476
-0.030501
-0.030501
-0.030501
-0.030501
-0.030501
-0.030501
-0.030501
-0.030501
-0.030501
-0.030526
-0.030526
-0.030501
-0.030501
-0.030526
-0.030526
-0.030526
-0.030501
-0.030501
-0.030526
-0.030526
-0.030526
-0.030526
-0.030526
-0.03055
-0.03055
-0.03055
-0.03055
-0.03055
-0.03055
-0.03055
-0.03055
-0.03055
-0.03055
-0.03055
-0.030575
-0.030575
-0.03055
-0.03055
-0.03055
-0.030575
-0.030575
-0.030575
-0.030575
-0.030575
-0.030575
-0.030575
-0.030575
-0.030575
-0.030575
-0.030575
-0.030575
-0.030575
-0.030575
-0.030575
-0.030575
-0.030575
-0.030575
-0.030575
-0.030575
-0.030575
-0.030575
-0.030575
-0.030575
-0.030575
-0.030575
-0.030575
-0.030575
-0.030575
-0.030575
-0.030575
-0.030575
-0.030575
-0.030575
-0.030575
-0.030575
-0.0306
-0.0306
-0.0306
-0.0306
-0.0306
-0.0306
-0.0306
-0.0306
-0.0306
-0.0306
-0.0306
-0.0306
-0.0306
-0.030624
-0.030624
-0.030624
-0.030624
-0.030624
-0.030624
-0.030624
-0.030624
-0.0306
-0.030624
-0.030624
-0.030624
-0.030624
-0.030624
-0.030624
-0.030624
-0.030624
-0.030624
-0.030624
-0.030624
-0.030624
-0.030624
-0.030624
-0.030624
-0.030624
-0.030624
-0.030624
-0.030624
-0.030624
-0.030624
-0.030624
-0.030624
-0.030624
-0.030624
-0.030624
-0.0306
-0.0306
-0.0306
-0.0306
-0.030575
-0.030575
-0.030575
-0.0306
-0.0306
-0.030575
-0.030575
-0.030575
-0.0306
-0.0306
-0.030575
-0.030575
-0.030575
-0.0306
-0.0306
-0.030575
-0.030575
-0.0306
-0.0306
-0.0306
-0.0306
-0.030575
-0.0306
-0.0306
-0.0306
-0.0306
-0.0306
-0.0306
-0.0306
-0.0306
-0.0306
-0.0306
-0.0306
-0.030624
-0.030624
-0.030624
-0.030624
-0.030624
-0.030624
-0.030624
-0.030624
-0.030624
-0.030624
-0.030624
-0.030624
-0.030624
-0.030624
-0.030624
-0.030624
-0.030624
-0.030624
-0.030624
-0.030624
-0.030649
-0.030649
-0.030624
-0.030624
-0.030649
-0.030649
-0.030649
-0.030649
-0.030649
-0.030649
-0.030649
-0.030649
-0.030649
-0.030649
-0.030649
-0.030649
-0.030649
-0.030649
-0.030649
-0.030649
-0.030649
-0.030649
-0.030649
-0.030673
-0.030673
-0.030673
-0.030673
-0.030698
-0.030698
-0.030673
-0.030673
-0.030698
-0.030698
-0.030698
-0.030698
-0.030698
-0.030698
-0.030698
-0.030698
-0.030698
-0.030698
-0.030698
-0.030723
-0.030723
-0.030698
-0.030698
-0.030698
-0.030723
-0.030723
-0.030723
-0.030698
-0.030698
-0.030698
-0.030673
-0.030698
-0.030723
-0.030723
-0.030747
-0.030772
-0.030747
-0.030723
-0.030723
-0.030723
-0.030723
-0.030723
-0.030747
-0.030723
-0.030723
-0.030723
-0.030747
-0.030747
-0.030723
-0.030723
-0.030723
-0.030747
-0.030747
-0.030747
-0.030747
-0.030747
-0.030747
-0.030747
-0.030747
-0.030747
-0.030747
-0.030772
-0.030747
-0.030747
-0.030747
-0.030747
-0.030772
-0.030772
-0.030772
-0.030772
-0.030772
-0.030772
-0.030772
-0.030772
-0.030772
-0.030797
-0.030797
-0.030797
-0.030797
-0.030797
-0.030797
-0.030797
-0.030821
-0.030821
-0.030797
-0.030797
-0.030821
-0.030821
-0.030821
-0.030821
-0.030797
-0.030821
-0.030821
-0.030821
-0.030821
-0.030821
-0.030821
-0.030821
-0.030821
-0.030821
-0.030821
-0.030821
-0.030821
-0.030846
-0.030821
-0.030846
-0.030846
-0.030846
-0.030846
-0.030846
-0.030846
-0.030846
-0.03087
-0.03087
-0.03087
-0.03087
-0.03087
-0.03087
-0.03087
-0.03087
-0.030895
-0.030895
-0.030895
-0.030895
-0.03092
-0.03092
-0.03092
-0.03092
-0.03092
-0.03092
-0.03092
-0.03092
-0.03092
-0.03092
-0.03092
-0.030944
-0.03092
-0.03092
-0.03092
-0.03092
-0.03092
-0.03092
-0.03092
-0.03092
-0.03092
-0.030944
-0.03092
-0.030944
-0.030944
-0.030944
-0.030944
-0.030944
-0.030944
-0.030944
-0.030969
-0.030969
-0.030969
-0.030944
-0.030969
-0.030969
-0.030969
-0.030969
-0.030969
-0.030969
-0.030969
-0.030969
-0.030993
-0.030993
-0.030993
-0.030993
-0.030993
-0.030993
-0.030993
-0.030993
-0.030993
-0.030993
-0.030993
-0.030993
-0.030993
-0.030993
-0.030993
-0.031018
-0.031018
-0.031018
-0.030993
-0.031018
-0.031018
-0.031018
-0.031018
-0.031018
-0.031018
-0.031018
-0.031018
-0.031018
-0.031018
-0.031018
-0.031018
-0.031043
-0.031018
-0.031018
-0.031043
-0.031043
-0.031043
-0.031043
-0.031043
-0.031043
-0.031043
-0.031043
-0.031067
-0.031043
-0.031043
-0.031043
-0.031067
-0.031067
-0.031067
-0.031067
-0.031067
-0.031067
-0.031067
-0.031067
-0.031067
-0.031067
-0.031067
-0.031092
-0.031092
-0.031067
-0.031092
-0.031092
-0.031092
-0.031067
-0.031067
-0.031067
-0.031092
-0.031092
-0.031092
-0.031067
-0.031092
-0.031092
-0.031092
-0.031092
-0.031117
-0.031092
-0.031092
-0.031092
-0.031117
-0.031117
-0.031117
-0.031117
-0.031117
-0.031117
-0.031117
-0.031117
-0.031117
-0.031117
-0.031117
-0.031141
-0.031117
-0.031117
-0.031117
-0.031141
-0.031141
-0.031141
-0.031117
-0.031141
-0.031141
-0.031141
-0.031141
-0.031141
-0.031141
-0.031141
-0.031141
-0.031141
-0.031141
-0.031141
-0.031166
-0.031166
-0.031166
-0.031141
-0.031141
-0.031141
-0.031141
-0.031141
-0.031141
-0.031141
-0.031166
-0.031166
-0.03119
-0.03119
-0.03119
-0.03119
-0.03119
-0.03119
-0.03119
-0.03119
-0.03119
-0.03119
-0.03119
-0.03119
-0.03119
-0.03119
-0.031215
-0.031215
-0.031215
-0.031215
-0.031215
-0.031215
-0.031215
-0.031215
-0.031215
-0.031215
-0.031215
-0.031215
-0.031215
-0.031215
-0.03119
-0.03119
-0.031215
-0.03124
-0.03124
-0.031264
-0.03124
-0.03124
-0.03124
-0.03124
-0.03124
-0.03124
-0.03124
-0.03124
-0.03124
-0.031264
-0.03124
-0.03124
-0.03124
-0.031264
-0.031264
-0.031264
-0.031264
-0.031264
-0.031264
-0.031264
-0.031264
-0.031264
-0.031264
-0.031264
-0.031289
-0.031264
-0.031264
-0.031264
-0.031289
-0.031289
-0.031289
-0.031264
-0.031264
-0.031289
-0.031289
-0.031289
-0.031289
-0.031289
-0.031289
-0.031289
-0.031289
-0.031313
-0.031313
-0.031289
-0.031289
-0.031313
-0.031313
-0.031313
-0.031313
-0.031313
-0.031313
-0.031313
-0.031313
-0.031313
-0.031313
-0.031313
-0.031313
-0.031313
-0.031313
-0.031313
-0.031313
-0.031313
-0.031313
-0.031313
-0.031313
-0.031313
-0.031338
-0.031338
-0.031313
-0.031313
-0.031338
-0.031338
-0.031338
-0.031313
-0.031313
-0.031338
-0.031338
-0.031338
-0.031338
-0.031338
-0.031338
-0.031338
-0.031363
-0.031363
-0.031363
-0.031363
-0.031363
-0.031363
-0.031363
-0.031363
-0.031363
-0.031387
-0.031387
-0.031387
-0.031387
-0.031387
-0.031387
-0.031387
-0.031387
-0.031387
-0.031387
-0.031387
-0.031387
-0.031387
-0.031387
-0.031387
-0.031387
-0.031387
-0.031412
-0.031412
-0.031387
-0.031387
-0.031412
-0.031412
-0.031412
-0.031387
-0.031412
-0.031412
-0.031412
-0.031412
-0.031412
-0.031412
-0.031412
-0.031437
-0.031437
-0.031437
-0.031412
-0.031437
-0.031437
-0.031437
-0.031437
-0.031437
-0.031437
-0.031437
-0.031461
-0.031461
-0.031461
-0.031437
-0.031461
-0.031461
-0.031461
-0.031461
-0.031461
-0.031461
-0.031461
-0.031461
-0.031461
-0.031461
-0.031461
-0.031486
-0.031461
-0.031461
-0.031461
-0.031486
-0.031486
-0.031486
-0.031461
-0.031486
-0.031486
-0.031486
-0.031486
-0.031486
-0.031486
-0.031486
-0.03151
-0.03151
-0.03151
-0.031486
-0.03151
-0.03151
-0.03151
-0.03151
-0.03151
-0.03151
-0.03151
-0.03151
-0.03151
-0.03151
-0.03151
-0.031535
-0.031535
-0.031535
-0.03151
-0.031535
-0.031535
-0.031535
-0.031535
-0.031535
-0.031535
-0.03156
-0.03156
-0.03156
-0.03156
-0.03156
-0.03156
-0.031584
-0.031584
-0.031584
-0.031584
-0.031584
-0.031584
-0.031609
-0.031584
-0.031584
-0.031609
-0.031609
-0.031609
-0.031609
-0.031609
-0.031609
-0.031634
-0.031634
-0.031634
-0.031634
-0.031634
-0.031634
-0.031634
-0.031634
-0.031634
-0.031634
-0.031658
-0.031658
-0.031658
-0.031658
-0.031658
-0.031658
-0.031658
-0.031658
-0.031658
-0.031658
-0.031683
-0.031683
-0.031683
-0.031683
-0.031658
-0.031658
-0.031683
-0.031658
-0.031658
-0.031658
-0.031683
-0.031683
-0.031683
-0.031707
-0.031732
-0.031732
-0.031707
-0.031732
-0.031732
-0.031732
-0.031707
-0.031732
-0.031732
-0.031732
-0.031732
-0.031732
-0.031732
-0.031732
-0.031757
-0.031757
-0.031732
-0.031757
-0.031757
-0.031757
-0.031757
-0.031757
-0.031757
-0.031757
-0.031757
-0.031757
-0.031757
-0.031732
-0.031732
-0.031732
-0.031757
-0.031781
-0.031781
-0.031806
-0.031806
-0.031781
-0.031781
-0.031781
-0.031781
-0.031806
-0.031806
-0.031806
-0.031806
-0.031806
-0.031806
-0.031806
-0.031806
-0.031806
-0.031806
-0.031806
-0.03183
-0.03183
-0.03183
-0.03183
-0.03183
-0.03183
-0.03183
-0.03183
-0.03183
-0.03183
-0.03183
-0.031855
-0.03183
-0.03183
-0.03183
-0.031855
-0.031855
-0.031855
-0.031855
-0.031855
-0.031855
-0.03188
-0.03188
-0.031855
-0.031855
-0.03188
-0.03188
-0.03188
-0.031904
-0.031904
-0.031904
-0.031904
-0.031904
-0.031929
-0.031929
-0.031929
-0.031929
-0.031929
-0.031929
-0.031929
-0.031929
-0.031929
-0.031929
-0.031929
-0.031954
-0.031929
-0.031954
-0.031954
-0.031954
-0.031954
-0.031954
-0.031954
-0.031954
-0.031978
-0.031978
-0.031954
-0.031954
-0.031978
-0.031978
-0.031978
-0.031978
-0.031978
-0.032003
-0.032003
-0.032003
-0.032003
-0.032027
-0.032027
-0.032027
-0.032052
-0.032052
-0.032052
-0.032052
-0.032052
-0.032077
-0.032077
-0.032077
-0.032077
-0.032077
-0.032101
-0.032101
-0.032101
-0.032101
-0.032101
-0.032126
-0.032126
-0.032126
-0.032126
-0.032126
-0.032126
-0.03215
-0.03215
-0.03215
-0.032126
-0.03215
-0.03215
-0.03215
-0.03215
-0.03215
-0.03215
-0.032175
-0.032175
-0.032175
-0.032175
-0.032175
-0.0322
-0.032224
-0.032224
-0.032224
-0.032224
-0.032224
-0.032249
-0.032249
-0.032274
-0.032249
-0.032249
-0.032249
-0.032274
-0.032274
-0.032274
-0.032274
-0.032274
-0.032298
-0.032298
-0.032298
-0.032298
-0.032298
-0.032298
-0.032298
-0.032298
-0.032298
-0.032323
-0.032323
-0.032323
-0.032323
-0.032323
-0.032323
-0.032323
-0.032323
-0.032323
-0.032323
-0.032323
-0.032347
-0.032347
-0.032323
-0.032323
-0.032347
-0.032347
-0.032372
-0.032372
-0.032372
-0.032372
-0.032372
-0.032372
-0.032372
-0.032372
-0.032372
-0.032397
-0.032397
-0.032397
-0.032397
-0.032372
-0.032397
-0.032397
-0.032397
-0.032397
-0.032397
-0.032397
-0.032421
-0.032421
-0.032397
-0.032397
-0.032421
-0.032421
-0.032421
-0.032421
-0.032421
-0.032421
-0.032421
-0.032421
-0.032421
-0.032421
-0.032421
-0.032446
-0.032446
-0.032421
-0.032446
-0.032446
-0.032446
-0.032446
-0.032446
-0.032446
-0.032446
-0.032446
-0.032446
-0.032446
-0.032446
-0.032446
-0.032446
-0.032471
-0.032471
-0.032471
-0.032471
-0.032471
-0.032471
-0.032471
-0.032471
-0.032471
-0.032471
-0.032471
-0.032495
-0.032495
-0.032471
-0.032471
-0.032471
-0.032495
-0.032495
-0.032495
-0.032495
-0.032495
-0.032495
-0.032495
-0.032495
-0.032495
-0.032495
-0.032495
-0.032495
-0.032495
-0.032495
-0.032495
-0.032495
-0.03252
-0.03252
-0.03252
-0.03252
-0.03252
-0.03252
-0.03252
-0.03252
-0.03252
-0.03252
-0.03252
-0.032544
-0.032544
-0.03252
-0.032544
-0.032544
-0.032544
-0.032544
-0.032544
-0.032544
-0.032544
-0.032544
-0.032544
-0.032544
-0.032544
-0.032544
-0.032544
-0.032544
-0.03252
-0.03252
-0.032544
-0.032569
-0.032569
-0.032594
-0.032569
-0.032544
-0.032544
-0.032569
-0.032569
-0.032569
-0.032569
-0.032569
-0.032569
-0.032569
-0.032569
-0.032569
-0.032569
-0.032569
-0.032594
-0.032594
-0.032569
-0.032569
-0.032569
-0.032594
-0.032594
-0.032594
-0.032594
-0.032594
-0.032594
-0.032594
-0.032594
-0.032594
-0.032594
-0.032594
-0.032618
-0.032594
-0.032594
-0.032594
-0.032618
-0.032618
-0.032618
-0.032618
-0.032618
-0.032618
-0.032618
-0.032643
-0.032618
-0.032618
-0.032618
-0.032643
-0.032643
-0.032643
-0.032643
-0.032643
-0.032643
-0.032643
-0.032643
-0.032643
-0.032643
-0.032643
-0.032643
-0.032643
-0.032643
-0.032643
-0.032643
-0.032667
-0.032667
-0.032667
-0.032643
-0.032667
-0.032667
-0.032667
-0.032667
-0.032667
-0.032667
-0.032692
-0.032692
-0.032667
-0.032667
-0.032667
-0.032692
-0.032692
-0.032692
-0.032692
-0.032692
-0.032717
-0.032717
-0.032717
-0.032717
-0.032717
-0.032741
-0.032741
-0.032741
-0.032741
-0.032741
-0.032741
-0.032741
-0.032741
-0.032741
-0.032741
-0.032741
-0.032766
-0.032766
-0.032741
-0.032741
-0.032766
-0.032766
-0.032766
-0.032766
-0.032766
-0.032766
-0.032766
-0.032766
-0.032766
-0.032766
-0.032766
-0.032791
-0.032791
-0.032791
-0.032791
-0.032791
-0.032791
-0.032791
-0.032791
-0.032791
-0.032791
-0.032791
-0.032791
-0.032815
-0.032815
-0.032815
-0.032815
-0.032815
-0.032815
-0.032815
-0.032815
-0.032815
-0.032815
-0.03284
-0.03284
-0.03284
-0.032815
-0.03284
-0.03284
-0.03284
-0.03284
-0.03284
-0.03284
-0.03284
-0.03284
-0.03284
-0.03284
-0.03284
-0.032864
-0.032864
-0.03284
-0.03284
-0.032864
-0.032864
-0.032864
-0.032864
-0.032864
-0.032864
-0.032864
-0.032864
-0.032889
-0.032889
-0.032864
-0.032864
-0.032889
-0.032889
-0.032889
-0.032889
-0.032889
-0.032889
-0.032889
-0.032889
-0.032889
-0.032889
-0.032889
-0.032889
-0.032889
-0.032889
-0.032889
-0.032889
-0.032914
-0.032914
-0.032914
-0.032889
-0.032889
-0.032914
-0.032914
-0.032914
-0.032914
-0.032914
-0.032914
-0.032914
-0.032914
-0.032914
-0.032914
-0.032914
-0.032914
-0.032914
-0.032914
-0.032938
-0.032914
-0.032938
-0.032938
-0.032938
-0.032938
-0.032938
-0.032938
-0.032963
-0.032963
-0.032963
-0.032938
-0.032963
-0.032963
-0.032963
-0.032963
-0.032963
-0.032963
-0.032963
-0.032963
-0.032963
-0.032963
-0.032963
-0.032987
-0.032987
-0.032963
-0.032963
-0.032963
-0.032987
-0.032987
-0.032987
-0.032987
-0.032987
-0.032987
-0.032987
-0.032987
-0.032987
-0.032987
-0.032987
-0.032987
-0.032987
-0.032987
-0.032987
-0.032987
-0.032987
-0.033012
-0.033012
-0.033012
-0.033012
-0.033037
-0.033037
-0.033037
-0.033037
-0.033012
-0.033037
-0.033037
-0.033037
-0.033037
-0.033037
-0.033037
-0.033037
-0.033037
-0.033037
-0.033037
-0.033037
-0.033061
-0.033061
-0.033061
-0.033037
-0.033061
-0.033061
-0.033061
-0.033061
-0.033037
-0.033037
-0.033037
-0.033037
-0.033061
-0.033086
-0.033086
-0.033111
-0.033086
-0.033086
-0.033086
-0.033086
-0.033086
-0.033086
-0.033086
-0.033111
-0.033086
-0.033086
-0.033086
-0.033086
-0.033111
-0.033086
-0.033086
-0.033111
-0.033111
-0.033111
-0.033111
-0.033111
-0.033111
-0.033111
-0.033135
-0.033111
-0.033111
-0.033111
-0.033111
-0.033135
-0.033135
-0.033111
-0.033135
-0.033135
-0.033135
-0.033135
-0.033135
-0.033135
-0.033135
-0.033135
-0.033135
-0.033135
-0.03316
-0.03316
-0.03316
-0.03316
-0.03316
-0.03316
-0.03316
-0.03316
-0.03316
-0.033184
-0.033184
-0.03316
-0.033184
-0.033184
-0.033184
-0.033184
-0.033184
-0.03316
-0.033184
-0.033184
-0.033184
-0.033184
-0.033184
-0.033184
-0.033184
-0.033184
-0.033184
-0.033184
-0.033184
-0.033184
-0.033184
-0.033184
-0.033184
-0.033184
-0.033209
-0.033209
-0.033209
-0.033209
-0.033209
-0.033209
-0.033234
-0.033234
-0.033234
-0.033234
-0.033234
-0.033234
-0.033234
-0.033234
-0.033234
-0.033234
-0.033258
-0.033258
-0.033258
-0.033258
-0.033258
-0.033258
-0.033258
-0.033258
-0.033258
-0.033258
-0.033258
-0.033283
-0.033258
-0.033258
-0.033283
-0.033283
-0.033283
-0.033283
-0.033283
-0.033283
-0.033283
-0.033307
-0.033283
-0.033283
-0.033283
-0.033307
-0.033307
-0.033307
-0.033307
-0.033307
-0.033307
-0.033307
-0.033332
-0.033332
-0.033332
-0.033332
-0.033332
-0.033332
-0.033332
-0.033332
-0.033332
-0.033332
-0.033357
-0.033357
-0.033357
-0.033357
-0.033357
-0.033357
-0.033357
-0.033381
-0.033357
-0.033357
-0.033381
-0.033381
-0.033381
-0.033381
-0.033381
-0.033381
-0.033381
-0.033381
-0.033381
-0.033381
-0.033406
-0.033406
-0.033406
-0.033381
-0.033406
-0.033406
-0.033406
-0.033406
