2018
7
5
10
7
48.422
-0.10251
-0.10253
-0.10256
-0.10256
-0.10256
-0.10256
-0.10258
-0.10258
-0.10258
-0.10258
-0.10256
-0.10258
-0.10261
-0.10261
-0.10258
-0.10261
-0.10261
-0.10263
-0.10263
-0.10261
-0.10261
-0.10263
-0.10263
-0.10263
-0.10261
-0.10261
-0.10263
-0.10266
-0.10263
-0.10263
-0.10263
-0.10263
-0.10266
-0.10266
-0.10263
-0.10263
-0.10263
-0.10266
-0.10266
-0.10263
-0.10266
-0.10263
-0.10263
-0.10266
-0.10268
-0.10266
-0.10266
-0.10263
-0.10266
-0.10268
-0.10268
-0.10266
-0.10266
-0.10266
-0.10268
-0.10268
-0.10268
-0.10266
-0.10268
-0.1027
-0.1027
-0.10268
-0.10268
-0.1027
-0.10273
-0.10273
-0.1027
-0.1027
-0.10273
-0.10273
-0.10273
-0.1027
-0.1027
-0.10273
-0.10275
-0.10273
-0.10273
-0.1027
-0.10273
-0.10275
-0.10275
-0.10275
-0.10273
-0.10273
-0.10273
-0.10275
-0.10275
-0.10273
-0.10273
-0.10273
-0.10275
-0.10275
-0.10273
-0.10273
-0.10275
-0.10275
-0.10275
-0.10273
-0.10273
-0.1027
-0.10275
-0.10275
-0.10275
-0.10275
-0.10278
-0.1028
-0.1028
-0.10278
-0.10278
-0.1028
-0.10283
-0.10283
-0.1028
-0.1028
-0.10283
-0.10283
-0.10283
-0.10283
-0.1028
-0.10283
-0.10283
-0.10285
-0.10285
-0.10283
-0.10283
-0.10285
-0.10285
-0.10285
-0.10283
-0.10283
-0.10285
-0.10288
-0.10288
-0.10285
-0.10285
-0.10288
-0.10288
-0.10288
-0.10288
-0.10285
-0.10288
-0.1029
-0.1029
-0.10288
-0.10288
-0.1029
-0.1029
-0.1029
-0.1029
-0.10288
-0.1029
-0.10293
-0.10293
-0.1029
-0.1029
-0.1029
-0.10293
-0.10293
-0.10293
-0.1029
-0.10293
-0.10293
-0.10293
-0.10295
-0.10295
-0.10293
-0.1029
-0.10293
-0.10295
-0.10295
-0.10293
-0.1029
-0.10293
-0.10295
-0.10295
-0.10293
-0.1029
-0.10293
-0.10293
-0.10293
-0.10293
-0.1029
-0.10293
-0.10295
-0.10295
-0.10295
-0.10293
-0.10295
-0.10298
-0.10298
-0.10295
-0.10295
-0.10295
-0.10298
-0.103
-0.10298
-0.10298
-0.10298
-0.103
-0.103
-0.103
-0.103
-0.10298
-0.10295
-0.10295
-0.10293
-0.1029
-0.1029
-0.10293
-0.103
-0.1031
-0.10315
-0.1032
-0.10322
-0.10325
-0.10325
-0.1032
-0.10312
-0.10307
-0.103
-0.103
-0.103
-0.10298
-0.10298
-0.103
-0.10302
-0.10302
-0.103
-0.103
-0.103
-0.10302
-0.10302
-0.103
-0.103
-0.103
-0.10302
-0.10302
-0.103
-0.103
-0.103
-0.103
-0.103
-0.10302
-0.10302
-0.103
-0.103
-0.103
-0.10302
-0.10302
-0.103
-0.10298
-0.103
-0.103
-0.103
-0.10298
-0.10295
-0.10298
-0.10298
-0.10298
-0.10295
-0.10295
-0.10295
-0.10298
-0.10298
-0.10295
-0.10293
-0.10295
-0.10295
-0.10295
-0.10293
-0.10293
-0.10293
-0.10295
-0.10295
-0.10293
-0.1029
-0.1029
-0.10293
-0.10293
-0.1029
-0.10293
-0.10293
-0.1029
-0.10293
-0.10295
-0.10295
-0.10293
-0.10293
-0.10293
-0.10295
-0.10298
-0.10295
-0.10295
-0.10295
-0.10298
-0.103
-0.10298
-0.10298
-0.10298
-0.103
-0.103
-0.103
-0.10298
-0.10298
-0.103
-0.10298
-0.10293
-0.1029
-0.10293
-0.10295
-0.10298
-0.10298
-0.10298
-0.10298
-0.103
-0.103
-0.103
-0.10298
-0.10298
-0.103
-0.10298
-0.103
-0.103
-0.10298
-0.10295
-0.10295
-0.10298
-0.10298
-0.10295
-0.10295
-0.10295
-0.10298
-0.10298
-0.10295
-0.10295
-0.10295
-0.10298
-0.10298
-0.10298
-0.10295
-0.10293
-0.10293
-0.10293
-0.1029
-0.10288
-0.10288
-0.1029
-0.1029
-0.10288
-0.10288
-0.10288
-0.1029
-0.1029
-0.10288
-0.10288
-0.10288
-0.10288
-0.1029
-0.10288
-0.10288
-0.1029
-0.1029
-0.1029
-0.10293
-0.10293
-0.1029
-0.1029
-0.10293
-0.10295
-0.10298
-0.10295
-0.10295
-0.10295
-0.10298
-0.103
-0.10298
-0.10298
-0.10298
-0.103
-0.103
-0.103
-0.10298
-0.103
-0.103
-0.10302
-0.103
-0.103
-0.103
-0.10302
-0.10302
-0.103
-0.103
-0.103
-0.10302
-0.10302
-0.10302
-0.103
-0.103
-0.10302
-0.10302
-0.10302
-0.10305
-0.10302
-0.103
-0.10302
-0.10305
-0.10305
-0.10305
-0.103
-0.10298
-0.103
-0.103
-0.10298
-0.10295
-0.10295
-0.10298
-0.10298
-0.10298
-0.10295
-0.10295
-0.10298
-0.103
-0.10298
-0.10298
-0.10298
-0.103
-0.103
-0.10298
-0.10298
-0.10298
-0.103
-0.103
-0.103
-0.10298
-0.10298
-0.103
-0.103
-0.103
-0.10298
-0.10298
-0.103
-0.103
-0.10302
-0.10302
-0.10302
-0.103
-0.103
-0.10302
-0.10305
-0.10302
-0.10302
-0.10302
-0.10305
-0.10305
-0.10305
-0.10302
-0.10302
-0.10305
-0.10307
-0.10305
-0.10305
-0.10305
-0.10307
-0.10307
-0.10307
-0.10305
-0.10305
-0.10307
-0.1031
-0.10307
-0.10305
-0.10305
-0.10307
-0.10307
-0.10307
-0.10305
-0.10305
-0.10307
-0.1031
-0.10307
-0.1031
-0.1031
-0.10307
-0.10307
-0.1031
-0.10312
-0.1031
-0.1031
-0.1031
-0.10312
-0.10315
-0.10312
-0.10312
-0.10312
-0.10312
-0.10315
-0.10312
-0.10312
-0.10312
-0.10312
-0.10312
-0.10307
-0.10302
-0.10305
-0.10312
-0.1032
-0.10327
-0.10332
-0.10339
-0.10344
-0.10347
-0.10342
-0.10334
-0.1033
-0.10327
-0.10325
-0.1032
-0.10317
-0.10317
-0.10317
-0.10315
-0.10317
-0.1032
-0.10317
-0.10315
-0.10317
-0.10317
-0.1032
-0.1032
-0.10317
-0.10317
-0.1032
-0.1032
-0.1032
-0.10317
-0.10317
-0.1032
-0.1032
-0.1032
-0.10317
-0.10317
-0.10317
-0.1032
-0.1032
-0.10317
-0.10317
-0.10317
-0.1032
-0.1032
-0.10317
-0.10317
-0.10317
-0.1032
-0.10317
-0.10317
-0.10317
-0.10317
-0.1032
-0.1032
-0.10317
-0.10322
-0.10322
-0.10322
-0.10325
-0.10325
-0.10325
-0.10322
-0.10322
-0.10322
-0.10325
-0.10322
-0.10322
-0.10322
-0.10322
-0.10325
-0.10325
-0.10322
-0.10322
-0.10325
-0.10325
-0.10325
-0.10325
-0.10325
-0.10327
-0.1033
-0.1033
-0.10327
-0.10327
-0.1033
-0.10332
-0.10332
-0.1033
-0.1033
-0.10332
-0.10334
-0.10334
-0.10332
-0.10332
-0.10334
-0.10334
-0.10334
-0.10337
-0.10337
-0.10334
-0.10334
-0.10337
-0.10337
-0.10337
-0.10334
-0.10334
-0.10337
-0.10339
-0.10337
-0.10337
-0.10334
-0.10337
-0.10339
-0.10339
-0.10337
-0.10334
-0.10334
-0.10334
-0.10334
-0.10332
-0.1033
-0.10332
-0.10334
-0.10332
-0.10332
-0.1033
-0.10332
-0.10334
-0.10332
-0.10332
-0.1033
-0.10332
-0.10334
-0.10334
-0.10332
-0.10332
-0.10332
-0.10334
-0.10334
-0.10334
-0.10332
-0.10332
-0.10334
-0.10337
-0.10334
-0.10334
-0.10332
-0.10334
-0.10337
-0.10337
-0.10334
-0.10334
-0.10334
-0.10337
-0.10337
-0.10334
-0.10334
-0.10334
-0.10337
-0.10337
-0.10334
-0.10334
-0.10334
-0.10337
-0.10337
-0.10334
-0.10334
-0.10334
-0.10337
-0.10337
-0.10334
-0.10334
-0.10337
-0.10337
-0.10337
-0.10334
-0.10337
-0.10334
-0.10334
-0.10337
-0.10337
-0.10337
-0.10334
-0.10334
-0.10337
-0.10337
-0.10337
-0.10337
-0.10334
-0.10337
-0.10339
-0.10339
-0.10337
-0.10337
-0.10337
-0.10339
-0.10337
-0.10334
-0.10334
-0.10337
-0.10337
-0.10337
-0.10337
-0.10337
-0.10337
-0.10339
-0.10339
-0.10337
-0.10337
-0.10337
-0.10339
-0.10339
-0.10337
-0.10337
-0.10337
-0.10339
-0.10337
-0.10339
-0.10339
-0.10337
-0.10334
-0.10337
-0.10339
-0.10339
-0.10337
-0.10337
-0.10337
-0.10339
-0.10339
-0.10337
-0.10337
-0.10339
-0.10339
-0.10339
-0.10337
-0.10337
-0.10337
-0.10339
-0.10339
-0.10337
-0.10337
-0.10337
-0.10339
-0.10339
-0.10337
-0.10337
-0.10337
-0.10339
-0.10339
-0.10337
-0.10337
-0.10337
-0.10339
-0.10339
-0.10337
-0.10337
-0.10337
-0.10337
-0.10337
-0.10339
-0.10337
-0.10337
-0.10334
-0.10337
-0.10339
-0.10342
-0.10339
-0.10339
-0.10339
-0.10342
-0.10342
-0.10342
-0.10339
-0.10342
-0.10344
-0.10344
-0.10342
-0.10342
-0.10344
-0.10344
-0.10344
-0.10344
-0.10342
-0.10342
-0.10344
-0.10344
-0.10342
-0.10342
-0.10342
-0.10339
-0.10334
-0.10332
-0.10334
-0.10342
-0.10354
-0.10362
-0.10374
-0.10369
-0.10362
-0.10357
-0.10354
-0.10352
-0.10349
-0.10344
-0.10344
-0.10344
-0.10347
-0.10347
-0.10344
-0.10342
-0.10344
-0.10347
-0.10347
-0.10344
-0.10342
-0.10344
-0.10347
-0.10347
-0.10344
-0.10344
-0.10344
-0.10347
-0.10347
-0.10344
-0.10344
-0.10344
-0.10347
-0.10347
-0.10344
-0.10344
-0.10344
-0.10347
-0.10347
-0.10347
-0.10344
-0.10347
-0.10344
-0.10344
-0.10347
-0.10347
-0.10344
-0.10344
-0.10344
-0.10347
-0.10347
-0.10344
-0.10344
-0.10344
-0.10347
-0.10347
-0.10344
-0.10344
-0.10344
-0.10347
-0.10347
-0.10344
-0.10342
-0.10344
-0.10344
-0.10347
-0.10344
-0.10342
-0.10344
-0.10347
-0.10347
-0.10344
-0.10342
-0.10344
-0.10347
-0.10347
-0.10344
-0.10344
-0.10347
-0.10349
-0.10349
-0.10349
-0.10354
-0.10352
-0.10349
-0.10352
-0.10354
-0.10354
-0.10354
-0.10352
-0.10354
-0.10357
-0.10357
-0.10354
-0.10354
-0.10354
-0.10357
-0.10357
-0.10354
-0.10354
-0.10354
-0.10357
-0.10357
-0.10354
-0.10354
-0.10354
-0.10357
-0.10357
-0.10354
-0.10352
-0.10354
-0.10354
-0.10354
-0.10354
-0.10352
-0.10352
-0.10354
-0.10357
-0.10354
-0.10352
-0.10352
-0.10354
-0.10352
-0.10354
-0.10354
-0.10352
-0.10352
-0.10352
-0.10354
-0.10354
-0.10352
-0.10349
-0.10349
-0.10352
-0.10354
-0.10352
-0.10349
-0.10352
-0.10352
-0.10352
-0.10349
-0.10347
-0.10347
-0.10349
-0.10349
-0.10347
-0.10344
-0.10344
-0.10347
-0.10347
-0.10344
-0.10342
-0.10342
-0.10344
-0.10344
-0.10342
-0.10339
-0.10342
-0.10342
-0.10344
-0.10342
-0.10339
-0.10339
-0.10339
-0.10339
-0.10342
-0.10342
-0.10342
-0.10339
-0.10342
-0.10344
-0.10344
-0.10344
-0.10342
-0.10344
-0.10347
-0.10347
-0.10344
-0.10344
-0.10344
-0.10347
-0.10347
-0.10347
-0.10344
-0.10347
-0.10349
-0.10349
-0.10349
-0.10347
-0.10349
-0.10352
-0.10352
-0.10352
-0.10349
-0.10352
-0.10352
-0.10354
-0.10352
-0.10349
-0.10352
-0.10354
-0.10354
-0.10357
-0.10357
-0.10357
-0.10354
-0.10357
-0.10359
-0.10359
-0.10359
-0.10357
-0.10357
-0.10359
-0.10362
-0.10359
-0.10359
-0.10359
-0.10362
-0.10364
-0.10362
-0.10359
-0.10362
-0.10364
-0.10364
-0.10364
-0.10362
-0.10364
-0.10364
-0.10366
-0.10364
-0.10364
-0.10364
-0.10366
-0.10366
-0.10366
-0.10364
-0.10364
-0.10366
-0.10369
-0.10366
-0.10366
-0.10366
-0.10366
-0.10366
-0.10369
-0.10369
-0.10369
-0.10366
-0.10366
-0.10369
-0.10369
-0.10366
-0.10366
-0.10366
-0.10366
-0.10369
-0.10369
-0.10366
-0.10366
-0.10369
-0.10371
-0.10369
-0.10366
-0.10366
-0.10369
-0.10371
-0.10369
-0.10369
-0.10369
-0.10369
-0.10371
-0.10369
-0.10369
-0.10369
-0.10369
-0.10371
-0.10369
-0.10366
-0.10366
-0.10369
-0.10369
-0.10366
-0.10364
-0.10369
-0.10374
-0.10381
-0.10391
-0.10396
-0.10396
-0.10391
-0.10386
-0.10384
-0.10381
-0.10376
-0.10371
-0.10369
-0.10371
-0.10371
-0.10369
-0.10366
-0.10366
-0.10369
-0.10369
-0.10369
-0.10366
-0.10366
-0.10369
-0.10369
-0.10366
-0.10366
-0.10366
-0.10366
-0.10369
-0.10366
-0.10364
-0.10366
-0.10366
-0.10369
-0.10366
-0.10364
-0.10366
-0.10369
-0.10369
-0.10371
-0.10374
-0.10374
-0.10371
-0.10371
-0.10374
-0.10374
-0.10374
-0.10371
-0.10371
-0.10374
-0.10374
-0.10374
-0.10371
-0.10371
-0.10374
-0.10374
-0.10374
-0.10369
-0.10369
-0.10371
-0.10374
-0.10371
-0.10369
-0.10369
-0.10371
-0.10371
-0.10371
-0.10369
-0.10369
-0.10371
-0.10371
-0.10371
-0.10369
-0.10369
-0.10371
-0.10374
-0.10374
-0.10371
-0.10376
-0.10376
-0.10376
-0.10379
-0.10381
-0.10379
-0.10379
-0.10379
-0.10381
-0.10381
-0.10381
-0.10381
-0.10381
-0.10384
-0.10384
-0.10384
-0.10381
-0.10381
-0.10384
-0.10384
-0.10384
-0.10381
-0.10381
-0.10384
-0.10386
-0.10386
-0.10384
-0.10384
-0.10386
-0.10386
-0.10386
-0.10384
-0.10384
-0.10386
-0.10386
-0.10386
-0.10384
-0.10384
-0.10386
-0.10389
-0.10386
-0.10386
-0.10386
-0.10386
-0.10384
-0.10386
-0.10389
-0.10389
-0.10386
-0.10386
-0.10389
-0.10389
-0.10389
-0.10386
-0.10386
-0.10389
-0.10391
-0.10389
-0.10389
-0.10386
-0.10389
-0.10391
-0.10391
-0.10389
-0.10389
-0.10391
-0.10394
-0.10391
-0.10391
-0.10391
-0.10391
-0.10394
-0.10394
-0.10391
-0.10391
-0.10391
-0.10394
-0.10394
-0.10391
-0.10391
-0.10394
-0.10394
-0.10394
-0.10396
-0.10396
-0.10394
-0.10391
-0.10394
-0.10396
-0.10396
-0.10394
-0.10394
-0.10396
-0.10396
-0.10396
-0.10394
-0.10394
-0.10396
-0.10396
-0.10396
-0.10394
-0.10394
-0.10396
-0.10398
-0.10398
-0.10396
-0.10396
-0.10398
-0.10398
-0.10398
-0.10396
-0.10396
-0.10396
-0.10398
-0.10398
-0.10396
-0.10396
-0.10398
-0.10398
-0.10398
-0.10398
-0.10398
-0.10396
-0.10396
-0.10398
-0.10398
-0.10398
-0.10396
-0.10396
-0.10398
-0.10398
-0.10398
-0.10396
-0.10396
-0.10398
-0.10401
-0.10401
-0.10398
-0.10398
-0.10398
-0.10401
-0.10401
-0.10398
-0.10398
-0.10398
-0.10401
-0.10401
-0.10398
-0.10398
-0.10398
-0.10401
-0.10401
-0.10398
-0.10398
-0.10398
-0.10401
-0.10401
-0.10398
-0.10398
-0.10398
-0.10398
-0.10398
-0.10401
-0.10401
-0.10398
-0.10396
-0.10398
-0.10401
-0.10401
-0.10398
-0.10396
-0.10396
-0.10398
-0.10398
-0.10396
-0.10396
-0.10396
-0.10398
-0.10398
-0.10396
-0.10396
-0.10396
-0.10398
-0.10398
-0.10396
-0.10394
-0.10396
-0.10396
-0.10396
-0.10394
-0.10394
-0.10396
-0.10398
-0.10398
-0.10396
-0.10396
-0.10396
-0.10398
-0.10398
-0.10396
-0.10398
-0.10396
-0.10394
-0.10396
-0.10398
-0.10396
-0.10396
-0.10394
-0.10394
-0.10396
-0.10396
-0.10394
-0.10391
-0.10389
-0.10386
-0.10384
-0.10384
-0.10386
-0.10396
-0.10403
-0.10411
-0.10413
-0.10418
-0.10418
-0.10416
-0.10411
-0.10403
-0.10398
-0.10398
-0.10396
-0.10394
-0.10394
-0.10391
-0.10391
-0.10394
-0.10394
-0.10391
-0.10389
-0.10391
-0.10391
-0.10389
-0.10391
-0.10391
-0.10389
-0.10389
-0.10391
-0.10391
-0.10391
-0.10389
-0.10389
-0.10389
-0.10391
-0.10391
-0.10389
-0.10389
-0.10389
-0.10391
-0.10391
-0.10389
-0.10386
-0.10389
-0.10389
-0.10389
-0.10389
-0.10386
-0.10386
-0.10389
-0.10389
-0.10386
-0.10386
-0.10386
-0.10389
-0.10389
-0.10386
-0.10384
-0.10386
-0.10386
-0.10386
-0.10384
-0.10384
-0.10384
-0.10381
-0.10381
-0.10384
-0.10384
-0.10381
-0.10381
-0.10381
-0.10384
-0.10384
-0.10381
-0.10381
-0.10381
-0.10384
-0.10384
-0.10384
-0.10381
-0.10384
-0.10386
-0.10389
-0.10386
-0.10386
-0.10389
-0.10389
-0.10391
-0.10389
-0.10389
-0.10389
-0.10391
-0.10391
-0.10391
-0.10389
-0.10391
-0.10391
-0.10391
-0.10391
-0.10389
-0.10391
-0.10394
-0.10394
-0.10381
-0.10366
-0.10362
-0.10362
-0.10362
-0.10364
-0.10364
-0.10364
-0.10364
-0.10364
-0.10366
-0.10366
-0.10366
-0.10364
-0.10366
-0.10369
-0.10369
-0.10366
-0.10366
-0.10366
-0.10369
-0.10369
-0.10369
-0.10366
-0.10369
-0.10371
-0.10371
-0.10369
-0.10369
-0.10369
-0.10371
-0.10374
-0.10371
-0.10371
-0.10371
-0.10374
-0.10374
-0.10374
-0.10371
-0.10374
-0.10374
-0.10374
-0.10376
-0.10376
-0.10376
-0.10374
-0.10376
-0.10376
-0.10379
-0.10376
-0.10374
-0.10376
-0.10379
-0.10379
-0.10376
-0.10376
-0.10376
-0.10379
-0.10379
-0.10376
-0.10376
-0.10376
-0.10379
-0.10379
-0.10379
-0.10376
-0.10376
-0.10379
-0.10381
-0.10379
-0.10376
-0.10379
-0.10381
-0.10381
-0.10379
-0.10379
-0.10379
-0.10381
-0.10384
-0.10381
-0.10384
-0.10381
-0.10384
-0.10386
-0.10386
-0.10384
-0.10384
-0.10384
-0.10386
-0.10386
-0.10384
-0.10384
-0.10384
-0.10386
-0.10386
-0.10386
-0.10384
-0.10384
-0.10386
-0.10389
-0.10386
-0.10384
-0.10386
-0.10386
-0.10389
-0.10386
-0.10386
-0.10386
-0.10389
-0.10389
-0.10389
-0.10386
-0.10386
-0.10389
-0.10389
-0.10389
-0.10386
-0.10389
-0.10389
-0.10389
-0.10389
-0.10389
-0.10389
-0.10386
-0.10386
-0.10389
-0.10389
-0.10386
-0.10386
-0.10386
-0.10386
-0.10389
-0.10386
-0.10386
-0.10386
-0.10389
-0.10389
-0.10389
-0.10389
-0.10389
-0.10391
-0.10391
-0.10391
-0.10389
-0.10389
-0.10394
-0.10394
-0.10391
-0.10391
-0.10391
-0.10394
-0.10394
-0.10391
-0.10389
-0.10389
-0.10389
-0.10389
-0.10386
-0.10386
-0.10386
-0.10384
-0.10384
-0.10386
-0.10386
-0.10386
-0.10384
-0.10384
-0.10386
-0.10386
-0.10386
-0.10384
-0.10381
-0.10384
-0.10384
-0.10384
-0.10381
-0.10384
-0.10386
-0.10389
-0.10386
-0.10386
-0.10386
-0.10389
-0.10389
-0.10386
-0.10386
-0.10386
-0.10386
-0.10386
-0.10386
-0.10384
-0.10381
-0.10381
-0.10376
-0.10376
-0.10379
-0.10386
-0.10394
-0.10403
-0.10408
-0.10408
-0.10401
-0.10396
-0.10394
-0.10391
-0.10389
-0.10386
-0.10384
-0.10384
-0.10386
-0.10386
-0.10386
-0.10384
-0.10386
-0.10386
-0.10389
-0.10389
-0.10386
-0.10386
-0.10389
-0.10391
-0.10389
-0.10386
-0.10386
-0.10389
-0.10391
-0.10389
-0.10386
-0.10386
-0.10389
-0.10391
-0.10389
-0.10386
-0.10386
-0.10389
-0.10391
-0.10389
-0.10386
-0.10386
-0.10389
-0.10386
-0.10386
-0.10386
-0.10386
-0.10384
-0.10381
-0.10381
-0.10381
-0.10376
-0.10374
-0.10371
-0.10371
-0.10369
-0.10366
-0.10364
-0.10364
-0.10364
-0.10364
-0.10364
-0.10362
-0.10364
-0.10366
-0.10366
-0.10366
-0.10364
-0.10364
-0.10364
-0.10366
-0.10364
-0.10362
-0.10362
-0.10364
-0.10366
-0.10366
-0.10366
-0.10366
-0.10369
-0.10371
-0.10371
-0.10369
-0.10371
-0.10371
-0.10371
-0.10371
-0.10374
-0.10371
-0.10366
-0.10364
-0.10364
-0.10364
-0.10362
-0.10359
-0.10359
-0.10359
-0.10359
-0.10359
-0.10357
-0.10357
-0.10357
-0.10357
-0.10357
-0.10354
-0.10352
-0.10354
-0.10354
-0.10352
-0.10349
-0.10349
-0.10349
-0.10349
-0.10347
-0.10344
-0.10344
-0.10347
-0.10347
-0.10344
-0.10342
-0.10342
-0.10344
-0.10347
-0.10347
-0.10349
-0.10347
-0.10347
-0.10347
-0.10349
-0.10349
-0.10349
-0.10347
-0.10347
-0.10347
-0.10347
-0.10344
-0.10342
-0.10342
-0.10344
-0.10344
-0.10344
-0.10342
-0.10339
-0.10342
-0.10344
-0.10344
-0.10342
-0.10342
-0.10344
-0.10344
-0.10344
-0.10344
-0.10344
-0.10347
-0.10347
-0.10347
-0.10344
-0.10344
-0.10347
-0.10349
-0.10349
-0.10347
-0.10347
-0.10347
-0.10347
-0.10349
-0.10352
-0.10352
-0.10349
-0.10349
-0.10349
-0.10352
-0.10352
-0.10349
-0.10349
-0.10349
-0.10352
-0.10352
-0.10349
-0.10349
-0.10352
-0.10354
-0.10354
-0.10352
-0.10352
-0.10352
-0.10354
-0.10354
-0.10352
-0.10352
-0.10354
-0.10357
-0.10357
-0.10354
-0.10354
-0.10357
-0.10359
-0.10359
-0.10357
-0.10357
-0.10359
-0.10362
-0.10362
-0.10362
-0.10362
-0.10359
-0.10359
-0.10362
-0.10362
-0.10362
-0.10362
-0.10362
-0.10362
-0.10364
-0.10364
-0.10364
-0.10364
-0.10366
-0.10366
-0.10366
-0.10366
-0.10366
-0.10369
-0.10369
-0.10369
-0.10369
-0.10369
-0.10371
-0.10374
-0.10374
-0.10371
-0.10371
-0.10374
-0.10376
-0.10376
-0.10374
-0.10374
-0.10376
-0.10379
-0.10379
-0.10376
-0.10376
-0.10376
-0.10376
-0.10379
-0.10379
-0.10379
-0.10376
-0.10376
-0.10379
-0.10381
-0.10379
-0.10379
-0.10379
-0.10381
-0.10384
-0.10384
-0.10381
-0.10381
-0.10381
-0.10384
-0.10384
-0.10381
-0.10381
-0.10384
-0.10386
-0.10384
-0.10384
-0.10381
-0.10384
-0.10386
-0.10386
-0.10384
-0.10384
-0.10386
-0.10389
-0.10389
-0.10389
-0.10386
-0.10389
-0.10391
-0.10391
-0.10391
-0.10391
-0.10391
-0.10394
-0.10396
-0.10396
-0.10394
-0.10394
-0.10396
-0.10396
-0.10396
-0.10394
-0.10394
-0.10391
-0.10389
-0.10386
-0.10386
-0.10391
-0.10401
-0.10411
-0.10418
-0.10423
-0.10426
-0.10426
-0.10423
-0.10418
-0.10411
-0.10408
-0.10406
-0.10406
-0.10403
-0.10401
-0.10398
-0.10401
-0.10403
-0.10403
-0.10401
-0.10401
-0.10401
-0.10403
-0.10403
-0.10403
-0.10403
-0.10401
-0.10401
-0.10403
-0.10403
-0.10403
-0.10403
-0.10401
-0.10403
-0.10403
-0.10403
-0.10401
-0.10401
-0.10401
-0.10403
-0.10403
-0.10401
-0.10398
-0.10401
-0.10403
-0.10403
-0.10401
-0.10401
-0.10401
-0.10403
-0.10403
-0.10401
-0.10398
-0.10401
-0.10403
-0.10401
-0.10401
-0.10398
-0.10401
-0.10401
-0.10401
-0.10398
-0.10396
-0.10396
-0.10394
-0.10396
-0.10396
-0.10396
-0.10396
-0.10394
-0.10396
-0.10396
-0.10396
-0.10396
-0.10394
-0.10396
-0.10398
-0.10398
-0.10396
-0.10396
-0.10398
-0.10401
-0.10403
-0.10401
-0.10401
-0.10403
-0.10406
-0.10406
-0.10403
-0.10403
-0.10406
-0.10406
-0.10408
-0.10406
-0.10406
-0.10406
-0.10408
-0.10408
-0.10408
-0.10406
-0.10408
-0.10411
-0.10411
-0.10411
-0.10413
-0.10411
-0.10411
-0.10411
-0.10413
-0.10413
-0.10411
-0.10411
-0.10411
-0.10413
-0.10413
-0.10413
-0.10411
-0.10413
-0.10416
-0.10416
-0.10413
-0.10413
-0.10413
-0.10416
-0.10416
-0.10416
-0.10413
-0.10416
-0.10416
-0.10418
-0.10416
-0.10413
-0.10416
-0.10418
-0.10418
-0.10418
-0.10416
-0.10418
-0.10421
-0.10421
-0.10418
-0.10418
-0.10418
-0.10421
-0.10421
-0.10423
-0.10421
-0.10421
-0.10421
-0.10423
-0.10423
-0.10423
-0.10421
-0.10423
-0.10426
-0.10426
-0.10423
-0.10421
-0.10423
-0.10426
-0.10426
-0.10423
-0.10423
-0.10423
-0.10426
-0.10426
-0.10426
-0.10423
-0.10421
-0.10423
-0.10423
-0.10421
-0.10421
-0.10421
-0.10423
-0.10423
-0.10423
-0.10421
-0.10423
-0.10423
-0.10426
-0.10423
-0.10423
-0.10423
-0.10423
-0.10426
-0.10428
-0.10428
-0.10426
-0.10423
-0.10426
-0.10426
-0.10428
-0.10426
-0.10423
-0.10426
-0.10428
-0.10428
-0.10428
-0.10426
-0.10428
-0.10428
-0.1043
-0.10428
-0.10428
-0.10428
-0.1043
-0.1043
-0.1043
-0.10428
-0.1043
-0.1043
-0.10433
-0.1043
-0.10428
-0.1043
-0.10433
-0.10433
-0.10433
-0.1043
-0.1043
-0.10433
-0.10433
-0.10433
-0.10435
-0.10433
-0.1043
-0.10433
-0.10433
-0.10433
-0.10433
-0.1043
-0.10433
-0.10433
-0.10435
-0.10433
-0.10433
-0.10433
-0.10433
-0.10435
-0.10435
-0.10433
-0.10435
-0.10435
-0.10438
-0.10435
-0.10435
-0.10435
-0.10438
-0.10438
-0.10438
-0.10435
-0.10435
-0.10438
-0.10438
-0.10438
-0.10435
-0.10435
-0.10438
-0.1044
-0.10438
-0.10435
-0.10438
-0.1044
-0.1044
-0.10443
-0.10443
-0.10443
-0.1044
-0.10443
-0.10443
-0.10445
-0.10445
-0.10443
-0.10443
-0.10445
-0.10445
-0.10445
-0.10443
-0.10443
-0.10445
-0.10448
-0.10445
-0.10443
-0.10443
-0.10445
-0.10443
-0.10435
-0.10435
-0.1044
-0.10448
-0.10458
-0.10462
-0.1047
-0.10475
-0.1048
-0.10477
-0.10472
-0.10465
-0.10462
-0.10462
-0.1046
-0.10458
-0.10455
-0.10458
-0.10455
-0.10455
-0.10458
-0.1046
-0.1046
-0.10458
-0.10458
-0.1046
-0.10462
-0.1046
-0.1046
-0.1046
-0.10462
-0.10462
-0.10462
-0.1046
-0.1046
-0.10462
-0.10462
-0.10462
-0.10462
-0.10462
-0.10465
-0.10465
-0.10465
-0.10462
-0.10465
-0.10465
-0.10467
-0.10465
-0.10465
-0.10465
-0.10467
-0.10467
-0.10467
-0.10465
-0.10465
-0.10467
-0.10467
-0.10467
-0.10467
-0.10465
-0.10462
-0.10462
-0.10465
-0.10465
-0.10462
-0.1046
-0.1046
-0.10462
-0.10462
-0.10462
-0.1046
-0.1046
-0.10462
-0.10462
-0.1046
-0.1046
-0.1046
-0.10462
-0.10465
-0.10465
-0.10462
-0.10462
-0.10465
-0.10467
-0.10465
-0.10465
-0.10465
-0.10467
-0.10467
-0.10467
-0.10465
-0.10467
-0.10467
-0.1047
-0.1047
-0.10467
-0.10467
-0.1047
-0.1047
-0.10472
-0.10472
-0.10472
-0.1047
-0.1047
-0.10472
-0.10472
-0.10472
-0.1047
-0.1047
-0.10472
-0.10472
-0.10472
-0.1047
-0.1047
-0.10472
-0.10475
-0.10472
-0.10472
-0.10472
-0.10475
-0.10475
-0.10475
-0.10472
-0.10472
-0.10475
-0.10475
-0.10475
-0.10472
-0.10472
-0.10475
-0.10475
-0.10475
-0.10472
-0.10472
-0.10475
-0.10477
-0.10475
-0.10477
-0.10477
-0.10475
-0.10475
-0.10477
-0.10477
-0.10477
-0.10475
-0.10475
-0.10477
-0.1048
-0.10477
-0.10475
-0.10477
-0.10477
-0.1048
-0.1048
-0.10477
-0.10477
-0.1048
-0.1048
-0.1048
-0.10477
-0.1048
-0.10482
-0.10482
-0.10482
-0.1048
-0.1048
-0.10482
-0.10485
-0.10482
-0.10482
-0.10482
-0.10482
-0.10485
-0.10485
-0.10482
-0.10482
-0.10485
-0.10482
-0.10485
-0.10485
-0.10485
-0.10482
-0.10482
-0.10485
-0.10487
-0.10485
-0.10485
-0.10482
-0.10485
-0.10487
-0.10487
-0.10485
-0.10485
-0.10485
-0.10487
-0.10487
-0.10485
-0.10485
-0.10487
-0.10487
-0.10487
-0.10485
-0.10485
-0.10487
-0.1049
-0.10487
-0.10485
-0.10485
-0.10487
-0.1049
-0.1049
-0.10487
-0.10487
-0.1049
-0.1049
-0.1049
-0.10487
-0.1049
-0.1049
-0.1049
-0.1049
-0.10492
-0.10492
-0.1049
-0.1049
-0.10492
-0.10492
-0.10492
-0.10492
-0.1049
-0.10492
-0.10494
-0.10494
-0.10492
-0.10492
-0.10494
-0.10494
-0.10494
-0.10492
-0.10492
-0.10494
-0.10494
-0.10494
-0.10494
-0.10494
-0.10494
-0.10497
-0.10497
-0.10494
-0.10494
-0.10494
-0.10497
-0.10497
-0.10494
-0.10494
-0.10497
-0.10497
