2018
7
5
9
57
37.659
0.024396
0.024396
0.024371
0.024371
0.024421
0.024519
0.024519
0.02447
0.024396
0.024371
0.024322
0.024248
0.02415
0.024101
0.02415
0.024248
0.024297
0.024297
0.024347
0.024421
0.02447
0.024494
0.024494
0.024494
0.024519
0.024568
0.024568
0.024568
0.024568
0.024593
0.024642
0.024642
0.024618
0.024593
0.024618
0.024667
0.024667
0.024642
0.024618
0.024642
0.024642
0.024691
0.024716
0.024716
0.024691
0.024691
0.024716
0.024765
0.024765
0.024765
0.02479
0.024913
0.025061
0.025184
0.025258
0.025356
0.025504
0.025651
0.025775
0.025848
0.025971
0.026095
0.026218
0.026316
0.02639
0.026464
0.026587
0.026685
0.026759
0.026808
0.026882
0.026981
0.027079
0.027129
0.027178
0.027227
0.027301
0.027375
0.027424
0.027449
0.02767
0.027695
0.027744
0.027793
0.027842
0.027867
0.027867
0.027892
0.027941
0.02799
0.028015
0.028015
0.028015
0.028064
0.028113
0.028113
0.028113
0.028138
0.028162
0.028212
0.028236
0.028236
0.028261
0.028286
0.028335
0.028335
0.028335
0.028359
0.028384
0.028433
0.028433
0.028433
0.028433
0.028482
0.028507
0.028507
0.028507
0.028507
0.028532
0.028556
0.02863
0.02863
0.028606
0.028606
0.02863
0.028655
0.028679
0.028655
0.028655
0.028704
0.028729
0.028729
0.028729
0.028729
0.028753
0.028778
0.028778
0.028778
0.028778
0.028802
0.028852
0.028852
0.028827
0.028827
0.028876
0.028901
0.028876
0.028876
0.028876
0.028901
0.02895
0.02895
0.02895
0.02895
0.028975
0.029024
0.029024
0.029024
0.029024
0.029049
0.029049
0.029073
0.029098
0.029098
0.029098
0.029098
0.029123
0.029147
0.029147
0.029123
0.029123
0.029147
0.029172
0.029147
0.029123
0.029123
0.029172
0.029196
0.029196
0.029172
0.029172
0.029196
0.029246
0.029221
0.029172
0.029172
0.029196
0.029221
0.029196
0.029172
0.029172
0.029196
0.029221
0.029221
0.029221
0.029221
0.029246
0.02927
0.02927
0.029246
0.029295
0.029295
0.02927
0.029295
0.029344
0.029344
0.029319
0.029319
0.029369
0.029393
0.029393
0.029369
0.029393
0.029418
0.029443
0.029443
0.029418
0.029418
0.029467
0.029492
0.029492
0.029467
0.029467
0.029492
0.029516
0.029492
0.029443
0.029418
0.029418
0.029418
0.029418
0.029369
0.029344
0.029344
0.029369
0.029344
0.029319
0.029295
0.029319
0.029319
0.02927
0.02927
0.029246
0.029221
0.029221
0.029221
0.029246
0.029246
0.029221
0.029221
0.029246
0.02927
0.02927
0.029221
0.029196
0.029221
0.029246
0.029221
0.029172
0.029147
0.029172
0.029221
0.029196
0.029172
0.029172
0.029172
0.029196
0.029196
0.029172
0.029172
0.029196
0.029196
0.029196
0.029172
0.029172
0.029196
0.029221
0.029196
0.029172
0.029147
0.029196
0.029221
0.029221
0.029221
0.029147
0.029049
0.02895
0.028901
0.028876
0.028852
0.028852
0.028876
0.028926
0.028999
0.029049
0.029073
0.029073
0.029098
0.029147
0.029147
0.029123
0.029098
0.029123
0.029147
0.029147
0.029123
0.029098
0.029123
0.029147
0.029147
0.029123
0.029098
0.029098
0.029147
0.029147
0.029123
0.029098
0.029098
0.029147
0.029172
0.029123
0.029123
0.029098
0.029098
0.029098
0.029123
0.029147
0.029123
0.029098
0.029098
0.029123
0.029123
0.029098
0.029073
0.029073
0.029098
0.029098
0.029073
0.029073
0.029073
0.029073
0.029073
0.029049
0.029049
0.029049
0.029073
0.029073
0.029049
0.029024
0.029024
0.029049
0.029049
0.029024
0.028975
0.028999
0.028999
0.028975
0.02895
0.028926
0.028926
0.028901
0.028901
0.028926
0.028926
0.028876
0.028852
0.028852
0.028876
0.028876
0.028852
0.028827
0.028827
0.028852
0.028852
0.028802
0.028778
0.028778
0.028802
0.028802
0.028778
0.028778
0.028778
0.028827
0.028827
0.028802
0.028778
0.028778
0.028802
0.028802
0.028802
0.028778
0.028778
0.028802
0.028802
0.028778
0.028778
0.028778
0.028778
0.028802
0.028802
0.029024
0.029024
0.029049
0.029098
0.029123
0.029147
0.029123
0.029123
0.029172
0.029196
0.029196
0.029196
0.029221
0.029246
0.02927
0.02927
0.029246
0.029246
0.029295
0.029295
0.02927
0.02927
0.029295
0.029319
0.029344
0.029319
0.029319
0.029319
0.029344
0.029369
0.029369
0.029344
0.029344
0.029393
0.029418
0.029393
0.029369
0.029369
0.029393
0.029393
0.029418
0.029443
0.029443
0.029418
0.029418
0.029418
0.029443
0.029443
0.029418
0.029418
0.029467
0.029492
0.029467
0.029418
0.029418
0.029443
0.029492
0.029467
0.029443
0.029443
0.029467
0.029492
0.029467
0.029467
0.029467
0.029492
0.029516
0.029492
0.029492
0.029516
0.029516
0.029541
0.029541
0.029492
0.029492
0.029516
0.029541
0.029541
0.029516
0.029516
0.029492
0.029492
0.029516
0.029541
0.029516
0.029492
0.029492
0.029541
0.029566
0.029541
0.029516
0.029516
0.029541
0.029566
0.029541
0.029516
0.029492
0.029516
0.029541
0.029541
0.029492
0.029492
0.029516
0.029516
0.029516
0.029516
0.029516
0.029541
0.029541
0.029541
0.029516
0.029516
0.029566
0.02959
0.02959
0.029541
0.029541
0.029566
0.02959
0.02959
0.029566
0.029566
0.029541
0.029541
0.029566
0.029615
0.02959
0.029566
0.029566
0.02959
0.029639
0.029615
0.02959
0.029566
0.029615
0.029639
0.029664
0.029639
0.029615
0.029664
0.029689
0.029689
0.029664
0.029639
0.029664
0.029689
0.029664
0.029639
0.029639
0.029664
0.029713
0.029689
0.029664
0.029664
0.029689
0.029738
0.029738
0.029713
0.029689
0.029713
0.029689
0.029713
0.029738
0.029738
0.029713
0.029689
0.029738
0.029763
0.029787
0.029787
0.029812
0.029836
0.029787
0.029713
0.029615
0.029541
0.029492
0.029467
0.029443
0.029443
0.029492
0.029566
0.029639
0.029689
0.029689
0.029738
0.029763
0.029812
0.029812
0.029787
0.029787
0.029812
0.029836
0.029861
0.029836
0.029812
0.029812
0.029836
0.029836
0.029812
0.029861
0.029836
0.029836
0.029836
0.029861
0.029861
0.029861
0.029836
0.029836
0.029861
0.029886
0.029861
0.029861
0.029861
0.029861
0.029886
0.029861
0.029861
0.029861
0.029886
0.029886
0.029861
0.029861
0.029886
0.02991
0.02991
0.02991
0.029886
0.02991
0.029935
0.029935
0.029935
0.02991
0.029935
0.02996
0.02996
0.029935
0.02991
0.029935
0.02996
0.029984
0.029984
0.02996
0.029935
0.029935
0.02996
0.02996
0.029935
0.02991
0.02991
0.029935
0.029935
0.02991
0.029886
0.029886
0.02991
0.02991
0.029861
0.029861
0.029861
0.029886
0.029886
0.029861
0.029861
0.029861
0.029886
0.02991
0.029886
0.029861
0.029886
0.02991
0.02991
0.02991
0.02991
0.02991
0.02996
0.02996
0.029935
0.02991
0.02991
0.02991
0.029935
0.02996
0.029984
0.029935
0.02991
0.029935
0.02996
0.02996
0.02996
0.029935
0.02996
0.030009
0.030009
0.029984
0.029984
0.029984
0.030009
0.030033
0.030009
0.030009
0.030033
0.030058
0.030058
0.030058
0.030033
0.030033
0.030083
0.030083
0.030058
0.030058
0.030058
0.030083
0.030107
0.030083
0.030058
0.030083
0.030107
0.030132
0.030132
0.030181
0.030181
0.030156
0.030156
0.030206
0.030206
0.030206
0.030156
0.030156
0.030206
0.03023
0.030206
0.030181
0.030206
0.03023
0.030255
0.03023
0.03023
0.03023
0.030255
0.030255
0.030255
0.03023
0.03023
0.030255
0.03028
0.030255
0.030255
0.030255
0.03028
0.030304
0.03028
0.03023
0.03023
0.030255
0.030255
0.030255
0.03023
0.03023
0.03028
0.030255
0.030255
0.03028
0.030255
0.03023
0.03023
0.03028
0.03028
0.030255
0.03023
0.03023
0.030255
0.03028
0.030255
0.03023
0.03023
0.030255
0.030255
0.03023
0.030206
0.030206
0.03023
0.030255
0.03023
0.030156
0.030132
0.030132
0.030132
0.030107
0.030083
0.030058
0.030058
0.030083
0.030058
0.030009
0.029984
0.029984
0.029984
0.029984
0.029935
0.02991
0.029886
0.029861
0.029886
0.029886
0.029861
0.029812
0.029812
0.029836
0.029861
0.029836
0.029812
0.029812
0.029836
0.029836
0.029836
0.029812
0.029812
0.029836
0.029861
0.029861
0.029812
0.029812
0.029836
0.029836
0.029812
0.029787
0.029787
0.029812
0.029836
0.029812
0.029787
0.029763
0.029787
0.029787
0.029763
0.029713
0.029713
0.029738
0.029763
0.029713
0.029738
0.029713
0.029689
0.029689
0.029689
0.029713
0.029689
0.029664
0.029639
0.029664
0.029689
0.029664
0.029639
0.029615
0.029639
0.029664
0.029664
0.029664
0.029689
0.029738
0.029738
0.029664
0.029566
0.029467
0.029418
0.029369
0.029319
0.029319
0.029369
0.029418
0.029467
0.029516
0.029516
0.029566
0.029615
0.029639
0.029615
0.02959
0.02959
0.02959
0.02959
0.029615
0.029639
0.029615
0.02959
0.02959
0.02959
0.02959
0.02959
0.029566
0.029541
0.029566
0.02959
0.02959
0.029566
0.029541
0.029566
0.02959
0.029566
0.029541
0.029516
0.029516
0.029541
0.029516
0.029467
0.029467
0.029467
0.029492
0.029467
0.029443
0.029418
0.029443
0.029443
0.029443
0.029418
0.029393
0.029418
0.029443
0.029443
0.029443
0.029443
0.029418
0.029393
0.029418
0.029443
0.029443
0.029393
0.029393
0.029393
0.029418
0.029393
0.029369
0.029344
0.029369
0.029393
0.029393
0.029369
0.029344
0.029369
0.029393
0.029369
0.029344
0.029344
0.029344
0.029344
0.029344
0.029295
0.029295
0.029295
0.029319
0.029295
0.02927
0.029246
0.02927
0.029295
0.029295
0.02927
0.02927
0.02927
0.029221
0.029246
0.02927
0.029295
0.029246
0.029246
0.029246
0.02927
0.02927
0.029246
0.029246
0.029246
0.029295
0.029295
0.029295
0.02927
0.029295
0.029319
0.029295
0.02927
0.029246
0.029246
0.029295
0.029295
0.02927
0.02927
0.02927
0.02927
0.02927
0.029246
0.029221
0.029221
0.029246
0.029246
0.029221
0.029196
0.029221
0.029246
0.02927
0.02927
0.029295
0.02927
0.02927
0.029295
0.029319
0.029319
0.029295
0.029295
0.029295
0.029344
0.029344
0.029319
0.029295
0.029295
0.029344
0.029369
0.029369
0.029369
0.029369
0.029418
0.029418
0.029393
0.029393
0.029393
0.029418
0.029443
0.029418
0.029393
0.029418
0.029443
0.029467
0.029467
0.029467
0.029492
0.029516
0.029541
0.029516
0.029516
0.029541
0.029541
0.029541
0.029566
0.02959
0.029566
0.029566
0.029566
0.02959
0.029639
0.029615
0.02959
0.029615
0.029639
0.029639
0.029639
0.029615
0.029615
0.029639
0.029639
0.029615
0.02959
0.029615
0.029639
0.029664
0.029639
0.029615
0.02959
0.02959
0.02959
0.029566
0.029541
0.029541
0.029541
0.029541
0.029516
0.029492
0.029492
0.029492
0.029492
0.029492
0.029467
0.029443
0.029418
0.029443
0.029467
0.029443
0.029418
0.029418
0.029443
0.029467
0.029467
0.029443
0.029467
0.029492
0.029492
0.029467
0.029418
0.029443
0.029467
0.029467
0.029443
0.029418
0.029418
0.029467
0.029467
0.029467
0.029443
0.029443
0.029467
0.029492
0.029492
0.029467
0.029467
0.029492
0.029516
0.029492
0.029467
0.029467
0.029467
0.029492
0.029467
0.029467
0.029467
0.029443
0.029443
0.029443
0.029467
0.029467
0.029418
0.029418
0.029418
0.029443
0.029418
0.029393
0.029393
0.029443
0.029467
0.029443
0.029418
0.029393
0.029418
0.029443
0.029443
0.029418
0.029418
0.029418
0.029443
0.029443
0.029393
0.029393
0.029418
0.029467
0.029443
0.029418
0.029393
0.029418
0.029443
0.029418
0.029393
0.029369
0.029418
0.029418
0.029443
0.029467
0.029443
0.029418
0.029393
0.029418
0.029443
0.029443
0.029418
0.029418
0.029443
0.029467
0.029467
0.029443
0.029467
0.029467
0.029516
0.029541
0.029566
0.029516
0.029492
0.029443
0.029369
0.02927
0.029196
0.029196
0.029196
0.029221
0.029246
0.029295
0.029344
0.029418
0.029443
0.029443
0.029443
0.029467
0.029492
0.029492
0.029467
0.029467
0.029492
0.029492
0.029516
0.029516
0.029516
0.029492
0.029492
0.029516
0.029492
0.029467
0.029467
0.029492
0.029516
0.029516
0.029492
0.029467
0.029492
0.029516
0.029516
0.029492
0.029467
0.029492
0.029492
0.029492
0.029467
0.029443
0.029467
0.029516
0.029492
0.029492
0.029467
0.029492
0.029516
0.029516
0.029492
0.029492
0.029516
0.029541
0.029516
0.029566
0.029566
0.029541
0.029516
0.029516
0.029541
0.029541
0.029516
0.029492
0.029516
0.029516
0.029516
0.029467
0.029443
0.029443
0.029467
0.029443
0.029418
0.029393
0.029393
0.029418
0.029393
0.029344
0.029344
0.029344
0.029344
0.029319
0.029295
0.02927
0.02927
0.029295
0.029295
0.02927
0.029246
0.02927
0.029295
0.029295
0.02927
0.029246
0.029246
0.029221
0.029221
0.029246
0.029246
0.029221
0.029196
0.029196
0.029221
0.029221
0.029196
0.029172
0.029172
0.029196
0.029196
0.029172
0.029172
0.029196
0.029196
0.029196
0.029172
0.029172
0.029172
0.029196
0.029196
0.029172
0.029147
0.029172
0.029196
0.029196
0.029172
0.029147
0.029172
0.029196
0.029196
0.029172
0.029172
0.029172
0.029172
0.029196
0.029172
0.029172
0.029147
0.029147
0.029196
0.029196
0.029172
0.029147
0.029147
0.029147
0.029147
0.029147
0.029123
0.029147
0.029147
0.029172
0.029147
0.029123
0.029123
0.029147
0.029147
0.029147
0.029123
0.029123
0.029147
0.029147
0.029147
0.029123
0.029147
0.029172
0.029172
0.029147
0.029123
0.029147
0.029172
0.029172
0.029147
0.029147
0.029147
0.029172
0.029172
0.029172
0.029172
0.029172
0.029172
0.029172
0.029196
0.029196
0.029172
0.029147
0.029147
0.029172
0.029196
0.029172
0.029172
0.029172
0.029196
0.029196
0.029172
0.029147
0.029172
0.029196
0.029196
0.029172
0.029172
0.029172
0.029196
0.029221
0.029196
0.029172
0.029172
0.029196
0.029196
0.029196
0.029172
0.029172
0.029221
0.029221
0.029196
0.029172
0.029172
0.029172
0.029196
0.029221
0.029221
0.029221
0.029196
0.029196
0.029221
0.029246
0.029246
0.029221
0.029246
0.029246
0.029246
0.029221
0.029221
0.029221
0.029246
0.029246
0.029221
0.029221
0.029221
0.029221
0.029246
0.029221
0.029196
0.029196
0.029221
0.029221
0.029196
0.029172
0.029172
0.029196
0.029221
0.029196
0.029172
0.029172
0.029196
0.029196
0.029196
0.029172
0.029172
0.029246
0.029319
0.029369
0.029393
0.029393
0.029418
0.029443
0.029467
0.029467
0.029467
0.029492
0.029516
0.029566
0.029566
0.029541
0.029541
0.029566
0.02959
0.029566
0.029566
0.02959
0.029615
0.029615
0.02959
0.029566
0.029566
0.02959
0.029615
0.029615
0.02959
0.02959
0.02959
0.029615
0.029615
0.02959
0.02959
0.02959
0.029615
0.02959
0.029615
0.029615
0.02959
0.02959
0.029615
0.029639
0.029639
0.029689
0.029689
0.029664
0.029615
0.029516
0.029418
0.029319
0.029295
0.029295
0.029319
0.029344
0.029393
0.029443
0.029516
0.029541
0.029541
0.029541
0.029566
0.02959
0.02959
0.029566
0.029541
0.029566
0.02959
0.02959
0.029566
0.029566
0.029566
0.02959
0.02959
0.029566
0.029541
0.029541
0.029541
0.029566
0.02959
0.029566
0.029541
0.029541
0.029566
0.029566
0.029566
0.029541
0.029541
0.029566
0.029566
0.029566
0.029541
0.029541
0.029541
0.029566
0.029566
0.029541
0.029516
0.029541
0.029566
0.029541
0.029541
0.029516
0.029541
0.029566
0.029566
0.029516
0.029516
0.029541
0.029566
0.029566
0.029541
0.029541
0.029541
0.029566
0.029541
0.029566
0.029566
0.029541
0.029516
0.029516
0.029516
0.029516
0.029516
0.029492
0.029492
0.029492
0.029492
0.029467
0.029443
0.029467
0.029492
0.029467
0.029443
0.029418
0.029443
0.029443
0.029443
0.029443
0.029418
0.029418
0.029443
0.029443
0.029393
0.029369
0.029393
0.029418
0.029393
0.029369
0.029369
0.029369
0.029393
0.029393
0.029393
0.029369
0.029393
0.029393
0.029418
0.029418
0.029393
0.029369
0.029369
0.029393
0.029418
0.029393
0.029369
0.029369
0.029369
0.029369
0.029344
0.029319
0.029319
0.029344
0.029344
0.029319
0.029319
0.029319
0.029319
0.029344
0.029295
0.029295
0.029295
0.029319
0.029319
0.029295
0.02927
0.029295
0.029319
0.029319
0.029295
0.029295
0.029295
0.029295
0.029319
0.029295
0.02927
0.02927
0.02927
0.029295
0.029319
0.029319
0.02927
0.02927
0.02927
0.02927
0.02927
0.029246
0.029246
0.029246
0.02927
0.02927
0.029246
0.029221
0.029246
0.02927
0.02927
0.029246
0.029221
0.029221
0.029246
0.029246
0.029221
0.029196
0.029196
0.029196
0.029196
0.029172
0.029147
0.029123
0.029147
0.029123
0.029098
0.029073
0.029049
0.029073
0.029073
0.029024
0.029024
0.029024
0.028999
0.028999
0.029024
0.029024
0.029024
0.028999
0.028975
0.028999
0.028999
0.028975
0.02895
0.02895
0.028975
0.028975
0.02895
0.028926
0.028926
0.028975
0.028975
0.02895
0.02895
0.02895
0.02895
0.028975
0.02895
0.028901
0.028901
0.028926
0.028926
0.028901
0.028876
0.028876
0.028901
0.028901
0.028876
0.028852
0.028852
0.028827
0.028852
0.028852
0.028852
0.028827
0.028827
0.028827
0.028827
0.028802
0.028802
0.028802
0.028802
0.028827
0.028827
0.028802
0.028802
0.028827
0.028827
0.028827
0.028802
0.028802
0.028827
0.028852
0.028827
0.028802
0.028802
0.028802
0.028802
0.028778
0.028753
0.028753
0.028778
0.028778
0.028778
0.028753
0.028753
0.028778
0.028778
0.028778
0.028753
0.028753
0.028729
0.028729
0.028729
0.028753
0.028729
0.028704
0.028704
0.028753
0.028827
0.028852
0.028778
0.028729
0.028679
0.02863
0.028532
0.028433
0.028409
0.028409
0.028482
0.028532
0.028556
0.028581
0.028655
0.028704
0.028729
0.028704
0.028704
0.028729
0.028729
0.028729
0.028704
0.028704
0.028729
0.028729
0.028729
0.028704
0.028704
0.028704
0.028729
0.028679
0.028679
0.028679
0.028655
0.02863
0.028655
0.028679
0.028679
0.028655
0.028655
0.028679
0.028704
0.028679
0.028655
0.028655
0.028679
0.028704
0.028679
0.028679
0.028655
0.028679
0.028679
0.028679
0.028655
0.02863
0.028655
0.028679
0.028679
0.028655
0.028655
0.028655
0.028679
0.028679
0.02863
0.02863
0.02863
0.028655
0.028655
0.028655
0.028655
0.028655
0.028655
0.028679
0.028679
0.028679
0.028655
0.02863
0.028655
0.028655
0.028655
0.02863
0.02863
0.02863
0.02863
0.02863
0.028581
0.028556
0.028581
0.028581
0.028581
0.028581
0.028556
0.028581
0.028606
0.028581
0.028556
0.028532
0.028556
0.028556
0.028556
0.028532
0.028507
0.028532
0.028532
0.028532
0.028507
0.028507
0.028532
0.028556
0.028556
0.028581
0.028581
0.028556
0.028532
0.028532
0.028556
0.028532
0.028507
0.028482
0.028507
0.028532
0.028532
0.028532
0.028507
0.028532
0.028556
0.028556
0.028532
0.028507
0.028532
0.028556
0.028556
0.028532
0.028532
0.028556
0.028581
0.028581
0.028556
0.028532
0.028556
0.028581
0.028581
0.028556
0.028532
0.028556
0.028581
0.028556
0.028532
0.028507
0.028532
0.028532
0.028532
0.028556
0.028556
0.028532
0.028532
0.028556
0.028556
0.028556
0.028532
0.028532
0.028532
0.028556
0.028556
0.028532
0.028532
0.028532
0.028532
0.028532
0.028532
0.028532
0.028556
0.028581
0.028556
0.028532
0.028532
0.028532
0.028556
0.028556
0.028532
0.028507
0.028532
0.028556
0.028556
0.028532
0.028532
0.028532
0.028556
0.028556
0.028532
0.028581
0.028556
0.028532
0.028556
0.028581
0.028581
0.028556
0.028532
0.028556
0.028581
0.028581
0.028556
0.028532
0.028532
0.028556
0.028581
0.028556
0.028532
0.028556
0.028556
0.028581
0.028556
0.028556
0.028556
0.028556
0.028556
0.028556
0.028532
0.028532
0.028556
0.028556
0.028556
0.028532
0.028532
0.028556
0.028556
0.028532
0.028507
0.028532
0.028556
0.028556
0.028556
0.028507
0.028507
0.028507
0.028532
0.028532
0.028532
0.028532
0.028532
0.028556
0.028556
0.028532
0.028507
0.028507
0.028532
0.028532
0.028532
0.028507
0.028507
0.028532
0.028556
0.028532
0.028507
0.028532
0.028556
0.028556
0.028556
0.028532
0.028532
0.028556
0.028581
0.028556
0.028556
0.028556
0.028581
0.028606
0.028581
0.028556
0.028556
0.028532
0.028532
0.028556
0.028556
0.028556
0.028532
0.028532
0.028556
0.028556
0.028532
0.028532
0.028532
0.028556
0.028581
0.028556
0.028532
0.028556
0.028581
0.028606
0.028606
0.02863
0.028679
0.028729
0.028802
0.028852
0.028876
0.028852
0.028827
0.028778
0.028679
0.028606
0.028556
0.028556
0.028606
0.028655
0.028679
0.028753
0.028827
0.028901
0.028926
0.029024
0.028999
0.028999
0.028999
0.029049
0.029073
0.029049
0.029049
0.029073
0.029098
0.029123
0.029098
0.029073
0.029073
0.029098
0.029123
0.029123
0.029123
0.029123
0.029147
0.029147
0.029147
0.029123
0.029123
0.029123
0.029147
0.029147
0.029123
0.029123
0.029147
0.029172
0.029172
0.029147
0.029147
0.029172
0.029172
0.029172
0.029147
0.029147
0.029172
0.029172
0.029196
0.029221
0.029221
0.029196
0.029196
0.029221
0.029221
0.029221
0.029221
0.029221
0.029221
0.029246
0.029246
0.029221
0.029221
0.029246
0.02927
0.029246
0.029221
0.029221
0.029246
0.029246
0.029221
0.029196
0.029196
0.029196
0.029221
0.029196
0.029172
0.029172
0.029196
0.029196
0.029172
0.029147
0.029147
0.029172
0.029172
0.029147
0.029123
0.029172
0.029147
0.029123
0.029147
0.029172
0.029147
0.029147
0.029147
0.029147
0.029172
0.029147
0.029123
0.029123
0.029147
0.029172
0.029172
0.029147
0.029147
0.029147
0.029172
0.029147
0.029123
0.029123
0.029147
0.029147
0.029147
0.029123
0.029098
0.029123
0.029147
0.029123
0.029098
0.029098
0.029123
0.029123
0.029123
0.029073
0.029073
0.029073
0.029098
0.029049
0.029073
0.029073
0.029049
0.029024
0.029024
0.029049
0.029049
0.029024
0.029024
0.029024
0.029049
0.029024
0.028999
0.028999
0.028999
0.029024
0.029024
0.028999
0.028975
0.028999
0.028999
0.028999
0.028975
0.02895
0.02895
0.028975
0.028975
0.02895
0.02895
0.028975
0.028975
0.028975
0.02895
0.02895
0.02895
0.028975
0.028975
0.028926
0.028926
0.02895
0.028926
0.028926
0.02895
0.02895
0.028926
0.028926
0.02895
0.028975
0.02895
0.02895
0.028926
0.028926
0.02895
0.02895
0.028926
0.028901
0.028901
0.028926
0.028926
0.028901
0.028901
0.028901
0.028926
0.028926
0.028901
0.028876
0.028901
0.028901
0.028926
0.028901
0.028901
0.028901
0.028901
0.028901
0.028876
0.028876
0.028876
0.028901
0.028901
0.028876
0.028876
0.028876
0.028852
0.028876
0.028901
0.028901
0.028876
0.028876
0.028876
0.028901
0.028876
0.028876
0.028852
0.028852
0.028852
0.028876
0.028827
0.028827
0.028827
0.028852
0.028852
0.028827
0.028802
0.028827
0.028852
0.028852
0.028827
0.028802
0.028827
0.028852
0.028852
0.028827
0.028827
0.028827
0.028852
0.028852
0.028852
0.028827
0.028827
0.028802
0.028827
0.028827
0.028827
0.028802
0.028778
0.028802
0.028827
0.028827
0.028802
0.028778
0.028802
0.028827
0.028827
0.028802
0.028778
0.028778
0.028802
0.028802
0.028802
0.028778
0.028778
0.028802
0.028802
0.028778
0.028753
0.028778
0.028778
0.028802
0.028778
0.028753
0.028753
0.028753
0.028778
0.028729
0.028704
0.028704
0.028729
0.028729
0.028704
0.028704
0.028679
0.028679
0.028704
0.028729
0.028704
0.028679
0.028704
0.028729
0.028729
0.028729
0.028704
0.028704
0.028753
0.028778
0.028827
0.028802
0.028753
0.028729
0.028655
0.028581
0.028482
0.028433
0.028433
0.028482
0.028532
0.028556
0.028581
0.028655
0.028704
0.028704
0.028704
0.028704
0.028729
0.028729
0.028704
0.028704
0.028704
0.028729
0.028729
0.028729
0.028729
0.028704
0.028704
0.028729
0.028729
0.028704
0.028704
0.028704
0.028704
0.028729
0.028704
0.028679
0.028679
0.028704
0.028704
0.028679
0.028655
0.028655
0.028679
0.028679
0.028679
0.028655
0.028655
0.028679
0.028704
0.028679
0.028655
0.028655
0.028679
0.028679
0.028679
0.028655
0.028655
0.028655
0.028655
0.028655
0.02863
0.02863
0.028655
0.02863
0.028655
0.028679
0.028655
0.02863
0.02863
0.02863
0.028655
0.02863
0.028606
0.028606
0.02863
0.02863
0.02863
0.028606
0.028581
0.028606
0.028606
0.028581
0.028556
0.028556
0.028556
0.028581
0.028556
0.028532
0.028532
0.028532
0.028532
0.028507
0.028482
0.028482
0.028507
0.028507
0.028507
0.028482
0.028482
0.028482
0.028507
0.028507
0.028482
0.028482
0.028458
0.028458
0.028482
0.028482
0.028482
0.028458
0.028433
0.028458
0.028482
0.028458
0.028433
0.028433
0.028458
0.028458
0.028458
0.028433
0.028409
0.028433
0.028433
0.028433
0.028409
0.028409
0.028409
0.028433
0.028433
0.028384
0.028384
0.028409
0.028409
0.028409
0.028384
0.028359
0.028384
0.028409
0.028384
0.028359
0.028359
0.028359
0.028384
