2018
7
5
10
0
28.151
0.027695
0.02767
0.02767
0.02767
0.027645
0.027645
0.02767
0.02767
0.02767
0.027695
0.027695
0.027719
0.027719
0.027719
0.027719
0.027744
0.027744
0.027744
0.027744
0.027744
0.027744
0.027744
0.027769
0.027769
0.027769
0.027769
0.027769
0.027744
0.027719
0.027695
0.02767
0.027695
0.027744
0.027867
0.028039
0.028187
0.028261
0.028261
0.028187
0.028089
0.027892
0.027867
0.027842
0.027842
0.027842
0.027842
0.027842
0.027842
0.027867
0.027867
0.027892
0.027892
0.027892
0.027916
0.027916
0.027916
0.027916
0.027941
0.027941
0.027941
0.027941
0.027941
0.027941
0.027941
0.027941
0.027941
0.027941
0.027941
0.027941
0.027941
0.027941
0.027941
0.027941
0.027941
0.027965
0.027941
0.027941
0.027941
0.027941
0.027941
0.027941
0.027941
0.027941
0.027941
0.027941
0.027941
0.027941
0.027941
0.027941
0.027941
0.027941
0.027941
0.027941
0.027941
0.027941
0.027941
0.027916
0.027916
0.027916
0.027916
0.027916
0.027916
0.027916
0.027892
0.027892
0.027892
0.027892
0.027892
0.027892
0.027892
0.027916
0.027916
0.027916
0.027941
0.027941
0.027941
0.027941
0.027941
0.027941
0.027941
0.027941
0.027941
0.027941
0.027941
0.027941
0.027941
0.027941
0.027941
0.027941
0.027941
0.027941
0.027916
0.027916
0.027916
0.027916
0.027916
0.027916
0.027916
0.027916
0.027916
0.027916
0.027892
0.027892
0.027892
0.027892
0.027892
0.027892
0.027867
0.027867
0.027867
0.027867
0.027867
0.027867
0.027867
0.027867
0.027842
0.027842
0.027842
0.027842
0.027842
0.027867
0.027842
0.027842
0.027842
0.027842
0.027842
0.027842
0.027842
0.027842
0.027842
0.027842
0.027842
0.027842
0.027818
0.027818
0.027818
0.027818
0.027818
0.027793
0.027793
0.027793
0.027818
0.027818
0.027793
0.027793
0.027793
0.027793
0.027793
0.027793
0.027793
0.027793
0.027793
0.027793
0.027793
0.027769
0.027769
0.027793
0.027769
0.027769
0.027769
0.027769
0.027769
0.027769
0.027769
0.027744
0.027744
0.027744
0.027744
0.027744
0.027744
0.027719
0.027719
0.027719
0.027719
0.027719
0.027719
0.027719
0.027719
0.027719
0.027719
0.027719
0.027695
0.027695
0.027695
0.027695
0.027695
0.027695
0.027695
0.027695
0.027695
0.02767
0.02767
0.02767
0.02767
0.02767
0.02767
0.02767
0.02767
0.027645
0.027645
0.027645
0.027621
0.027621
0.027621
0.027645
0.027621
0.027621
0.027621
0.027621
0.027621
0.027621
0.027621
0.027621
0.027621
0.027621
0.027621
0.027621
0.027621
0.027621
0.027621
0.027621
0.027621
0.027621
0.027621
0.027621
0.027621
0.027621
0.027621
0.027621
0.027621
0.027621
0.027596
0.027596
0.027596
0.027596
0.027596
0.027596
0.027596
0.027596
0.027596
0.027596
0.027596
0.027596
0.027596
0.027572
0.027572
0.027572
0.027572
0.027572
0.027572
0.027572
0.027572
0.027572
0.027572
0.027547
0.027547
0.027572
0.027572
0.027547
0.027547
0.027547
0.027547
0.027547
0.027547
0.027547
0.027547
0.027547
0.027547
0.027547
0.027547
0.027547
0.027547
0.027547
0.027547
0.027522
0.027547
0.027547
0.027522
0.027522
0.027522
0.027522
0.027522
0.027522
0.027522
0.027522
0.027498
0.027498
0.027473
0.027449
0.027424
0.027449
0.027522
0.027645
0.027818
0.027965
0.028039
0.028039
0.027916
0.027818
0.027769
0.027695
0.027621
0.027572
0.027522
0.027522
0.027498
0.027498
0.027498
0.027498
0.027498
0.027498
0.027473
0.027473
0.027473
0.027473
0.027473
0.027473
0.027473
0.027449
0.027449
0.027449
0.027449
0.027449
0.027449
0.027449
0.027449
0.027449
0.027449
0.027424
0.027424
0.027449
0.027424
0.027424
0.027424
0.027399
0.027399
0.027424
0.027399
0.027399
0.027399
0.027399
0.027424
0.027424
0.027399
0.027399
0.027424
0.027424
0.027424
0.027399
0.027399
0.027399
0.027424
0.027424
0.027399
0.027399
0.027399
0.027399
0.027399
0.027399
0.027399
0.027399
0.027399
0.027399
0.027399
0.027399
0.027399
0.027424
0.027424
0.027424
0.027449
0.027449
0.027449
0.027473
0.027473
0.027473
0.027473
0.027473
0.027498
0.027498
0.027498
0.027498
0.027498
0.027498
0.027522
0.027522
0.027498
0.027498
0.027522
0.027522
0.027522
0.027498
0.027522
0.027522
0.027522
0.027522
0.027522
0.027522
0.027522
0.027522
0.027522
0.027522
0.027522
0.027522
0.027522
0.027522
0.027522
0.027522
0.027522
0.027522
0.027522
0.027522
0.027522
0.027522
0.027547
0.027522
0.027522
0.027522
0.027522
0.027522
0.027522
0.027522
0.027522
0.027522
0.027522
0.027522
0.027522
0.027522
0.027522
0.027547
0.027522
0.027522
0.027547
0.027547
0.027547
0.027547
0.027547
0.027547
0.027547
0.027547
0.027547
0.027572
0.027572
0.027572
0.027572
0.027572
0.027572
0.027572
0.027572
0.027572
0.027596
0.027596
0.027596
0.027596
0.027596
0.027596
0.027596
0.027596
0.027596
0.027596
0.027596
0.027596
0.027596
0.027596
0.027596
0.027621
0.027621
0.027621
0.027621
0.027621
0.027621
0.027621
0.027621
0.027621
0.027645
0.027645
0.027645
0.027645
0.027645
0.027645
0.027645
0.02767
0.02767
0.02767
0.02767
0.02767
0.02767
0.027695
0.02767
0.02767
0.02767
0.02767
0.02767
0.02767
0.02767
0.02767
0.02767
0.02767
0.02767
0.02767
0.02767
0.02767
0.02767
0.02767
0.02767
0.02767
0.02767
0.027695
0.02767
0.02767
0.02767
0.02767
0.027695
0.02767
0.02767
0.02767
0.02767
0.02767
0.02767
0.02767
0.02767
0.027645
0.027645
0.027645
0.027645
0.027645
0.027645
0.027645
0.027645
0.027645
0.02767
0.02767
0.02767
0.02767
0.02767
0.02767
0.02767
0.027645
0.02767
0.02767
0.02767
0.027645
0.02767
0.02767
0.02767
0.02767
0.02767
0.02767
0.02767
0.027645
0.027645
0.027645
0.027645
0.027645
0.027645
0.027645
0.027645
0.027645
0.027645
0.027645
0.027645
0.027645
0.027645
0.027645
0.027621
0.027621
0.027645
0.027645
0.027645
0.027645
0.027645
0.027645
0.027621
0.027621
0.027621
0.027621
0.027621
0.027596
0.027547
0.027498
0.027473
0.027473
0.027547
0.027695
0.027842
0.027965
0.02799
0.027941
0.027818
0.027744
0.02767
0.027621
0.027547
0.027522
0.027498
0.027522
0.027522
0.027547
0.027572
0.027596
0.027645
0.027793
0.027818
0.027842
0.027867
0.027892
0.027916
0.027941
0.027965
0.02799
0.028015
0.028064
0.028089
0.028138
0.028187
0.028236
0.028261
0.02831
0.028359
0.028409
0.028433
0.028482
0.028532
0.028581
0.02863
0.028655
0.028704
0.028753
0.028802
0.028852
0.028876
0.028926
0.02895
0.028999
0.029024
0.029049
0.029098
0.029123
0.029147
0.029172
0.029172
0.029246
0.029221
0.029246
0.029221
0.029221
0.029221
0.029221
0.029221
0.029221
0.029221
0.029246
0.029221
0.029221
0.029246
0.029246
0.029246
0.029246
0.029246
0.02927
0.02927
0.02927
0.02927
0.02927
0.029295
0.029295
0.029295
0.029295
0.029295
0.029295
0.029295
0.029295
0.029295
0.029295
0.029295
0.02927
0.02927
0.02927
0.02927
0.02927
0.029246
0.029221
0.029221
0.029221
0.029221
0.029196
0.029196
0.029196
0.029196
0.029196
0.029196
0.029196
0.029196
0.029196
0.029172
0.029172
0.029172
0.029172
0.029172
0.029172
0.029172
0.029172
0.029147
0.029147
0.029147
0.029147
0.029147
0.029147
0.029123
0.029123
0.029123
0.029123
0.029123
0.029098
0.029098
0.029098
0.029098
0.029098
0.029073
0.029073
0.029073
0.029049
0.029049
0.029049
0.029049
0.029024
0.029024
0.029024
0.029024
0.029024
0.029024
0.028999
0.028999
0.028999
0.028999
0.028999
0.028999
0.028975
0.028999
0.028975
0.028975
0.028975
0.028975
0.028975
0.028975
0.028975
0.028975
0.02895
0.02895
0.02895
0.02895
0.02895
0.02895
0.02895
0.02895
0.02895
0.02895
0.028926
0.028926
0.028926
0.028926
0.028901
0.028901
0.028901
0.028901
0.028901
0.028876
0.028876
0.028876
0.028876
0.028876
0.028876
0.028876
0.028876
0.028876
0.028876
0.028852
0.028852
0.028852
0.028852
0.028852
0.028852
0.028852
0.028852
0.028852
0.028852
0.028852
0.028852
0.028852
0.028852
0.028827
0.028827
0.028827
0.028827
0.028827
0.028827
0.028827
0.028802
0.028802
0.028802
0.028827
0.028802
0.028802
0.028778
0.028778
0.028778
0.028778
0.028778
0.028778
0.028778
0.028778
0.028778
0.028778
0.028753
0.028753
0.028753
0.028778
0.028778
0.028778
0.028753
0.028753
0.028753
0.028753
0.028753
0.028753
0.028729
0.028753
0.028729
0.028729
0.028729
0.028729
0.028729
0.028729
0.028729
0.028729
0.028729
0.028729
0.028729
0.028729
0.028704
0.028704
0.028704
0.028704
0.028704
0.028704
0.028704
0.028704
0.028704
0.028704
0.028704
0.028704
0.028679
0.028679
0.028679
0.028679
0.028679
0.028679
0.028679
0.028679
0.028679
0.028679
0.028679
0.028679
0.028679
0.028655
0.028655
0.028606
0.028581
0.028606
0.028655
0.028729
0.028901
0.029049
0.029172
0.029196
0.029123
0.028999
0.028926
0.028876
0.028802
0.028753
0.028655
0.02863
0.02863
0.02863
0.02863
0.02863
0.02863
0.028606
0.028606
0.028606
0.028606
0.028606
0.028606
0.028606
0.028606
0.028606
0.028606
0.028581
0.028581
0.028581
0.028581
0.028581
0.028556
0.028556
0.028556
0.028556
0.028556
0.028556
0.028556
0.028532
0.028532
0.028556
0.028532
0.028532
0.028532
0.028532
0.028532
0.028532
0.028532
0.028532
0.028532
0.028532
0.028507
0.028507
0.028507
0.028507
0.028507
0.028507
0.028482
0.028482
0.028482
0.028482
0.028482
0.028482
0.028458
0.028458
0.028458
0.028458
0.028433
0.028433
0.028433
0.028433
0.028433
0.028433
0.028433
0.028433
0.028458
0.028458
0.028458
0.028458
0.028458
0.028482
0.028482
0.028482
0.028482
0.028482
0.028507
0.028507
0.028507
0.028507
0.028532
0.028532
0.028532
0.028532
0.028532
0.028532
0.028507
0.028507
0.028507
0.028507
0.028532
0.028507
0.028507
0.028507
0.028507
0.028507
0.028507
0.028507
0.028507
0.028507
0.028507
0.028507
0.028507
0.028507
0.028507
0.028507
0.028482
0.028482
0.028482
0.028507
0.028507
0.028482
0.028482
0.028482
0.028507
0.028507
0.028507
0.028507
0.028507
0.028507
0.028507
0.028507
0.028507
0.028482
0.028482
0.028482
0.028482
0.028482
0.028482
0.028482
0.028482
0.028482
0.028482
0.028482
0.028458
0.028482
0.028482
0.028482
0.028482
0.028482
0.028482
0.028482
0.028482
0.028482
0.028482
0.028482
0.028482
0.028482
0.028482
0.028482
0.028482
0.028482
0.028482
0.028482
0.028458
0.028482
0.028482
0.028458
0.028458
0.028458
0.028458
0.028458
0.028433
0.028433
0.028433
0.028433
0.028433
0.028433
0.028433
0.028433
0.028409
0.028409
0.028409
0.028409
0.028409
0.028409
0.028409
0.028409
0.028409
0.028409
0.028409
0.028409
0.028409
0.028409
0.028409
0.028384
0.028384
0.028384
0.028384
0.028384
0.028384
0.028359
0.028359
0.028359
0.028359
0.028359
0.028359
0.028359
0.028359
0.028359
0.028335
0.028335
0.028335
0.02831
0.028335
0.028335
0.02831
0.02831
0.02831
0.02831
0.02831
0.02831
0.02831
0.02831
0.028286
0.028286
0.028286
0.028286
0.028286
0.028286
0.028286
0.028286
0.028286
0.028261
0.028286
0.028286
0.028286
0.028261
0.028261
0.028261
0.028261
0.028261
0.028261
0.028261
0.028261
0.028261
0.028261
0.028261
0.028261
0.028261
0.028261
0.028261
0.028261
0.028261
0.028236
0.028236
0.028236
0.028236
0.028236
0.028236
0.028236
0.028212
0.028212
0.028212
0.028212
0.028212
0.028212
0.028212
0.028212
0.028212
0.028212
0.028212
0.028212
0.028187
0.028187
0.028187
0.028187
0.028187
0.028187
0.028187
0.028187
0.028187
0.028162
0.028138
0.028113
0.028089
0.028113
0.028187
0.02831
0.028458
0.028606
0.028507
0.028433
0.028384
0.02831
0.028261
0.028212
0.028187
0.028162
0.028162
0.028162
0.028162
0.028162
0.028162
0.028162
0.028162
0.028138
0.028138
0.028138
0.028138
0.028138
0.028138
0.028138
0.028138
0.028113
0.028113
0.028113
0.028113
0.028089
0.028089
0.028089
0.028089
0.028089
0.028064
0.028064
0.028064
0.028064
0.028064
0.028064
0.028064
0.028064
0.028064
0.028064
0.028064
0.028064
0.028064
0.028089
0.028064
0.028064
0.028064
0.028064
0.028064
0.028064
0.028064
0.028064
0.028039
0.028039
0.028039
0.028039
0.028039
0.028039
0.028039
0.028015
0.028015
0.028015
0.028015
0.028015
0.028015
0.028015
0.028015
0.028015
0.028015
0.028015
0.028015
0.028015
0.028039
0.028039
0.028039
0.028039
0.028039
0.028064
0.028064
0.028064
0.028064
0.028064
0.028064
0.028064
0.028089
0.028089
0.028064
0.028064
0.028064
0.028089
0.028089
0.028089
0.028064
0.028064
0.028064
0.028064
0.028064
0.028064
0.028064
0.028064
0.028064
0.028064
0.028064
0.028064
0.028064
0.028064
0.028064
0.028064
0.028064
0.028064
0.028064
0.028064
0.028064
0.028064
0.028064
0.028064
0.028064
0.028064
0.028064
0.028064
0.028064
0.028064
0.028064
0.028039
0.028039
0.028039
0.028064
0.028039
0.028039
0.028039
0.028039
0.028039
0.028039
0.028039
0.028039
0.028039
0.028039
0.028015
0.028015
0.028015
0.028015
0.028015
0.028015
0.028015
0.028015
0.028015
0.028015
0.028015
0.028015
0.028015
0.028015
0.028039
0.028015
0.028015
0.028039
0.028039
0.028039
0.028015
0.028039
0.028015
0.028039
0.028039
0.028039
0.028039
0.028039
0.028039
0.028039
0.028064
0.028064
0.028064
0.028064
0.028064
0.028064
0.028064
0.028064
0.028064
0.028064
0.028064
0.028064
0.028064
0.028064
0.028064
0.028064
0.028064
0.028064
0.028064
0.028064
0.028064
0.028064
0.028064
0.028064
0.028064
0.028064
0.028064
0.028064
0.028064
0.028064
0.028064
0.028064
0.028064
0.028064
0.028064
0.028039
0.028039
0.028064
0.028039
0.028039
0.028039
0.028039
0.028039
0.028039
0.028039
0.028039
0.028039
0.028039
0.028039
0.028039
0.028039
0.028039
0.028039
0.028039
0.028039
0.028039
0.028039
0.028039
0.028039
0.028015
0.028015
0.028015
0.028015
0.028015
0.028015
0.028015
0.028015
0.028015
0.028015
0.028015
0.028015
0.028015
0.028015
0.028015
0.028015
0.028015
0.028015
0.028015
0.028015
0.028015
0.028015
0.028015
0.028015
0.028015
0.028015
0.028015
0.028015
0.028015
0.028015
0.028015
0.028015
0.028015
0.028015
0.028015
0.028015
0.028015
0.028015
0.028015
0.028015
0.028039
0.028039
0.028039
0.028039
0.028039
0.028039
0.028064
0.028039
0.028039
0.028039
0.028015
0.028015
0.028138
0.028286
0.028433
0.028556
0.028606
0.028532
0.028409
0.028335
0.028286
0.028236
0.028162
0.028138
0.028113
0.028089
0.028064
0.028064
0.028039
0.028039
0.028039
0.028039
0.028039
0.028039
0.028015
0.028039
0.028039
0.028039
0.028039
0.028039
0.028039
0.028039
0.028039
0.028015
0.028015
0.028015
0.028015
0.028015
0.02799
0.027965
0.027965
0.027916
0.027916
0.027916
0.027916
0.027892
0.027892
0.027916
0.027941
0.027941
0.027941
0.027941
0.027965
0.02799
0.028015
0.028015
0.028039
0.028064
0.028089
0.028113
0.028138
0.028162
0.028187
0.028236
0.028236
0.028261
0.028261
0.028286
0.02831
0.028335
0.028335
0.028359
0.028384
0.028433
0.028458
0.028482
0.028507
0.028556
0.028581
0.028606
0.028655
0.028778
0.028802
0.028802
0.028827
0.028852
0.028876
0.028901
0.028926
0.02895
0.028975
0.028999
0.028999
0.029024
0.029049
0.029073
0.029098
0.029098
0.029123
0.029123
0.029147
0.029172
0.029172
0.029196
0.029221
0.02927
0.029295
0.029319
0.029319
0.029344
0.029369
0.029393
0.029393
0.029418
0.029443
0.029443
0.029467
0.029467
0.029467
0.029492
0.029492
0.029516
0.029516
0.029516
0.029516
0.029492
0.029492
0.029492
0.029492
0.029492
0.029492
0.029492
0.029492
0.029492
0.029492
0.029492
0.029492
0.029492
0.029492
0.029492
0.029492
0.029492
0.029516
0.029516
0.029516
0.029516
0.029492
0.029516
0.029516
0.029516
0.029516
0.029516
0.029516
0.029516
0.029516
0.029516
0.029516
0.029516
0.029516
0.029516
0.029492
0.029516
0.029516
0.029516
0.029541
0.029541
0.029541
0.029541
0.029566
0.029566
0.029566
0.029566
0.029566
0.029541
0.029566
0.029566
0.029541
0.029541
0.029541
0.029541
0.029541
0.029541
0.029516
0.029516
0.029516
0.029516
0.029516
0.029492
0.029492
0.029516
0.029516
0.029516
0.029492
0.029492
0.029492
0.029492
0.029492
0.029492
0.029467
0.029492
0.029492
0.029467
0.029467
0.029467
0.029467
0.029467
0.029467
0.029467
0.029467
0.029467
0.029443
0.029467
0.029467
0.029467
0.029443
0.029443
0.029443
0.029443
0.029443
0.029443
0.029443
0.029443
0.029443
0.029443
0.029443
0.029418
0.029418
0.029443
0.029418
0.029418
0.029418
0.029418
0.029418
0.029418
0.029393
0.029418
0.029418
0.029418
0.029418
0.029418
0.029418
0.029418
0.029418
0.029418
0.029418
0.029418
0.029393
0.029393
0.029393
0.029418
0.029393
0.029393
0.029393
0.029393
0.029418
0.029418
0.029393
0.029393
0.029418
0.029418
0.029418
0.029393
0.029393
0.029393
0.029393
0.029393
0.029393
0.029393
0.029393
0.029393
0.029393
0.029369
0.029369
0.029393
0.029393
0.029393
0.029369
0.029369
0.029369
0.029369
0.029369
0.029369
0.029344
0.029319
0.029319
0.029319
0.029319
0.029295
0.02927
0.029246
0.029246
0.02927
0.029319
0.029443
0.02959
0.029738
0.029812
0.029812
0.029689
0.02959
0.029541
0.029467
0.029418
0.029344
0.029319
0.029319
0.029319
0.029295
0.029295
0.029295
0.029295
0.029295
0.029295
0.02927
0.02927
0.02927
0.02927
0.02927
0.02927
0.02927
0.02927
0.029246
0.02927
0.02927
0.029246
0.029246
0.02927
0.02927
0.02927
0.02927
0.02927
0.02927
0.02927
0.02927
0.02927
0.02927
0.02927
0.02927
0.02927
0.02927
0.02927
0.02927
0.02927
0.02927
0.02927
0.02927
0.02927
0.02927
0.02927
0.02927
0.029246
0.029246
0.02927
0.029246
0.029246
0.029221
0.029221
0.029221
0.029221
0.029221
0.029221
0.029196
0.029196
0.029221
0.029196
0.029196
0.029196
0.029196
0.029221
0.029221
0.029221
0.029221
0.029246
0.029246
0.02927
0.02927
0.02927
0.02927
0.029295
0.029295
0.029295
0.029295
0.029295
0.029319
0.029295
0.029295
0.029295
0.029295
0.029295
0.029295
0.02927
0.02927
0.02927
0.02927
0.02927
0.029246
0.029246
0.029246
0.029246
0.029246
0.029221
0.029196
0.029196
0.029196
0.029196
0.029196
0.029221
0.029221
0.029221
0.029221
0.029221
0.029221
0.029221
0.029221
0.029221
0.029221
0.029221
0.029221
0.029196
0.029196
0.029196
0.029196
0.029196
0.029196
0.029221
0.02927
0.029295
0.029295
0.029344
0.029393
0.029443
0.029492
0.029516
0.029566
0.029615
0.029689
0.029763
0.029812
0.029861
0.029886
0.029935
0.030083
0.030132
0.030181
0.03023
0.030255
0.030304
0.030353
0.030403
0.030427
0.030452
0.030476
0.030526
0.030575
0.0306
0.030624
0.030673
0.030723
0.030747
0.030772
0.030797
0.030797
0.030846
0.03087
0.03087
0.030895
0.03092
0.03092
0.030944
0.030944
0.030944
0.030969
0.030969
0.030993
0.030993
0.030993
0.031018
0.031043
0.031043
0.031043
0.031043
0.031067
0.031067
0.031092
0.031092
0.031092
0.031092
0.031092
0.031092
0.031092
0.031067
0.031067
0.031067
0.031067
0.031067
0.031067
0.031067
0.031067
0.031067
0.031043
0.031043
0.031018
0.031018
0.031018
0.031018
0.031018
0.030993
0.030993
0.030993
0.030993
0.030969
0.030969
0.030944
0.030944
0.030944
0.030944
0.03092
0.03092
0.03092
0.03092
0.03092
0.03087
0.03087
0.030846
0.030846
0.030846
0.030846
0.030846
0.030821
0.030821
0.030821
0.030821
0.030797
0.030797
0.030772
0.030772
0.030772
0.030772
0.030772
0.030747
0.030772
0.030747
0.030747
0.030723
0.030723
0.030723
0.030723
0.030698
0.030673
0.030673
0.030673
0.030673
0.030673
0.030649
0.030624
0.030624
0.030624
0.030624
0.0306
0.0306
0.0306
0.030575
0.03055
0.03055
0.030526
0.030526
0.030526
0.030526
0.030526
0.030501
0.030501
0.030476
0.030452
0.030427
0.030403
0.030427
0.030501
0.030624
0.030772
0.03092
0.030969
0.030969
0.030846
0.030747
0.030673
0.030624
0.03055
0.030501
0.030452
0.030427
0.030403
0.030403
0.030403
0.030378
0.030378
0.030353
0.030353
0.030353
0.030353
0.030329
0.030329
0.030304
0.030304
0.030304
0.030304
0.03028
0.03028
0.03028
0.03028
0.030255
0.030255
0.030255
0.030255
0.030255
0.030255
0.03023
0.03023
0.03023
0.03023
0.03023
0.030206
0.030206
0.030206
0.03023
0.030206
0.030206
0.030181
0.030181
0.030181
0.030181
0.030156
0.030156
0.030156
0.030156
0.030156
0.030132
0.030132
0.030132
0.030132
0.030107
0.030083
0.030083
0.030058
0.030058
0.030058
0.030058
0.030058
0.030033
0.030033
0.030058
0.030058
0.030058
0.030033
0.030033
0.030058
0.030058
0.030058
0.030058
0.030058
0.030058
0.030083
0.030058
0.030058
0.030058
0.030058
0.030058
0.030058
0.030058
0.030033
0.030033
0.030058
0.030033
0.030033
0.030033
0.030033
0.030033
0.030033
0.030009
0.030009
0.030009
0.030009
0.029984
0.029984
0.029984
0.029984
0.029984
0.029984
0.029984
0.02996
0.02996
0.02996
0.02996
0.02996
0.02996
0.029935
0.029935
0.029935
0.029935
0.029935
0.029935
0.02991
0.029935
0.029935
0.029935
0.02991
0.02991
0.02991
0.02991
0.02991
0.02991
0.02991
0.02991
0.02991
0.02991
0.029886
0.029886
0.029886
0.029886
0.029886
0.029861
0.029861
0.029861
0.029836
0.029861
0.029861
0.029861
0.029836
0.029836
0.029836
0.029836
0.029836
0.029836
0.029812
0.029836
0.029836
0.029836
0.029812
0.029812
0.029812
0.029812
0.029812
0.029812
0.029812
0.029812
0.029812
0.029787
0.029787
0.029787
0.029763
0.029787
0.029763
0.029763
0.029763
0.029763
0.029763
0.029763
0.029738
0.029738
0.029738
0.029738
0.029738
0.029738
0.029738
0.029713
0.029713
0.029713
0.029713
0.029713
0.029689
0.029689
0.029689
0.029689
0.029689
0.029689
0.029689
0.029689
0.029689
0.029689
0.029664
0.029664
0.029664
0.029664
0.029664
0.029664
0.029639
0.029664
0.029664
0.029639
0.029639
0.029615
0.029639
0.029639
0.029639
0.029615
0.029615
0.029615
0.029615
0.029615
0.029615
0.02959
0.02959
0.029566
0.02959
0.02959
0.02959
0.029566
0.029566
0.029566
0.029566
0.029541
0.029541
0.029541
0.029541
0.029541
0.029541
0.029516
0.029516
0.029516
0.029516
0.029516
0.029492
0.029492
0.029492
0.029492
0.029516
0.029492
0.029492
0.029492
0.029492
0.029492
0.029492
0.029467
0.029467
0.029467
0.029467
0.029467
0.029467
0.029443
0.029443
0.029443
0.029443
0.029443
0.029443
0.029418
0.029418
0.029443
0.029443
0.029418
0.029418
0.029418
0.029418
0.029418
0.029418
0.029393
0.029393
0.029393
0.029393
0.029369
0.029369
0.029369
0.029369
0.029369
0.029344
0.029295
0.02927
0.029295
0.029344
0.029418
0.029566
0.029713
0.029861
0.029886
0.029812
0.029689
0.029615
0.029566
0.029516
0.029443
0.029393
0.029369
0.029369
0.029319
0.029319
0.029319
0.029319
0.029295
0.029295
0.029295
0.029295
0.029295
0.029295
0.029295
0.029295
0.029295
0.029295
0.029295
0.029295
0.029319
0.029319
0.029319
0.029319
0.029319
0.029319
0.029319
0.029319
0.029319
0.029319
0.029319
0.029344
0.029344
0.029319
0.029344
0.029344
0.029344
0.029344
0.029319
0.029319
0.029319
0.029344
0.029319
0.029319
0.029319
0.029319
0.029319
0.029319
0.029319
0.029295
0.029295
0.029295
0.029295
0.029319
0.029295
0.029295
0.029295
0.029295
0.029319
0.029295
0.029295
0.029295
0.029319
0.029319
0.029319
0.029319
0.029319
0.029319
0.029344
0.029319
0.029344
0.029344
0.029369
0.029369
0.029369
0.029369
0.029369
0.029393
0.029393
0.029393
0.029393
0.029393
0.029393
0.029393
0.029418
0.029418
0.029418
0.029418
0.029418
0.029443
0.029443
0.029467
0.029467
0.029467
0.029467
0.029467
0.029467
0.029467
0.029492
0.029516
0.029516
0.029516
0.029541
0.029541
0.029516
0.029492
0.029492
0.029467
0.029467
0.029467
0.029467
0.029467
0.029443
0.029443
0.029467
0.029467
0.029467
0.029443
0.029443
0.029467
0.029467
0.029467
0.029443
0.029443
0.029467
0.029443
0.029467
0.029467
0.029467
0.029467
0.029467
0.029467
0.029467
0.029467
0.029467
0.029467
0.029467
0.029467
0.029467
0.029467
0.029467
0.029467
0.029467
0.029467
0.029467
0.029443
0.029467
0.029467
0.029467
0.029443
0.029443
0.029467
0.029467
0.029467
0.029467
0.029467
0.029467
0.029467
0.029467
0.029467
0.029443
0.029443
0.029443
0.029443
