2018
7
5
10
10
59.605
-0.012555
-0.012555
-0.01253
-0.01253
-0.012555
-0.012555
-0.012555
-0.012555
-0.012555
-0.012555
-0.01258
-0.01258
-0.012555
-0.012555
-0.01258
-0.01258
-0.01258
-0.012555
-0.012555
-0.012555
-0.012555
-0.01253
-0.01253
-0.01253
-0.01253
-0.01253
-0.012506
-0.012506
-0.012506
-0.01253
-0.012555
-0.012555
-0.012555
-0.012555
-0.012555
-0.01258
-0.01258
-0.01258
-0.012555
-0.01258
-0.012555
-0.01258
-0.012604
-0.01258
-0.01258
-0.01258
-0.01258
-0.012604
-0.01258
-0.01258
-0.01258
-0.01258
-0.012604
-0.01258
-0.01258
-0.01258
-0.01258
-0.012604
-0.01258
-0.01258
-0.01258
-0.01258
-0.012604
-0.012604
-0.01258
-0.01258
-0.012604
-0.012604
-0.012604
-0.012604
-0.01258
-0.012604
-0.012604
-0.012604
-0.012604
-0.01258
-0.01258
-0.012604
-0.012604
-0.01258
-0.01258
-0.01258
-0.01258
-0.01258
-0.012604
-0.012604
-0.01258
-0.01258
-0.012604
-0.012604
-0.012604
-0.01258
-0.01258
-0.01258
-0.012604
-0.01258
-0.01258
-0.01258
-0.01258
-0.01258
-0.01258
-0.012555
-0.012555
-0.012555
-0.01258
-0.01258
-0.012555
-0.012555
-0.01258
-0.01258
-0.01258
-0.012555
-0.012555
-0.01258
-0.01258
-0.01258
-0.012555
-0.012555
-0.01258
-0.01258
-0.01258
-0.01258
-0.01258
-0.012555
-0.012555
-0.01258
-0.01258
-0.01258
-0.01258
-0.01258
-0.01258
-0.01258
-0.01258
-0.01258
-0.012555
-0.012555
-0.01258
-0.012555
-0.012555
-0.012555
-0.012555
-0.012555
-0.012555
-0.01253
-0.01253
-0.012555
-0.012555
-0.012555
-0.01253
-0.01253
-0.01253
-0.01253
-0.01253
-0.01253
-0.01253
-0.01253
-0.01253
-0.01253
-0.01253
-0.012506
-0.012506
-0.012506
-0.012506
-0.01253
-0.01253
-0.012506
-0.012506
-0.012506
-0.01253
-0.012506
-0.012506
-0.012506
-0.012506
-0.01253
-0.01253
-0.012506
-0.012506
-0.012506
-0.01253
-0.012506
-0.012506
-0.012506
-0.012506
-0.012506
-0.012506
-0.012506
-0.012481
-0.012506
-0.012506
-0.012506
-0.012481
-0.012481
-0.012481
-0.012506
-0.012506
-0.012481
-0.012481
-0.012481
-0.012506
-0.012506
-0.012506
-0.012481
-0.012481
-0.012481
-0.012481
-0.012481
-0.012481
-0.012481
-0.012481
-0.012481
-0.012481
-0.012481
-0.012456
-0.012456
-0.012481
-0.012481
-0.012456
-0.012456
-0.012456
-0.012481
-0.012456
-0.012456
-0.012456
-0.012456
-0.012456
-0.012456
-0.012456
-0.012432
-0.012456
-0.012456
-0.012456
-0.012432
-0.012432
-0.012432
-0.012456
-0.012456
-0.012432
-0.012432
-0.012432
-0.012432
-0.012432
-0.012432
-0.012432
-0.012407
-0.012432
-0.012432
-0.012432
-0.012432
-0.012407
-0.012432
-0.012432
-0.012432
-0.012407
-0.012407
-0.012407
-0.012432
-0.012432
-0.012432
-0.012407
-0.012432
-0.012432
-0.012432
-0.012407
-0.012407
-0.012407
-0.012407
-0.012407
-0.012383
-0.012383
-0.012383
-0.012383
-0.012358
-0.012358
-0.012358
-0.012358
-0.012358
-0.012358
-0.012358
-0.012358
-0.012383
-0.012383
-0.012407
-0.012407
-0.012407
-0.012383
-0.012383
-0.012383
-0.012383
-0.012383
-0.012383
-0.012383
-0.012383
-0.012383
-0.012383
-0.012358
-0.012358
-0.012358
-0.012383
-0.012383
-0.012358
-0.012358
-0.012383
-0.012358
-0.012358
-0.012333
-0.012333
-0.012358
-0.012358
-0.012333
-0.012333
-0.012309
-0.012309
-0.012333
-0.012333
-0.012333
-0.012333
-0.012333
-0.012358
-0.012358
-0.012333
-0.012358
-0.012333
-0.012333
-0.012333
-0.012333
-0.012358
-0.012333
-0.012333
-0.012333
-0.012333
-0.012333
-0.012333
-0.012309
-0.012333
-0.012333
-0.012333
-0.012333
-0.012309
-0.012309
-0.012333
-0.012333
-0.012309
-0.012309
-0.012309
-0.012333
-0.012333
-0.012309
-0.012309
-0.012309
-0.012333
-0.012333
-0.012333
-0.012309
-0.012309
-0.012333
-0.012333
-0.012309
-0.012309
-0.012309
-0.012333
-0.012309
-0.012309
-0.012309
-0.012309
-0.012284
-0.012309
-0.012309
-0.012309
-0.012309
-0.012284
-0.012284
-0.012309
-0.012309
-0.012309
-0.012284
-0.012309
-0.012309
-0.012309
-0.012309
-0.012284
-0.012309
-0.012309
-0.012309
-0.012284
-0.012284
-0.012284
-0.012284
-0.012284
-0.012284
-0.01226
-0.012284
-0.012284
-0.012284
-0.01226
-0.01226
-0.01226
-0.012284
-0.012284
-0.01226
-0.01226
-0.012284
-0.01226
-0.012284
-0.012284
-0.012284
-0.012284
-0.01226
-0.01226
-0.012284
-0.012284
-0.01226
-0.01226
-0.01226
-0.01226
-0.01226
-0.01226
-0.01226
-0.01226
-0.01226
-0.01226
-0.01226
-0.01226
-0.01226
-0.01226
-0.01226
-0.01226
-0.01226
-0.01226
-0.01226
-0.01226
-0.01226
-0.01226
-0.01226
-0.01226
-0.01226
-0.01226
-0.01226
-0.01226
-0.01226
-0.01226
-0.01226
-0.012284
-0.012284
-0.01226
-0.01226
-0.012284
-0.012284
-0.012284
-0.01226
-0.012284
-0.012284
-0.012284
-0.01226
-0.01226
-0.01226
-0.01226
-0.01226
-0.01226
-0.01226
-0.01226
-0.01226
-0.01226
-0.01226
-0.01226
-0.01226
-0.01226
-0.01226
-0.01226
-0.01226
-0.01226
-0.01226
-0.01226
-0.01226
-0.012235
-0.012235
-0.01226
-0.01226
-0.01226
-0.01226
-0.01226
-0.01226
-0.01226
-0.01226
-0.012284
-0.012284
-0.01226
-0.01226
-0.012284
-0.012284
-0.012284
-0.01226
-0.01226
-0.012284
-0.012284
-0.01226
-0.01226
-0.01226
-0.01226
-0.012284
-0.01226
-0.01226
-0.01226
-0.012284
-0.012284
-0.01226
-0.01226
-0.01226
-0.01226
-0.012284
-0.01226
-0.01226
-0.01226
-0.012284
-0.012284
-0.01226
-0.01226
-0.01226
-0.012284
-0.012284
-0.01226
-0.01226
-0.01226
-0.01226
-0.01226
-0.01226
-0.01226
-0.01226
-0.01226
-0.01226
-0.01226
-0.01226
-0.01226
-0.012235
-0.012235
-0.01226
-0.01226
-0.012235
-0.012235
-0.012235
-0.01226
-0.01226
-0.012235
-0.012235
-0.012235
-0.01226
-0.01226
-0.012235
-0.012235
-0.012235
-0.01226
-0.01226
-0.01226
-0.012235
-0.012235
-0.01226
-0.01226
-0.01226
-0.012235
-0.012235
-0.01226
-0.01226
-0.01226
-0.01226
-0.01226
-0.01226
-0.01226
-0.01226
-0.01226
-0.01226
-0.012235
-0.012235
-0.012235
-0.012235
-0.012235
-0.01221
-0.01221
-0.01221
-0.012235
-0.01221
-0.01221
-0.012235
-0.01226
-0.01226
-0.01226
-0.01226
-0.01226
-0.01226
-0.01226
-0.01226
-0.012235
-0.01226
-0.01226
-0.01226
-0.01226
-0.01226
-0.01226
-0.012284
-0.012284
-0.012284
-0.01226
-0.01226
-0.01226
-0.01226
-0.01226
-0.01226
-0.012235
-0.012235
-0.012235
-0.01226
-0.012235
-0.012235
-0.012235
-0.01221
-0.012235
-0.012235
-0.012235
-0.012235
-0.012235
-0.01226
-0.012284
-0.01226
-0.01226
-0.01226
-0.012284
-0.012284
-0.012284
-0.01226
-0.01226
-0.012284
-0.012284
-0.012284
-0.01226
-0.01226
-0.012284
-0.012284
-0.012284
-0.01226
-0.01226
-0.012284
-0.012284
-0.012284
-0.012284
-0.012284
-0.01226
-0.01226
-0.01226
-0.01226
-0.01226
-0.012235
-0.012235
-0.012235
-0.012235
-0.012235
-0.01221
-0.01221
-0.01221
-0.01221
-0.012186
-0.012161
-0.012161
-0.012161
-0.012186
-0.012161
-0.012136
-0.012136
-0.012136
-0.012136
-0.012112
-0.012112
-0.012087
-0.012112
-0.012112
-0.012087
-0.012087
-0.012087
-0.012087
-0.012087
-0.012087
-0.012063
-0.012063
-0.012038
-0.012038
-0.012063
-0.012063
-0.012038
-0.012038
-0.012038
-0.012038
-0.012063
-0.012063
-0.012038
-0.012038
-0.012063
-0.012063
-0.012063
-0.012063
-0.012063
-0.012063
-0.012063
-0.012063
-0.012063
-0.012063
-0.012087
-0.012087
-0.012087
-0.012063
-0.012087
-0.012087
-0.012087
-0.012087
-0.012087
-0.012087
-0.012087
-0.012087
-0.012087
-0.012087
-0.012087
-0.012087
-0.012112
-0.012112
-0.012235
-0.012235
-0.012235
-0.01226
-0.01226
-0.01226
-0.01226
-0.01226
-0.012284
-0.012284
-0.012284
-0.01226
-0.01226
-0.012284
-0.012284
-0.012284
-0.01226
-0.01226
-0.012284
-0.012284
-0.012284
-0.012284
-0.012284
-0.012284
-0.012309
-0.012284
-0.012284
-0.012284
-0.012309
-0.012309
-0.012309
-0.012284
-0.012284
-0.012309
-0.012309
-0.012309
-0.012309
-0.012309
-0.012309
-0.012333
-0.012333
-0.012333
-0.012333
-0.012333
-0.012333
-0.012333
-0.012358
-0.012358
-0.012333
-0.012333
-0.012358
-0.012358
-0.012358
-0.012358
-0.012358
-0.012358
-0.012358
-0.012358
-0.012358
-0.012358
-0.012358
-0.012383
-0.012383
-0.012358
-0.012358
-0.012358
-0.012383
-0.012383
-0.012358
-0.012358
-0.012383
-0.012383
-0.012383
-0.012383
-0.012383
-0.012383
-0.012407
-0.012407
-0.012407
-0.012407
-0.012407
-0.012407
-0.012407
-0.012432
-0.012407
-0.012407
-0.012407
-0.012432
-0.012432
-0.012432
-0.012432
-0.012432
-0.012432
-0.012456
-0.012456
-0.012432
-0.012432
-0.012432
-0.012456
-0.012432
-0.012432
-0.012432
-0.012432
-0.012456
-0.012456
-0.012456
-0.012456
-0.012456
-0.012456
-0.012481
-0.012456
-0.012456
-0.012481
-0.012481
-0.012481
-0.012481
-0.012481
-0.012481
-0.012481
-0.012481
-0.012481
-0.012481
-0.012481
-0.012506
-0.012506
-0.012481
-0.012481
-0.012456
-0.012481
-0.012481
-0.012481
-0.012456
-0.012456
-0.012481
-0.012481
-0.012481
-0.012506
-0.012506
-0.01253
-0.01253
-0.01253
-0.012506
-0.012506
-0.01253
-0.01253
-0.01253
-0.01253
-0.01253
-0.01253
-0.012555
-0.012555
-0.01253
-0.01253
-0.012555
-0.012555
-0.012555
-0.012555
-0.012555
-0.012555
-0.012555
-0.012555
-0.01253
-0.01253
-0.01253
-0.01253
-0.012506
-0.012506
-0.012506
-0.012506
-0.012481
-0.012506
-0.01253
-0.01253
-0.01253
-0.012555
-0.012555
-0.01258
-0.01258
-0.012555
-0.012555
-0.012555
-0.01258
-0.01258
-0.01258
-0.012555
-0.01258
-0.01258
-0.01258
-0.01258
-0.012555
-0.01258
-0.01258
-0.01258
-0.012555
-0.012555
-0.01258
-0.01258
-0.01258
-0.012555
-0.012555
-0.01258
-0.01258
-0.012604
-0.012604
-0.01258
-0.01258
-0.012604
-0.012604
-0.012604
-0.012604
-0.01258
-0.012604
-0.012604
-0.012604
-0.012604
-0.01258
-0.012604
-0.012604
-0.012604
-0.012604
-0.012604
-0.012604
-0.012604
-0.012604
-0.012604
-0.012604
-0.012604
-0.012629
-0.012629
-0.012604
-0.012604
-0.012604
-0.012629
-0.012604
-0.012604
-0.012604
-0.012604
-0.012629
-0.012629
-0.012604
-0.012604
-0.012604
-0.012604
-0.012604
-0.012629
-0.012629
-0.012604
-0.012604
-0.012604
-0.012629
-0.012629
-0.012629
-0.012604
-0.012629
-0.012629
-0.012629
-0.012629
-0.012629
-0.012629
-0.012653
-0.012653
-0.012629
-0.012629
-0.012629
-0.012629
-0.012629
-0.012629
-0.012629
-0.012629
-0.012629
-0.012629
-0.012629
-0.012629
-0.012629
-0.012629
-0.012629
-0.012629
-0.012629
-0.012629
-0.012653
-0.012629
-0.012653
-0.012629
-0.012629
-0.012629
-0.012629
-0.012629
-0.012653
-0.012629
-0.012629
-0.012629
-0.012653
-0.012653
-0.012629
-0.012629
-0.012629
-0.012653
-0.012629
-0.012629
-0.012629
-0.012629
-0.012653
-0.012653
-0.012653
-0.012653
-0.012653
-0.012678
-0.012678
-0.012653
-0.012653
-0.012678
-0.012678
-0.012678
-0.012653
-0.012653
-0.012653
-0.012678
-0.012678
-0.012678
-0.012653
-0.012678
-0.012653
-0.012678
-0.012678
-0.012678
-0.012653
-0.012653
-0.012653
-0.012678
-0.012678
-0.012678
-0.012653
-0.012653
-0.012678
-0.012678
-0.012678
-0.012678
-0.012678
-0.012703
-0.012703
-0.012678
-0.012678
-0.012678
-0.012703
-0.012703
-0.012678
-0.012678
-0.012678
-0.012703
-0.012703
-0.012678
-0.012678
-0.012678
-0.012678
-0.012678
-0.012678
-0.012678
-0.012678
-0.012678
-0.012678
-0.012678
-0.012678
-0.012678
-0.012653
-0.012678
-0.012678
-0.012678
-0.012678
-0.012678
-0.012678
-0.012678
-0.012678
-0.012678
-0.012678
-0.012678
-0.012678
-0.012678
-0.012678
-0.012678
-0.012678
-0.012678
-0.012678
-0.012678
-0.012653
-0.012678
-0.012678
-0.012678
-0.012678
-0.012678
-0.012678
-0.012678
-0.012678
-0.012678
-0.012678
-0.012678
-0.012678
-0.012678
-0.012678
-0.012653
-0.012678
-0.012678
-0.012678
-0.012678
-0.012678
-0.012678
-0.012653
-0.012678
-0.012678
-0.012678
-0.012678
-0.012678
-0.012678
-0.012678
-0.012678
-0.012678
-0.012653
-0.012653
-0.012678
-0.012678
-0.012653
-0.012629
-0.012629
-0.012653
-0.012629
-0.012629
-0.012604
-0.012604
-0.012629
-0.012604
-0.012604
-0.012604
-0.012629
-0.012653
-0.012653
-0.012653
-0.012653
-0.012653
-0.012653
-0.012653
-0.012653
-0.012653
-0.012653
-0.012629
-0.012653
-0.012653
-0.012653
-0.012653
-0.012653
-0.012653
-0.012653
-0.012653
-0.012629
-0.012629
-0.012629
-0.012629
-0.012629
-0.012604
-0.01258
-0.012604
-0.012604
-0.012604
-0.01258
-0.01258
-0.01258
-0.01258
-0.012604
-0.012604
-0.01258
-0.012604
-0.012629
-0.012629
-0.012629
-0.012604
-0.012629
-0.012629
-0.012629
-0.012629
-0.012629
-0.012629
-0.012629
-0.012629
-0.012629
-0.012629
-0.012629
-0.012604
-0.012604
-0.012629
-0.012629
-0.012604
-0.012604
-0.012604
-0.012629
-0.012629
-0.012604
-0.012604
-0.012604
-0.012629
-0.012629
-0.012629
-0.012604
-0.012604
-0.012629
-0.012629
-0.012629
-0.012604
-0.012629
-0.012629
-0.012629
-0.012629
-0.012604
-0.012629
-0.012629
-0.012629
-0.012629
-0.012604
-0.012629
-0.012629
-0.012629
-0.012629
-0.012604
-0.012629
-0.012604
-0.012604
-0.012629
-0.012629
-0.012629
-0.012604
-0.012604
-0.012629
-0.012629
-0.012629
-0.012604
-0.012604
-0.012629
-0.012629
-0.012604
-0.012604
-0.012604
-0.012629
-0.012629
-0.012629
-0.012604
-0.012629
-0.012629
-0.012629
-0.012629
-0.012629
-0.012629
-0.012629
-0.012629
-0.012629
-0.012629
-0.012629
-0.012629
-0.012653
-0.012629
-0.012629
-0.012629
-0.012653
-0.012653
-0.012653
-0.012653
-0.012629
-0.012629
-0.012629
-0.012653
-0.012629
-0.012629
-0.012629
-0.012629
-0.012653
-0.012629
-0.012629
-0.012629
-0.012629
-0.012629
-0.012629
-0.012629
-0.012629
-0.012629
-0.012629
-0.012629
-0.012629
-0.012629
-0.012629
-0.012653
-0.012629
-0.012629
-0.012629
-0.012629
-0.012653
-0.012629
-0.012629
-0.012629
-0.012629
-0.012653
-0.012629
-0.012629
-0.012629
-0.012653
-0.012629
-0.012653
-0.012653
-0.012653
-0.012653
-0.012629
-0.012653
-0.012653
-0.012653
-0.012629
-0.012629
-0.012653
-0.012653
-0.012653
-0.012629
-0.012653
-0.012653
-0.012653
-0.012629
-0.012629
-0.012629
-0.012653
-0.012653
-0.012653
-0.012629
-0.012629
-0.012653
-0.012653
-0.012653
-0.012653
-0.012653
-0.012653
-0.012653
-0.012653
-0.012653
-0.012653
-0.012653
-0.012653
-0.012653
-0.012629
-0.012629
-0.012629
-0.012629
-0.012653
-0.012629
-0.012629
-0.012629
-0.012653
-0.012653
-0.012653
-0.012629
-0.012629
-0.012653
-0.012653
-0.012653
-0.012653
-0.012653
-0.012653
-0.012653
-0.012653
-0.012653
-0.012629
-0.012653
-0.012653
-0.012653
-0.012653
-0.012653
-0.012653
-0.012653
-0.012653
-0.012653
-0.012653
-0.012653
-0.012653
-0.012653
-0.012653
-0.012629
-0.012653
-0.012653
-0.012653
-0.012653
-0.012653
-0.012653
-0.012653
-0.012653
-0.012653
-0.012653
-0.012653
-0.012653
-0.012678
-0.012653
-0.012653
-0.012653
-0.012678
-0.012678
-0.012678
-0.012653
-0.012653
-0.012653
-0.012678
-0.012678
-0.012653
-0.012653
-0.012678
-0.012678
-0.012678
-0.012653
-0.012653
-0.012653
-0.012653
-0.012629
-0.012629
-0.012629
-0.012629
-0.012629
-0.012629
-0.012629
-0.012629
-0.012678
-0.012678
-0.012678
-0.012678
-0.012653
-0.012653
-0.012678
-0.012678
-0.012678
-0.012678
-0.012678
-0.012678
-0.012703
-0.012678
-0.012678
-0.012678
-0.012678
-0.012703
-0.012678
-0.012678
-0.012678
-0.012678
-0.012678
-0.012678
-0.012653
-0.012653
-0.012653
-0.012653
-0.012653
-0.012629
-0.012629
-0.012629
-0.012653
-0.012653
-0.012653
-0.012678
-0.012678
-0.012703
-0.012703
-0.012678
-0.012678
-0.012703
-0.012703
-0.012703
-0.012703
-0.012703
-0.012703
-0.012703
-0.012703
-0.012703
-0.012703
-0.012703
-0.012703
-0.012703
-0.012727
-0.012703
-0.012703
-0.012703
-0.012703
-0.012703
-0.012703
-0.012703
-0.012703
-0.012703
-0.012727
-0.012727
-0.012703
-0.012703
-0.012727
-0.012727
-0.012727
-0.012703
-0.012703
-0.012727
-0.012727
-0.012727
-0.012703
-0.012703
-0.012727
-0.012727
-0.012727
-0.012703
-0.012727
-0.012703
-0.012703
-0.012727
-0.012727
-0.012727
-0.012727
-0.012703
-0.012727
-0.012727
-0.012727
-0.012727
-0.012727
-0.012727
-0.012727
-0.012727
-0.012727
-0.012703
-0.012727
-0.012727
-0.012727
-0.012727
-0.012703
-0.012703
-0.012727
-0.012727
-0.012703
-0.012703
-0.012727
-0.012727
-0.012727
-0.012727
-0.012703
-0.012727
-0.012727
-0.012727
-0.012727
-0.012727
-0.012727
-0.012752
-0.012727
-0.012752
-0.012752
-0.012727
-0.012727
-0.012727
-0.012752
-0.012752
-0.012727
-0.012727
-0.012727
-0.012727
-0.012727
-0.012727
-0.012703
-0.012727
-0.012727
-0.012727
-0.012727
-0.012727
-0.012727
-0.012727
-0.012727
-0.012727
-0.012703
-0.012727
-0.012727
-0.012727
-0.012727
-0.012703
-0.012727
-0.012727
-0.012727
-0.012727
-0.012727
-0.012727
-0.012727
-0.012752
-0.012727
-0.012727
-0.012727
-0.012727
-0.012727
-0.012752
-0.012752
-0.012727
-0.012727
-0.012752
-0.012752
-0.012752
-0.012727
-0.012727
-0.012752
-0.012752
-0.012752
-0.012752
-0.012727
-0.012752
-0.012752
-0.012752
-0.012752
-0.012727
-0.012752
-0.012752
-0.012752
-0.012752
-0.012752
-0.012752
-0.012752
-0.012752
-0.012752
-0.012752
-0.012752
-0.012776
-0.012776
-0.012752
-0.012752
-0.012752
-0.012776
-0.012752
-0.012752
-0.012752
-0.012752
-0.012752
-0.012752
-0.012776
-0.012776
-0.012752
-0.012752
-0.012752
-0.012776
-0.012776
-0.012752
-0.012752
-0.012752
-0.012776
-0.012776
-0.012776
-0.012776
-0.012776
-0.012776
-0.012776
-0.012776
-0.012776
-0.012776
-0.012776
-0.012776
-0.012776
-0.012752
-0.012776
-0.012776
-0.012801
-0.012776
-0.012776
-0.012776
-0.012776
-0.012776
-0.012776
-0.012776
-0.012776
-0.012776
-0.012776
-0.012776
-0.012801
-0.012776
-0.012776
-0.012801
-0.012801
-0.012801
-0.012801
-0.012776
-0.012801
-0.012801
-0.012801
-0.012801
-0.012801
-0.012801
-0.012826
-0.012826
-0.012801
-0.012801
-0.012801
-0.012826
-0.012826
-0.012801
-0.012801
-0.012801
-0.012826
-0.012826
-0.012801
-0.012801
-0.012801
-0.012801
-0.012801
-0.012776
-0.012776
-0.012776
-0.012776
-0.012776
-0.012776
-0.012826
-0.012826
-0.012826
-0.012826
-0.012826
-0.012826
-0.012826
-0.012801
-0.012826
-0.012826
-0.012826
-0.012826
-0.012801
-0.012826
-0.012826
-0.01285
-0.012826
-0.012826
-0.012826
-0.01285
-0.01285
-0.012826
-0.012826
-0.012826
-0.01285
-0.01285
-0.012826
-0.012801
-0.012801
-0.012826
-0.012826
-0.012801
-0.012776
-0.012776
-0.012801
-0.012801
-0.012801
-0.012776
-0.012801
-0.012826
-0.012826
-0.01285
-0.01285
-0.01285
-0.012826
-0.012826
-0.01285
-0.01285
-0.01285
-0.01285
-0.01285
-0.01285
-0.012875
-0.01285
-0.01285
-0.01285
-0.01285
-0.01285
-0.01285
-0.01285
-0.01285
-0.01285
-0.012875
-0.012875
-0.01285
-0.012875
-0.012875
-0.012875
-0.012875
-0.012875
-0.012875
-0.012875
-0.0129
-0.012875
-0.012875
-0.012875
-0.0129
-0.0129
-0.0129
-0.012875
-0.0129
-0.0129
-0.0129
-0.0129
-0.012924
-0.0129
-0.0129
-0.0129
-0.012924
-0.012924
-0.012924
-0.0129
-0.0129
-0.012924
-0.012924
-0.012924
-0.012924
-0.012924
-0.012924
-0.012949
-0.012949
-0.012924
-0.012949
-0.012949
-0.012949
-0.012949
-0.012949
-0.012949
-0.012973
-0.012973
-0.012973
-0.012949
-0.012973
-0.012973
-0.012998
-0.012973
-0.012973
-0.012973
-0.012998
-0.012998
-0.013023
-0.013023
-0.013023
-0.013023
-0.013023
-0.013023
-0.013047
-0.013047
-0.013023
-0.013047
-0.013047
-0.013072
-0.013072
-0.013047
-0.013072
-0.013072
-0.013097
-0.013097
-0.013072
-0.013072
-0.013097
-0.013097
-0.013097
-0.013097
-0.013097
-0.013097
-0.013097
-0.013097
-0.013097
-0.013097
-0.013121
-0.013121
-0.013121
-0.013121
-0.013121
-0.013121
-0.013146
-0.013146
-0.013121
-0.013121
-0.013146
-0.013146
-0.01317
-0.01317
-0.01317
-0.01317
-0.01317
-0.01317
-0.01317
-0.01317
-0.01317
-0.01317
-0.013195
-0.013195
-0.013195
-0.01317
-0.01317
-0.013195
-0.013195
-0.013195
-0.013195
-0.013195
-0.013195
-0.013195
-0.013195
-0.013195
-0.013195
-0.013195
-0.01322
-0.01322
-0.013195
-0.013195
-0.01322
-0.01322
-0.01322
-0.01322
-0.01322
-0.01322
-0.013244
-0.013244
-0.013244
-0.013244
-0.013244
-0.013244
-0.013244
-0.013269
-0.013269
-0.013244
-0.013244
-0.013269
-0.013269
-0.013269
-0.013244
-0.013244
-0.013244
-0.013269
-0.013244
-0.013244
-0.013244
-0.013244
-0.013269
-0.013269
-0.013244
-0.013244
-0.013269
-0.013269
-0.013269
-0.013244
-0.013269
-0.013269
-0.013293
-0.013269
-0.013269
-0.013269
-0.013269
-0.013293
-0.013269
-0.013269
-0.013269
-0.013293
-0.013269
-0.013293
-0.013293
-0.013293
-0.013269
-0.013269
-0.013293
-0.013293
-0.013293
-0.013293
-0.013293
-0.013293
-0.013293
-0.013293
-0.013293
-0.013293
-0.013293
-0.013293
-0.013293
-0.013293
-0.013293
-0.013293
-0.013318
-0.013318
-0.013293
-0.013293
-0.013318
-0.013318
-0.013318
-0.013293
-0.013293
-0.013293
-0.013318
-0.013318
-0.013293
-0.013293
-0.013318
-0.013318
-0.013293
-0.013293
-0.013269
-0.013269
-0.013293
-0.013293
-0.013318
-0.013318
-0.013343
-0.013343
-0.013343
-0.013318
-0.013318
-0.013343
-0.013343
-0.013343
-0.013318
-0.013318
-0.013343
-0.013343
-0.013343
-0.013343
-0.013343
-0.013343
-0.013367
-0.013367
-0.013343
-0.013343
-0.013343
-0.013343
-0.013343
-0.013343
-0.013318
-0.013318
-0.013318
-0.013318
-0.013318
-0.013318
-0.013293
-0.013318
-0.013293
-0.013293
-0.013343
-0.013343
-0.013343
-0.013343
-0.013367
-0.013367
-0.013343
-0.013343
-0.013367
-0.013367
-0.013367
-0.013367
-0.013367
-0.013367
-0.013392
-0.013392
-0.013367
-0.013367
-0.013367
-0.013392
-0.013392
-0.013367
-0.013367
-0.013367
-0.013392
-0.013392
-0.013367
-0.013367
-0.013392
-0.013392
-0.013392
-0.013392
-0.013392
-0.013392
-0.013417
-0.013417
-0.013392
-0.013392
-0.013417
-0.013417
-0.013417
-0.013417
-0.013417
-0.013417
-0.013417
-0.013417
-0.013417
-0.013441
-0.013417
-0.013417
-0.013417
-0.013417
-0.013441
-0.013417
-0.013417
-0.013441
-0.013441
-0.013441
-0.013441
-0.013441
-0.013441
-0.013441
-0.013441
-0.013441
-0.013417
-0.013441
-0.013441
-0.013441
-0.013417
-0.013417
-0.013417
-0.013441
-0.013441
-0.013417
-0.013417
-0.013417
-0.013441
-0.013441
-0.013417
-0.013417
-0.013417
-0.013417
-0.013441
-0.013441
-0.013441
-0.013441
-0.013441
-0.013441
-0.013441
-0.013441
-0.013441
-0.013441
-0.013441
-0.013466
-0.013466
-0.013441
-0.013441
-0.013441
-0.013466
-0.013466
-0.013441
-0.013441
-0.013466
-0.013466
-0.013466
-0.013466
-0.013441
-0.013466
-0.013466
-0.013466
-0.013466
-0.013466
-0.013466
-0.01349
-0.01349
-0.013466
-0.013466
-0.013466
-0.013466
-0.013466
-0.01349
-0.01349
-0.013466
-0.013466
-0.013466
-0.01349
-0.01349
-0.013466
-0.013466
-0.013466
-0.01349
-0.01349
-0.01349
-0.013466
-0.01349
-0.01349
-0.01349
-0.01349
-0.013466
-0.01349
-0.01349
-0.01349
-0.01349
-0.01349
-0.01349
-0.013515
-0.013515
-0.01349
-0.01349
-0.01349
-0.013515
-0.013515
-0.013515
-0.01349
-0.013515
-0.013515
-0.013515
-0.013515
-0.013515
-0.013515
-0.013515
-0.013515
-0.01354
-0.01354
-0.01354
-0.013515
-0.01354
-0.01354
-0.01354
-0.01354
-0.013515
-0.01354
-0.01354
-0.01354
-0.01354
-0.01354
-0.01354
-0.01354
-0.01354
-0.01354
-0.01354
-0.01354
-0.013564
-0.013564
-0.01354
-0.01354
-0.01354
-0.013564
-0.013564
-0.01354
-0.01354
-0.01354
-0.013564
-0.013564
-0.01354
-0.01354
-0.01354
-0.013564
-0.013564
-0.01354
-0.013564
-0.013564
-0.013564
-0.013564
-0.013564
-0.013564
-0.013564
-0.013564
-0.013564
-0.013589
-0.013589
-0.013564
-0.013564
-0.013564
-0.013589
-0.013589
-0.013589
-0.013564
-0.013564
-0.013589
-0.013589
-0.013564
-0.013564
-0.013564
-0.013589
-0.013589
-0.013564
-0.013564
-0.013564
-0.013589
-0.013589
-0.013589
-0.013564
-0.013564
-0.013589
-0.013589
-0.013589
-0.013589
-0.013589
-0.013589
-0.013589
-0.013589
-0.013589
-0.013589
-0.013589
-0.013589
-0.013589
-0.013589
-0.013589
-0.013589
-0.013589
-0.013589
-0.013589
-0.013589
-0.013589
-0.013589
-0.013589
-0.013589
-0.013564
-0.013564
-0.013589
-0.013564
-0.013564
-0.01354
-0.013564
-0.013564
-0.013564
-0.013564
-0.013564
-0.013564
-0.013589
-0.013613
-0.013613
-0.013589
-0.013613
-0.013613
-0.013613
-0.013613
-0.013589
-0.013589
-0.013613
-0.013613
-0.013638
-0.013638
-0.013613
-0.013613
-0.013613
-0.013638
-0.013638
-0.013613
-0.013613
-0.013613
-0.013638
-0.013638
-0.013613
-0.013589
-0.013589
-0.013613
-0.013613
-0.013589
-0.013589
-0.013589
-0.013589
-0.013589
-0.013589
-0.013589
-0.013613
-0.013613
-0.013638
-0.013638
-0.013638
-0.013638
-0.013638
-0.013638
-0.013638
-0.013613
-0.013638
-0.013638
-0.013663
-0.013638
-0.013663
-0.013638
-0.013638
-0.013663
-0.013663
-0.013663
-0.013638
-0.013638
-0.013663
-0.013663
-0.013663
-0.013663
-0.013663
-0.013663
-0.013687
-0.013663
-0.013663
-0.013663
-0.013687
-0.013687
-0.013687
-0.013663
-0.013663
-0.013687
-0.013687
-0.013687
-0.013663
-0.013663
-0.013687
-0.013687
-0.013687
-0.013663
-0.013663
-0.013687
-0.013687
-0.013663
-0.013663
-0.013663
-0.013687
-0.013687
-0.013687
-0.013687
-0.013687
-0.013687
-0.013687
-0.013687
-0.013687
-0.013687
-0.013687
-0.013687
-0.013687
-0.013687
-0.013687
-0.013687
-0.013687
-0.013712
-0.013687
-0.013687
-0.013687
-0.013687
-0.013712
-0.013687
-0.013687
-0.013687
-0.013712
-0.013712
-0.013712
-0.013712
-0.013712
-0.013712
-0.013737
-0.013737
-0.013712
-0.013712
-0.013737
-0.013737
-0.013737
-0.013712
-0.013712
-0.013737
-0.013712
-0.013737
-0.013737
-0.013737
-0.013712
-0.013737
-0.013737
-0.013737
-0.013737
-0.013737
-0.013737
-0.013761
-0.013761
-0.013761
-0.013737
-0.013737
-0.013761
-0.013761
-0.013761
-0.013737
-0.013737
-0.013761
-0.013761
-0.013761
-0.013737
-0.013737
-0.013761
-0.013761
-0.013761
-0.013761
-0.013761
-0.013761
-0.013786
-0.013761
-0.013761
-0.013761
-0.013786
-0.013786
-0.013786
-0.013761
-0.013786
-0.013761
-0.013761
-0.013786
-0.013786
-0.013786
-0.013786
-0.013786
-0.013786
-0.01381
-0.013786
-0.013786
-0.013786
-0.013786
-0.01381
-0.01381
-0.013786
-0.013786
-0.01381
-0.01381
-0.01381
-0.01381
-0.01381
-0.01381
-0.01381
-0.01381
-0.01381
-0.01381
-0.01381
-0.013835
-0.013835
-0.01381
-0.01381
-0.01381
-0.013835
-0.013835
-0.01381
-0.01381
-0.013835
-0.013835
