2018
7
5
10
1
13.688
0.017355
0.01738
0.017331
0.017281
0.017281
0.017355
0.01738
0.017331
0.017281
0.017281
0.017355
0.01738
0.017331
0.017281
0.017281
0.017355
0.01738
0.017331
0.017281
0.017281
0.017355
0.01738
0.017331
0.017257
0.017281
0.017355
0.01738
0.017306
0.017257
0.017257
0.017331
0.017355
0.017306
0.017232
0.017257
0.017331
0.017355
0.017306
0.017232
0.017257
0.017232
0.017232
0.017306
0.017331
0.017281
0.017232
0.017232
0.017306
0.017331
0.017281
0.017232
0.017232
0.017306
0.017331
0.017281
0.017232
0.017232
0.017306
0.017331
0.017281
0.017208
0.017232
0.017281
0.017306
0.017257
0.017208
0.017208
0.017281
0.017306
0.017257
0.017208
0.017208
0.017257
0.017306
0.017257
0.017208
0.017208
0.017257
0.017306
0.017257
0.017281
0.017257
0.017183
0.017183
0.017257
0.017281
0.017232
0.017183
0.017158
0.017232
0.017257
0.017232
0.017158
0.017158
0.017232
0.017257
0.017208
0.017158
0.017158
0.017232
0.017257
0.017232
0.017158
0.017158
0.017232
0.017257
0.017232
0.017158
0.017158
0.017208
0.017257
0.017208
0.017158
0.017134
0.017208
0.017257
0.017208
0.017134
0.017134
0.017183
0.017109
0.017183
0.017208
0.017158
0.01706
0.017035
0.01706
0.01706
0.017011
0.016937
0.016937
0.01706
0.017208
0.017306
0.017257
0.017208
0.017257
0.017257
0.017208
0.017109
0.017085
0.017134
0.017183
0.017134
0.017085
0.01706
0.017109
0.017158
0.017134
0.01706
0.01706
0.017109
0.017158
0.017134
0.01706
0.01706
0.017109
0.017158
0.017109
0.01706
0.017134
0.01706
0.017035
0.017109
0.017158
0.017109
0.01706
0.017035
0.017085
0.017134
0.017109
0.017035
0.017011
0.01706
0.017109
0.017085
0.017011
0.017011
0.01706
0.017109
0.017085
0.017011
0.016986
0.01706
0.017109
0.017085
0.017011
0.016986
0.017035
0.017085
0.01706
0.016986
0.016986
0.017035
0.017085
0.01706
0.016986
0.016961
0.017011
0.01706
0.017011
0.01706
0.017035
0.016961
0.016937
0.016986
0.017035
0.017011
0.016961
0.016937
0.016986
0.017035
0.017011
0.016961
0.016937
0.016986
0.017035
0.017011
0.016961
0.016937
0.016986
0.017035
0.017011
0.016961
0.016937
0.016986
0.017035
0.017011
0.016937
0.016912
0.016961
0.017011
0.016986
0.016937
0.016912
0.016961
0.017011
0.016986
0.016937
0.016912
0.016912
0.016888
0.016937
0.016986
0.016986
0.016912
0.016888
0.016937
0.016986
0.016961
0.016912
0.016888
0.016912
0.016986
0.016961
0.016912
0.016863
0.016912
0.016961
0.016961
0.016888
0.016863
0.016912
0.016961
0.016961
0.016888
0.016838
0.016888
0.016961
0.016937
0.016888
0.016863
0.016888
0.016961
0.016937
0.016863
0.016838
0.016863
0.016937
0.016937
0.016937
0.016912
0.016863
0.016814
0.016863
0.016912
0.016912
0.016863
0.016814
0.016863
0.016912
0.016912
0.016838
0.016814
0.016863
0.016912
0.016912
0.016838
0.016789
0.016838
0.016912
0.016888
0.016838
0.016789
0.016838
0.016912
0.016888
0.016838
0.016789
0.016838
0.016912
0.016912
0.016838
0.016814
0.016838
0.016912
0.016912
0.016838
0.016814
0.016838
0.016814
0.016838
0.016888
0.016888
0.016838
0.016789
0.016814
0.016888
0.016888
0.016814
0.016789
0.016814
0.016888
0.016888
0.016814
0.016789
0.016814
0.016863
0.016888
0.016814
0.016765
0.016814
0.016863
0.016888
0.016814
0.016765
0.016814
0.016863
0.016863
0.016814
0.016765
0.016789
0.016863
0.016863
0.016814
0.016765
0.016789
0.016838
0.016838
0.016789
0.016838
0.016789
0.01674
0.016765
0.016838
0.016838
0.016789
0.01674
0.016765
0.016814
0.016838
0.016765
0.016715
0.01674
0.016814
0.016814
0.01674
0.016691
0.016715
0.016789
0.016789
0.01674
0.016691
0.016715
0.016765
0.016765
0.016715
0.016666
0.016691
0.016765
0.016765
0.016715
0.016691
0.016691
0.016765
0.016789
0.016715
0.016691
0.016691
0.016765
0.016691
0.016765
0.016765
0.016715
0.016666
0.016666
0.01674
0.016765
0.016691
0.016641
0.016666
0.01674
0.016765
0.016691
0.016617
0.016617
0.016641
0.016617
0.016543
0.016494
0.016494
0.016592
0.016691
0.016765
0.016789
0.016814
0.016863
0.016838
0.016765
0.016691
0.016666
0.01674
0.01674
0.016691
0.016617
0.016641
0.016691
0.016715
0.016666
0.016617
0.016666
0.016617
0.016617
0.016691
0.016715
0.016666
0.016617
0.016617
0.016691
0.016715
0.016666
0.016617
0.016617
0.016691
0.016715
0.016641
0.016592
0.016617
0.016666
0.016691
0.016641
0.016592
0.016592
0.016666
0.016691
0.016641
0.016568
0.016592
0.016641
0.016666
0.016617
0.016568
0.016568
0.016641
0.016666
0.016617
0.016568
0.016568
0.016641
0.016666
0.016617
0.016641
0.016592
0.016543
0.016543
0.016592
0.016617
0.016568
0.016518
0.016518
0.016568
0.016617
0.016568
0.016518
0.016518
0.016592
0.016617
0.016568
0.016518
0.016518
0.016568
0.016617
0.016568
0.016518
0.016518
0.016568
0.016617
0.016568
0.016518
0.016518
0.016592
0.016617
0.016568
0.016494
0.016494
0.016568
0.016592
0.016543
0.016494
0.016494
0.016494
0.016494
0.016568
0.016592
0.016568
0.016494
0.016494
0.016543
0.016592
0.016543
0.016469
0.016469
0.016518
0.016568
0.016518
0.016469
0.016445
0.016518
0.016568
0.016518
0.016469
0.016469
0.016518
0.016543
0.016518
0.016445
0.016445
0.016494
0.016543
0.016518
0.016445
0.016445
0.016518
0.016543
0.016518
0.016445
0.016445
0.016494
0.016543
0.016494
0.016543
0.016494
0.016445
0.01642
0.016494
0.016518
0.016469
0.01642
0.01642
0.016469
0.016518
0.016469
0.01642
0.016395
0.016469
0.016518
0.016494
0.01642
0.01642
0.016469
0.016518
0.016494
0.01642
0.01642
0.016469
0.016518
0.016469
0.01642
0.01642
0.016469
0.016518
0.016469
0.01642
0.016395
0.016469
0.016494
0.016469
0.01642
0.016395
0.016469
0.01642
0.016469
0.016518
0.016494
0.01642
0.01642
0.016469
0.016518
0.016494
0.01642
0.01642
0.016469
0.016518
0.016494
0.016445
0.01642
0.016469
0.016518
0.016494
0.016445
0.01642
0.016469
0.016518
0.016494
0.01642
0.016395
0.016445
0.016494
0.016469
0.01642
0.016395
0.016445
0.016494
0.016469
0.01642
0.016395
0.016445
0.016494
0.016469
0.016395
0.016469
0.016395
0.016371
0.01642
0.016469
0.016445
0.016395
0.016371
0.01642
0.016469
0.016445
0.016371
0.016371
0.01642
0.016469
0.016445
0.016395
0.016371
0.01642
0.016469
0.016445
0.016371
0.016346
0.016395
0.016445
0.01642
0.016371
0.016346
0.016371
0.016445
0.01642
0.016346
0.016346
0.016395
0.016445
0.01642
0.016371
0.016346
0.016395
0.016445
0.016395
0.016445
0.01642
0.016371
0.016346
0.016371
0.01642
0.01642
0.016346
0.016321
0.016371
0.01642
0.01642
0.016346
0.016321
0.016346
0.01642
0.016395
0.016321
0.016297
0.016321
0.016346
0.016297
0.016198
0.016149
0.016174
0.016223
0.016248
0.016248
0.016346
0.016494
0.016543
0.016518
0.01642
0.016371
0.016371
0.01642
0.016395
0.016321
0.016297
0.016297
0.016321
0.016395
0.016371
0.016297
0.016272
0.016321
0.016371
0.016371
0.016297
0.016248
0.016297
0.016346
0.016346
0.016297
0.016272
0.016297
0.016371
0.016371
0.016297
0.016272
0.016321
0.016395
0.016395
0.016346
0.016321
0.016346
0.01642
0.01642
0.016346
0.016321
0.016371
0.01642
0.016445
0.016371
0.016346
0.016395
0.016469
0.016469
0.016395
0.016469
0.01642
0.016371
0.016395
0.016469
0.016445
0.016395
0.016346
0.016371
0.01642
0.01642
0.016371
0.016321
0.016346
0.01642
0.01642
0.016346
0.016321
0.016346
0.01642
0.01642
0.016346
0.016297
0.016346
0.016395
0.01642
0.016346
0.016321
0.016346
0.016395
0.01642
0.016346
0.016297
0.016346
0.016395
0.016395
0.016346
0.016297
0.016321
0.016371
0.016321
0.016371
0.016371
0.016321
0.016272
0.016297
0.016371
0.016371
0.016321
0.016272
0.016297
0.016371
0.016371
0.016297
0.016248
0.016272
0.016346
0.016346
0.016297
0.016248
0.016272
0.016321
0.016321
0.016272
0.016223
0.016248
0.016297
0.016321
0.016272
0.016223
0.016248
0.016297
0.016321
0.016272
0.016223
0.016248
0.016297
0.016297
0.016248
0.016198
0.016248
0.016198
0.016223
0.016297
0.016321
0.016248
0.016198
0.016223
0.016272
0.016297
0.016248
0.016198
0.016198
0.016272
0.016272
0.016223
0.016174
0.016198
0.016248
0.016272
0.016223
0.016149
0.016174
0.016223
0.016248
0.016198
0.016149
0.016174
0.016223
0.016248
0.016198
0.016149
0.016149
0.016223
0.016223
0.016174
0.016124
0.016149
0.016198
0.016223
0.016198
0.016149
0.0161
0.016124
0.016174
0.016198
0.016149
0.016075
0.0161
0.016174
0.016174
0.016149
0.0161
0.0161
0.016174
0.016198
0.016149
0.0161
0.0161
0.016174
0.016198
0.016149
0.016075
0.0161
0.016149
0.016174
0.016124
0.016075
0.016075
0.016149
0.016174
0.016124
0.016075
0.016075
0.016124
0.016149
0.0161
0.016051
0.016051
0.016124
0.016075
0.016124
0.016174
0.016124
0.016051
0.016075
0.016124
0.016149
0.0161
0.016051
0.016051
0.0161
0.016124
0.016075
0.016026
0.016026
0.0161
0.016124
0.016075
0.016026
0.016051
0.0161
0.016124
0.016075
0.016026
0.016026
0.016075
0.0161
0.016075
0.016001
0.016001
0.016075
0.0161
0.016075
0.016001
0.016001
0.016075
0.0161
0.016051
0.016001
0.016001
0.016001
0.016051
0.0161
0.016051
0.016001
0.016001
0.016051
0.016075
0.016051
0.016001
0.016001
0.016075
0.0161
0.016075
0.016001
0.016001
0.016051
0.0161
0.016075
0.016001
0.016001
0.016075
0.0161
0.016075
0.016001
0.016001
0.016051
0.0161
0.016051
0.016001
0.015977
0.016051
0.016075
0.016026
0.015952
0.015903
0.015928
0.015928
0.015878
0.016051
0.016174
0.016149
0.016124
0.016149
0.016174
0.0161
0.016026
0.016001
0.016051
0.0161
0.016051
0.016001
0.016001
0.016051
0.016075
0.016051
0.016001
0.015977
0.016051
0.016075
0.016051
0.016001
0.015977
0.016051
0.016075
0.016051
0.016001
0.016001
0.016051
0.0161
0.016075
0.016001
0.016001
0.016051
0.0161
0.016075
0.016001
0.016001
0.016051
0.015977
0.016026
0.016075
0.016051
0.015977
0.015977
0.016026
0.016075
0.016051
0.015977
0.015952
0.016026
0.016075
0.016051
0.015977
0.015952
0.016001
0.016051
0.016026
0.015977
0.015952
0.016001
0.016051
0.016026
0.015952
0.015952
0.015977
0.016026
0.016001
0.015952
0.015928
0.015977
0.016026
0.016001
0.015952
0.015928
0.015977
0.016026
0.016001
0.015928
0.016001
0.015928
0.015928
0.015977
0.016026
0.016001
0.015952
0.015928
0.015977
0.016026
0.016001
0.015952
0.015928
0.015977
0.016026
0.016001
0.015952
0.015928
0.015952
0.016001
0.016001
0.015928
0.015903
0.015952
0.016026
0.016001
0.015952
0.015928
0.015977
0.016026
0.016026
0.015977
0.015952
0.016001
0.016051
0.016026
0.015977
0.015952
0.016001
0.016051
0.016026
0.016075
0.016051
0.016001
0.015977
0.016026
0.016075
0.016051
0.016001
0.015977
0.016026
0.016075
0.016051
0.016001
0.015977
0.016026
0.016075
0.016075
0.016001
0.015977
0.016026
0.016075
0.016075
0.016001
0.015977
0.016026
0.016075
0.016075
0.016001
0.015977
0.016001
0.016051
0.016051
0.016001
0.015977
0.016001
0.016075
0.016051
0.016001
0.015977
0.016001
0.015977
0.016026
0.016075
0.016051
0.016001
0.015977
0.016001
0.016075
0.016051
0.016001
0.015977
0.016026
0.016075
0.016075
0.016001
0.015977
0.016026
0.016075
0.016075
0.016001
0.015977
0.016026
0.016075
0.016075
0.016026
0.015977
0.016026
0.016075
0.016075
0.016001
0.015977
0.016001
0.016075
0.016075
0.016001
0.015977
0.016001
0.016075
0.016051
0.016051
0.016051
0.016001
0.015977
0.016001
0.016075
0.016075
0.016001
0.015977
0.016001
0.016075
0.016075
0.016001
0.015977
0.016001
0.016051
0.016051
0.016001
0.015977
0.016001
0.016051
0.016051
0.016001
0.015952
0.016001
0.016051
0.016051
0.016001
0.015952
0.016001
0.016051
0.016051
0.016001
0.015952
0.016001
0.016051
0.016051
0.016001
0.015952
0.015977
0.015952
0.016001
0.016051
0.016075
0.016001
0.015977
0.016001
0.016051
0.016051
0.016001
0.015952
0.015977
0.016051
0.016051
0.016001
0.015952
0.015977
0.016026
0.016026
0.015977
0.015928
0.015952
0.016026
0.016026
0.015977
0.015928
0.015952
0.016026
0.016026
0.015977
0.015928
0.015952
0.016026
0.016026
0.015977
0.015928
0.015952
0.016026
0.016026
0.015977
0.016026
0.015977
0.015928
0.015952
0.016001
0.016001
0.015952
0.015878
0.015878
0.015903
0.015878
0.015829
0.01578
0.015804
0.015928
0.016075
0.016149
0.0161
0.0161
0.016149
0.016124
0.016051
0.016001
0.016001
0.016051
0.016051
0.016001
0.015952
0.015977
0.016026
0.016051
0.015977
0.015928
0.015952
0.016001
0.016026
0.015977
0.015928
0.015952
0.016026
0.015977
0.016026
0.016051
0.016001
0.015952
0.015977
0.016026
0.016051
0.016001
0.015952
0.015977
0.016026
0.016051
0.016001
0.015952
0.015977
0.016026
0.016051
0.016001
0.015952
0.015952
0.016001
0.016026
0.016001
0.015928
0.015952
0.016001
0.016026
0.016001
0.015952
0.015952
0.016001
0.016026
0.015977
0.015928
0.015952
0.016001
0.016026
0.015977
0.015928
0.015977
0.015928
0.015952
0.016001
0.016026
0.015977
0.015928
0.015952
0.016026
0.016051
0.016001
0.015952
0.015977
0.016026
0.016051
0.016026
0.015952
0.015977
0.016026
0.016051
0.016026
0.015977
0.015977
0.016026
0.016075
0.016026
0.015977
0.015977
0.016051
0.016075
0.016026
0.015977
0.016001
0.016051
0.016075
0.016026
0.015977
0.015977
0.016051
0.016075
0.016051
0.016075
0.016026
0.015977
0.015977
0.016051
0.016075
0.016026
0.015977
0.015977
0.016051
0.016075
0.016051
0.016001
0.016001
0.016051
0.016075
0.016026
0.015977
0.016001
0.016051
0.016075
0.016051
0.016001
0.016001
0.016051
0.016075
0.016051
0.016001
0.016001
0.016051
0.016075
0.016051
0.016001
0.016001
0.016051
0.016075
0.016051
0.016001
0.016001
0.016026
0.016001
0.016075
0.0161
0.016075
0.016026
0.016026
0.016075
0.016124
0.016075
0.016026
0.016026
0.016075
0.016124
0.016075
0.016026
0.016026
0.0161
0.016124
0.0161
0.016051
0.016051
0.0161
0.016149
0.0161
0.016051
0.016051
0.0161
0.016149
0.0161
0.016051
0.016051
0.0161
0.016149
0.016124
0.016075
0.016051
0.016124
0.016149
0.016124
0.016149
0.016124
0.016075
0.016075
0.016124
0.016174
0.016149
0.016075
0.016075
0.016124
0.016174
0.016149
0.0161
0.016075
0.016124
0.016174
0.016149
0.0161
0.0161
0.016149
0.016198
0.016174
0.016124
0.016124
0.016174
0.016223
0.016198
0.016149
0.016124
0.016174
0.016223
0.016198
0.016149
0.016124
0.016174
0.016223
0.016198
0.016149
0.016124
0.016174
0.016124
0.016174
0.016223
0.016223
0.016149
0.016149
0.016198
0.016248
0.016223
0.016149
0.016124
0.016174
0.016223
0.016198
0.016149
0.016124
0.016174
0.016223
0.016223
0.016149
0.016149
0.016198
0.016248
0.016223
0.016149
0.016149
0.016198
0.016248
0.016223
0.016174
0.016149
0.016198
0.016248
0.016223
0.016174
0.016149
0.016198
0.016272
0.016248
0.016198
0.016248
0.016174
0.016174
0.016223
0.016272
0.016248
0.016198
0.016174
0.016223
0.016272
0.016248
0.016174
0.016149
0.016198
0.016223
0.016174
0.016075
0.016001
0.016026
0.016075
0.016075
0.016051
0.016124
0.016297
0.016395
0.016395
0.016297
0.016248
0.016272
0.016297
0.016248
0.016198
0.016149
0.016198
0.016248
0.016248
0.016198
0.016149
0.016198
0.016248
0.016198
0.016248
0.016248
0.016198
0.016149
0.016198
0.016248
0.016248
0.016198
0.016149
0.016198
0.016248
0.016248
0.016174
0.016149
0.016198
0.016248
0.016248
0.016198
0.016149
0.016198
0.016248
0.016248
0.016174
0.016149
0.016198
0.016223
0.016223
0.016174
0.016149
0.016174
0.016223
0.016223
0.016149
0.016124
0.016174
0.016223
0.016223
0.016174
0.016124
0.016174
0.016149
0.016174
0.016223
0.016223
0.016174
0.016149
0.016174
0.016223
0.016223
0.016174
0.016124
0.016174
0.016223
0.016223
0.016174
0.016149
0.016174
0.016223
0.016223
0.016174
0.016149
0.016174
0.016248
0.016248
0.016198
0.016149
0.016198
0.016248
0.016248
0.016198
0.016149
0.016198
0.016248
0.016248
0.016198
0.016174
0.016198
0.016248
0.016248
0.016248
0.016223
0.016174
0.016149
0.016174
0.016248
0.016248
0.016198
0.016149
0.016198
0.016248
0.016248
0.016198
0.016149
0.016174
0.016248
0.016248
0.016198
0.016149
0.016174
0.016248
0.016248
0.016198
0.016174
0.016198
0.016248
0.016248
0.016198
0.016174
0.016198
0.016248
0.016248
0.016198
0.016174
0.016198
0.016248
0.016272
0.016198
0.016174
0.016198
0.016174
0.016198
0.016248
0.016272
0.016223
0.016174
0.016198
0.016248
0.016248
0.016198
0.016174
0.016198
0.016248
0.016248
0.016198
0.016149
0.016174
0.016248
0.016248
0.016198
0.016149
0.016174
0.016223
0.016248
0.016198
0.016149
0.016174
0.016223
0.016248
0.016198
0.016149
0.016174
0.016248
0.016248
0.016198
0.016149
0.016174
0.016223
0.016248
0.016198
0.016198
0.016149
0.016174
0.016223
0.016248
0.016198
0.016149
0.016174
0.016223
0.016248
0.016198
0.016174
0.016198
0.016248
0.016248
0.016223
0.016174
0.016198
0.016248
0.016272
0.016223
0.016174
0.016198
0.016248
0.016272
0.016223
0.016174
0.016174
0.016248
0.016272
0.016223
0.016174
0.016174
0.016248
0.016272
0.016223
0.016174
0.016174
0.016248
0.016248
0.016223
0.016248
0.016198
0.016149
0.016174
0.016223
0.016248
0.016198
0.016149
0.016174
0.016223
0.016248
0.016198
0.016149
0.016174
0.016223
0.016248
0.016198
0.016149
0.016174
0.016223
0.016248
0.016198
0.016174
0.016174
0.016223
0.016248
0.016223
0.016174
0.016174
0.016223
0.016248
0.016223
0.016149
0.016174
0.016223
0.016248
0.016223
0.016174
0.016174
0.016174
0.016248
0.016272
0.016223
0.016174
0.016198
0.016248
0.016272
0.016248
0.016198
0.016198
0.016248
0.016272
0.016248
0.016198
0.016198
0.016272
0.016297
0.016272
0.016223
0.016223
0.016297
0.016321
0.016297
0.016248
0.016248
0.016297
0.016346
0.016297
0.016248
0.016248
0.016297
0.016321
0.016297
0.016248
0.016248
0.016321
0.016346
0.016297
0.016248
0.016321
0.016248
0.016248
0.016272
0.016297
0.016223
0.016124
0.016124
0.016174
0.016223
0.016248
0.016321
0.016445
0.016518
0.016518
0.016469
0.016371
0.016371
0.016395
0.01642
0.016395
0.016321
0.016321
0.016371
0.01642
0.016395
0.016321
0.016321
0.016395
0.01642
0.016395
0.016346
0.016346
0.016395
0.016445
0.01642
0.016371
0.016371
0.01642
0.016445
0.01642
0.016469
0.016445
0.016371
0.016371
0.01642
0.016469
0.016445
0.016395
0.016371
0.01642
0.016469
0.016445
0.016395
0.016395
0.016445
0.016469
0.016445
0.016395
0.016395
0.016445
0.016469
0.016445
0.016395
0.016395
0.016445
0.016469
0.016445
0.016371
0.016371
0.01642
0.016445
0.01642
0.016371
0.016346
0.016395
0.016445
0.01642
0.016346
0.016346
0.016346
0.016395
0.016445
0.01642
0.016346
0.016346
0.016395
0.016445
0.01642
0.016371
0.016346
0.01642
0.016445
0.016445
0.016371
0.016371
0.01642
0.016445
0.01642
0.016371
0.016371
0.01642
0.016469
0.016445
0.016395
0.016371
0.01642
0.016469
0.016469
0.016395
0.016395
0.016445
0.016469
0.016469
0.01642
0.016395
0.016445
0.016494
0.016469
0.016395
0.01642
0.016395
0.016445
0.016469
0.016469
0.016395
0.016395
0.016445
0.016494
0.016469
0.01642
0.016395
0.016445
0.016494
0.016469
0.01642
0.016395
0.016445
0.016494
0.016494
0.016445
0.01642
0.016469
0.016518
0.016494
0.016445
0.01642
0.016469
0.016518
0.016494
0.016445
0.01642
0.016469
0.016518
0.016494
0.016445
0.01642
0.016469
0.016518
0.016494
0.016518
0.016518
0.016445
0.016445
0.016469
0.016518
0.016518
0.016469
0.01642
0.016469
0.016518
0.016518
0.016469
0.016445
0.016469
0.016518
0.016518
0.016445
0.016445
0.016469
0.016518
0.016518
0.016445
0.01642
0.016469
0.016518
0.016518
0.016445
0.01642
0.016469
0.016518
0.016518
0.016469
0.01642
0.016469
0.016518
0.016518
0.016469
0.016445
0.016469
0.016445
0.016494
0.016543
0.016543
0.016469
0.016445
0.016494
0.016543
0.016543
0.016494
0.016469
0.016494
0.016543
0.016543
0.016494
0.016469
0.016494
0.016543
0.016543
0.016494
0.016445
0.016494
0.016543
0.016543
0.016494
0.016469
0.016494
0.016543
0.016543
0.016494
0.016469
0.016494
0.016568
0.016543
0.016494
0.016469
0.016494
0.016543
0.016543
0.016494
0.016568
0.016518
0.016494
0.016518
0.016568
0.016568
0.016518
0.016494
0.016518
0.016568
0.016568
0.016494
0.016469
0.016494
0.016568
0.016568
0.016518
0.016494
0.016518
0.016568
0.016592
0.016543
0.016494
0.016518
0.016592
0.016592
0.016543
0.016494
0.016543
0.016592
0.016592
0.016543
0.016518
0.016543
0.016592
0.016617
0.016568
0.016518
0.016568
0.016617
0.016617
0.016641
0.016568
0.016543
0.016568
0.016617
0.016617
0.016568
0.016543
0.016568
0.016617
0.016641
0.016568
0.016543
0.016568
0.016617
0.016617
0.016568
0.016543
0.016568
0.016592
0.016592
0.016494
0.01642
0.01642
0.016469
0.016469
0.016445
0.016469
0.016617
0.016789
0.016789
0.01674
0.016666
0.016666
0.016691
0.016691
0.016617
0.016568
0.016592
0.016568
0.016592
0.016666
0.016666
0.016641
0.016592
0.016617
0.016666
0.016691
0.016641
0.016592
0.016617
0.016666
0.016691
0.016641
0.016592
0.016617
0.016691
0.016691
0.016666
0.016617
0.016641
0.016691
0.016715
0.016666
0.016617
0.016641
0.016691
0.016715
0.016666
0.016617
0.016641
0.016691
0.016715
0.016666
0.016641
0.016666
0.016715
0.01674
0.016691
0.016691
0.016641
0.016666
0.016715
0.01674
0.016691
0.016641
0.016666
0.016715
0.01674
0.016691
0.016641
0.016666
0.016715
0.01674
0.016691
0.016641
0.016666
0.016715
0.01674
0.016691
0.016666
0.016666
0.016715
0.01674
0.016715
0.016666
0.016691
0.01674
0.016765
0.016715
0.016666
0.016691
0.016765
0.016789
0.01674
0.016691
0.016715
0.016765
0.016789
0.016765
0.016789
0.016765
0.016715
0.016715
0.016765
0.016789
0.016765
0.016715
0.016715
0.016765
0.016789
0.016765
0.016715
0.016715
0.016765
0.016789
0.016765
0.016715
0.01674
0.016789
0.016814
0.016765
0.016715
0.01674
0.016789
0.016814
0.016789
0.01674
0.01674
0.016789
0.016814
0.016765
0.016715
0.016715
0.016765
0.016814
0.016765
0.016715
0.016715
0.016715
0.016715
0.016765
0.016814
0.016765
0.016715
0.016715
0.016765
0.016814
0.016765
0.016715
0.016715
0.016789
0.016814
0.016765
0.016715
0.016715
0.016765
0.016814
0.016765
0.016715
0.016715
0.016765
0.016814
0.016765
0.016715
0.016715
0.016789
0.016814
0.016765
0.016715
0.01674
0.016789
0.016814
0.016789
0.01674
0.01674
0.016789
0.016814
0.016789
0.016814
0.016789
0.01674
0.016715
0.016765
0.016814
0.016765
0.016715
0.016715
0.016765
0.016814
0.016789
0.01674
0.01674
0.016789
0.016814
0.016789
0.01674
0.016715
0.016789
0.016814
0.016789
0.01674
0.01674
0.016789
0.016814
0.016789
0.01674
0.01674
0.016789
0.016814
0.016789
0.01674
0.016715
0.016765
0.016814
0.016789
0.01674
0.016715
0.016765
0.01674
0.016789
0.016838
0.016814
0.016765
0.01674
0.016789
0.016838
0.016814
0.016765
0.01674
0.016789
0.016838
0.016814
0.016765
0.016765
0.016789
0.016838
0.016814
0.016765
0.016765
0.016814
0.016863
0.016838
0.016765
0.016765
0.016814
0.016838
0.016814
0.016765
0.016765
0.016814
0.016863
0.016838
0.016789
0.016789
0.016838
0.016888
0.016863
0.016814
0.016863
0.016814
0.016789
0.016838
0.016888
0.016863
0.016814
0.016814
0.016838
0.016888
0.016888
0.016838
0.016814
0.016863
0.016912
0.016888
0.016814
0.016789
0.016814
0.016814
0.016765
0.016666
0.016666
0.016715
0.016789
0.016863
0.016937
0.016986
0.017035
0.01706
0.017011
0.016912
0.016888
0.016912
0.016937
0.016912
0.016863
0.016838
0.016888
0.016937
0.016863
0.016912
0.016912
0.016863
0.016838
0.016888
0.016937
0.016912
0.016863
0.016838
0.016888
0.016937
0.016937
0.016888
0.016863
0.016912
0.016961
0.016937
0.016888
0.016863
0.016912
0.016961
0.016937
0.016888
0.016863
0.016912
0.016961
0.016937
0.016888
0.016888
0.016912
0.016961
0.016961
0.016912
0.016888
0.016937
0.016986
0.016986
0.016912
0.016912
