2018
7
5
10
2
55.109
0.027818
0.027793
0.027793
0.027793
0.027793
0.027818
0.027793
0.027793
0.027793
0.027793
0.027793
0.027793
0.027793
0.027793
0.027793
0.027793
0.027793
0.027793
0.027793
0.027793
0.027793
0.027793
0.027793
0.027769
0.027793
0.027793
0.027769
0.027769
0.027769
0.027769
0.027769
0.027769
0.027769
0.027769
0.027769
0.027769
0.027769
0.027769
0.027769
0.027769
0.027769
0.027769
0.027769
0.027769
0.027769
0.027769
0.027769
0.027769
0.027769
0.027769
0.027744
0.027769
0.027769
0.027769
0.027744
0.027744
0.027769
0.027769
0.027769
0.027744
0.027744
0.027769
0.027769
0.027769
0.027744
0.027744
0.027769
0.027769
0.027744
0.027744
0.027744
0.027744
0.027769
0.027744
0.027744
0.027744
0.027744
0.027769
0.027769
0.027744
0.027744
0.027744
0.027744
0.027744
0.027769
0.027769
0.027744
0.027744
0.027744
0.027744
0.027744
0.027744
0.027744
0.027744
0.027744
0.027744
0.027744
0.027744
0.027744
0.027744
0.027744
0.027719
0.027719
0.027719
0.027744
0.027744
0.027719
0.027719
0.027744
0.027744
0.027744
0.027719
0.027719
0.027719
0.027744
0.027719
0.027719
0.027719
0.027719
0.027719
0.027719
0.027719
0.027719
0.027719
0.027695
0.027719
0.027719
0.027719
0.027719
0.027695
0.027719
0.027719
0.027719
0.027695
0.027695
0.027719
0.027719
0.027719
0.027719
0.027695
0.027719
0.027719
0.027719
0.027695
0.027695
0.027719
0.027719
0.027719
0.027695
0.027695
0.027695
0.027695
0.027695
0.027695
0.027695
0.027695
0.027695
0.027695
0.027695
0.027695
0.027695
0.027695
0.027695
0.027695
0.027695
0.027695
0.027695
0.027695
0.027695
0.027695
0.027695
0.027695
0.027695
0.027695
0.027695
0.027695
0.02767
0.027695
0.027695
0.027695
0.027695
0.02767
0.027695
0.027695
0.027695
0.02767
0.02767
0.02767
0.027695
0.027695
0.027695
0.02767
0.02767
0.027695
0.027695
0.027695
0.027695
0.027695
0.027695
0.027695
0.027695
0.027695
0.027695
0.027695
0.027695
0.027695
0.02767
0.02767
0.027695
0.027695
0.027695
0.027695
0.027695
0.027695
0.02767
0.02767
0.027645
0.027621
0.027596
0.027596
0.027596
0.027596
0.027596
0.027621
0.027621
0.027621
0.027621
0.027621
0.027645
0.027645
0.027645
0.027645
0.027645
0.027645
0.027645
0.027645
0.027645
0.027645
0.027645
0.027645
0.027621
0.027645
0.027645
0.027621
0.027621
0.027621
0.027645
0.027645
0.027621
0.027621
0.027621
0.027645
0.027645
0.027621
0.027621
0.027621
0.027621
0.027621
0.027621
0.027596
0.027596
0.027596
0.027596
0.027596
0.027596
0.027596
0.027596
0.027596
0.027596
0.027572
0.027572
0.027596
0.027596
0.027596
0.027572
0.027596
0.027596
0.027596
0.027596
0.027572
0.027572
0.027572
0.027596
0.027596
0.027572
0.027572
0.027572
0.027572
0.027572
0.027572
0.027572
0.027572
0.027572
0.027572
0.027572
0.027547
0.027572
0.027572
0.027572
0.027572
0.027547
0.027547
0.027547
0.027572
0.027547
0.027547
0.027547
0.027547
0.027547
0.027572
0.027596
0.027596
0.027621
0.027645
0.027645
0.027645
0.027645
0.027645
0.02767
0.02767
0.02767
0.02767
0.02767
0.02767
0.027695
0.027695
0.02767
0.02767
0.02767
0.02767
0.02767
0.027645
0.027645
0.027621
0.027621
0.027621
0.027621
0.027596
0.027596
0.027596
0.027596
0.027572
0.027572
0.027572
0.027572
0.027572
0.027572
0.027572
0.027572
0.027572
0.027572
0.027547
0.027547
0.027572
0.027572
0.027572
0.027547
0.027547
0.027547
0.027547
0.027547
0.027547
0.027547
0.027547
0.027522
0.027522
0.027547
0.027547
0.027547
0.027547
0.027522
0.027547
0.027547
0.027522
0.027522
0.027522
0.027547
0.027547
0.027547
0.027522
0.027547
0.027547
0.027547
0.027547
0.027547
0.027547
0.027547
0.027547
0.027547
0.027522
0.027522
0.027522
0.027522
0.027522
0.027522
0.027498
0.027498
0.027498
0.027498
0.027498
0.027498
0.027498
0.027522
0.027522
0.027498
0.027498
0.027498
0.027522
0.027522
0.027522
0.027498
0.027498
0.027522
0.027522
0.027498
0.027498
0.027498
0.027498
0.027498
0.027498
0.027498
0.027498
0.027498
0.027498
0.027498
0.027498
0.027498
0.027498
0.027498
0.027498
0.027498
0.027498
0.027522
0.027522
0.027522
0.027498
0.027498
0.027498
0.027498
0.027498
0.027498
0.027498
0.027498
0.027498
0.027498
0.027498
0.027498
0.027473
0.027473
0.027498
0.027498
0.027498
0.027473
0.027473
0.027473
0.027498
0.027473
0.027473
0.027473
0.027473
0.027473
0.027473
0.027473
0.027473
0.027473
0.027473
0.027473
0.027473
0.027473
0.027473
0.027473
0.027473
0.027473
0.027449
0.027473
0.027473
0.027473
0.027473
0.027473
0.027473
0.027449
0.027473
0.027473
0.027473
0.027449
0.027449
0.027473
0.027473
0.027473
0.027473
0.027473
0.027473
0.027473
0.027473
0.027449
0.027424
0.027424
0.027399
0.027399
0.027399
0.027424
0.027424
0.027449
0.027449
0.027449
0.027449
0.027449
0.027473
0.027473
0.027449
0.027449
0.027473
0.027473
0.027473
0.027449
0.027449
0.027473
0.027473
0.027473
0.027449
0.027473
0.027449
0.027449
0.027473
0.027473
0.027473
0.027473
0.027473
0.027473
0.027473
0.027473
0.027473
0.027449
0.027449
0.027449
0.027449
0.027449
0.027424
0.027424
0.027424
0.027424
0.027399
0.027399
0.027399
0.027399
0.027399
0.027399
0.027375
0.027375
0.027399
0.027399
0.027375
0.027375
0.027375
0.027375
0.027375
0.027375
0.027375
0.027375
0.027375
0.027375
0.027375
0.02735
0.02735
0.02735
0.02735
0.02735
0.02735
0.027325
0.027325
0.027325
0.027325
0.027325
0.027325
0.027301
0.027301
0.027325
0.027325
0.027301
0.027301
0.027301
0.027301
0.027301
0.027301
0.027301
0.027276
0.027301
0.027276
0.027276
0.027276
0.027276
0.027276
0.027276
0.027276
0.027252
0.027252
0.027276
0.027276
0.027276
0.027252
0.027252
0.027252
0.027252
0.027276
0.027276
0.027252
0.027252
0.027276
0.027276
0.027276
0.027252
0.027252
0.027252
0.027252
0.027252
0.027252
0.027227
0.027227
0.027227
0.027227
0.027227
0.027227
0.027227
0.027227
0.027227
0.027227
0.027202
0.027202
0.027227
0.027227
0.027227
0.027202
0.027202
0.027227
0.027227
0.027227
0.027202
0.027202
0.027227
0.027202
0.027202
0.027202
0.027202
0.027202
0.027202
0.027202
0.027202
0.027202
0.027202
0.027202
0.027202
0.027202
0.027202
0.027202
0.027202
0.027227
0.027227
0.027202
0.027202
0.027202
0.027227
0.027227
0.027202
0.027202
0.027202
0.027227
0.027227
0.027202
0.027202
0.027202
0.027227
0.027202
0.027202
0.027202
0.027202
0.027202
0.027202
0.027202
0.027202
0.027202
0.027202
0.027202
0.027202
0.027202
0.027202
0.027178
0.027202
0.027202
0.027202
0.027178
0.027178
0.027178
0.027178
0.027178
0.027178
0.027178
0.027178
0.027178
0.027178
0.027178
0.027178
0.027178
0.027202
0.027202
0.027178
0.027178
0.027178
0.027202
0.027202
0.027178
0.027178
0.027178
0.027178
0.027178
0.027178
0.027153
0.027153
0.027178
0.027178
0.027178
0.027178
0.027178
0.027178
0.027178
0.027178
0.027178
0.027178
0.027178
0.027178
0.027178
0.027178
0.027178
0.027178
0.027178
0.027178
0.027178
0.027178
0.027178
0.027178
0.027178
0.027178
0.027178
0.027178
0.027202
0.027202
0.027178
0.027178
0.027178
0.027202
0.027202
0.027202
0.027202
0.027202
0.027202
0.027202
0.027202
0.027202
0.027202
0.027202
0.027202
0.027202
0.027202
0.027202
0.027178
0.027202
0.027202
0.027202
0.027202
0.027202
0.027202
0.027202
0.027202
0.027202
0.027202
0.027202
0.027202
0.027202
0.027202
0.027202
0.027202
0.027202
0.027202
0.027202
0.027202
0.027202
0.027202
0.027178
0.027153
0.027129
0.027129
0.027153
0.027153
0.027153
0.027153
0.027178
0.027178
0.027178
0.027202
0.027202
0.027202
0.027202
0.027202
0.027202
0.027227
0.027202
0.027202
0.027202
0.027227
0.027227
0.027227
0.027202
0.027202
0.027227
0.027227
0.027202
0.027202
0.027202
0.027202
0.027227
0.027202
0.027202
0.027202
0.027202
0.027202
0.027202
0.027178
0.027178
0.027178
0.027202
0.027178
0.027178
0.027178
0.027178
0.027178
0.027178
0.027178
0.027178
0.027178
0.027178
0.027178
0.027153
0.027153
0.027153
0.027153
0.027153
0.027153
0.027153
0.027153
0.027153
0.027153
0.027153
0.027153
0.027153
0.027153
0.027153
0.027153
0.027153
0.027153
0.027129
0.027153
0.027153
0.027129
0.027129
0.027129
0.027129
0.027129
0.027129
0.027129
0.027129
0.027129
0.027129
0.027129
0.027129
0.027129
0.027129
0.027153
0.027153
0.027129
0.027129
0.027153
0.027153
0.027153
0.027153
0.027153
0.027153
0.027153
0.027153
0.027153
0.027153
0.027153
0.027153
0.027178
0.027153
0.027153
0.027153
0.027153
0.027178
0.027153
0.027153
0.027153
0.027178
0.027178
0.027178
0.027178
0.027153
0.027178
0.027178
0.027178
0.027178
0.027178
0.027178
0.027178
0.027178
0.027178
0.027178
0.027178
0.027178
0.027178
0.027178
0.027178
0.027178
0.027178
0.027178
0.027202
0.027178
0.027178
0.027178
0.027178
0.027202
0.027202
0.027178
0.027178
0.027178
0.027202
0.027202
0.027178
0.027178
0.027178
0.027178
0.027178
0.027178
0.027178
0.027178
0.027178
0.027178
0.027178
0.027178
0.027178
0.027178
0.027178
0.027153
0.027153
0.027153
0.027178
0.027153
0.027153
0.027153
0.027153
0.027153
0.027153
0.027153
0.027153
0.027153
0.027153
0.027153
0.027153
0.027153
0.027153
0.027153
0.027153
0.027153
0.027153
0.027153
0.027153
0.027153
0.027153
0.027153
0.027153
0.027153
0.027153
0.027153
0.027153
0.027153
0.027153
0.027153
0.027153
0.027153
0.027153
0.027153
0.027153
0.027153
0.027153
0.027153
0.027153
0.027153
0.027153
0.027153
0.027153
0.027153
0.027153
0.027153
0.027178
0.027178
0.027178
0.027178
0.027153
0.027178
0.027178
0.027178
0.027178
0.027153
0.027178
0.027178
0.027178
0.027178
0.027153
0.027178
0.027178
0.027178
0.027153
0.027153
0.027178
0.027178
0.027178
0.027153
0.027153
0.027178
0.027178
0.027153
0.027153
0.027153
0.027178
0.027178
0.027178
0.027153
0.027153
0.027153
0.027178
0.027153
0.027153
0.027153
0.027153
0.027153
0.027178
0.027178
0.027178
0.027178
0.027153
0.027153
0.027178
0.027178
0.027153
0.027153
0.027153
0.027178
0.027178
0.027178
0.027153
0.027178
0.027178
0.027178
0.027178
0.027178
0.027178
0.027178
0.027178
0.027178
0.027178
0.027178
0.027202
0.027202
0.027202
0.027178
0.027178
0.027178
0.027153
0.027129
0.027129
0.027129
0.027129
0.027153
0.027178
0.027202
0.027202
0.027178
0.027178
0.027202
0.027202
0.027202
0.027202
0.027202
0.027227
0.027227
0.027202
0.027202
0.027202
0.027227
0.027227
0.027202
0.027202
0.027202
0.027202
0.027202
0.027202
0.027202
0.027202
0.027202
0.027202
0.027178
0.027178
0.027178
0.027178
0.027178
0.027178
0.027178
0.027178
0.027178
0.027178
0.027153
0.027153
0.027153
0.027153
0.027153
0.027178
0.027178
0.027178
0.027153
0.027178
0.027178
0.027178
0.027178
0.027178
0.027178
0.027178
0.027178
0.027178
0.027153
0.027178
0.027178
0.027178
0.027178
0.027153
0.027153
0.027178
0.027178
0.027153
0.027153
0.027153
0.027153
0.027153
0.027129
0.027129
0.027129
0.027129
0.027129
0.027129
0.027104
0.027104
0.027104
0.027104
0.027104
0.027104
0.027104
0.027104
0.027104
0.027104
0.027104
0.027104
0.027104
0.027104
0.027104
0.027104
0.027104
0.027104
0.027104
0.027104
0.027129
0.027104
0.027104
0.027104
0.027104
0.027104
0.027104
0.027104
0.027104
0.027104
0.027129
0.027104
0.027104
0.027104
0.027104
0.027129
0.027104
0.027104
0.027104
0.027129
0.027129
0.027129
0.027104
0.027104
0.027104
0.027104
0.027104
0.027129
0.027129
0.027104
0.027104
0.027104
0.027104
0.027104
0.027104
0.027104
0.027104
0.027104
0.027104
0.027104
0.027104
0.027104
0.027104
0.027104
0.027104
0.027104
0.027104
0.027104
0.027104
0.027079
0.027079
0.027104
0.027104
0.027104
0.027079
0.027079
0.027079
0.027079
0.027079
0.027079
0.027055
0.027079
0.027079
0.027055
0.027055
0.027055
0.027055
0.027055
0.027055
0.027055
0.027055
0.027055
0.027055
0.027055
0.027055
0.027055
0.027055
0.027055
0.027055
0.027079
0.027079
0.027055
0.027055
0.027055
0.027079
0.027055
0.027055
0.027055
0.027079
0.027079
0.027079
0.027055
0.027055
0.027079
0.027079
0.027055
0.027055
0.027055
0.027055
0.027055
0.027055
0.027055
0.027055
0.027055
0.027055
0.027055
0.027079
0.027079
0.027055
0.027055
0.027055
0.027079
0.027079
0.027055
0.027055
0.027079
0.027079
0.027079
0.027055
0.027055
0.027079
0.027079
0.027079
0.027079
0.027079
0.027079
0.027104
0.027104
0.027104
0.027104
0.027104
0.027104
0.027104
0.027104
0.027079
0.027079
0.027104
0.027104
0.027079
0.027079
0.027104
0.027104
0.027104
0.027079
0.027079
0.027055
0.027055
0.027079
0.027079
0.027079
0.027055
0.027079
0.027079
0.027079
0.027055
0.027055
0.027055
0.027055
0.027055
0.027055
0.027055
0.027055
0.027055
0.027055
0.027055
0.027055
0.02703
0.027055
0.027055
0.027055
0.02703
0.02703
0.02703
0.02703
0.02703
0.02703
0.02703
0.02703
0.02703
0.02703
0.02703
0.02703
0.02703
0.027005
0.026956
0.026956
0.026981
0.026981
0.026981
0.026981
0.027005
0.027005
0.027005
0.027005
0.027005
0.027005
0.027005
0.027005
0.027005
0.027005
0.027005
0.027005
0.027005
0.027005
0.027005
0.027005
0.027005
0.026981
0.026981
0.026981
0.026981
0.026981
0.026981
0.026981
0.026981
0.026981
0.026981
0.026981
0.026981
0.026981
0.026981
0.026981
0.026956
0.026956
0.026956
0.026956
0.026956
0.026956
0.026956
0.026956
0.026956
0.026956
0.026956
0.026956
0.026956
0.026932
0.026932
0.026956
0.026956
0.026932
0.026932
0.026956
0.026956
0.026956
0.026932
0.026932
0.026932
0.026956
0.026956
0.026932
0.026932
0.026932
0.026956
0.026956
0.026956
0.026932
0.026956
0.026956
0.026956
0.026932
0.026932
0.026932
0.026956
0.026956
0.026932
0.026932
0.026932
0.026932
0.026932
0.026932
0.026932
0.026932
0.026932
0.026932
0.026932
0.026932
0.026932
0.026932
0.026932
0.026932
0.026932
0.026932
0.026932
0.026932
0.026932
0.026932
0.026932
0.026932
0.026932
0.026932
0.026932
0.026932
0.026932
0.026932
0.026932
0.026932
0.026932
0.026932
0.026932
0.026932
0.026932
0.026932
0.026932
0.026932
0.026932
0.026932
0.026932
0.026932
0.026932
0.026932
0.026956
0.026956
0.026932
0.026932
0.026932
0.026956
0.026956
0.026932
0.026932
0.026932
0.026956
0.026956
0.026932
0.026932
0.026932
0.026956
0.026956
0.026932
0.026932
0.026932
0.026932
0.026956
0.026932
0.026932
0.026932
0.026956
0.026956
0.026956
0.026956
0.026956
0.026956
0.026956
0.026956
0.026932
0.026932
0.026932
0.026956
0.026956
0.026956
0.026932
0.026932
0.026956
0.026956
0.026956
0.026932
0.026932
0.026956
0.026956
0.026932
0.026932
0.026932
0.026932
0.026956
0.026932
0.026932
0.026932
0.026932
0.026956
0.026932
0.026932
0.026932
0.026956
0.026956
0.026932
0.026932
0.026932
0.026932
0.026932
0.026932
0.026932
0.026932
0.026932
0.026932
0.026932
0.026956
0.026932
0.026932
0.026932
0.026956
0.026956
0.026956
0.026932
0.026956
0.026956
0.026956
0.026956
0.026956
0.026956
0.026956
0.026956
0.026956
0.026932
0.026932
0.026956
0.026956
0.026956
0.026932
0.026932
0.026932
0.026932
0.026932
0.026932
0.026932
0.026932
0.026932
0.026932
0.026932
0.026932
0.026932
0.026932
0.026932
0.026932
0.026932
0.026932
0.026932
0.026932
0.026932
0.026932
0.026932
0.026932
0.026932
0.026932
0.026932
0.026932
0.026932
0.026932
0.026932
0.026932
0.026932
0.026932
0.026932
0.026932
0.026932
0.026932
0.026932
0.026932
0.026956
0.026932
0.026932
0.026932
0.026932
0.026932
0.026932
0.026932
0.026932
0.026932
0.026932
0.026932
0.026932
0.026932
0.026932
0.026956
0.026932
0.026932
0.026932
0.026932
0.026932
0.026932
0.026932
0.026932
0.026932
0.026932
0.026932
0.026932
0.026932
0.026932
0.026932
0.026932
0.026907
0.026882
0.026858
0.026858
0.026858
0.026882
0.026858
0.026882
0.026882
0.026907
0.026907
0.026907
0.026907
0.026907
0.026907
0.026932
0.026907
0.026907
0.026907
0.026907
0.026907
0.026907
0.026907
0.026907
0.026907
0.026932
0.026932
0.026932
0.026932
0.026907
0.026907
0.026907
0.026907
0.026907
0.026907
0.026907
0.026907
0.026907
0.026907
0.026882
0.026882
0.026882
0.026907
0.026882
0.026882
0.026882
0.026882
0.026882
0.026882
0.026882
0.026882
0.026882
0.026882
0.026882
0.026882
0.026858
0.026882
0.026882
0.026882
0.026882
0.026858
0.026882
0.026882
0.026882
0.026858
0.026858
0.026858
0.026858
0.026858
0.026858
0.026858
0.026858
0.026858
0.026858
0.026858
0.026858
0.026858
0.026858
0.026858
0.026858
0.026858
0.026858
0.026833
0.026858
0.026858
0.026858
0.026858
0.026858
0.026858
0.026858
0.026858
0.026833
0.026833
0.026858
0.026858
0.026858
0.026858
0.026858
0.026858
0.026858
0.026858
0.026858
0.026858
0.026858
0.026858
0.026858
0.026858
0.026858
0.026833
0.026833
0.026833
0.026833
0.026833
0.026833
0.026833
0.026833
0.026833
0.026833
0.026808
0.026808
0.026808
0.026833
0.026833
0.026808
0.026808
0.026808
0.026833
0.026833
0.026808
0.026808
0.026808
0.026833
0.026808
0.026808
0.026808
0.026808
0.026833
0.026808
0.026808
0.026808
0.026808
0.026808
0.026808
0.026808
0.026808
0.026808
0.026808
0.026808
0.026808
0.026808
0.026808
0.026808
0.026808
0.026808
0.026808
0.026808
0.026784
0.026808
0.026808
0.026808
0.026808
0.026808
0.026808
0.026808
0.026808
0.026808
0.026784
0.026808
0.026808
0.026808
0.026808
0.026808
0.026808
0.026808
0.026808
0.026808
0.026784
0.026784
0.026808
0.026808
0.026784
0.026784
0.026784
0.026808
0.026808
0.026808
0.026808
0.026784
0.026784
0.026784
0.026808
0.026808
0.026784
0.026784
0.026784
0.026808
0.026784
0.026784
0.026784
0.026784
0.026784
0.026784
0.026784
0.026784
0.026784
0.026784
0.026784
0.026759
0.026759
0.026759
0.026784
0.026784
0.026759
0.026759
0.026759
0.026784
0.026784
0.026759
0.026759
0.026784
0.026784
0.026784
0.026759
0.026759
0.026759
0.026784
0.026759
0.026784
0.026784
0.026759
0.026759
0.026759
0.026759
0.026759
0.026759
0.026759
0.026759
0.026759
0.026759
0.026759
0.026759
0.026759
0.026759
0.026759
0.026759
0.026759
0.026759
0.026759
0.026759
0.026759
0.026759
0.026759
0.026759
0.026759
0.026759
0.026759
0.026759
0.026759
0.026759
0.026759
0.026759
0.026759
0.026784
0.026784
0.026784
0.026759
0.026759
0.026759
0.026759
0.026784
0.026784
0.026784
0.026759
0.026784
0.026784
0.026784
0.026784
0.026784
0.026784
0.026784
0.026784
0.026784
0.026784
0.026784
0.026784
0.026784
0.026784
0.026784
0.026784
0.026784
0.026784
0.026759
0.026735
0.026735
0.026735
0.02671
0.02671
0.02671
0.02671
0.026735
0.026735
0.026735
0.026759
0.026759
0.026784
0.026784
0.026784
0.026784
0.026759
0.026759
0.026759
0.026784
0.026784
0.026759
0.026759
0.026759
0.026784
0.026784
0.026759
0.026759
0.026759
0.026759
0.026759
0.026759
0.026759
0.026759
0.026759
0.026759
0.026759
0.026735
0.026735
0.026759
0.026759
0.026759
0.026735
0.026735
0.026735
0.026735
0.026735
0.026735
0.026735
0.026735
0.026735
0.026735
0.026735
0.026735
0.02671
0.026735
0.026735
0.026735
0.026735
0.02671
0.02671
0.026735
0.026735
0.02671
0.02671
0.02671
0.02671
0.02671
0.02671
0.02671
0.02671
0.02671
0.02671
0.02671
0.026685
0.026685
0.026685
0.02671
0.026685
0.026685
0.026685
0.026685
0.026685
0.026685
0.026685
0.026685
0.026685
0.026685
0.026661
0.026661
0.026661
0.026661
0.026661
0.026661
0.026661
0.026661
0.026636
0.026636
0.026636
0.026661
0.026661
0.026636
0.026636
0.026636
0.026661
0.026636
0.026636
0.026636
0.026636
0.026661
0.026661
0.026636
0.026636
0.026661
0.026661
0.026661
0.026661
0.026661
0.026661
0.026661
0.026661
0.026636
0.026636
0.026661
0.026661
0.026661
0.026636
0.026636
0.026636
0.026661
0.026636
0.026636
0.026636
0.026636
0.026636
0.026636
0.026636
0.026636
0.026636
0.026636
0.026636
0.026636
0.026612
0.026636
0.026636
0.026636
0.026612
0.026612
0.026612
0.026636
0.026612
0.026612
0.026612
0.026612
0.026636
0.026612
0.026612
0.026612
0.026612
0.026612
0.026612
0.026612
0.026612
0.026612
0.026612
0.026612
0.026587
0.026587
0.026612
0.026612
0.026612
0.026587
0.026587
0.026612
0.026587
0.026587
0.026612
0.026612
0.026587
0.026587
0.026587
0.026612
0.026587
0.026587
0.026587
0.026587
0.026612
0.026587
0.026587
0.026587
0.026587
0.026612
0.026587
0.026587
0.026587
0.026587
0.026587
0.026587
0.026587
0.026587
0.026587
0.026612
0.026612
0.026587
0.026587
0.026612
0.026612
0.026612
0.026612
0.026612
0.026612
0.026612
0.026612
0.026612
0.026612
0.026612
0.026612
0.026612
0.026612
0.026612
0.026612
0.026612
0.026636
0.026612
0.026612
0.026612
0.026612
0.026612
0.026612
0.026612
0.026612
0.026612
0.026612
0.026612
0.026612
0.026612
0.026612
0.026612
0.026612
0.026612
0.026612
0.026612
0.026612
0.026612
0.026612
0.026587
0.026612
0.026612
0.026612
0.026587
0.026587
0.026587
0.026612
0.026612
0.026612
0.026612
0.026612
0.026587
0.026612
0.026612
0.026587
0.026587
0.026587
0.026587
0.026587
0.026587
0.026587
0.026587
0.026587
0.026587
0.026587
0.026587
0.026562
0.026587
0.026587
0.026587
0.026562
0.026562
0.026562
0.026562
0.026562
0.026562
0.026562
0.026562
0.026562
0.026562
0.026562
0.026562
0.026562
0.026562
0.026562
0.026538
0.026538
0.026538
0.026538
0.026538
0.026562
0.026562
0.026538
0.026538
0.026538
0.026538
0.026538
0.026488
0.026488
0.026464
0.026464
0.026488
0.026464
0.026464
0.026488
0.026513
0.026513
0.026513
0.026513
0.026513
0.026513
0.026513
0.026513
0.026513
0.026513
0.026513
0.026513
0.026513
0.026513
0.026513
0.026513
0.026538
0.026513
0.026513
0.026513
0.026513
0.026513
0.026513
0.026488
0.026488
0.026488
0.026488
0.026513
0.026513
0.026488
0.026488
0.026488
0.026488
0.026488
0.026488
0.026488
0.026488
0.026513
0.026513
0.026488
0.026488
0.026488
0.026513
0.026513
0.026488
0.026488
0.026488
0.026488
0.026513
0.026488
0.026488
0.026488
0.026488
0.026488
0.026488
0.026488
0.026488
0.026488
0.026488
0.026488
0.026488
0.026488
0.026488
0.026488
0.026488
0.026488
0.026488
0.026464
0.026464
0.026464
0.026464
0.026464
0.026464
0.026464
0.026488
0.026488
0.026464
0.026464
0.026464
0.026464
0.026464
0.026464
0.026464
0.026464
0.026464
0.026464
0.026464
0.026464
0.026464
0.026464
0.026464
0.026464
0.026464
0.026464
0.026464
0.026464
0.026464
0.026464
0.026464
0.026464
0.026464
0.026464
0.026439
0.026464
0.026464
0.026464
0.026464
0.026464
0.026464
0.026464
0.026464
0.026464
0.026464
0.026464
0.026464
0.026464
0.026464
0.026464
0.026464
0.026464
0.026464
0.026464
0.026464
0.026464
0.026464
0.026464
0.026464
0.026488
0.026464
0.026464
0.026464
0.026488
0.026488
0.026464
0.026464
0.026464
0.026488
0.026488
0.026464
0.026464
0.026464
0.026464
0.026488
0.026488
0.026488
0.026464
0.026464
0.026464
0.026464
0.026464
0.026464
0.026464
0.026464
0.026464
0.026464
0.026464
0.026464
0.026464
0.026488
0.026488
0.026488
0.026464
0.026464
0.026488
0.026488
0.026488
0.026464
0.026464
0.026488
0.026488
0.026464
0.026464
0.026464
0.026488
0.026488
0.026488
0.026464
0.026464
0.026488
0.026488
0.026488
0.026488
0.026488
0.026464
0.026488
0.026488
0.026488
0.026488
0.026488
0.026488
0.026488
0.026488
0.026488
0.026464
0.026464
0.026464
0.026464
0.026464
0.026464
0.026464
0.026464
0.026464
0.026464
0.026464
0.026464
0.026488
0.026488
0.026464
0.026464
0.026464
0.026488
0.026488
0.026488
0.026488
0.026488
0.026488
0.026488
0.026464
0.026464
0.026464
0.026464
0.026464
0.026464
0.026464
0.026439
0.026439
0.026439
0.026464
0.026464
0.026439
0.026439
0.026439
0.026439
0.026439
0.026439
0.026415
0.026439
0.026439
0.026439
0.026439
0.026439
0.026439
0.026439
0.026439
0.026439
0.026439
0.026415
0.026439
0.026439
0.026415
0.026415
0.026415
0.026439
0.026439
0.026439
0.026415
0.026415
0.026439
0.026439
0.026415
0.026415
0.026415
0.026415
