2018
5
31
11
16
45.243
0.0098224
0.0097978
0.0097978
0.0097978
0.009847
0.009847
0.0097978
0.0097978
0.009847
0.0098962
0.0099209
0.009847
0.0097239
0.0096008
0.0094285
0.0092808
0.0091331
0.0090346
0.0089608
0.0089115
0.0088377
0.0087885
0.0087885
0.0088869
0.0089854
0.00901
0.00901
0.0090592
0.0091085
0.0091823
0.0092562
0.0093054
0.0093793
0.0094777
0.0095762
0.0096501
0.0096501
0.0096747
0.0097239
0.0097485
0.0098224
0.009847
0.009847
0.0098224
0.0098224
0.009847
0.0098716
0.0098716
0.0098716
0.009847
0.0098716
0.0098962
0.0098962
0.0098716
0.0098716
0.0098962
0.0099209
0.0099209
0.0098962
0.0098716
0.0098962
0.0099209
0.0099209
0.0099209
0.0098962
0.0099209
0.0099701
0.0099701
0.0099701
0.0099701
0.0099947
0.010019
0.010019
0.0099947
0.0099947
0.010019
0.010069
0.010069
0.010044
0.010044
0.010093
0.010093
0.010118
0.010142
0.010142
0.010118
0.010118
0.010118
0.010142
0.010142
0.010118
0.010093
0.010093
0.010118
0.010118
0.010069
0.010044
0.010044
0.010044
0.010044
0.010019
0.0099947
0.0099947
0.0099947
0.0099947
0.0099455
0.0099209
0.0098962
0.0099209
0.0098962
0.0098716
0.009847
0.0098716
0.0098716
0.0098962
0.0098716
0.0098224
0.0098224
0.009847
0.009847
0.0098224
0.0098224
0.0097978
0.0097732
0.0097732
0.0097978
0.0097978
0.0097732
0.0097485
0.0097732
0.0097978
0.0097978
0.0097732
0.0097485
0.0097485
0.0097732
0.0097978
0.0097732
0.0097485
0.0097732
0.0097978
0.0097978
0.0097978
0.0097732
0.0097732
0.0097978
0.0097978
0.0097978
0.0097732
0.0097978
0.0097978
0.0097978
0.0097732
0.0097732
0.0097732
0.0097978
0.0097978
0.0097732
0.0097485
0.0097485
0.0097485
0.0097485
0.0097732
0.0097732
0.0097485
0.0097239
0.0097239
0.0097732
0.0097978
0.0097732
0.0097732
0.0097732
0.0098224
0.0098224
0.0097978
0.0097732
0.0097978
0.0098224
0.0098224
0.0097978
0.0097732
0.0097732
0.0097978
0.0097978
0.0097978
0.0097732
0.0097485
0.0097732
0.0097732
0.0097732
0.0097485
0.0097732
0.0097732
0.0097978
0.0097732
0.0097485
0.0097485
0.0097978
0.0097978
0.0097732
0.0097978
0.0097732
0.0097732
0.0097732
0.0097978
0.0098224
0.0097978
0.0097732
0.0097732
0.0097978
0.0097978
0.0097732
0.0097732
0.0097485
0.0097732
0.0097978
0.0097732
0.0097485
0.0097485
0.0097485
0.0097732
0.0097732
0.0097485
0.0097485
0.0097485
0.0097732
0.0097485
0.0097239
0.0096993
0.0097239
0.0097732
0.0097485
0.0097239
0.0097239
0.0097485
0.0097732
0.0097732
0.0097485
0.0097485
0.0097732
0.0097485
0.0097732
0.0097732
0.0097732
0.0097485
0.0097239
0.0097485
0.0097732
0.0097485
0.0097239
0.0097239
0.0097239
0.0097239
0.0097732
0.0097239
0.0097239
0.0097485
0.0097485
0.0097485
0.0097239
0.0096993
0.0096993
0.0096993
0.0096747
0.0096254
0.0095762
0.0095516
0.0095516
0.0095024
0.0094777
0.0094039
0.0093547
0.00933
0.00933
0.0092808
0.0092808
0.0092808
0.0093054
0.00933
0.0094039
0.0096993
0.0096993
0.0096747
0.0096747
0.0096747
0.0096747
0.0096501
0.0096501
0.0096747
0.0096993
0.0096993
0.0096993
0.0096993
0.0097239
0.0097239
0.0097239
0.0096993
0.0096993
0.0097239
0.0097485
0.0097485
0.0097485
0.0097485
0.0097732
0.0097978
0.0097732
0.0097732
0.0097485
0.0097732
0.0097732
0.0097732
0.0097485
0.0097485
0.0097485
0.0097732
0.0097732
0.0097485
0.0097485
0.0097485
0.0097732
0.0097732
0.0097978
0.0097978
0.0097732
0.0097732
0.0097732
0.0097978
0.0097978
0.0097732
0.0097732
0.0097978
0.0097978
0.0098224
0.0097978
0.0097732
0.0097978
0.0098224
0.0098224
0.0097978
0.0097978
0.0097978
0.0098224
0.0098224
0.0097978
0.0097978
0.0097978
0.0098224
0.0098224
0.0097978
0.0097732
0.0097732
0.0097978
0.0097978
0.0097978
0.0097732
0.0097732
0.0097732
0.0097732
0.0097485
0.0097239
0.0097485
0.0097239
0.0097239
0.0097485
0.0097485
0.0097485
0.0097239
0.0097239
0.0097485
0.0097485
0.0097485
0.0097239
0.0097239
0.0097485
0.0097485
0.0097485
0.0097239
0.0097239
0.0097239
0.0097239
0.0097239
0.0097239
0.0097239
0.0097485
0.0097239
0.0096993
0.0096747
0.0096993
0.0096993
0.0096993
0.0096993
0.0096993
0.0096993
0.0096993
0.0096993
0.0096993
0.0096747
0.0096747
0.0097239
0.0097239
0.0097978
0.0098224
0.009847
0.0098716
0.0099209
0.0099947
0.010069
0.010167
0.010216
0.010339
0.010487
0.01061
0.010758
0.01093
0.011053
0.011102
0.011004
0.010758
0.010462
0.010142
0.0098716
0.0096747
0.0095516
0.009527
0.0095762
0.0096008
0.0096008
0.0096008
0.0095762
0.0095762
0.0096008
0.0096008
0.0095762
0.0095516
0.0095516
0.0095762
0.0096008
0.0095762
0.0095516
0.0095516
0.0095516
0.009527
0.0095516
0.0095516
0.0095516
0.009527
0.0095024
0.009527
0.009527
0.009527
0.0094777
0.0094777
0.0095024
0.0095024
0.0094777
0.0094531
0.0094531
0.0094531
0.0094531
0.0094285
0.0094039
0.0093793
0.0093793
0.0093793
0.0093547
0.0093054
0.0092808
0.0093054
0.0092808
0.0092562
0.0092316
0.009207
0.009207
0.009207
0.0091823
0.0091577
0.0091331
0.0091331
0.0091331
0.0091085
0.0090839
0.0090592
0.0090592
0.0090592
0.0090839
0.0091085
0.0091085
0.0091331
0.0091577
0.0091823
0.0092316
0.0092316
0.0092316
0.0092808
0.00933
0.0093547
0.0093793
0.0093793
0.0094285
0.0094531
0.0094777
0.0095024
0.0095024
0.009527
0.0095516
0.0095762
0.0095762
0.0095762
0.0095762
0.0096254
0.0096501
0.0096254
0.0096254
0.0096254
0.0096501
0.0096747
0.0096747
0.0096501
0.0096501
0.0096747
0.0096501
0.0096747
0.0096747
0.0096501
0.0096501
0.0096747
0.0096747
0.0096747
0.0096501
0.0096501
0.0096747
0.0096747
0.0096501
0.0096254
0.0096254
0.0096747
0.0096747
0.0096501
0.0096501
0.0096254
0.0096501
0.0096501
0.0096501
0.0096501
0.0096501
0.0096501
0.0096747
0.0096747
0.0096501
0.0096501
0.0096747
0.0096993
0.0096747
0.0096501
0.0096501
0.0096747
0.0096993
0.0096747
0.0096501
0.0096501
0.0096747
0.0096501
0.0096501
0.0096747
0.0096993
0.0096501
0.0096501
0.0096501
0.0096747
0.0096747
0.0096501
0.0096254
0.0096501
0.0096501
0.0096501
0.0096254
0.0096254
0.0096501
0.0096747
0.0096747
0.0096501
0.0096501
0.0096501
0.0096747
0.0096747
0.0096501
0.0096501
0.0096501
0.0096747
0.0096747
0.0096501
0.0096501
0.0096501
0.0096747
0.0096747
0.0096501
0.0096254
0.0096501
0.0096747
0.0096501
0.0096501
0.0096501
0.0096501
0.0096254
0.0096501
0.0096501
0.0096501
0.0096254
0.0096254
0.0096501
0.0096747
0.0096747
0.0096501
0.0096254
0.0096501
0.0096747
0.0096747
0.0096501
0.0096501
0.0096501
0.0096747
0.0096747
0.0096501
0.0096501
0.0096501
0.0096747
0.0096747
0.0096501
0.0096501
0.0096501
0.0096747
0.0096747
0.0096501
0.0096254
0.0096501
0.0096747
0.0096501
0.0096254
0.0096008
0.0096008
0.0096254
0.0096254
0.0096501
0.0096501
0.0096254
0.0096254
0.0096254
0.0096501
0.0096501
0.0096254
0.0096008
0.0095762
0.0096747
0.0096501
0.0096501
0.0096501
0.0096501
0.0096747
0.0096993
0.0096747
0.0096501
0.0096254
0.0096008
0.0095762
0.0095516
0.0095024
0.0094777
0.0094777
0.0095024
0.0094285
0.00933
0.0093054
0.0093054
0.0092808
0.0092562
0.0092562
0.0092562
0.00933
0.0094285
0.0094777
0.0096747
0.0096501
0.0096254
0.0096008
0.0096008
0.0096008
0.0095762
0.0095516
0.0095762
0.0096008
0.0096254
0.0096008
0.0096008
0.0096008
0.0096254
0.0096501
0.0096008
0.0096008
0.0096008
0.0096008
0.0096254
0.0096254
0.0096008
0.0096008
0.0096254
0.0096254
0.0096254
0.0096008
0.0096254
0.0096501
0.0096501
0.0096254
0.0096008
0.0096008
0.0096254
0.0096254
0.0096501
0.0096254
0.0096501
0.0096501
0.0096254
0.0096501
0.0096747
0.0096501
0.0096501
0.0096501
0.0096747
0.0096747
0.0096501
0.0096254
0.0096254
0.0096254
0.0096501
0.0096501
0.0096254
0.0096254
0.0096254
0.0096501
0.0096254
0.0096008
0.0096008
0.0096254
0.0096501
0.0096254
0.0096008
0.0096254
0.0096501
0.0096501
0.0096501
0.0096501
0.0096501
0.0096501
0.0096747
0.0096747
0.0096501
0.0096501
0.0096747
0.0096993
0.0096747
0.0096747
0.0096501
0.0096501
0.0096501
0.0096747
0.0096747
0.0096501
0.0096254
0.0096254
0.0096254
0.0096254
0.0096254
0.0096008
0.0095762
0.0096008
0.0096008
0.0096008
0.0095762
0.0095762
0.0096008
0.0096254
0.0096254
0.0096008
0.0096008
0.0096008
0.0096254
0.0096254
0.0096008
0.0096008
0.0096008
0.0096254
0.0096254
0.0096008
0.0095762
0.0096008
0.0096254
0.0096008
0.0095762
0.0096008
0.0096008
0.0096008
0.0096008
0.0095762
0.0095762
0.0095516
0.0095762
0.0095762
0.0095762
0.0095762
0.0095762
0.0095762
0.0096008
0.0096008
0.0096008
0.0095762
0.0096008
0.0096008
0.0096008
0.0096008
0.0095762
0.0096008
0.0096008
0.0096008
0.0095762
0.0095762
0.0096008
0.0096008
0.0096008
0.0095516
0.0095516
0.0095762
0.0096008
0.0095762
0.0095516
0.009527
0.0095516
0.0095762
0.0095762
0.0095516
0.009527
0.0095516
0.009527
0.0095516
0.0095516
0.0095516
0.0095516
0.0095516
0.0095762
0.0095762
0.0095516
0.0095516
0.0095762
0.0095762
0.0095762
0.0095516
0.0095516
0.0095516
0.0095762
0.0095762
0.0095516
0.009527
0.0095516
0.0095762
0.0095762
0.0095516
0.009527
0.009527
0.0095516
0.0095516
0.009527
0.009527
0.009527
0.0095516
0.0095516
0.009527
0.009527
0.009527
0.0095762
0.0095516
0.0095516
0.0095516
0.0095516
0.0095024
0.0095762
0.0095762
0.0095762
0.0095516
0.0095762
0.0096008
0.0096008
0.0095762
0.009527
0.0095024
0.0094777
0.0094531
0.0094285
0.0093793
0.00933
0.0092808
0.0093054
0.0092808
0.0091823
0.0091331
0.0091085
0.0091085
0.0091085
0.0090839
0.0090839
0.0091331
0.0092562
0.00933
0.0094039
0.0094285
0.0095024
0.009527
0.009527
0.0095024
0.0094777
0.0094777
0.0095024
0.0095024
0.0095024
0.009527
0.0095516
0.009527
0.009527
0.0095516
0.0095516
0.009527
0.009527
0.009527
0.0095516
0.0095516
0.009527
0.009527
0.009527
0.0095516
0.0095516
0.009527
0.009527
0.009527
0.0095516
0.0095516
0.0095516
0.009527
0.0095516
0.0095516
0.0095516
0.0095516
0.009527
0.0095762
0.0095762
0.0095762
0.0095762
0.0095762
0.0095762
0.0096008
0.0096254
0.0096008
0.0095762
0.0095762
0.0095762
0.0095762
0.0096008
0.0096254
0.0096008
0.0095762
0.0095762
0.0096008
0.0096254
0.0096254
0.0096008
0.0096008
0.0096254
0.0096254
0.0096008
0.0095762
0.0095762
0.0096254
0.0096254
0.0096008
0.0095762
0.0095762
0.0096008
0.0096008
0.0096008
0.0095762
0.0095762
0.0095762
0.0096008
0.0095762
0.0095516
0.0095516
0.0095516
0.0095516
0.0095516
0.009527
0.009527
0.009527
0.009527
0.009527
0.009527
0.009527
0.0095024
0.009527
0.0095516
0.0095516
0.0095516
0.009527
0.009527
0.009527
0.0095516
0.009527
0.0095024
0.0095024
0.009527
0.0095516
0.009527
0.0095024
0.0095024
0.009527
0.009527
0.009527
0.0095024
0.0095024
0.0095024
0.009527
0.0095024
0.0095024
0.0095024
0.009527
0.0095516
0.0095516
0.0095516
0.0095516
0.0095762
0.0096254
0.0096501
0.0096747
0.0096993
0.0097732
0.01029
0.010438
0.01061
0.010758
0.010856
0.010906
0.010807
0.010536
0.010216
0.0098716
0.0096254
0.0094531
0.0093547
0.0093547
0.0093793
0.0094039
0.0094039
0.0094039
0.0093793
0.0093547
0.0094039
0.0094039
0.0093793
0.0093793
0.0093547
0.0093793
0.0094039
0.0093793
0.0093547
0.0093547
0.0093793
0.0093793
0.0093793
0.0093547
0.0093547
0.0093547
0.0093793
0.0093793
0.0093547
0.00933
0.0093054
0.0093054
0.0093054
0.00933
0.0093054
0.0092808
0.0092562
0.0092562
0.0092808
0.0092562
0.0092316
0.009207
0.009207
0.009207
0.0091823
0.0091577
0.0091331
0.0091085
0.0091085
0.0090839
0.0090592
0.0090346
0.00901
0.0090346
0.0089854
0.0089608
0.0089362
0.0089362
0.0089362
0.0089115
0.0088869
0.0088623
0.0088623
0.0088623
0.0088623
0.0088623
0.0088869
0.0089115
0.0089362
0.0089608
0.0090592
0.0090839
0.0090839
0.0091085
0.0091331
0.009207
0.0092316
0.0092316
0.0092316
0.0092808
0.0093054
0.00933
0.00933
0.00933
0.0093547
0.0093793
0.0093793
0.0093793
0.0093793
0.0094039
0.0094285
0.0094285
0.0094039
0.0094039
0.0094039
0.0094531
0.0094777
0.0094531
0.0094285
0.0094531
0.0094777
0.0094777
0.0094531
0.0094531
0.0094531
0.0094777
0.0094777
0.0094531
0.0094531
0.0094777
0.0094531
0.0094777
0.0094777
0.0094777
0.0094777
0.0094531
0.0095024
0.0095024
0.0095024
0.0095024
0.0094777
0.0094777
0.0095024
0.0095024
0.0095024
0.0095024
0.0095024
0.0095024
0.0095024
0.0094777
0.0094777
0.0095024
0.0095024
0.0095024
0.0094777
0.0094777
0.0094777
0.0095024
0.0095024
0.0094777
0.0094777
0.0094777
0.0095024
0.0095024
0.0094777
0.0094777
0.0094777
0.0094777
0.0095024
0.0094777
0.0094777
0.0094777
0.0094777
0.0095024
0.009527
0.0095024
0.0094777
0.0095024
0.009527
0.009527
0.0095024
0.0094777
0.0095024
0.0095024
0.0095024
0.0095024
0.0094777
0.0094777
0.0095024
0.0095024
0.0094777
0.0094777
0.0094777
0.0095024
0.009527
0.0095024
0.0094777
0.0094777
0.0095024
0.0095024
0.0095024
0.0094777
0.0095024
0.009527
0.009527
0.009527
0.0095024
0.0095024
0.009527
0.009527
0.0095024
0.009527
0.009527
0.0095024
0.0095024
0.0095024
0.0095024
0.0095024
0.0094777
0.0094777
0.0095024
0.0095024
0.0094777
0.0094531
0.0094531
0.0095024
0.009527
0.0095024
0.0095024
0.0094777
0.0095024
0.0095024
0.0095024
0.0094777
0.0094777
0.0095024
0.0095024
0.0095024
0.0094777
0.0094777
0.0095024
0.009527
0.0095024
0.0094777
0.0094777
0.0095024
0.0095024
0.0095024
0.0094777
0.0095024
0.0094531
0.0095024
0.009527
0.009527
0.0095024
0.0095024
0.009527
0.009527
0.009527
0.0095024
0.0094531
0.0094039
0.0094039
0.0093793
0.0093547
0.00933
0.0092808
0.0092808
0.0092808
0.0091823
0.0091085
0.0090839
0.0090839
0.0091085
0.0091085
0.0090839
0.0090839
0.0091823
0.0092808
0.0093547
0.0094039
0.0094531
0.0095024
0.0095024
0.0094777
0.0094531
0.0094285
0.0094531
0.0094531
0.0094531
0.0094777
0.0094777
0.0094531
0.0094777
0.0095024
0.0094777
0.0094531
0.0094531
0.0094777
0.0095024
0.0095024
0.0094777
0.0094777
0.0094777
0.0095024
0.0095024
0.0095024
0.0095024
0.0095024
0.009527
0.0095024
0.0095024
0.0095024
0.0095024
0.009527
0.009527
0.0095024
0.0095024
0.009527
0.009527
0.009527
0.009527
0.009527
0.009527
0.0095516
0.0095516
0.009527
0.009527
0.0095516
0.0095516
0.0095516
0.0095516
0.0095516
0.009527
0.009527
0.0095516
0.0095516
0.0095516
0.0095516
0.009527
0.0095516
0.0095516
0.0095516
0.009527
0.009527
0.009527
0.0095516
0.0095516
0.009527
0.009527
0.009527
0.0095516
0.0095516
0.009527
0.0095024
0.009527
0.009527
0.0095516
0.009527
0.0095024
0.0095024
0.009527
0.009527
0.0095024
0.0095024
0.0095024
0.009527
0.009527
0.0095024
0.0095024
0.0095024
0.0094777
0.0095024
0.009527
0.0095024
0.0094777
0.0094777
0.0095024
0.009527
0.009527
0.0095024
0.0094777
0.0095024
0.0095024
0.0095024
0.0094777
0.0094777
0.0094777
0.0095024
0.0095024
0.0094777
0.0094777
0.0094777
0.0095024
0.0095024
0.0094777
0.0094531
0.0095024
0.0095024
0.009527
0.0095024
0.0094777
0.0095024
0.0095024
0.0095024
0.0095024
0.0094777
0.0095024
0.009527
0.009527
0.0095024
0.009527
0.009527
0.0095024
0.0095024
0.0095024
0.0095024
0.0095024
0.0094777
0.0094777
0.0095024
0.0095024
0.0094777
0.0094531
0.0094531
0.0094777
0.0094777
0.0094531
0.0094531
0.0094531
0.0094531
0.0094777
0.0094777
0.0094531
0.0094531
0.0094777
0.0094777
0.0094531
0.0094531
0.0094531
0.0095024
0.0095024
0.0095024
0.0094777
0.0094777
0.0095024
0.0095024
0.0095024
0.0094777
0.0094777
0.0094777
0.0094777
0.0095024
0.0095024
0.0094777
0.0094531
0.0094531
0.0094777
0.0094777
0.0094777
0.0094531
0.0094531
0.0094777
0.0094777
0.0094531
0.0094531
0.0094531
0.0094777
0.0094777
0.0094777
0.0094531
0.0094777
0.0095024
0.0095024
0.0095024
0.0094777
0.0094531
0.0094777
0.0095024
0.0094777
0.0094531
0.0094531
0.0094777
0.0095024
0.0094777
0.0094777
0.0094777
0.0095024
0.0095024
0.0095024
0.0095024
0.0094777
0.0094285
0.0093793
0.0094039
0.0093793
0.0093547
0.0093054
0.0092808
0.0092808
0.009207
0.0091577
0.0091085
0.0090839
0.0090839
0.0090839
0.0090839
0.0090839
0.0091577
0.0092562
0.0093547
0.0094039
0.0094285
0.0094531
0.0094777
0.0094531
0.0094285
0.0094039
0.0093793
0.0094039
0.0094039
0.0094039
0.0094039
0.0093793
0.0094039
0.0094285
0.0094285
0.0094285
0.0094039
0.0094285
0.0094285
0.0094531
0.0094531
0.0094531
0.0094285
0.0094285
0.0094531
0.0094777
0.0094531
0.0094531
0.0094531
0.0094777
0.0094777
0.0094777
0.0094531
0.0094531
0.0094531
0.0094777
0.0094531
0.0094531
0.0094531
0.0094531
0.0094777
0.0094777
0.0094531
0.0094531
0.0094777
0.0094777
0.0094777
0.0094777
0.0094777
0.0094777
0.0095024
0.0095024
0.0095024
0.0095024
0.0095024
0.0095024
0.0095024
0.0095024
0.0095024
0.0095024
0.0095024
0.0095024
0.009527
0.0095024
0.0095024
0.0094777
0.0095024
0.0095024
0.0095024
0.0094777
0.0094777
0.0094777
0.0095024
0.0095024
0.0095024
0.0094777
0.0094777
0.0095024
0.0094777
0.0094777
0.0094777
0.0094777
0.0094777
0.0095024
0.0094777
0.0094531
0.0094531
0.0094777
0.0094777
0.0094777
0.0094531
0.0094531
0.0094777
0.0094777
0.0094531
0.0094285
0.0094531
0.0094777
0.0094531
0.0094531
0.0094531
0.0094285
0.0094285
0.0094285
0.0094531
0.0094285
0.0094285
0.0094285
0.0094285
0.0094285
0.0094285
0.0094285
0.0094285
0.0094285
0.0094531
0.0094531
0.0094285
0.0094531
0.0094777
0.0094777
0.0095024
0.0095024
0.0095024
0.009527
0.0096254
0.0096993
0.0097239
0.0098224
0.0099455
0.010069
0.010192
0.010339
0.010487
0.010709
0.010881
0.01093
0.010856
0.010635
0.0093793
0.00933
0.0093547
0.0093793
0.0093547
0.00933
0.0093054
0.00933
0.00933
0.0093054
0.0092808
0.0092808
0.0093054
0.0093054
0.0092808
0.0092808
0.0093054
0.0093054
0.0093054
0.0092808
0.0092808
0.0092808
0.0092808
0.0092808
0.0092808
0.0092562
0.0092562
0.0092808
0.0092808
0.0092808
0.0092562
0.0092562
0.0092562
0.0092562
0.0092316
0.0092316
0.0092316
0.0092316
0.009207
0.0091823
0.0091577
0.0091331
0.0091085
0.0091085
0.0090839
0.0090839
0.0090592
0.0090346
0.0090346
0.00901
0.00901
0.0089608
0.0089115
0.0089115
0.0089115
0.0088869
0.0088377
0.0088131
0.0088377
0.0088377
0.0088377
0.0088131
0.0087885
0.0087885
0.0088131
0.0088377
0.0088377
0.0088377
0.0088623
0.0089115
0.0089362
0.0089608
0.0089608
0.0089854
0.0090346
0.0090839
0.0090839
0.0091085
0.0091331
0.0091823
0.0092562
0.0092808
0.0093054
0.00933
0.00933
0.00933
0.0093547
0.0093793
0.0093547
0.0093547
0.0093547
0.0093793
0.0094039
0.0093793
0.0093547
0.0093793
0.0093793
0.0094039
0.0094039
0.0093793
0.0093793
0.0094039
0.0094039
0.0093793
0.0093793
0.0093793
0.0094039
0.0094039
0.0093793
0.0093793
0.0093793
0.0094039
0.0094039
0.0094039
0.0093793
0.0093793
0.0093793
0.0094039
0.0094039
0.0094039
0.0094039
0.0094039
0.0094039
0.0094039
0.0094285
0.0094039
0.0094039
0.0094039
0.0094039
0.0094285
0.0094285
0.0094039
0.0094039
0.0094039
0.0094039
0.0094039
0.0094039
0.0094039
0.0094039
0.0094039
0.0094039
0.0094039
0.0094039
0.0094039
0.0094285
0.0094039
0.0093793
0.0093793
0.0094039
0.0094285
0.0094285
0.0094039
0.0093793
0.0094039
0.0094285
0.0094285
0.0094039
0.0094039
0.0094039
0.0094285
0.0094039
0.0094039
0.0093793
0.0093793
0.0094039
0.0094285
0.0094039
0.0093793
0.0093793
0.0093793
0.0094039
0.0094039
0.0093793
0.0093793
0.0093793
0.0094039
0.0094039
0.0093793
0.0093793
0.0093793
0.0093793
0.0093793
0.0093793
0.0093793
0.0094039
0.0094039
0.0094039
0.0093793
0.0093793
0.0093793
0.0094039
0.0094039
0.0093793
0.0093547
0.0093793
0.0094039
0.0094039
0.0093793
0.0093793
0.0093793
0.0093793
0.0093793
0.0094039
0.0094039
0.0093793
0.0093793
0.0093793
0.0094285
0.0094285
0.0093793
0.0093793
0.0094039
0.0094531
0.0095024
0.0094531
0.0093547
0.0092316
0.0090839
0.0089362
0.0087638
0.0086407
0.0085669
0.0085177
0.0084684
0.0084192
0.0083946
0.0084684
0.0085669
0.0086161
0.0086407
0.0086407
0.00869
0.0087638
0.0088131
0.0088869
0.0089362
0.0090592
0.0091577
0.009207
0.0092562
0.0093547
0.0093793
0.0093793
0.0094039
0.0094285
0.0094285
0.0094285
0.0094285
0.0094285
0.0094531
0.0094531
0.0094285
0.0094285
0.0094285
0.0094531
0.0094531
0.0094531
0.0094285
0.0094531
0.0094531
0.0094531
0.0094531
0.0094285
0.0094531
0.0094777
0.0094777
0.0094777
0.0094777
0.0095024
0.009527
0.009527
0.009527
0.009527
0.0095516
0.0095762
0.0096008
0.0096008
0.0096008
0.0096008
0.0096501
0.0096747
0.0096993
0.0096993
0.0096993
0.0096747
0.0096993
0.0096993
0.0096993
0.0096993
0.0096747
0.0096993
0.0096993
0.0097239
0.0097239
0.0096993
0.0096747
0.0096993
0.0096993
0.0096747
0.0096501
0.0096501
0.0096501
0.0096501
0.0096254
0.0096008
0.0095762
0.0096008
0.0095762
0.0095516
0.009527
0.0095024
0.009527
0.0095024
0.0094777
0.0094531
0.0094531
0.0094777
0.0094531
0.0094285
0.0094039
0.0094039
0.0094039
0.0094039
0.0094039
0.0094039
0.0093793
0.0093547
0.0093793
0.0094039
0.0094039
0.0093793
0.0093547
0.0093547
0.0093793
0.0093793
0.0093793
0.0093547
0.0093547
0.0093793
0.0094039
0.0093793
0.0093793
0.0093793
0.0093793
0.0094285
0.0094039
0.0093793
0.0093793
0.0094039
0.0094285
0.0094039
0.0093793
0.0093793
0.0094039
0.0094039
0.0094039
0.0093793
0.0093793
0.0093793
0.0094039
0.0093793
0.0094039
0.0094039
0.0093793
0.0093547
0.0093793
0.0094039
0.0093793
0.0093793
0.0093793
0.0093793
0.0094039
0.0093793
0.0093793
0.0093547
0.0093793
0.0094039
0.0093793
0.0093793
0.0093547
0.0093793
0.0094039
0.0093793
0.0093547
0.0093547
0.0093793
0.0094039
0.0093793
0.0093547
0.00933
0.0093547
0.0093793
0.0093547
0.0093547
0.0093547
0.0093547
0.0093547
0.0093547
0.0093547
0.0093793
0.009207
0.0090346
0.0088869
0.0087638
0.0086407
0.0085423
0.0084684
0.0084192
0.0084192
0.0083453
0.00837
0.0084438
0.0085423
0.0085915
0.0085915
0.0086161
0.0086654
0.0087392
0.0088377
0.0089362
0.00901
0.0090839
0.0091577
0.009207
0.0092562
0.0092562
0.0092808
0.0093054
0.00933
0.0093547
0.0093793
0.0093547
0.0093793
0.0094039
0.0094285
0.0094285
0.0094285
0.0094531
0.0094531
0.0094531
0.0094777
0.0094777
0.0094531
0.0094531
0.0094777
0.0094777
0.0095024
0.0094777
0.0094777
0.0095024
0.009527
0.009527
0.0095024
0.0095024
0.009527
0.0095516
0.0095516
0.0095516
0.0095516
0.0095762
0.0096008
0.0096008
0.0096008
0.0096008
0.0096008
0.0096254
0.0096501
0.0096254
0.0096254
0.0096747
0.0096747
0.0096993
0.0096993
0.0096747
0.0096993
0.0097239
0.0097239
0.0096993
0.0096993
0.0096993
0.0096747
0.0096501
0.0096747
0.0096501
0.0096254
0.0096008
0.0095762
0.0096008
0.0095762
0.0095516
0.009527
0.009527
0.009527
0.0095024
0.0094777
0.0094531
0.0094531
0.0094531
0.0094531
0.0094285
0.0093793
0.0094039
0.0094285
0.0094285
0.0094039
0.0093793
0.0093793
0.0094039
0.0094039
0.0093793
0.0093793
0.0093793
0.0093793
0.0094039
0.0093793
0.0093547
0.0093793
0.0093793
0.0094039
0.0093793
0.0094039
0.0093793
0.0093793
0.0094039
0.0094039
0.0094039
0.0093793
0.0093793
0.0093793
0.0093793
0.0093793
0.0093547
0.0093547
0.0093547
0.0093793
0.0093547
0.0093547
0.00933
0.0093547
0.0093793
0.0093793
0.0093547
0.0093547
0.0093547
0.0093793
0.0093793
0.0093793
0.0093547
0.0093547
0.0093793
0.0093793
0.0093793
0.0093547
0.0093547
0.0093547
0.0093793
0.0093547
0.00933
0.0093547
0.0093547
0.0093547
0.0093547
0.0093547
0.00933
0.00933
0.00933
0.00933
0.0093547
0.00933
0.00933
0.0093547
0.0093547
0.00933
0.00933
0.00933
0.0093547
0.0093547
0.0093547
0.0093547
0.0093547
0.0093547
0.0093793
0.0093547
0.0093547
0.0093547
0.0093547
0.0093547
0.0093547
0.00933
0.00933
0.0093547
0.0093547
0.0093547
0.00933
0.00933
0.0093547
0.0093547
0.0093547
0.00933
0.00933
0.00933
0.0093547
0.0093547
0.0093793
0.0093547
0.00933
0.00933
0.0093547
0.0093547
0.0093547
0.00933
0.00933
0.00933
0.0093547
0.0093547
0.00933
0.00933
0.0093547
0.0093793
0.0093547
0.00933
0.00933
0.0093793
0.0093793
0.0093547
0.00933
0.00933
0.00933
0.0093547
0.00933
0.00933
0.00933
0.00933
0.0093547
0.0093547
0.00933
0.00933
0.0093547
0.0093547
0.0093547
0.0093793
0.0093547
0.0093547
0.0093547
0.0093793
0.0093793
0.0093793
0.00933
0.0093054
0.0093054
0.0092808
0.0092562
0.009207
0.0091823
0.0091823
0.0091577
0.0091577
0.0090839
0.0089854
0.0089608
0.0089608
0.0089362
0.0089362
0.0089115
0.0089362
0.0090346
0.0091085
0.0091577
0.009207
0.0092808
0.00933
0.0093547
0.0093054
0.0092808
0.0092808
0.0093054
0.0092808
0.0092562
0.0092562
0.0093054
0.0093054
0.00933
0.0093547
0.0093547
0.00933
0.00933
0.0093547
0.0093547
0.0093547
0.00933
0.00933
0.00933
0.0093547
0.0093547
0.00933
0.0093054
0.00933
0.0093547
0.0093547
0.00933
0.00933
0.0093547
0.0093547
0.0093547
0.0093547
0.00933
0.0093547
0.0093793
0.0093547
0.00933
0.00933
0.0093547
0.0093793
0.0093793
0.0093547
0.0093547
0.0093547
0.0093793
0.0094039
0.0093793
0.0093793
0.0093793
0.0093793
0.0093793
0.0093793
0.0093793
0.0093547
0.0093793
0.0093793
0.0093793
0.0093793
0.0093547
0.0093547
0.0093793
0.0093793
0.0093793
0.0093547
0.0093547
0.0093793
0.0093793
0.0093547
0.0093547
0.0093547
0.0093793
0.0093793
0.0093547
0.00933
0.0093547
0.0094039
0.0093793
0.0093547
0.0093547
0.0093547
0.0093793
0.0093793
0.0093547
0.0093547
0.0093547
0.0093547
0.0093547
0.00933
0.00933
0.0093054
0.0093054
0.0093054
0.00933
0.00933
0.00933
0.0093054
0.0093054
0.00933
0.00933
0.00933
0.0093054
0.0093054
0.00933
0.0093054
0.0092808
0.0092808
0.0092808
0.0093054
0.00933
0.0093054
0.0092808
0.0093054
0.0093054
0.0093054
0.0093054
0.0092808
0.0092808
0.0093054
0.0093054
0.0092808
0.0092808
0.0092808
0.0093054
0.0093054
0.0092808
0.0092808
0.0092808
0.0092808
0.0092808
0.0093054
0.0093054
0.0093054
0.0092808
0.0092808
0.0093054
0.0093054
0.0093054
0.0092808
0.0092808
0.0093054
0.0093054
0.0093054
0.0092808
0.0092808
0.0093054
0.0093054
0.0093054
0.0092808
0.0092808
0.0092808
0.0092808
0.0092808
0.0092562
0.0092562
0.0092562
0.0092808
0.0092562
0.0092562
0.0092562
0.0092562
0.0092808
0.0092562
0.0092316
0.0092562
0.0092808
0.0092808
0.0092808
0.0092808
0.0092808
0.0092808
0.0092808
0.0092808
0.0093054
0.0092808
0.0092562
0.0092808
0.0092808
0.0092808
0.0092808
0.0092808
0.0092808
0.0093054
0.0093054
0.0092808
0.0092562
0.0092562
0.0092808
0.0092808
0.0092808
0.0092562
0.0092562
0.0092808
0.0092808
0.0092562
0.0092316
0.0092316
0.0092562
0.0092808
0.0092808
0.0092562
0.0092562
0.0093054
0.00933
0.0093054
0.0093054
0.0093054
0.0093054
0.0092316
0.0092316
0.009207
0.0091577
0.0091331
0.0091085
0.0091331
0.0090592
0.0089608
0.0089362
0.0089115
0.0089115
0.0088869
0.0088869
0.0088623
0.0089362
0.0090346
0.0091331
0.0091577
0.009207
0.0092562
0.0092808
0.0092562
0.0092316
0.0092316
0.0092316
0.0092316
0.0092316
0.009207
0.009207
0.0092316
0.0092562
0.0092562
0.0092562
0.0092316
0.0092562
0.0092562
0.0092562
0.0092316
0.0092316
0.0092316
0.0092316
0.0092316
0.0092562
0.0092562
0.0092316
0.0092316
0.0092562
0.0092562
0.0092562
0.0092316
0.0092316
0.0092562
0.0092808
0.0092808
0.0092562
0.0092562
0.0092808
0.0093054
0.0093054
0.0092808
0.0092808
0.0093054
0.00933
0.00933
0.0093054
0.0092808
0.0093054
0.00933
0.00933
0.0093054
0.0093054
0.0093054
0.00933
0.00933
0.0093054
0.0093054
0.0093054
0.00933
0.00933
0.0093054
0.0093054
0.0093054
0.0092808
0.0093054
0.0093054
0.0093054
0.0092808
0.0092562
0.0092562
0.0093054
0.0093054
0.0092808
0.0092808
0.0092808
0.0093054
0.0093054
0.0092808
0.0092562
0.0092808
0.0092808
0.0092562
0.0092562
0.0092562
0.0092562
0.0092808
0.0092562
0.0092562
0.0092316
0.0092562
0.0092562
0.0092562
0.0092316
0.0092316
0.0092316
0.0092562
0.0092562
0.0092316
0.0092316
0.0092316
0.0092316
0.0092562
0.0092562
0.0092562
0.0092562
0.0092808
0.0093054
0.00933
0.0093054
0.00933
0.0093547
0.0094285
0.0094777
0.0095516
0.0096254
0.0097485
0.0099209
0.010044
0.010192
0.010364
0.010586
0.010733
0.010733
0.010586
0.010339
0.010044
0.0096993
0.0094039
0.009207
0.0091085
0.0091331
0.0091823
0.0091823
0.0091577
0.0091331
0.0091331
0.0091331
0.0091331
0.0091331
0.0091085
0.0091085
0.0090839
0.0090592
0.0090839
0.0090839
0.0090592
0.0090346
0.0090592
0.0090592
0.0090592
0.0090346
0.00901
0.00901
0.0090346
0.0090346
0.00901
0.0089854
0.0089854
0.0089854
0.00901
0.0089854
0.0089608
0.0089608
0.0089608
0.0089608
0.0089362
0.0089362
0.0089362
0.0089362
0.0089362
0.0088869
0.0088869
0.0088623
0.0088623
0.0088377
0.0088131
0.0087885
0.0087638
0.0087638
0.0087392
0.0086654
0.0086407
0.0086161
0.0085669
0.0085669
0.0085669
0.0085915
0.0085669
0.0085669
0.0085669
0.0085915
0.0086161
0.0086407
0.0086407
0.0086407
0.00869
0.0087392
0.0087638
0.0087638
0.0088131
0.0088623
0.0089115
0.0089115
0.0089115
0.0089362
0.00901
0.0090346
0.0090346
0.0090346
0.0090592
0.0090839
0.0091085
0.0091085
0.0090839
0.0091085
0.0091331
0.0091331
0.0091331
0.0091331
0.0091331
0.0091331
0.0091331
0.0091577
0.0091577
0.0091577
0.0091577
0.0091577
0.0091577
0.0091577
0.0091823
0.0091577
0.0091577
0.0091823
0.0091823
0.0091823
0.0091823
0.0091823
0.0091823
0.0091823
0.0091823
0.0091577
0.0091577
0.0091823
0.0091823
0.0091823
0.0091577
0.0091577
0.0091823
0.0091823
0.0091823
0.0091577
0.0091577
0.0091577
0.0091577
0.0091577
0.0091577
0.0091577
0.0091577
0.0091823
0.0091823
0.0091823
0.0091577
0.0091577
0.0091823
0.009207
0.009207
0.0091823
0.0091823
0.0091823
0.009207
0.0091823
0.0091823
0.0091577
0.0091823
0.0091823
0.0091823
0.0091823
0.0091577
0.0091577
0.0091577
0.0091577
0.0091577
0.0091823
0.0091577
0.0091823
0.0091577
0.0091577
0.0091331
0.0091577
0.0091823
0.0091823
0.0091577
0.0091577
0.0091577
0.0091823
0.0091823
0.0091577
0.0091577
0.0091823
0.0091823
0.009207
0.009207
0.0091577
0.0091823
0.0091823
0.0091823
0.0091823
0.0091577
0.0091577
0.0091823
0.0091823
0.0091823
0.0091577
0.0091331
0.0091577
0.0091823
0.0091577
0.0091331
0.0091331
0.0091331
0.0091577
0.0091577
0.0091331
0.0091331
0.0091577
0.0091577
0.0091823
0.0091577
0.0091823
0.0091577
0.0091823
0.0091823
0.0091577
0.0091577
0.0091823
0.0091823
0.0091823
0.0091823
0.0091577
0.0091577
0.0091577
0.0091577
0.0091823
0.0091823
0.0091577
0.0091577
0.0091577
0.0091823
0.0091823
0.0091577
0.0091331
0.0091577
0.0091577
0.0091577
0.0091577
0.0091331
0.0091331
0.0091331
0.0091823
0.0091577
0.0091577
0.0091577
0.0091823
0.0091823
0.0091823
0.0091577
0.0091331
0.0091085
0.0090839
0.0090592
0.00901
0.0089608
0.0089362
0.0089115
0.0088869
0.0088377
0.0087638
0.0087392
0.0087392
0.0087146
0.0089115
0.0089854
0.0090839
0.0091331
0.0091331
0.0091085
0.0091085
0.0091085
0.0091085
0.0091085
0.0090839
0.0090839
0.0091331
0.0091577
0.0091331
0.0091331
0.0091331
0.0091577
0.0091577
0.0091577
0.0091331
0.0091331
0.0091577
0.0091823
0.0091577
0.0091577
0.0091823
0.0091823
0.009207
0.0091823
0.0091823
0.0091577
0.0091823
0.0091823
0.009207
0.0091823
0.0091823
0.009207
0.0092316
0.009207
0.009207
0.009207
0.0091823
0.009207
0.009207
0.0092316
0.0092316
0.0092316
0.0092316
0.0092562
0.0092562
0.0092562
0.0092562
0.0092562
0.0092562
0.0092808
0.0092562
0.0092316
0.0092316
0.0092562
0.0092808
0.0092808
0.0092562
0.0092562
0.0092808
0.0093054
0.0092808
0.0092562
0.0092562
0.0092808
0.0093054
0.0092808
0.0092562
0.0092562
0.0092808
0.0092808
0.0092562
0.0092316
0.0092316
0.0092316
0.0091823
0.009207
0.009207
0.009207
0.009207
0.0091823
0.009207
0.0092316
0.009207
0.0091823
0.0091823
0.0091823
0.009207
0.009207
0.009207
0.009207
0.009207
0.0092316
0.009207
0.009207
0.0091823
0.009207
0.0092316
0.009207
0.0091823
0.0091823
0.0091823
0.009207
0.009207
0.0091823
0.0091823
0.0091823
0.009207
0.0091823
0.0091823
0.0091577
0.0091823
0.0091823
0.0091577
0.0091577
0.0091823
0.0091577
0.0091577
0.0091823
0.0091823
0.0091823
0.0091823
0.0091577
0.0091823
0.0091823
0.009207
0.0091823
0.0091823
0.0091823
0.009207
0.0091823
0.0091823
0.0091823
0.0091823
0.0091823
0.0091823
0.0091577
0.0091577
0.0091823
0.0091823
0.0091823
0.0091577
0.0091577
0.0091577
0.0091823
0.0091577
0.0091331
0.0091331
0.0091577
0.0091823
0.0091577
0.0091331
0.0091331
0.0091331
0.0091577
0.0091577
0.0091577
0.0091577
0.0091331
0.0091331
0.0091331
0.0091331
0.0091331
0.0091331
0.0091331
0.0091331
0.0091577
0.0091823
0.0091823
0.0091577
0.0091577
0.0091823
0.009207
0.0091577
0.0091577
0.0091577
0.0091823
0.0091823
0.0091577
0.0091331
0.0091577
0.0091577
0.0091577
0.0091577
0.0091331
0.0091577
0.0091577
0.0091577
0.0091331
0.0091331
0.0091331
0.0091577
0.0091577
0.0091331
0.0091085
0.0091331
0.0091331
0.0091331
0.0091577
0.0091577
0.0091331
0.0091085
0.0090839
0.0091577
0.0091577
0.0091331
0.0091085
0.0091331
0.0091577
0.0091577
0.0091331
0.0091085
0.0090839
0.0090592
0.0090346
0.00901
0.0089608
0.0089362
0.0089362
0.0089115
0.0088623
0.0087638
0.0087146
0.0087392
0.0087392
0.00869
0.00869
0.00869
0.0087392
0.0088131
0.0089115
0.0089608
0.0090346
0.0091085
0.0091331
0.0091085
0.0091085
0.0091085
0.0090839
0.0091085
0.0091331
0.0091577
0.0091331
0.0091331
0.0091331
0.0091577
0.0091577
0.0091331
0.0091085
0.0091085
0.0091331
0.0091331
0.0091085
0.0091085
0.0091331
0.0091577
0.0091577
0.0091577
0.0091331
0.0091577
0.0091823
0.0091823
0.0091823
0.0091577
0.0091577
0.0091823
0.009207
0.0091823
0.0091823
0.0091823
0.009207
0.009207
0.009207
0.0091823
0.009207
0.009207
0.0091823
0.009207
0.009207
0.009207
0.009207
0.009207
0.009207
0.009207
0.009207
0.0091823
0.0091823
0.009207
0.009207
0.009207
0.0091823
0.0091823
0.009207
0.0092316
0.0092316
0.009207
0.0092316
0.0092562
0.0092562
0.0092316
0.0092316
0.0092316
0.0092562
0.0092562
0.0092316
0.0092316
0.009207
0.0092316
0.0092316
0.009207
0.009207
0.009207
0.009207
0.009207
0.009207
0.0091823
0.0091823
0.0091577
0.0091577
0.0091577
0.0091823
0.0091577
0.0091331
0.0091331
0.0091331
0.0091823
0.0091577
0.0091331
0.0091331
0.0091577
0.0091823
0.0091823
0.0091577
0.0091577
0.0091823
0.0091823
0.0091823
0.0091577
0.0091823
0.0091577
0.0091823
0.0091823
0.0091577
0.0091577
0.0091577
0.0091823
0.0091823
0.0091577
0.0091577
0.0091823
0.009207
0.009207
0.009207
0.009207
0.0092562
0.0093793
0.0094777
0.0095762
0.0096747
0.0097732
0.0098962
0.010044
0.010241
0.010438
0.010561
0.01061
0.010512
0.010266
0.0099701
0.0096254
0.00933
0.0091331
0.0090346
0.00901
0.0090346
0.0090592
0.0090592
0.0090592
0.0090592
0.0090346
0.00901
0.00901
0.00901
0.00901
0.0089854
0.0089854
0.0089854
0.00901
0.00901
0.0089854
0.0089608
0.0089608
0.0089854
0.0089854
0.0089608
0.00901
0.0089608
0.0089362
0.0089608
0.0089854
0.0089608
0.0089608
0.0089362
0.0089362
0.0089608
0.0089362
0.0089362
0.0089115
0.0088869
0.0089115
0.0088869
0.0088623
0.0088377
0.0088377
0.0088377
0.0088131
0.0087638
0.0087392
0.0087392
0.0087392
0.0087146
0.0086654
0.0086407
0.0086407
0.0086161
0.0085669
0.0085423
0.0085423
0.0085423
0.0085669
0.0085423
0.0085177
0.008493
0.008493
0.0085177
0.0085423
0.0085915
0.0086161
0.0086161
0.0086161
0.0086654
0.00869
0.0087146
0.0087392
0.0087638
0.0088131
0.0088623
0.0088623
0.0088869
0.0088869
0.0089115
0.0089608
0.0089854
0.0089854
0.0089854
0.0089854
0.00901
0.0090346
0.0090346
0.00901
0.0090346
0.0090592
0.0090839
0.0090592
0.0090592
0.0090592
0.0090839
0.0090839
0.0090839
0.0090839
0.0090839
0.0091085
0.0091085
0.0090839
0.0090839
0.0090839
0.0090839
0.0091085
0.0091085
0.0091085
0.0091085
0.0090839
0.0090839
0.0091085
0.0091085
0.0090839
0.0090592
0.0090839
0.0091085
0.0091085
0.0090839
0.0090592
0.0090839
0.0090839
0.0091085
0.0090839
0.0090839
0.0091085
0.0091085
0.0091331
0.0091331
0.0091085
0.0091085
0.0091331
0.0091331
0.0091085
0.0091085
0.0091085
0.0091331
0.0091331
0.0091085
0.0090839
0.0090839
0.0091085
0.0091085
0.0091085
0.0091085
0.0090839
0.0090839
0.0091085
0.0090839
0.0090839
0.0090839
0.0090592
0.0090592
0.0090839
0.0091085
0.0091085
0.0090839
0.0090839
0.0091085
0.0091331
0.0091085
0.0091085
0.0091085
0.0091085
0.0091331
0.0091331
0.0091085
0.0091085
0.0091085
0.0091331
0.0091085
0.0091085
0.0090839
0.0091085
0.0091085
0.0090839
0.0090839
0.0090839
0.0091085
0.0091085
0.0090839
0.0090839
0.0090839
0.0090592
0.0090592
0.0090839
0.0090839
0.0090839
0.0090839
0.0090839
0.0091085
0.0091331
0.0091085
0.0090839
0.0090839
0.0091085
0.0091331
0.0091331
0.0091085
0.0091085
0.0091331
0.0091331
0.0091331
0.0090839
0.0090839
0.0090839
0.0091331
0.0091331
0.0090839
0.0090839
0.0091085
0.0091085
0.0091085
0.0090839
0.0090839
0.0090839
0.0091085
0.0090839
0.0090839
0.0090592
0.0090839
0.0090839
0.0090839
0.0091085
0.0091085
0.0090839
0.0090839
0.0091085
0.0091085
0.0090839
0.0090839
0.0091085
0.0091085
0.0091331
0.0091331
0.0091331
0.0091331
0.0091823
0.0091823
0.0091331
0.0090839
0.0090592
0.0090346
0.0090346
0.00901
0.0089608
0.0089362
0.0089362
0.0088869
0.0088131
0.0087638
0.0087392
0.0087146
0.0087392
0.0087146
0.0087146
0.0087885
0.0088869
0.0089854
0.0090346
0.0090592
0.0090839
0.0090839
0.0090346
0.0090346
0.0090346
0.0090592
0.0090592
0.0090592
0.0090592
0.0090839
0.0090839
0.0090839
0.0090592
0.0090839
0.0091085
0.0090839
0.0090839
0.0090592
0.0090592
0.0090839
0.0090839
0.0090592
0.0090592
0.0090839
0.0090839
0.0090839
0.0090592
0.0090839
0.0091085
0.0091085
0.0091085
0.0091085
0.0090839
0.0091085
0.0091085
0.0091085
0.0091085
0.0090839
0.0091085
0.0091085
0.0091085
0.0091085
0.0091331
0.0091085
0.0091085
0.0091085
0.0091331
0.0091331
0.0091085
0.0091085
0.0091085
0.0091085
0.0091085
0.0091085
0.0090839
0.0090839
0.0091085
0.0091085
0.0091085
0.0091085
0.0091085
0.0091331
0.0091331
0.0091331
0.0091331
0.0091331
0.0091331
0.0091331
0.0091085
0.0091085
0.0091331
0.0091331
0.0091331
0.0091085
0.0091085
0.0091085
0.0091331
0.0091331
0.0091085
0.0090839
0.0091085
0.0091331
0.0090839
0.0090839
0.0090839
0.0090592
0.0090592
0.0090592
0.0090839
0.0090839
0.0090592
0.0090346
0.0090592
0.0090839
0.0090839
0.0090839
0.0090592
0.0090839
0.0091085
0.0090839
0.0090839
0.0090592
0.0090839
0.0090839
0.0090839
0.0090839
0.0090839
0.0090839
0.0090839
0.0090839
0.0090839
0.0090592
0.0090592
0.0090839
0.0090839
0.0090592
0.0090592
0.0090592
0.0090592
0.0090839
0.0090592
0.0090592
0.0090346
0.0090346
0.0090346
0.0090592
0.0090592
0.0090592
0.0090346
0.0090346
0.0090592
0.0090839
0.0090592
0.0090346
0.0090346
0.0090592
0.0090839
0.0090592
0.0090592
0.0090592
0.0090592
0.0090592
0.0090592
0.0090346
0.0090346
0.0090592
0.0090592
0.0090346
0.0090346
0.0090346
0.0090346
0.0090346
0.00901
0.00901
0.0090346
0.0090346
0.0090346
0.0090346
0.00901
0.00901
0.0090346
0.0090346
0.0090346
0.0090346
0.0090346
0.0090346
0.0090592
0.0090592
0.0090346
0.0090346
0.00901
0.0090346
0.0090346
0.0090346
0.00901
0.00901
0.0090346
0.0090346
0.0090346
0.0089854
0.0089854
0.0090346
0.0090592
0.0090346
0.00901
0.00901
0.00901
0.0090346
0.00901
0.00901
0.00901
0.00901
0.0090346
0.00901
0.0089854
0.0089854
0.00901
0.00901
0.00901
0.0089854
0.0089854
0.00901
0.0090346
0.0090346
0.0090592
0.0090839
0.0090592
0.0090346
0.0090346
0.00901
0.0089854
0.0089115
0.0088869
0.0088623
0.0088623
0.0088131
0.0087392
0.0087392
0.00869
0.0086407
0.0085915
0.0085669
0.0085423
0.0085669
0.0085669
0.0085669
0.0086161
0.00869
0.0088131
0.0088869
0.0089362
0.0089608
0.0089854
0.0089854
0.0089854
0.0089608
0.0089608
0.0089608
0.0089854
0.0089854
0.0089854
0.0089854
0.00901
0.00901
0.00901
0.00901
0.0090346
0.0090346
0.00901
0.00901
0.00901
0.0090346
0.0090346
0.00901
0.00901
0.0090346
0.0090346
0.0090346
0.0090346
0.00901
0.0090346
0.0090346
0.0090346
0.00901
0.00901
0.0090346
0.0090592
0.0090839
0.0090839
0.0090592
0.0090592
0.0090839
0.0090839
0.0090592
0.0090592
0.0090592
0.0090839
0.0090839
0.0090839
0.0090592
0.0090839
0.0090839
0.0090592
0.0090839
0.0090839
0.0090592
0.0090592
0.0090839
0.0091085
0.0091085
0.0090839
0.0090592
0.0090592
0.0090839
0.0090839
0.0090592
0.0090346
0.0090592
0.0090839
0.0090592
0.0090592
0.0090346
0.0090592
0.0090592
0.0090592
0.0090592
0.0090346
0.0090592
0.0090592
0.0090592
0.0090346
0.0090346
0.0090346
0.0090346
0.0090346
0.0090346
0.00901
0.00901
0.0090346
0.0090346
0.00901
0.0089854
0.0089854
0.0089854
0.0089854
0.00901
0.0089854
0.0089854
0.0089608
0.0089854
0.0089854
0.0089854
0.0089854
0.0089854
0.0089854
0.00901
0.00901
0.00901
0.0089854
0.00901
0.0090346
0.0090346
0.00901
0.00901
0.00901
0.00901
0.00901
0.00901
0.00901
0.0090346
0.0090592
0.0090592
0.0090592
0.0090592
0.0091085
0.0091823
0.009207
0.0092562
0.0093054
0.0094039
0.0095024
0.0096008
0.010142
0.01029
0.010339
0.010266
0.010069
0.0097978
0.0094777
0.0091823
0.0089608
0.0088377
0.0088131
0.0088869
0.0089115
0.0089115
0.0088869
0.0089115
0.0089115
0.0088869
0.0088623
0.0088623
0.0088869
0.0088869
0.0088623
0.0088623
0.0088623
0.0088869
0.0088869
0.0088623
0.0088377
0.0088377
0.0088623
0.0088623
0.0088377
0.0088131
0.0088377
0.0088377
0.0088377
0.0088131
0.0088131
0.0087885
0.0087638
0.0087885
0.0087885
0.0087885
0.0087638
0.0087392
0.0087146
0.0087392
0.0087392
0.0087146
0.00869
0.0086654
0.0086654
0.0086407
0.0086407
0.0086161
0.0085669
0.0085669
0.0085669
0.0085423
0.008493
0.0084684
0.0084684
0.0084684
0.0084438
0.0084192
0.0083946
0.0083946
0.0084192
0.0083946
0.00837
0.00837
0.0083946
0.0084192
0.0084192
0.0084192
0.0084438
0.0084684
0.008493
0.0085177
0.0086407
0.0086407
0.0086654
0.0087146
0.0087392
0.0087638
0.0087885
0.0087885
0.0088131
0.0088623
0.0088623
0.0088377
0.0088623
0.0088869
0.0088869
0.0088869
0.0088869
0.0088869
0.0089115
0.0089362
0.0089362
0.0089115
0.0089362
0.0089362
0.0089362
0.0089608
0.0089362
0.0089362
0.0089362
0.0089608
0.0089362
0.0089362
0.0089362
0.0089608
0.0089608
0.0089608
0.0089362
0.0089115
0.0089362
0.0089608
0.0089362
0.0089608
0.0089608
0.0089362
0.0089362
0.0089608
0.0089608
0.0089608
0.0089362
0.0089362
0.0089362
0.0089608
0.0089608
0.0089608
0.0089608
0.0089608
0.0089854
0.0089854
0.0089854
0.0089608
0.0089854
0.0089854
0.0089854
0.0089854
0.0089608
0.0089608
0.0089608
0.0089608
0.0089362
0.0089362
0.0089854
0.0089854
0.0089608
0.0089608
0.0089362
0.0089362
0.0089854
0.0089854
0.0089608
0.0089362
0.0089608
0.0089362
0.0089608
0.0089608
0.0089608
0.0089362
0.0089362
0.0089608
0.0089854
0.0089608
0.0089608
0.0089608
0.0089608
0.0089608
0.0089854
0.0089608
0.0089608
0.0089608
0.0089854
0.0089854
0.0089608
0.0089362
0.0089362
0.0089608
0.0089854
0.0089608
0.0089362
0.0089608
0.0089608
0.0089608
0.0089362
0.0089115
0.0089362
0.0089362
0.0089608
0.0089362
0.0089362
0.0089362
0.0089608
0.0089608
0.0089362
0.0089608
0.0089608
0.0089854
0.00901
0.0089608
0.0088377
0.0086654
0.0084438
0.0083207
0.0082223
0.0081238
0.0080253
0.0079515
0.0079268
0.0079022
0.0079268
0.0080007
0.0080499
0.0081238
0.008173
0.0082223
0.0082715
0.0083207
0.0084192
0.0085177
0.0086161
0.00869
0.0087146
0.0087885
0.0088377
0.0088623
0.0088623
0.0088869
0.0088869
0.0089115
0.0089362
0.0089115
0.0089115
0.0089115
0.0089115
0.0089362
0.0089608
0.0089608
0.0089608
0.0089608
0.0089608
0.0089854
0.0089854
0.0089854
0.0089854
0.00901
0.0090346
0.0090592
0.0090592
0.0090346
0.0090592
0.0090839
0.0091085
0.0091085
0.0091085
0.0091085
0.0091577
0.0091577
0.0091577
0.0091577
0.0091823
0.009207
0.009207
0.009207
0.009207
0.009207
0.0092316
0.0092316
0.0092316
0.009207
0.009207
0.0092316
0.0092562
0.0092316
0.0092562
0.0092316
0.009207
0.0092316
0.0092316
0.0092562
0.0092316
0.009207
0.009207
0.009207
0.009207
0.0091823
0.0091577
0.0091331
0.0091331
0.0091331
0.0091085
0.0090592
0.0090592
0.0090839
0.0090839
0.0090346
0.00901
0.0089854
0.0089854
0.0089854
0.0089608
0.0089362
0.0089115
0.0089115
0.0089115
0.0089362
0.0089115
0.0088869
0.0089115
0.0089115
0.0089115
0.0088869
0.0088869
0.0089115
0.0088869
0.0089115
0.0089362
0.0089115
0.0088869
0.0088869
0.0089115
0.0089362
0.0089115
0.0088869
0.0088869
0.0088869
0.0089115
0.0089115
0.0088869
0.0088869
0.0089115
0.0089115
0.0089115
0.0088869
0.0088869
0.0088869
0.0089115
0.0088869
0.0088869
0.0088869
0.0088869
0.0089115
0.0088869
0.0088869
0.0088869
0.0088869
0.0089115
0.0088869
0.0088869
0.0088623
0.0088869
0.0088869
0.0088869
0.0088869
0.0088869
0.0088623
0.0088623
0.0088623
0.0088869
0.0088869
0.0088623
0.0088623
0.0088869
0.0088869
0.0088869
0.0088623
0.0088623
0.0089115
0.0089115
0.0088869
0.0088623
0.0088623
0.0088623
0.0088869
0.0088869
0.0088623
0.0088623
0.0088623
0.0088869
0.0088623
0.0088623
0.0088623
0.0088623
0.0088869
0.0088869
0.0088623
0.0088623
0.0088623
0.0088869
0.0088869
0.0088623
0.0088377
0.0088623
0.0088869
0.0088623
0.0088623
0.0088623
0.0088377
0.0088623
0.0088869
0.0088869
0.0088623
0.0088377
0.0088623
0.0088623
0.0088623
0.0088623
0.0088377
0.0088377
0.0088869
0.0088869
0.0088623
0.0088377
0.0088623
0.0088623
0.0088869
0.0088623
0.0088377
0.0088623
0.0088869
0.0088869
0.0088623
0.0088377
0.0088623
0.0088623
0.0088623
0.0088623
0.0088377
0.0088377
0.0088623
0.0088623
0.0088623
0.0088377
0.0088623
0.0088377
0.0088623
0.0088623
0.0088623
0.0088377
0.0088131
0.0088623
0.0088623
0.0088869
0.0088869
0.0088869
0.0088869
0.0089115
0.0088869
0.0088623
0.0088131
0.0088131
0.0088131
0.0087885
0.0087638
0.0087146
0.0087146
0.0087146
0.0086654
0.0085669
0.0085177
0.0085177
0.008493
0.008493
0.008493
0.0084684
0.0085423
0.0086407
0.0087392
0.0087638
0.0088131
0.0088377
0.0088623
0.0088623
0.0088377
0.0088131
0.0088131
0.0088131
0.0088131
0.0088377
0.0088623
0.0088377
0.0088377
0.0088377
0.0088623
0.0088623
0.0088623
0.0088377
0.0088377
0.0088623
0.0088869
0.0088623
0.0088623
0.0088623
0.0088623
0.0088869
0.0088623
0.0088623
0.0088623
0.0088869
0.0088869
0.0088623
0.0088623
0.0088623
0.0088869
0.0088869
0.0088869
0.0088623
0.0088869
0.0088869
0.0089115
0.0089115
0.0088869
0.0089115
0.0089362
0.0089115
0.0089362
0.0089362
0.0089362
0.0089115
0.0089115
0.0089362
0.0089362
0.0089362
0.0089115
0.0089115
0.0089362
0.0089362
0.0089362
0.0089362
0.0089362
0.0089362
0.0089608
0.0089362
0.0089115
0.0089115
0.0089362
0.0089362
0.0089115
0.0089115
0.0088869
0.0089115
0.0089115
0.0089115
0.0088869
0.0088869
0.0089115
0.0089115
0.0089115
0.0088869
0.0088869
0.0089115
0.0089115
0.0089115
0.0088869
0.0088869
0.0088623
0.0088869
0.0088869
0.0088869
0.0088623
0.0088623
0.0088623
0.0088869
0.0088623
0.0088623
0.0088377
0.0088623
0.0088623
0.0088623
0.0088623
0.0088623
0.0088623
0.0088623
0.0088623
0.0088623
0.0088623
0.0088623
0.0088869
0.0088869
0.0088623
0.0088623
0.0088869
0.0089115
0.0088869
0.0088869
0.0088869
0.0089115
0.0089362
0.0089608
0.0089608
0.0089608
0.00901
0.0090592
0.0091085
0.0094777
0.0096008
0.0096993
0.009847
0.010019
0.010216
0.010266
0.010216
0.010019
0.0097485
0.0094285
0.0091085
0.0088623
0.0087392
0.0087146
0.0087885
0.0088131
0.0087885
0.0087885
0.0087885
0.0087885
0.0087885
0.0087638
0.0087638
0.0087638
0.0087885
0.0087885
0.0087638
0.0087392
0.0087392
0.0087638
0.0087392
0.0087392
0.0087146
0.0087392
0.0087392
0.0087146
0.0087146
0.00869
0.00869
0.0086654
0.0086654
0.00869
0.00869
0.0086407
0.0086407
0.0086407
0.0086654
0.0086407
0.0086407
0.0086161
0.0086161
0.0086161
0.0086161
0.0085915
0.0085669
0.0085669
0.0085669
0.0085423
0.0085177
0.008493
0.0084684
0.0084684
0.0084438
0.0083946
0.00837
0.00837
0.00837
0.0083453
0.0082961
0.0082715
0.0082715
0.0082715
0.0082715
0.0082715
0.0082469
0.0082715
0.0082961
0.0083207
0.0083207
0.0083946
0.0084192
0.0084438
0.0084684
0.0085177
0.0085423
0.0085669
0.0085669
0.0085915
0.0086407
0.0086654
0.00869
0.00869
0.0087146
0.0087392
0.0087638
0.0087392
0.0087638
0.0087638
0.0087885
0.0087885
0.0087885
0.0087885
0.0088131
0.0088377
0.0088377
0.0088377
0.0088377
0.0088377
0.0088623
0.0088623
0.0088377
0.0088377
0.0088623
0.0088869
0.0088869
0.0088623
0.0088377
0.0088623
0.0088869
0.0088869
0.0088869
0.0088623
0.0088623
0.0088623
0.0088623
0.0088869
0.0088623
0.0088623
0.0088623
0.0088623
0.0088869
0.0088623
0.0088623
0.0088623
0.0088869
0.0088869
0.0088623
0.0088623
0.0088623
0.0088869
0.0088869
0.0088869
0.0088623
0.0088623
0.0088869
0.0089115
0.0088869
0.0088623
0.0088623
0.0088869
0.0088869
0.0088869
0.0088623
0.0088623
0.0088869
0.0088869
0.0088623
0.0088623
0.0088623
0.0088377
0.0088377
0.0088623
0.0088869
0.0088869
0.0088623
0.0088623
0.0088623
0.0088869
0.0088623
0.0088623
0.0088623
0.0088623
0.0088623
0.0088623
0.0088869
0.0088623
0.0088869
0.0088869
0.0088869
0.0088623
0.0088623
0.0088869
0.0088869
0.0088869
0.0088623
0.0088623
0.0088623
0.0088869
0.0088623
0.0088623
0.0088623
0.0088623
0.0088869
0.0088623
0.0088623
0.0088623
0.0088623
0.0088869
0.0088869
0.0088869
0.0088623
0.0088623
0.0088623
0.0088623
0.0088869
0.0088623
0.0088623
0.0088869
0.0089115
0.0089362
0.0089608
0.0089115
0.0087885
0.00869
0.0085177
0.0083453
0.0082223
0.0081238
0.0080499
0.0080007
0.0079268
0.0078776
0.0078776
0.0079761
0.0080499
0.0080992
0.0080992
0.0081238
0.008173
0.0082469
0.0082961
0.00837
0.0084684
0.0085669
0.0086407
0.00869
0.0087146
0.0087392
0.0087885
0.0088377
0.0088869
0.0088869
0.0088869
0.0088869
0.0088869
0.0089115
0.0089362
0.0089362
0.0089115
0.0089115
0.0089362
0.0089362
0.0089608
0.0089362
0.0089362
0.0089362
0.0089608
0.0089608
0.0089362
0.0089362
0.0089608
0.0089854
0.0089608
0.0089608
0.0089608
0.0089854
0.00901
0.00901
0.00901
0.00901
0.0090346
0.0090592
0.0090592
0.0090346
0.0090346
0.0090839
0.0090839
0.0090839
0.0091085
0.0091577
0.0091331
0.0091331
0.0091331
0.0091577
0.0091577
0.0091577
0.0091331
0.0091577
0.0091577
0.0091823
0.0091577
0.0091577
0.0091577
0.0091823
0.0091577
0.0091577
0.0091331
0.0091331
0.0091331
0.0091331
0.0091085
0.0090592
0.0090592
0.0090592
0.0090592
0.0090346
0.0089854
0.0089854
0.0089854
0.0089854
0.0089608
0.0089362
0.0089362
0.0089362
0.0089362
0.0089115
0.0088869
0.0088869
0.0088869
0.0088869
0.0089115
0.0088869
0.0088869
0.0088623
0.0088869
0.0088869
0.0089115
0.0088869
0.0088623
0.0088623
0.0088869
0.0088869
0.0088623
0.0088377
0.0088377
0.0088623
0.0088623
0.0088377
0.0088377
0.0088377
0.0088377
0.0088377
0.0088377
0.0088131
0.0088131
0.0088377
0.0088377
0.0088377
0.0088131
0.0088377
0.0088623
0.0088623
0.0088623
0.0088623
0.0088623
0.0088623
0.0088623
0.0088623
0.0088377
0.0088623
0.0088377
0.0088377
0.0088623
0.0088623
0.0088377
0.0088377
0.0088377
0.0088377
0.0088377
0.0088377
0.0088131
0.0088131
0.0088377
0.0088377
0.0088131
0.0088131
0.0088131
0.0088377
0.0088377
0.0088131
0.0087885
0.0088131
0.0088131
0.0088377
0.0088131
0.0088131
0.0088131
0.0088377
0.0088377
0.0088377
0.0088131
0.0088131
0.0088377
0.0088377
0.0088377
0.0088131
0.0088131
0.0088377
0.0088377
0.0087885
0.00869
0.0085177
0.00837
0.0082715
0.008173
0.0080745
0.0080007
0.0079268
0.0078776
0.007853
0.0079022
0.0079761
0.0080499
0.0080992
0.0081238
0.0081484
0.008173
0.0082469
0.0083453
0.0084192
0.008493
0.0085669
0.0086161
0.0086654
0.0087146
0.0087392
0.0087392
0.0087638
0.0087885
0.0088131
0.0088131
0.0088131
0.0088131
0.0088623
0.0088623
0.0088623
0.0088623
0.0088623
0.0088869
0.0088623
0.0088869
0.0089115
0.0089115
0.0088869
0.0088869
0.0089115
0.0089362
0.0089115
0.0089115
0.0089362
0.0089608
0.0089854
0.0089608
0.0089608
0.0089608
0.0089854
0.00901
0.00901
0.0089854
0.00901
0.00901
0.0090346
0.0090346
0.0090346
0.0090346
0.0090592
0.0090839
0.0090839
0.0090592
0.0090839
0.0091085
0.0091085
0.0091085
0.0091085
0.0091085
0.0091331
0.0091577
0.0091331
0.0091331
