2018
5
31
11
16
33.216
0.0087146
0.0087146
0.0087392
0.0087392
0.0087146
0.0087146
0.0087146
0.0087146
0.0087146
0.00869
0.00869
0.00869
0.0087146
0.0087146
0.00869
0.00869
0.00869
0.0087146
0.0087146
0.00869
0.00869
0.00869
0.0087146
0.0087146
0.00869
0.00869
0.00869
0.00869
0.00869
0.0087146
0.0087146
0.0087392
0.0087146
0.0087392
0.0087392
0.0087146
0.0087146
0.00869
0.0086654
0.0086407
0.0085423
0.008493
0.008493
0.0084438
0.00837
0.00837
0.0083207
0.0082961
0.0083207
0.0083453
0.0083207
0.0083453
0.0084438
0.0085423
0.0086161
0.0086654
0.00869
0.00869
0.0087146
0.0087146
0.00869
0.00869
0.0086654
0.00869
0.0087146
0.0087146
0.00869
0.00869
0.00869
0.0087392
0.0087392
0.0087146
0.00869
0.0087146
0.0087392
0.0087392
0.0087146
0.0087146
0.0087146
0.0087392
0.0087392
0.0087638
0.0087638
0.0087638
0.0087638
0.0087638
0.0087885
0.0087885
0.0088131
0.0087885
0.0087638
0.0087885
0.0087638
0.0087638
0.0087885
0.0087638
0.0087638
0.0087885
0.0087638
0.0087638
0.0087638
0.0087885
0.0087885
0.0087885
0.0087638
0.0087885
0.0087885
0.0088131
0.0087885
0.0087885
0.0088131
0.0088131
0.0088377
0.0088377
0.0088131
0.0088131
0.0088377
0.0088377
0.0088131
0.0088377
0.0088377
0.0088131
0.0088131
0.0088131
0.0088131
0.0088131
0.0087885
0.0088131
0.0088131
0.0088131
0.0088131
0.0087885
0.0087885
0.0088131
0.0088131
0.0088131
0.0088131
0.0088131
0.0088131
0.0088377
0.0088131
0.0087885
0.0087885
0.0088131
0.0088131
0.0087885
0.0087885
0.0087638
0.0087885
0.0087885
0.0087638
0.0087638
0.0087638
0.0087638
0.0087638
0.0087638
0.0087392
0.0087392
0.0087392
0.0087392
0.0087392
0.0087392
0.0087146
0.0087146
0.0087392
0.0087638
0.0087638
0.0087638
0.0087392
0.0087392
0.0087638
0.0087885
0.0087885
0.0087638
0.0087638
0.0087885
0.0087885
0.0087885
0.0087638
0.0087638
0.0087885
0.0087885
0.0087885
0.0087638
0.0087638
0.0087638
0.0087885
0.0087885
0.0087885
0.0087638
0.0087638
0.0087638
0.0087638
0.0087392
0.0087392
0.0087638
0.0087638
0.0087638
0.0087392
0.0087392
0.0087638
0.0087638
0.0087638
0.0087638
0.0087638
0.0087885
0.0087885
0.0087885
0.0087638
0.0087638
0.0087885
0.0087885
0.0087885
0.0087638
0.0087638
0.0087638
0.0087638
0.0087638
0.0087392
0.0087638
0.0087638
0.0087638
0.0087638
0.0087392
0.0087392
0.0087392
0.0087392
0.0087392
0.0087392
0.0087392
0.0087392
0.0087638
0.0087638
0.0087392
0.0087392
0.0087638
0.0087885
0.0087885
0.0087638
0.0087392
0.0087638
0.0087392
0.0087638
0.0087638
0.0087885
0.0087392
0.0087392
0.0087638
0.0087638
0.0087638
0.0087392
0.0087638
0.0087638
0.0087638
0.0087638
0.0087638
0.0087392
0.0087392
0.0087638
0.0087885
0.0087638
0.0087392
0.0087638
0.0087885
0.0088131
0.0087885
0.0087638
0.0087638
0.0087392
0.0087146
0.0086654
0.0086407
0.0086407
0.0086161
0.0085915
0.0085915
0.0085177
0.0084684
0.0084438
0.0084192
0.00837
0.0084192
0.008493
0.0085669
0.0086654
0.0087392
0.0087638
0.0087392
0.0087146
0.0087146
0.0087392
0.0087146
0.0087146
0.00869
0.0087146
0.0087392
0.0087392
0.0087392
0.0087392
0.0087638
0.0087885
0.0087885
0.0087885
0.0087638
0.0087638
0.0087638
0.0087638
0.0087638
0.0087638
0.0087885
0.0088131
0.0088131
0.0088131
0.0087885
0.0088131
0.0088131
0.0088131
0.0087885
0.0087885
0.0087885
0.0087885
0.0087885
0.0088131
0.0088131
0.0088131
0.0087885
0.0087885
0.0088131
0.0088377
0.0088377
0.0088131
0.0088131
0.0088377
0.0088377
0.0088131
0.0087885
0.0088131
0.0088131
0.0088131
0.0088131
0.0087885
0.0088131
0.0088131
0.0088131
0.0087885
0.0087885
0.0087885
0.0088131
0.0088131
0.0087885
0.0087638
0.0087885
0.0087885
0.0087885
0.0087885
0.0087638
0.0087638
0.0087885
0.0087885
0.0087885
0.0088131
0.0087885
0.0087638
0.0087885
0.0087885
0.0088131
0.0087885
0.0087638
0.0087638
0.0087885
0.0087885
0.0087638
0.0087392
0.0087392
0.0087638
0.0087638
0.0087638
0.0087392
0.0087638
0.0087638
0.0087638
0.0087392
0.0087146
0.0087392
0.0087392
0.0087392
0.0087392
0.0087146
0.0087146
0.0087392
0.0087638
0.0087392
0.0087146
0.0087146
0.0087392
0.0087392
0.0087392
0.0087392
0.0087392
0.0087638
0.0087638
0.0087638
0.0087885
0.0087885
0.0087885
0.0088131
0.0088377
0.0088869
0.0089362
0.0089854
0.0090592
0.0091823
0.0092808
0.0094039
0.0095024
0.0096747
0.0098962
0.010044
0.010019
0.0099209
0.0096747
0.0094285
0.0090839
0.0087638
0.0085423
0.0084192
0.0083946
0.0084438
0.0084438
0.0084192
0.0084192
0.0084192
0.0084192
0.0083946
0.00837
0.0083453
0.0083453
0.0083453
0.0083207
0.0083207
0.0082715
0.0082715
0.0082715
0.0082715
0.0082469
0.0082223
0.0081976
0.0081976
0.0081976
0.0081976
0.008173
0.0081484
0.0081484
0.0081484
0.008173
0.0081484
0.0081238
0.0080992
0.0080992
0.0081238
0.0080992
0.0080745
0.0080499
0.0080499
0.0080499
0.0080253
0.0080253
0.0080253
0.0080499
0.0080745
0.0080745
0.0080745
0.0080499
0.0080499
0.0080745
0.0080992
0.0080992
0.0080992
0.0081484
0.0082715
0.0091331
0.0096008
0.021097
0.07336
0.12013
0.13611
0.14825
0.16036
0.17582
0.20718
0.21528
0.14672
0.03636
0.043844
0.087737
0.094433
0.063513
0.018266
0.038576
0.083133
0.090174
0.058836
0.015854
0.037222
0.082173
0.089854
0.059304
0.016543
0.036976
0.083109
0.09106
0.059377
0.019448
0.041185
0.092119
0.10096
0.065852
0.019374
0.040668
0.091799
0.039708
0.091134
0.10234
0.069077
0.020802
0.036926
0.087638
0.099455
0.066098
0.018069
0.034366
0.0853
0.098322
0.066689
0.019399
0.034538
0.086137
0.10005
0.069421
0.021983
0.033677
0.085029
0.099529
0.067797
0.018759
0.031806
0.083281
0.098667
0.067083
0.017823
0.030993
0.082592
0.098839
0.068338
0.019103
0.03023
0.081804
0.098913
0.069028
0.019817
0.06952
0.020113
0.02863
0.080352
0.099356
0.070775
0.020999
0.027892
0.079613
0.099627
0.071735
0.021639
0.027005
0.078554
0.099529
0.072277
0.022082
0.026242
0.077841
0.099824
0.073262
0.02282
0.025504
0.077127
0.10009
0.074197
0.02351
0.02479
0.076511
0.10051
0.075108
0.024297
0.024174
0.075871
0.10093
0.076068
0.024765
0.023337
0.075157
0.1015
0.07464
0.10201
0.078407
0.026538
0.022254
0.074246
0.10278
0.079712
0.027572
0.021663
0.073459
0.10285
0.080549
0.028482
0.021023
0.072474
0.10295
0.081582
0.029615
0.020457
0.071539
0.10298
0.082198
0.030009
0.019792
0.070702
0.10312
0.083084
0.030821
0.019202
0.069791
0.10295
0.083576
0.031683
0.018685
0.068806
0.103
0.084512
0.032741
0.018266
0.0177
0.067058
0.10307
0.086211
0.034686
0.017183
0.066
0.10298
0.0869
0.035449
0.016691
0.065113
0.1032
0.088205
0.037123
0.016494
0.064596
0.10403
0.089952
0.038797
0.016346
0.064596
0.10595
0.092808
0.040816
0.016248
0.064498
0.10615
0.09495
0.040742
0.01413
0.061027
0.10526
0.097091
0.045321
0.015238
0.063858
0.11341
0.10586
0.049358
0.11826
0.055882
0.016961
0.074296
0.13951
0.13301
0.062553
0.017798
0.080893
0.15743
0.1531
0.072055
0.020113
0.099627
0.21033
0.2174
0.10221
0.04537
0.4938
-0.80667
0.42207
-0.64328
-0.58792
0.47871
-0.80667
-0.013318
-0.54432
-0.5597
-0.45926
-0.30718
-0.087885
0.011767
0.021565
0.023805
0.022697
0.020999
0.020408
0.020556
0.020457
0.019719
0.018439
0.017946
0.017355
0.01706
0.016937
0.01674
0.016395
0.016174
0.0161
0.016001
0.01578
0.015558
0.015435
0.01546
0.015435
0.015238
0.014992
0.014894
0.014992
0.015017
0.014943
0.014844
0.014869
0.014992
0.015066
0.015041
0.015017
0.015091
0.015263
0.015386
0.015361
0.015312
0.015361
0.01546
0.015484
0.015386
0.015287
0.015263
0.015263
0.015238
0.014943
0.014918
0.014771
0.014647
0.014574
0.014574
0.0145
0.014327
0.01418
0.014106
0.014081
0.014032
0.013884
0.013737
0.013663
0.013638
0.013564
0.013441
0.013293
0.013244
0.013244
0.013195
0.013047
0.012875
0.012752
0.012678
0.01258
0.012358
0.012112
0.011964
0.011866
0.011718
0.011521
0.011349
0.01125
0.011201
0.011078
0.010881
0.010659
0.010512
0.009847
0.0097978
0.0097485
0.0096501
0.009527
0.009527
0.0096254
0.0096501
0.0095516
0.0094531
0.0094531
0.009527
0.0095516
0.0094531
0.0093547
0.00933
0.0094039
0.0094285
0.0093793
0.0092808
0.0092808
0.0093547
0.0093793
0.00933
0.0092316
0.009207
0.0092562
0.0093054
0.0092316
0.0091331
0.0091085
0.0091577
0.0091823
0.0091085
0.00901
0.00901
0.0090592
0.0090839
0.0090346
0.0089362
0.0089362
0.0089362
0.00901
0.0090839
0.0090346
0.0089608
0.0089854
0.0090592
0.0091085
0.0090839
0.00901
0.0089854
0.0090592
0.0091331
0.0090839
0.00901
0.0089854
0.0090592
0.0091331
0.0090839
0.00901
0.00901
0.0090839
0.0091331
0.0091085
0.0090592
0.0090592
0.0091331
0.009207
0.0091823
0.0091331
0.0091331
0.009207
0.0093054
0.0092808
0.0092316
0.0092316
0.00933
0.0094039
0.0094039
0.0095024
0.0094531
0.0094285
0.0094777
0.0096501
0.0096254
0.0095762
0.0095762
0.0096747
0.0097978
0.0098224
0.0097978
0.0097978
0.0098716
0.0099455
0.0099455
0.0098962
0.0098962
0.0099947
0.010118
0.010167
0.010142
0.010167
0.01029
0.010389
0.010389
0.010315
0.01029
0.010364
0.010462
0.010438
0.010339
0.010315
0.010364
0.010438
0.010438
0.010339
0.010315
0.010364
0.010438
0.010389
0.010462
0.010462
0.010389
0.010364
0.010438
0.010512
0.010487
0.010413
0.010364
0.010438
0.010512
0.010512
0.010413
0.010389
0.010462
0.010536
0.010512
0.010438
0.010389
0.010462
0.010536
0.010512
0.010413
0.010364
0.010413
0.010487
0.010462
0.010339
0.010266
0.010315
0.010389
0.010339
0.010192
0.010093
0.010118
0.010192
0.010167
0.010044
0.0099455
0.0098962
0.0097732
0.0097732
0.009847
0.009847
0.0096993
0.0095516
0.0095762
0.0096993
0.0096993
0.009527
0.00933
0.00933
0.0094285
0.0093547
0.0090346
0.0087146
0.00869
0.0088131
0.0087392
0.00837
0.0080253
0.0079761
0.008173
0.008173
0.0077299
0.0072622
0.007336
0.0079268
0.0081484
0.0071145
0.0053666
0.0058836
0.0041111
0.005342
0.01322
-0.0094531
-0.010733
0.052583
0.1157
-0.39757
-0.33332
-0.32271
-0.32882
-0.32091
-0.29548
-0.18781
-0.17602
-0.1591
-0.15302
-0.1575
-0.092119
-0.036286
0.0038403
0.0098962
-0.0094777
-0.0048989
0.031018
0.073828
0.080524
0.05086
0.018537
0.037739
0.087835
0.097239
0.063193
0.017995
0.03604
0.086949
0.097485
0.063809
0.018291
0.0354
0.086949
0.098692
0.065384
0.018955
0.034661
0.086678
0.099529
0.085743
0.099332
0.06696
0.019743
0.033037
0.085127
0.099602
0.067452
0.019596
0.032249
0.084487
0.099972
0.06856
0.02026
0.031461
0.083921
0.10066
0.069865
0.021146
0.030698
0.08333
0.1011
0.070948
0.021737
0.029713
0.082198
0.10083
0.071637
0.022771
0.02895
0.081213
0.10081
0.072745
0.024248
0.028261
0.080327
0.10118
0.073729
0.024371
0.027178
0.025208
0.026292
0.078456
0.10177
0.075723
0.02543
0.025307
0.077004
0.10189
0.077151
0.026144
0.024174
0.074049
0.099406
0.090765
0.055119
0.023682
0.050884
0.089977
0.070726
0.017331
0.02218
0.07437
0.10091
0.077274
0.027104
0.022747
0.073976
0.10209
0.081706
0.035203
0.017675
0.055833
0.091823
0.090051
0.044016
0.016691
0.05987
0.095688
0.081361
0.099135
0.084389
0.035055
0.017085
0.063686
0.099282
0.084955
0.035942
0.016838
0.062996
0.099406
0.085767
0.036976
0.016715
0.06243
0.099332
0.086235
0.037788
0.01642
0.061691
0.099159
0.086654
0.038502
0.0161
0.060756
0.098889
0.087146
0.03924
0.015755
0.059451
0.096279
0.086211
0.039413
0.013983
0.054306
0.090765
0.082715
0.040053
0.014204
0.053198
0.014007
0.053518
0.090272
0.080992
0.037837
0.014574
0.05502
0.090937
0.082419
0.039782
0.01445
0.053814
0.090051
0.082272
0.040373
0.014155
0.05278
0.089362
0.082395
0.041284
0.013909
0.051352
0.088106
0.081878
0.041727
0.013613
0.050146
0.087244
0.08173
0.042465
0.013441
0.048915
0.086112
0.081435
0.043376
0.013367
0.047561
0.084955
0.081238
0.044459
0.081238
0.045444
0.01349
0.045345
0.083404
0.081435
0.046281
0.013318
0.044065
0.082493
0.081533
0.047069
0.013318
0.043278
0.082247
0.082223
0.04862
0.013589
0.042047
0.081213
0.082124
0.049432
0.013589
0.040914
0.080475
0.082075
0.049949
0.013466
0.039831
0.079712
0.082346
0.050909
0.013613
0.03897
0.079268
0.082739
0.052066
0.01381
0.037886
0.078456
0.037049
0.078087
0.083453
0.054577
0.014894
0.036582
0.078579
0.085152
0.056891
0.015928
0.035966
0.078948
0.086777
0.058565
0.016248
0.035326
0.079244
0.088131
0.06051
0.017183
0.034563
0.078998
0.089386
0.062578
0.017922
0.033849
0.079859
0.092513
0.065581
0.018439
0.033997
0.084758
0.10261
0.074763
0.020408
0.039166
0.095196
0.09559
0.070357
0.13569
0.021959
0.020063
0.019029
0.017872
0.016888
0.016124
0.015583
0.015214
0.014943
0.014746
0.014598
0.014475
0.014303
0.01418
0.014155
0.014155
0.014106
0.013983
0.013958
0.014007
0.014032
0.013983
0.013835
0.013761
0.013786
0.01381
0.013737
0.013613
0.01354
0.013589
0.013663
0.013638
0.01354
0.013466
0.01349
0.013564
0.01354
0.013466
0.013392
0.013441
0.01354
0.013613
0.013712
0.013737
0.013712
0.013737
0.01381
0.013884
0.013909
0.013884
0.013884
0.013934
0.014032
0.014057
0.014032
0.014032
0.014057
0.01413
0.014155
0.014106
0.014106
0.01413
0.01418
0.014204
0.01418
0.01418
0.014204
0.014229
0.014229
0.014229
0.014204
0.014229
0.014254
0.014278
0.014254
0.014254
0.014278
0.014327
0.014327
0.014303
0.014352
0.014352
0.014327
0.014327
0.014352
0.014352
0.014327
0.014278
0.014254
0.014327
0.014303
0.014254
0.014204
0.01418
0.014204
0.01418
0.01413
0.014081
0.014032
0.014032
0.014007
0.013934
0.013884
0.01386
0.01386
0.01386
0.013786
0.013687
0.013638
0.013638
0.013589
0.013589
0.013564
0.013564
0.013638
0.013712
0.01381
0.01386
0.013884
0.013958
0.013909
0.013884
0.013884
0.01386
0.013835
0.01386
0.01386
0.013884
0.01386
0.013835
0.013835
0.01386
0.013884
0.013884
0.013835
0.01386
0.01386
0.01386
0.01386
0.013835
0.013835
0.01386
0.01386
0.013835
0.01381
0.01381
0.01381
0.01381
0.01381
0.013786
0.01381
0.01381
0.01381
0.01381
0.013786
0.013761
0.013786
0.013786
0.013737
0.013712
0.013613
0.013589
0.013564
0.013564
0.01354
0.013515
0.01349
0.013466
0.013466
0.013441
0.013417
0.013417
0.013392
0.013417
0.013392
0.013343
0.013343
0.013367
0.013367
0.013343
0.013318
0.013318
0.013318
0.013343
0.013343
0.013318
0.013318
0.013318
0.013318
0.013318
0.013293
0.013293
0.013293
0.013318
0.013293
0.013293
0.013269
0.013293
0.013293
0.013269
0.013293
0.013269
0.013244
0.013244
0.013244
0.013269
0.013244
0.01322
0.013195
0.013195
0.01322
0.01322
0.013195
0.01317
0.01317
0.01317
0.013146
0.013121
0.013121
0.013121
0.013146
0.013121
0.013097
0.013097
0.013121
0.013146
0.013146
0.01317
0.013195
0.013244
0.013318
0.013392
0.013466
0.013613
0.013761
0.013884
0.014057
0.014229
0.014401
0.014475
0.013417
0.013097
0.012875
0.012776
0.012801
0.012826
0.012826
0.012826
0.012801
0.012776
0.012752
0.012752
0.012752
0.012752
0.012727
0.012727
0.012727
0.012727
0.012703
0.012678
0.012653
0.012653
0.012678
0.012653
0.012629
0.012604
0.012604
0.012604
0.012604
0.01258
0.012555
0.01258
0.01258
0.012555
0.01253
0.012506
0.012506
0.012506
0.012481
0.012456
0.012407
0.012383
0.012358
0.012333
0.012333
0.012309
0.012284
0.012235
0.01221
0.012235
0.012186
0.012136
0.012112
0.012087
0.012063
0.012038
0.011989
0.011939
0.011939
0.011915
0.011915
0.01189
0.01189
0.01189
0.01189
0.01189
0.011866
0.011866
0.01189
0.011939
0.011939
0.011939
0.011939
0.011989
0.012013
0.012038
0.012038
0.012063
0.012063
0.012112
0.012161
0.012186
0.012186
0.012186
0.012186
0.012186
0.01221
0.01221
0.012186
0.012186
0.012186
0.01221
0.01221
0.012186
0.012186
0.012186
0.012186
0.012161
0.012136
0.012136
0.012136
0.012136
0.012136
0.012112
0.012087
0.012087
0.012087
0.012112
0.012087
0.012038
0.012038
0.012063
0.012063
0.012038
0.012013
0.012038
0.012038
0.012013
0.012013
0.011989
0.011989
0.011964
0.011964
0.011964
0.011989
0.011964
0.011939
0.011939
0.011939
0.011939
0.011939
0.011915
0.011915
0.011939
0.011939
0.011915
0.01189
0.01189
0.01189
0.01189
0.011866
0.011841
0.011841
0.011866
0.011866
0.011841
0.011841
0.011841
0.011841
0.011841
0.011841
0.011816
0.011816
0.011816
0.011841
0.011816
0.011792
0.011792
0.011792
0.011816
0.011743
0.011767
0.011767
0.011743
0.011743
0.011743
0.011743
0.011743
0.011743
0.011743
0.011743
0.011767
0.011743
0.011743
0.011743
0.011743
0.011767
0.011743
0.011743
0.011743
0.011743
0.011767
0.011743
0.011718
0.011718
0.011743
0.011743
0.011743
0.011718
0.011718
0.011743
0.011767
0.011767
0.011743
0.011743
0.011767
0.011767
0.011767
0.011743
0.011767
0.011619
0.011447
0.011299
0.011176
0.011053
0.010955
0.010881
0.010807
0.010758
0.010758
0.010782
0.010832
0.010906
0.010955
0.010955
0.010955
0.011004
0.011078
0.011152
0.011226
0.011299
0.011349
0.011423
0.011496
0.011546
0.011521
0.011546
0.011546
0.01157
0.01157
0.011546
0.01157
0.01157
0.011595
0.011595
0.01157
0.01157
0.01157
0.011595
0.011595
