2018
5
31
11
16
33.216
-0.023313
-0.023313
-0.023288
-0.023313
-0.023313
-0.023313
-0.023313
-0.023288
-0.023313
-0.023313
-0.023313
-0.023288
-0.023288
-0.023288
-0.023313
-0.023337
-0.023313
-0.023288
-0.023313
-0.023337
-0.023337
-0.023313
-0.023288
-0.023313
-0.023313
-0.023337
-0.023313
-0.023313
-0.023313
-0.023313
-0.023337
-0.023337
-0.023337
-0.023362
-0.023411
-0.02346
-0.02351
-0.023534
-0.023584
-0.023633
-0.023904
-0.023977
-0.024051
-0.024076
-0.024101
-0.02415
-0.024174
-0.024125
-0.024027
-0.023977
-0.023928
-0.023879
-0.02383
-0.023731
-0.023682
-0.023633
-0.023608
-0.023584
-0.02351
-0.02346
-0.023411
-0.023411
-0.023387
-0.023362
-0.023313
-0.023313
-0.023313
-0.023313
-0.023288
-0.023264
-0.023239
-0.023264
-0.023288
-0.023264
-0.023239
-0.023239
-0.023239
-0.023264
-0.023239
-0.023214
-0.023239
-0.023239
-0.023214
-0.023239
-0.023239
-0.023239
-0.023214
-0.023214
-0.023214
-0.023214
-0.023214
-0.02319
-0.02319
-0.02319
-0.02319
-0.023165
-0.02314
-0.02314
-0.02314
-0.02314
-0.023116
-0.023091
-0.023067
-0.023067
-0.023067
-0.023067
-0.023042
-0.023017
-0.023017
-0.023017
-0.023017
-0.022993
-0.022993
-0.022993
-0.022993
-0.022993
-0.022968
-0.022968
-0.022993
-0.023017
-0.023042
-0.023067
-0.023091
-0.023067
-0.023091
-0.023116
-0.02314
-0.023165
-0.023165
-0.023165
-0.02319
-0.023214
-0.023214
-0.023214
-0.023214
-0.023239
-0.023264
-0.023264
-0.023239
-0.023239
-0.023264
-0.023288
-0.023288
-0.023288
-0.023288
-0.023288
-0.023313
-0.023288
-0.023288
-0.023288
-0.023313
-0.023313
-0.023288
-0.023264
-0.023288
-0.023288
-0.023313
-0.023313
-0.023288
-0.023288
-0.023313
-0.023313
-0.023313
-0.023337
-0.023313
-0.023288
-0.023264
-0.023288
-0.023288
-0.023288
-0.023264
-0.023264
-0.023264
-0.023288
-0.023288
-0.023288
-0.023288
-0.023288
-0.023313
-0.023288
-0.023288
-0.023288
-0.023288
-0.023313
-0.023313
-0.023313
-0.023288
-0.023313
-0.023313
-0.023313
-0.023288
-0.023288
-0.023313
-0.023313
-0.023313
-0.023313
-0.023313
-0.023313
-0.023337
-0.023337
-0.023337
-0.023313
-0.023337
-0.023362
-0.023362
-0.023337
-0.023337
-0.023337
-0.023362
-0.023362
-0.023337
-0.023313
-0.023337
-0.023337
-0.023337
-0.023337
-0.023337
-0.023337
-0.023362
-0.023337
-0.023337
-0.023313
-0.023313
-0.023337
-0.023337
-0.023337
-0.023313
-0.023313
-0.023337
-0.023337
-0.023313
-0.023313
-0.023313
-0.023313
-0.023337
-0.023313
-0.023313
-0.023313
-0.023313
-0.023313
-0.023313
-0.023337
-0.023313
-0.023313
-0.023313
-0.023313
-0.023337
-0.023337
-0.023313
-0.023337
-0.023337
-0.023337
-0.023313
-0.023313
-0.023337
-0.023337
-0.023337
-0.023337
-0.023313
-0.023313
-0.023337
-0.023337
-0.023362
-0.023362
-0.023387
-0.023436
-0.023485
-0.023534
-0.023559
-0.023608
-0.023682
-0.023731
-0.023805
-0.023879
-0.023953
-0.024027
-0.024076
-0.024101
-0.024125
-0.02415
-0.023953
-0.023928
-0.023879
-0.02383
-0.023731
-0.023657
-0.023608
-0.023584
-0.023534
-0.023485
-0.023436
-0.023387
-0.023387
-0.023362
-0.023337
-0.023288
-0.023264
-0.023264
-0.023264
-0.023264
-0.023239
-0.023239
-0.023239
-0.023239
-0.023239
-0.023214
-0.023214
-0.023239
-0.023239
-0.023239
-0.023214
-0.02319
-0.023214
-0.023239
-0.023239
-0.023214
-0.023214
-0.023239
-0.023239
-0.023239
-0.023214
-0.023214
-0.02319
-0.02319
-0.023214
-0.023214
-0.02319
-0.02319
-0.023165
-0.02319
-0.02319
-0.023165
-0.02314
-0.02314
-0.02314
-0.02314
-0.023116
-0.023091
-0.023067
-0.023067
-0.023067
-0.023042
-0.023042
-0.023017
-0.023042
-0.023042
-0.023017
-0.023017
-0.023017
-0.023042
-0.023067
-0.023067
-0.023067
-0.023091
-0.023116
-0.02314
-0.023165
-0.023165
-0.023165
-0.023214
-0.023264
-0.023313
-0.023337
-0.023362
-0.023362
-0.023362
-0.023387
-0.023411
-0.023411
-0.023411
-0.023411
-0.023436
-0.02346
-0.023436
-0.023436
-0.023436
-0.023436
-0.023436
-0.023436
-0.023436
-0.023411
-0.023436
-0.02346
-0.02346
-0.02346
-0.02346
-0.023485
-0.023485
-0.023485
-0.023485
-0.02346
-0.023485
-0.02351
-0.02351
-0.02351
-0.023534
-0.023559
-0.023584
-0.023559
-0.023559
-0.023584
-0.023559
-0.023559
-0.023559
-0.023559
-0.023559
-0.023559
-0.023559
-0.023584
-0.023584
-0.023559
-0.023534
-0.023485
-0.02346
-0.023411
-0.023362
-0.023337
-0.023337
-0.023387
-0.023436
-0.02346
-0.023436
-0.023411
-0.02346
-0.023534
-0.023584
-0.023682
-0.023731
-0.023781
-0.023781
-0.023781
-0.023756
-0.023756
-0.023756
-0.023756
-0.023756
-0.023731
-0.023731
-0.023731
-0.023731
-0.023707
-0.023707
-0.023707
-0.023682
-0.023657
-0.023682
-0.023682
-0.023682
-0.023633
-0.023633
-0.023608
-0.023559
-0.02346
-0.023411
-0.023387
-0.023436
-0.023485
-0.023534
-0.023559
-0.023584
-0.023608
-0.023657
-0.023707
-0.023731
-0.023731
-0.023756
-0.023781
-0.023805
-0.023879
-0.023928
-0.023977
-0.024051
-0.024076
-0.024076
-0.024027
-0.024002
-0.023977
-0.024027
-0.024101
-0.02415
-0.0060067
0.027424
0.071243
0.13249
0.19369
0.22852
0.23783
0.24992
0.27092
0.32606
0.34002
0.2318
0.096796
0.1271
0.20661
0.22387
0.1576
0.056349
0.070185
0.14298
0.1611
0.10563
0.027965
0.051844
0.12491
0.14455
0.093177
0.024568
0.051081
0.12668
0.14709
0.092094
0.027793
0.057999
0.14241
0.16541
0.10581
0.029246
0.057113
0.14214
0.0563
0.14268
0.17016
0.11223
0.031806
0.053666
0.13946
0.16804
0.10984
0.028729
0.050638
0.1367
0.1672
0.11152
0.030944
0.050958
0.13855
0.17131
0.11703
0.035351
0.0499
0.13663
0.17023
0.11452
0.030353
0.046798
0.13333
0.16826
0.11336
0.029073
0.045395
0.13183
0.16848
0.11558
0.031043
0.044115
0.12978
0.16777
0.11656
0.032249
0.11723
0.032766
0.04153
0.12607
0.16686
0.11885
0.034243
0.040299
0.12417
0.16641
0.11989
0.035006
0.03892
0.1222
0.16612
0.121
0.035794
0.037665
0.1205
0.1658
0.12223
0.036779
0.036434
0.11848
0.16506
0.12321
0.037985
0.035006
0.1157
0.16339
0.12336
0.038674
0.033775
0.11346
0.16238
0.124
0.039388
0.032397
0.11102
0.16107
0.10901
0.16019
0.12545
0.041776
0.030353
0.10696
0.15937
0.12636
0.04313
0.029418
0.10502
0.15856
0.1272
0.044361
0.028384
0.1027
0.15716
0.12754
0.045493
0.027473
0.10071
0.15635
0.1284
0.046576
0.026513
0.098741
0.15548
0.12912
0.047463
0.025602
0.096895
0.15465
0.12988
0.048964
0.024888
0.094901
0.15364
0.13057
0.050417
0.024224
0.023411
0.091011
0.15169
0.13207
0.053149
0.022697
0.08914
0.15078
0.13271
0.054355
0.021959
0.087121
0.14975
0.13348
0.056276
0.021565
0.085078
0.14817
0.13375
0.058196
0.021073
0.082518
0.14608
0.13357
0.059476
0.020556
0.079515
0.13978
0.13099
0.057974
0.016838
0.069618
0.12865
0.12437
0.06019
0.017552
0.067452
0.12663
0.12383
0.061199
0.12432
0.063759
0.017208
0.063858
0.12424
0.12528
0.06568
0.017085
0.062701
0.12491
0.12796
0.068363
0.017208
0.06339
0.1301
0.13621
0.074837
0.017134
0.016666
-0.056522
-0.085103
-0.02415
0.042121
0.60392
-0.80667
0.58225
0.1091
0.0090592
-0.0021417
-0.0091085
-0.011398
-0.011915
-0.012407
-0.013466
-0.014327
-0.014574
-0.014574
-0.01482
-0.015361
-0.015731
-0.016223
-0.016469
-0.016321
-0.0161
-0.016174
-0.016518
-0.016715
-0.016543
-0.016321
-0.01642
-0.016715
-0.016838
-0.016691
-0.016494
-0.016568
-0.016863
-0.016986
-0.016838
-0.016617
-0.016666
-0.016888
-0.016986
-0.016838
-0.016666
-0.01674
-0.016961
-0.01706
-0.016937
-0.016765
-0.016789
-0.016961
-0.01706
-0.016986
-0.016912
-0.016961
-0.017134
-0.017232
-0.017183
-0.017109
-0.017134
-0.017331
-0.01738
-0.017528
-0.017626
-0.017626
-0.017577
-0.017602
-0.017725
-0.017823
-0.017848
-0.017798
-0.017823
-0.017922
-0.017995
-0.017995
-0.017922
-0.017897
-0.017946
-0.017946
-0.017872
-0.017725
-0.017651
-0.017651
-0.017651
-0.017552
-0.01738
-0.017281
-0.017232
-0.017183
-0.01706
-0.016912
-0.016814
-0.016789
-0.016715
-0.016543
-0.016395
-0.016297
-0.016248
-0.016198
-0.0161
-0.015435
-0.015189
-0.014992
-0.014844
-0.014697
-0.01445
-0.01418
-0.013958
-0.013835
-0.013712
-0.01349
-0.013244
-0.013072
-0.012973
-0.0129
-0.012752
-0.012555
-0.012432
-0.012383
-0.012333
-0.01221
-0.012038
-0.011939
-0.01189
-0.011866
-0.011767
-0.011619
-0.011521
-0.011521
-0.011521
-0.011447
-0.011324
-0.01125
-0.011275
-0.011299
-0.01125
-0.011127
-0.011053
-0.011102
-0.011127
-0.010979
-0.01093
-0.010832
-0.010758
-0.010782
-0.010807
-0.010733
-0.01061
-0.010536
-0.010561
-0.010586
-0.010536
-0.010413
-0.010339
-0.010364
-0.010413
-0.010389
-0.01029
-0.010241
-0.01029
-0.010364
-0.010339
-0.010241
-0.010216
-0.010266
-0.010339
-0.010315
-0.010241
-0.010192
-0.010266
-0.010339
-0.010339
-0.010266
-0.010216
-0.010266
-0.010339
-0.010339
-0.010266
-0.010216
-0.010266
-0.010241
-0.010315
-0.010315
-0.010266
-0.010167
-0.010216
-0.010315
-0.010339
-0.01029
-0.010266
-0.010364
-0.010462
-0.010512
-0.010438
-0.010413
-0.010462
-0.010561
-0.01061
-0.010561
-0.010536
-0.01061
-0.010709
-0.010659
-0.010586
-0.010512
-0.010536
-0.010561
-0.010512
-0.010389
-0.010315
-0.010339
-0.010438
-0.010438
-0.010364
-0.010315
-0.010339
-0.010413
-0.010389
-0.01029
-0.010216
-0.010266
-0.010216
-0.010266
-0.010364
-0.010389
-0.010339
-0.010315
-0.010364
-0.010462
-0.010487
-0.010438
-0.010389
-0.010438
-0.010536
-0.010561
-0.010512
-0.010462
-0.010512
-0.01061
-0.010635
-0.010586
-0.010561
-0.01061
-0.010733
-0.010758
-0.010709
-0.010659
-0.010709
-0.010782
-0.010807
-0.010758
-0.010659
-0.010684
-0.010758
-0.010782
-0.010684
-0.01061
-0.01061
-0.010659
-0.010659
-0.010561
-0.01061
-0.010536
-0.010438
-0.010438
-0.010512
-0.010561
-0.010487
-0.010389
-0.010389
-0.010512
-0.010586
-0.010487
-0.010339
-0.010339
-0.010462
-0.010561
-0.010462
-0.01029
-0.010266
-0.010438
-0.010586
-0.010561
-0.010462
-0.010462
-0.010709
-0.010955
-0.010955
-0.010758
-0.01061
-0.010832
-0.011299
-0.011152
-0.0050712
0.0021417
0.010019
0.0084192
-0.0023387
-0.014869
0.03183
-0.80667
-0.80667
-0.80667
-0.80667
-0.80667
-0.80667
-0.80667
-0.80667
-0.80667
-0.80667
-0.80667
-0.80667
-0.80667
-0.80667
-0.80667
-0.80667
0.798
-0.80667
-0.80667
-0.80667
-0.80667
-0.80667
-0.80667
-0.80667
-0.80667
-0.80667
0.79529
-0.80667
-0.80667
-0.80667
-0.80667
0.78244
-0.80667
-0.80667
-0.80667
-0.80667
0.77105
0.79985
-0.80667
-0.80667
-0.80667
-0.80667
-0.80667
0.74911
0.7707
-0.80667
-0.80667
-0.80667
0.73592
0.75445
-0.80667
-0.80667
-0.80667
0.72444
0.73973
-0.80667
-0.80667
-0.80667
0.71479
0.72656
-0.80667
-0.80667
-0.80667
0.70662
0.71497
-0.80667
-0.80667
-0.80667
0.70079
0.70573
-0.80667
-0.80667
-0.80667
0.69764
0.69884
-0.80667
-0.80667
-0.80667
0.69352
0.69074
0.68843
0.68134
-0.80667
-0.80667
-0.80667
0.68168
0.67019
-0.80667
-0.80667
-0.80667
0.67378
0.65712
0.79588
-0.80667
-0.80667
0.72356
0.67435
0.75943
-0.80667
-0.80667
0.65372
0.63324
0.77585
-0.80667
0.80546
0.64444
0.62019
0.76115
-0.80667
0.80428
0.64793
0.59742
0.69377
-0.80667
0.7887
0.65096
0.59577
0.71263
-0.80667
0.78929
-0.80667
0.78035
0.6214
0.56859
0.69082
-0.80667
0.77279
0.61347
0.55778
0.67829
-0.80667
0.76556
0.60611
0.54794
0.66721
0.79938
0.75881
0.59907
0.53787
0.65559
0.78985
0.75211
0.59222
0.52795
0.6438
0.78001
0.74547
0.5855
0.51788
0.63203
0.774
0.74298
0.57649
0.50131
0.61775
0.76533
0.73707
0.56972
0.49092
0.60566
0.48117
0.60091
0.7546
0.71996
0.54616
0.47044
0.59417
0.74744
0.71558
0.54077
0.46084
0.58307
0.73958
0.71125
0.53548
0.45121
0.57172
0.73136
0.70687
0.53063
0.44188
0.56005
0.72257
0.70231
0.52558
0.43241
0.54818
0.71359
0.69722
0.52064
0.42352
0.53698
0.70482
0.69259
0.5165
0.41562
0.52637
0.69665
0.68892
0.51369
0.68685
0.51266
0.40417
0.50971
0.68511
0.68626
0.51197
0.39878
0.50079
0.67787
0.68333
0.50961
0.39226
0.49191
0.67218
0.68237
0.50911
0.38785
0.48558
0.66942
0.68447
0.51042
0.38396
0.47989
0.66846
0.68769
0.51163
0.37899
0.47261
0.66536
0.68986
0.51224
0.37362
0.46566
0.66376
0.69303
0.51342
0.3682
0.45789
0.66049
0.45053
0.65867
0.69916
0.51729
0.36057
0.44737
0.66071
0.70702
0.52642
0.36252
0.44703
0.66187
0.71132
0.53452
0.36316
0.44577
0.66169
0.71319
0.54346
0.36495
0.44501
0.66108
0.71342
0.55037
0.36402
0.44206
0.65633
0.70746
0.54996
0.35331
0.428
0.63545
0.68397
0.53821
0.33074
0.40171
0.5585
0.46141
0.3494
0.33143
0.15836
0.021787
-0.004505
-0.01189
-0.015804
-0.017577
-0.017995
-0.017971
-0.018069
-0.018414
-0.01866
-0.018635
-0.018439
-0.018389
-0.018512
-0.01866
-0.01866
-0.018537
-0.018488
-0.018586
-0.018734
-0.018759
-0.01866
-0.018611
-0.018759
-0.018931
-0.019005
-0.01898
-0.019005
-0.019128
-0.0193
-0.019374
-0.019349
-0.019349
-0.019399
-0.019472
-0.019472
-0.019423
-0.019374
-0.019349
-0.019226
-0.019251
-0.019276
-0.019276
-0.019251
-0.019226
-0.019202
-0.019202
-0.019226
-0.019251
-0.019251
-0.019251
-0.019251
-0.019251
-0.0193
-0.0193
-0.019276
-0.019251
-0.019251
-0.019226
-0.019128
-0.019029
-0.01898
-0.018955
-0.01898
-0.01898
-0.018931
-0.018882
-0.018882
-0.018931
-0.018955
-0.018931
-0.018906
-0.018931
-0.01898
-0.019005
-0.019005
-0.01898
-0.019005
-0.019054
-0.019128
-0.019202
-0.019276
-0.019276
-0.019276
-0.019325
-0.019423
-0.019522
-0.019596
-0.019571
-0.019645
-0.019792
-0.019916
-0.019965
-0.020014
-0.020113
-0.020236
-0.020383
-0.020457
-0.020506
-0.020605
-0.020753
-0.020925
-0.021023
-0.021122
-0.02122
-0.021343
-0.021442
-0.021491
-0.021491
-0.021466
-0.021466
-0.021466
-0.021442
-0.021393
-0.021343
-0.021368
-0.021417
-0.021393
-0.021319
-0.021343
-0.021294
-0.02127
-0.021319
-0.021368
-0.021368
-0.021319
-0.021294
-0.021343
-0.021417
-0.021417
-0.021368
-0.021343
-0.021393
-0.021442
-0.021442
-0.021368
-0.021343
-0.021393
-0.021466
-0.021491
-0.021442
-0.021442
-0.021516
-0.021565
-0.02159
-0.02154
-0.02154
-0.021614
-0.021713
-0.021762
-0.021836
-0.02191
-0.022008
-0.022107
-0.022156
-0.022107
-0.022107
-0.02218
-0.022254
-0.022254
-0.022254
-0.022205
-0.02218
-0.02218
-0.02223
-0.02223
-0.02218
-0.022131
-0.022156
-0.02218
-0.02218
-0.022131
-0.022082
-0.022082
-0.022131
-0.022131
-0.022082
-0.022057
-0.022082
-0.022156
-0.022156
-0.022131
-0.022082
-0.022131
-0.02218
-0.022205
-0.02218
-0.022156
-0.02218
-0.022254
-0.022279
-0.022254
-0.02223
-0.022254
-0.022328
-0.022353
-0.022328
-0.022303
-0.022328
-0.022328
-0.022353
-0.022402
-0.022427
-0.022377
-0.022353
-0.022353
-0.022402
-0.022427
-0.022353
-0.022303
-0.022303
-0.022353
-0.022377
-0.022353
-0.022328
-0.022377
-0.022427
-0.022427
-0.022402
-0.022377
-0.022377
-0.022427
-0.022451
-0.022402
-0.022377
-0.022402
-0.022476
-0.0225
-0.022451
-0.022427
-0.022427
-0.022476
-0.022476
-0.022402
-0.022353
-0.022328
-0.022377
-0.022402
-0.022402
-0.022476
-0.022476
-0.022476
-0.022525
-0.022648
-0.022697
-0.022648
-0.022599
-0.022599
-0.022673
-0.022697
-0.022673
-0.022623
-0.022648
-0.022697
-0.022722
-0.022697
-0.022648
-0.022673
-0.022747
-0.022771
-0.022771
-0.022697
-0.022722
-0.022771
-0.022796
-0.022771
-0.022747
-0.022747
-0.022796
-0.022845
-0.02282
-0.022796
-0.022796
-0.022845
-0.02287
-0.02287
-0.022845
-0.022845
-0.022894
-0.022894
-0.022968
-0.023017
-0.022993
-0.022968
-0.022993
-0.023042
-0.023091
-0.023067
-0.023042
-0.023067
-0.02314
-0.02319
-0.02319
-0.023165
-0.023165
-0.023239
-0.023288
-0.023288
-0.023264
-0.023264
-0.023313
-0.023362
-0.023362
-0.023337
-0.023337
-0.023362
-0.023411
-0.023387
-0.023362
-0.023362
-0.023411
-0.02346
-0.023436
-0.023411
-0.023411
-0.02346
-0.023485
-0.023485
-0.023436
-0.023485
-0.023436
-0.023411
-0.023436
-0.02346
-0.02346
-0.023411
-0.023387
-0.023436
-0.02346
-0.02346
-0.023411
-0.023387
-0.023436
-0.02346
-0.02346
-0.023411
-0.023387
-0.023436
-0.02346
-0.023436
-0.023411
-0.023387
-0.023411
-0.02346
-0.02346
-0.023411
-0.023362
-0.023411
-0.02346
-0.023436
-0.023411
-0.023387
-0.023436
-0.02346
-0.02346
-0.023411
-0.023387
-0.023411
-0.02346
-0.023387
-0.023436
-0.023411
-0.023387
-0.023362
-0.023387
-0.023411
-0.023387
-0.023362
-0.023337
-0.023337
-0.023387
-0.023387
-0.023337
-0.023288
-0.023337
-0.023362
-0.023362
-0.023313
-0.023313
-0.023337
-0.023387
-0.023387
-0.023362
-0.023313
-0.023362
-0.023387
-0.023387
-0.023362
-0.023337
-0.023362
-0.023411
-0.023411
-0.023387
-0.023362
-0.023387
-0.023411
-0.023411
-0.023387
-0.023337
-0.023362
-0.023337
-0.023362
-0.023411
-0.023411
-0.023387
-0.023362
-0.023387
-0.023436
-0.023436
-0.023387
-0.023362
-0.023411
-0.02346
-0.02346
-0.023436
-0.023411
-0.023436
-0.023485
-0.02351
-0.02346
-0.023436
-0.02346
-0.023534
-0.023534
-0.02351
-0.023485
-0.023534
-0.023584
-0.023608
-0.023584
-0.023559
-0.023584
-0.023657
-0.023682
-0.023657
-0.023657
-0.023682
-0.023756
-0.023756
-0.023805
-0.023805
-0.023781
-0.023756
-0.023756
-0.023805
-0.023854
-0.023854
-0.023854
-0.023904
-0.023904
-0.023904
-0.02383
-0.023781
-0.023731
-0.023756
-0.023731
-0.023707
-0.023657
-0.023682
-0.023707
-0.023731
-0.023707
-0.023682
-0.023682
-0.023682
-0.023707
-0.023682
-0.023657
-0.023657
-0.023657
-0.023633
-0.023608
-0.023584
-0.023584
-0.023584
-0.023559
-0.023534
-0.023485
-0.023485
