2018
4
12
16
38
13.398
-0.040865
-0.040865
-0.040865
-0.040865
-0.040865
-0.040865
-0.040865
-0.040865
-0.040865
-0.040865
-0.040865
-0.040865
-0.040865
-0.04084
-0.04084
-0.04084
-0.040865
-0.040865
-0.04084
-0.04084
-0.04084
-0.04084
-0.040865
-0.040865
-0.040865
-0.040865
-0.040865
-0.04084
-0.040865
-0.040865
-0.040865
-0.040865
-0.040865
-0.040865
-0.040865
-0.040865
-0.040865
-0.040865
-0.040865
-0.040865
-0.04089
-0.04089
-0.040914
-0.040914
-0.04089
-0.04089
-0.040914
-0.04089
-0.04089
-0.04089
-0.04089
-0.04089
-0.04089
-0.04089
-0.04089
-0.04089
-0.04089
-0.04089
-0.04089
-0.04089
-0.04089
-0.040914
-0.040914
-0.04089
-0.040914
-0.040914
-0.040914
-0.04089
-0.04089
-0.040914
-0.040914
-0.040914
-0.040914
-0.040914
-0.040914
-0.040914
-0.040914
-0.040914
-0.04089
-0.040914
-0.040914
-0.040914
-0.040914
-0.040914
-0.04089
-0.04089
-0.040914
-0.04089
-0.040914
-0.040914
-0.040914
-0.04089
-0.040914
-0.040914
-0.040914
-0.04089
-0.04089
-0.04089
-0.040914
-0.040914
-0.04089
-0.04089
-0.04089
-0.04089
-0.04089
-0.04089
-0.04089
-0.04089
-0.04089
-0.04089
-0.04089
-0.04089
-0.04089
-0.040914
-0.040939
-0.040988
-0.041037
-0.041037
-0.040939
-0.040791
-0.040373
-0.040619
-0.040865
-0.040939
-0.040939
-0.040914
-0.040939
-0.040939
-0.040939
-0.040939
-0.040914
-0.04089
-0.04089
-0.040914
-0.040914
-0.040939
-0.040914
-0.040914
-0.040939
-0.040939
-0.040939
-0.040939
-0.040914
-0.040914
-0.040939
-0.040914
-0.04089
-0.040914
-0.040939
-0.040914
-0.040914
-0.040914
-0.040914
-0.040914
-0.040939
-0.040939
-0.040914
-0.040914
-0.040914
-0.040939
-0.040939
-0.040939
-0.040939
-0.040964
-0.040964
-0.040939
-0.040939
-0.040964
-0.040939
-0.040964
-0.040964
-0.040964
-0.040964
-0.040964
-0.040964
-0.040964
-0.040939
-0.040939
-0.040914
-0.040914
-0.040914
-0.040914
-0.04089
-0.04089
-0.04089
-0.04089
-0.04089
-0.04089
-0.040865
-0.040865
-0.04089
-0.040914
-0.040914
-0.040914
-0.040914
-0.040939
-0.040914
-0.040914
-0.040914
-0.040939
-0.040939
-0.040939
-0.040939
-0.040964
-0.040939
-0.040939
-0.040939
-0.040964
-0.040964
-0.040939
-0.040939
-0.040964
-0.040964
-0.040939
-0.040964
-0.040964
-0.040964
-0.040964
-0.040964
-0.040939
-0.040939
-0.040939
-0.040964
-0.040964
-0.040964
-0.040939
-0.040964
-0.040964
-0.040964
-0.040964
-0.040939
-0.040939
-0.040964
-0.040964
-0.040964
-0.040964
-0.040964
-0.040964
-0.040964
-0.040964
-0.040988
-0.040988
-0.040964
-0.040964
-0.040988
-0.040964
-0.040964
-0.040964
-0.040964
-0.040964
-0.040964
-0.040964
-0.040988
-0.040988
-0.041013
-0.041013
-0.040988
-0.040988
-0.040988
-0.040988
-0.040988
-0.040988
-0.040988
-0.040988
-0.041013
-0.041013
-0.040988
-0.040988
-0.040988
-0.040988
-0.040988
-0.040988
-0.040964
-0.040988
-0.041013
-0.041013
-0.041013
-0.041013
-0.041013
-0.041013
-0.041013
-0.041013
-0.041013
-0.040988
-0.040988
-0.040988
-0.041013
-0.041013
-0.040988
-0.040988
-0.041013
-0.041037
-0.041013
-0.041013
-0.040988
-0.041013
-0.041037
-0.041013
-0.041013
-0.041013
-0.041013
-0.041013
-0.041013
-0.041037
-0.041037
-0.041013
-0.041013
-0.041037
-0.041037
-0.041037
-0.041037
-0.041037
-0.041013
-0.041013
-0.041037
-0.041037
-0.041037
-0.041037
-0.041013
-0.041013
-0.041037
-0.041013
-0.041013
-0.041037
-0.041037
-0.041037
-0.041062
-0.041111
-0.04116
-0.04116
-0.041136
-0.041062
-0.04084
-0.040594
-0.040373
-0.040299
-0.040373
-0.040545
-0.04084
-0.041037
-0.041062
-0.041062
-0.041062
-0.041062
-0.041037
-0.041037
-0.041037
-0.041037
-0.041013
-0.041013
-0.041037
-0.041037
-0.041037
-0.041013
-0.041013
-0.041037
-0.041062
-0.041062
-0.041062
-0.041062
-0.041062
-0.041062
-0.041037
-0.041037
-0.041062
-0.041062
-0.041062
-0.041037
-0.041037
-0.041037
-0.041037
-0.041037
-0.041037
-0.041037
-0.041062
-0.041062
-0.041062
-0.041062
-0.041062
-0.041062
-0.041087
-0.041087
-0.041087
-0.041062
-0.041087
-0.041087
-0.041087
-0.041062
-0.041062
-0.041062
-0.041087
-0.041062
-0.041062
-0.041037
-0.041037
-0.041062
-0.041037
-0.041013
-0.041013
-0.041013
-0.041013
-0.040988
-0.041013
-0.041013
-0.040988
-0.040988
-0.040988
-0.041013
-0.041013
-0.041013
-0.040988
-0.041013
-0.041037
-0.041037
-0.041037
-0.041037
-0.041037
-0.041037
-0.041037
-0.041037
-0.041062
-0.041062
-0.041062
-0.041062
-0.041062
-0.041062
-0.041062
-0.041087
-0.041087
-0.041062
-0.041062
-0.041062
-0.041062
-0.041087
-0.041062
-0.041062
-0.041062
-0.041062
-0.041062
-0.041062
-0.041062
-0.041062
-0.041062
-0.041037
-0.041062
-0.041062
-0.041062
-0.041062
-0.041062
-0.041062
-0.041062
-0.041062
-0.041062
-0.041062
-0.041062
-0.041062
-0.041062
-0.041062
-0.041087
-0.041087
-0.041062
-0.041062
-0.041087
-0.041087
-0.041111
-0.041087
-0.041087
-0.041087
-0.041087
-0.041087
-0.041087
-0.041087
-0.041111
-0.041111
-0.041087
-0.041087
-0.041087
-0.041111
-0.041111
-0.041111
-0.041087
-0.041111
-0.041087
-0.041087
-0.041087
-0.041087
-0.041111
-0.041087
-0.041087
-0.041087
-0.041111
-0.041111
-0.041087
-0.041087
-0.041111
-0.041136
-0.041136
-0.041111
-0.041111
-0.041087
-0.041111
-0.041136
-0.041111
-0.041111
-0.041111
-0.041111
-0.041111
-0.041111
-0.041111
-0.041111
-0.041111
-0.041111
-0.041111
-0.041111
-0.041111
-0.041111
-0.041111
-0.041087
-0.041087
-0.041087
-0.041111
-0.041111
-0.041111
-0.041111
-0.041111
-0.041111
-0.041111
-0.041136
-0.041136
-0.041111
-0.041136
-0.041111
-0.041111
-0.041136
-0.041111
-0.041136
-0.041111
-0.041111
-0.041136
-0.041111
-0.041111
-0.041111
-0.041136
-0.041136
-0.041111
-0.041136
-0.041136
-0.041136
-0.041111
-0.041111
-0.041111
-0.041111
-0.041111
-0.041136
-0.041136
-0.041111
-0.041111
-0.04116
-0.041185
-0.041234
-0.040791
-0.04052
-0.040373
-0.040397
-0.04052
-0.040742
-0.041013
-0.041111
-0.041136
-0.041136
-0.041136
-0.041111
-0.041087
-0.041087
-0.041111
-0.041111
-0.041087
-0.041087
-0.041111
-0.041136
-0.041111
-0.041111
-0.041111
-0.041111
-0.041111
-0.041111
-0.041111
-0.041111
-0.041136
-0.041136
-0.041111
-0.041136
-0.041136
-0.041136
-0.041136
-0.041111
-0.041111
-0.041111
-0.041111
-0.041111
-0.041111
-0.041111
-0.041136
-0.041136
-0.041111
-0.041111
-0.041136
-0.041136
-0.041136
-0.041111
-0.041136
-0.04116
-0.04116
-0.04116
-0.041136
-0.041136
-0.041136
-0.041136
-0.041136
-0.041136
-0.041136
-0.041136
-0.041111
-0.041111
-0.041111
-0.041111
-0.041087
-0.041087
-0.041087
-0.041062
-0.041062
-0.041062
-0.041062
-0.041062
-0.041062
-0.041062
-0.041087
-0.041111
-0.041087
-0.041087
-0.041111
-0.041111
-0.041111
-0.041111
-0.041111
-0.041111
-0.041136
-0.041136
-0.041136
-0.041136
-0.041111
-0.041111
-0.041136
-0.041136
-0.041136
-0.04116
-0.04116
-0.041136
-0.041136
-0.04116
-0.041136
-0.041136
-0.041136
-0.041136
-0.041136
-0.041136
-0.041136
-0.041136
-0.041136
-0.041136
-0.041136
-0.041136
-0.041136
-0.041136
-0.041136
-0.041136
-0.041136
-0.04116
-0.04116
-0.04116
-0.04116
-0.04116
-0.04116
-0.04116
-0.041136
-0.041136
-0.041136
-0.041136
-0.041136
-0.041136
-0.04116
-0.04116
-0.04116
-0.04116
-0.04116
-0.04116
-0.041136
-0.041136
-0.04116
-0.04116
-0.041185
-0.041185
-0.04116
-0.04116
-0.04116
-0.04116
-0.04116
-0.04116
-0.04116
-0.041136
-0.041136
-0.04116
-0.04116
-0.04116
-0.04116
-0.04116
-0.04116
-0.04116
-0.04116
-0.04116
-0.04116
-0.04116
-0.04116
-0.04116
-0.04116
-0.041136
-0.04116
-0.04116
-0.041136
-0.041136
-0.041136
-0.041136
-0.04116
-0.04116
-0.041136
-0.04116
-0.041136
-0.041136
-0.041136
-0.04116
-0.04116
-0.04116
-0.041136
-0.04116
-0.04116
-0.04116
-0.04116
-0.04116
-0.04116
-0.04116
-0.041136
-0.04116
-0.041185
-0.04116
-0.04116
-0.04116
-0.04116
-0.04116
-0.04116
-0.04116
-0.041185
-0.04116
-0.04116
-0.04116
-0.04116
-0.04116
-0.04116
-0.04116
-0.04116
-0.041185
-0.041185
-0.041185
-0.04116
-0.04116
-0.04116
-0.041185
-0.04116
-0.041136
-0.04116
-0.041185
-0.04121
-0.041185
-0.041185
-0.04116
-0.04116
-0.041185
-0.041185
-0.04116
-0.04116
-0.041185
-0.041185
-0.041185
-0.04116
-0.04116
-0.04116
-0.04116
-0.041185
-0.041185
-0.041259
-0.041308
-0.040791
-0.040545
-0.040447
-0.040496
-0.040619
-0.040865
-0.041111
-0.041185
-0.04121
-0.04121
-0.041185
-0.041185
-0.041185
-0.041185
-0.041185
-0.04116
-0.041185
-0.041185
-0.041185
-0.041185
-0.041185
-0.041185
-0.041185
-0.04121
-0.041185
-0.041185
-0.041185
-0.04121
-0.04121
-0.041185
-0.04116
-0.041185
-0.04121
-0.04121
-0.041185
-0.041185
-0.041185
-0.041185
-0.041185
-0.041185
-0.041185
-0.041185
-0.04121
-0.04121
-0.041185
-0.041185
-0.041185
-0.04121
-0.04121
-0.04121
-0.04121
-0.04121
-0.04121
-0.04121
-0.041185
-0.04121
-0.04121
-0.04121
-0.04121
-0.041185
-0.041185
-0.041185
-0.041185
-0.041185
-0.04116
-0.04116
-0.04116
-0.041136
-0.041136
-0.041136
-0.041111
-0.041111
-0.041136
-0.041136
-0.041136
-0.041136
-0.041111
-0.041136
-0.04116
-0.04116
-0.04116
-0.04116
-0.041185
-0.041185
-0.041185
-0.041185
-0.041185
-0.041185
-0.041185
-0.041185
-0.041185
-0.041185
-0.041185
-0.041185
-0.04121
-0.04121
-0.04121
-0.04121
-0.04121
-0.04121
-0.04121
-0.041185
-0.041185
-0.041185
-0.041185
-0.041185
-0.041185
-0.04121
-0.04121
-0.04121
-0.04121
-0.04121
-0.041185
-0.041185
-0.04116
-0.041185
-0.04121
-0.041185
-0.041185
-0.04121
-0.041185
-0.04121
-0.04121
-0.041185
-0.041185
-0.041185
-0.04121
-0.04121
-0.04121
-0.04121
-0.04121
-0.04121
-0.04121
-0.04121
-0.04121
-0.04121
-0.041185
-0.041185
-0.04121
-0.04121
-0.04121
-0.041234
-0.04121
-0.04121
-0.041185
-0.04121
-0.041234
-0.041234
-0.04121
-0.04121
-0.04121
-0.041234
-0.041234
-0.04121
-0.04121
-0.04121
-0.04121
-0.04121
-0.04121
-0.041185
-0.04121
-0.04121
-0.04121
-0.04121
-0.04121
-0.04121
-0.04121
-0.041234
-0.04121
-0.04121
-0.04121
-0.04121
-0.04121
-0.04121
-0.04121
-0.04121
-0.04121
-0.04121
-0.04121
-0.04121
-0.04121
-0.04121
-0.041185
-0.041185
-0.04121
-0.04121
-0.041185
-0.04121
-0.041234
-0.041234
-0.041234
-0.041234
-0.04121
-0.04121
-0.04121
-0.04121
-0.04121
-0.04121
-0.041234
-0.041234
-0.04121
-0.04121
-0.04121
-0.04121
-0.04121
-0.04121
-0.04121
-0.041234
-0.041234
-0.041234
-0.041234
-0.041234
-0.04121
-0.04121
-0.041234
-0.041234
-0.041234
-0.041234
-0.04121
-0.04121
-0.04121
-0.04121
-0.041234
-0.041234
-0.04121
-0.04121
-0.041234
-0.041234
-0.04121
-0.04121
-0.041234
-0.041234
-0.041234
-0.04121
-0.041234
-0.041234
-0.041259
-0.041284
-0.041333
-0.041333
-0.040717
-0.04052
-0.040496
-0.040619
-0.040791
-0.041087
-0.041234
-0.041259
-0.041259
-0.041259
-0.041259
-0.041234
-0.041234
-0.041234
-0.041234
-0.04121
-0.041234
-0.041234
-0.041234
-0.041234
-0.041234
-0.041259
-0.041259
-0.041259
-0.041259
-0.041259
-0.041259
-0.041259
-0.041259
-0.041259
-0.041259
-0.041234
-0.041234
-0.041234
-0.041234
-0.041234
-0.041234
-0.041234
-0.041234
-0.041234
-0.041234
-0.041234
-0.041234
-0.041284
-0.041259
-0.041259
-0.041259
-0.041259
-0.041259
-0.041284
-0.041284
-0.041259
-0.041259
-0.041284
-0.041284
-0.041284
-0.041284
-0.041259
-0.041259
-0.041284
-0.041234
-0.041234
-0.041234
-0.041259
-0.041234
-0.041234
-0.041234
-0.04121
-0.04121
-0.04121
-0.04121
-0.041185
-0.041185
-0.041185
-0.041185
-0.041185
-0.041185
-0.041185
-0.04121
-0.04121
-0.041234
-0.041259
-0.041259
-0.041234
-0.041234
-0.041234
-0.041234
-0.041259
-0.041234
-0.041234
-0.041234
-0.041234
-0.041259
-0.041259
-0.041259
-0.041259
-0.041259
-0.041259
-0.041259
-0.041234
-0.041234
-0.041259
-0.041259
-0.041234
-0.041234
-0.041234
-0.041234
-0.041234
-0.041234
-0.041259
-0.041259
-0.041259
-0.041259
-0.041259
-0.041259
-0.041259
-0.041259
-0.041259
-0.041234
-0.041234
-0.041259
-0.041259
-0.041259
-0.041259
-0.041259
-0.041234
-0.041234
-0.041259
-0.041259
-0.041259
-0.041259
-0.041259
-0.041259
-0.041259
-0.041259
-0.041284
-0.041284
-0.041259
-0.041259
-0.041284
-0.041259
-0.041259
-0.041259
-0.041259
-0.041259
-0.041259
-0.041259
-0.041259
-0.041259
-0.041284
-0.041284
-0.041259
-0.041259
-0.041284
-0.041284
-0.041284
-0.041259
-0.041259
-0.041284
-0.041308
-0.041284
-0.041284
-0.041284
-0.041284
-0.041308
-0.041308
-0.041308
-0.041308
-0.041284
-0.041284
-0.041284
-0.041308
-0.041308
-0.041308
-0.041308
-0.041284
-0.041284
-0.041308
-0.041284
-0.041284
-0.041284
-0.041333
-0.041308
-0.041284
-0.041284
-0.041284
-0.041308
-0.041284
-0.041284
-0.041308
-0.041308
-0.041308
-0.041308
-0.041308
-0.041308
-0.041308
-0.041308
-0.041308
-0.041308
-0.041308
-0.041333
-0.041333
-0.041333
-0.041333
-0.041333
-0.041333
-0.041333
-0.041308
-0.041308
-0.041308
-0.041333
-0.041333
-0.041357
-0.041333
-0.041308
-0.041333
-0.041357
-0.041357
-0.041357
-0.041357
-0.041333
-0.041333
-0.041333
-0.041333
-0.041333
-0.041333
-0.041333
-0.041333
-0.041333
-0.041333
-0.041333
-0.041333
-0.041333
-0.041333
-0.041333
-0.041333
-0.041357
-0.041357
-0.041431
-0.041481
-0.041136
-0.040865
-0.040693
-0.040668
-0.040742
-0.040939
-0.04121
-0.041357
-0.041382
-0.041382
-0.041382
-0.041357
-0.041357
-0.041357
-0.041357
-0.041333
-0.041333
-0.041333
-0.041333
-0.041333
-0.041333
-0.041357
-0.041357
-0.041357
-0.041357
-0.041333
-0.041333
-0.041333
-0.041357
-0.041333
-0.041333
-0.041333
-0.041333
-0.041333
-0.041333
-0.041333
-0.041333
-0.041333
-0.041333
-0.041333
-0.041308
-0.041308
-0.041308
-0.041333
-0.041333
-0.041333
-0.041333
-0.041333
-0.041308
-0.041308
-0.041333
-0.041333
-0.041333
-0.041308
-0.041308
-0.041333
-0.041357
-0.041333
-0.041333
-0.041333
-0.041333
-0.041308
-0.041308
-0.041308
-0.041308
-0.041308
-0.041308
-0.041284
-0.041259
-0.041259
-0.041259
-0.041259
-0.041259
-0.041259
-0.041234
-0.041234
-0.041259
-0.041259
-0.041259
-0.041259
-0.041284
-0.041284
-0.041259
-0.041284
-0.041308
-0.041284
-0.041284
-0.041284
-0.041284
-0.041284
-0.041308
-0.041308
-0.041308
-0.041308
-0.041308
-0.041308
-0.041308
-0.041333
-0.041333
-0.041308
-0.041308
-0.041333
-0.041333
-0.041333
-0.041308
-0.041308
-0.041308
-0.041333
-0.041308
-0.041308
-0.041333
-0.041333
-0.041308
-0.041308
-0.041333
-0.041333
-0.041308
-0.041333
-0.041333
-0.041308
-0.041333
-0.041333
-0.041333
-0.041333
-0.041333
-0.041333
-0.041333
-0.041333
-0.041333
-0.041333
-0.041333
-0.041333
-0.041333
-0.041308
-0.041308
-0.041333
-0.041333
-0.041333
-0.041333
-0.041357
-0.041357
-0.041357
-0.041333
-0.041308
-0.041333
-0.041357
-0.041333
-0.041357
-0.041357
-0.041357
-0.041357
-0.041357
-0.041357
-0.041357
-0.041357
-0.041357
-0.041357
-0.041357
-0.041357
-0.041357
-0.041333
-0.041357
-0.041357
-0.041357
-0.041333
-0.041333
-0.041357
-0.041357
-0.041357
-0.041357
-0.041357
-0.041357
-0.041357
-0.041357
-0.041333
-0.041333
-0.041357
-0.041333
-0.041333
-0.041333
-0.041333
-0.041333
-0.041333
-0.041357
-0.041357
-0.041333
-0.041333
-0.041357
-0.041357
-0.041333
-0.041357
-0.041357
-0.041357
-0.041357
-0.041333
-0.041333
-0.041333
-0.041357
-0.041357
-0.041333
-0.041333
-0.041333
-0.041357
-0.041333
-0.041333
-0.041357
-0.041357
-0.041333
-0.041357
-0.041333
-0.041333
-0.041333
-0.041357
-0.041357
-0.041357
-0.041333
-0.041333
-0.041357
-0.041357
-0.041333
-0.041333
-0.041333
-0.041333
-0.041333
-0.041333
-0.041333
-0.041333
-0.041333
-0.041333
-0.041333
-0.041357
-0.041407
-0.041431
-0.041456
-0.041456
-0.041333
-0.041111
-0.04084
-0.040668
-0.040619
-0.041333
-0.041333
-0.041357
-0.041357
-0.041357
-0.041357
-0.041357
-0.041333
-0.041333
-0.041333
-0.041333
-0.041333
-0.041357
-0.041333
-0.041333
-0.041357
-0.041333
-0.041333
-0.041333
-0.041333
-0.041333
-0.041308
-0.041357
-0.041357
-0.041333
-0.041333
-0.041357
-0.041357
-0.041357
-0.041357
-0.041357
-0.041357
-0.041357
-0.041357
-0.041357
-0.041357
-0.041357
-0.041357
-0.041333
-0.041357
-0.041333
-0.041357
-0.041382
-0.041357
-0.041357
-0.041357
-0.041382
-0.041382
-0.041382
-0.041357
-0.041357
-0.041357
-0.041357
-0.041357
-0.041357
-0.041357
-0.041357
-0.041357
-0.041333
-0.041333
-0.041308
-0.041308
-0.041308
-0.041284
-0.041259
-0.041284
-0.041308
-0.041308
-0.041284
-0.041284
-0.041284
-0.041284
-0.041308
-0.041308
-0.041284
-0.041284
-0.041308
-0.041308
-0.041308
-0.041308
-0.041308
-0.041308
-0.041308
-0.041308
-0.041333
-0.041333
-0.041333
-0.041333
-0.041333
-0.041333
-0.041333
-0.041333
-0.041357
-0.041333
-0.041333
-0.041333
-0.041357
-0.041333
-0.041333
-0.041357
-0.041357
-0.041333
-0.041333
-0.041333
-0.041333
-0.041357
-0.041357
-0.041357
-0.041357
-0.041357
-0.041357
-0.041333
-0.041333
-0.041357
-0.041357
-0.041333
-0.041333
-0.041357
-0.041357
-0.041357
-0.041333
-0.041333
-0.041333
-0.041333
-0.041333
-0.041357
-0.041333
-0.041333
-0.041333
-0.041357
-0.041357
-0.041357
-0.041357
-0.041333
-0.041333
-0.041357
-0.041357
-0.041357
-0.041357
-0.041357
-0.041333
-0.041333
-0.041382
-0.041382
-0.041357
-0.041357
-0.041357
-0.041357
-0.041357
-0.041357
-0.041357
-0.041357
-0.041357
-0.041357
-0.041333
-0.041333
-0.041333
-0.041357
-0.041357
-0.041333
-0.041357
-0.041333
-0.041333
-0.041333
-0.041357
-0.041357
-0.041357
-0.041357
-0.041357
-0.041357
-0.041357
-0.041357
-0.041357
-0.041357
-0.041333
-0.041357
-0.041382
-0.041382
-0.041357
-0.041357
-0.041357
-0.041357
-0.041357
-0.041357
-0.041357
-0.041333
-0.041333
-0.041357
-0.041382
-0.041382
-0.041357
-0.041357
-0.041357
-0.041357
-0.041357
-0.041357
-0.041357
-0.041333
-0.041333
-0.041382
-0.041357
-0.041357
-0.041357
-0.041357
-0.041357
-0.041357
-0.041357
-0.041333
-0.041357
-0.041357
-0.041382
-0.041382
-0.041357
-0.041357
-0.041357
-0.041357
-0.041357
-0.041357
-0.041357
-0.041357
-0.041357
-0.041357
-0.041357
-0.041357
-0.041407
-0.041456
-0.041456
-0.041456
-0.041407
-0.04121
-0.040964
-0.040742
-0.040644
-0.040693
-0.04084
-0.041111
-0.041308
-0.041382
-0.041382
-0.041382
-0.041333
-0.041357
-0.041357
-0.041357
-0.041357
-0.041357
-0.041357
-0.041382
-0.041357
-0.041357
-0.041357
-0.041333
-0.041357
-0.041382
-0.041357
-0.041357
-0.041357
-0.041357
-0.041357
-0.041357
-0.041357
-0.041357
-0.041357
-0.041333
-0.041333
-0.041333
-0.041333
-0.041357
-0.041357
-0.041357
-0.041357
-0.041357
-0.041357
-0.041357
-0.041357
-0.041357
-0.041357
-0.041357
-0.041333
-0.041357
-0.041382
-0.041357
-0.041357
-0.041382
-0.041382
-0.041357
-0.041357
-0.041357
-0.041357
-0.041357
-0.041357
-0.041333
-0.041333
-0.041308
-0.041333
-0.041308
-0.041308
-0.041284
-0.041284
-0.041308
-0.041284
-0.041284
-0.041284
-0.041284
-0.041308
-0.041308
-0.041308
-0.041308
-0.041284
-0.041308
-0.041308
-0.041333
-0.041333
-0.041333
-0.041333
-0.041333
-0.041333
-0.041333
-0.041333
-0.041333
-0.041357
-0.041333
-0.041333
-0.041333
-0.041357
-0.041357
-0.041357
-0.041357
-0.041357
-0.041357
-0.041357
-0.041357
-0.041357
-0.041333
-0.041357
-0.041357
-0.041333
-0.041333
-0.041333
-0.041333
-0.041357
-0.041333
-0.041357
-0.041357
-0.041357
-0.041357
-0.041333
-0.041333
-0.041357
-0.041357
-0.041357
-0.041357
-0.041382
-0.041357
-0.041357
-0.041357
-0.041357
-0.041357
-0.041357
-0.041357
-0.041357
-0.041357
-0.041357
-0.041357
-0.041357
-0.041357
-0.041357
-0.041357
-0.041357
-0.041333
-0.041357
-0.041357
-0.041357
-0.041357
-0.041357
-0.041382
-0.041382
-0.041407
-0.041382
-0.041382
-0.041382
-0.041382
-0.041382
-0.041382
-0.041382
-0.041382
-0.041382
-0.041382
-0.041382
-0.041357
-0.041382
-0.041407
-0.041382
-0.041357
-0.041357
-0.041357
-0.041357
-0.041357
-0.041333
-0.041357
-0.041333
-0.041333
-0.041357
-0.041357
-0.041357
-0.041333
-0.041333
-0.041333
-0.041357
-0.041357
-0.041357
-0.041357
-0.041357
-0.041357
-0.041357
-0.041357
-0.041357
-0.041357
-0.041357
-0.041333
-0.041333
-0.041357
-0.041357
-0.041357
-0.041357
-0.041357
-0.041333
-0.041357
-0.041357
-0.041357
-0.041357
-0.041357
-0.041357
-0.041357
-0.041357
-0.041357
-0.041357
-0.041382
-0.041357
-0.041382
-0.041357
-0.041357
-0.041357
-0.041357
-0.041333
-0.041357
-0.041357
-0.041357
-0.041333
-0.041333
-0.041357
-0.041357
-0.041357
-0.041333
-0.041357
-0.041333
-0.041333
-0.041382
-0.041431
-0.041456
-0.041456
-0.041431
-0.041357
-0.04116
-0.040914
-0.040693
-0.040644
-0.040742
-0.04089
-0.041136
-0.041333
-0.041382
-0.041357
-0.041382
-0.041382
-0.041357
-0.041357
-0.041357
-0.041357
-0.041357
-0.041357
-0.041357
-0.041357
-0.041357
-0.041333
-0.041333
-0.041357
-0.041333
-0.041333
-0.041333
-0.041357
-0.041357
-0.041357
-0.041357
-0.041357
-0.041357
-0.041357
-0.041357
-0.041357
-0.041357
-0.041333
-0.041333
-0.041357
-0.041333
-0.041333
-0.041333
-0.041333
-0.041333
-0.041333
-0.041333
-0.041333
-0.041357
-0.041357
-0.041357
-0.041357
-0.041357
-0.041357
-0.041382
-0.041382
-0.041382
-0.041357
-0.041357
-0.041357
-0.041357
-0.041357
-0.041333
-0.041333
-0.041308
-0.041308
-0.041308
-0.041308
-0.041284
-0.041284
-0.041284
-0.041284
-0.041284
-0.041284
-0.041284
-0.041284
-0.041284
-0.041308
-0.041333
-0.041308
-0.041308
-0.041308
-0.041333
-0.041333
-0.041308
-0.041308
-0.041308
-0.041333
-0.041333
-0.041333
-0.041333
-0.041333
-0.041333
-0.041333
-0.041333
-0.041333
-0.041333
-0.041333
-0.041333
-0.041333
-0.041357
-0.041357
-0.041357
-0.041357
-0.041333
-0.041333
-0.041333
-0.041333
-0.041333
-0.041333
-0.041333
-0.041333
-0.041333
-0.041333
-0.041333
-0.041333
-0.041333
-0.041333
-0.041333
-0.041333
-0.041333
-0.041333
-0.041308
-0.041333
-0.041333
-0.041308
-0.041333
-0.041333
-0.041333
-0.041333
-0.041308
-0.041308
-0.041333
-0.041333
-0.041333
-0.041333
-0.041308
-0.041333
-0.041333
-0.041333
-0.041333
-0.041333
-0.041333
-0.041333
-0.041333
-0.041333
-0.041333
-0.041333
-0.041333
-0.041333
-0.041333
-0.041333
-0.041333
-0.041333
-0.041333
-0.041333
-0.041333
-0.041333
-0.041333
-0.041333
-0.041357
-0.041357
-0.041333
-0.041333
-0.041333
-0.041333
-0.041333
-0.041333
-0.041333
-0.041333
-0.041333
-0.041333
-0.041333
-0.041333
-0.041333
-0.041333
-0.041333
-0.041333
-0.041333
-0.041333
-0.041333
-0.041333
-0.041333
-0.041333
-0.041333
-0.041333
-0.041333
-0.041333
-0.041333
-0.041333
-0.041333
-0.041333
-0.041333
-0.041333
-0.041333
-0.041333
-0.041333
-0.041333
-0.041333
-0.041333
-0.041333
-0.041333
-0.041333
-0.041333
-0.041333
-0.041333
-0.041333
-0.041357
-0.041357
-0.041333
-0.041333
-0.041357
-0.041357
-0.041333
-0.041333
-0.041357
-0.041357
-0.041357
-0.041357
-0.041333
-0.041333
-0.041357
-0.041357
-0.041333
-0.041333
-0.041333
-0.041333
-0.041357
-0.041357
-0.041357
-0.041333
-0.041308
-0.041333
-0.041357
-0.041382
-0.041431
-0.041431
-0.041431
-0.041382
-0.041234
-0.040988
-0.040767
-0.040644
-0.040693
-0.040816
-0.041062
-0.041284
-0.041357
-0.041357
-0.041357
-0.041333
-0.041333
-0.041333
-0.041333
-0.041333
-0.041333
-0.041333
-0.041333
-0.041333
-0.041357
-0.041357
-0.041357
-0.041357
-0.041357
-0.041357
-0.041333
-0.041333
-0.041357
-0.041333
-0.041357
-0.041333
-0.041333
-0.041333
-0.041333
-0.041333
-0.041333
-0.041333
-0.041333
-0.041333
-0.041333
-0.041333
-0.041333
-0.041333
-0.041333
-0.041333
-0.041333
-0.041333
-0.041333
-0.041333
-0.041357
-0.041357
-0.041357
-0.041357
-0.041357
-0.041357
-0.041357
-0.041357
-0.041357
-0.041333
-0.041333
-0.041333
-0.041333
-0.041333
-0.041308
-0.041308
-0.041284
-0.041284
-0.041259
-0.041259
-0.041284
-0.041284
-0.041284
-0.041259
-0.041284
-0.041284
-0.041284
-0.041284
-0.041308
-0.041308
-0.041308
-0.041308
-0.041308
-0.041308
-0.041308
-0.041308
-0.041308
-0.041333
-0.041333
-0.041308
-0.041308
-0.041333
-0.041333
-0.041333
-0.041333
-0.041333
-0.041333
-0.041333
-0.041333
-0.041333
-0.041333
-0.041333
-0.041333
-0.041333
-0.041333
-0.041333
-0.041308
-0.041333
-0.041357
-0.041333
-0.041333
-0.041333
-0.041308
-0.041333
-0.041333
-0.041333
-0.041308
-0.041308
-0.041308
-0.041333
-0.041308
-0.041308
-0.041308
-0.041333
-0.041333
-0.041333
-0.041308
-0.041308
-0.041333
-0.041333
-0.041333
-0.041308
-0.041308
-0.041308
-0.041333
-0.041333
-0.041333
-0.041333
-0.041333
-0.041333
-0.041333
-0.041333
-0.041333
-0.041333
-0.041357
-0.041333
-0.041333
-0.041333
-0.041333
-0.041333
-0.041333
-0.041333
-0.041333
-0.041333
-0.041333
-0.041333
-0.041357
-0.041357
-0.041357
-0.041333
-0.041308
-0.041333
-0.041357
-0.041357
-0.041333
-0.041333
-0.041357
-0.041333
-0.041333
-0.041333
-0.041333
-0.041333
-0.041333
-0.041333
-0.041333
-0.041357
-0.041333
-0.041333
-0.041333
-0.041333
-0.041333
-0.041333
-0.041333
-0.041308
-0.041308
-0.041357
-0.041357
-0.041333
-0.041333
-0.041333
-0.041333
-0.041333
-0.041333
-0.041333
-0.041333
-0.041333
-0.041333
-0.041333
-0.041333
-0.041333
-0.041333
-0.041333
-0.041333
-0.041333
-0.041333
-0.041333
-0.041308
-0.041333
-0.041333
-0.041308
-0.041308
-0.041333
-0.041333
-0.041333
-0.041333
-0.041333
-0.041333
-0.041333
-0.041333
-0.041357
-0.041357
-0.041333
-0.041333
-0.041333
-0.041333
-0.041333
-0.041333
-0.041333
-0.041333
-0.041333
-0.041333
-0.041333
-0.041333
-0.041333
-0.041333
-0.041333
-0.041333
-0.041333
-0.041333
-0.041382
-0.041407
-0.041431
-0.041456
-0.041431
-0.041284
-0.041037
-0.040791
-0.040644
-0.040644
-0.040742
-0.040964
-0.04121
-0.041308
-0.041333
-0.041357
-0.041357
-0.041333
-0.041308
-0.041333
-0.041308
-0.041308
-0.041308
-0.041308
-0.041308
-0.041308
-0.041308
-0.041308
-0.041308
-0.041308
-0.041284
-0.041284
-0.041308
-0.041308
-0.041308
-0.041284
-0.041284
-0.041284
-0.041308
-0.041308
-0.041284
-0.041284
-0.041284
-0.041284
-0.041284
-0.041284
-0.041284
-0.041284
-0.041284
-0.041284
-0.041284
-0.041284
-0.041284
-0.041308
-0.041308
-0.041308
-0.041308
-0.041308
-0.041308
