2018
8
2
9
55
56.126
0.040767
0.040791
0.040816
0.040791
0.040742
0.040742
0.040767
0.040791
0.040791
0.040742
0.040742
0.040767
0.040816
0.040791
0.040767
0.040767
0.040816
0.040865
0.04089
0.04089
0.040914
0.040988
0.041037
0.040988
0.04089
0.040816
0.040816
0.04084
0.04084
0.04084
0.040816
0.04084
0.040865
0.040816
0.040791
0.040767
0.040816
0.040816
0.040767
0.040693
0.040742
0.040717
0.040717
0.040767
0.040791
0.040767
0.040742
0.040742
0.040767
0.040791
0.040791
0.040742
0.040742
0.040767
0.040791
0.040791
0.040767
0.040742
0.040791
0.040816
0.040816
0.040767
0.040767
0.040791
0.040816
0.040816
0.040791
0.040767
0.040791
0.04084
0.040816
0.040791
0.040791
0.040816
0.04084
0.04084
0.040816
0.040791
0.04084
0.040865
0.040816
0.04084
0.040816
0.040791
0.040767
0.040791
0.040816
0.040816
0.040767
0.040742
0.040791
0.040816
0.040791
0.040742
0.040742
0.040767
0.040791
0.040767
0.040742
0.040717
0.040742
0.040767
0.040767
0.040717
0.040717
0.040742
0.040767
0.040742
0.040717
0.040693
0.040717
0.040767
0.040742
0.040717
0.040717
0.040742
0.040767
0.040767
0.040742
0.040717
0.040742
0.040717
0.040742
0.040767
0.040767
0.040742
0.040717
0.040742
0.040791
0.040767
0.040742
0.040717
0.040742
0.040767
0.040767
0.040742
0.040742
0.040767
0.040791
0.040791
0.040742
0.040742
0.040742
0.040767
0.040767
0.040742
0.040717
0.040742
0.040767
0.040742
0.040717
0.040693
0.040717
0.040742
0.040742
0.040717
0.040693
0.040717
0.040742
0.040742
0.040742
0.040742
0.040717
0.040693
0.040717
0.040742
0.040767
0.040742
0.040767
0.040816
0.04089
0.040914
0.040914
0.040939
0.040939
0.04089
0.040816
0.040742
0.040717
0.040767
0.040816
0.040816
0.040791
0.040742
0.040742
0.040767
0.040767
0.040742
0.040717
0.040693
0.040693
0.040668
0.040644
0.040619
0.040668
0.040717
0.040717
0.040693
0.040668
0.040693
0.040693
0.040693
0.040742
0.040742
0.040717
0.040693
0.040717
0.040742
0.040742
0.040717
0.040693
0.040717
0.040742
0.040742
0.040717
0.040693
0.040717
0.040742
0.040742
0.040717
0.040717
0.040717
0.040767
0.040767
0.040742
0.040717
0.040742
0.040791
0.040791
0.040767
0.040742
0.040742
0.040791
0.040791
0.040767
0.040742
0.040742
0.040767
0.040791
0.040742
0.040767
0.040742
0.040717
0.040717
0.040767
0.040767
0.040717
0.040693
0.040717
0.040742
0.040742
0.040717
0.040693
0.040693
0.040717
0.040742
0.040693
0.040668
0.040693
0.040717
0.040717
0.040693
0.040668
0.040668
0.040717
0.040717
0.040693
0.040644
0.040668
0.040693
0.040693
0.040668
0.040644
0.040644
0.040693
0.040693
0.040668
0.040644
0.040644
0.040668
0.040619
0.040668
0.040668
0.040619
0.040594
0.040619
0.040644
0.040668
0.040644
0.040594
0.040594
0.040644
0.040644
0.040619
0.04057
0.040594
0.040619
0.040619
0.040594
0.040545
0.040545
0.040594
0.040594
0.04057
0.040545
0.040545
0.04057
0.040594
0.040545
0.04052
0.04052
0.04057
0.04057
0.040545
0.04052
0.04052
0.040545
0.04057
0.040545
0.04052
0.040644
0.040693
0.040742
0.040791
0.040717
0.040594
0.040545
0.04057
0.040594
0.040594
0.04057
0.04057
0.040594
0.040594
0.040545
0.040496
0.040496
0.04052
0.040545
0.040471
0.040397
0.040397
0.040422
0.040471
0.040471
0.040447
0.040447
0.040496
0.04052
0.040496
0.040447
0.040447
0.040496
0.04052
0.040496
0.040447
0.040447
0.040496
0.04052
0.040496
0.04052
0.040496
0.040447
0.040447
0.040496
0.04052
0.040496
0.040471
0.040471
0.040496
0.04052
0.040496
0.040471
0.040471
0.040496
0.040545
0.04052
0.040471
0.040471
0.04052
0.040545
0.04052
0.040471
0.040471
0.040496
0.04052
0.040496
0.040471
0.040471
0.040496
0.04052
0.040496
0.040447
0.040447
0.040471
0.040496
0.040496
0.040447
0.040447
0.040471
0.040422
0.040447
0.040471
0.040471
0.040422
0.040422
0.040447
0.040471
0.040447
0.040422
0.040397
0.040422
0.040447
0.040447
0.040397
0.040397
0.040422
0.040447
0.040422
0.040397
0.040397
0.040422
0.040447
0.040422
0.040397
0.040373
0.040397
0.040422
0.040422
0.040373
0.040373
0.040397
0.040422
0.040422
0.040397
0.040373
0.040397
0.040422
0.040397
0.040373
0.040397
0.040373
0.040373
0.040397
0.040397
0.040397
0.040348
0.040348
0.040373
0.040373
0.040373
0.040323
0.040299
0.040323
0.040348
0.040348
0.040299
0.040299
0.040323
0.040348
0.040348
0.040299
0.040299
0.040299
0.040348
0.040323
0.040299
0.040274
0.040323
0.040348
0.040348
0.040348
0.040348
0.040397
0.040471
0.040496
0.040496
0.040496
0.040496
0.040447
0.040397
0.040373
0.040348
0.040323
0.040323
0.040348
0.040348
0.040299
0.040299
0.040274
0.040274
0.04025
0.0402
0.0402
0.04025
0.040299
0.040274
0.04025
0.040225
0.04025
0.040274
0.040274
0.04025
0.040225
0.04025
0.040274
0.040274
0.04025
0.040225
0.04025
0.040274
0.040274
0.04025
0.040225
0.04025
0.040299
0.040299
0.04025
0.04025
0.040274
0.04025
0.040274
0.040299
0.040299
0.040274
0.04025
0.040274
0.040299
0.040299
0.040274
0.04025
0.040274
0.040299
0.040274
0.04025
0.040225
0.04025
0.040274
0.040274
0.040225
0.040225
0.040225
0.04025
0.04025
0.040225
0.0402
0.040225
0.04025
0.04025
0.0402
0.040176
0.0402
0.040225
0.040225
0.0402
0.040176
0.040176
0.0402
0.0402
0.040176
0.0402
0.040151
0.040127
0.040151
0.0402
0.0402
0.040151
0.040127
0.040151
0.0402
0.0402
0.040151
0.040127
0.040151
0.040176
0.040176
0.040151
0.040127
0.040127
0.040176
0.040176
0.040127
0.040102
0.040127
0.040176
0.040151
0.040127
0.040102
0.040127
0.040176
0.040176
0.040127
0.040102
0.040102
0.040151
0.040151
0.040127
0.040102
0.040102
0.040127
0.040077
0.040127
0.040127
0.040077
0.040053
0.040053
0.040102
0.040102
0.040077
0.040028
0.040053
0.040077
0.040102
0.040053
0.040028
0.040053
0.040077
0.040077
0.040053
0.040028
0.040053
0.040127
0.040151
0.040151
0.040151
0.0402
0.04025
0.040274
0.040225
0.040102
0.040077
0.040077
0.040102
0.040077
0.040077
0.040077
0.040127
0.040127
0.040077
0.040053
0.040028
0.039954
0.039954
0.039979
0.040003
0.040003
0.039979
0.039979
0.040028
0.040028
0.040003
0.039979
0.040003
0.040028
0.040028
0.040003
0.039979
0.040003
0.040028
0.040053
0.040028
0.039979
0.040003
0.040028
0.040053
0.040028
0.040003
0.040003
0.040028
0.040053
0.040028
0.040003
0.040003
0.040053
0.040053
0.040028
0.040003
0.040003
0.040053
0.040077
0.040053
0.040077
0.040053
0.040028
0.040028
0.040053
0.040077
0.040053
0.040003
0.040003
0.040028
0.040053
0.040028
0.040003
0.040003
0.040028
0.040053
0.040028
0.039979
0.039979
0.040028
0.040028
0.040003
0.039979
0.039979
0.040003
0.040003
0.039979
0.039954
0.039954
0.039979
0.040003
0.039979
0.039954
0.039954
0.039979
0.040003
0.039979
0.039954
0.03993
0.03993
0.03993
0.039954
0.039979
0.039954
0.03993
0.03993
0.039954
0.039979
0.039954
0.03993
0.03993
0.039954
0.039979
0.039954
0.039905
0.039905
0.03993
0.039954
0.039954
0.03993
0.03993
0.039954
0.039954
0.03993
0.039905
0.039905
0.03993
0.039954
0.03993
0.039905
0.03988
0.039905
0.03993
0.039905
0.039856
0.039856
0.03988
0.039905
0.03988
0.03988
0.03988
0.039831
0.039831
0.039856
0.03988
0.039856
0.039831
0.039831
0.039856
0.03988
0.03988
0.03988
0.039905
0.039979
0.040028
0.040053
0.040053
0.040053
0.040028
0.039954
0.039905
0.039856
0.03988
0.039905
0.039954
0.03993
0.03988
0.039856
0.03988
0.03988
0.03988
0.039856
0.039831
0.039807
0.039807
0.039782
0.039757
0.039782
0.039831
0.039807
0.039831
0.039856
0.039856
0.039807
0.039807
0.039831
0.039856
0.039856
0.039807
0.039807
0.039831
0.039856
0.039856
0.039807
0.039807
0.039831
0.039856
0.039856
0.039831
0.039807
0.039831
0.039856
0.039856
0.039831
0.039831
0.039856
0.03988
0.03988
0.039831
0.039831
0.039856
0.03988
0.03988
0.039856
0.039831
0.039856
0.039905
0.03988
0.039856
0.03988
0.039831
0.039831
0.039856
0.03988
0.039856
0.039831
0.039807
0.039831
0.039856
0.039856
0.039831
0.039807
0.039831
0.039856
0.039856
0.039807
0.039807
0.039807
0.039831
0.039831
0.039807
0.039782
0.039807
0.039831
0.039831
0.039807
0.039782
0.039807
0.039831
0.039831
0.039782
0.039782
0.039807
0.039831
0.039831
0.039807
0.039782
0.039807
0.039831
0.039807
0.039831
0.039831
0.039782
0.039782
0.039807
0.039831
0.039807
0.039782
0.039782
0.039807
0.039831
0.039831
0.039807
0.039782
0.039807
0.039831
0.039831
0.039807
0.039782
0.039782
0.039831
0.039807
0.039782
0.039757
0.039782
0.039807
0.039807
0.039757
0.039733
0.039757
0.039782
0.039782
0.039757
0.039733
0.039757
0.039782
0.039782
0.039733
0.039733
0.039757
0.039757
0.039782
0.039831
0.03988
0.03988
0.039905
0.039954
0.040003
0.040003
0.03988
0.039807
0.039782
0.039831
0.039856
0.039831
0.039807
0.039807
0.039831
0.039782
0.039733
0.039708
0.039733
0.039757
0.039733
0.039659
0.039634
0.039659
0.039708
0.039733
0.039708
0.039708
0.039708
0.039757
0.039757
0.039733
0.039708
0.039733
0.039757
0.039757
0.039757
0.039757
0.039733
0.039708
0.039708
0.039757
0.039757
0.039733
0.039708
0.039733
0.039757
0.039757
0.039733
0.039708
0.039733
0.039782
0.039782
0.039757
0.039733
0.039757
0.039782
0.039782
0.039757
0.039757
0.039757
0.039807
0.039807
0.039782
0.039757
0.039757
0.039782
0.039782
0.039757
0.039733
0.039733
0.039782
0.039782
0.039757
0.039733
0.039733
0.039708
0.039708
0.039733
0.039733
0.039708
0.039683
0.039683
0.039733
0.039733
0.039708
0.039683
0.039683
0.039708
0.039708
0.039683
0.039659
0.039659
0.039708
0.039708
0.039683
0.039659
0.039659
0.039708
0.039708
0.039683
0.039659
0.039659
0.039683
0.039708
0.039659
0.039634
0.039659
0.039683
0.039683
0.039659
0.039634
0.039659
0.039683
0.039683
0.039659
0.039683
0.039683
0.039659
0.039659
0.039683
0.039708
0.039683
0.039634
0.039659
0.039683
0.039683
0.039659
0.039634
0.039634
0.039659
0.039659
0.039634
0.03961
0.03961
0.039634
0.039659
0.039634
0.03961
0.03961
0.039634
0.039634
0.039634
0.039585
0.039585
0.039634
0.039634
0.03961
0.039585
0.03961
0.039634
0.039659
0.039659
0.039659
0.039708
0.039782
0.039782
0.039708
0.039683
0.039659
0.039634
0.039659
0.039708
0.039708
0.039659
0.03961
0.039585
0.03961
0.039634
0.03961
0.039536
0.039511
0.039511
0.039536
0.039511
0.039511
0.039536
0.039585
0.039585
0.03956
0.039536
0.039536
0.03956
0.039585
0.039585
0.039536
0.039536
0.039585
0.03961
0.039585
0.03956
0.03956
0.039585
0.03961
0.039585
0.03956
0.039585
0.039585
0.03961
0.039634
0.03961
0.039585
0.039585
0.039634
0.039634
0.039634
0.039585
0.03961
0.039634
0.039659
0.039634
0.03961
0.03961
0.039634
0.039634
0.039634
0.039585
0.039585
0.03961
0.039634
0.03961
0.039585
0.039585
0.03961
0.039634
0.03961
0.039585
0.03956
0.039585
0.03961
0.039585
0.03956
0.03956
0.039585
0.03961
0.039585
0.039585
0.039585
0.039536
0.039536
0.03956
0.039585
0.03956
0.039536
0.039536
0.03956
0.039585
0.03956
0.039536
0.039511
0.03956
0.039585
0.03956
0.039536
0.039511
0.03956
0.03956
0.03956
0.039536
0.039511
0.039536
0.03956
0.03956
0.039511
0.039511
0.039536
0.03956
0.039536
0.039511
0.039511
0.03956
0.039585
0.03956
0.039536
0.039511
0.039536
0.039511
0.039536
0.03956
0.039536
0.039511
0.039486
0.039511
0.039536
0.039536
0.039486
0.039486
0.039511
0.039536
0.039536
0.039511
0.039486
0.039511
0.039536
0.039536
0.039511
0.039486
0.039511
0.039536
0.039536
0.039511
0.039511
0.039585
0.039634
0.039659
0.039659
0.039659
0.039733
0.039757
0.039683
0.039585
0.039511
0.039536
0.039585
0.039585
0.03956
0.039536
0.039511
0.039536
0.03956
0.039511
0.039437
0.039413
0.039437
0.039486
0.039486
0.039462
0.039462
0.039486
0.039511
0.039511
0.039486
0.039462
0.039486
0.039511
0.039511
0.039486
0.039462
0.039486
0.039511
0.039511
0.039486
0.039462
0.039486
0.039511
0.039511
0.039486
0.039462
0.039486
0.039536
0.039536
0.039486
0.039486
0.039511
0.039536
0.039536
0.03956
0.039536
0.039511
0.039511
0.039511
0.03956
0.03956
0.039511
0.039511
0.039511
0.039536
0.039536
0.039511
0.039486
0.039511
0.039536
0.039536
0.039511
0.039486
0.039511
0.039536
0.039536
0.039486
0.039486
0.039486
0.039511
0.039511
0.039486
0.039462
0.039486
0.039511
0.039511
0.039462
0.039437
0.039462
0.039486
0.039486
0.039462
0.039437
0.039462
0.039437
0.039462
0.039486
0.039486
0.039462
0.039437
0.039462
0.039486
0.039486
0.039462
0.039437
0.039462
0.039486
0.039486
0.039462
0.039437
0.039462
0.039486
0.039486
0.039462
0.039437
0.039437
0.039486
0.039486
0.039462
0.039437
0.039462
0.039486
0.039486
0.039462
0.039437
0.039437
0.039462
0.039462
0.039437
0.039413
0.039437
0.039462
0.039462
0.039413
0.039437
0.039413
0.039388
0.039388
0.039437
0.039437
0.039413
0.039388
0.039388
0.039413
0.039437
0.039413
0.039388
0.039413
0.039437
0.039462
0.039462
0.039486
0.039511
0.039585
0.03961
0.03961
0.03956
0.039486
0.039462
0.039462
0.039437
0.039413
0.039437
0.039486
0.039486
0.039462
0.039413
0.039413
0.039437
0.039462
0.039413
0.039363
0.039339
0.039339
0.039363
0.039388
0.039413
0.039388
0.039339
0.039363
0.039388
0.039413
0.039388
0.039363
0.039363
0.039413
0.039413
0.039388
0.039363
0.039363
0.039413
0.039413
0.039388
0.039363
0.039388
0.039413
0.039437
0.039413
0.039388
0.039388
0.039437
0.039437
0.039413
0.039388
0.039413
0.039437
0.039462
0.039437
0.039413
0.039413
0.039437
0.039462
0.039437
0.039413
0.039437
0.039413
0.039413
0.039437
0.039462
0.039413
0.039388
0.039388
0.039437
0.039437
0.039413
0.039388
0.039388
0.039413
0.039413
0.039388
0.039363
0.039363
0.039388
0.039413
0.039388
0.039363
0.039363
0.039388
0.039388
0.039363
0.039339
0.039363
0.039388
0.039388
0.039388
0.039339
0.039363
0.039388
0.039388
0.039388
0.039339
0.039363
0.039388
0.039388
0.039388
0.039363
0.039339
0.039339
0.039388
0.039388
0.039388
0.039339
0.039339
0.039388
0.039388
0.039388
0.039363
0.039363
0.039388
0.039413
0.039388
0.039339
0.039339
0.039388
0.039388
0.039363
0.039339
0.039314
0.039363
0.039363
0.039339
0.039314
0.03929
0.039314
0.039339
0.039314
0.03929
0.03929
0.039314
0.039314
0.039314
0.039265
0.039265
0.03929
0.039265
0.03929
0.039314
0.039314
0.039314
0.039339
0.039388
0.039437
0.039462
0.039462
0.039486
0.039511
0.039462
0.039363
0.039314
0.03929
0.039339
0.039388
0.039363
0.039339
0.039314
0.039339
0.039339
0.039314
0.03929
0.03929
0.03929
0.039265
0.03924
0.039191
0.039191
0.03924
0.03929
0.03929
0.039265
0.03924
0.039265
0.03929
0.03929
0.039265
0.03929
0.039265
0.039265
0.03929
0.039314
0.03929
0.039265
0.039265
0.03929
0.039314
0.039314
0.03929
0.03929
0.039314
0.039339
0.039339
0.039314
0.03929
0.039339
0.039363
0.039339
0.039314
0.039314
0.039339
0.039363
0.039363
0.039339
0.039314
0.039363
0.039388
0.039363
0.039339
0.039314
0.039339
0.039363
0.039363
0.039314
0.039314
0.039339
0.039363
0.039363
0.039339
0.039314
0.03929
0.039314
0.039339
0.039339
0.03929
0.03929
0.039314
0.039339
0.039339
0.039314
0.03929
0.039314
0.039339
0.039314
0.03929
0.03929
0.039314
0.039339
0.039339
0.03929
0.03929
0.039314
0.039339
0.039314
0.03929
0.03929
0.03929
0.039339
0.039314
0.03929
0.03929
0.03929
0.039314
0.039314
0.03929
0.03929
0.03929
0.03929
0.039339
0.039339
0.03929
0.03929
0.03929
0.039339
0.039314
0.03929
0.039265
0.03929
0.039314
0.039314
0.039265
0.039265
0.039265
0.03929
0.03929
0.039265
0.03924
0.039265
0.03929
0.039265
0.03924
0.03924
0.03924
0.03929
0.039265
0.03924
0.039216
0.03924
0.039265
0.039265
0.03924
0.03924
0.03929
0.039339
0.039363
0.039363
0.039388
0.039363
0.03929
0.03929
0.039314
0.039339
0.039314
0.039314
0.039314
0.039314
0.03929
0.03924
0.039216
0.03924
0.039265
0.03924
0.039166
0.039117
0.039142
0.039216
0.03924
0.039216
0.039216
0.039216
0.039265
0.039265
0.039216
0.039216
0.03924
0.039265
0.039265
0.03924
0.039216
0.03924
0.039265
0.039265
0.03924
0.039216
0.03924
0.039265
0.039265
0.03929
0.039265
0.03924
0.039265
0.03929
0.03929
0.039265
0.039265
0.03929
0.039314
0.039314
0.039314
0.03929
0.03929
0.039339
0.039339
0.039314
0.03929
0.039314
0.039339
0.039339
0.03929
0.039265
0.03929
0.039314
0.039314
0.03929
0.039265
0.03929
0.039314
0.039314
0.03929
0.039265
0.039265
0.03929
0.03929
0.039265
0.03924
0.03924
0.03929
0.03924
0.039265
0.039265
0.03924
0.039216
0.03924
0.039265
0.039265
0.03924
0.039216
0.039216
0.039265
0.039265
0.03924
0.039216
0.039216
0.039265
0.039265
0.03924
0.039216
0.039216
0.03924
0.039265
0.03924
0.039216
0.039216
0.03924
0.039265
0.03924
0.039191
0.039216
0.03924
0.039265
0.03924
0.039216
0.03924
0.039265
0.039265
0.03924
0.039216
0.03924
0.039216
0.039216
0.03924
0.03924
0.039216
0.039191
0.039191
0.039216
0.03924
0.039216
0.039166
0.039191
0.039216
0.039216
0.039191
0.039166
0.039166
0.039216
0.039216
0.039191
0.039166
0.039191
0.039216
0.03924
0.039265
0.039265
0.039314
0.039388
0.039437
0.039437
0.039388
0.039314
0.039265
0.039265
0.03924
0.03924
0.039265
0.03929
0.03929
0.039191
0.039216
0.039191
0.039142
0.039093
0.039093
0.039117
0.039117
0.039117
0.039142
0.039166
0.039191
0.039166
0.039142
0.039142
0.039166
0.039191
0.039166
0.039142
0.039142
0.039166
0.039191
0.039166
0.039142
0.039142
0.039166
0.039191
0.039166
0.039142
0.039142
0.039191
0.039216
0.039191
0.039166
0.039166
0.039191
0.039216
0.039216
0.039191
0.039191
0.039191
0.039191
0.039216
0.03924
0.03924
0.039191
0.039191
0.039216
0.03924
0.039216
0.039191
0.039191
0.039216
0.039216
0.039216
0.039166
0.039166
0.039191
0.039216
0.039191
0.039166
0.039166
0.039191
0.039216
0.039191
0.039166
0.039142
0.039166
0.039191
0.039191
0.039142
0.039142
0.039166
0.039191
0.039166
0.039142
0.039117
0.039166
0.039166
0.039166
0.039166
0.039166
0.039142
0.039117
0.039166
0.039191
0.039166
0.039117
0.039117
0.039142
0.039166
0.039166
0.039142
0.039117
0.039142
0.039166
0.039166
0.039142
0.039117
0.039142
0.039166
0.039142
0.039117
0.039117
0.039166
0.039191
0.039166
0.039142
0.039117
0.039142
0.039166
0.039166
0.039117
0.039117
0.039142
0.039166
0.039142
0.039117
0.039093
0.039117
0.039068
0.039093
0.039117
0.039117
0.039068
0.039068
0.039093
0.039117
0.039093
0.039068
0.039068
0.039093
0.039117
0.039117
0.039093
0.039117
0.039166
0.039216
0.03924
0.03924
0.039265
0.039314
0.039339
0.039265
0.039166
0.039117
0.039142
0.039166
0.039191
0.039166
0.039142
0.039166
0.039191
0.039166
0.039117
0.039117
0.039142
0.039142
0.039093
0.039043
0.039093
0.039068
0.039068
0.039093
0.039117
0.039093
0.039068
0.039068
0.039093
0.039117
0.039093
0.039068
0.039068
0.039093
0.039117
0.039117
0.039093
0.039068
0.039093
0.039117
0.039117
0.039093
0.039068
0.039093
0.039142
0.039117
0.039117
0.039093
0.039117
0.039142
0.039142
0.039117
0.039093
0.039117
0.039166
0.039166
0.039142
0.039117
0.039142
0.039166
0.039166
0.039142
0.039117
0.039142
0.039166
0.039142
0.039117
0.039093
0.039117
0.039142
0.039142
0.039117
0.039117
0.039117
0.039142
0.039142
0.039117
0.039093
0.039117
0.039142
0.039117
0.039093
0.039068
0.039093
0.039117
0.039117
0.039093
0.039068
0.039093
0.039117
0.039117
0.039093
0.039068
0.039093
0.039117
0.039117
0.039093
0.039068
0.039093
0.039117
0.039093
0.039117
0.039117
0.039093
0.039068
0.039093
0.039117
0.039117
0.039093
0.039068
0.039093
0.039117
0.039117
0.039093
0.039093
0.039117
0.039142
0.039142
0.039117
0.039093
0.039093
0.039117
0.039117
0.039093
0.039068
0.039093
0.039117
0.039093
0.039068
0.039043
0.039068
0.039093
0.039093
0.039068
0.039043
0.039068
0.039093
0.039093
0.039068
0.039043
0.039068
0.039043
0.039068
0.039117
0.039117
0.039117
0.039142
0.039191
0.03924
0.03929
0.03929
0.039265
0.039216
0.039166
0.039142
0.039117
0.039093
0.039142
0.039166
0.039166
0.039142
0.039093
0.039093
0.039117
0.039117
0.039117
0.039068
0.039043
0.039043
0.039019
0.038994
0.038994
0.039019
0.039068
0.039093
0.039068
0.039043
0.039068
0.039093
0.039093
0.039093
0.039093
0.039068
0.039043
0.039068
0.039093
0.039093
0.039068
0.039068
0.039068
0.039093
0.039117
0.039093
0.039068
0.039068
0.039117
0.039117
0.039093
0.039068
0.039093
0.039117
0.039142
0.039117
0.039093
0.039117
0.039142
0.039166
0.039142
0.039117
0.039117
0.039142
0.039166
0.039142
0.039093
0.039117
0.039142
0.039142
0.039117
0.039093
0.039093
0.039068
0.039093
0.039117
0.039142
0.039093
0.039068
0.039068
0.039093
0.039117
0.039093
0.039068
0.039068
0.039093
0.039093
0.039068
0.039043
0.039043
0.039093
0.039093
0.039068
0.039043
0.039043
0.039068
0.039093
0.039068
0.039043
0.039043
0.039068
0.039093
0.039068
0.039043
0.039043
0.039068
0.039093
0.039068
0.039043
0.039043
0.039068
0.039068
0.039068
0.039068
0.039068
0.039043
0.039043
0.039068
0.039093
0.039068
0.039043
0.039043
0.039068
0.039093
0.039068
0.039019
0.039043
0.039068
0.039068
0.039043
0.039019
0.038994
0.039019
0.039043
0.039019
0.038994
0.038994
0.039019
0.039043
0.039019
0.038994
0.038994
0.039019
0.039043
0.039019
0.038994
0.038994
0.039019
0.039043
0.039019
0.039019
0.039043
0.039093
0.039191
0.03924
0.03924
0.039142
0.039043
0.039019
0.039043
0.039093
0.039068
0.039043
0.039043
0.039043
0.039043
0.038994
0.03897
0.03897
0.038994
0.03897
0.03892
0.038871
0.038871
0.03892
0.03897
0.03897
0.038945
0.038945
0.03897
0.038994
0.038994
0.03897
0.03897
0.038994
0.039019
0.038994
0.03897
0.03897
0.038994
0.039019
0.039019
0.03897
0.039019
0.038994
0.038994
0.039019
0.039043
0.039043
0.038994
0.038994
0.039043
0.039068
0.039068
0.039043
0.039043
0.039068
0.039093
0.039093
0.039043
0.039043
0.039068
0.039093
0.039093
0.039043
0.039043
0.039068
0.039093
0.039068
0.039043
0.039043
0.039068
0.039068
0.039068
0.039019
0.039019
0.039043
0.039068
0.039068
0.039019
0.039019
0.039043
0.039043
0.039043
0.039019
0.038994
0.03897
0.038994
0.039043
0.039019
0.038994
0.03897
0.038994
0.039019
0.039019
0.038994
0.03897
0.038994
0.039019
0.039019
0.038994
0.03897
0.038994
0.039019
0.039019
0.038994
0.03897
0.038994
0.039019
0.039019
0.03897
0.03897
0.038994
0.039019
0.039019
0.03897
0.038945
0.03897
0.039019
0.039019
0.038994
0.03897
0.038994
0.03897
0.038994
0.039019
0.038994
0.03897
0.038945
0.03897
0.038994
0.03897
0.038945
0.038945
0.038945
0.03897
0.03897
0.038945
0.03892
0.038945
0.03897
0.03897
0.03892
0.03892
0.038945
0.03897
0.03897
0.038945
0.03892
0.038945
0.038994
0.038994
0.038994
0.039019
0.039093
0.039142
0.039191
0.039191
0.039142
0.039068
0.039043
0.038994
0.038994
0.039019
0.03897
0.03892
0.03892
0.038945
0.038945
0.03892
0.038846
0.038846
0.038846
0.038871
0.038871
0.038871
0.03892
0.038945
0.038945
0.03892
0.038896
0.03892
0.038945
0.038945
0.03892
0.038896
0.03892
0.038945
0.038945
0.03892
0.03892
0.038945
0.03897
0.03897
0.038945
0.03892
0.038945
0.03897
0.03897
0.038945
0.038945
0.038945
0.038994
0.03897
0.038994
0.038994
0.03897
0.03897
0.038994
0.039019
0.039019
0.038994
0.03897
0.03897
0.039019
0.039019
0.03897
0.03897
0.03897
0.038994
0.038994
0.03897
0.038945
0.03897
0.038994
0.038994
0.038945
0.03892
0.038945
0.03897
0.03897
0.038945
0.03892
0.03892
0.038945
0.038945
0.03892
0.038896
0.038896
0.03892
0.038945
0.03892
0.038896
