2018
8
2
9
57
28.381
-0.0026833
-0.0026587
-0.0026341
-0.0026587
-0.0026833
-0.0027079
-0.0026833
-0.0026341
-0.0026341
-0.0026587
-0.0026833
-0.0026587
-0.0026587
-0.0026587
-0.0027079
-0.0027079
-0.0026833
-0.0026341
-0.0026587
-0.0026833
-0.0027079
-0.0026833
-0.0026587
-0.0026833
-0.0027325
-0.0027572
-0.0027325
-0.0026833
-0.0026833
-0.0026833
-0.0027079
-0.0026587
-0.0026341
-0.0026341
-0.0026833
-0.0026833
-0.0026587
-0.0026341
-0.0026341
-0.0026587
-0.0026587
-0.0026587
-0.0026341
-0.0026095
-0.0026095
-0.0026341
-0.0026587
-0.0026341
-0.0025848
-0.0026095
-0.0026341
-0.0026341
-0.0026095
-0.0025848
-0.0025848
-0.0026095
-0.0026095
-0.0025848
-0.0025602
-0.0025602
-0.0025848
-0.0025848
-0.0025602
-0.0025356
-0.002511
-0.0025602
-0.0025602
-0.0025356
-0.002511
-0.002511
-0.0025356
-0.0025602
-0.0025356
-0.002511
-0.002511
-0.0025356
-0.0025602
-0.0025356
-0.002511
-0.002511
-0.0024864
-0.002511
-0.0025356
-0.0025602
-0.0025356
-0.002511
-0.002511
-0.0025602
-0.0025602
-0.0025356
-0.002511
-0.002511
-0.0025602
-0.0025848
-0.0025602
-0.0025356
-0.0025356
-0.0025602
-0.0025848
-0.0025602
-0.0025356
-0.0025356
-0.0025602
-0.0025848
-0.0025602
-0.0025356
-0.002511
-0.0025602
-0.0025602
-0.0025602
-0.002511
-0.002511
-0.0025356
-0.0025602
-0.0025356
-0.002511
-0.002511
-0.0025356
-0.0025602
-0.0025356
-0.0025602
-0.0025356
-0.002511
-0.002511
-0.0025356
-0.0025602
-0.0025356
-0.002511
-0.002511
-0.0025356
-0.0025602
-0.0025356
-0.002511
-0.002511
-0.0025356
-0.0025602
-0.0025356
-0.002511
-0.002511
-0.0025356
-0.0025602
-0.0025356
-0.002511
-0.0024864
-0.0025356
-0.0025356
-0.0025356
-0.0024864
-0.0024864
-0.002511
-0.0025356
-0.002511
-0.0024864
-0.0024864
-0.002511
-0.0025356
-0.002511
-0.0024864
-0.0024864
-0.002511
-0.0024618
-0.0024864
-0.0025356
-0.002511
-0.0024864
-0.0024864
-0.002511
-0.0025356
-0.002511
-0.0024864
-0.0024864
-0.002511
-0.0025356
-0.0025356
-0.002511
-0.002511
-0.0025356
-0.0025602
-0.0025602
-0.002511
-0.0024864
-0.002511
-0.002511
-0.0024864
-0.0024618
-0.0024618
-0.0024864
-0.002511
-0.0024864
-0.0024618
-0.0024371
-0.0024618
-0.0024864
-0.0024864
-0.0024371
-0.0024371
-0.0024618
-0.0024864
-0.0024618
-0.0024371
-0.0024618
-0.0024125
-0.0024125
-0.0024371
-0.0024618
-0.0024371
-0.0024125
-0.0023879
-0.0024125
-0.0024371
-0.0024125
-0.0023879
-0.0023633
-0.0023879
-0.0024125
-0.0023879
-0.0023633
-0.0023387
-0.0023633
-0.0023879
-0.0023879
-0.0023387
-0.0023387
-0.0023633
-0.0023879
-0.0023879
-0.0023633
-0.0023633
-0.0023879
-0.0024125
-0.0024125
-0.0023633
-0.0023633
-0.0023879
-0.0024125
-0.0024125
-0.0023633
-0.0023633
-0.0023879
-0.0024125
-0.0023879
-0.0024125
-0.0024125
-0.0023879
-0.0023633
-0.0023879
-0.0024125
-0.0024125
-0.0023633
-0.0023633
-0.0023879
-0.0024125
-0.0024125
-0.0023633
-0.0023633
-0.0023879
-0.0024125
-0.0023879
-0.0023633
-0.0023633
-0.0023879
-0.0024125
-0.0023879
-0.0023633
-0.0023633
-0.0023879
-0.0024125
-0.0023879
-0.0023633
-0.0023633
-0.0023633
-0.0023879
-0.0023879
-0.0023633
-0.0023387
-0.0023633
-0.0023879
-0.0023879
-0.0023633
-0.0023387
-0.0023633
-0.0023387
-0.0023633
-0.0023879
-0.0023879
-0.0023633
-0.0023633
-0.0023879
-0.0024125
-0.0024125
-0.0023879
-0.0023633
-0.0023879
-0.0024125
-0.0024125
-0.0023879
-0.0023879
-0.0023879
-0.0024125
-0.0024125
-0.0023879
-0.0023633
-0.0023879
-0.0024125
-0.0024125
-0.0023879
-0.0023633
-0.0023879
-0.0024125
-0.0024125
-0.0023879
-0.0023633
-0.0023879
-0.0024125
-0.0024125
-0.0023633
-0.0023387
-0.0023879
-0.0024125
-0.0024125
-0.0024125
-0.0023879
-0.0023633
-0.0023879
-0.0024371
-0.0024371
-0.0024371
-0.0024125
-0.0024371
-0.0024618
-0.0024371
-0.0023879
-0.0023633
-0.0023879
-0.0024125
-0.0024125
-0.0023633
-0.0023633
-0.0023879
-0.0024125
-0.0024125
-0.0023633
-0.0023633
-0.0023633
-0.0023879
-0.0023879
-0.0023633
-0.0023387
-0.0023633
-0.0023879
-0.0023879
-0.0023633
-0.0023387
-0.0023633
-0.0023879
-0.0023879
-0.0023633
-0.0023387
-0.0023633
-0.0023879
-0.0023387
-0.0023633
-0.0023633
-0.0023387
-0.002314
-0.002314
-0.0023387
-0.0023633
-0.002314
-0.0022894
-0.002314
-0.0023387
-0.0023387
-0.002314
-0.002314
-0.002314
-0.0023387
-0.0023633
-0.0023387
-0.002314
-0.002314
-0.0023633
-0.0023633
-0.0023387
-0.002314
-0.0023387
-0.0023633
-0.0023879
-0.0023633
-0.0023387
-0.0023387
-0.0023879
-0.0023879
-0.0023633
-0.0023387
-0.0023387
-0.0023879
-0.0023879
-0.0023633
-0.0023387
-0.0023633
-0.0023387
-0.0023387
-0.0023633
-0.0023879
-0.0023633
-0.0023387
-0.0023387
-0.0023633
-0.0023633
-0.0023387
-0.002314
-0.0023387
-0.0023633
-0.0023633
-0.0023387
-0.002314
-0.0023387
-0.0023633
-0.0023633
-0.002314
-0.002314
-0.0023387
-0.0023633
-0.0023633
-0.002314
-0.002314
-0.002314
-0.0023387
-0.0023633
-0.0023387
-0.002314
-0.002314
-0.0023387
-0.0023387
-0.002314
-0.0022894
-0.002314
-0.0023387
-0.0023633
-0.0023633
-0.0023387
-0.002314
-0.002314
-0.0023387
-0.0023633
-0.0023387
-0.002314
-0.002314
-0.0023387
-0.0023633
-0.0023387
-0.002314
-0.002314
-0.0023387
-0.0023633
-0.0023387
-0.002314
-0.002314
-0.0023387
-0.0023633
-0.0023387
-0.002314
-0.002314
-0.0023387
-0.0023387
-0.0022894
-0.0022894
-0.002314
-0.0023387
-0.0023633
-0.0023387
-0.002314
-0.002314
-0.0023387
-0.0023633
-0.0023387
-0.002314
-0.0023387
-0.0023879
-0.0023633
-0.0023879
-0.0023879
-0.0023387
-0.0022894
-0.0022894
-0.0023387
-0.0023387
-0.002314
-0.0022894
-0.0022894
-0.002314
-0.0023387
-0.002314
-0.0022894
-0.0022894
-0.002314
-0.0023387
-0.002314
-0.0022894
-0.0022894
-0.002314
-0.0023387
-0.002314
-0.0022894
-0.0022894
-0.002314
-0.002314
-0.0022894
-0.0022648
-0.0022894
-0.002314
-0.002314
-0.0022894
-0.0022648
-0.0022648
-0.0022894
-0.0022894
-0.0022894
-0.0022402
-0.0022648
-0.0022402
-0.0022402
-0.0022648
-0.0022648
-0.0022648
-0.0022402
-0.0022402
-0.0022648
-0.0022894
-0.0022648
-0.0022156
-0.0022402
-0.0022648
-0.0022894
-0.0022648
-0.0022402
-0.0022402
-0.0022648
-0.0022894
-0.0022648
-0.0022402
-0.0022402
-0.0022648
-0.0022894
-0.0022894
-0.0022648
-0.0022648
-0.0022894
-0.0022894
-0.0022894
-0.0022648
-0.0022648
-0.0022894
-0.0022894
-0.0022648
-0.0022402
-0.0022402
-0.0022648
-0.0022894
-0.0022648
-0.0022894
-0.0022648
-0.0022402
-0.0022402
-0.0022648
-0.0022894
-0.0022648
-0.0022402
-0.0022402
-0.0022894
-0.0022894
-0.0022648
-0.0022402
-0.0022402
-0.0022648
-0.0022894
-0.0022648
-0.0022156
-0.0022156
-0.0022648
-0.0022648
-0.0022402
-0.0022156
-0.0022156
-0.0022648
-0.0022648
-0.0022648
-0.0022402
-0.0022402
-0.0022648
-0.0022894
-0.0022648
-0.0022402
-0.0022402
-0.0022648
-0.0022648
-0.0022648
-0.0022402
-0.0022156
-0.0022156
-0.0022402
-0.0022648
-0.0022402
-0.0022156
-0.0022156
-0.0022402
-0.0022648
-0.0022402
-0.0022156
-0.0022156
-0.0022402
-0.0022648
-0.0022402
-0.0022156
-0.0022156
-0.0022156
-0.0022402
-0.0022156
-0.0022156
-0.0022156
-0.0022402
-0.0022648
-0.0022648
-0.0022402
-0.0022156
-0.0022402
-0.0022648
-0.0022648
-0.0022402
-0.0022402
-0.0022648
-0.0022894
-0.0022894
-0.0022648
-0.0022402
-0.0022648
-0.0022648
-0.0022402
-0.002191
-0.0022156
-0.002191
-0.0021663
-0.002191
-0.0022156
-0.002191
-0.0021663
-0.0021663
-0.0021663
-0.002191
-0.002191
-0.0021417
-0.0021417
-0.0021663
-0.002191
-0.002191
-0.0021417
-0.0021417
-0.0021663
-0.002191
-0.0021663
-0.0021417
-0.0021171
-0.0021417
-0.0021663
-0.0021417
-0.0021171
-0.0020925
-0.0021171
-0.0021417
-0.0021171
-0.0020925
-0.0020679
-0.0020925
-0.0021171
-0.0020925
-0.0020679
-0.0020679
-0.0020925
-0.0020925
-0.0020679
-0.0020925
-0.0020925
-0.0020679
-0.0020679
-0.0020925
-0.0021171
-0.0020925
-0.0020679
-0.0020679
-0.0020925
-0.0021171
-0.0020925
-0.0020679
-0.0020679
-0.0020925
-0.0021171
-0.0020925
-0.0020679
-0.0020679
-0.0020679
-0.0020925
-0.0020925
-0.0020679
-0.0020433
-0.0020679
-0.0020925
-0.0020925
-0.0020679
-0.0020433
-0.0020679
-0.0020925
-0.0020679
-0.0020433
-0.0020433
-0.0020433
-0.0020679
-0.0020679
-0.0020433
-0.0020186
-0.0020186
-0.0020186
-0.0020433
-0.0020433
-0.0020433
-0.0020186
-0.001994
-0.0020186
-0.0020433
-0.0020433
-0.001994
-0.001994
-0.001994
-0.0020186
-0.0020186
-0.001994
-0.0019694
-0.001994
-0.0020186
-0.0020186
-0.001994
-0.0019694
-0.001994
-0.0020186
-0.0020186
-0.001994
-0.0019694
-0.001994
-0.0020186
-0.0020186
-0.001994
-0.0019694
-0.001994
-0.0020186
-0.0020186
-0.0019694
-0.0019694
-0.0019694
-0.001994
-0.001994
-0.001994
-0.001994
-0.0019694
-0.0019448
-0.0019694
-0.001994
-0.001994
-0.0019694
-0.0019202
-0.0019448
-0.0019694
-0.001994
-0.0019694
-0.0019448
-0.0019694
-0.001994
-0.001994
-0.0019448
-0.0019448
-0.0019694
-0.001994
-0.001994
-0.001994
-0.0019694
-0.001994
-0.0020186
-0.0020186
-0.001994
-0.0019448
-0.0019448
-0.0019694
-0.0019694
-0.0019202
-0.0019202
-0.0019202
-0.0019448
-0.0019448
-0.0019202
-0.0018955
-0.0018955
-0.0018709
-0.0018955
-0.0019202
-0.0019202
-0.0018955
-0.0018709
-0.0018709
-0.0018955
-0.0018955
-0.0018709
-0.0018463
-0.0018709
-0.0018955
-0.0018955
-0.0018463
-0.0018217
-0.0018463
-0.0018709
-0.0018709
-0.0018463
-0.0018217
-0.0018217
-0.0018463
-0.0018463
-0.0018217
-0.0017971
-0.0018217
-0.0018463
-0.0018463
-0.0018217
-0.0017971
-0.0018217
-0.0018463
-0.0018463
-0.0018217
-0.0018217
-0.0018217
-0.0018463
-0.0018709
-0.0018463
-0.0018709
-0.0018463
-0.0018463
-0.0018955
-0.0018955
-0.0018709
-0.0018463
-0.0018709
-0.0018955
-0.0018955
-0.0018709
-0.0018463
-0.0018463
-0.0018709
-0.0018709
-0.0018463
-0.0018463
-0.0018463
-0.0018709
-0.0018955
-0.0018709
-0.0018463
-0.0018463
-0.0018709
-0.0018709
-0.0018463
-0.0018463
-0.0018463
-0.0018709
-0.0018709
-0.0018463
-0.0018217
-0.0018217
-0.0018463
-0.0018709
-0.0018463
-0.0018217
-0.0018217
-0.0018463
-0.0018463
-0.0018463
-0.0018463
-0.0018217
-0.0017971
-0.0017971
-0.0018217
-0.0018463
-0.0018217
-0.0017971
-0.0017971
-0.0018217
-0.0018463
-0.0018217
-0.0017971
-0.0018217
-0.0018463
-0.0018463
-0.0018217
-0.0017971
-0.0018217
-0.0018463
-0.0018463
-0.0018217
-0.0017971
-0.0017971
-0.0018217
-0.0018463
-0.0018217
-0.0017971
-0.0017971
-0.0018217
-0.0018463
-0.0018217
-0.0017971
-0.0017971
-0.0018217
-0.0018217
-0.0018217
-0.0017971
-0.0017971
-0.0017478
-0.0017725
-0.0018217
-0.0018217
-0.0018217
-0.0017971
-0.0017971
-0.0017971
-0.0018217
-0.0017971
-0.0017971
-0.0017971
-0.0018217
-0.0018463
-0.0018217
-0.0018217
-0.0018217
-0.0018463
-0.0018217
-0.0017971
-0.0017478
-0.0017478
-0.0017725
-0.0017725
-0.0017725
-0.0017478
-0.0017478
-0.0017725
-0.0017725
-0.0017725
-0.0017232
-0.0017478
-0.0017478
-0.0017725
-0.0017478
-0.0017232
-0.0017232
-0.0017478
-0.0017725
-0.0017478
-0.0017478
-0.0017232
-0.0016986
-0.0016986
-0.0017232
-0.0017232
-0.0017232
-0.0016986
-0.0016986
-0.0017232
-0.0017232
-0.0016986
-0.001674
-0.001674
-0.0016986
-0.0016986
-0.0016986
-0.0016494
-0.001674
-0.0016986
-0.0016986
-0.0016986
-0.001674
-0.001674
-0.0016986
-0.0017232
-0.0016986
-0.001674
-0.001674
-0.0017232
-0.0017232
-0.0017232
-0.0016986
-0.0016986
-0.0017478
-0.0017478
-0.0017232
-0.0016986
-0.0016986
-0.0017232
-0.0016986
-0.0017232
-0.0017478
-0.0017478
-0.0017232
-0.0016986
-0.0017232
-0.0017478
-0.0017478
-0.0017232
-0.0017232
-0.0017478
-0.0017478
-0.0017478
-0.0017232
-0.0017232
-0.0017478
-0.0017478
-0.0017478
-0.0017232
-0.0017232
-0.0017478
-0.0017478
-0.0017478
-0.0017232
-0.0017232
-0.0017478
-0.0017725
-0.0017478
-0.0017232
-0.0017232
-0.0017478
-0.0017478
-0.0017478
-0.0017232
-0.0017232
-0.0017478
-0.0017478
-0.0017478
-0.0017232
-0.0017478
-0.0017232
-0.0017232
-0.0017478
-0.0017725
-0.0017478
-0.0017232
-0.0017232
-0.0017478
-0.0017725
-0.0017478
-0.0017232
-0.0017232
-0.0017478
-0.0017725
-0.0017725
-0.0017232
-0.0017232
-0.0017478
-0.0017725
-0.0017725
-0.0017232
-0.0017232
-0.0017478
-0.0017725
-0.0017478
-0.0017232
-0.0017232
-0.0017478
-0.0017478
-0.0017478
-0.0017232
-0.0016986
-0.0017232
-0.0017232
-0.0017232
-0.0017232
-0.0017232
-0.0017478
-0.0017725
-0.0017725
-0.0017725
-0.0017478
-0.0017478
-0.0017725
-0.0017971
-0.0017971
-0.0017725
-0.0017478
-0.0017478
-0.0017478
-0.0017478
-0.0017232
-0.0016986
-0.0017232
-0.0017478
-0.0017232
-0.0016986
-0.0016986
-0.0016986
-0.0017232
-0.0017232
-0.001674
-0.001674
-0.0016986
-0.0017232
-0.0017232
-0.0016986
-0.001674
-0.0016986
-0.0017232
-0.0017232
-0.0016986
-0.001674
-0.0016986
-0.0017232
-0.0016986
-0.001674
-0.001674
-0.0016986
-0.0016494
-0.001674
-0.0016986
-0.0016986
-0.001674
-0.001674
-0.001674
-0.0016986
-0.0016986
-0.001674
-0.0016494
-0.001674
-0.0016986
-0.0016986
-0.001674
-0.001674
-0.0016986
-0.0017232
-0.0017232
-0.0016986
-0.001674
-0.0016986
-0.0017478
-0.0017478
-0.0017232
-0.0017232
-0.0017232
-0.0017478
-0.0017478
-0.0017232
-0.0017232
-0.0017232
-0.0017478
-0.0017725
-0.0017232
-0.0017232
-0.0017478
-0.0017725
-0.0017725
-0.0017478
-0.0017725
-0.0017478
-0.0017478
-0.0017478
-0.0017725
-0.0017725
-0.0017478
-0.0017478
-0.0017478
-0.0017725
-0.0017725
-0.0017478
-0.0017478
-0.0017725
-0.0017971
-0.0017971
-0.0017725
-0.0017478
-0.0017725
-0.0017971
-0.0017971
-0.0017725
-0.0017478
-0.0017725
-0.0017725
-0.0017725
-0.0017725
-0.0017478
-0.0017725
-0.0017725
-0.0017725
-0.0017725
-0.0017478
-0.0017725
-0.0017971
-0.0017971
-0.0017725
-0.0017725
-0.0017971
-0.0018217
-0.0018217
-0.0018217
-0.0017971
-0.0017971
-0.0017971
-0.0018217
-0.0018217
-0.0017971
-0.0017971
-0.0017971
-0.0018217
-0.0018217
-0.0017971
-0.0017971
-0.0017971
-0.0018217
-0.0018463
-0.0018217
-0.0017971
-0.0018217
-0.0018463
-0.0018217
-0.0017971
-0.0017725
-0.0017971
-0.0018463
-0.0018463
-0.0018217
-0.0018217
-0.0018217
-0.0018463
-0.0018463
-0.0018463
-0.0018217
-0.0018463
-0.0018709
-0.0018709
-0.0018709
-0.0018463
-0.0018709
-0.0018217
-0.0018217
-0.0018463
-0.0018463
-0.0018217
-0.0017971
-0.0017971
-0.0018217
-0.0018217
-0.0017971
-0.0017725
-0.0017971
-0.0018217
-0.0018217
-0.0017971
-0.0017725
-0.0017971
-0.0018217
-0.0018217
-0.0017971
-0.0017725
-0.0017725
-0.0018217
-0.0018217
-0.0017971
-0.0017725
-0.0017725
-0.0017971
-0.0017971
-0.0017725
-0.0017478
-0.0017725
-0.0017971
-0.0017971
-0.0017725
-0.0017478
-0.0017478
-0.0017725
-0.0017971
-0.0017725
-0.0017478
-0.0017478
-0.0017478
-0.0017725
-0.0017971
-0.0017725
-0.0017478
-0.0017478
-0.0017971
-0.0017971
-0.0017725
-0.0017725
-0.0017971
-0.0018217
-0.0018217
-0.0017971
-0.0017725
-0.0017971
-0.0018217
-0.0018217
-0.0017971
-0.0017971
-0.0017971
-0.0018217
-0.0018217
-0.0017971
-0.0017725
-0.0017971
-0.0018217
-0.0018463
-0.0018217
-0.0017971
-0.0017971
-0.0018217
-0.0018217
-0.0017971
-0.0017725
-0.0017971
-0.0018217
-0.0018463
-0.0018463
-0.0018217
-0.0017971
-0.0018217
-0.0018217
-0.0018463
-0.0018217
-0.0017971
-0.0017971
-0.0018217
-0.0018463
-0.0018217
-0.0017971
-0.0017971
-0.0018217
-0.0018217
-0.0017971
-0.0017971
-0.0017971
-0.0018217
-0.0018463
-0.0018217
-0.0017971
-0.0017971
-0.0018217
-0.0018463
-0.0018217
-0.0017971
-0.0017971
-0.0018463
-0.0018463
-0.0018217
-0.0017971
-0.0018217
-0.0018463
-0.0018463
-0.0018463
-0.0018217
-0.0018217
-0.0018463
-0.0018217
-0.0018463
-0.0018709
-0.0018463
-0.0018217
-0.0018463
-0.0018709
-0.0018709
-0.0018709
-0.0018463
-0.0018217
-0.0018463
-0.0018463
-0.0018217
-0.0018217
-0.0018463
-0.0018709
-0.0018709
-0.0018709
-0.0018463
-0.0018217
-0.0018463
-0.0018709
-0.0018709
-0.0018463
-0.0018463
-0.0018709
-0.0018955
-0.0018955
-0.0018709
-0.0018709
-0.0018955
-0.0018709
-0.0018463
-0.0018217
-0.0017971
-0.0018217
-0.0018463
-0.0018217
-0.0017971
-0.0017971
-0.0017725
-0.0017971
-0.0017971
-0.0018217
-0.0017971
-0.0017725
-0.0017725
-0.0017971
-0.0018217
-0.0017971
-0.0017725
-0.0017725
-0.0017971
-0.0017971
-0.0017971
-0.0017725
-0.0017478
-0.0017725
-0.0017725
-0.0017725
-0.0017232
-0.0017232
-0.0017478
-0.0017478
-0.0017478
-0.0017232
-0.0017232
-0.0017232
-0.0017478
-0.0017232
-0.0016986
-0.0016986
-0.0017232
-0.0017478
-0.0017232
-0.0016986
-0.0016986
-0.0017232
-0.0017478
-0.0017478
-0.0017478
-0.0017478
-0.0017232
-0.0017232
-0.0017478
-0.0017725
-0.0017478
-0.0017232
-0.0017232
-0.0017478
-0.0017725
-0.0017478
-0.0017232
-0.0017232
-0.0017478
-0.0017725
-0.0017478
-0.0017232
-0.0017232
-0.0017478
-0.0017478
-0.0017478
-0.0016986
-0.0016986
-0.0017232
-0.0017478
-0.0017232
-0.0016986
-0.0016986
-0.0017232
-0.0017478
-0.0017232
-0.0016986
-0.0016986
-0.0017232
-0.0017478
-0.0017232
-0.0016986
-0.0016986
-0.0016986
-0.0017232
-0.0016986
-0.001674
-0.001674
-0.0016986
-0.0016986
-0.0016986
-0.001674
-0.001674
-0.001674
-0.0016986
-0.0016986
-0.001674
-0.0016494
-0.001674
-0.0016986
-0.0016986
-0.001674
-0.0016494
-0.001674
-0.0016986
-0.0016986
-0.001674
-0.0016494
-0.001674
-0.0016986
-0.001674
-0.0016494
-0.0016494
-0.001674
-0.001674
-0.001674
-0.0016494
-0.0016494
-0.0016494
-0.001674
-0.001674
-0.0016494
-0.0016248
-0.0016248
-0.0016001
-0.0016248
-0.0016494
-0.001674
-0.0016494
-0.0016494
-0.001674
-0.0016986
-0.001674
-0.0016494
-0.0016494
-0.001674
-0.0016986
-0.0016986
-0.001674
-0.001674
-0.0016986
-0.0017232
-0.0016986
-0.001674
-0.0016494
-0.0016494
-0.0016494
-0.0016494
-0.0016001
-0.0016001
-0.0016001
-0.0016248
-0.0016248
-0.0016001
-0.0016001
-0.0016001
-0.0016248
-0.0016248
-0.0016001
-0.0015755
-0.0016001
-0.0016001
-0.0016001
-0.0016001
-0.0016001
-0.0015755
-0.0015509
-0.0015755
-0.0016001
-0.0016001
-0.0015509
-0.0015509
-0.0015509
-0.0015755
-0.0015755
-0.0015509
-0.0015263
-0.0015509
-0.0015509
-0.0015509
-0.0015263
-0.0015263
-0.0015263
-0.0015509
-0.0015509
-0.0015263
-0.0015263
-0.0015263
-0.0015509
-0.0015509
-0.0015263
-0.0015263
-0.0015509
-0.0015755
-0.0015755
-0.0015509
-0.0015263
-0.0015509
-0.0015755
-0.0015755
-0.0015509
-0.0015509
-0.0015509
-0.0015755
-0.0016001
-0.0016001
-0.0015755
-0.0015509
-0.0015755
-0.0016001
-0.0016001
-0.0015755
-0.0015509
-0.0015509
-0.0016001
-0.0016001
-0.0015755
-0.0015509
-0.0015509
-0.0015755
-0.0015755
-0.0015509
-0.0015509
-0.0015509
-0.0016001
-0.0016001
-0.0015509
-0.0015509
-0.0015755
-0.0015755
-0.0015755
-0.0015509
-0.0015509
-0.0015509
-0.0015755
-0.0015755
-0.0015509
-0.0015263
-0.0015263
-0.0015509
-0.0015509
-0.0015263
-0.0015263
-0.0015263
-0.0015017
-0.0015263
-0.0015509
-0.0015509
-0.0015263
-0.0015263
-0.0015263
-0.0015509
-0.0015509
-0.0015263
-0.0015263
-0.0015263
-0.0015509
-0.0015509
-0.0015263
-0.0015263
-0.0015263
-0.0015509
-0.0015509
-0.0015263
-0.0015263
-0.0015263
-0.0015509
-0.0015755
-0.0015509
-0.0015263
-0.0015263
-0.0015755
-0.0015755
-0.0015509
-0.0015263
-0.0015263
-0.0015263
-0.0015263
-0.0015263
-0.0015263
-0.0015509
-0.0015755
-0.0015755
-0.0015755
-0.0015755
-0.0015755
-0.0015509
-0.0015755
-0.0016001
-0.0016001
-0.0015755
-0.0015755
-0.0015755
-0.0015755
-0.0015509
-0.0015263
-0.0015017
-0.0015017
-0.0015263
-0.0015263
-0.0015017
-0.0015017
-0.0015017
-0.0015263
-0.0015263
-0.0015017
-0.0014771
-0.0014771
-0.0015017
-0.0015263
-0.0015017
-0.0014771
-0.0014771
-0.0015017
-0.0015017
-0.0015017
-0.0014771
-0.0014771
-0.0015017
-0.0015017
-0.0014771
-0.0014524
-0.0014771
-0.0014524
-0.0014524
-0.0014771
-0.0014771
-0.0014524
-0.0014524
-0.0014524
-0.0014771
-0.0014771
-0.0014524
-0.0014278
-0.0014278
-0.0014524
-0.0014771
-0.0014524
-0.0014278
-0.0014278
-0.0014771
-0.0014771
-0.0014524
-0.0014524
-0.0014524
-0.0014771
-0.0014771
-0.0014771
-0.0014524
-0.0014524
-0.0014771
-0.0015017
-0.0014771
-0.0014524
-0.0014771
-0.0015017
-0.0015017
-0.0014771
-0.0014524
-0.0014771
-0.0015017
-0.0015017
-0.0014771
-0.0014771
-0.0014524
-0.0014771
-0.0015017
-0.0015017
-0.0014771
-0.0014771
-0.0014771
-0.0015017
-0.0015017
-0.0015017
-0.0014771
-0.0014771
-0.0015017
-0.0015017
-0.0015017
-0.0014771
-0.0014771
-0.0015017
-0.0015017
-0.0015017
-0.0014771
-0.0014771
-0.0015017
-0.0015263
-0.0015017
-0.0014771
-0.0014771
-0.0015017
-0.0015263
-0.0015017
-0.0014771
-0.0014771
-0.0015017
-0.0015263
-0.0015017
-0.0014771
-0.0014771
-0.0015263
-0.0015263
-0.0015509
-0.0015263
-0.0015017
-0.0015017
-0.0015263
-0.0015509
-0.0015263
-0.0015017
-0.0015017
-0.0015263
-0.0015509
-0.0015263
-0.0015017
-0.0015017
-0.0015263
-0.0015509
-0.0015263
-0.0015263
-0.0015263
-0.0015509
-0.0015509
-0.0015263
-0.0015017
-0.0015017
-0.0015509
-0.0015755
-0.0015509
-0.0015509
-0.0015509
-0.0015509
-0.0015755
-0.0015755
-0.0015509
-0.0015509
-0.0015755
-0.0016001
-0.0016001
-0.0016001
-0.0016001
-0.0016248
-0.0015509
-0.0015755
-0.0015755
-0.0015755
-0.0015509
-0.0015263
-0.0015509
-0.0015755
-0.0015755
-0.0015263
-0.0015263
-0.0015509
-0.0015755
-0.0015755
-0.0015509
-0.0015263
-0.0015509
-0.0015755
-0.0015509
-0.0015263
-0.0015263
-0.0015509
-0.0015509
-0.0015509
-0.0015263
-0.0015263
-0.0015509
-0.0015509
-0.0015509
-0.0015263
-0.0015263
-0.0015509
-0.0015509
-0.0015509
-0.0015263
-0.0015017
-0.0015263
-0.0015509
-0.0015263
-0.0015017
-0.0015263
-0.0015017
-0.0015017
-0.0015263
-0.0015509
-0.0015509
-0.0015263
-0.0015263
-0.0015509
-0.0015755
-0.0015755
-0.0015509
-0.0015509
-0.0015755
-0.0016001
-0.0015755
-0.0015509
-0.0015509
-0.0015755
-0.0016001
-0.0016001
-0.0015755
-0.0015755
-0.0015755
-0.0016001
-0.0016001
-0.0015755
-0.0015755
-0.0016001
-0.0016001
-0.0016001
-0.0015755
-0.0015755
-0.0016001
-0.0016001
-0.0016001
-0.0015755
-0.0015755
-0.0016001
-0.0016001
-0.0016001
-0.0016248
-0.0016001
-0.0015755
-0.0015755
-0.0016001
-0.0016001
-0.0016001
-0.0015755
-0.0015755
-0.0016001
-0.0016001
-0.0016001
-0.0015755
-0.0015755
-0.0016001
-0.0016001
-0.0016001
-0.0015755
-0.0015755
-0.0016001
-0.0016001
-0.0016001
-0.0015755
-0.0015755
-0.0016001
-0.0016248
-0.0016248
-0.0016001
-0.0016001
-0.0016248
-0.0016248
-0.0016248
-0.0016001
-0.0016001
-0.0016248
-0.0016494
-0.0016494
-0.0016248
-0.0016248
-0.0016248
-0.0016248
-0.0016494
-0.001674
-0.0016494
-0.0016248
-0.0016248
-0.0016494
-0.001674
-0.001674
-0.0016494
-0.0016248
-0.0016494
-0.0016494
-0.0016494
-0.0016494
-0.0016494
-0.001674
-0.0016986
-0.0017232
-0.001674
-0.001674
-0.001674
-0.0016986
-0.0016986
-0.0016986
-0.0016986
-0.0017232
-0.0017478
-0.0017478
-0.0017232
-0.0017232
-0.0017232
-0.0017232
-0.0017232
-0.001674
-0.001674
-0.001674
-0.0016986
-0.0016986
-0.0016986
-0.001674
-0.0016494
-0.001674
-0.0016986
-0.001674
-0.0016494
-0.0016494
-0.001674
-0.0016986
-0.0016986
-0.001674
-0.0016494
-0.001674
-0.0016986
-0.001674
-0.0016494
-0.0016248
-0.0016494
-0.001674
-0.001674
-0.0016494
-0.0016248
-0.0016494
-0.001674
-0.001674
-0.0016494
-0.0016248
-0.0016494
-0.0016494
-0.0016494
-0.0016248
-0.0016248
-0.0016248
-0.0016494
-0.0016494
-0.0016494
-0.0016248
-0.0016494
-0.001674
-0.0016494
-0.001674
-0.001674
-0.0016494
-0.0016494
-0.001674
-0.0016986
-0.0016986
-0.001674
-0.001674
-0.001674
-0.0016986
-0.0016986
-0.001674
-0.001674
-0.001674
-0.0016986
-0.0016986
-0.0016986
-0.001674
-0.001674
-0.0016986
-0.0016986
-0.001674
-0.001674
-0.001674
-0.0016986
-0.0016986
-0.001674
-0.001674
-0.001674
-0.0016986
-0.0016986
-0.001674
-0.001674
-0.001674
-0.0016986
-0.0016986
-0.0016986
-0.001674
-0.001674
-0.0016986
-0.0017232
-0.0017232
-0.0016986
-0.0016986
-0.0016986
-0.0017232
-0.0017232
-0.0016986
-0.0016986
-0.0016986
-0.0017232
-0.0017232
-0.0017232
-0.0016986
-0.0016986
-0.0017478
-0.0017478
-0.0017232
-0.0016986
-0.0017232
-0.0017478
-0.0017478
-0.0017232
-0.0017232
-0.0017232
-0.0017478
-0.0017478
-0.0017232
-0.0016986
-0.0017232
-0.0017478
-0.0017478
-0.0017232
-0.0016986
-0.0017232
-0.0017478
-0.0017478
-0.0017232
-0.0016986
-0.001674
-0.001674
-0.0017232
-0.0017478
-0.0017232
-0.0017232
-0.0017232
-0.0017478
-0.0017478
-0.0017232
-0.0017232
-0.0017232
-0.0017478
-0.0017725
-0.0017478
-0.0017478
-0.0017725
-0.0017971
-0.0017971
-0.0017725
-0.0017232
-0.0017232
-0.0017232
-0.0017478
-0.0017232
-0.0016986
-0.0016986
-0.0017232
-0.0017232
-0.0016986
-0.0016986
-0.0016986
-0.0017232
-0.0017232
-0.0016986
-0.001674
-0.0016986
-0.0017232
-0.0017232
-0.0016986
-0.0017232
-0.0016986
-0.001674
-0.001674
-0.0016986
-0.0016986
-0.0016986
-0.001674
-0.001674
-0.0016986
-0.0016986
-0.001674
-0.0016494
-0.0016494
-0.001674
-0.001674
-0.001674
-0.0016494
-0.0016494
-0.001674
-0.001674
-0.001674
-0.0016494
-0.0016494
-0.001674
-0.0016986
-0.001674
-0.0016494
-0.001674
-0.0016986
-0.0016986
-0.0016986
-0.001674
-0.001674
-0.0016986
-0.0017232
-0.0016986
-0.001674
-0.001674
-0.001674
-0.0016986
-0.0017232
-0.0017232
-0.0016986
-0.0016986
-0.001674
-0.0016986
-0.0017232
-0.0016986
-0.001674
-0.0016986
-0.0016986
-0.0017232
-0.0016986
-0.0016986
-0.0016986
-0.0017232
-0.0017232
-0.0016986
-0.001674
-0.001674
-0.0016986
-0.0017232
-0.0016986
-0.001674
-0.001674
-0.0016986
-0.0017232
-0.0016986
-0.001674
-0.001674
-0.0016986
-0.0016986
-0.0016986
-0.001674
-0.001674
-0.0016986
-0.0016986
-0.001674
-0.001674
-0.0016494
-0.001674
-0.0016986
-0.0016986
-0.0016986
-0.001674
-0.001674
-0.0016986
-0.0016986
-0.0016986
-0.001674
-0.001674
-0.0016986
-0.0017232
-0.0016986
-0.001674
-0.001674
-0.0016986
-0.0017232
-0.0016986
-0.001674
-0.001674
-0.0016986
-0.0016986
-0.0016986
-0.001674
-0.001674
-0.0016986
-0.0016986
-0.0016986
-0.001674
-0.001674
-0.001674
-0.001674
-0.0016494
-0.0016494
-0.001674
-0.0016986
-0.0017232
-0.0016986
-0.0017232
-0.0016986
-0.0016986
-0.0016986
-0.0017232
-0.0017478
-0.0017478
-0.0017232
-0.0017232
-0.0017232
-0.0017232
-0.0016986
-0.001674
-0.0016494
-0.001674
-0.001674
-0.001674
-0.0016494
-0.0016494
-0.001674
-0.001674
-0.001674
-0.0016494
-0.0016494
-0.0016494
-0.001674
-0.0016494
-0.0016248
-0.0016248
-0.0016494
-0.001674
-0.0016494
-0.0016248
-0.0016248
-0.0016494
-0.0016494
-0.0016494
-0.0016248
-0.0016001
-0.0016001
-0.0016001
-0.0016248
-0.0016494
-0.0016248
-0.0016001
-0.0016001
-0.0016248
-0.0016248
-0.0016248
-0.0016001
-0.0015755
-0.0016001
-0.0016248
-0.0016248
-0.0016001
-0.0016001
-0.0016248
-0.0016494
-0.0016248
-0.0016001
-0.0016001
-0.0016248
-0.0016494
-0.0016494
-0.0016248
-0.0016248
-0.0016494
-0.0016494
-0.0016494
-0.0016248
-0.0016248
-0.0016494
-0.001674
-0.0016494
-0.0016494
-0.0016248
-0.0016494
-0.001674
-0.0016494
-0.001674
-0.0016494
-0.0016248
-0.0016248
-0.0016494
-0.001674
-0.001674
-0.0016494
-0.0016248
-0.0016494
-0.001674
-0.0016494
-0.0016248
-0.0016248
-0.0016494
-0.001674
-0.0016494
-0.0016494
-0.0016248
-0.0016494
-0.001674
-0.0016494
-0.0016248
-0.0016248
-0.0016494
-0.0016494
-0.0016494
-0.0016248
-0.0016248
-0.0016248
-0.0016494
-0.0016494
-0.0016248
-0.0016248
-0.0016494
-0.001674
-0.0016494
-0.0016494
-0.0016248
-0.0016494
-0.0016494
-0.0016494
-0.001674
-0.001674
-0.0016494
-0.0016248
-0.0016494
-0.001674
-0.001674
-0.0016494
-0.0016494
-0.0016494
-0.001674
-0.001674
-0.0016494
-0.0016494
-0.0016494
-0.001674
-0.001674
-0.0016494
-0.0016494
-0.001674
-0.001674
-0.001674
-0.0016494
-0.0016248
-0.0016494
-0.001674
-0.0016986
-0.001674
-0.001674
-0.001674
-0.0016986
-0.0016986
-0.001674
-0.001674
-0.0016986
-0.0017232
-0.0017232
-0.0016986
-0.0016986
-0.0016494
-0.001674
-0.001674
-0.001674
-0.0016494
-0.0016248
-0.0016494
-0.001674
-0.001674
-0.0016494
-0.0016248
-0.0016248
-0.0016494
-0.0016494
-0.0016248
-0.0016248
-0.0016248
-0.0016494
-0.0016494
-0.0016248
-0.0016001
-0.0016248
-0.0016494
-0.0016494
-0.0016248
-0.0016001
-0.0016248
-0.0016248
-0.0016248
-0.0016001
-0.0016001
-0.0016001
-0.0016248
-0.0016248
-0.0016001
-0.0015755
-0.0015755
-0.0016001
-0.0016001
-0.0016001
-0.0016001
-0.0015755
-0.0015755
-0.0015755
-0.0016001
-0.0016001
-0.0015755
-0.0015755
-0.0016001
-0.0016248
-0.0016248
-0.0016001
-0.0016001
-0.0016001
-0.0016248
-0.0016248
-0.0016248
-0.0016001
-0.0016248
-0.0016494
-0.0016494
-0.0016248
-0.0016248
-0.0016248
-0.0016494
-0.0016494
-0.0016494
-0.0016248
-0.0016248
-0.0016494
-0.0016494
-0.0016494
-0.0016248
-0.0016248
-0.0016494
-0.001674
-0.0016494
-0.0016248
-0.0016248
