2018
8
2
9
54
44.002
0.00034465
0.00046773
0.00064006
0.00061544
0.0004185
0.00032003
0.00044312
0.00061544
0.00059082
0.00039388
0.00027079
0.00039388
0.00059082
0.00061544
0.00049235
0.00046773
0.00068929
0.00091085
0.00088623
0.00061544
0.0004185
0.00044312
0.0005662
0.00054159
0.00036926
0.00027079
0.00034465
0.00051697
0.00051697
0.00034465
0.00022156
0.00032003
0.00051697
0.00051697
0.00034465
0.00024618
0.00036926
0.00054159
0.00054159
0.00036926
0.00034465
0.00022156
0.00032003
0.00051697
0.00051697
0.00034465
0.00022156
0.00032003
0.00049235
0.00051697
0.00034465
0.00022156
0.00032003
0.00051697
0.00051697
0.00034465
0.00024618
0.00032003
0.00049235
0.00051697
0.00036926
0.00024618
0.00034465
0.00051697
0.00054159
0.00039388
0.00027079
0.00034465
0.00054159
0.0005662
0.0004185
0.00029541
0.00039388
0.0005662
0.00059082
0.0004185
0.00029541
0.00036926
0.00054159
0.0005662
0.00049235
0.00051697
0.00034465
0.00019694
0.00027079
0.00044312
0.00046773
0.00032003
0.00019694
0.00027079
0.0004185
0.00044312
0.00029541
0.00017232
0.00024618
0.0004185
0.00044312
0.00029541
0.00017232
0.00024618
0.0004185
0.00046773
0.00032003
0.00017232
0.00024618
0.0004185
0.00044312
0.00029541
0.00017232
0.00024618
0.0004185
0.00044312
0.00029541
0.00017232
0.00024618
0.00039388
0.00044312
0.00029541
0.00017232
0.00024618
0.00017232
0.00022156
0.00039388
0.00044312
0.00029541
0.00014771
0.00019694
0.00036926
0.0004185
0.00027079
0.00012309
0.00017232
0.00034465
0.0004185
0.00027079
9.847e-05
0.00014771
0.00034465
0.00039388
0.00027079
0.00012309
0.00017232
0.00036926
0.0004185
0.00027079
0.00012309
0.00014771
0.00032003
0.00039388
0.00024618
9.847e-05
0.00012309
0.00029541
0.00036926
0.00022156
4.9235e-05
9.847e-05
0.00029541
0.00036926
0.00022156
0.00032003
0.00017232
2.4618e-05
4.9235e-05
0.00027079
0.0004185
0.00036926
0.00032003
0.0004185
0.00059082
0.00059082
0.00034465
7.3853e-05
7.3853e-05
0.00022156
0.00029541
0.00017232
0
2.4618e-05
0.00019694
0.00027079
0.00012309
0
0
0.00017232
0.00027079
0.00014771
0
2.4618e-05
0.00022156
0.00029541
0.00017232
0
2.4618e-05
0.00019694
0.00029541
0.00017232
2.4618e-05
2.4618e-05
0.00019694
2.4618e-05
0.00019694
0.00029541
0.00017232
0
2.4618e-05
0.00019694
0.00032003
0.00019694
4.9235e-05
4.9235e-05
0.00022156
0.00032003
0.00024618
7.3853e-05
7.3853e-05
0.00024618
0.00034465
0.00022156
4.9235e-05
7.3853e-05
0.00024618
0.00034465
0.00024618
7.3853e-05
7.3853e-05
0.00024618
0.00034465
0.00024618
4.9235e-05
4.9235e-05
0.00019694
0.00029541
0.00019694
0
0
0.00014771
0.00024618
0.00014771
0
0.00012309
-2.4618e-05
-4.9235e-05
9.847e-05
0.00022156
0.00012309
-4.9235e-05
-7.3853e-05
7.3853e-05
0.00017232
7.3853e-05
-7.3853e-05
-7.3853e-05
4.9235e-05
0.00017232
7.3853e-05
-7.3853e-05
-9.847e-05
4.9235e-05
0.00017232
9.847e-05
-7.3853e-05
-9.847e-05
4.9235e-05
0.00017232
9.847e-05
-4.9235e-05
-9.847e-05
4.9235e-05
0.00017232
9.847e-05
-4.9235e-05
-9.847e-05
4.9235e-05
0.00017232
9.847e-05
-4.9235e-05
-9.847e-05
4.9235e-05
0.00017232
4.9235e-05
0.00017232
9.847e-05
-4.9235e-05
-7.3853e-05
4.9235e-05
0.00017232
9.847e-05
-7.3853e-05
-9.847e-05
2.4618e-05
0.00017232
9.847e-05
-7.3853e-05
-9.847e-05
2.4618e-05
0.00012309
2.4618e-05
-0.00012309
-0.00017232
-2.4618e-05
9.847e-05
4.9235e-05
-0.00012309
-0.00017232
-2.4618e-05
7.3853e-05
0
-0.00014771
-0.00019694
-4.9235e-05
4.9235e-05
0
-0.00017232
-0.00022156
-9.847e-05
2.4618e-05
-2.4618e-05
-0.00019694
-0.00019694
0.00014771
7.3853e-05
0.00012309
0.00017232
2.4618e-05
-0.00019694
-0.00027079
-0.00012309
0
-4.9235e-05
-0.00024618
-0.00029541
-0.00014771
-2.4618e-05
-7.3853e-05
-0.00024618
-0.00032003
-0.00017232
0
-4.9235e-05
-0.00022156
-0.00027079
-0.00014771
0
-4.9235e-05
-0.00022156
-0.00029541
-0.00014771
0
-4.9235e-05
-0.00022156
-0.00029541
-0.00014771
0
-4.9235e-05
-0.00022156
-0.00029541
-0.00014771
0
-4.9235e-05
-2.4618e-05
-0.00019694
-0.00027079
-0.00012309
0
0
-0.00017232
-0.00024618
-9.847e-05
2.4618e-05
0
-0.00014771
-0.00022156
-7.3853e-05
4.9235e-05
4.9235e-05
-0.00012309
-0.00019694
-7.3853e-05
4.9235e-05
2.4618e-05
-0.00014771
-0.00022156
-0.00012309
0
0
-0.00019694
-0.00027079
-0.00017232
-2.4618e-05
-4.9235e-05
-0.00022156
-0.00032003
-0.00019694
-4.9235e-05
-7.3853e-05
-0.00027079
-0.00034465
-0.00022156
-7.3853e-05
-0.00024618
-7.3853e-05
-9.847e-05
-0.00027079
-0.00036926
-0.00024618
-9.847e-05
-0.00012309
-0.00029541
-0.00039388
-0.00027079
-0.00012309
-0.00012309
-0.00029541
-0.00039388
-0.00029541
-0.00012309
-0.00014771
-0.00032003
-0.0004185
-0.00032003
-0.00014771
-0.00014771
-0.00032003
-0.0004185
-0.00032003
-0.00014771
-0.00014771
-0.00032003
-0.0004185
-0.00032003
-0.00014771
-0.00014771
-0.00032003
-0.0004185
-0.00032003
-0.00014771
-0.00014771
-0.00032003
-0.0004185
-0.00034465
-0.00044312
-0.00034465
-0.00017232
-0.00017232
-0.00034465
-0.00044312
-0.00036926
-0.00019694
-0.00019694
-0.00036926
-0.00046773
-0.00036926
-0.00019694
-0.00019694
-0.00036926
-0.00046773
-0.00036926
-0.00022156
-0.00019694
-0.00036926
-0.00046773
-0.00039388
-0.00022156
-0.00022156
-0.00039388
-0.00051697
-0.00044312
-0.00027079
-0.00022156
-0.00032003
-0.00036926
-0.00017232
4.9235e-05
0.00012309
-7.3853e-05
-0.00029541
-0.00032003
-0.00022156
-0.00024618
-0.00027079
-0.00027079
-0.00044312
-0.0005662
-0.00046773
-0.00032003
-0.00027079
-0.00044312
-0.0005662
-0.00046773
-0.00027079
-0.00024618
-0.00039388
-0.00051697
-0.00044312
-0.00027079
-0.00024618
-0.00039388
-0.00051697
-0.00044312
-0.00027079
-0.00024618
-0.00039388
-0.00051697
-0.00044312
-0.00027079
-0.00022156
-0.00036926
-0.00051697
-0.00044312
-0.00027079
-0.00022156
-0.00036926
-0.00049235
-0.0004185
-0.00024618
-0.00019694
-0.00034465
-0.00046773
-0.00039388
-0.00044312
-0.00036926
-0.00017232
-0.00012309
-0.00027079
-0.00039388
-0.00034465
-0.00014771
-0.00012309
-0.00027079
-0.00039388
-0.00034465
-0.00017232
-0.00014771
-0.00029541
-0.00044312
-0.00036926
-0.00022156
-0.00017232
-0.00032003
-0.00046773
-0.0004185
-0.00024618
-0.00022156
-0.00034465
-0.00049235
-0.00044312
-0.00027079
-0.00022156
-0.00036926
-0.00049235
-0.00044312
-0.00029541
-0.00022156
-0.00036926
-0.00049235
-0.00046773
-0.00029541
-0.00022156
-0.00036926
-0.00022156
-0.00036926
-0.00051697
-0.00046773
-0.00029541
-0.00022156
-0.00036926
-0.00051697
-0.00046773
-0.00029541
-0.00022156
-0.00034465
-0.00049235
-0.00044312
-0.00027079
-0.00022156
-0.00034465
-0.00046773
-0.00044312
-0.00027079
-0.00019694
-0.00032003
-0.00044312
-0.0004185
-0.00024618
-0.00017232
-0.00029541
-0.00044312
-0.00039388
-0.00022156
-0.00014771
-0.00027079
-0.0004185
-0.00039388
-0.00024618
-0.00017232
-0.00027079
-0.0004185
-0.00039388
-0.00022156
-0.00039388
-0.00024618
-0.00014771
-0.00027079
-0.00044312
-0.0004185
-0.00024618
-0.00014771
-0.00027079
-0.0004185
-0.00039388
-0.00024618
-0.00017232
-0.00027079
-0.00044312
-0.0004185
-0.00024618
-0.00017232
-0.00029541
-0.00046773
-0.00044312
-0.00027079
-0.00014771
-0.00019694
-0.00027079
-0.00014771
4.9235e-05
0.00014771
-2.4618e-05
-0.00027079
-0.00034465
-0.00024618
-0.00014771
-0.00027079
-0.0004185
-0.0004185
-0.00027079
-0.00017232
-0.00029541
-0.00044312
-0.0004185
-0.0004185
-0.00024618
-0.00014771
-0.00024618
-0.00039388
-0.00039388
-0.00022156
-0.00012309
-0.00022156
-0.00039388
-0.00039388
-0.00022156
-0.00012309
-0.00022156
-0.00036926
-0.00036926
-0.00022156
-0.00012309
-0.00022156
-0.00036926
-0.00036926
-0.00019694
-9.847e-05
-0.00019694
-0.00034465
-0.00034465
-0.00019694
-7.3853e-05
-0.00017232
-0.00032003
-0.00032003
-0.00017232
-7.3853e-05
-0.00014771
-0.00029541
-0.00029541
-0.00014771
-2.4618e-05
-9.847e-05
-9.847e-05
-0.00027079
-0.00029541
-0.00012309
-2.4618e-05
-0.00012309
-0.00029541
-0.00032003
-0.00017232
-7.3853e-05
-0.00014771
-0.00032003
-0.00034465
-0.00019694
-9.847e-05
-0.00017232
-0.00034465
-0.00036926
-0.00022156
-9.847e-05
-0.00017232
-0.00034465
-0.00036926
-0.00022156
-0.00012309
-0.00019694
-0.00036926
-0.00039388
-0.00024618
-0.00012309
-0.00019694
-0.00036926
-0.00039388
-0.00024618
-0.00012309
-0.00019694
-0.00036926
-0.00039388
-0.00024618
-0.00014771
-0.00024618
-0.00012309
-0.00019694
-0.00036926
-0.00039388
-0.00024618
-0.00012309
-0.00019694
-0.00036926
-0.00039388
-0.00027079
-0.00014771
-0.00019694
-0.00036926
-0.00039388
-0.00027079
-0.00014771
-0.00019694
-0.00036926
-0.0004185
-0.00027079
-0.00014771
-0.00019694
-0.00036926
-0.0004185
-0.00027079
-0.00014771
-0.00019694
-0.00036926
-0.0004185
-0.00027079
-0.00014771
-0.00022156
-0.00036926
-0.0004185
-0.00029541
-0.00017232
-0.00022156
-0.00039388
-0.00044312
-0.00039388
-0.00044312
-0.00032003
-0.00017232
-0.00022156
-0.00039388
-0.00044312
-0.00032003
-0.00019694
-0.00027079
-0.00044312
-0.00049235
-0.00032003
-0.00012309
-9.847e-05
-0.00017232
-0.00017232
-2.4618e-05
2.4618e-05
-9.847e-05
-0.00034465
-0.00046773
-0.00036926
-0.00022156
-0.00027079
-0.00044312
-0.00051697
-0.00039388
-0.00024618
-0.00029541
-0.00046773
-0.00051697
-0.00039388
-0.00024618
-0.00029541
-0.00044312
-0.00049235
-0.00036926
-0.00022156
-0.00027079
-0.00024618
-0.00027079
-0.00044312
-0.00049235
-0.00036926
-0.00024618
-0.00027079
-0.0004185
-0.00049235
-0.00039388
-0.00024618
-0.00027079
-0.0004185
-0.00049235
-0.00036926
-0.00022156
-0.00024618
-0.0004185
-0.00049235
-0.00036926
-0.00022156
-0.00024618
-0.00039388
-0.00046773
-0.00034465
-0.00019694
-0.00019694
-0.00036926
-0.0004185
-0.00032003
-0.00014771
-0.00017232
-0.00032003
-0.0004185
-0.00029541
-0.00014771
-0.00017232
-0.00032003
-0.0004185
-0.00032003
-0.00046773
-0.00036926
-0.00022156
-0.00024618
-0.0004185
-0.00051697
-0.0004185
-0.00027079
-0.00027079
-0.00044312
-0.00054159
-0.0004185
-0.00027079
-0.00029541
-0.00044312
-0.00054159
-0.00044312
-0.00029541
-0.00029541
-0.00044312
-0.00054159
-0.00044312
-0.00029541
-0.00029541
-0.00046773
-0.00054159
-0.00044312
-0.00029541
-0.00029541
-0.00046773
-0.00054159
-0.00044312
-0.00029541
-0.00029541
-0.00044312
-0.00054159
-0.00044312
-0.00029541
-0.00029541
-0.00044312
-0.00029541
-0.00044312
-0.00054159
-0.00046773
-0.00032003
-0.00029541
-0.00046773
-0.0005662
-0.00046773
-0.00032003
-0.00029541
-0.00044312
-0.00054159
-0.00046773
-0.00032003
-0.00032003
-0.00046773
-0.0005662
-0.00049235
-0.00032003
-0.00032003
-0.00046773
-0.0005662
-0.00049235
-0.00034465
-0.00034465
-0.00049235
-0.00061544
-0.00051697
-0.00036926
-0.00034465
-0.00049235
-0.00061544
-0.00054159
-0.00036926
-0.00036926
-0.00051697
-0.00061544
-0.00054159
-0.00039388
-0.00059082
-0.00044312
-0.00039388
-0.00051697
-0.0005662
-0.0004185
-0.00017232
-4.9235e-05
-0.00017232
-0.00036926
-0.00039388
-0.00034465
-0.00036926
-0.00054159
-0.00064006
-0.00059082
-0.00044312
-0.0004185
-0.0005662
-0.00068929
-0.00061544
-0.00046773
-0.0004185
-0.0005662
-0.00068929
-0.00061544
-0.00044312
-0.00039388
-0.00054159
-0.00064006
-0.00059082
-0.0004185
-0.00039388
-0.00054159
-0.00066467
-0.00059082
-0.00044312
-0.00039388
-0.00051697
-0.00064006
-0.00051697
-0.00064006
-0.00059082
-0.0004185
-0.00036926
-0.00049235
-0.00061544
-0.0005662
-0.00039388
-0.00034465
-0.00046773
-0.00061544
-0.00054159
-0.00036926
-0.00032003
-0.00044312
-0.0005662
-0.00051697
-0.00034465
-0.00029541
-0.0004185
-0.00054159
-0.00049235
-0.00032003
-0.00027079
-0.00039388
-0.00054159
-0.00049235
-0.00034465
-0.00029541
-0.0004185
-0.0005662
-0.00051697
-0.00036926
-0.00034465
-0.00046773
-0.00061544
-0.00059082
-0.0004185
-0.00036926
-0.00046773
-0.00039388
-0.00054159
-0.00066467
-0.00064006
-0.00049235
-0.0004185
-0.00054159
-0.00068929
-0.00066467
-0.00049235
-0.0004185
-0.00054159
-0.00068929
-0.00066467
-0.00049235
-0.0004185
-0.00054159
-0.00068929
-0.00066467
-0.00049235
-0.00044312
-0.0005662
-0.00068929
-0.00066467
-0.00051697
-0.00044312
-0.0005662
-0.00068929
-0.00066467
-0.00051697
-0.00044312
-0.0005662
-0.00068929
-0.00066467
-0.00051697
-0.00044312
-0.0005662
-0.00068929
-0.00066467
-0.00068929
-0.00051697
-0.00044312
-0.0005662
-0.00071391
-0.00068929
-0.00051697
-0.00044312
-0.0005662
-0.00071391
-0.00068929
-0.00054159
-0.00046773
-0.0005662
-0.00073853
-0.00071391
-0.0005662
-0.00049235
-0.00059082
-0.00073853
-0.00073853
-0.00059082
-0.00049235
-0.00059082
-0.00073853
-0.00073853
-0.0005662
-0.00049235
-0.00061544
-0.00076314
-0.00073853
-0.00059082
-0.00054159
-0.00064006
-0.00078776
-0.00076314
-0.00059082
-0.0004185
-0.00044312
-0.00049235
-0.00046773
-0.00071391
-0.00076314
-0.00061544
-0.00051697
-0.00061544
-0.00078776
-0.00078776
-0.00064006
-0.00054159
-0.00064006
-0.00081238
-0.00081238
-0.00064006
-0.00054159
-0.00064006
-0.00076314
-0.00076314
-0.00061544
-0.00051697
-0.00061544
-0.00076314
-0.00076314
-0.00061544
-0.00051697
-0.00061544
-0.00076314
-0.00076314
-0.00061544
-0.00051697
-0.00061544
-0.00076314
-0.00076314
-0.00061544
-0.00051697
-0.00059082
-0.00076314
-0.00076314
-0.00061544
-0.00051697
-0.00059082
-0.00049235
-0.0005662
-0.00071391
-0.00071391
-0.0005662
-0.00046773
-0.00054159
-0.00068929
-0.00068929
-0.00054159
-0.0004185
-0.00049235
-0.00066467
-0.00066467
-0.00054159
-0.0004185
-0.00049235
-0.00066467
-0.00068929
-0.0005662
-0.00046773
-0.00054159
-0.00071391
-0.00073853
-0.00061544
-0.00051697
-0.00059082
-0.00076314
-0.00078776
-0.00064006
-0.00054159
-0.00064006
-0.00078776
-0.00081238
-0.00066467
-0.0005662
-0.00064006
-0.00078776
-0.000837
-0.000837
-0.00071391
-0.00059082
-0.00064006
-0.00081238
-0.000837
-0.00071391
-0.00059082
-0.00066467
-0.00081238
-0.000837
-0.00071391
-0.00059082
-0.00066467
-0.00081238
-0.00086161
-0.00071391
-0.00059082
-0.00066467
-0.00081238
-0.00086161
-0.00071391
-0.00059082
-0.00066467
-0.00081238
-0.00086161
-0.00071391
-0.00059082
-0.00066467
-0.00081238
-0.00086161
-0.00071391
-0.00059082
-0.00064006
-0.00081238
-0.00086161
-0.00071391
-0.00059082
-0.00064006
-0.00081238
-0.00064006
-0.00081238
-0.00086161
-0.00073853
-0.00061544
-0.00066467
-0.000837
-0.00088623
-0.00076314
-0.00064006
-0.00068929
-0.000837
-0.00088623
-0.00076314
-0.00064006
-0.00068929
-0.00086161
-0.00091085
-0.00078776
-0.00066467
-0.00071391
-0.00088623
-0.00096008
-0.000837
-0.00071391
-0.00073853
-0.000837
-0.00081238
-0.00059082
-0.00036926
-0.00034465
-0.00054159
-0.00071391
-0.00068929
-0.00064006
-0.00071391
-0.00088623
-0.00093547
-0.000837
-0.00071391
-0.000837
-0.00071391
-0.00073853
-0.00088623
-0.00096008
-0.000837
-0.00068929
-0.00068929
-0.00086161
-0.00091085
-0.00081238
-0.00066467
-0.00068929
-0.00086161
-0.00091085
-0.00081238
-0.00066467
-0.00068929
-0.00086161
-0.00093547
-0.00081238
-0.00066467
-0.00068929
-0.00086161
-0.00093547
-0.00081238
-0.00066467
-0.00068929
-0.000837
-0.00091085
-0.00081238
-0.00066467
-0.00066467
-0.00081238
-0.00088623
-0.00078776
-0.00064006
-0.00064006
-0.00078776
-0.00086161
-0.00076314
-0.000837
-0.00073853
-0.00059082
-0.00059082
-0.00073853
-0.000837
-0.00073853
-0.00059082
-0.00061544
-0.00076314
-0.00086161
-0.00076314
-0.00061544
-0.00064006
-0.00078776
-0.00088623
-0.00081238
-0.00066467
-0.00066467
-0.00081238
-0.00091085
-0.00081238
-0.00066467
-0.00068929
-0.000837
-0.00093547
-0.000837
-0.00068929
-0.00068929
-0.000837
-0.00093547
-0.000837
-0.00068929
-0.00068929
-0.000837
-0.00093547
-0.000837
-0.00068929
-0.00068929
-0.00068929
-0.00068929
-0.000837
-0.00093547
-0.000837
-0.00068929
-0.00068929
-0.000837
-0.00093547
-0.000837
-0.00068929
-0.00068929
-0.000837
-0.00093547
-0.00086161
-0.00071391
-0.00068929
-0.000837
-0.00093547
-0.000837
-0.00068929
-0.00068929
-0.00081238
-0.00091085
-0.000837
-0.00068929
-0.00066467
-0.00081238
-0.00091085
-0.000837
-0.00068929
-0.00066467
-0.00081238
-0.00091085
-0.000837
-0.00068929
-0.00066467
-0.00081238
-0.00091085
-0.00086161
-0.00093547
-0.00086161
-0.00071391
-0.00068929
-0.00081238
-0.00093547
-0.00086161
-0.00071391
-0.00068929
-0.00081238
-0.00093547
-0.00086161
-0.00071391
-0.00071391
-0.000837
-0.00096008
-0.00086161
-0.00066467
-0.0005662
-0.00061544
-0.00064006
-0.00054159
-0.0004185
-0.00046773
-0.00068929
-0.00088623
-0.00086161
-0.00071391
-0.00068929
-0.00081238
-0.00093547
-0.00088623
-0.00073853
-0.00071391
-0.000837
-0.00096008
-0.00088623
-0.00073853
-0.00071391
-0.00081238
-0.00078776
-0.00091085
-0.00086161
-0.00071391
-0.00066467
-0.00078776
-0.00091085
-0.00086161
-0.00071391
-0.00066467
-0.00078776
-0.00091085
-0.00086161
-0.00068929
-0.00064006
-0.00076314
-0.00088623
-0.000837
-0.00068929
-0.00064006
-0.00073853
-0.00086161
-0.00081238
-0.00064006
-0.00059082
-0.00071391
-0.000837
-0.00078776
-0.00061544
-0.0005662
-0.00068929
-0.00081238
-0.00073853
-0.00059082
-0.00054159
-0.00064006
-0.00078776
-0.00073853
-0.00059082
-0.00054159
-0.0005662
-0.00068929
-0.00081238
-0.00078776
-0.00064006
-0.00059082
-0.00071391
-0.00086161
-0.00081238
-0.00068929
-0.00061544
-0.00073853
-0.00086161
-0.000837
-0.00068929
-0.00064006
-0.00073853
-0.00088623
-0.00086161
-0.00071391
-0.00064006
-0.00076314
-0.00088623
-0.00086161
-0.00071391
-0.00064006
-0.00076314
-0.00088623
-0.00086161
-0.00071391
-0.00064006
-0.00076314
-0.00088623
-0.00086161
-0.00071391
-0.00064006
-0.00076314
-0.00088623
-0.00086161
-0.00071391
-0.00086161
-0.00071391
-0.00066467
-0.00076314
-0.00088623
-0.00086161
-0.00071391
-0.00064006
-0.00073853
-0.00088623
-0.00086161
-0.00071391
-0.00064006
-0.00073853
-0.00086161
-0.00086161
-0.00071391
-0.00064006
-0.00073853
-0.00086161
-0.00086161
-0.00071391
-0.00064006
-0.00073853
-0.00088623
-0.00086161
-0.00073853
-0.00066467
-0.00076314
-0.00088623
-0.00088623
-0.00073853
-0.00066467
-0.00076314
-0.00088623
-0.00088623
-0.00073853
-0.00066467
-0.00076314
-0.00088623
-0.00076314
-0.00093547
-0.00093547
-0.00078776
-0.00071391
-0.00076314
-0.00086161
-0.00078776
-0.0005662
-0.00039388
-0.00044312
-0.00064006
-0.00073853
-0.00068929
-0.00066467
-0.00078776
-0.00093547
-0.00093547
-0.00081238
-0.00071391
-0.00078776
-0.00093547
-0.00096008
-0.00081238
-0.00071391
-0.00081238
-0.00093547
-0.00093547
-0.00078776
-0.00068929
-0.00076314
-0.00091085
-0.00091085
-0.00076314
-0.00066467
-0.00076314
-0.00091085
-0.00091085
-0.00078776
-0.00068929
-0.00076314
-0.00066467
-0.00073853
-0.00088623
-0.00091085
-0.00076314
-0.00066467
-0.00073853
-0.00088623
-0.00088623
-0.00076314
-0.00064006
-0.00071391
-0.00086161
-0.00088623
-0.00073853
-0.00061544
-0.00068929
-0.00081238
-0.000837
-0.00068929
-0.00059082
-0.00066467
-0.00078776
-0.00081238
-0.00068929
-0.0005662
-0.00064006
-0.00078776
-0.00081238
-0.00068929
-0.0005662
-0.00064006
-0.00081238
-0.000837
-0.00071391
-0.00061544
-0.00068929
-0.000837
-0.00088623
-0.00091085
-0.00078776
-0.00066467
-0.00073853
-0.00088623
-0.00093547
-0.00081238
-0.00068929
-0.00076314
-0.00091085
-0.00093547
-0.00081238
-0.00071391
-0.00076314
-0.00091085
-0.00096008
-0.000837
-0.00071391
-0.00076314
-0.00091085
-0.00096008
-0.000837
-0.00071391
-0.00076314
-0.00091085
-0.00096008
-0.000837
-0.00071391
-0.00076314
-0.00091085
-0.00096008
-0.000837
-0.00071391
-0.00076314
-0.00091085
-0.00093547
-0.00081238
-0.00068929
-0.00073853
-0.00088623
-0.00073853
-0.00088623
-0.00093547
-0.00081238
-0.00068929
-0.00073853
-0.00088623
-0.00093547
-0.000837
-0.00071391
-0.00073853
-0.00088623
-0.00093547
-0.000837
-0.00071391
-0.00076314
-0.00091085
-0.0009847
-0.00086161
-0.00073853
-0.00076314
-0.00091085
-0.0009847
-0.00086161
-0.00073853
-0.00076314
-0.00093547
-0.0009847
-0.00088623
-0.00076314
-0.00078776
-0.00093547
-0.0009847
-0.00088623
-0.00078776
-0.00081238
-0.00096008
-0.0010093
-0.000837
-0.00064006
-0.00061544
-0.0005662
-0.00068929
-0.00091085
-0.0010093
-0.00091085
-0.00078776
-0.00081238
-0.00096008
-0.0010339
-0.00091085
-0.00078776
-0.00081238
-0.00096008
-0.0010339
-0.00093547
-0.00078776
-0.00078776
-0.00093547
-0.0009847
-0.00088623
-0.00073853
-0.00076314
-0.00091085
-0.0009847
-0.00088623
-0.00073853
-0.00076314
-0.00091085
-0.0009847
-0.00088623
-0.00073853
-0.00076314
-0.00091085
-0.0009847
-0.00086161
-0.00073853
-0.00073853
-0.00088623
-0.00096008
-0.00088623
-0.00096008
-0.00086161
-0.00071391
-0.00071391
-0.000837
-0.00091085
-0.00081238
-0.00066467
-0.00066467
-0.00081238
-0.00088623
-0.00078776
-0.00064006
-0.00064006
-0.00078776
-0.00086161
-0.00078776
-0.00064006
-0.00066467
-0.00081238
-0.00088623
-0.00081238
-0.00068929
-0.00068929
-0.000837
-0.00093547
-0.00086161
-0.00073853
-0.00073853
-0.00086161
-0.00096008
-0.00088623
-0.00073853
-0.00076314
-0.00088623
-0.0009847
-0.00091085
-0.00076314
-0.00076314
-0.00076314
-0.00091085
-0.0010093
-0.00091085
-0.00076314
-0.00076314
-0.00091085
-0.0010093
-0.00093547
-0.00078776
-0.00076314
-0.00091085
-0.0010093
-0.00093547
-0.00078776
-0.00076314
-0.00091085
-0.0010093
-0.00093547
-0.00078776
-0.00078776
-0.00091085
-0.0010093
-0.00093547
-0.00078776
-0.00076314
-0.00088623
-0.0010093
-0.00093547
-0.00078776
-0.00076314
-0.00091085
-0.0010093
-0.00093547
-0.00078776
-0.00076314
-0.00088623
-0.0010093
-0.00093547
-0.00078776
-0.00093547
-0.00078776
-0.00076314
-0.00091085
-0.0010093
-0.00096008
-0.00081238
-0.00078776
-0.00091085
-0.0010339
-0.00096008
-0.00081238
-0.00078776
-0.00093547
-0.0010339
-0.0009847
-0.000837
-0.00081238
-0.00093547
-0.0010339
-0.0009847
-0.000837
-0.00081238
-0.00096008
-0.0010832
-0.0010093
-0.00086161
-0.00076314
-0.00081238
-0.000837
-0.00068929
-0.00049235
-0.00051697
-0.00073853
-0.00093547
-0.00096008
-0.00086161
-0.00081238
-0.00093547
-0.0010586
-0.00096008
-0.0010832
-0.0010339
-0.00088623
-0.000837
-0.00096008
-0.0010586
-0.0010093
-0.00086161
-0.00081238
-0.00093547
-0.0010339
-0.0010093
-0.00086161
-0.00081238
-0.00093547
-0.0010339
-0.0010093
-0.00086161
-0.00081238
-0.00093547
-0.0010339
-0.0009847
-0.00086161
-0.00081238
-0.00091085
-0.0010339
-0.0009847
-0.000837
-0.00078776
-0.00091085
-0.0010093
-0.0009847
-0.000837
-0.00076314
-0.00088623
-0.0009847
-0.00093547
-0.00078776
-0.00073853
-0.00076314
-0.00068929
-0.00081238
-0.00093547
-0.00088623
-0.00073853
-0.00068929
-0.00081238
-0.00093547
-0.00091085
-0.00076314
-0.00071391
-0.000837
-0.0009847
-0.00096008
-0.00081238
-0.00076314
-0.00088623
-0.0010093
-0.0009847
-0.00086161
-0.00078776
-0.00091085
-0.0010586
-0.0010339
-0.00088623
-0.00081238
-0.00093547
-0.0010586
-0.0010339
-0.00091085
-0.000837
-0.00093547
-0.0010586
-0.0010586
-0.00091085
-0.000837
-0.00093547
-0.0010832
-0.0010586
-0.0010832
-0.0010586
-0.00091085
-0.000837
-0.00093547
-0.0010832
-0.0010586
-0.00091085
-0.00086161
-0.00096008
-0.0010832
-0.0010586
-0.00091085
-0.00086161
-0.00093547
-0.0010832
-0.0010586
-0.00091085
-0.000837
-0.00093547
-0.0010586
-0.0010586
-0.00091085
-0.000837
-0.00093547
-0.0010586
-0.0010586
-0.00093547
-0.000837
-0.00093547
-0.0010832
-0.0010832
-0.00093547
-0.00086161
-0.00093547
-0.0010832
-0.0010832
-0.00093547
-0.00086161
-0.00096008
-0.00088623
-0.00096008
-0.0011078
-0.0011078
-0.00096008
-0.00088623
-0.00096008
-0.0011078
-0.0011078
-0.00096008
-0.00088623
-0.0009847
-0.0011324
-0.0011324
-0.0010093
-0.00093547
-0.0009847
-0.0010586
-0.0010093
-0.00078776
-0.00059082
-0.00061544
-0.00081238
-0.00088623
-0.00086161
-0.000837
-0.00096008
-0.0011078
-0.0011324
-0.0010093
-0.00091085
-0.0010093
-0.001157
-0.001157
-0.0010339
-0.00093547
-0.0010093
-0.001157
-0.001157
-0.0010093
-0.0011324
-0.0009847
-0.00088623
-0.00096008
-0.0011078
-0.0011078
-0.0009847
-0.00088623
-0.00096008
-0.0011078
-0.0011324
-0.0009847
-0.00088623
-0.00096008
-0.0011078
-0.0011078
-0.0009847
-0.00088623
-0.00093547
-0.0010832
-0.0011078
-0.00096008
-0.00086161
-0.00091085
-0.0010586
-0.0010832
-0.00093547
-0.000837
-0.00088623
-0.0010093
-0.0010339
-0.00091085
-0.00078776
-0.000837
-0.0009847
-0.0010093
-0.00086161
-0.00076314
-0.00081238
-0.00096008
-0.000837
-0.0009847
-0.0010339
-0.00091085
-0.00081238
-0.00086161
-0.0010339
-0.0010586
-0.00093547
-0.000837
-0.00091085
-0.0010586
-0.0010832
-0.00096008
-0.00086161
-0.00091085
-0.0010586
-0.0011078
-0.0009847
-0.00086161
-0.00091085
-0.0010586
-0.0011078
-0.0009847
-0.00086161
-0.00091085
-0.0010586
-0.0010832
-0.0009847
-0.00086161
-0.00091085
-0.0010586
-0.0011078
-0.0009847
-0.00086161
-0.00091085
-0.0010586
-0.0011078
-0.0009847
-0.00086161
-0.0009847
-0.00086161
-0.00088623
-0.0010339
-0.0010832
-0.00096008
-0.000837
-0.00088623
-0.0010339
-0.0010832
-0.00096008
-0.000837
-0.00088623
-0.0010339
-0.0010832
-0.00096008
-0.000837
-0.00088623
-0.0010093
-0.0010832
-0.00096008
-0.000837
-0.00088623
-0.0010339
-0.0010586
-0.00096008
-0.000837
-0.00088623
-0.0010339
-0.0010832
-0.0009847
-0.00086161
-0.00088623
-0.0010339
-0.0010832
-0.0009847
-0.00086161
-0.00088623
-0.0010339
-0.0011078
-0.0010339
-0.0010832
-0.0009847
-0.00088623
-0.00091085
-0.0010586
-0.0011078
-0.00096008
-0.00078776
-0.00073853
-0.00078776
-0.00078776
-0.00068929
-0.00064006
-0.00073853
-0.00096008
-0.0010832
-0.0010093
-0.00088623
-0.00088623
-0.0010339
-0.0011078
-0.0010093
-0.00088623
-0.00091085
-0.0010586
-0.0011324
-0.0010339
-0.00088623
-0.00091085
-0.0010339
-0.0010832
-0.0009847
-0.00086161
-0.00086161
-0.0010093
-0.0010832
-0.0009847
-0.00086161
-0.00086161
-0.000837
-0.00086161
-0.0009847
-0.0010586
-0.0009847
-0.000837
-0.00086161
-0.0009847
-0.0010586
-0.00096008
-0.000837
-0.000837
-0.00096008
-0.0010339
-0.00093547
-0.00081238
-0.00081238
-0.00093547
-0.0010093
-0.00091085
-0.00078776
-0.00078776
-0.00091085
-0.0009847
-0.00088623
-0.00073853
-0.00073853
-0.00088623
-0.00096008
-0.00086161
-0.00073853
-0.00073853
-0.00088623
-0.0009847
-0.00088623
-0.00076314
-0.00076314
-0.00091085
-0.0010093
-0.00093547
-0.00096008
-0.00081238
-0.00081238
-0.00096008
-0.0010339
-0.00096008
-0.000837
-0.000837
-0.00096008
-0.0010586
-0.0009847
-0.000837
-0.000837
-0.00096008
-0.0010586
-0.0009847
-0.000837
-0.000837
-0.00096008
-0.0010586
-0.0009847
-0.000837
-0.000837
-0.00096008
-0.0010586
-0.0009847
-0.000837
-0.000837
-0.00096008
-0.0010586
-0.0009847
-0.000837
-0.000837
-0.00096008
-0.0010339
-0.00096008
-0.000837
-0.00081238
-0.00096008
-0.0010586
-0.0010339
-0.00096008
-0.00081238
-0.00078776
-0.00093547
-0.0010339
-0.00096008
-0.000837
-0.00081238
-0.00093547
-0.0010339
-0.00096008
-0.000837
-0.00081238
-0.00093547
-0.0010339
-0.0009847
-0.000837
-0.00081238
-0.00093547
-0.0010339
-0.0009847
-0.000837
-0.00081238
-0.00096008
-0.0010586
-0.0009847
-0.00086161
-0.000837
-0.00093547
-0.0010339
-0.0009847
-0.00086161
-0.000837
-0.00096008
-0.0010832
-0.0010339
-0.00088623
-0.00081238
-0.00086161
-0.00051697
-0.00068929
-0.00091085
-0.00093547
-0.00086161
-0.000837
-0.00096008
-0.0010586
-0.0010339
-0.00088623
-0.00086161
-0.0009847
-0.0010832
-0.0010339
-0.00091085
-0.00086161
-0.0009847
-0.0010832
-0.0010093
-0.00086161
-0.000837
-0.00093547
-0.0010586
-0.0010093
-0.00088623
-0.000837
-0.00093547
-0.0010586
-0.0010093
-0.00086161
-0.000837
-0.00093547
-0.0010586
-0.0010093
-0.00086161
-0.00081238
-0.00091085
-0.0010339
-0.0009847
-0.000837
-0.0009847
-0.000837
-0.00078776
-0.00088623
-0.0010093
-0.00096008
-0.00081238
-0.00073853
-0.000837
-0.00096008
-0.00091085
-0.00076314
-0.00071391
-0.00081238
-0.00093547
-0.00088623
-0.00073853
-0.00068929
-0.00078776
-0.00091085
-0.00088623
-0.00076314
-0.00071391
-0.00081238
-0.00096008
-0.00093547
-0.00081238
-0.00076314
-0.00086161
-0.0009847
-0.0009847
-0.000837
-0.00078776
-0.00088623
-0.0010093
-0.0009847
-0.00086161
-0.00081238
-0.00091085
-0.0010339
-0.00091085
-0.0010339
-0.0010093
-0.00088623
-0.00081238
-0.00091085
-0.0010339
-0.0010339
-0.00088623
-0.00081238
-0.00091085
-0.0010339
-0.0010339
-0.00088623
-0.00081238
-0.00091085
-0.0010586
-0.0010339
-0.00088623
-0.000837
-0.00091085
-0.0010339
-0.0010339
-0.00091085
-0.000837
-0.00091085
-0.0010339
-0.0010339
-0.00091085
-0.000837
-0.00091085
-0.0010586
-0.0010339
-0.00091085
-0.00081238
-0.00091085
-0.0010339
-0.0010339
-0.00091085
-0.000837
-0.00091085
-0.000837
-0.00091085
-0.0010586
-0.0010586
-0.00093547
-0.00086161
-0.00093547
-0.0010832
-0.0010586
-0.00093547
-0.00086161
-0.00093547
-0.0010832
-0.0010586
-0.00093547
-0.00086161
-0.00096008
-0.0010832
-0.0010832
-0.00093547
-0.00086161
-0.00096008
-0.0011078
-0.0011078
-0.0009847
-0.00091085
-0.00096008
-0.0010339
-0.00096008
-0.00073853
-0.0005662
-0.00061544
-0.00078776
-0.00091085
-0.00086161
-0.00086161
-0.00096008
-0.0011078
-0.0011078
-0.0011324
-0.0011324
-0.0010093
-0.00093547
-0.0009847
-0.0011324
-0.0011324
-0.0009847
-0.00088623
-0.00096008
-0.0010832
-0.0011078
-0.0009847
-0.00088623
-0.00096008
-0.0010832
-0.0011078
-0.0009847
-0.00088623
-0.00096008
-0.0010832
-0.0011078
-0.0009847
-0.00088623
-0.00096008
-0.0010832
-0.0011078
-0.00096008
-0.00088623
-0.00093547
-0.0010832
-0.0010832
-0.00096008
-0.00086161
-0.00091085
-0.0010586
-0.0010586
-0.00093547
-0.00081238
-0.00088623
-0.00078776
-0.000837
-0.0009847
-0.0010093
-0.00088623
-0.00076314
-0.000837
-0.0009847
-0.0010093
-0.00088623
-0.00078776
-0.00086161
-0.0010093
-0.0010339
-0.00093547
-0.000837
-0.00091085
-0.0010586
-0.0010832
-0.0009847
-0.00088623
-0.00093547
-0.0010832
-0.0011078
-0.0009847
-0.00088623
-0.00096008
-0.0010832
-0.0011324
-0.0010093
-0.00091085
-0.00096008
-0.0011078
-0.0011324
-0.0010339
-0.00091085
-0.0009847
-0.0011078
-0.001157
-0.0010339
