2018
8
2
9
48
53.946
-0.020802
-0.020802
-0.020826
-0.020826
-0.020802
-0.020802
-0.020802
-0.020802
-0.020802
-0.020802
-0.020777
-0.020777
-0.020802
-0.020802
-0.020802
-0.020777
-0.020777
-0.020802
-0.020826
-0.020802
-0.020802
-0.020802
-0.020802
-0.020826
-0.020826
-0.020802
-0.020802
-0.020826
-0.020826
-0.020826
-0.020802
-0.020802
-0.020802
-0.020802
-0.020802
-0.020777
-0.020777
-0.020802
-0.020802
-0.020802
-0.020802
-0.020777
-0.020777
-0.020777
-0.020777
-0.020753
-0.020728
-0.020728
-0.020777
-0.020851
-0.020925
-0.021023
-0.021146
-0.02127
-0.021343
-0.02127
-0.021097
-0.020925
-0.020826
-0.020753
-0.020679
-0.020605
-0.02058
-0.020556
-0.02058
-0.02058
-0.020629
-0.020629
-0.020654
-0.020679
-0.020679
-0.020703
-0.020728
-0.020777
-0.020802
-0.020802
-0.020802
-0.020802
-0.020802
-0.020826
-0.020802
-0.020826
-0.020826
-0.020802
-0.020802
-0.020802
-0.020802
-0.020802
-0.020802
-0.020802
-0.020802
-0.020826
-0.020826
-0.020802
-0.020802
-0.020826
-0.020851
-0.020851
-0.020851
-0.020851
-0.020876
-0.0209
-0.0209
-0.0209
-0.0209
-0.0209
-0.020925
-0.020925
-0.020925
-0.020925
-0.020925
-0.02095
-0.02095
-0.020925
-0.0209
-0.0209
-0.0209
-0.0209
-0.020876
-0.020851
-0.020826
-0.020802
-0.020802
-0.020826
-0.020826
-0.020802
-0.020777
-0.020802
-0.020802
-0.020802
-0.020777
-0.020777
-0.020777
-0.020777
-0.020777
-0.020753
-0.020753
-0.020753
-0.020777
-0.020777
-0.020777
-0.020753
-0.020777
-0.020777
-0.020777
-0.020753
-0.020753
-0.020753
-0.020777
-0.020777
-0.020753
-0.020753
-0.020753
-0.020777
-0.020777
-0.020753
-0.020753
-0.020753
-0.020753
-0.020753
-0.020753
-0.020728
-0.020703
-0.020728
-0.020728
-0.020728
-0.020728
-0.020703
-0.020728
-0.020728
-0.020753
-0.020753
-0.020728
-0.020728
-0.020753
-0.020753
-0.020728
-0.020703
-0.020728
-0.020728
-0.020728
-0.020703
-0.020703
-0.020703
-0.020703
-0.020703
-0.020703
-0.020679
-0.020703
-0.020728
-0.020728
-0.020703
-0.020703
-0.020703
-0.020703
-0.020703
-0.020654
-0.020629
-0.020654
-0.020703
-0.021122
-0.021245
-0.02122
-0.021073
-0.0209
-0.020777
-0.020679
-0.020629
-0.020556
-0.020506
-0.020482
-0.020482
-0.020482
-0.020531
-0.020531
-0.020556
-0.02058
-0.02058
-0.020605
-0.020629
-0.020654
-0.020703
-0.020703
-0.020703
-0.020703
-0.020703
-0.020728
-0.020728
-0.020703
-0.020703
-0.020703
-0.020728
-0.020728
-0.020728
-0.020703
-0.020703
-0.020728
-0.020728
-0.020728
-0.020703
-0.020728
-0.020703
-0.020728
-0.020728
-0.020753
-0.020753
-0.020753
-0.020753
-0.020777
-0.020802
-0.020802
-0.020802
-0.020802
-0.020826
-0.020851
-0.020851
-0.020826
-0.020826
-0.020851
-0.020851
-0.020851
-0.020826
-0.020826
-0.020826
-0.020826
-0.020802
-0.020777
-0.020777
-0.020777
-0.020777
-0.020753
-0.020728
-0.020728
-0.020728
-0.020728
-0.020703
-0.020703
-0.020679
-0.020703
-0.020703
-0.020679
-0.020679
-0.020654
-0.020654
-0.020679
-0.020679
-0.020679
-0.020679
-0.020679
-0.020679
-0.020679
-0.020679
-0.020679
-0.020654
-0.020679
-0.020679
-0.020679
-0.020654
-0.020654
-0.020679
-0.020679
-0.020679
-0.020654
-0.020654
-0.020654
-0.020654
-0.020654
-0.020629
-0.020629
-0.020629
-0.020654
-0.020654
-0.020629
-0.020629
-0.020629
-0.020654
-0.020654
-0.020629
-0.020629
-0.020629
-0.020654
-0.020654
-0.020654
-0.020654
-0.020654
-0.020629
-0.020629
-0.020654
-0.020629
-0.020629
-0.020605
-0.020629
-0.020629
-0.020629
-0.020629
-0.020605
-0.020629
-0.020629
-0.020629
-0.020605
-0.020605
-0.020629
-0.020629
-0.020605
-0.02058
-0.020556
-0.02058
-0.020629
-0.020679
-0.020777
-0.020876
-0.021023
-0.021146
-0.021171
-0.021048
-0.020876
-0.020728
-0.020629
-0.02058
-0.020482
-0.020506
-0.020506
-0.020531
-0.02058
-0.020629
-0.020629
-0.020629
-0.020629
-0.020654
-0.020654
-0.020654
-0.020629
-0.020629
-0.020654
-0.020654
-0.020654
-0.020654
-0.020629
-0.020654
-0.020654
-0.020654
-0.020654
-0.020654
-0.020654
-0.020679
-0.020679
-0.020654
-0.020654
-0.020679
-0.020703
-0.020703
-0.020679
-0.020679
-0.020703
-0.020728
-0.020728
-0.020728
-0.020728
-0.020753
-0.020777
-0.020728
-0.020728
-0.020728
-0.020703
-0.020679
-0.020679
-0.020679
-0.020679
-0.020679
-0.020654
-0.020654
-0.020654
-0.020654
-0.020654
-0.020629
-0.020629
-0.020654
-0.020654
-0.020629
-0.020629
-0.020629
-0.020654
-0.020654
-0.020629
-0.020605
-0.020629
-0.020629
-0.020629
-0.020629
-0.020605
-0.020629
-0.020629
-0.020629
-0.020629
-0.020605
-0.020629
-0.020629
-0.020629
-0.020605
-0.020605
-0.020605
-0.02058
-0.020605
-0.020605
-0.020605
-0.020605
-0.02058
-0.02058
-0.020605
-0.020605
-0.020605
-0.02058
-0.02058
-0.020605
-0.020605
-0.020605
-0.020605
-0.020605
-0.020629
-0.020629
-0.020605
-0.020605
-0.020605
-0.020605
-0.020605
-0.02058
-0.02058
-0.02058
-0.02058
-0.02058
-0.02058
-0.020556
-0.020556
-0.02058
-0.02058
-0.020556
-0.020556
-0.020556
-0.02058
-0.02058
-0.020531
-0.020556
-0.020605
-0.020679
-0.020777
-0.020925
-0.021048
-0.021097
-0.021023
-0.020876
-0.020728
-0.020629
-0.020531
-0.020457
-0.020408
-0.020383
-0.020383
-0.020359
-0.020359
-0.020408
-0.020457
-0.020482
-0.020457
-0.020457
-0.020482
-0.020531
-0.020556
-0.02058
-0.02058
-0.02058
-0.020605
-0.020605
-0.020605
-0.02058
-0.02058
-0.020605
-0.020605
-0.020605
-0.02058
-0.02058
-0.020605
-0.020605
-0.020605
-0.020629
-0.020629
-0.020605
-0.020605
-0.020629
-0.020654
-0.020654
-0.020629
-0.020629
-0.020654
-0.020679
-0.020679
-0.020679
-0.020679
-0.020703
-0.020728
-0.020728
-0.020728
-0.020728
-0.020753
-0.020753
-0.020753
-0.020728
-0.020728
-0.020728
-0.020728
-0.020728
-0.020703
-0.020679
-0.020679
-0.020679
-0.020679
-0.020654
-0.020629
-0.020654
-0.020654
-0.020629
-0.020605
-0.020605
-0.02058
-0.02058
-0.02058
-0.02058
-0.02058
-0.020556
-0.020556
-0.02058
-0.02058
-0.02058
-0.02058
-0.020556
-0.02058
-0.02058
-0.02058
-0.02058
-0.02058
-0.02058
-0.02058
-0.02058
-0.02058
-0.02058
-0.02058
-0.020605
-0.020605
-0.02058
-0.02058
-0.02058
-0.020605
-0.02058
-0.02058
-0.020556
-0.02058
-0.02058
-0.02058
-0.020556
-0.020556
-0.020556
-0.020556
-0.020556
-0.02058
-0.02058
-0.020556
-0.02058
-0.02058
-0.020605
-0.020605
-0.02058
-0.02058
-0.02058
-0.02058
-0.02058
-0.020556
-0.020556
-0.020556
-0.020556
-0.020556
-0.020556
-0.020531
-0.020556
-0.020556
-0.020556
-0.020556
-0.020556
-0.020556
-0.02058
-0.02058
-0.020556
-0.020531
-0.020506
-0.020506
-0.020531
-0.020556
-0.020629
-0.020753
-0.020876
-0.020999
-0.021073
-0.020654
-0.020531
-0.020433
-0.020383
-0.020383
-0.020359
-0.020334
-0.020334
-0.020383
-0.020433
-0.020457
-0.020457
-0.020433
-0.020482
-0.020506
-0.020556
-0.020556
-0.020556
-0.02058
-0.020605
-0.020605
-0.02058
-0.02058
-0.02058
-0.020605
-0.020605
-0.020605
-0.02058
-0.020605
-0.020605
-0.020629
-0.020605
-0.020605
-0.020605
-0.020629
-0.020629
-0.020629
-0.020605
-0.020605
-0.020629
-0.020654
-0.020679
-0.020679
-0.020679
-0.020679
-0.020679
-0.020703
-0.020728
-0.020728
-0.020703
-0.020728
-0.020728
-0.020753
-0.020728
-0.020728
-0.020728
-0.020728
-0.020728
-0.020703
-0.020679
-0.020679
-0.020679
-0.020679
-0.020654
-0.020629
-0.020629
-0.020629
-0.020629
-0.020629
-0.020605
-0.020605
-0.020605
-0.020605
-0.02058
-0.02058
-0.02058
-0.02058
-0.02058
-0.02058
-0.020556
-0.020556
-0.020556
-0.020556
-0.020556
-0.02058
-0.020556
-0.020556
-0.020556
-0.02058
-0.02058
-0.02058
-0.020556
-0.020556
-0.02058
-0.02058
-0.02058
-0.020556
-0.020556
-0.02058
-0.02058
-0.02058
-0.020556
-0.020556
-0.020556
-0.02058
-0.020556
-0.020556
-0.020556
-0.020556
-0.020556
-0.020556
-0.020556
-0.020556
-0.020556
-0.02058
-0.020556
-0.020556
-0.020556
-0.02058
-0.02058
-0.02058
-0.02058
-0.020556
-0.020556
-0.020531
-0.020556
-0.020556
-0.020531
-0.020531
-0.020531
-0.020531
-0.020556
-0.020531
-0.020531
-0.020531
-0.020531
-0.020556
-0.020556
-0.020531
-0.020506
-0.020506
-0.020482
-0.020482
-0.020506
-0.020556
-0.020654
-0.020777
-0.0209
-0.020999
-0.021073
-0.020999
-0.020851
-0.020703
-0.020556
-0.020457
-0.020408
-0.020359
-0.020334
-0.020309
-0.020285
-0.020408
-0.020408
-0.020433
-0.020482
-0.020506
-0.020506
-0.020531
-0.020556
-0.020556
-0.020556
-0.020556
-0.020556
-0.020556
-0.02058
-0.020556
-0.020556
-0.020556
-0.020556
-0.02058
-0.02058
-0.020556
-0.020556
-0.020556
-0.02058
-0.02058
-0.020556
-0.020556
-0.02058
-0.02058
-0.020605
-0.02058
-0.02058
-0.020605
-0.020629
-0.020629
-0.020629
-0.020629
-0.020654
-0.020679
-0.020679
-0.020703
-0.020703
-0.020679
-0.020703
-0.020703
-0.020703
-0.020679
-0.020654
-0.020654
-0.020654
-0.020654
-0.020629
-0.020605
-0.020605
-0.020605
-0.020605
-0.02058
-0.020556
-0.020556
-0.020556
-0.020556
-0.020531
-0.020531
-0.020531
-0.020556
-0.020556
-0.020531
-0.020531
-0.020531
-0.020556
-0.020531
-0.020531
-0.020531
-0.020531
-0.020556
-0.020556
-0.020531
-0.020531
-0.020531
-0.020531
-0.020531
-0.020531
-0.020531
-0.020531
-0.020506
-0.020531
-0.020531
-0.020531
-0.020531
-0.020506
-0.020506
-0.020531
-0.020531
-0.020506
-0.020506
-0.020506
-0.020506
-0.020506
-0.020506
-0.020482
-0.020506
-0.020506
-0.020506
-0.020506
-0.020482
-0.020506
-0.020531
-0.020531
-0.020506
-0.020506
-0.020506
-0.020531
-0.020531
-0.020506
-0.020506
-0.020506
-0.020506
-0.020506
-0.020506
-0.020482
-0.020506
-0.020482
-0.020506
-0.020506
-0.020531
-0.020506
-0.020506
-0.020482
-0.020482
-0.020457
-0.020457
-0.020457
-0.020531
-0.020629
-0.020728
-0.020851
-0.020974
-0.021048
-0.020999
-0.020851
-0.020679
-0.020531
-0.020433
-0.020383
-0.020334
-0.020285
-0.02026
-0.02026
-0.020309
-0.020359
-0.020383
-0.020383
-0.020383
-0.020408
-0.020433
-0.020457
-0.020482
-0.020506
-0.020531
-0.020531
-0.020531
-0.020531
-0.020531
-0.020506
-0.020506
-0.020531
-0.020531
-0.020506
-0.020506
-0.020506
-0.020531
-0.020531
-0.020531
-0.020506
-0.020506
-0.020531
-0.020531
-0.020531
-0.020531
-0.020531
-0.020556
-0.020556
-0.020556
-0.020556
-0.02058
-0.020605
-0.020605
-0.020605
-0.020605
-0.020629
-0.020654
-0.020654
-0.020654
-0.020654
-0.020654
-0.020654
-0.020654
-0.020629
-0.020605
-0.020605
-0.02058
-0.020556
-0.020556
-0.020556
-0.020556
-0.020531
-0.020506
-0.020531
-0.020531
-0.020506
-0.020482
-0.020482
-0.020506
-0.020506
-0.020482
-0.020482
-0.020482
-0.020482
-0.020506
-0.020482
-0.020482
-0.020482
-0.020482
-0.020506
-0.020482
-0.020482
-0.020482
-0.020482
-0.020506
-0.020482
-0.020482
-0.020482
-0.020482
-0.020506
-0.020482
-0.020482
-0.020482
-0.020482
-0.020482
-0.020482
-0.020482
-0.020457
-0.020457
-0.020457
-0.020457
-0.020457
-0.020457
-0.020433
-0.020433
-0.020457
-0.020457
-0.020457
-0.020433
-0.020433
-0.020457
-0.020482
-0.020482
-0.020457
-0.020457
-0.020457
-0.020482
-0.020457
-0.020433
-0.020433
-0.020433
-0.020457
-0.020433
-0.020433
-0.020408
-0.020433
-0.020433
-0.020433
-0.020433
-0.020408
-0.020433
-0.020457
-0.020433
-0.020433
-0.020433
-0.020433
-0.020383
-0.020457
-0.020556
-0.020654
-0.020777
-0.0209
-0.020974
-0.020925
-0.020753
-0.02058
-0.020457
-0.020383
-0.020334
-0.020285
-0.020236
-0.020186
-0.020186
-0.020236
-0.020285
-0.020285
-0.020285
-0.020285
-0.020309
-0.020334
-0.020359
-0.020383
-0.020408
-0.020433
-0.020433
-0.020433
-0.020433
-0.020433
-0.020457
-0.020457
-0.020433
-0.020433
-0.020433
-0.020457
-0.020457
-0.020433
-0.020457
-0.020457
-0.020457
-0.020457
-0.020482
-0.020482
-0.020457
-0.020457
-0.020482
-0.020506
-0.020506
-0.020506
-0.020506
-0.020531
-0.020556
-0.02058
-0.02058
-0.02058
-0.020605
-0.020605
-0.020629
-0.020605
-0.020605
-0.020629
-0.020629
-0.020629
-0.020605
-0.020605
-0.020605
-0.020605
-0.02058
-0.020556
-0.020531
-0.020531
-0.020531
-0.020531
-0.020506
-0.020506
-0.020506
-0.020506
-0.020482
-0.020482
-0.020482
-0.020482
-0.020457
-0.020457
-0.020482
-0.020482
-0.020482
-0.020457
-0.020482
-0.020482
-0.020482
-0.020482
-0.020457
-0.020482
-0.020482
-0.020482
-0.020482
-0.020457
-0.020457
-0.020482
-0.020482
-0.020482
-0.020457
-0.020457
-0.020482
-0.020482
-0.020457
-0.020457
-0.020457
-0.020482
-0.020482
-0.020457
-0.020457
-0.020457
-0.020457
-0.020457
-0.020457
-0.020433
-0.020457
-0.020457
-0.020457
-0.020482
-0.020482
-0.020482
-0.020457
-0.020457
-0.020482
-0.020482
-0.020457
-0.020457
-0.020457
-0.020457
-0.020457
-0.020457
-0.020433
-0.020433
-0.020433
-0.020457
-0.020433
-0.020433
-0.020433
-0.020433
-0.020457
-0.020433
-0.020433
-0.020433
-0.020433
-0.020408
-0.020383
-0.020383
-0.020383
-0.020457
-0.020556
-0.020654
-0.020777
-0.0209
-0.020974
-0.020925
-0.020408
-0.020334
-0.020285
-0.020236
-0.020211
-0.020211
-0.020236
-0.02026
-0.020285
-0.020309
-0.020309
-0.020309
-0.020334
-0.020359
-0.020383
-0.020408
-0.020433
-0.020433
-0.020433
-0.020433
-0.020433
-0.020457
-0.020457
-0.020433
-0.020433
-0.020433
-0.020457
-0.020457
-0.020433
-0.020433
-0.020457
-0.020457
-0.020457
-0.020457
-0.020457
-0.020457
-0.020482
-0.020482
-0.020457
-0.020457
-0.020506
-0.020506
-0.020531
-0.020556
-0.020556
-0.020556
-0.020556
-0.02058
-0.02058
-0.02058
-0.02058
-0.02058
-0.020605
-0.020605
-0.02058
-0.02058
-0.020556
-0.020556
-0.020556
-0.020531
-0.020531
-0.020506
-0.020506
-0.020506
-0.020506
-0.020482
-0.020457
-0.020482
-0.020482
-0.020457
-0.020457
-0.020433
-0.020457
-0.020457
-0.020457
-0.020433
-0.020433
-0.020433
-0.020433
-0.020433
-0.020433
-0.020433
-0.020408
-0.020408
-0.020433
-0.020433
-0.020433
-0.020408
-0.020408
-0.020433
-0.020433
-0.020433
-0.020408
-0.020408
-0.020408
-0.020433
-0.020433
-0.020408
-0.020408
-0.020408
-0.020433
-0.020433
-0.020408
-0.020408
-0.020408
-0.020408
-0.020408
-0.020408
-0.020383
-0.020408
-0.020433
-0.020433
-0.020408
-0.020408
-0.020408
-0.020433
-0.020433
-0.020433
-0.020408
-0.020433
-0.020408
-0.020408
-0.020408
-0.020383
-0.020383
-0.020383
-0.020408
-0.020408
-0.020383
-0.020383
-0.020383
-0.020408
-0.020408
-0.020383
-0.020383
-0.020408
-0.020408
-0.020383
-0.020359
-0.020334
-0.020359
-0.020408
-0.020506
-0.020605
-0.020703
-0.020851
-0.02095
-0.020925
-0.020777
-0.020605
-0.020482
-0.020383
-0.020309
-0.020236
-0.020186
-0.020186
-0.020186
-0.020186
-0.020211
-0.020236
-0.020309
-0.020334
-0.020359
-0.020408
-0.020433
-0.020408
-0.020408
-0.020408
-0.020433
-0.020433
-0.020433
-0.020408
-0.020433
-0.020433
-0.020433
-0.020433
-0.020408
-0.020433
-0.020433
-0.020433
-0.020433
-0.020433
-0.020433
-0.020457
-0.020457
-0.020457
-0.020433
-0.020457
-0.020482
-0.020482
-0.020482
-0.020482
-0.020482
-0.020506
-0.020531
-0.020531
-0.020531
-0.020531
-0.020556
-0.020556
-0.02058
-0.02058
-0.020556
-0.020556
-0.020556
-0.020556
-0.020531
-0.020531
-0.020506
-0.020506
-0.020506
-0.020506
-0.020482
-0.020457
-0.020457
-0.020457
-0.020457
-0.020433
-0.020408
-0.020408
-0.020433
-0.020433
-0.020408
-0.020408
-0.020408
-0.020433
-0.020433
-0.020433
-0.020408
-0.020408
-0.020408
-0.020433
-0.020408
-0.020408
-0.020408
-0.020408
-0.020433
-0.020408
-0.020408
-0.020408
-0.020408
-0.020408
-0.020408
-0.020408
-0.020408
-0.020408
-0.020408
-0.020408
-0.020408
-0.020408
-0.020383
-0.020383
-0.020408
-0.020408
-0.020383
-0.020383
-0.020383
-0.020383
-0.020408
-0.020383
-0.020383
-0.020383
-0.020383
-0.020408
-0.020408
-0.020408
-0.020408
-0.020408
-0.020408
-0.020408
-0.020383
-0.020383
-0.020383
-0.020383
-0.020383
-0.020359
-0.020359
-0.020383
-0.020383
-0.020383
-0.020383
-0.020359
-0.020359
-0.020383
-0.020359
-0.020334
-0.020309
-0.020309
-0.020359
-0.020433
-0.020506
-0.020629
-0.020753
-0.020876
-0.020925
-0.020826
-0.020654
-0.020506
-0.020383
-0.020309
-0.020236
-0.020162
-0.020137
-0.020137
-0.020137
-0.020162
-0.020186
-0.020211
-0.020236
-0.02026
-0.02026
-0.020285
-0.020309
-0.020359
-0.020383
-0.020383
-0.020383
-0.020383
-0.020408
-0.020408
-0.020408
-0.020408
-0.020408
-0.020408
-0.020408
-0.020408
-0.020433
-0.020408
-0.020408
-0.020408
-0.020408
-0.020433
-0.020433
-0.020408
-0.020408
-0.020433
-0.020457
-0.020457
-0.020457
-0.020457
-0.020482
-0.020506
-0.020506
-0.020506
-0.020506
-0.020531
-0.020556
-0.020556
-0.020556
-0.020556
-0.020556
-0.02058
-0.020556
-0.020531
-0.020531
-0.020531
-0.020531
-0.020531
-0.020506
-0.020482
-0.020457
-0.020433
-0.020433
-0.020433
-0.020433
-0.020408
-0.020408
-0.020408
-0.020408
-0.020408
-0.020383
-0.020383
-0.020383
-0.020383
-0.020383
-0.020383
-0.020383
-0.020383
-0.020383
-0.020383
-0.020383
-0.020383
-0.020383
-0.020383
-0.020408
-0.020383
-0.020383
-0.020383
-0.020408
-0.020408
-0.020383
-0.020383
-0.020383
-0.020383
-0.020383
-0.020383
-0.020359
-0.020383
-0.020383
-0.020383
-0.020359
-0.020359
-0.020334
-0.020359
-0.020359
-0.020359
-0.020359
-0.020359
-0.020359
-0.020383
-0.020383
-0.020383
-0.020359
-0.020359
-0.020383
-0.020383
-0.020359
-0.020334
-0.020334
-0.020359
-0.020359
-0.020334
-0.020334
-0.020334
-0.020334
-0.020334
-0.020334
-0.020309
-0.020334
-0.020334
-0.020334
-0.020334
-0.020334
-0.020309
-0.020309
-0.020309
-0.02026
-0.02026
-0.020309
-0.020383
-0.020826
-0.020876
-0.020777
-0.020605
-0.020457
-0.020334
-0.02026
-0.020186
-0.020137
-0.020113
-0.020088
-0.020088
-0.020137
-0.020162
-0.020186
-0.020211
-0.020211
-0.020236
-0.02026
-0.020285
-0.020309
-0.020334
-0.020359
-0.020359
-0.020334
-0.020334
-0.020359
-0.020359
-0.020359
-0.020334
-0.020334
-0.020359
-0.020359
-0.020359
-0.020334
-0.020334
-0.020359
-0.020359
-0.020359
-0.020334
-0.020359
-0.020359
-0.020359
-0.020359
-0.020383
-0.020383
-0.020383
-0.020383
-0.020408
-0.020433
-0.020433
-0.020433
-0.020433
-0.020457
-0.020482
-0.020482
-0.020457
-0.020457
-0.020482
-0.020482
-0.020482
-0.020457
-0.020457
-0.020457
-0.020457
-0.020433
-0.020408
-0.020383
-0.020408
-0.020408
-0.020383
-0.020359
-0.020359
-0.020359
-0.020359
-0.020334
-0.020334
-0.020309
-0.020334
-0.020334
-0.020309
-0.020334
-0.020309
-0.020309
-0.020309
-0.020309
-0.020334
-0.020334
-0.020309
-0.020309
-0.020334
-0.020334
-0.020334
-0.020309
-0.020309
-0.020334
-0.020334
-0.020334
-0.020309
-0.020309
-0.020309
-0.020334
-0.020334
-0.020309
-0.020309
-0.020309
-0.020309
-0.020309
-0.020309
-0.020285
-0.020309
-0.020309
-0.020309
-0.020285
-0.020285
-0.020309
-0.020309
-0.020309
-0.020285
-0.020285
-0.020309
-0.020285
-0.020309
-0.020309
-0.020309
-0.020285
-0.020285
-0.020285
-0.020285
-0.020285
-0.02026
-0.02026
-0.02026
-0.020285
-0.020285
-0.02026
-0.02026
-0.020285
-0.020285
-0.020285
-0.020285
-0.020285
-0.02026
-0.02026
-0.020236
-0.020236
-0.020285
-0.020359
-0.020457
-0.02058
-0.020703
-0.020802
-0.020826
-0.020728
-0.020556
-0.020408
-0.020285
-0.020211
-0.020162
-0.020113
-0.020137
-0.020162
-0.020162
-0.020162
-0.020186
-0.020211
-0.020236
-0.02026
-0.020285
-0.020309
-0.020334
-0.020334
-0.020309
-0.020309
-0.020334
-0.020334
-0.020334
-0.020334
-0.020334
-0.020334
-0.020359
-0.020359
-0.020334
-0.020334
-0.020334
-0.020359
-0.020359
-0.020334
-0.020334
-0.020359
-0.020359
-0.020383
-0.020359
-0.020359
-0.020383
-0.020408
-0.020408
-0.020408
-0.020408
-0.020433
-0.020457
-0.020482
-0.020506
-0.020506
-0.020506
-0.020482
-0.020482
-0.020506
-0.020506
-0.020482
-0.020457
-0.020457
-0.020457
-0.020457
-0.020433
-0.020408
-0.020408
-0.020408
-0.020408
-0.020383
-0.020359
-0.020359
-0.020359
-0.020359
-0.020359
-0.020334
-0.020359
-0.020359
-0.020359
-0.020334
-0.020334
-0.020334
-0.020334
-0.020334
-0.020334
-0.020334
-0.020334
-0.020334
-0.020359
-0.020334
-0.020359
-0.020334
-0.020334
-0.020334
-0.020334
-0.020359
-0.020334
-0.020334
-0.020334
-0.020334
-0.020334
-0.020334
-0.020309
-0.020334
-0.020334
-0.020334
-0.020334
-0.020309
-0.020309
-0.020334
-0.020334
-0.020334
-0.020309
-0.020334
-0.020334
-0.020334
-0.020334
-0.020334
-0.020334
-0.020359
-0.020359
-0.020359
-0.020334
-0.020334
-0.020334
-0.020334
-0.020334
-0.020309
-0.020309
-0.020334
-0.020309
-0.020309
-0.020334
-0.020309
-0.020309
-0.020309
-0.020309
-0.020334
-0.020309
-0.020309
-0.020285
-0.02026
-0.02026
-0.020285
-0.020309
-0.020383
-0.020506
-0.020629
-0.020753
-0.020826
-0.020826
-0.020703
-0.020556
-0.020408
-0.020285
-0.020211
-0.020186
-0.020162
-0.020113
-0.020088
-0.020113
-0.020162
-0.020186
-0.020211
-0.020211
-0.020211
-0.020236
-0.020285
-0.020309
-0.020309
-0.020359
-0.020334
-0.020334
-0.020359
-0.020359
-0.020359
-0.020334
-0.020334
-0.020334
-0.020359
-0.020359
-0.020334
-0.020334
-0.020359
-0.020359
-0.020359
-0.020334
-0.020334
-0.020359
-0.020359
-0.020359
-0.020359
-0.020359
-0.020383
-0.020408
-0.020408
-0.020408
-0.020408
-0.020433
-0.020457
-0.020457
-0.020457
-0.020433
-0.020457
-0.020457
-0.020457
-0.020457
-0.020457
-0.020457
-0.020457
-0.020408
-0.020383
-0.020359
-0.020359
-0.020359
-0.020359
-0.020359
-0.020334
-0.020309
-0.020334
-0.020334
-0.020334
-0.020309
-0.020309
-0.020309
-0.020309
-0.020309
-0.020309
-0.020285
-0.020309
-0.020309
-0.020309
-0.020309
-0.020309
-0.020309
-0.020309
-0.020309
-0.020309
-0.020309
-0.020309
-0.020334
-0.020334
-0.020309
-0.020309
-0.020334
-0.020334
-0.020334
-0.020334
-0.020309
-0.020334
-0.020309
-0.020334
-0.020334
-0.020309
-0.020309
-0.020309
-0.020309
-0.020334
-0.020309
-0.020309
-0.020309
-0.020334
-0.020334
-0.020334
-0.020334
-0.020334
-0.020359
-0.020359
-0.020334
-0.020334
-0.020334
-0.020334
-0.020334
-0.020309
-0.020309
-0.020309
-0.020309
-0.020309
-0.020309
-0.020285
-0.020309
-0.020309
-0.020309
-0.020309
-0.020309
-0.020309
-0.020334
-0.020334
-0.020334
-0.020285
-0.020334
-0.020408
-0.020531
-0.020654
-0.020777
-0.020851
-0.020826
-0.020679
-0.020556
-0.020408
-0.020309
-0.020236
-0.020186
-0.020162
-0.020137
-0.020113
-0.020113
-0.020162
-0.020211
-0.020236
-0.020236
-0.020236
-0.02026
-0.020309
-0.020334
-0.020359
-0.020359
-0.020359
-0.020383
-0.020383
-0.020383
-0.020359
-0.020359
-0.020383
-0.020383
-0.020383
-0.020359
-0.020359
-0.020383
-0.020383
-0.020408
-0.020408
-0.020408
-0.020408
-0.020408
-0.020433
-0.020433
-0.020433
-0.020433
-0.020433
-0.020457
-0.020457
-0.020457
-0.020457
-0.020482
-0.020506
-0.020506
-0.020506
-0.020506
-0.020506
-0.020531
-0.020531
-0.020531
-0.020506
-0.020506
-0.020531
-0.020506
-0.020506
-0.020482
-0.020482
-0.020482
-0.020457
-0.020433
-0.020433
-0.020408
-0.020408
-0.020408
-0.020383
-0.020383
-0.020359
-0.020359
-0.020359
-0.020359
-0.020359
-0.020359
-0.020334
-0.020334
-0.020359
-0.020359
-0.020359
-0.020334
-0.020334
-0.020359
-0.020359
-0.020359
-0.020334
-0.020334
-0.020359
-0.020359
-0.020359
-0.020334
-0.020334
-0.020359
-0.020359
-0.020359
-0.020334
-0.020334
-0.020359
-0.020359
-0.020334
-0.020334
-0.020334
-0.020334
-0.020334
-0.020334
-0.020309
-0.020309
-0.020334
-0.020334
-0.020334
-0.020359
-0.020359
-0.020334
-0.020334
-0.020359
-0.020359
-0.020359
-0.020334
-0.020334
-0.020334
-0.020334
-0.020334
-0.020309
-0.020309
-0.020309
-0.020334
-0.020309
-0.020309
-0.020309
-0.020309
-0.020334
-0.020309
-0.020309
-0.020309
-0.020309
-0.020334
-0.020309
-0.02026
-0.020236
-0.02026
-0.020309
-0.020383
-0.020482
-0.02058
-0.020728
-0.020826
-0.020851
-0.020703
-0.020556
-0.020408
-0.020113
-0.020088
-0.020088
-0.020088
-0.020113
-0.020162
-0.020186
-0.020211
-0.020211
-0.020211
-0.020236
-0.020285
-0.020309
-0.020334
-0.020334
-0.020334
-0.020334
-0.020359
-0.020359
-0.020334
-0.020334
-0.020334
-0.020359
-0.020334
-0.020334
-0.020334
-0.020334
-0.020359
-0.020359
-0.020334
-0.020334
-0.020359
-0.020359
-0.020359
-0.020359
-0.020359
-0.020359
-0.020383
-0.020383
-0.020383
-0.020433
-0.020433
-0.020433
-0.020433
-0.020457
-0.020457
-0.020457
-0.020457
-0.020482
-0.020482
-0.020482
-0.020457
-0.020457
-0.020457
-0.020457
-0.020433
-0.020408
-0.020408
-0.020408
-0.020408
-0.020383
-0.020359
-0.020359
-0.020359
-0.020359
-0.020359
-0.020334
-0.020309
-0.020334
-0.020334
-0.020334
-0.020309
-0.020309
-0.020309
-0.020334
-0.020309
-0.020309
-0.020309
-0.020309
-0.020309
-0.020309
-0.020309
-0.020309
-0.020309
-0.020309
-0.020309
-0.020309
-0.020285
-0.020285
-0.020285
-0.020309
-0.020309
-0.020285
-0.020285
-0.020285
-0.020285
-0.020285
-0.02026
-0.020236
-0.020236
-0.020236
-0.020236
-0.020211
-0.020186
-0.020211
-0.020211
-0.020211
-0.020186
-0.020186
-0.020186
-0.020211
-0.020211
-0.020211
-0.020186
-0.020186
-0.020186
-0.020186
-0.020186
-0.020162
-0.020162
-0.020137
-0.020162
-0.020162
-0.020137
-0.020137
-0.020137
-0.020137
-0.020162
-0.020137
-0.020137
-0.020137
-0.020113
-0.020088
-0.020088
-0.020088
-0.020137
-0.020236
-0.020334
-0.020457
-0.02058
-0.020679
-0.020654
-0.020506
-0.020334
-0.020186
-0.020088
-0.020039
-0.019989
-0.01994
-0.019916
-0.019916
-0.01994
-0.019989
-0.020014
-0.020014
-0.020039
-0.020039
-0.020063
-0.020088
-0.020113
-0.020162
-0.020162
-0.020162
-0.020186
-0.020186
-0.020186
-0.020162
-0.020162
-0.020162
-0.020186
-0.020162
-0.020162
-0.020162
-0.020186
-0.020186
-0.020186
-0.020162
-0.020162
-0.020186
-0.020186
-0.020186
-0.020186
-0.020186
-0.020211
-0.020236
-0.020236
-0.020236
-0.020236
-0.02026
-0.020285
-0.020285
-0.020285
-0.020285
-0.020309
-0.020334
-0.020309
-0.020309
-0.020309
-0.020334
-0.020334
-0.020285
-0.020285
-0.02026
-0.020236
-0.020236
-0.020236
-0.020236
-0.020236
-0.020211
-0.020211
-0.020211
-0.020211
-0.020211
-0.020186
-0.020186
-0.020186
-0.020186
-0.020186
-0.020162
-0.020162
-0.020186
-0.020186
-0.020162
-0.020162
-0.020162
-0.020186
-0.020186
-0.020186
-0.020162
-0.020162
-0.020186
-0.020186
-0.020186
-0.020162
-0.020162
-0.020186
-0.020186
-0.020186
-0.020162
-0.020162
