2018
8
2
9
58
8.2908
0.025061
0.025061
0.025061
0.025085
0.025085
0.025085
0.025085
0.025085
0.02511
0.02511
0.02511
0.02511
0.02511
0.02511
0.02511
0.02511
0.02511
0.025134
0.025134
0.02511
0.02511
0.025134
0.02511
0.02511
0.02511
0.025134
0.025134
0.025134
0.025134
0.025134
0.02511
0.025134
0.025134
0.025134
0.025134
0.025134
0.025134
0.025134
0.025134
0.025134
0.025134
0.02511
0.02511
0.025134
0.025134
0.025134
0.025134
0.025134
0.025134
0.025134
0.025134
0.02511
0.02511
0.02511
0.025134
0.025134
0.02511
0.02511
0.02511
0.02511
0.02511
0.02511
0.02511
0.02511
0.02511
0.02511
0.02511
0.02511
0.02511
0.02511
0.02511
0.02511
0.02511
0.02511
0.02511
0.02511
0.02511
0.02511
0.02511
0.02511
0.02511
0.02511
0.02511
0.02511
0.02511
0.02511
0.02511
0.02511
0.02511
0.02511
0.025134
0.025184
0.025208
0.025208
0.025184
0.02511
0.025011
0.024864
0.024716
0.024593
0.02447
0.024519
0.024691
0.024839
0.024962
0.025061
0.02511
0.025134
0.025159
0.025159
0.025159
0.025159
0.025159
0.025134
0.025134
0.025159
0.025159
0.025159
0.025134
0.025134
0.025134
0.025134
0.025134
0.025134
0.025134
0.025134
0.025134
0.025134
0.025134
0.025134
0.025134
0.025134
0.025134
0.025134
0.025134
0.025134
0.025134
0.025134
0.025134
0.025134
0.025134
0.025134
0.025134
0.025134
0.02511
0.02511
0.025085
0.025085
0.025085
0.025085
0.025085
0.025085
0.025061
0.025061
0.025061
0.025061
0.025061
0.025061
0.025061
0.025061
0.025085
0.025085
0.025085
0.025085
0.025085
0.02511
0.02511
0.02511
0.02511
0.02511
0.02511
0.02511
0.02511
0.02511
0.025134
0.025134
0.025134
0.025134
0.02511
0.02511
0.02511
0.025134
0.025134
0.025134
0.025134
0.025134
0.025134
0.025134
0.025134
0.025134
0.025134
0.025134
0.025134
0.025134
0.025134
0.025134
0.025134
0.025134
0.025134
0.025134
0.02511
0.02511
0.025134
0.025134
0.02511
0.02511
0.02511
0.025134
0.025134
0.025134
0.025134
0.025134
0.025134
0.025134
0.025134
0.025134
0.025134
0.025134
0.025134
0.02511
0.02511
0.02511
0.02511
0.02511
0.02511
0.02511
0.02511
0.02511
0.02511
0.02511
0.02511
0.02511
0.02511
0.02511
0.02511
0.02511
0.02511
0.02511
0.02511
0.02511
0.02511
0.02511
0.02511
0.02511
0.02511
0.025134
0.025159
0.025184
0.025208
0.025184
0.025134
0.025036
0.024888
0.024741
0.024618
0.02447
0.024494
0.024642
0.024814
0.024938
0.025011
0.025085
0.02511
0.025134
0.025134
0.025159
0.025159
0.025134
0.025134
0.025134
0.025134
0.025134
0.025134
0.02511
0.02511
0.02511
0.02511
0.02511
0.02511
0.02511
0.02511
0.02511
0.02511
0.02511
0.02511
0.02511
0.02511
0.02511
0.02511
0.02511
0.02511
0.02511
0.02511
0.02511
0.02511
0.02511
0.02511
0.025085
0.025085
0.025085
0.025085
0.025085
0.025061
0.025061
0.025061
0.025061
0.025036
0.025036
0.025036
0.025011
0.025011
0.025011
0.025011
0.025011
0.025011
0.025011
0.025036
0.025036
0.025036
0.025036
0.025061
0.025061
0.025061
0.025085
0.025085
0.025085
0.025085
0.025085
0.025085
0.025085
0.025085
0.025085
0.025085
0.025085
0.025085
0.025085
0.025085
0.025085
0.025085
0.025085
0.025085
0.025085
0.025085
0.025085
0.02511
0.025085
0.025085
0.025085
0.02511
0.02511
0.02511
0.025085
0.025085
0.02511
0.02511
0.025085
0.025085
0.025085
0.025085
0.025085
0.025085
0.025085
0.025085
0.025085
0.025085
0.025085
0.025085
0.025085
0.025085
0.025085
0.025085
0.025085
0.025085
0.025085
0.025085
0.025085
0.025061
0.025061
0.025061
0.025061
0.025061
0.025061
0.025061
0.025061
0.025061
0.025061
0.025061
0.025061
0.025061
0.025061
0.025061
0.025061
0.025061
0.025061
0.025061
0.025061
0.025061
0.025061
0.025061
0.025061
0.025085
0.025134
0.025159
0.025159
0.025134
0.025061
0.024938
0.024814
0.024667
0.024519
0.024421
0.024494
0.024667
0.024814
0.024913
0.024987
0.025036
0.025085
0.025085
0.02511
0.02511
0.02511
0.025085
0.025085
0.025085
0.025085
0.025085
0.025085
0.025085
0.025061
0.025061
0.025061
0.025061
0.025061
0.025061
0.025061
0.025061
0.025061
0.025061
0.025061
0.025061
0.025061
0.025061
0.025061
0.025061
0.025061
0.025061
0.025061
0.025061
0.025061
0.025061
0.025061
0.025036
0.025036
0.025036
0.025036
0.025036
0.025011
0.025011
0.025011
0.024987
0.024987
0.024987
0.024987
0.024962
0.024962
0.024962
0.024962
0.024962
0.024962
0.024987
0.024987
0.024987
0.024987
0.024987
0.025011
0.025011
0.025011
0.025011
0.025011
0.025036
0.025036
0.025036
0.025036
0.025036
0.025036
0.025036
0.025036
0.025036
0.025036
0.025036
0.025036
0.025036
0.025036
0.025036
0.025036
0.025036
0.025036
0.025036
0.025036
0.025036
0.025036
0.025061
0.025061
0.025036
0.025036
0.025036
0.025061
0.025036
0.025036
0.025036
0.025036
0.025061
0.025036
0.025036
0.025036
0.025036
0.025036
0.025036
0.025036
0.025036
0.025036
0.025036
0.025036
0.025036
0.025036
0.025036
0.025036
0.025036
0.025036
0.025011
0.025011
0.025011
0.025011
0.025011
0.025011
0.025011
0.025011
0.025011
0.025011
0.025011
0.025011
0.025011
0.025011
0.025011
0.025011
0.025011
0.025011
0.025011
0.025011
0.025011
0.025011
0.025011
0.025011
0.025011
0.025011
0.025011
0.025036
0.025061
0.025085
0.024765
0.024618
0.02447
0.024347
0.024421
0.024593
0.024741
0.024839
0.024913
0.024987
0.025011
0.025036
0.025036
0.025036
0.025036
0.025036
0.025011
0.025011
0.025011
0.025011
0.025011
0.025011
0.024987
0.024987
0.024987
0.025011
0.024987
0.024987
0.024987
0.024987
0.024987
0.024987
0.024987
0.024987
0.024987
0.024987
0.024987
0.024987
0.024987
0.024987
0.024987
0.024987
0.024987
0.024987
0.024987
0.024962
0.024962
0.024962
0.024962
0.024938
0.024938
0.024938
0.024913
0.024913
0.024913
0.024913
0.024888
0.024888
0.024888
0.024888
0.024888
0.024888
0.024888
0.024888
0.024888
0.024888
0.024913
0.024913
0.024913
0.024913
0.024913
0.024938
0.024938
0.024938
0.024913
0.024938
0.024938
0.024938
0.024938
0.024938
0.024938
0.024938
0.024938
0.024938
0.024938
0.024938
0.024938
0.024938
0.024938
0.024938
0.024938
0.024938
0.024938
0.024938
0.024938
0.024938
0.024938
0.024938
0.024962
0.024962
0.024938
0.024938
0.024938
0.024938
0.024938
0.024938
0.024938
0.024938
0.024938
0.024938
0.024938
0.024938
0.024938
0.024938
0.024938
0.024938
0.024938
0.024938
0.024938
0.024938
0.024913
0.024913
0.024913
0.024913
0.024913
0.024913
0.024913
0.024913
0.024913
0.024913
0.024913
0.024913
0.024913
0.024888
0.024888
0.024913
0.024913
0.024913
0.024913
0.024913
0.024913
0.024913
0.024913
0.024888
0.024888
0.024913
0.024913
0.024913
0.024913
0.024913
0.024913
0.024913
0.024913
0.024938
0.024987
0.024987
0.024962
0.024888
0.02479
0.024642
0.024494
0.024642
0.024765
0.024839
0.024888
0.024913
0.024913
0.024913
0.024938
0.024938
0.024913
0.024913
0.024913
0.024913
0.024913
0.024913
0.024913
0.024913
0.024913
0.024888
0.024888
0.024913
0.024913
0.024913
0.024913
0.024888
0.024913
0.024913
0.024913
0.024913
0.024913
0.024913
0.024913
0.024913
0.024913
0.024913
0.024913
0.024913
0.024913
0.024913
0.024888
0.024888
0.024888
0.024888
0.024888
0.024888
0.024864
0.024864
0.024864
0.024864
0.024864
0.024864
0.024864
0.024864
0.024864
0.024864
0.024864
0.024864
0.024864
0.024864
0.024864
0.024864
0.024864
0.024888
0.024888
0.024888
0.024888
0.024888
0.024888
0.024888
0.024888
0.024888
0.024888
0.024888
0.024888
0.024888
0.024888
0.024888
0.024888
0.024888
0.024888
0.024888
0.024888
0.024888
0.024913
0.024913
0.024888
0.024888
0.024888
0.024913
0.024913
0.024913
0.024913
0.024913
0.024913
0.024913
0.024913
0.024913
0.024913
0.024913
0.024913
0.024913
0.024913
0.024913
0.024913
0.024913
0.024913
0.024913
0.024913
0.024913
0.024938
0.024938
0.024913
0.024913
0.024938
0.024938
0.024938
0.024913
0.024913
0.024938
0.024913
0.024913
0.024913
0.024913
0.024913
0.024913
0.024913
0.024913
0.024938
0.024938
0.024913
0.024913
0.024913
0.024938
0.024938
0.024938
0.024913
0.024913
0.024913
0.024913
0.024913
0.024913
0.024913
0.024913
0.024913
0.024913
0.024938
0.024962
0.024987
0.025011
0.024987
0.024962
0.024888
0.024765
0.024642
0.024519
0.024347
0.024322
0.024445
0.024618
0.024938
0.024938
0.024962
0.024938
0.024938
0.024938
0.024913
0.024938
0.024938
0.024938
0.024938
0.024938
0.024938
0.024938
0.024938
0.024938
0.024938
0.024938
0.024938
0.024938
0.024938
0.024938
0.024938
0.024938
0.024938
0.024938
0.024938
0.024938
0.024938
0.024938
0.024938
0.024938
0.024938
0.024938
0.024938
0.024938
0.024938
0.024938
0.024938
0.024938
0.024913
0.024913
0.024913
0.024888
0.024888
0.024888
0.024888
0.024888
0.024888
0.024888
0.024888
0.024888
0.024888
0.024888
0.024888
0.024888
0.024888
0.024888
0.024888
0.024888
0.024913
0.024913
0.024913
0.024913
0.024913
0.024913
0.024913
0.024913
0.024913
0.024913
0.024913
0.024913
0.024913
0.024913
0.024913
0.024913
0.024913
0.024913
0.024913
0.024913
0.024913
0.024913
0.024913
0.024938
0.024938
0.024913
0.024913
0.024913
0.024913
0.024913
0.024913
0.024913
0.024913
0.024913
0.024913
0.024913
0.024913
0.024913
0.024913
0.024913
0.024913
0.024913
0.024913
0.024913
0.024913
0.024913
0.024913
0.024913
0.024938
0.024913
0.024913
0.024913
0.024913
0.024913
0.024913
0.024913
0.024913
0.024913
0.024913
0.024888
0.024913
0.024913
0.024913
0.024913
0.024913
0.024913
0.024913
0.024913
0.024913
0.024913
0.024913
0.024913
0.024913
0.024913
0.024913
0.024913
0.024913
0.024888
0.024913
0.024913
0.024938
0.024962
0.024987
0.024987
0.024987
0.024938
0.024839
0.024716
0.024593
0.024445
0.024297
0.024297
0.024445
0.024593
0.024716
0.024814
0.024888
0.024913
0.024913
0.024938
0.024913
0.024938
0.024938
0.024938
0.024913
0.024913
0.024913
0.024913
0.024913
0.024913
0.024913
0.024913
0.024913
0.024913
0.024913
0.024913
0.024913
0.024913
0.024913
0.024913
0.024913
0.024938
0.024938
0.024938
0.024938
0.024938
0.024938
0.024938
0.024938
0.024913
0.024913
0.024913
0.024913
0.024913
0.024913
0.024913
0.024913
0.024888
0.024888
0.024888
0.024864
0.024864
0.024864
0.024864
0.024864
0.024864
0.024864
0.024864
0.024864
0.024864
0.024864
0.024864
0.024864
0.024888
0.024888
0.024888
0.024888
0.024888
0.024888
0.024913
0.024913
0.024913
0.024913
0.024913
0.024913
0.024913
0.024913
0.024913
0.024913
0.024913
0.024913
0.024913
0.024913
0.024913
0.024913
0.024913
0.024913
0.024913
0.024913
0.024913
0.024913
0.024913
0.024913
0.024913
0.024913
0.024913
0.024913
0.024913
0.024913
0.024913
0.024913
0.024913
0.024913
0.024913
0.024913
0.024913
0.024913
0.024913
0.024913
0.024913
0.024913
0.024913
0.024913
0.024913
0.024913
0.024913
0.024913
0.024913
0.024913
0.024913
0.024888
0.024888
0.024888
0.024888
0.024888
0.024888
0.024913
0.024913
0.024913
0.024913
0.024913
0.024913
0.024913
0.024913
0.024913
0.024913
0.024913
0.024913
0.024913
0.024913
0.024913
0.024913
0.024913
0.024913
0.024938
0.024987
0.024987
0.024987
0.024938
0.024864
0.024741
0.024593
0.024445
0.024297
0.024273
0.024396
0.024568
0.024691
0.02479
0.024864
0.024913
0.024938
0.024938
0.024938
0.024938
0.024938
0.024938
0.024913
0.024913
0.024913
0.024913
0.024913
0.024913
0.024888
0.024913
0.024913
0.024913
0.024913
0.024913
0.024913
0.024913
0.024913
0.024913
0.024913
0.024913
0.024913
0.024913
0.024913
0.024913
0.024913
0.024913
0.024913
0.024913
0.024888
0.024888
0.024888
0.024888
0.024888
0.024888
0.024864
0.024864
0.024864
0.024864
0.024839
0.024839
0.024839
0.024839
0.024814
0.024814
0.024814
0.024814
0.024814
0.024839
0.024839
0.024839
0.024839
0.024839
0.024864
0.024864
0.024864
0.024864
0.024864
0.024888
0.024888
0.024888
0.024888
0.024888
0.024888
0.024888
0.024888
0.024888
0.024888
0.024888
0.024888
0.024888
0.024888
0.024888
0.024888
0.024888
0.024888
0.024888
0.024888
0.024888
0.024888
0.024888
0.024888
0.024888
0.024888
0.024888
0.024888
0.024888
0.024888
0.024888
0.024888
0.024888
0.024888
0.024888
0.024888
0.024888
0.024888
0.024888
0.024888
0.024888
0.024888
0.024888
0.024888
0.024888
0.024888
0.024888
0.024888
0.024888
0.024888
0.024888
0.024888
0.024888
0.024864
0.024864
0.024864
0.024864
0.024864
0.024888
0.024888
0.024888
0.024888
0.024888
0.024888
0.024888
0.024888
0.024888
0.024888
0.024864
0.024888
0.024864
0.024864
0.024864
0.024864
0.024888
0.024888
0.024913
0.024938
0.024962
0.024938
0.024913
0.024814
0.024691
0.024544
0.024396
0.024273
0.024273
0.024421
0.024568
0.024691
0.02479
0.024839
0.024888
0.024913
0.024913
0.024913
0.024913
0.024913
0.024913
0.024913
0.024913
0.024913
0.024888
0.024888
0.024888
0.024888
0.024888
0.024888
0.024888
0.024888
0.024864
0.024888
0.024888
0.024888
0.024888
0.024888
0.024888
0.024888
0.024888
0.024888
0.024888
0.024888
0.024888
0.024888
0.024888
0.024888
0.024888
0.024888
0.024864
0.024864
0.024864
0.024864
0.024839
0.024839
0.024839
0.024814
0.024814
0.024814
0.024814
0.024814
0.02479
0.02479
0.02479
0.02479
0.02479
0.02479
0.024814
0.024814
0.024814
0.024839
0.024839
0.024839
0.024839
0.024839
0.024864
0.024864
0.024864
0.024864
0.024864
0.024864
0.024864
0.024864
0.024864
0.024864
0.024864
0.024864
0.024864
0.024864
0.024864
0.024864
0.024864
0.024864
0.024864
0.024864
0.024864
0.024864
0.024864
0.024864
0.024864
0.024864
0.024888
0.024888
0.024864
0.024864
0.024864
0.024864
0.024864
0.024864
0.024864
0.024864
0.024864
0.024864
0.024864
0.024864
0.024864
0.024864
0.024864
0.024864
0.024864
0.024864
0.024864
0.024864
0.024864
0.024839
0.024839
0.024839
0.024839
0.024839
0.024839
0.024839
0.024839
0.024839
0.024839
0.024839
0.024839
0.024839
0.024839
0.024839
0.024839
0.024839
0.024839
0.024839
0.024839
0.024839
0.024839
0.024839
0.024839
0.024839
0.024839
0.024839
0.024888
0.024913
0.024913
0.024913
0.024839
0.024741
0.024618
0.02447
0.024322
0.024199
0.024248
0.024396
0.024544
0.024667
0.024741
0.024814
0.024839
0.024864
0.024864
0.024864
0.024864
0.024864
0.024839
0.024864
0.024864
0.024839
0.024839
0.024839
0.024839
0.024839
0.024814
0.024814
0.024814
0.024814
0.024814
0.024814
0.024814
0.024814
0.024814
0.024814
0.024814
0.024814
0.024814
0.024814
0.024814
0.024814
0.024814
0.024814
0.024814
0.024814
0.024814
0.024814
0.02479
0.02479
0.02479
0.02479
0.024765
0.024765
0.024741
0.024741
0.024741
0.024741
0.024741
0.024741
0.024716
0.024716
0.024716
0.024716
0.024716
0.024716
0.024716
0.024716
0.024741
0.024741
0.024741
0.024765
0.024765
0.024765
0.02479
0.02479
0.02479
0.02479
0.02479
0.024765
0.02479
0.02479
0.02479
0.02479
0.02479
0.02479
0.02479
0.02479
0.02479
0.02479
0.02479
0.02479
0.02479
0.02479
0.02479
0.02479
0.02479
0.02479
0.02479
0.02479
0.02479
0.02479
0.02479
0.02479
0.02479
0.02479
0.02479
0.02479
0.02479
0.02479
0.02479
0.02479
0.02479
0.02479
0.02479
0.02479
0.02479
0.02479
0.02479
0.02479
0.02479
0.02479
0.024765
0.024765
0.024765
0.024765
0.024765
0.024765
0.024765
0.024765
0.024765
0.024765
0.024765
0.024741
0.024765
0.024765
0.024765
0.024765
0.024765
0.024765
0.024765
0.024765
0.024765
0.024765
0.024765
0.024765
0.024765
0.024765
0.024765
0.024765
0.024765
0.024765
0.024765
0.024765
0.024814
0.024765
0.024691
0.024568
0.024421
0.024273
0.024125
0.024125
0.024273
0.024445
0.024568
0.024667
0.024716
0.024765
0.024765
0.024765
0.024765
0.02479
0.024765
0.024765
0.024765
0.024765
0.024765
0.024765
0.024765
0.024765
0.024741
0.024765
0.024765
0.024765
0.024765
0.024765
0.024765
0.024765
0.024765
0.024765
0.024765
0.024765
0.024765
0.024765
0.024765
0.024765
0.024765
0.024765
0.024765
0.024765
0.024765
0.024765
0.024765
0.024741
0.024765
0.024765
0.024765
0.024741
0.024741
0.024741
0.024741
0.024716
0.024716
0.024716
0.024716
0.024716
0.024716
0.024716
0.024716
0.024716
0.024716
0.024716
0.024716
0.024716
0.024741
0.024741
0.024741
0.024741
0.024741
0.024765
0.024765
0.024765
0.024765
0.024765
0.024765
0.024765
0.024765
0.024765
0.024765
0.024765
0.024741
0.024741
0.024765
0.024765
0.024765
0.024765
0.024765
0.024765
0.024765
0.024765
0.024765
0.024765
0.024765
0.024765
0.024765
0.024765
0.024765
0.024765
0.024765
0.024765
0.024765
0.024765
0.024765
0.024765
0.024765
0.024765
0.024765
0.024765
0.024765
0.024765
0.024765
0.024765
0.024765
0.024765
0.024765
0.024765
0.024765
0.024765
0.024765
0.024765
0.024765
0.024741
0.024741
0.024741
0.024741
0.024741
0.024741
0.024741
0.024765
0.024765
0.024765
0.024765
0.024765
0.024765
0.024765
0.024765
0.024765
0.024765
0.024765
0.024765
0.024765
0.024741
0.024741
0.024741
0.024741
0.024765
0.024765
0.024765
0.024765
0.024814
0.024839
0.024839
0.024814
0.024765
0.024297
0.02415
0.024174
0.024322
0.02447
0.024568
0.024667
0.024741
0.024765
0.024765
0.024765
0.02479
0.02479
0.024765
0.024765
0.024765
0.024765
0.024765
0.024765
0.024765
0.024765
0.024765
0.024765
0.024765
0.024765
0.024765
0.024765
0.024765
0.024765
0.024765
0.024765
0.024765
0.02479
0.02479
0.024765
0.02479
0.02479
0.02479
0.02479
0.02479
0.024765
0.024765
0.024765
0.024765
0.024765
0.024765
0.024765
0.024765
0.024765
0.024765
0.024765
0.024741
0.024741
0.024741
0.024741
0.024741
0.024741
0.024716
0.024741
0.024741
0.024741
0.024741
0.024741
0.024741
0.024741
0.024741
0.024741
0.024741
0.024741
0.024765
0.024765
0.024765
0.024741
0.024765
0.024765
0.024765
0.024765
0.024765
0.024765
0.024765
0.024765
0.024765
0.024765
0.024765
0.024765
0.024765
0.024765
0.024765
0.024765
0.024765
0.024765
0.024765
0.024765
0.024765
0.024765
0.02479
0.024765
0.024765
0.024765
0.024765
0.024765
0.024765
0.024765
0.024765
0.024765
0.024765
0.024765
0.024765
0.024765
0.024765
0.024765
0.024765
0.024765
0.024765
0.024765
0.024765
0.024765
0.024765
0.024765
0.024765
0.024765
0.024765
0.024765
0.024741
0.024741
0.024741
0.024765
0.024765
0.024765
0.024765
0.024765
0.024765
0.024765
0.024765
0.024741
0.024741
0.024741
0.024741
0.024741
0.024741
0.024765
0.024765
0.024765
0.024765
0.024741
0.024765
0.02479
0.024814
0.024839
0.024839
0.024814
0.024741
0.024642
0.024519
0.024371
0.024248
0.024125
0.024224
0.024371
0.024494
0.024765
0.02479
0.02479
0.02479
0.02479
0.024765
0.024765
0.024765
0.024765
0.024765
0.024765
0.024765
0.024765
0.024765
0.024765
0.024765
0.024765
0.024765
0.024765
0.024765
0.024765
0.024765
0.024765
0.024765
0.024765
0.024765
0.024765
0.024765
0.024765
0.024765
0.024765
0.024765
0.02479
0.02479
0.02479
0.024765
0.024765
0.024765
0.024765
0.024765
0.024741
0.024741
0.024741
0.024741
0.024741
0.024741
0.024741
0.024716
0.024716
0.024716
0.024716
0.024716
0.024716
0.024716
0.024716
0.024716
0.024741
0.024741
0.024741
0.024741
0.024741
0.024741
0.024741
0.024741
0.024741
0.024741
0.024765
0.024765
0.024741
0.024765
0.024765
0.024765
0.024765
0.024765
0.024765
0.024765
0.024765
0.024741
0.024765
0.024765
0.024765
0.024765
0.024765
0.024765
0.024765
0.024765
0.024765
0.024765
0.024765
0.024765
0.024765
0.024765
0.024765
0.024765
0.024765
0.024765
0.024765
0.024765
0.024765
0.024765
0.024765
0.024765
0.024765
0.024765
0.024765
0.024765
0.024765
0.024765
0.024765
0.024765
0.024765
0.024765
0.024765
0.024765
0.024765
0.024765
0.024741
0.024765
0.024741
0.024741
0.024765
0.024765
0.024765
0.024765
0.024765
0.024765
0.024765
0.024765
0.024765
0.024765
0.024765
0.024765
0.024765
0.024765
0.024765
0.024765
0.024765
0.024765
0.024765
0.02479
0.024814
0.024839
0.024864
0.024839
0.024765
0.024691
0.024544
0.024396
0.024273
0.024125
0.024174
0.024322
0.02447
0.024593
0.024691
0.024741
0.02479
0.02479
0.02479
0.024814
0.02479
0.02479
0.02479
0.02479
0.02479
0.024765
0.024765
0.02479
0.024765
0.024765
0.024765
0.02479
0.02479
0.02479
0.024765
0.02479
0.02479
0.02479
0.02479
0.02479
0.02479
0.02479
0.02479
0.02479
0.024765
0.024765
0.024765
0.024765
0.024765
0.024765
0.024741
0.024741
0.024741
0.024741
0.024741
0.024716
0.024716
0.024716
0.024716
0.024691
0.024667
0.024667
0.024667
0.024667
0.024667
0.024667
0.024667
0.024667
0.024667
0.024691
0.024691
0.024691
0.024691
0.024691
0.024716
0.024716
0.024716
0.024716
0.024716
0.024716
0.024716
0.024716
0.024716
0.024716
0.024716
0.024716
0.024716
0.024716
0.024716
0.024716
0.024716
0.024716
0.024716
0.024716
0.024716
0.024716
0.024716
0.024716
0.024716
0.024716
0.024716
0.024716
0.024716
0.024716
0.024716
0.024716
0.024716
0.024716
0.024716
0.024716
0.024716
0.024716
0.024716
0.024716
0.024716
0.024716
0.024716
0.024716
0.024716
0.024716
0.024716
0.024716
0.024716
0.024691
0.024691
0.024691
0.024691
0.024691
0.024691
0.024667
0.024667
0.024667
0.024667
0.024667
0.024667
0.024691
0.024691
0.024691
0.024691
0.024691
0.024691
0.024691
0.024691
0.024691
0.024691
0.024691
0.024691
0.024691
0.024667
0.024667
0.024667
0.024667
0.024691
0.024741
0.024765
0.024765
0.024741
0.024667
0.024568
0.024445
0.024297
0.02415
0.024051
0.024125
0.024273
0.024421
0.024519
0.024593
0.024667
0.024691
0.024691
0.024716
0.024716
0.024716
0.024716
0.024691
0.024691
0.024691
0.024691
0.024691
0.024667
0.024667
0.024667
0.024667
0.024667
0.024667
0.024667
0.024667
0.024667
0.024667
0.024667
0.024667
0.024667
0.024667
0.024667
0.024667
0.024667
0.024667
0.024667
0.024667
0.024667
0.024667
0.024642
0.024642
0.024642
0.024642
0.024642
0.024642
0.024618
0.024618
0.024618
0.024593
0.024593
0.024593
0.024568
0.024568
0.024568
0.024568
0.024568
0.024568
0.024568
0.024568
0.024568
0.024593
0.024593
0.024593
0.024593
0.024618
0.024618
0.024618
0.024618
0.024618
0.024618
0.024618
0.024618
0.024618
0.024618
0.024618
0.024618
0.024618
0.024618
0.024618
0.024618
0.024618
0.024618
0.024618
0.024618
0.024618
0.024618
0.024618
0.024618
0.024618
0.024618
0.024618
0.024618
0.024618
0.024618
0.024642
0.024642
0.024618
0.024618
0.024618
0.024618
0.024618
0.024618
0.024618
0.024618
0.024618
0.024618
0.024618
0.024618
0.024618
0.024618
0.024618
0.024618
0.024618
0.024618
0.024618
0.024618
0.024618
0.024618
0.024593
0.024593
0.024593
0.024593
0.024593
0.024593
0.024593
0.024593
0.024593
0.024593
0.024593
0.024593
0.024593
0.024593
0.024593
0.024593
0.024593
0.024593
0.024593
0.024593
0.024593
0.024593
0.024593
0.024618
0.024642
0.024667
0.024691
0.024667
0.024642
0.024568
0.024445
0.024297
0.024174
0.024002
0.023928
0.024051
0.024224
0.024347
0.02447
0.024544
0.024593
0.024618
0.024618
0.024618
0.024642
0.024618
0.024618
0.024593
0.024593
0.024593
0.024618
0.024593
0.024593
0.024593
0.024593
0.024593
0.024593
0.024593
0.024593
0.024593
0.024593
0.024593
0.024593
0.024593
0.024593
0.024593
0.024618
0.024618
0.024618
0.024593
0.024593
0.024593
0.024593
0.024593
0.024593
0.024593
0.024593
0.024593
0.024568
0.024568
0.024568
0.024568
0.024568
0.024568
0.024544
0.024544
0.024544
0.024544
0.024544
0.024544
0.024519
0.024519
0.024544
0.024544
0.024519
0.024544
0.024544
0.024544
0.024544
0.024568
0.024568
0.024568
0.024568
0.024568
0.024568
0.024568
0.024568
0.024568
0.024568
0.024568
0.024568
0.024568
0.024568
0.024568
0.024568
0.024568
0.024568
0.024568
0.024568
0.024568
0.024568
0.024593
0.024568
0.024593
0.024593
0.024593
0.024593
0.024593
0.024593
0.024593
0.024593
0.024593
0.024593
0.024593
0.024593
0.024593
0.024593
0.024593
0.024593
