2018
8
2
9
48
53.946
0.0060805
0.0060805
0.0060559
0.0060559
0.0060559
0.0060805
0.0060559
0.0060559
0.0060313
0.0060313
0.0060559
0.0060559
0.0060313
0.0060067
0.0060067
0.0060313
0.0060313
0.0060067
0.0060067
0.0060067
0.0060313
0.0060313
0.0060067
0.0059821
0.0060067
0.0060067
0.0060067
0.0059821
0.0059821
0.0059821
0.0059821
0.0059821
0.0059574
0.0059574
0.0059574
0.0059574
0.0059574
0.0059328
0.0059328
0.0059328
0.0059082
0.0059328
0.0059328
0.0059082
0.0058836
0.0058836
0.0058836
0.005859
0.005859
0.005859
0.0059082
0.0059574
0.0060313
0.0060805
0.0060313
0.0059821
0.0059574
0.0059082
0.0058097
0.0057605
0.0057605
0.0057605
0.0057605
0.0057113
0.0056866
0.005662
0.005662
0.0056374
0.0056128
0.0056128
0.005662
0.0057113
0.0057605
0.0057851
0.0057851
0.0057851
0.0058097
0.0058097
0.0057851
0.0057851
0.0057851
0.0057851
0.0057851
0.0057851
0.0058097
0.0057851
0.0057605
0.0057851
0.0057851
0.0057851
0.0057851
0.0057605
0.0057851
0.0057851
0.0058097
0.0057851
0.0057851
0.0057851
0.0058097
0.0058344
0.0058097
0.0058097
0.0058097
0.0058344
0.0058344
0.0058344
0.0058344
0.0058344
0.005859
0.005859
0.005859
0.0058344
0.0058344
0.0058344
0.0058344
0.0058097
0.0057851
0.0057851
0.0057605
0.0057605
0.0057113
0.0057113
0.0056866
0.005662
0.005662
0.005662
0.005662
0.0056374
0.0056128
0.0056128
0.0056374
0.0056374
0.0056128
0.0056128
0.0056128
0.0056128
0.0056128
0.0056128
0.0055882
0.0055882
0.0056128
0.0056128
0.0055882
0.0055882
0.0055882
0.0055882
0.0056128
0.0055882
0.0055882
0.0055882
0.0055882
0.0055882
0.0055882
0.0055636
0.0055636
0.0055882
0.0055882
0.0055636
0.0055636
0.0055636
0.0055389
0.0055389
0.0055389
0.0055389
0.0055143
0.0055143
0.0055389
0.0055389
0.0055389
0.0055143
0.0055143
0.0055143
0.0055143
0.0055143
0.0054897
0.0054897
0.0055143
0.0054897
0.0054897
0.0054651
0.0054651
0.0054651
0.0054651
0.0054651
0.0054405
0.0054405
0.0054405
0.0054405
0.0054405
0.0054159
0.0054159
0.0054405
0.0054405
0.0054159
0.0053912
0.0053912
0.0053912
0.0053912
0.0053666
0.0053666
0.0055636
0.0055636
0.0055143
0.0054651
0.0054405
0.005342
0.0052928
0.0052681
0.0052681
0.0052681
0.0052435
0.0052189
0.0051943
0.0051697
0.0051697
0.0051451
0.0051451
0.0051451
0.0051943
0.0052681
0.0053174
0.0052928
0.0052928
0.0053174
0.0053174
0.0053174
0.0053174
0.0052928
0.0053174
0.0053174
0.0053174
0.0052928
0.0052928
0.0053174
0.0053174
0.0053174
0.0052928
0.0052928
0.0052928
0.0053174
0.0053174
0.0053174
0.0053174
0.0053174
0.0053174
0.0053174
0.005342
0.005342
0.005342
0.005342
0.005342
0.0053666
0.0053666
0.0053666
0.0053666
0.0053666
0.0053912
0.0053912
0.0053666
0.005342
0.0053666
0.0053666
0.005342
0.0053174
0.0053174
0.0052928
0.0052928
0.0052928
0.0052681
0.0052435
0.0052435
0.0052435
0.0052189
0.0051943
0.0051943
0.0051943
0.0051943
0.0051943
0.0051697
0.0051451
0.0051204
0.0051204
0.0051451
0.0051451
0.0051204
0.0051204
0.0051204
0.0051204
0.0051204
0.0051204
0.0050958
0.0051204
0.0051204
0.0051204
0.0050958
0.0050958
0.0050958
0.0051204
0.0051204
0.0050958
0.0050712
0.0050958
0.0050958
0.0050958
0.0050712
0.0050712
0.0050712
0.0050712
0.0050712
0.0050712
0.0050466
0.0050466
0.0050466
0.0050466
0.0050466
0.005022
0.0050466
0.0050466
0.0050466
0.0050466
0.0050466
0.005022
0.005022
0.005022
0.005022
0.005022
0.005022
0.0049974
0.0049974
0.0049974
0.005022
0.0049974
0.0049727
0.0049727
0.0049974
0.0049974
0.0049727
0.0049727
0.0049727
0.0049727
0.0049727
0.0049481
0.0049235
0.0049235
0.0049235
0.0049235
0.0048989
0.0048743
0.0048989
0.0049481
0.0049974
0.0050466
0.0050712
0.005022
0.0049974
0.0049481
0.0048743
0.0048004
0.0047758
0.0048004
0.0046773
0.0047266
0.0048004
0.004825
0.004825
0.004825
0.0048497
0.0048497
0.0048497
0.004825
0.004825
0.0048497
0.0048497
0.0048497
0.004825
0.004825
0.0048497
0.0048497
0.0048497
0.004825
0.004825
0.004825
0.0048497
0.004825
0.004825
0.004825
0.0048497
0.0048497
0.0048497
0.0048497
0.0048497
0.0048497
0.0048743
0.0048743
0.0048743
0.0048743
0.0048743
0.0048989
0.0048989
0.0048743
0.004825
0.0047758
0.0047758
0.0047758
0.0047758
0.0047512
0.0047266
0.0047266
0.0047266
0.0047266
0.0047019
0.0047019
0.0046773
0.0047019
0.0047019
0.0046773
0.0046773
0.0046773
0.0046773
0.0046773
0.0046773
0.0046527
0.0046527
0.0046773
0.0046773
0.0046773
0.0046527
0.0046527
0.0046527
0.0046773
0.0046773
0.0046527
0.0046527
0.0046527
0.0046527
0.0046527
0.0046281
0.0046281
0.0046527
0.0046527
0.0046281
0.0046281
0.0046281
0.0046035
0.0046035
0.0046035
0.0046281
0.0046281
0.0046035
0.0046035
0.0046035
0.0046281
0.0046281
0.0046035
0.0045789
0.0046035
0.0046035
0.0046035
0.0045789
0.0045789
0.0045789
0.0046035
0.0045789
0.0045789
0.0045542
0.0045789
0.0045789
0.0045789
0.0045542
0.0045542
0.0045542
0.0045789
0.0045542
0.0045296
0.0045296
0.0045296
0.0045542
0.0045542
0.0045296
0.004505
0.0044804
0.0044558
0.004505
0.0045542
0.0045789
0.0046527
0.0047019
0.0046773
0.0046281
0.0046035
0.004505
0.0044312
0.0044065
0.0044065
0.0044065
0.0043573
0.0043327
0.0043327
0.0043081
0.0042834
0.0042342
0.0042342
0.0042588
0.0042834
0.0043327
0.0043819
0.0044065
0.0044312
0.0044558
0.0044558
0.0044312
0.0044312
0.0044312
0.0044558
0.0044558
0.0044312
0.0044312
0.0044312
0.0044312
0.0044312
0.0044558
0.0044558
0.0044312
0.0044312
0.0044312
0.0044558
0.0044558
0.0044558
0.0044312
0.0044558
0.0044558
0.0044804
0.0044558
0.0044558
0.0044804
0.004505
0.004505
0.004505
0.004505
0.004505
0.0045296
0.0045296
0.0045296
0.0045296
0.0045296
0.0045296
0.0045296
0.004505
0.0044804
0.0044558
0.0044558
0.0044558
0.0044312
0.0044065
0.0044065
0.0044065
0.0043819
0.0043819
0.0043573
0.0043573
0.0043081
0.0043081
0.0043327
0.0043081
0.0043081
0.0042834
0.0042834
0.0043081
0.0043081
0.0042834
0.0042834
0.0042834
0.0042834
0.0042834
0.0042834
0.0042588
0.0042834
0.0042834
0.0043081
0.0042834
0.0042588
0.0042834
0.0042834
0.0042834
0.0042834
0.0042588
0.0042588
0.0042588
0.0042588
0.0042588
0.0042588
0.0042588
0.0042588
0.0042588
0.0042588
0.0042342
0.0042342
0.0042588
0.0042588
0.0042342
0.0042588
0.0042588
0.0042342
0.0042342
0.0042588
0.0042588
0.0042342
0.0042342
0.0042342
0.0042342
0.0042588
0.0042342
0.0042096
0.0042096
0.0042342
0.0042342
0.0042096
0.0042096
0.0042096
0.0042096
0.0042096
0.0042096
0.004185
0.004185
0.0042096
0.0042096
0.004185
0.004185
0.0041604
0.004185
0.0041604
0.0041357
0.0041111
0.0041111
0.0041357
0.004185
0.0042096
0.0042834
0.0043573
0.0043819
0.0041111
0.0040619
0.0040619
0.0040619
0.0040127
0.003988
0.003988
0.0039634
0.0039388
0.0038896
0.0038896
0.0038896
0.0039142
0.0039634
0.003988
0.0040619
0.0040865
0.0040865
0.0040865
0.0040619
0.0040865
0.0040865
0.0040865
0.0040865
0.0040865
0.0040619
0.0040865
0.0040865
0.0040865
0.0040619
0.0040619
0.0040865
0.0040865
0.0040865
0.0040619
0.0040619
0.0040865
0.0040865
0.0040865
0.0040865
0.0041111
0.0041111
0.0041111
0.0041357
0.0041357
0.0041357
0.0041357
0.0041357
0.0041604
0.004185
0.004185
0.0041604
0.0041604
0.004185
0.004185
0.004185
0.0041604
0.0041357
0.0041357
0.0041357
0.0041111
0.0040865
0.0040619
0.0040619
0.0040619
0.0040619
0.0040373
0.0040127
0.0040127
0.0040127
0.0040127
0.003988
0.0039634
0.003988
0.003988
0.003988
0.0039634
0.0039634
0.0039634
0.0039634
0.0039634
0.0039634
0.0039634
0.0039388
0.0039388
0.0039388
0.0039634
0.0039634
0.0039388
0.0039388
0.0039388
0.0039634
0.0039634
0.0039388
0.0039388
0.0039388
0.0039634
0.0039388
0.0039388
0.0039142
0.0039388
0.0039388
0.0039388
0.0039142
0.0039142
0.0039142
0.0039388
0.0039142
0.0039142
0.0038896
0.0039142
0.0039142
0.0039142
0.0039142
0.0039142
0.0039142
0.0039142
0.0039142
0.0039142
0.0038896
0.0038896
0.0038896
0.0038896
0.0038896
0.0038896
0.003865
0.003865
0.003865
0.0038896
0.003865
0.003865
0.003865
0.003865
0.003865
0.003865
0.0038403
0.0038403
0.0038403
0.0038403
0.0038403
0.0038157
0.0037911
0.0037911
0.0037911
0.0038157
0.003865
0.0038896
0.003988
0.0040619
0.0040373
0.003988
0.0039142
0.003865
0.0037911
0.0037419
0.0037172
0.0037172
0.0036926
0.0036926
0.003668
0.0035942
0.0035942
0.0036188
0.003668
0.0037419
0.0037665
0.0037911
0.0037911
0.0037665
0.0037665
0.0037911
0.0037911
0.0037665
0.0037665
0.0037665
0.0037911
0.0037911
0.0037665
0.0037665
0.0037665
0.0037911
0.0037911
0.0037665
0.0037665
0.0037665
0.0037911
0.0037911
0.0037911
0.0037911
0.0037911
0.0038157
0.0038157
0.0038157
0.0038157
0.0038157
0.0038403
0.0038403
0.0038403
0.0038403
0.0038403
0.003865
0.0038896
0.0038896
0.003865
0.003865
0.0038403
0.003865
0.0038403
0.0038157
0.0037911
0.0037911
0.0037911
0.0037665
0.0037665
0.0037419
0.0037172
0.0037419
0.0037419
0.0037172
0.0036926
0.0036926
0.0036926
0.0036926
0.0036926
0.003668
0.003668
0.003668
0.0036926
0.003668
0.003668
0.0036434
0.003668
0.003668
0.003668
0.003668
0.003668
0.003668
0.003668
0.003668
0.0036434
0.003668
0.003668
0.003668
0.003668
0.003668
0.003668
0.0036434
0.0036434
0.003668
0.003668
0.003668
0.0036434
0.0036434
0.0036434
0.003668
0.0036434
0.0036434
0.0036434
0.0036434
0.0036434
0.0036434
0.0036434
0.0036434
0.0036434
0.0036434
0.0036434
0.0036188
0.0036188
0.0036434
0.0036434
0.0036434
0.0036188
0.0036188
0.0036188
0.0036188
0.0036188
0.0035942
0.0035942
0.0036188
0.0036188
0.0035942
0.0036188
0.0035942
0.0035695
0.0035695
0.0035942
0.0035942
0.0035695
0.0035449
0.0035449
0.0035449
0.0035449
0.0035695
0.0035942
0.0036188
0.0037172
0.0037911
0.0037665
0.0036926
0.003668
0.0036188
0.0035449
0.0034957
0.0034711
0.0034711
0.0034711
0.0034465
0.0034218
0.0033972
0.0033726
0.003348
0.003348
0.0033726
0.0033726
0.0034218
0.0034957
0.0035449
0.0035449
0.0035449
0.0035203
0.0035449
0.0035449
0.0035449
0.0035449
0.0035449
0.0035449
0.0035449
0.0035449
0.0035695
0.0035695
0.0035449
0.0035449
0.0035449
0.0035695
0.0035695
0.0035449
0.0035449
0.0035695
0.0035942
0.0035942
0.0035695
0.0035942
0.0035942
0.0036188
0.0036188
0.0036188
0.0036188
0.0036434
0.0036434
0.0036434
0.0036434
0.0036434
0.0036434
0.003668
0.003668
0.0036434
0.0036188
0.0036188
0.0036188
0.0036188
0.0035695
0.0035449
0.0035203
0.0035203
0.0035203
0.0035203
0.0035203
0.0034957
0.0034711
0.0034711
0.0034957
0.0034711
0.0034711
0.0034465
0.0034711
0.0034711
0.0034711
0.0034465
0.0034465
0.0034465
0.0034711
0.0034711
0.0034465
0.0034465
0.0034465
0.0034465
0.0034465
0.0034465
0.0034465
0.0034465
0.0034711
0.0034711
0.0034465
0.0034465
0.0034465
0.0034465
0.0034465
0.0034465
0.0034218
0.0034465
0.0034218
0.0034218
0.0034465
0.0034465
0.0034218
0.0034218
0.0034218
0.0034218
0.0034465
0.0034218
0.0034218
0.0034218
0.0034218
0.0034218
0.0034218
0.0034218
0.0034218
0.0034218
0.0034218
0.0034218
0.0033972
0.0033972
0.0034218
0.0034218
0.0033972
0.0033972
0.0033972
0.0033972
0.0033972
0.0033972
0.0033726
0.0033972
0.0033972
0.0033972
0.0033726
0.0033726
0.0033726
0.0033726
0.0033726
0.0033726
0.0033234
0.0033234
0.003348
0.0033972
0.0034711
0.0035449
0.0034957
0.0034465
0.0034218
0.0033726
0.0032987
0.0032495
0.0032495
0.0032495
0.0032495
0.0032249
0.0032003
0.0031757
0.003151
0.003151
0.003151
0.003151
0.0031757
0.0032249
0.0032987
0.0033234
0.0033234
0.0033234
0.0033234
0.0033234
0.0033234
0.0033234
0.0033234
0.0033234
0.0033234
0.0033234
0.0033234
0.0033234
0.0033234
0.0033234
0.0033234
0.0033234
0.003348
0.003348
0.0033234
0.0033234
0.003348
0.003348
0.003348
0.003348
0.003348
0.0033726
0.0033726
0.0033726
0.0033726
0.0033726
0.0033972
0.0034218
0.0034218
0.0033972
0.0033972
0.0034218
0.0034218
0.0034218
0.0033972
0.0033972
0.0033972
0.0033972
0.0033726
0.0033726
0.003348
0.003348
0.003348
0.0033234
0.0032987
0.0032987
0.0032987
0.0032987
0.0032741
0.0032495
0.0032495
0.0032249
0.0032249
0.0032249
0.0032495
0.0032249
0.0032249
0.0032249
0.0032249
0.0032495
0.0032249
0.0032249
0.0032249
0.0032249
0.0032495
0.0032249
0.0032249
0.0032249
0.0032249
0.0032495
0.0032249
0.0032249
0.0032249
0.0032249
0.0032495
0.0032249
0.0032249
0.0032249
0.0032249
0.0032249
0.0032249
0.0032003
0.0032003
0.0032003
0.0032249
0.0032249
0.0032003
0.0032003
0.0032003
0.0032249
0.0032249
0.0032249
0.0032249
0.0032003
0.0032003
0.0032003
0.0032249
0.0032249
0.0032003
0.0032003
0.0032003
0.0032003
0.0032003
0.0031757
0.0031757
0.0031757
0.0032003
0.0032003
0.0031757
0.0031757
0.0031757
0.0032003
0.0031757
0.0031757
0.0031757
0.0031757
0.0031757
0.0031757
0.0031757
0.003151
0.003151
0.003151
0.0031264
0.0031264
0.003151
0.0032249
0.0032987
0.003348
0.0033234
0.0032741
0.0030772
0.0030526
0.0030772
0.0030526
0.0030526
0.0030033
0.0029787
0.0029541
0.0029541
0.0029541
0.0029295
0.0029541
0.0030033
0.0030772
0.0031264
0.0031264
0.0031264
0.0031264
0.003151
0.003151
0.0031264
0.0031264
0.0031264
0.003151
0.003151
0.0031264
0.0031264
0.0031264
0.003151
0.003151
0.003151
0.0031264
0.0031264
0.003151
0.003151
0.003151
0.003151
0.003151
0.0031757
0.0031757
0.0032003
0.0032003
0.0032003
0.0032003
0.0032249
0.0032249
0.0032495
0.0032495
0.0032249
0.0032495
0.0032495
0.0032741
0.0032495
0.0032495
0.0032495
0.0032495
0.0032495
0.0032249
0.0032003
0.0032003
0.0031757
0.0031757
0.003151
0.0031264
0.0031264
0.0031264
0.0031264
0.0031018
0.0031018
0.0030772
0.0031018
0.0030772
0.0030772
0.0030526
0.0030526
0.0030772
0.0030772
0.0030526
0.0030526
0.0030526
0.0030526
0.0030526
0.0030526
0.0030526
0.0030526
0.0030526
0.0030526
0.0030772
0.0030772
0.0030526
0.0030526
0.0030526
0.0030526
0.0030526
0.0030526
0.0030526
0.0030526
0.0030526
0.0030526
0.0030526
0.0030526
0.0030526
0.0030526
0.0030526
0.0030526
0.003028
0.003028
0.0030526
0.0030526
0.003028
0.003028
0.003028
0.0030526
0.0030526
0.0030526
0.003028
0.003028
0.003028
0.003028
0.003028
0.003028
0.0030033
0.0030033
0.0030033
0.003028
0.0030033
0.0030033
0.0030033
0.0030033
0.0030033
0.0030033
0.0030033
0.0030033
0.0030033
0.0030033
0.0030033
0.0029787
0.0029541
0.0029541
0.0029541
0.0029295
0.0029541
0.0029787
0.0030526
0.0031264
0.0032003
0.0032003
0.003151
0.0031264
0.0030526
0.0029787
0.0029049
0.0028802
0.0029049
0.0028802
0.0028556
0.0028064
0.0028064
0.0027818
0.0027818
0.0028064
0.0028802
0.0029295
0.0029295
0.0029295
0.0029541
0.0029787
0.0029541
0.0029541
0.0029541
0.0029541
0.0029787
0.0029541
0.0029541
0.0029541
0.0029787
0.0029787
0.0029541
0.0029541
0.0029541
0.0029787
0.0029787
0.0029787
0.0029787
0.0029787
0.0029787
0.0030033
0.0030033
0.0029787
0.0030033
0.0030033
0.003028
0.003028
0.003028
0.003028
0.0030526
0.0030772
0.0030772
0.0030772
0.0030772
0.0030772
0.0030772
0.0030772
0.0030772
0.0030526
0.003028
0.003028
0.003028
0.003028
0.0030033
0.0029787
0.0029541
0.0029541
0.0029541
0.0029541
0.0029295
0.0029049
0.0029049
0.0029049
0.0029049
0.0029049
0.0028802
0.0028802
0.0029049
0.0028802
0.0028802
0.0028802
0.0028802
0.0028802
0.0028802
0.0028802
0.0028556
0.0028802
0.0028802
0.0028802
0.0028802
0.0028556
0.0028802
0.0028802
0.0028802
0.0028802
0.0028802
0.0028802
0.0028802
0.0028802
0.0028802
0.0028802
0.0028802
0.0028556
0.0028802
0.0028802
0.0028802
0.0028556
0.0028556
0.0028556
0.0028802
0.0028802
0.0028556
0.0028556
0.0028556
0.0028802
0.0028802
0.0028556
0.0028556
0.0028556
0.0028802
0.0028802
0.0028556
0.0028556
0.0028556
0.0028556
0.0028556
0.0028556
0.002831
0.002831
0.0028556
0.0028556
0.002831
0.002831
0.002831
0.002831
0.002831
0.002831
0.0028064
0.0028064
0.0028064
0.0028064
0.0027818
0.0027818
0.0028064
0.0028556
0.0029049
0.0030033
0.0030526
0.0030033
0.0029541
0.0029295
0.0028556
0.0027572
0.0027079
0.0027079
0.0027079
0.0027079
0.0026587
0.0026341
0.0026095
0.0026095
0.0025848
0.0025848
0.0025848
0.0026341
0.0026833
0.0027572
0.0027818
0.0027818
0.0027818
0.0027818
0.0027818
0.0027818
0.0027818
0.0027818
0.0027818
0.0027818
0.0028064
0.0028064
0.0028064
0.0027818
0.0027818
0.0028064
0.0028064
0.0028064
0.0028064
0.0028064
0.002831
0.002831
0.002831
0.002831
0.002831
0.0028556
0.0028556
0.0028556
0.0028556
0.0028802
0.0028802
0.0029049
0.0029049
0.0029049
0.0029049
0.0029295
0.0029295
0.0029049
0.0029049
0.0029049
0.0029049
0.0029049
0.0028802
0.0028556
0.0028556
0.0028556
0.002831
0.0027818
0.0027818
0.0027818
0.0027572
0.0027572
0.0027572
0.0027572
0.0027325
0.0027325
0.0027325
0.0027325
0.0027325
0.0027325
0.0027079
0.0027079
0.0027325
0.0027325
0.0027325
0.0027079
0.0027079
0.0027325
0.0027325
0.0027325
0.0027079
0.0027325
0.0027325
0.0027325
0.0027325
0.0027079
0.0027079
0.0027325
0.0027325
0.0027325
0.0027079
0.0027079
0.0027325
0.0027325
0.0027325
0.0027079
0.0027079
0.0027079
0.0027079
0.0027325
0.0027079
0.0027079
0.0027079
0.0027325
0.0027325
0.0027325
0.0027079
0.0027079
0.0027079
0.0027079
0.0027079
0.0027079
0.0027079
0.0027079
0.0027079
0.0027079
0.0026833
0.0026833
0.0026833
0.0027079
0.0026833
0.0026833
0.0026833
0.0026833
0.0027079
0.0026833
0.0026833
0.0026833
0.0026833
0.0026833
0.0026833
0.0026587
0.0026587
0.0026341
0.0026341
0.0026341
0.0026587
0.0028802
0.0028556
0.0028064
0.0027572
0.0027079
0.0026341
0.0025848
0.0025848
0.0025848
0.0025602
0.0025356
0.002511
0.0024864
0.0024864
0.0024618
0.0024618
0.0024618
0.002511
0.0025602
0.0026341
0.0026587
0.0026587
0.0026587
0.0026587
0.0026833
0.0026833
0.0026587
0.0026587
0.0026587
0.0026833
0.0026833
0.0026587
0.0026587
0.0026833
0.0026833
0.0026833
0.0026833
0.0026833
0.0026833
0.0027079
0.0027079
0.0027079
0.0027079
0.0027079
0.0027079
0.0027325
0.0027572
0.0027572
0.0027572
0.0027572
0.0027818
0.0028064
0.0028064
0.0027818
0.0027818
0.0028064
0.0028064
0.0028064
0.0028064
0.0028064
0.0028064
0.0028064
0.0027818
0.0027572
0.0027572
0.0027325
0.0027325
0.0027325
0.0027079
0.0026833
0.0026833
0.0026833
0.0026587
0.0026587
0.0026341
0.0026341
0.0026587
0.0026341
0.0026341
0.0026095
0.0026095
0.0026095
0.0026095
0.0026341
0.0026341
0.0026095
0.0026095
0.0026095
0.0026341
0.0026341
0.0026095
0.0026095
0.0026095
0.0026341
0.0026341
0.0026095
0.0026095
0.0026095
0.0026341
0.0026341
0.0026095
0.0026095
0.0026095
0.0026095
0.0026095
0.0026095
0.0026095
0.0026095
0.0026095
0.0026095
0.0026095
0.0025848
0.0026095
0.0026095
0.0026341
0.0026095
0.0026095
0.0026095
0.0026095
0.0026095
0.0026095
0.0026095
0.0026095
0.0026095
0.0026095
0.0026095
0.0026095
0.0026095
0.0026095
0.0026095
0.0026095
0.0026095
0.0026095
0.0025848
0.0026095
0.0026095
0.0026095
0.0026095
0.0025848
0.0025848
0.0025848
0.0025848
0.0025848
0.0025602
0.0025356
0.0025356
0.0025602
0.0025602
0.0025848
0.0026341
0.0027325
0.0027572
0.0026833
0.0026587
0.0026095
0.0025356
0.0024864
0.0024618
0.0024618
0.0024371
0.0023633
0.0023633
0.0023633
0.0023633
0.0023879
0.0024125
0.0024864
0.0025356
0.0025356
0.0025356
0.0025356
0.0025356
0.0025602
0.0025602
0.0025602
0.0025356
0.0025356
0.0025602
0.0025602
0.0025602
0.0025602
0.0025602
0.0025602
0.0025602
0.0025602
0.0025602
0.0025602
0.0025602
0.0025602
0.0025602
0.0025602
0.0025602
0.0025848
0.0025848
0.0025848
0.0025848
0.0025848
0.0026095
0.0026341
0.0026341
0.0026587
0.0026587
0.0026587
0.0026587
0.0026587
0.0026833
0.0026587
0.0026587
0.0026341
0.0026587
0.0026341
0.0026341
0.0026095
0.0025848
0.0025848
0.0025848
0.0025602
0.0025602
0.0025356
0.0025356
0.0025356
0.0025356
0.002511
0.002511
0.002511
0.002511
0.002511
0.0024864
0.0024864
0.0024864
0.002511
0.0024864
0.0024864
0.0024864
0.0024864
0.002511
0.0024864
0.0024864
0.0024864
0.0024864
0.0024864
0.002511
0.002511
0.002511
0.0024864
0.0024864
0.0024864
0.002511
0.002511
0.0024864
0.0024864
0.0024864
0.002511
0.002511
0.0024864
0.0024864
0.0024864
0.0024864
0.0024864
0.0024864
0.0024864
0.0024864
0.002511
0.002511
0.0024864
0.0024864
0.0024864
0.002511
0.0024864
0.0024864
0.0024864
0.002511
0.002511
0.002511
0.0024864
0.0024864
0.0024864
0.0024864
0.0024864
0.0024864
0.0024864
0.0024864
0.0024618
0.0024864
0.0024864
0.0024864
0.0024618
0.0024618
0.0024618
0.0024618
0.0024618
0.0024371
0.0024125
0.0024125
0.0024371
0.0024618
0.002511
0.0025602
0.0026587
0.0026587
0.0026095
0.0025848
0.002511
0.0024371
0.0023879
0.0023879
0.0023633
0.0023387
0.0023387
0.002314
0.002314
0.0022648
0.0022402
0.0022402
0.0022402
0.0022648
0.0022894
0.0023633
0.0024125
0.0024371
0.0024618
0.0024618
0.0024618
0.0024618
0.0024371
0.0024618
0.0024618
0.0024618
0.0024618
0.0024618
0.0024618
0.0024864
0.0024864
0.0024618
0.0024618
0.0024864
0.0024864
0.0024864
0.0024864
0.0024864
0.0024864
0.002511
0.002511
0.002511
0.002511
0.0025356
0.0025602
0.0025602
0.0025602
0.0025602
0.0025848
0.0026095
0.0026095
0.0026095
0.0026095
0.0026095
0.0026341
0.0026341
0.0026095
0.0025848
0.0025356
0.0025356
0.0025356
0.002511
0.0024864
0.0024864
0.0024618
0.0024864
0.0024618
0.0024618
0.0024371
0.0024371
0.0024618
0.0024371
0.0024371
0.0024125
0.0024125
0.0024371
0.0024371
0.0024125
0.0024125
0.0024125
0.0024371
0.0024371
0.0024125
0.0024125
0.0024125
0.0024371
0.0024371
0.0024125
0.0024125
0.0024125
0.0024371
0.0024371
0.0024371
0.0024125
0.0024125
0.0024371
0.0024371
0.0024125
0.0024125
0.0024125
0.0024125
0.0024125
0.0024125
0.0024125
0.0024125
0.0024125
0.0024371
0.0024371
0.0024371
0.0024125
0.0024125
0.0024371
0.0024371
0.0024125
0.0024125
0.0024125
0.0024371
0.0024371
0.0024371
0.0024125
0.0024125
0.0024125
0.0024371
0.0024125
0.0024125
0.0024125
0.0024371
0.0024371
0.0024125
0.0024125
0.0024125
0.0024125
0.0024371
0.0024125
0.0024125
0.0024125
0.0024125
0.0024125
0.0023879
0.0024371
0.0024864
0.0025356
0.0026341
0.0026341
0.0026095
0.0025602
0.0024618
0.0023879
0.0023387
0.0023387
0.002314
0.0022894
0.0022648
0.0022402
0.0022402
0.002191
0.0021663
0.0021663
0.0021663
0.002191
0.0022156
0.0022894
0.0023387
0.0023633
0.0023633
0.0023633
0.0023633
0.0023633
0.0023633
0.0023879
0.0023879
0.0023633
0.0023633
0.0023879
0.0023879
0.0023879
0.0023633
0.0023633
0.0023879
0.0023879
0.0023879
0.0023879
0.0024125
0.0023879
0.0023879
0.0024125
0.0024371
0.0024371
0.0024371
0.0024371
0.0024618
0.0024618
0.0024864
0.0024864
0.0024864
0.0024864
0.002511
0.002511
0.002511
0.002511
0.002511
0.002511
0.002511
0.0024864
0.0024618
0.0024618
0.0024618
0.0024371
0.0024125
0.0024125
0.0024125
0.0023879
0.0023879
0.0023633
0.0023633
0.0023387
0.0023633
0.0023387
0.002314
0.002314
0.0022894
0.0022894
0.0022894
0.002314
0.002314
0.0022894
0.0022894
0.0022894
0.002314
0.0022894
0.0022894
0.0022894
0.0022894
0.0022894
0.0022894
0.0022894
0.0022894
0.0022894
0.0022894
0.002314
0.0022894
0.0022894
0.0022894
0.002314
0.002314
0.0022894
0.0022894
0.0022894
0.0022894
0.0022894
0.0022894
0.0022648
0.0022894
0.0022894
0.0022894
0.0022894
0.0022894
0.0022894
0.0022648
0.0022648
0.0022894
0.0022894
0.0022648
0.0022648
0.0022648
0.0022894
0.0022648
0.0022648
0.0022648
0.0022648
0.0022648
0.0022648
0.0022402
0.0022402
0.0022402
0.0022648
0.0022648
0.0022402
0.0022402
0.0022402
0.0022402
0.0022402
0.0022402
0.0022156
0.0022156
0.0022156
0.0022156
0.002191
0.002191
0.0022156
0.0022894
0.0023387
0.0024125
0.0024371
0.0023879
0.0023633
0.002314
0.0022156
0.0021171
0.0020925
0.0020679
0.0020433
0.0020433
0.0020186
0.001994
0.001994
0.0020186
0.0020679
0.0021171
0.0021663
0.002191
0.002191
0.0022156
0.0022156
0.002191
0.002191
0.002191
0.0022156
0.0022156
0.002191
0.002191
0.002191
0.0022156
0.0022156
0.0022156
0.002191
0.0022156
0.0022156
0.0022156
0.0022156
0.0022156
0.0022156
0.0022156
0.0022402
0.0022402
0.0022402
0.0022402
0.0022648
0.0022894
0.0022894
0.002314
0.002314
0.002314
0.002314
0.0023387
0.0023387
0.0023387
0.0023387
0.0023387
0.0023387
0.0023387
0.002314
0.0022894
0.0022894
0.0022894
0.0022648
0.0022402
0.0022402
0.0022156
0.0022156
0.0022156
0.002191
0.0021663
0.0021663
0.0021663
0.0021663
0.0021663
0.0021417
0.0021417
0.0021417
0.0021663
0.0021417
0.0021417
0.0021417
0.0021417
0.0021417
0.0021417
0.0021417
0.0021417
0.0021417
0.0021417
0.0021417
0.0021417
0.0021417
0.0021417
0.0021417
0.0021417
0.0021417
0.0021417
0.0021417
0.0021417
0.0021417
0.0021417
0.0021417
0.0021417
0.0021417
0.0021663
0.0021417
0.0021417
0.0021417
0.0021417
0.0021417
0.0021417
0.0021417
0.0021417
0.0021417
0.0021417
0.0021417
0.0021417
0.0021417
0.0021417
0.0021417
0.0021417
0.0021417
0.0021171
0.0021417
0.0021417
0.0021417
0.0021417
0.0021171
0.0021171
0.0021171
0.0021417
0.0021171
0.0021171
0.0021171
0.0021171
0.0021171
0.0021171
0.0020925
0.0020679
0.0020679
0.0020679
0.0020925
0.0021171
0.0021417
0.0022402
0.002314
0.002314
0.0022648
0.0022156
0.0021663
0.0020925
0.0020186
0.001994
0.001994
0.001994
0.0019694
0.0019448
0.0018955
0.0018709
0.0018709
0.0018709
0.0018709
0.0018955
0.0019448
0.0020186
0.0020679
0.0020679
0.0020925
0.0020925
0.0020679
0.0020679
0.0020925
0.0020925
0.0020925
0.0020925
0.0020925
0.0020925
0.0020925
0.0020925
0.0020925
0.0020925
0.0020925
0.0021171
0.0021171
0.0020925
0.0021171
0.0021171
0.0021417
0.0021417
0.0021417
0.0021417
0.0021417
0.0021663
0.0021663
0.0021663
0.0021663
0.002191
0.0022156
0.0022156
0.0022156
0.002191
0.0022156
0.0022156
0.0022156
0.0022156
0.002191
0.0021663
0.0021417
0.0021417
0.0021417
0.0021417
0.0021171
0.0020925
0.0020925
0.0020925
0.0020925
0.0020679
0.0020433
0.0020433
0.0020679
0.0020679
0.0020433
0.0020433
0.0020433
0.0020433
0.0020433
0.0020433
0.0020186
0.0020186
0.0020433
0.0020433
0.0020186
0.0020186
0.0020433
0.0020433
0.0020433
0.0020433
0.0020186
0.0020433
0.0020433
0.0020433
0.0020433
0.0020433
0.0020433
0.0020433
0.0020433
