2018
4
26
16
58
5.4656
-0.038206
-0.038206
-0.038206
-0.038206
-0.038206
-0.038182
-0.038182
-0.038182
-0.038182
-0.038182
-0.038182
-0.038157
-0.038157
-0.038157
-0.038133
-0.038133
-0.038133
-0.038133
-0.038108
-0.038108
-0.038108
-0.038108
-0.038108
-0.038108
-0.038108
-0.038108
-0.038108
-0.038108
-0.038108
-0.038108
-0.038108
-0.038108
-0.038108
-0.038108
-0.038083
-0.038083
-0.038083
-0.038083
-0.038083
-0.038083
-0.038083
-0.038083
-0.038108
-0.038108
-0.038108
-0.038083
-0.038083
-0.038083
-0.038083
-0.038108
-0.038083
-0.038083
-0.038083
-0.038083
-0.038108
-0.038083
-0.038083
-0.038083
-0.038108
-0.038108
-0.038108
-0.038083
-0.038083
-0.038083
-0.038083
-0.038083
-0.038083
-0.038083
-0.038108
-0.038108
-0.038083
-0.038083
-0.038083
-0.038083
-0.038083
-0.038083
-0.038083
-0.038083
-0.038083
-0.038083
-0.038083
-0.038083
-0.038059
-0.038059
-0.038059
-0.038059
-0.038059
-0.038059
-0.038059
-0.038059
-0.038059
-0.038059
-0.038059
-0.038059
-0.038059
-0.038059
-0.038059
-0.038059
-0.038059
-0.038059
-0.038059
-0.038059
-0.038059
-0.038034
-0.038034
-0.038034
-0.038034
-0.038034
-0.038034
-0.038034
-0.038034
-0.038034
-0.038034
-0.038034
-0.038034
-0.038034
-0.038034
-0.038034
-0.038034
-0.038034
-0.038034
-0.038034
-0.038034
-0.038034
-0.038009
-0.038009
-0.038009
-0.038009
-0.038009
-0.038009
-0.038009
-0.038009
-0.038009
-0.038009
-0.038009
-0.037985
-0.037985
-0.037985
-0.037985
-0.037985
-0.037985
-0.038009
-0.038009
-0.038009
-0.038009
-0.038009
-0.038009
-0.038009
-0.038009
-0.038009
-0.038009
-0.038009
-0.038009
-0.038009
-0.038009
-0.038009
-0.038009
-0.038009
-0.038009
-0.038009
-0.038009
-0.038009
-0.038059
-0.038083
-0.038108
-0.038059
-0.03796
-0.037837
-0.03764
-0.037517
-0.037542
-0.03764
-0.03764
-0.037591
-0.037591
-0.03764
-0.037714
-0.037862
-0.037985
-0.038009
-0.037985
-0.03796
-0.03796
-0.03796
-0.03796
-0.03796
-0.03796
-0.03796
-0.03796
-0.03796
-0.03796
-0.03796
-0.03796
-0.03796
-0.03796
-0.03796
-0.03796
-0.03796
-0.03796
-0.03796
-0.037936
-0.037936
-0.037936
-0.037936
-0.037936
-0.037936
-0.037936
-0.037936
-0.037936
-0.037936
-0.037936
-0.037936
-0.037936
-0.037936
-0.037936
-0.03796
-0.03796
-0.03796
-0.03796
-0.03796
-0.03796
-0.03796
-0.037985
-0.037985
-0.037985
-0.037985
-0.037985
-0.037985
-0.037985
-0.037985
-0.037985
-0.037985
-0.03796
-0.03796
-0.03796
-0.03796
-0.037936
-0.037936
-0.037936
-0.037911
-0.037886
-0.037886
-0.037886
-0.037886
-0.037886
-0.037862
-0.037862
-0.037886
-0.037886
-0.037886
-0.037886
-0.037886
-0.037886
-0.037886
-0.037886
-0.037886
-0.037886
-0.037886
-0.037886
-0.037886
-0.037886
-0.037886
-0.037886
-0.037886
-0.037886
-0.037886
-0.037886
-0.037886
-0.037886
-0.037886
-0.037886
-0.037886
-0.037886
-0.037886
-0.037886
-0.037886
-0.037886
-0.037886
-0.037886
-0.037886
-0.037862
-0.037862
-0.037862
-0.037886
-0.037886
-0.037886
-0.037886
-0.037886
-0.037886
-0.037886
-0.037886
-0.037886
-0.037886
-0.037886
-0.037886
-0.037886
-0.037886
-0.037886
-0.037886
-0.037886
-0.037886
-0.037886
-0.037886
-0.037886
-0.037886
-0.037886
-0.037886
-0.037886
-0.037886
-0.037886
-0.037886
-0.037886
-0.037862
-0.037862
-0.037862
-0.037886
-0.037862
-0.037862
-0.037862
-0.037886
-0.037886
-0.037886
-0.037886
-0.037886
-0.037862
-0.037862
-0.037862
-0.037862
-0.037862
-0.037862
-0.037862
-0.037862
-0.037862
-0.037886
-0.037862
-0.037862
-0.037886
-0.037886
-0.037886
-0.037862
-0.037862
-0.037886
-0.037886
-0.037886
-0.037862
-0.037862
-0.037862
-0.037862
-0.037862
-0.037862
-0.037862
-0.037862
-0.037862
-0.037862
-0.037862
-0.037862
-0.037862
-0.037862
-0.037862
-0.037862
-0.037862
-0.037862
-0.037862
-0.037862
-0.037862
-0.037862
-0.037862
-0.037862
-0.037837
-0.037837
-0.037837
-0.037837
-0.037837
-0.037837
-0.037837
-0.037837
-0.037837
-0.037837
-0.037837
-0.037837
-0.037837
-0.037837
-0.037837
-0.037837
-0.037837
-0.037837
-0.037837
-0.037837
-0.037837
-0.037837
-0.037837
-0.037837
-0.037837
-0.037837
-0.037837
-0.037837
-0.037813
-0.037837
-0.037837
-0.037837
-0.037813
-0.037813
-0.037813
-0.037813
-0.037813
-0.037813
-0.037837
-0.037837
-0.037837
-0.037837
-0.037837
-0.037837
-0.037837
-0.037837
-0.037837
-0.037837
-0.037837
-0.037837
-0.037837
-0.037837
-0.037837
-0.037837
-0.037837
-0.037813
-0.037837
-0.037837
-0.037837
-0.037886
-0.037911
-0.037911
-0.037862
-0.037763
-0.037591
-0.037394
-0.037345
-0.037443
-0.037492
-0.037419
-0.037345
-0.037394
-0.037813
-0.037813
-0.037788
-0.037788
-0.037788
-0.037788
-0.037788
-0.037788
-0.037788
-0.037788
-0.037788
-0.037813
-0.037813
-0.037788
-0.037788
-0.037788
-0.037788
-0.037788
-0.037788
-0.037788
-0.037763
-0.037763
-0.037763
-0.037763
-0.037763
-0.037763
-0.037763
-0.037788
-0.037788
-0.037788
-0.037763
-0.037763
-0.037763
-0.037788
-0.037763
-0.037763
-0.037763
-0.037763
-0.037788
-0.037788
-0.037813
-0.037813
-0.037813
-0.037813
-0.037837
-0.037837
-0.037837
-0.037837
-0.037837
-0.037837
-0.037837
-0.037837
-0.037837
-0.037837
-0.037837
-0.037813
-0.037813
-0.037813
-0.037788
-0.037788
-0.037763
-0.037763
-0.037763
-0.037739
-0.037739
-0.037739
-0.037714
-0.037714
-0.037714
-0.037714
-0.037739
-0.037739
-0.037739
-0.037739
-0.037739
-0.037739
-0.037739
-0.037739
-0.037739
-0.037739
-0.037763
-0.037763
-0.037763
-0.037763
-0.037763
-0.037763
-0.037763
-0.037763
-0.037763
-0.037763
-0.037763
-0.037763
-0.037763
-0.037763
-0.037763
-0.037763
-0.037763
-0.037763
-0.037763
-0.037763
-0.037763
-0.037763
-0.037763
-0.037763
-0.037763
-0.037763
-0.037763
-0.037763
-0.037763
-0.037763
-0.037763
-0.037763
-0.037763
-0.037763
-0.037763
-0.037763
-0.037763
-0.037763
-0.037763
-0.037763
-0.037763
-0.037763
-0.037763
-0.037763
-0.037763
-0.037763
-0.037763
-0.037763
-0.037763
-0.037763
-0.037763
-0.037763
-0.037763
-0.037763
-0.037763
-0.037763
-0.037763
-0.037763
-0.037763
-0.037763
-0.037763
-0.037763
-0.037763
-0.037763
-0.037763
-0.037763
-0.037763
-0.037763
-0.037763
-0.037763
-0.037763
-0.037763
-0.037763
-0.037763
-0.037763
-0.037763
-0.037763
-0.037763
-0.037763
-0.037763
-0.037763
-0.037763
-0.037763
-0.037763
-0.037763
-0.037763
-0.037763
-0.037763
-0.037763
-0.037763
-0.037763
-0.037763
-0.037763
-0.037763
-0.037739
-0.037739
-0.037739
-0.037739
-0.037739
-0.037739
-0.037739
-0.037763
-0.037739
-0.037763
-0.037763
-0.037763
-0.037763
-0.037763
-0.037763
-0.037763
-0.037763
-0.037763
-0.037763
-0.037763
-0.037763
-0.037739
-0.037739
-0.037739
-0.037739
-0.037739
-0.037739
-0.037739
-0.037739
-0.037739
-0.037739
-0.037739
-0.037739
-0.037739
-0.037739
-0.037739
-0.037739
-0.037739
-0.037739
-0.037739
-0.037739
-0.037739
-0.037739
-0.037739
-0.037739
-0.037739
-0.037739
-0.037739
-0.037739
-0.037739
-0.037739
-0.037739
-0.037714
-0.037714
-0.037689
-0.037689
-0.037689
-0.037714
-0.037714
-0.037714
-0.037714
-0.037714
-0.037714
-0.037714
-0.037714
-0.037714
-0.037714
-0.037714
-0.037714
-0.037714
-0.037714
-0.037714
-0.037714
-0.037714
-0.037714
-0.037714
-0.037714
-0.037714
-0.037739
-0.037788
-0.037813
-0.037813
-0.037739
-0.03764
-0.037468
-0.037271
-0.037197
-0.037296
-0.037345
-0.037271
-0.037222
-0.037271
-0.03732
-0.037443
-0.037616
-0.037714
-0.037714
-0.037689
-0.037689
-0.037689
-0.037689
-0.037689
-0.037689
-0.037689
-0.037689
-0.037689
-0.037689
-0.037689
-0.037689
-0.037665
-0.037665
-0.037689
-0.037665
-0.037665
-0.037665
-0.037689
-0.037689
-0.037689
-0.037689
-0.037689
-0.037689
-0.037689
-0.037689
-0.037689
-0.037689
-0.037689
-0.037689
-0.037689
-0.037689
-0.037689
-0.037689
-0.037689
-0.037689
-0.037689
-0.037714
-0.037714
-0.037714
-0.037714
-0.037714
-0.037714
-0.037714
-0.037739
-0.037739
-0.037739
-0.037739
-0.037739
-0.037714
-0.037714
-0.037689
-0.037689
-0.037665
-0.037665
-0.03764
-0.03764
-0.03764
-0.03764
-0.03764
-0.037616
-0.037616
-0.037616
-0.037616
-0.037616
-0.037616
-0.03764
-0.03764
-0.03764
-0.03764
-0.03764
-0.03764
-0.03764
-0.03764
-0.03764
-0.03764
-0.03764
-0.03764
-0.03764
-0.03764
-0.03764
-0.037665
-0.037665
-0.037665
-0.037665
-0.037665
-0.037665
-0.037665
-0.037665
-0.037665
-0.037665
-0.037665
-0.037665
-0.037665
-0.037665
-0.03764
-0.037665
-0.037665
-0.037665
-0.037665
-0.037665
-0.037665
-0.037665
-0.037665
-0.037665
-0.037665
-0.037665
-0.037665
-0.037665
-0.037665
-0.037665
-0.037665
-0.037665
-0.037665
-0.037665
-0.037665
-0.037665
-0.037665
-0.037665
-0.037665
-0.037665
-0.037665
-0.037665
-0.037665
-0.037665
-0.037665
-0.037665
-0.037665
-0.037665
-0.037689
-0.037689
-0.037689
-0.037689
-0.037665
-0.037665
-0.037665
-0.037689
-0.037689
-0.037665
-0.037689
-0.037689
-0.037665
-0.037665
-0.037665
-0.037665
-0.037665
-0.037665
-0.037665
-0.037665
-0.037689
-0.037689
-0.037689
-0.037689
-0.037689
-0.037689
-0.037689
-0.037689
-0.037689
-0.037689
-0.037689
-0.037689
-0.037689
-0.037689
-0.037689
-0.037689
-0.037689
-0.037689
-0.037689
-0.037689
-0.037689
-0.037689
-0.037689
-0.037689
-0.037689
-0.037689
-0.037689
-0.037689
-0.037689
-0.037689
-0.037689
-0.037689
-0.037689
-0.037689
-0.037689
-0.037689
-0.037689
-0.037689
-0.037689
-0.037689
-0.037689
-0.037665
-0.037689
-0.037689
-0.037665
-0.037665
-0.037665
-0.037665
-0.037665
-0.037665
-0.037665
-0.037665
-0.037689
-0.037689
-0.037689
-0.037665
-0.037665
-0.037665
-0.037689
-0.037689
-0.037665
-0.037665
-0.037665
-0.037689
-0.037689
-0.037689
-0.037689
-0.037689
-0.037689
-0.037689
-0.037689
-0.037689
-0.037689
-0.037689
-0.037689
-0.037689
-0.037689
-0.037689
-0.037714
-0.037689
-0.037689
-0.037689
-0.037689
-0.037689
-0.037689
-0.037689
-0.037714
-0.037739
-0.037788
-0.037788
-0.037739
-0.03764
-0.037492
-0.037296
-0.037172
-0.037222
-0.03732
-0.037296
-0.037246
-0.037271
-0.037689
-0.037714
-0.037689
-0.037689
-0.037689
-0.037689
-0.037689
-0.037665
-0.037665
-0.037665
-0.037665
-0.037689
-0.037665
-0.037665
-0.037665
-0.037665
-0.037665
-0.037665
-0.037665
-0.037665
-0.037665
-0.037665
-0.037665
-0.037665
-0.037665
-0.037665
-0.037665
-0.037665
-0.037665
-0.037665
-0.037665
-0.037665
-0.037665
-0.037665
-0.037665
-0.037665
-0.037665
-0.037665
-0.037665
-0.037689
-0.037689
-0.037714
-0.037714
-0.037714
-0.037714
-0.037714
-0.037714
-0.037739
-0.037739
-0.037739
-0.037739
-0.037739
-0.037739
-0.037739
-0.037714
-0.037714
-0.037714
-0.037689
-0.037689
-0.037665
-0.037665
-0.037665
-0.03764
-0.03764
-0.03764
-0.037616
-0.037616
-0.037616
-0.037616
-0.037616
-0.037616
-0.037616
-0.037616
-0.037616
-0.03764
-0.03764
-0.03764
-0.03764
-0.03764
-0.03764
-0.03764
-0.03764
-0.03764
-0.03764
-0.03764
-0.03764
-0.03764
-0.03764
-0.03764
-0.03764
-0.03764
-0.03764
-0.03764
-0.03764
-0.03764
-0.03764
-0.03764
-0.03764
-0.03764
-0.03764
-0.03764
-0.03764
-0.03764
-0.03764
-0.03764
-0.037665
-0.03764
-0.03764
-0.03764
-0.037665
-0.037665
-0.037665
-0.037665
-0.037665
-0.037665
-0.037665
-0.037665
-0.037665
-0.037665
-0.037665
-0.037665
-0.037665
-0.037665
-0.037665
-0.037665
-0.037665
-0.037665
-0.037665
-0.037665
-0.037665
-0.037665
-0.037665
-0.037665
-0.037665
-0.037665
-0.037665
-0.037665
-0.037665
-0.037665
-0.037665
-0.037665
-0.037665
-0.037665
-0.037665
-0.037665
-0.037665
-0.037665
-0.037665
-0.037665
-0.037665
-0.037665
-0.037665
-0.037665
-0.037665
-0.037665
-0.037665
-0.037665
-0.037665
-0.037665
-0.037665
-0.037665
-0.037665
-0.037665
-0.037665
-0.037665
-0.037665
-0.037665
-0.037665
-0.037665
-0.037665
-0.037665
-0.037665
-0.037665
-0.037665
-0.037665
-0.037665
-0.037665
-0.037665
-0.037665
-0.037665
-0.037665
-0.037665
-0.037665
-0.037665
-0.037665
-0.037665
-0.037665
-0.037665
-0.037665
-0.037665
-0.037665
-0.037665
-0.037665
-0.037665
-0.037665
-0.037665
-0.037665
-0.037665
-0.037665
-0.037665
-0.037665
-0.037665
-0.037665
-0.037665
-0.037665
-0.037665
-0.037665
-0.037665
-0.037665
-0.03764
-0.037665
-0.037665
-0.03764
-0.03764
-0.037616
-0.037616
-0.03764
-0.03764
-0.03764
-0.037665
-0.037665
-0.037665
-0.037665
-0.037665
-0.037665
-0.037665
-0.037665
-0.037665
-0.037665
-0.037665
-0.037689
-0.037689
-0.037689
-0.037689
-0.037689
-0.037689
-0.037689
-0.037689
-0.037665
-0.037665
-0.037763
-0.037763
-0.037714
-0.037616
-0.037443
-0.037246
-0.037148
-0.037246
-0.03732
-0.037271
-0.037197
-0.037246
-0.037296
-0.037394
-0.037566
-0.037665
-0.037689
-0.037665
-0.037665
-0.037665
-0.037665
-0.037665
-0.037665
-0.037665
-0.037665
-0.037665
-0.037665
-0.037665
-0.037665
-0.037665
-0.037665
-0.037665
-0.037665
-0.037665
-0.03764
-0.03764
-0.03764
-0.03764
-0.03764
-0.03764
-0.03764
-0.03764
-0.03764
-0.03764
-0.03764
-0.03764
-0.03764
-0.03764
-0.03764
-0.03764
-0.037665
-0.037665
-0.037665
-0.037665
-0.037665
-0.037689
-0.037689
-0.037689
-0.037689
-0.037714
-0.037714
-0.037714
-0.037714
-0.037714
-0.037714
-0.037714
-0.037714
-0.037714
-0.037714
-0.037714
-0.037714
-0.037689
-0.037689
-0.037665
-0.037665
-0.037665
-0.03764
-0.03764
-0.037616
-0.037616
-0.037591
-0.037616
-0.037616
-0.037616
-0.037616
-0.037616
-0.037616
-0.037616
-0.037616
-0.037616
-0.037616
-0.037616
-0.037616
-0.037616
-0.037616
-0.037616
-0.03764
-0.03764
-0.03764
-0.03764
-0.03764
-0.03764
-0.03764
-0.03764
-0.03764
-0.03764
-0.03764
-0.03764
-0.03764
-0.03764
-0.03764
-0.03764
-0.03764
-0.03764
-0.03764
-0.03764
-0.03764
-0.037665
-0.037665
-0.037665
-0.037665
-0.037665
-0.037665
-0.037665
-0.037665
-0.037665
-0.037665
-0.037665
-0.037665
-0.037665
-0.037665
-0.037665
-0.037665
-0.037665
-0.037665
-0.037665
-0.037665
-0.037665
-0.037665
-0.037665
-0.037665
-0.037665
-0.037665
-0.037665
-0.037665
-0.037665
-0.037665
-0.037665
-0.037665
-0.037665
-0.037665
-0.037665
-0.037665
-0.037665
-0.037665
-0.037665
-0.037665
-0.037665
-0.037665
-0.037665
-0.037665
-0.037665
-0.037665
-0.037665
-0.037665
-0.037665
-0.037665
-0.037665
-0.037665
-0.037665
-0.037665
-0.037665
-0.037665
-0.037665
-0.037665
-0.037665
-0.037665
-0.037665
-0.037665
-0.037665
-0.037665
-0.037665
-0.037665
-0.037665
-0.037665
-0.037665
-0.037665
-0.037665
-0.037665
-0.037665
-0.037665
-0.037665
-0.037665
-0.037665
-0.037665
-0.037665
-0.037665
-0.037665
-0.037665
-0.037665
-0.037665
-0.037665
-0.037665
-0.037665
-0.037665
-0.037665
-0.037665
-0.037665
-0.037665
-0.037665
-0.037665
-0.037665
-0.037665
-0.037665
-0.037665
-0.037665
-0.037665
-0.03764
-0.037665
-0.037665
-0.037665
-0.037665
-0.037665
-0.037665
-0.037665
-0.03764
-0.03764
-0.03764
-0.037665
-0.037665
-0.037665
-0.03764
-0.03764
-0.03764
-0.03764
-0.03764
-0.03764
-0.03764
-0.03764
-0.037616
-0.03764
-0.03764
-0.03764
-0.03764
-0.03764
-0.037665
-0.037665
-0.037665
-0.037665
-0.037665
-0.037665
-0.037665
-0.037665
-0.037665
-0.037665
-0.037665
-0.037665
-0.037665
-0.037665
-0.037665
-0.037665
-0.037665
-0.037665
-0.037665
-0.037689
-0.037739
-0.037763
-0.037714
-0.037616
-0.037492
-0.037271
-0.037148
-0.037172
-0.037296
-0.037271
-0.037172
-0.037172
-0.037246
-0.03732
-0.037468
-0.037616
-0.037616
-0.03764
-0.03764
-0.03764
-0.03764
-0.03764
-0.03764
-0.03764
-0.03764
-0.03764
-0.03764
-0.03764
-0.03764
-0.03764
-0.03764
-0.037616
-0.037616
-0.037616
-0.037616
-0.037616
-0.037616
-0.037616
-0.037616
-0.037616
-0.037616
-0.037616
-0.037616
-0.037616
-0.037616
-0.037616
-0.037616
-0.037616
-0.037616
-0.037616
-0.037616
-0.037616
-0.037616
-0.03764
-0.03764
-0.037665
-0.037665
-0.037665
-0.037665
-0.037689
-0.037689
-0.037689
-0.037689
-0.037689
-0.037689
-0.037689
-0.037665
-0.037665
-0.037665
-0.03764
-0.03764
-0.037616
-0.037616
-0.037591
-0.037591
-0.037591
-0.037566
-0.037566
-0.037566
-0.037566
-0.037566
-0.037566
-0.037566
-0.037566
-0.037566
-0.037566
-0.037566
-0.037566
-0.037566
-0.037566
-0.037591
-0.037591
-0.037591
-0.037591
-0.037591
-0.037591
-0.037591
-0.037591
-0.037591
-0.037591
-0.037591
-0.037591
-0.037591
-0.037591
-0.037591
-0.037591
-0.037591
-0.037591
-0.037591
-0.037591
-0.037591
-0.037616
-0.037616
-0.037616
-0.037591
-0.037591
-0.037591
-0.037591
-0.037591
-0.037591
-0.037591
-0.037616
-0.037616
-0.037616
-0.037616
-0.037616
-0.037616
-0.037616
-0.037616
-0.037616
-0.037616
-0.037616
-0.037616
-0.037616
-0.037616
-0.037616
-0.037616
-0.03764
-0.037616
-0.037616
-0.037616
-0.037616
-0.037616
-0.037616
-0.037616
-0.037616
-0.037616
-0.037616
-0.037616
-0.037616
-0.037616
-0.037616
-0.037616
-0.037616
-0.037616
-0.037616
-0.037616
-0.037616
-0.037616
-0.037616
-0.037616
-0.037616
-0.037616
-0.037616
-0.037616
-0.037616
-0.037616
-0.037616
-0.03764
-0.03764
-0.03764
-0.03764
-0.03764
-0.03764
-0.03764
-0.03764
-0.03764
-0.03764
-0.03764
-0.03764
-0.03764
-0.03764
-0.03764
-0.03764
-0.03764
-0.03764
-0.03764
-0.03764
-0.03764
-0.03764
-0.03764
-0.03764
-0.03764
-0.03764
-0.03764
-0.03764
-0.03764
-0.03764
-0.03764
-0.03764
-0.03764
-0.03764
-0.03764
-0.03764
-0.03764
-0.03764
-0.03764
-0.03764
-0.03764
-0.03764
-0.03764
-0.03764
-0.03764
-0.03764
-0.03764
-0.03764
-0.03764
-0.03764
-0.03764
-0.03764
-0.03764
-0.03764
-0.03764
-0.037665
-0.03764
-0.03764
-0.037616
-0.037616
-0.037616
-0.037616
-0.03764
-0.03764
-0.03764
-0.03764
-0.03764
-0.03764
-0.03764
-0.03764
-0.03764
-0.03764
-0.03764
-0.037665
-0.037665
-0.037665
-0.037665
-0.037665
-0.037665
-0.037665
-0.037665
-0.037665
-0.037665
-0.037665
-0.037665
-0.037665
-0.037665
-0.037689
-0.037591
-0.037419
-0.037222
-0.037123
-0.037197
-0.037246
-0.037222
-0.037197
-0.037246
-0.03732
-0.037419
-0.037591
-0.037689
-0.037689
-0.037665
-0.037665
-0.037665
-0.037665
-0.037665
-0.037665
-0.037665
-0.037665
-0.037665
-0.037665
-0.037665
-0.037665
-0.037665
-0.037665
-0.037665
-0.037665
-0.03764
-0.03764
-0.03764
-0.03764
-0.03764
-0.03764
-0.03764
-0.03764
-0.03764
-0.03764
-0.03764
-0.03764
-0.03764
-0.03764
-0.03764
-0.03764
-0.03764
-0.03764
-0.03764
-0.037665
-0.037665
-0.037665
-0.037665
-0.037665
-0.037689
-0.037689
-0.037689
-0.037689
-0.037714
-0.037714
-0.037714
-0.037714
-0.037714
-0.037714
-0.037714
-0.037714
-0.037714
-0.037689
-0.037689
-0.037665
-0.037665
-0.037665
-0.03764
-0.03764
-0.03764
-0.037616
-0.037616
-0.037616
-0.037591
-0.037591
-0.037591
-0.037591
-0.037591
-0.037591
-0.037591
-0.037591
-0.037616
-0.037616
-0.037616
-0.037616
-0.037616
-0.037616
-0.037616
-0.037616
-0.037616
-0.037616
-0.037616
-0.03764
-0.03764
-0.03764
-0.03764
-0.03764
-0.03764
-0.03764
-0.037616
-0.037616
-0.037616
-0.037616
-0.037616
-0.037616
-0.037616
-0.037616
-0.03764
-0.03764
-0.03764
-0.03764
-0.03764
-0.03764
-0.03764
-0.03764
-0.03764
-0.03764
-0.03764
-0.03764
-0.03764
-0.03764
-0.03764
-0.03764
-0.03764
-0.03764
-0.03764
-0.03764
-0.03764
-0.03764
-0.03764
-0.03764
-0.03764
-0.03764
-0.03764
-0.03764
-0.03764
-0.03764
-0.03764
-0.03764
-0.03764
-0.03764
-0.03764
-0.03764
-0.03764
-0.03764
-0.03764
-0.03764
-0.03764
-0.03764
-0.03764
-0.03764
-0.03764
-0.03764
-0.03764
-0.037616
-0.03764
-0.03764
-0.03764
-0.03764
-0.03764
-0.03764
-0.03764
-0.037616
-0.037616
-0.037616
-0.037616
-0.03764
-0.03764
-0.037616
-0.03764
-0.03764
-0.037616
-0.037616
-0.037616
-0.037616
-0.037616
-0.03764
-0.037616
-0.037616
-0.03764
-0.03764
-0.03764
-0.03764
-0.037616
-0.03764
-0.03764
-0.037616
-0.037616
-0.037616
-0.037616
-0.03764
-0.037616
-0.037616
-0.037616
-0.037616
-0.037616
-0.037616
-0.037616
-0.037616
-0.037616
-0.03764
-0.03764
-0.037616
-0.037616
-0.037616
-0.037616
-0.037616
-0.037616
-0.037616
-0.037616
-0.037616
-0.037616
-0.037616
-0.037616
-0.037616
-0.037616
-0.037616
-0.037616
-0.037616
-0.037616
-0.037616
-0.037616
-0.037616
-0.037591
-0.037591
-0.037591
-0.037591
-0.037616
-0.037616
-0.037616
-0.037616
-0.03764
-0.03764
-0.03764
-0.03764
-0.03764
-0.03764
-0.03764
-0.03764
-0.03764
-0.03764
-0.03764
-0.03764
-0.03764
-0.03764
-0.03764
-0.03764
-0.03764
-0.037665
-0.037714
-0.037739
-0.037714
-0.03764
-0.037542
-0.037369
-0.037172
-0.037123
-0.037222
-0.037271
-0.037197
-0.037172
-0.037222
-0.037296
-0.037419
-0.037591
-0.037665
-0.03764
-0.037616
-0.03764
-0.03764
-0.03764
-0.03764
-0.03764
-0.03764
-0.03764
-0.03764
-0.03764
-0.03764
-0.037616
-0.037616
-0.037616
-0.037616
-0.037616
-0.037616
-0.037616
-0.037616
-0.037616
-0.037616
-0.037616
-0.037591
-0.037616
-0.037616
-0.037616
-0.037616
-0.037616
-0.037616
-0.037616
-0.037616
-0.037616
-0.037616
-0.037616
-0.037616
-0.037616
-0.03764
-0.03764
-0.03764
-0.03764
-0.037665
-0.037665
-0.037665
-0.037665
-0.037689
-0.037689
-0.037689
-0.037689
-0.037665
-0.037665
-0.037665
-0.03764
-0.03764
-0.037616
-0.037616
-0.037616
-0.037591
-0.037591
-0.037566
-0.037566
-0.037566
-0.037566
-0.037566
-0.037566
-0.037566
-0.037566
-0.037566
-0.037566
-0.037566
-0.037566
-0.037566
-0.037566
-0.037591
-0.037591
-0.037591
-0.037591
-0.037591
-0.037591
-0.037591
-0.037591
-0.037591
-0.037591
-0.037591
-0.037591
-0.037591
-0.037616
-0.037616
-0.037591
-0.037616
-0.037616
-0.037616
-0.037616
-0.037616
-0.037616
-0.037616
-0.037616
-0.037616
-0.037616
-0.037616
-0.037616
-0.037616
-0.037616
-0.037616
-0.037616
-0.037616
-0.037616
-0.037616
-0.037616
-0.037616
-0.037616
-0.037616
-0.037616
-0.037616
-0.037616
-0.037616
-0.037616
-0.037616
-0.037616
-0.037616
-0.03764
-0.037616
-0.037616
-0.03764
-0.03764
-0.03764
-0.03764
-0.03764
-0.03764
-0.03764
-0.03764
-0.03764
-0.03764
-0.03764
-0.03764
-0.03764
-0.03764
-0.03764
-0.03764
-0.03764
-0.03764
-0.03764
-0.03764
-0.03764
-0.03764
-0.03764
-0.03764
-0.037616
-0.037616
-0.037616
-0.03764
-0.03764
-0.03764
-0.03764
-0.03764
-0.03764
-0.03764
-0.03764
-0.03764
-0.03764
-0.03764
-0.03764
-0.03764
-0.03764
-0.03764
-0.03764
-0.03764
-0.03764
-0.03764
-0.03764
-0.03764
-0.03764
-0.03764
-0.03764
-0.03764
-0.03764
-0.03764
-0.03764
-0.03764
-0.03764
-0.03764
-0.03764
-0.03764
-0.03764
-0.03764
-0.03764
-0.03764
-0.03764
-0.03764
-0.03764
-0.03764
-0.03764
-0.03764
-0.03764
-0.03764
-0.03764
-0.03764
-0.03764
-0.03764
-0.03764
-0.03764
-0.037616
-0.037616
-0.03764
-0.03764
-0.03764
-0.03764
-0.03764
-0.037616
-0.037616
-0.03764
-0.03764
-0.03764
-0.03764
-0.03764
-0.03764
-0.03764
-0.03764
-0.03764
-0.037665
-0.037665
-0.037665
-0.03764
-0.03764
-0.03764
-0.037665
-0.03764
-0.03764
-0.03764
-0.03764
-0.03764
-0.03764
-0.03764
-0.037665
-0.037689
-0.037739
-0.037739
-0.037689
-0.037591
-0.037443
-0.037222
-0.037099
-0.037123
-0.037197
-0.037197
-0.037172
-0.037222
-0.037296
-0.037665
-0.03764
-0.03764
-0.03764
-0.03764
-0.03764
-0.03764
-0.03764
-0.037616
-0.037616
-0.03764
-0.03764
-0.037616
-0.037616
-0.037616
-0.037616
-0.037616
-0.037616
-0.037616
-0.037616
-0.037616
-0.037616
-0.037616
-0.037616
-0.037616
-0.037616
-0.037616
-0.037616
-0.037616
-0.037616
-0.037616
-0.037616
-0.037616
-0.037616
-0.037616
-0.037616
-0.037616
-0.03764
-0.03764
-0.03764
-0.037665
-0.037665
-0.037665
-0.037665
-0.037665
-0.037665
-0.037665
-0.037665
-0.037689
-0.037665
-0.037665
-0.037689
-0.037689
-0.037665
-0.037665
-0.03764
-0.03764
-0.03764
-0.03764
-0.037616
-0.037616
-0.037591
-0.037591
-0.037591
-0.037591
-0.037591
-0.037591
-0.037591
-0.037591
-0.037591
-0.037591
-0.037591
-0.037591
-0.037591
-0.037591
-0.037591
-0.037591
-0.037591
-0.037591
-0.037591
-0.037591
-0.037591
-0.037591
-0.037591
-0.037616
-0.037616
-0.037616
-0.037616
-0.037616
-0.037616
-0.037616
-0.037616
-0.037616
-0.037616
-0.037616
-0.037616
-0.037616
-0.037616
-0.037616
-0.037616
-0.037616
-0.037616
-0.037616
-0.037616
-0.037616
-0.037616
-0.037616
-0.037616
-0.037616
-0.037616
-0.037616
-0.037616
-0.037616
-0.037616
-0.037616
-0.037616
-0.037616
-0.037616
-0.037616
-0.03764
-0.037616
-0.037616
-0.03764
-0.03764
-0.03764
-0.03764
-0.03764
-0.03764
-0.03764
-0.03764
-0.03764
-0.03764
-0.03764
-0.03764
-0.03764
-0.03764
-0.03764
-0.03764
-0.03764
-0.037616
-0.03764
-0.03764
-0.037616
-0.037616
-0.037616
-0.037616
-0.03764
-0.037616
-0.03764
-0.03764
-0.03764
-0.03764
-0.03764
-0.03764
-0.03764
-0.03764
-0.03764
-0.03764
-0.03764
-0.03764
-0.03764
-0.03764
-0.03764
-0.03764
-0.03764
-0.03764
-0.03764
-0.03764
-0.03764
-0.03764
-0.03764
-0.03764
-0.03764
-0.03764
-0.03764
-0.03764
-0.03764
-0.03764
-0.03764
-0.03764
-0.03764
-0.03764
-0.03764
-0.03764
-0.03764
-0.03764
-0.03764
-0.03764
-0.03764
-0.03764
-0.03764
-0.03764
-0.03764
-0.03764
-0.03764
-0.03764
-0.03764
-0.03764
-0.03764
-0.03764
-0.037616
-0.037616
-0.037616
-0.037616
-0.03764
-0.03764
-0.03764
-0.03764
-0.03764
-0.03764
-0.037665
-0.037665
-0.037665
-0.037665
-0.037665
-0.037665
-0.037665
-0.037665
-0.037665
-0.037665
-0.037665
-0.037665
-0.037665
-0.037665
-0.037665
-0.03764
-0.03764
-0.037665
-0.037689
-0.037739
-0.037739
-0.037714
-0.03764
-0.037517
-0.03732
-0.037148
-0.037123
-0.037246
-0.037246
-0.037197
-0.037468
-0.037616
-0.037665
-0.03764
-0.03764
-0.03764
-0.03764
-0.03764
-0.03764
-0.03764
-0.03764
-0.03764
-0.03764
-0.03764
-0.03764
-0.03764
-0.03764
-0.03764
-0.03764
-0.037616
-0.037616
-0.037616
-0.037616
-0.037616
-0.037616
-0.037616
-0.037616
-0.037616
-0.037616
-0.037616
-0.037616
-0.037616
-0.037616
-0.037616
-0.037616
-0.037616
-0.037616
-0.037616
-0.037616
-0.03764
