2018
4
26
16
57
31.766
-0.045838
-0.045838
-0.045838
-0.045838
-0.045838
-0.045838
-0.045838
-0.045813
-0.045838
-0.045838
-0.045813
-0.045813
-0.045813
-0.045813
-0.045813
-0.045789
-0.045789
-0.045789
-0.045789
-0.045789
-0.045789
-0.045764
-0.045764
-0.045764
-0.045764
-0.045764
-0.045764
-0.045764
-0.045764
-0.045764
-0.045789
-0.045789
-0.045789
-0.045813
-0.045813
-0.045813
-0.045838
-0.045838
-0.045862
-0.045862
-0.045862
-0.045862
-0.045887
-0.045887
-0.045887
-0.045887
-0.045887
-0.045887
-0.045887
-0.045887
-0.045887
-0.045887
-0.045887
-0.045887
-0.045887
-0.045887
-0.045887
-0.045887
-0.045887
-0.045887
-0.045887
-0.045887
-0.045887
-0.045887
-0.045887
-0.045912
-0.045887
-0.045887
-0.045887
-0.045887
-0.045887
-0.045887
-0.045887
-0.045887
-0.045912
-0.045887
-0.045912
-0.045887
-0.045912
-0.045912
-0.045912
-0.045912
-0.045912
-0.045912
-0.045912
-0.045912
-0.045912
-0.045912
-0.045912
-0.045912
-0.045912
-0.045912
-0.045912
-0.045912
-0.045912
-0.045936
-0.045936
-0.045912
-0.045912
-0.045912
-0.045936
-0.045936
-0.045936
-0.045936
-0.045936
-0.045936
-0.045936
-0.045936
-0.045936
-0.045936
-0.045936
-0.045936
-0.045936
-0.045936
-0.045936
-0.045936
-0.045936
-0.045936
-0.045936
-0.045936
-0.045936
-0.045936
-0.045936
-0.045936
-0.045936
-0.045936
-0.045936
-0.045936
-0.045936
-0.045936
-0.045936
-0.045936
-0.045936
-0.045936
-0.045936
-0.045961
-0.045936
-0.045936
-0.045936
-0.045936
-0.045936
-0.045936
-0.045936
-0.045936
-0.045936
-0.045936
-0.045936
-0.045936
-0.045936
-0.045936
-0.045936
-0.045936
-0.045936
-0.045936
-0.045936
-0.045936
-0.045936
-0.045936
-0.045936
-0.045961
-0.045936
-0.045961
-0.045961
-0.045961
-0.045961
-0.045936
-0.045936
-0.045961
-0.045961
-0.045936
-0.045936
-0.045936
-0.045936
-0.045961
-0.045961
-0.045936
-0.045936
-0.045912
-0.045912
-0.045912
-0.045936
-0.045936
-0.045936
-0.045961
-0.045961
-0.045961
-0.045961
-0.045961
-0.045961
-0.045961
-0.045961
-0.045961
-0.045961
-0.045961
-0.045986
-0.045961
-0.045961
-0.045961
-0.045961
-0.045961
-0.045961
-0.045961
-0.045986
-0.04601
-0.04601
-0.045986
-0.045936
-0.045887
-0.045813
-0.045739
-0.045665
-0.045592
-0.045518
-0.045469
-0.045542
-0.045641
-0.045739
-0.045838
-0.045887
-0.045936
-0.045936
-0.045936
-0.045961
-0.045961
-0.045961
-0.045961
-0.045961
-0.045961
-0.045961
-0.045961
-0.045986
-0.045986
-0.045986
-0.045986
-0.045986
-0.045986
-0.045986
-0.045986
-0.045986
-0.045986
-0.045986
-0.045986
-0.045986
-0.045986
-0.045986
-0.045986
-0.045986
-0.045961
-0.045961
-0.045961
-0.045961
-0.045961
-0.045961
-0.045961
-0.045961
-0.045961
-0.045936
-0.045936
-0.045936
-0.045936
-0.045936
-0.045912
-0.045912
-0.045912
-0.045912
-0.045912
-0.045912
-0.045887
-0.045887
-0.045887
-0.045887
-0.045887
-0.045862
-0.045862
-0.045887
-0.045887
-0.045887
-0.045887
-0.045887
-0.045912
-0.045936
-0.045961
-0.045961
-0.045961
-0.045961
-0.045986
-0.045986
-0.045986
-0.045986
-0.045986
-0.045986
-0.045986
-0.045986
-0.045986
-0.045986
-0.045986
-0.045986
-0.045986
-0.045986
-0.045986
-0.045986
-0.04601
-0.04601
-0.04601
-0.04601
-0.04601
-0.04601
-0.04601
-0.04601
-0.04601
-0.04601
-0.04601
-0.04601
-0.04601
-0.04601
-0.04601
-0.04601
-0.04601
-0.04601
-0.04601
-0.04601
-0.04601
-0.04601
-0.04601
-0.04601
-0.04601
-0.04601
-0.04601
-0.04601
-0.04601
-0.04601
-0.04601
-0.046035
-0.046035
-0.046035
-0.046035
-0.046035
-0.046035
-0.046035
-0.046035
-0.046035
-0.046035
-0.046035
-0.046035
-0.046035
-0.046035
-0.046035
-0.046035
-0.046035
-0.046035
-0.046035
-0.046035
-0.046035
-0.046035
-0.046035
-0.046035
-0.046035
-0.046035
-0.046035
-0.046035
-0.046035
-0.046035
-0.046035
-0.046035
-0.046035
-0.046035
-0.046035
-0.046035
-0.046035
-0.046059
-0.046035
-0.046035
-0.046035
-0.046035
-0.046035
-0.046035
-0.046035
-0.046035
-0.046035
-0.046035
-0.046035
-0.046035
-0.046035
-0.046035
-0.046035
-0.046035
-0.046035
-0.046035
-0.046035
-0.046059
-0.046059
-0.046035
-0.046035
-0.046035
-0.046035
-0.046059
-0.046059
-0.046059
-0.046059
-0.046035
-0.046059
-0.046059
-0.046059
-0.046059
-0.046059
-0.046059
-0.046059
-0.046059
-0.046059
-0.046059
-0.046059
-0.046059
-0.046059
-0.046059
-0.046059
-0.046059
-0.046059
-0.046059
-0.046059
-0.046059
-0.046059
-0.046059
-0.046059
-0.046059
-0.046059
-0.046059
-0.046059
-0.046059
-0.046059
-0.046059
-0.046035
-0.046035
-0.046035
-0.046035
-0.046035
-0.046059
-0.046059
-0.046059
-0.046059
-0.046059
-0.046084
-0.046084
-0.046084
-0.046084
-0.046084
-0.046084
-0.046084
-0.046084
-0.046084
-0.046084
-0.046084
-0.046084
-0.046084
-0.046084
-0.046084
-0.046059
-0.046084
-0.046109
-0.046109
-0.046109
-0.046084
-0.046035
-0.045986
-0.045887
-0.045813
-0.045764
-0.04569
-0.045592
-0.045592
-0.04569
-0.045789
-0.045912
-0.045986
-0.04601
-0.046035
-0.046059
-0.046059
-0.046059
-0.046084
-0.046084
-0.046084
-0.046084
-0.046084
-0.046084
-0.046084
-0.046084
-0.046084
-0.046084
-0.046084
-0.046084
-0.046084
-0.046084
-0.046084
-0.046084
-0.046084
-0.046084
-0.046084
-0.046084
-0.046084
-0.046084
-0.046084
-0.046059
-0.046084
-0.046059
-0.046059
-0.046059
-0.046059
-0.046059
-0.046059
-0.046059
-0.046059
-0.046059
-0.046059
-0.046035
-0.046035
-0.046035
-0.046035
-0.046035
-0.04601
-0.04601
-0.045986
-0.045986
-0.045986
-0.045986
-0.045986
-0.045986
-0.045986
-0.045986
-0.045986
-0.045986
-0.045986
-0.04601
-0.04601
-0.04601
-0.046035
-0.046035
-0.046035
-0.046059
-0.046059
-0.046059
-0.046059
-0.046084
-0.046084
-0.046084
-0.046084
-0.046084
-0.046084
-0.046084
-0.046084
-0.046084
-0.046084
-0.046084
-0.046109
-0.046084
-0.046084
-0.046084
-0.046084
-0.046109
-0.046109
-0.046109
-0.046109
-0.046084
-0.046109
-0.046109
-0.046109
-0.046084
-0.046109
-0.046109
-0.046109
-0.046084
-0.046109
-0.046109
-0.046109
-0.046109
-0.046109
-0.046109
-0.046109
-0.046109
-0.046109
-0.046109
-0.046109
-0.046109
-0.046109
-0.046109
-0.046109
-0.046109
-0.046109
-0.046109
-0.046109
-0.046133
-0.046133
-0.046133
-0.046109
-0.046133
-0.046133
-0.046133
-0.046133
-0.046133
-0.046133
-0.046133
-0.046133
-0.046133
-0.046133
-0.046133
-0.046133
-0.046133
-0.046133
-0.046133
-0.046133
-0.046133
-0.046133
-0.046133
-0.046133
-0.046133
-0.046133
-0.046133
-0.046133
-0.046133
-0.046133
-0.046133
-0.046133
-0.046133
-0.046133
-0.046133
-0.046133
-0.046133
-0.046133
-0.046133
-0.046133
-0.046133
-0.046133
-0.046133
-0.046133
-0.046158
-0.046133
-0.046133
-0.046158
-0.046158
-0.046133
-0.046133
-0.046158
-0.046158
-0.046158
-0.046158
-0.046158
-0.046158
-0.046158
-0.046158
-0.046158
-0.046158
-0.046158
-0.046158
-0.046158
-0.046158
-0.046158
-0.046158
-0.046158
-0.046158
-0.046158
-0.046158
-0.046158
-0.046158
-0.046158
-0.046158
-0.046158
-0.046158
-0.046158
-0.046158
-0.046158
-0.046158
-0.046158
-0.046158
-0.046158
-0.046158
-0.046158
-0.046158
-0.046158
-0.046158
-0.046158
-0.046182
-0.046182
-0.046158
-0.046158
-0.046133
-0.046133
-0.046158
-0.046158
-0.046158
-0.046158
-0.046158
-0.046158
-0.046158
-0.046182
-0.046182
-0.046182
-0.046182
-0.046182
-0.046182
-0.046182
-0.046182
-0.046182
-0.046182
-0.046182
-0.046182
-0.046182
-0.046182
-0.046182
-0.046182
-0.046182
-0.046182
-0.046182
-0.046207
-0.046232
-0.046232
-0.046207
-0.046158
-0.046133
-0.046059
-0.045986
-0.045887
-0.045739
-0.045838
-0.045936
-0.046059
-0.046109
-0.046133
-0.046158
-0.046158
-0.046158
-0.046158
-0.046182
-0.046182
-0.046182
-0.046182
-0.046182
-0.046182
-0.046182
-0.046182
-0.046182
-0.046182
-0.046182
-0.046182
-0.046182
-0.046182
-0.046182
-0.046182
-0.046182
-0.046182
-0.046182
-0.046182
-0.046182
-0.046182
-0.046182
-0.046182
-0.046182
-0.046158
-0.046158
-0.046158
-0.046158
-0.046158
-0.046158
-0.046133
-0.046133
-0.046133
-0.046133
-0.046133
-0.046133
-0.046133
-0.046133
-0.046109
-0.046109
-0.046109
-0.046109
-0.046109
-0.046084
-0.046084
-0.046084
-0.046084
-0.046084
-0.046084
-0.046059
-0.046059
-0.046059
-0.046059
-0.046084
-0.046084
-0.046084
-0.046109
-0.046109
-0.046109
-0.046133
-0.046133
-0.046158
-0.046158
-0.046158
-0.046158
-0.046182
-0.046182
-0.046182
-0.046182
-0.046207
-0.046207
-0.046207
-0.046182
-0.046207
-0.046207
-0.046207
-0.046207
-0.046207
-0.046207
-0.046207
-0.046207
-0.046207
-0.046207
-0.046207
-0.046207
-0.046207
-0.046207
-0.046207
-0.046207
-0.046207
-0.046207
-0.046207
-0.046207
-0.046207
-0.046207
-0.046207
-0.046207
-0.046207
-0.046207
-0.046232
-0.046232
-0.046207
-0.046232
-0.046232
-0.046232
-0.046232
-0.046232
-0.046232
-0.046232
-0.046232
-0.046232
-0.046232
-0.046232
-0.046232
-0.046232
-0.046232
-0.046232
-0.046232
-0.046232
-0.046232
-0.046232
-0.046232
-0.046232
-0.046232
-0.046232
-0.046232
-0.046232
-0.046256
-0.046256
-0.046256
-0.046256
-0.046256
-0.046232
-0.046232
-0.046256
-0.046256
-0.046256
-0.046256
-0.046256
-0.046256
-0.046256
-0.046256
-0.046256
-0.046256
-0.046256
-0.046256
-0.046256
-0.046256
-0.046256
-0.046256
-0.046256
-0.046256
-0.046256
-0.046256
-0.046256
-0.046256
-0.046256
-0.046256
-0.046256
-0.046256
-0.046256
-0.046256
-0.046256
-0.046256
-0.046256
-0.046256
-0.046256
-0.046256
-0.046256
-0.046256
-0.046256
-0.046256
-0.046256
-0.046256
-0.046256
-0.046256
-0.046256
-0.046256
-0.046256
-0.046256
-0.046256
-0.046256
-0.046256
-0.046256
-0.046256
-0.046256
-0.046256
-0.046256
-0.046256
-0.046256
-0.046256
-0.046256
-0.046256
-0.046256
-0.046256
-0.046256
-0.046232
-0.046232
-0.046232
-0.046232
-0.046232
-0.046232
-0.046256
-0.046256
-0.046256
-0.046256
-0.046256
-0.046256
-0.046256
-0.046256
-0.046281
-0.046281
-0.046281
-0.046281
-0.046256
-0.046256
-0.046256
-0.046281
-0.046281
-0.046281
-0.046281
-0.046281
-0.046281
-0.046281
-0.046281
-0.046281
-0.046306
-0.046306
-0.046306
-0.046109
-0.046035
-0.045961
-0.045887
-0.045813
-0.045764
-0.045838
-0.045936
-0.046059
-0.046133
-0.046182
-0.046232
-0.046232
-0.046232
-0.046256
-0.046256
-0.046256
-0.046256
-0.046256
-0.046256
-0.046256
-0.046256
-0.046256
-0.046256
-0.046256
-0.046256
-0.046256
-0.046256
-0.046256
-0.046256
-0.046256
-0.046256
-0.046256
-0.046256
-0.046256
-0.046232
-0.046232
-0.046232
-0.046232
-0.046232
-0.046232
-0.046232
-0.046232
-0.046232
-0.046207
-0.046207
-0.046207
-0.046207
-0.046207
-0.046182
-0.046182
-0.046182
-0.046158
-0.046158
-0.046158
-0.046158
-0.046158
-0.046158
-0.046158
-0.046158
-0.046133
-0.046133
-0.046133
-0.046133
-0.046109
-0.046109
-0.046109
-0.046109
-0.046109
-0.046109
-0.046109
-0.046133
-0.046133
-0.046133
-0.046133
-0.046158
-0.046158
-0.046158
-0.046182
-0.046182
-0.046207
-0.046207
-0.046207
-0.046207
-0.046207
-0.046207
-0.046207
-0.046207
-0.046207
-0.046207
-0.046207
-0.046207
-0.046207
-0.046207
-0.046207
-0.046207
-0.046207
-0.046207
-0.046207
-0.046207
-0.046207
-0.046207
-0.046207
-0.046207
-0.046207
-0.046207
-0.046207
-0.046207
-0.046207
-0.046207
-0.046207
-0.046207
-0.046232
-0.046232
-0.046232
-0.046232
-0.046207
-0.046232
-0.046232
-0.046232
-0.046232
-0.046232
-0.046232
-0.046232
-0.046232
-0.046232
-0.046232
-0.046232
-0.046232
-0.046232
-0.046232
-0.046232
-0.046232
-0.046232
-0.046232
-0.046232
-0.046232
-0.046232
-0.046232
-0.046232
-0.046232
-0.046232
-0.046232
-0.046232
-0.046232
-0.046256
-0.046256
-0.046256
-0.046256
-0.046256
-0.046256
-0.046256
-0.046256
-0.046256
-0.046232
-0.046232
-0.046256
-0.046232
-0.046232
-0.046232
-0.046256
-0.046256
-0.046256
-0.046256
-0.046256
-0.046256
-0.046256
-0.046256
-0.046256
-0.046256
-0.046256
-0.046256
-0.046256
-0.046256
-0.046256
-0.046256
-0.046256
-0.046256
-0.046256
-0.046256
-0.046256
-0.046281
-0.046256
-0.046281
-0.046281
-0.046281
-0.046281
-0.046281
-0.046281
-0.046281
-0.046281
-0.046281
-0.046281
-0.046281
-0.046281
-0.046281
-0.046281
-0.046256
-0.046256
-0.046256
-0.046281
-0.046281
-0.046281
-0.046281
-0.046281
-0.046256
-0.046256
-0.046281
-0.046281
-0.046281
-0.046281
-0.046281
-0.046281
-0.046281
-0.046256
-0.046256
-0.046256
-0.046256
-0.046256
-0.046256
-0.046256
-0.046281
-0.046281
-0.046281
-0.046281
-0.046281
-0.046281
-0.046281
-0.046281
-0.046281
-0.046281
-0.046281
-0.046281
-0.046281
-0.046306
-0.046306
-0.046281
-0.046281
-0.046281
-0.046281
-0.046306
-0.046306
-0.04633
-0.04633
-0.046306
-0.046281
-0.046232
-0.046158
-0.046059
-0.04601
-0.045936
-0.045838
-0.045789
-0.045838
-0.045961
-0.046059
-0.046158
-0.046207
-0.046256
-0.046256
-0.046256
-0.046281
-0.046281
-0.046281
-0.046281
-0.046281
-0.046281
-0.046281
-0.046281
-0.046306
-0.046306
-0.046306
-0.046306
-0.046281
-0.046281
-0.046306
-0.046306
-0.046306
-0.046306
-0.046281
-0.046281
-0.046281
-0.046281
-0.046281
-0.046281
-0.046281
-0.046281
-0.046281
-0.046281
-0.046281
-0.046281
-0.046281
-0.046281
-0.046281
-0.046256
-0.046256
-0.046256
-0.046256
-0.046256
-0.046256
-0.046232
-0.046232
-0.046232
-0.046232
-0.046232
-0.046232
-0.046207
-0.046207
-0.046207
-0.046207
-0.046207
-0.046182
-0.046182
-0.046182
-0.046182
-0.046182
-0.046182
-0.046182
-0.046182
-0.046207
-0.046256
-0.046256
-0.046256
-0.046281
-0.046281
-0.046281
-0.046281
-0.046306
-0.046281
-0.046281
-0.046306
-0.046306
-0.046306
-0.046306
-0.046306
-0.046306
-0.046306
-0.046306
-0.046306
-0.046306
-0.046306
-0.046306
-0.046306
-0.046306
-0.046306
-0.046306
-0.046306
-0.046306
-0.046306
-0.046306
-0.046306
-0.046306
-0.046306
-0.046306
-0.046306
-0.046306
-0.046306
-0.046306
-0.046306
-0.046306
-0.046306
-0.046306
-0.046306
-0.04633
-0.04633
-0.046306
-0.046306
-0.04633
-0.04633
-0.046306
-0.046306
-0.046306
-0.04633
-0.04633
-0.04633
-0.04633
-0.04633
-0.046306
-0.04633
-0.04633
-0.04633
-0.04633
-0.04633
-0.04633
-0.04633
-0.04633
-0.04633
-0.04633
-0.04633
-0.04633
-0.04633
-0.04633
-0.04633
-0.04633
-0.04633
-0.04633
-0.04633
-0.04633
-0.04633
-0.04633
-0.04633
-0.04633
-0.04633
-0.04633
-0.04633
-0.04633
-0.04633
-0.04633
-0.04633
-0.04633
-0.04633
-0.04633
-0.04633
-0.04633
-0.04633
-0.04633
-0.04633
-0.04633
-0.04633
-0.04633
-0.04633
-0.04633
-0.04633
-0.04633
-0.04633
-0.04633
-0.04633
-0.04633
-0.04633
-0.04633
-0.04633
-0.04633
-0.04633
-0.04633
-0.04633
-0.04633
-0.04633
-0.04633
-0.04633
-0.04633
-0.04633
-0.04633
-0.04633
-0.04633
-0.04633
-0.04633
-0.04633
-0.04633
-0.046355
-0.04633
-0.04633
-0.04633
-0.04633
-0.046355
-0.04633
-0.04633
-0.04633
-0.04633
-0.046355
-0.046355
-0.04633
-0.04633
-0.04633
-0.04633
-0.04633
-0.04633
-0.04633
-0.04633
-0.046355
-0.04633
-0.04633
-0.04633
-0.04633
-0.046306
-0.046306
-0.046306
-0.04633
-0.04633
-0.04633
-0.04633
-0.046355
-0.046355
-0.046355
-0.046355
-0.046355
-0.046355
-0.046355
-0.046355
-0.046355
-0.046355
-0.046355
-0.046355
-0.046355
-0.046355
-0.046355
-0.046355
-0.046355
-0.046355
-0.046379
-0.046379
-0.046404
-0.046404
-0.046355
-0.04633
-0.046281
-0.046207
-0.046109
-0.046059
-0.045986
-0.045887
-0.045862
-0.045936
-0.046035
-0.046158
-0.046232
-0.046306
-0.046306
-0.04633
-0.04633
-0.04633
-0.046355
-0.046355
-0.046355
-0.046355
-0.046355
-0.046355
-0.046355
-0.046355
-0.046355
-0.046355
-0.046355
-0.046379
-0.046355
-0.046379
-0.046379
-0.046379
-0.046379
-0.046355
-0.046355
-0.046355
-0.046355
-0.046355
-0.046355
-0.046355
-0.046355
-0.046355
-0.046355
-0.046355
-0.046355
-0.04633
-0.04633
-0.04633
-0.04633
-0.04633
-0.04633
-0.04633
-0.04633
-0.04633
-0.046306
-0.046306
-0.046281
-0.046281
-0.046281
-0.046256
-0.046256
-0.046256
-0.046256
-0.046256
-0.046256
-0.046256
-0.046256
-0.046256
-0.046256
-0.046256
-0.046281
-0.046281
-0.046306
-0.046306
-0.046306
-0.04633
-0.04633
-0.04633
-0.04633
-0.04633
-0.046355
-0.046355
-0.046355
-0.046355
-0.046355
-0.046355
-0.046355
-0.046355
-0.046355
-0.046355
-0.046355
-0.046355
-0.046355
-0.046355
-0.046355
-0.046355
-0.046355
-0.046355
-0.046355
-0.046355
-0.046355
-0.046355
-0.046355
-0.046355
-0.046355
-0.046355
-0.046355
-0.046355
-0.046355
-0.046355
-0.046355
-0.046355
-0.046355
-0.046355
-0.046355
-0.046355
-0.046355
-0.046355
-0.046355
-0.046355
-0.046379
-0.046379
-0.046379
-0.046379
-0.046379
-0.046379
-0.046379
-0.046379
-0.046379
-0.046379
-0.046379
-0.046379
-0.046379
-0.046379
-0.046379
-0.046379
-0.046379
-0.046379
-0.046379
-0.046379
-0.046379
-0.046379
-0.046379
-0.046379
-0.046379
-0.046379
-0.046404
-0.046404
-0.046404
-0.046404
-0.046404
-0.046404
-0.046404
-0.046404
-0.046404
-0.046379
-0.046404
-0.046404
-0.046404
-0.046404
-0.046404
-0.046404
-0.046404
-0.046404
-0.046404
-0.046404
-0.046404
-0.046404
-0.046404
-0.046404
-0.046404
-0.046404
-0.046404
-0.046404
-0.046404
-0.046404
-0.046404
-0.046404
-0.046429
-0.046429
-0.046429
-0.046429
-0.046429
-0.046429
-0.046429
-0.046429
-0.046429
-0.046429
-0.046429
-0.046429
-0.046429
-0.046429
-0.046429
-0.046429
-0.046429
-0.046429
-0.046429
-0.046429
-0.046429
-0.046429
-0.046429
-0.046429
-0.046429
-0.046429
-0.046429
-0.046429
-0.046429
-0.046429
-0.046429
-0.046429
-0.046429
-0.046429
-0.046429
-0.046429
-0.046429
-0.046429
-0.046404
-0.046404
-0.046404
-0.046429
-0.046429
-0.046429
-0.046429
-0.046429
-0.046453
-0.046453
-0.046453
-0.046453
-0.046453
-0.046453
-0.046453
-0.046453
-0.046453
-0.046453
-0.046453
-0.046453
-0.046453
-0.046453
-0.046453
-0.046453
-0.046453
-0.046453
-0.046453
-0.046478
-0.046478
-0.046502
-0.046502
-0.046453
-0.046429
-0.046379
-0.046306
-0.046207
-0.046158
-0.046059
-0.045986
-0.045936
-0.04633
-0.046404
-0.046429
-0.046429
-0.046429
-0.046429
-0.046453
-0.046453
-0.046453
-0.046453
-0.046453
-0.046453
-0.046453
-0.046453
-0.046453
-0.046453
-0.046453
-0.046453
-0.046453
-0.046453
-0.046478
-0.046478
-0.046453
-0.046453
-0.046453
-0.046478
-0.046478
-0.046453
-0.046453
-0.046453
-0.046478
-0.046478
-0.046453
-0.046453
-0.046453
-0.046453
-0.046453
-0.046453
-0.046453
-0.046453
-0.046429
-0.046429
-0.046429
-0.046429
-0.046404
-0.046404
-0.046404
-0.046404
-0.046404
-0.046404
-0.046404
-0.046379
-0.046379
-0.046379
-0.046379
-0.046355
-0.046355
-0.046355
-0.046355
-0.046355
-0.046355
-0.046355
-0.046379
-0.046379
-0.046404
-0.046404
-0.046404
-0.046429
-0.046429
-0.046429
-0.046453
-0.046453
-0.046453
-0.046453
-0.046478
-0.046453
-0.046453
-0.046478
-0.046478
-0.046478
-0.046478
-0.046478
-0.046478
-0.046478
-0.046478
-0.046478
-0.046478
-0.046478
-0.046478
-0.046478
-0.046478
-0.046478
-0.046478
-0.046478
-0.046478
-0.046478
-0.046478
-0.046478
-0.046478
-0.046478
-0.046478
-0.046478
-0.046478
-0.046478
-0.046478
-0.046478
-0.046478
-0.046478
-0.046478
-0.046478
-0.046502
-0.046502
-0.046502
-0.046478
-0.046502
-0.046502
-0.046502
-0.046502
-0.046502
-0.046502
-0.046502
-0.046502
-0.046502
-0.046502
-0.046502
-0.046502
-0.046502
-0.046502
-0.046502
-0.046502
-0.046502
-0.046502
-0.046502
-0.046502
-0.046502
-0.046502
-0.046502
-0.046502
-0.046502
-0.046502
-0.046502
-0.046502
-0.046502
-0.046502
-0.046502
-0.046502
-0.046502
-0.046502
-0.046527
-0.046527
-0.046527
-0.046527
-0.046527
-0.046527
-0.046502
-0.046502
-0.046527
-0.046527
-0.046527
-0.046527
-0.046527
-0.046527
-0.046527
-0.046527
-0.046527
-0.046527
-0.046527
-0.046527
-0.046527
-0.046527
-0.046527
-0.046527
-0.046527
-0.046527
-0.046527
-0.046527
-0.046527
-0.046527
-0.046527
-0.046527
-0.046527
-0.046527
-0.046527
-0.046527
-0.046527
-0.046527
-0.046527
-0.046527
-0.046527
-0.046527
-0.046527
-0.046527
-0.046527
-0.046527
-0.046552
-0.046552
-0.046527
-0.046527
-0.046527
-0.046527
-0.046552
-0.046552
-0.046527
-0.046527
-0.046527
-0.046552
-0.046552
-0.046552
-0.046552
-0.046552
-0.046552
-0.046527
-0.046527
-0.046527
-0.046527
-0.046527
-0.046552
-0.046552
-0.046552
-0.046552
-0.046552
-0.046552
-0.046552
-0.046552
-0.046552
-0.046576
-0.046576
-0.046576
-0.046576
-0.046576
-0.046576
-0.046576
-0.046576
-0.046576
-0.046576
-0.046576
-0.046552
-0.046552
-0.046552
-0.046576
-0.046601
-0.046576
-0.046552
-0.046502
-0.046404
-0.04633
-0.046256
-0.046158
-0.046084
-0.046059
-0.046158
-0.046256
-0.046379
-0.046453
-0.046502
-0.046527
-0.046552
-0.046552
-0.046552
-0.046552
-0.046576
-0.046576
-0.046576
-0.046576
-0.046576
-0.046576
-0.046576
-0.046576
-0.046576
-0.046576
-0.046576
-0.046576
-0.046576
-0.046576
-0.046576
-0.046576
-0.046576
-0.046576
-0.046576
-0.046576
-0.046576
-0.046576
-0.046576
-0.046576
-0.046576
-0.046552
-0.046552
-0.046552
-0.046552
-0.046552
-0.046552
-0.046552
-0.046552
-0.046552
-0.046552
-0.046552
-0.046527
-0.046527
-0.046527
-0.046527
-0.046527
-0.046527
-0.046502
-0.046502
-0.046502
-0.046502
-0.046478
-0.046478
-0.046478
-0.046478
-0.046478
-0.046478
-0.046478
-0.046478
-0.046478
-0.046502
-0.046502
-0.046502
-0.046527
-0.046527
-0.046576
-0.046576
-0.046576
-0.046601
-0.046601
-0.046601
-0.046601
-0.046601
-0.046601
-0.046601
-0.046601
-0.046601
-0.046601
-0.046601
-0.046601
-0.046601
-0.046601
-0.046601
-0.046601
-0.046601
-0.046601
-0.046601
-0.046601
-0.046601
-0.046601
-0.046601
-0.046601
-0.046601
-0.046601
-0.046601
-0.046601
-0.046601
-0.046601
-0.046601
-0.046601
-0.046601
-0.046601
-0.046601
-0.046626
-0.046626
-0.046626
-0.046626
-0.046626
-0.046626
-0.046626
-0.046626
-0.046626
-0.046626
-0.046626
-0.046626
-0.046626
-0.046626
-0.046626
-0.046626
-0.046626
-0.046626
-0.04665
-0.046626
-0.046626
-0.046626
-0.046626
-0.046626
-0.046626
-0.046626
-0.04665
-0.046626
-0.04665
-0.04665
-0.04665
-0.04665
-0.04665
-0.04665
-0.04665
-0.04665
-0.04665
-0.04665
-0.04665
-0.046626
-0.04665
-0.04665
-0.046626
-0.046626
-0.04665
-0.04665
-0.04665
-0.04665
-0.04665
-0.04665
-0.04665
-0.04665
-0.04665
-0.04665
-0.04665
-0.04665
-0.04665
-0.04665
-0.04665
-0.04665
-0.04665
-0.04665
-0.04665
-0.04665
-0.04665
-0.04665
-0.04665
-0.04665
-0.04665
-0.04665
-0.04665
-0.04665
-0.04665
-0.04665
-0.04665
-0.04665
-0.04665
-0.04665
-0.04665
-0.04665
-0.04665
-0.04665
-0.04665
-0.04665
-0.04665
-0.04665
-0.04665
-0.04665
-0.046626
-0.046626
-0.046626
-0.046626
-0.046626
-0.046626
-0.04665
-0.04665
-0.04665
-0.04665
-0.04665
-0.04665
-0.04665
-0.046675
-0.046675
-0.046675
-0.046675
-0.046675
-0.046675
-0.046675
-0.046675
-0.046675
-0.046675
-0.046675
-0.046675
-0.046675
-0.046675
-0.046675
-0.046675
-0.046675
-0.046699
-0.046699
-0.046699
-0.046675
-0.046379
-0.046306
-0.046207
-0.046158
-0.046232
-0.046355
-0.046453
-0.046552
-0.046601
-0.046626
-0.04665
-0.04665
-0.04665
-0.04665
-0.046675
-0.046675
-0.046675
-0.046675
-0.046675
-0.046675
-0.046675
-0.046675
-0.046675
-0.046699
-0.046699
-0.046699
-0.046699
-0.046675
-0.046675
-0.046675
-0.046699
-0.046675
-0.046675
-0.046675
-0.046675
-0.046675
-0.046675
-0.046675
-0.046675
-0.046675
-0.046675
-0.046675
-0.046675
-0.046675
-0.04665
-0.04665
-0.04665
-0.04665
-0.04665
-0.04665
-0.04665
-0.046626
-0.046626
-0.046626
-0.046626
-0.046626
-0.046626
-0.046601
-0.046601
-0.046601
-0.046601
-0.046601
-0.046601
-0.046576
-0.046576
-0.046576
-0.046576
-0.046576
-0.046601
-0.046601
-0.046601
-0.046601
-0.046626
-0.046626
-0.046626
-0.04665
-0.04665
-0.04665
-0.046675
-0.046675
-0.046675
-0.046675
-0.046675
-0.046675
-0.046699
-0.046699
-0.046699
-0.046699
-0.046675
-0.046675
-0.046699
-0.046699
-0.046675
-0.046699
-0.046699
-0.046699
-0.046699
-0.046699
-0.046699
-0.046699
-0.046699
-0.046699
-0.046699
-0.046699
-0.046699
-0.046699
-0.046699
-0.046699
-0.046699
-0.046699
-0.046699
-0.046699
-0.046699
-0.046699
-0.046699
-0.046699
-0.046699
-0.046699
-0.046699
-0.046699
-0.046724
-0.046724
-0.046699
-0.046699
-0.046699
-0.046699
-0.046724
-0.046724
-0.046724
-0.046724
-0.046724
-0.046724
-0.046724
-0.046724
-0.046724
-0.046724
-0.046724
-0.046724
-0.046724
-0.046724
-0.046724
-0.046724
-0.046724
-0.046724
-0.046724
-0.046724
-0.046724
-0.046724
-0.046724
-0.046724
-0.046724
-0.046724
-0.046724
-0.046724
-0.046724
-0.046724
-0.046724
-0.046724
-0.046724
-0.046724
-0.046724
-0.046724
-0.046724
-0.046724
-0.046724
-0.046724
-0.046724
-0.046724
-0.046724
-0.046724
-0.046724
-0.046724
-0.046724
-0.046749
-0.046724
-0.046724
-0.046724
-0.046749
-0.046749
-0.046749
-0.046749
-0.046724
-0.046724
-0.046749
-0.046749
-0.046749
-0.046749
-0.046749
-0.046749
-0.046749
-0.046749
-0.046749
-0.046749
-0.046749
-0.046749
-0.046749
-0.046749
-0.046749
-0.046749
-0.046749
-0.046749
-0.046749
-0.046749
-0.046749
-0.046749
-0.046749
-0.046749
-0.046749
-0.046749
-0.046749
-0.046749
-0.046749
-0.046749
-0.046724
-0.046724
-0.046724
-0.046724
-0.046724
-0.046749
-0.046749
-0.046749
-0.046749
-0.046749
-0.046749
-0.046749
-0.046773
-0.046773
-0.046773
-0.046773
-0.046773
-0.046773
-0.046773
-0.046773
-0.046773
-0.046773
-0.046773
-0.046773
-0.046773
-0.046773
-0.046773
-0.046798
-0.046798
-0.046798
-0.046773
-0.046749
-0.046699
-0.046626
-0.046552
-0.046478
-0.046404
-0.04633
-0.046256
-0.046306
-0.046429
-0.046552
-0.04665
-0.046699
-0.046724
-0.046749
-0.046749
-0.046773
-0.046773
-0.046773
-0.046773
-0.046773
-0.046773
-0.046773
-0.046773
-0.046773
-0.046773
-0.046773
-0.046773
-0.046773
-0.046773
-0.046773
-0.046773
-0.046773
-0.046773
-0.046773
-0.046773
-0.046773
-0.046773
-0.046773
-0.046773
-0.046773
-0.046773
-0.046773
-0.046773
-0.046773
-0.046773
-0.046773
-0.046749
-0.046749
-0.046749
-0.046749
-0.046749
-0.046749
-0.046749
-0.046749
-0.046749
-0.046724
-0.046724
-0.046724
-0.046724
-0.046724
-0.046699
-0.046699
-0.046699
-0.046699
-0.046675
-0.046675
-0.046675
-0.046675
-0.046675
-0.046675
-0.046675
-0.046675
-0.046675
-0.046699
-0.046699
