2018
4
26
17
7
30.914
-0.022993
-0.022993
-0.022993
-0.022993
-0.022993
-0.022993
-0.022993
-0.022993
-0.023017
-0.023017
-0.023017
-0.023017
-0.023017
-0.023017
-0.023017
-0.023017
-0.023017
-0.023017
-0.023017
-0.023017
-0.022993
-0.022993
-0.022993
-0.022993
-0.022968
-0.022968
-0.022944
-0.022944
-0.022944
-0.022944
-0.022919
-0.022894
-0.022894
-0.022894
-0.022894
-0.022894
-0.022894
-0.022894
-0.022919
-0.022919
-0.022968
-0.022993
-0.022993
-0.022993
-0.023017
-0.023017
-0.023017
-0.023017
-0.023017
-0.023017
-0.023017
-0.023017
-0.023017
-0.023017
-0.023017
-0.023017
-0.023017
-0.022993
-0.023017
-0.023017
-0.023017
-0.023017
-0.022993
-0.023017
-0.023017
-0.023017
-0.023017
-0.023017
-0.023017
-0.023017
-0.023017
-0.023017
-0.023017
-0.023017
-0.023017
-0.023017
-0.023017
-0.023017
-0.023017
-0.023042
-0.023042
-0.023042
-0.023017
-0.023017
-0.023017
-0.023042
-0.023042
-0.023042
-0.023017
-0.023042
-0.023042
-0.023042
-0.023042
-0.023042
-0.023042
-0.023042
-0.023042
-0.023042
-0.023042
-0.023042
-0.023042
-0.023042
-0.023042
-0.023042
-0.023042
-0.023067
-0.023067
-0.023042
-0.023042
-0.023042
-0.023067
-0.023067
-0.023042
-0.023042
-0.023042
-0.023067
-0.023067
-0.023042
-0.023042
-0.023042
-0.023042
-0.023067
-0.023067
-0.023042
-0.023042
-0.023067
-0.023067
-0.023067
-0.023042
-0.023042
-0.023042
-0.023067
-0.023067
-0.023067
-0.023042
-0.023067
-0.023067
-0.023067
-0.023067
-0.023067
-0.023067
-0.023067
-0.023067
-0.023067
-0.023067
-0.023067
-0.023067
-0.023067
-0.023067
-0.023067
-0.023067
-0.023067
-0.023067
-0.023067
-0.023067
-0.023067
-0.023067
-0.023067
-0.023067
-0.023067
-0.023067
-0.023067
-0.023067
-0.023091
-0.023091
-0.023067
-0.023067
-0.023067
-0.023091
-0.023091
-0.023091
-0.023091
-0.023091
-0.023091
-0.023091
-0.023091
-0.023091
-0.023091
-0.023116
-0.023116
-0.023091
-0.023091
-0.023091
-0.023116
-0.023091
-0.023091
-0.023091
-0.023091
-0.023091
-0.023091
-0.023091
-0.023067
-0.023091
-0.023091
-0.023091
-0.023091
-0.023091
-0.023091
-0.023091
-0.023091
-0.023091
-0.023091
-0.023091
-0.023116
-0.023116
-0.023116
-0.023116
-0.023165
-0.023214
-0.023239
-0.023214
-0.023214
-0.023239
-0.023165
-0.022944
-0.02255
-0.022107
-0.021762
-0.021565
-0.021688
-0.021959
-0.022254
-0.022525
-0.022771
-0.022944
-0.023017
-0.023042
-0.023067
-0.023091
-0.023116
-0.023116
-0.023116
-0.02314
-0.02314
-0.02314
-0.02314
-0.02314
-0.02314
-0.023165
-0.023165
-0.023165
-0.023165
-0.023165
-0.023165
-0.023165
-0.023165
-0.023165
-0.023165
-0.023165
-0.02319
-0.02319
-0.02319
-0.023165
-0.02319
-0.02319
-0.02319
-0.02319
-0.02319
-0.02319
-0.02319
-0.02319
-0.02319
-0.02319
-0.02319
-0.02319
-0.02319
-0.023165
-0.023165
-0.02314
-0.023165
-0.02314
-0.02314
-0.023116
-0.023116
-0.023116
-0.023091
-0.023091
-0.023067
-0.023067
-0.023067
-0.023067
-0.023067
-0.023091
-0.023091
-0.023091
-0.023116
-0.02314
-0.02314
-0.02314
-0.02314
-0.023165
-0.023165
-0.02319
-0.023165
-0.023165
-0.023165
-0.02319
-0.02319
-0.02319
-0.02319
-0.02319
-0.02319
-0.02319
-0.02319
-0.023165
-0.02319
-0.02319
-0.02319
-0.02319
-0.023165
-0.02319
-0.02319
-0.02319
-0.02319
-0.02319
-0.02319
-0.02319
-0.02319
-0.02319
-0.02319
-0.02319
-0.02319
-0.023214
-0.023214
-0.023214
-0.02319
-0.02319
-0.023214
-0.023214
-0.02319
-0.02319
-0.02319
-0.02319
-0.023214
-0.02319
-0.02319
-0.02319
-0.023214
-0.023214
-0.02319
-0.02319
-0.02319
-0.023214
-0.023214
-0.02319
-0.02319
-0.02319
-0.023214
-0.023214
-0.023214
-0.023214
-0.023214
-0.023214
-0.023214
-0.023214
-0.023214
-0.023214
-0.023214
-0.023214
-0.023214
-0.023214
-0.023214
-0.023214
-0.023214
-0.023239
-0.023239
-0.023239
-0.023239
-0.023239
-0.023239
-0.023239
-0.023239
-0.023239
-0.023239
-0.023239
-0.023239
-0.023239
-0.023239
-0.023239
-0.023239
-0.023239
-0.023239
-0.023239
-0.023239
-0.023239
-0.023239
-0.023239
-0.023239
-0.023239
-0.023239
-0.023264
-0.023264
-0.023239
-0.023264
-0.023264
-0.023264
-0.023264
-0.023239
-0.023239
-0.023264
-0.023264
-0.023264
-0.023264
-0.023264
-0.023264
-0.023264
-0.023264
-0.023264
-0.023264
-0.023264
-0.023264
-0.023264
-0.023264
-0.023264
-0.023264
-0.023264
-0.023264
-0.023264
-0.023264
-0.023264
-0.023264
-0.023288
-0.023288
-0.023264
-0.023264
-0.023264
-0.023264
-0.023264
-0.023264
-0.023264
-0.023264
-0.023288
-0.023288
-0.023288
-0.023288
-0.023288
-0.023288
-0.023288
-0.023288
-0.023264
-0.023264
-0.023264
-0.023264
-0.023288
-0.023288
-0.023288
-0.023288
-0.023288
-0.023288
-0.023288
-0.023288
-0.023288
-0.023288
-0.023288
-0.023288
-0.023288
-0.023288
-0.023288
-0.023313
-0.023313
-0.023288
-0.023313
-0.023313
-0.023362
-0.023411
-0.023411
-0.023411
-0.023411
-0.023436
-0.023313
-0.023067
-0.022673
-0.022254
-0.021934
-0.021787
-0.021959
-0.02223
-0.022525
-0.022796
-0.023017
-0.023288
-0.023313
-0.023313
-0.023313
-0.023337
-0.023337
-0.023337
-0.023337
-0.023337
-0.023337
-0.023337
-0.023337
-0.023337
-0.023337
-0.023362
-0.023362
-0.023362
-0.023362
-0.023362
-0.023362
-0.023362
-0.023362
-0.023362
-0.023362
-0.023362
-0.023362
-0.023362
-0.023362
-0.023362
-0.023362
-0.023387
-0.023362
-0.023362
-0.023387
-0.023387
-0.023387
-0.023387
-0.023362
-0.023362
-0.023387
-0.023337
-0.023337
-0.023337
-0.023337
-0.023313
-0.023313
-0.023313
-0.023313
-0.023288
-0.023264
-0.023264
-0.023264
-0.023264
-0.023239
-0.023239
-0.023239
-0.023264
-0.023264
-0.023264
-0.023288
-0.023288
-0.023313
-0.023337
-0.023337
-0.023337
-0.023337
-0.023362
-0.023362
-0.023362
-0.023362
-0.023362
-0.023387
-0.023387
-0.023387
-0.023362
-0.023362
-0.023387
-0.023387
-0.023387
-0.023362
-0.023387
-0.023387
-0.023387
-0.023387
-0.023387
-0.023387
-0.023387
-0.023387
-0.023387
-0.023387
-0.023387
-0.023387
-0.023387
-0.023387
-0.023387
-0.023387
-0.023387
-0.023387
-0.023387
-0.023387
-0.023387
-0.023387
-0.023387
-0.023387
-0.023387
-0.023387
-0.023387
-0.023387
-0.023387
-0.023387
-0.023387
-0.023387
-0.023387
-0.023387
-0.023387
-0.023387
-0.023387
-0.023387
-0.023387
-0.023387
-0.023387
-0.023411
-0.023387
-0.023387
-0.023387
-0.023411
-0.023411
-0.023387
-0.023387
-0.023387
-0.023411
-0.023411
-0.023411
-0.023411
-0.023411
-0.023411
-0.023411
-0.023411
-0.023411
-0.023387
-0.023411
-0.023411
-0.023411
-0.023411
-0.023411
-0.023411
-0.023411
-0.023411
-0.023411
-0.023411
-0.023411
-0.023411
-0.023411
-0.023387
-0.023387
-0.023387
-0.023411
-0.023387
-0.023387
-0.023387
-0.023387
-0.023387
-0.023387
-0.023387
-0.023387
-0.023387
-0.023387
-0.023387
-0.023387
-0.023387
-0.023387
-0.023387
-0.023387
-0.023411
-0.023411
-0.023387
-0.023387
-0.023411
-0.023411
-0.023411
-0.023411
-0.023411
-0.023411
-0.023411
-0.023411
-0.023411
-0.023411
-0.023411
-0.023411
-0.023411
-0.023411
-0.023411
-0.023411
-0.023436
-0.023411
-0.023411
-0.023411
-0.023411
-0.023436
-0.023411
-0.023436
-0.023436
-0.023436
-0.023436
-0.023436
-0.023436
-0.023436
-0.023436
-0.023436
-0.023436
-0.023436
-0.023436
-0.023436
-0.023436
-0.023436
-0.023436
-0.023436
-0.023436
-0.023436
-0.023436
-0.023436
-0.023436
-0.023436
-0.023436
-0.023436
-0.02346
-0.023436
-0.023436
-0.02346
-0.02346
-0.02346
-0.023436
-0.023436
-0.02346
-0.02346
-0.02346
-0.02346
-0.02351
-0.023559
-0.023584
-0.023337
-0.022993
-0.022574
-0.022205
-0.021959
-0.022033
-0.022279
-0.022574
-0.022845
-0.023091
-0.023288
-0.023362
-0.023387
-0.023411
-0.023436
-0.02346
-0.02346
-0.02346
-0.02346
-0.023485
-0.023485
-0.023485
-0.023485
-0.023485
-0.023485
-0.023485
-0.023485
-0.023485
-0.023485
-0.023485
-0.02351
-0.023485
-0.023485
-0.023485
-0.023485
-0.023485
-0.023485
-0.023485
-0.023485
-0.02351
-0.02351
-0.02351
-0.02351
-0.02351
-0.02351
-0.02351
-0.02351
-0.02351
-0.02351
-0.023485
-0.023485
-0.02351
-0.02351
-0.023485
-0.023485
-0.023485
-0.02346
-0.02346
-0.02346
-0.023436
-0.023436
-0.023436
-0.023411
-0.023411
-0.023387
-0.023387
-0.023362
-0.023362
-0.023362
-0.023362
-0.023362
-0.023362
-0.023387
-0.023411
-0.023411
-0.023411
-0.023436
-0.02346
-0.02346
-0.02346
-0.023485
-0.023485
-0.023485
-0.02351
-0.02351
-0.02351
-0.02351
-0.02351
-0.02351
-0.02351
-0.02351
-0.02351
-0.02351
-0.02351
-0.02351
-0.02351
-0.02351
-0.02351
-0.02351
-0.02351
-0.02351
-0.02351
-0.02351
-0.02351
-0.02351
-0.02351
-0.02351
-0.02351
-0.02351
-0.02351
-0.02351
-0.02351
-0.02351
-0.023534
-0.023534
-0.023534
-0.02351
-0.023534
-0.023534
-0.023534
-0.023534
-0.023534
-0.023534
-0.023534
-0.023534
-0.023534
-0.023534
-0.023534
-0.023534
-0.023534
-0.023534
-0.023534
-0.023534
-0.023534
-0.023534
-0.023534
-0.023559
-0.023559
-0.023534
-0.023534
-0.023559
-0.023559
-0.023559
-0.023534
-0.023534
-0.023559
-0.023559
-0.023559
-0.023534
-0.023534
-0.023559
-0.023559
-0.023559
-0.023559
-0.023559
-0.023559
-0.023559
-0.023559
-0.023559
-0.023559
-0.023559
-0.023559
-0.023584
-0.023584
-0.023584
-0.023559
-0.023559
-0.023584
-0.023584
-0.023584
-0.023584
-0.023584
-0.023584
-0.023584
-0.023584
-0.023584
-0.023584
-0.023584
-0.023584
-0.023584
-0.023584
-0.023584
-0.023584
-0.023584
-0.023584
-0.023584
-0.023584
-0.023608
-0.023608
-0.023608
-0.023608
-0.023608
-0.023608
-0.023608
-0.023608
-0.023608
-0.023608
-0.023608
-0.023608
-0.023608
-0.023608
-0.023608
-0.023608
-0.023608
-0.023608
-0.023633
-0.023608
-0.023608
-0.023608
-0.023608
-0.023633
-0.023633
-0.023633
-0.023633
-0.023633
-0.023633
-0.023633
-0.023633
-0.023633
-0.023633
-0.023633
-0.023633
-0.023633
-0.023633
-0.023633
-0.023633
-0.023633
-0.023633
-0.023633
-0.023633
-0.023633
-0.023633
-0.023633
-0.023633
-0.023633
-0.023633
-0.023633
-0.023633
-0.023633
-0.023633
-0.023633
-0.023633
-0.023657
-0.023682
-0.023707
-0.023731
-0.023756
-0.023756
-0.023756
-0.023781
-0.023707
-0.023534
-0.02319
-0.022771
-0.022402
-0.022205
-0.022328
-0.022599
-0.02287
-0.023116
-0.023313
-0.023485
-0.023559
-0.023584
-0.023608
-0.023633
-0.023633
-0.023657
-0.023657
-0.023657
-0.023657
-0.023657
-0.023657
-0.023657
-0.023657
-0.023657
-0.023657
-0.023682
-0.023682
-0.023657
-0.023682
-0.023682
-0.023657
-0.023682
-0.023682
-0.023682
-0.023657
-0.023657
-0.023682
-0.023682
-0.023682
-0.023682
-0.023682
-0.023682
-0.023682
-0.023682
-0.023682
-0.023657
-0.023657
-0.023682
-0.023682
-0.023657
-0.023657
-0.023657
-0.023657
-0.023657
-0.023633
-0.023633
-0.023633
-0.023633
-0.023608
-0.023608
-0.023584
-0.023584
-0.023584
-0.023559
-0.023559
-0.023534
-0.023534
-0.023559
-0.023584
-0.023608
-0.023608
-0.023633
-0.023633
-0.023657
-0.023682
-0.023682
-0.023682
-0.023682
-0.023682
-0.023707
-0.023707
-0.023682
-0.023682
-0.023707
-0.023707
-0.023707
-0.023707
-0.023707
-0.023707
-0.023707
-0.023707
-0.023707
-0.023707
-0.023707
-0.023707
-0.023707
-0.023707
-0.023707
-0.023707
-0.023707
-0.023707
-0.023707
-0.023707
-0.023707
-0.023707
-0.023707
-0.023707
-0.023707
-0.023707
-0.023707
-0.023707
-0.023731
-0.023731
-0.023707
-0.023707
-0.023731
-0.023731
-0.023731
-0.023731
-0.023731
-0.023731
-0.023731
-0.023731
-0.023731
-0.023731
-0.023731
-0.023731
-0.023756
-0.023731
-0.023731
-0.023731
-0.023756
-0.023756
-0.023731
-0.023731
-0.023731
-0.023756
-0.023756
-0.023731
-0.023731
-0.023731
-0.023756
-0.023756
-0.023731
-0.023731
-0.023731
-0.023756
-0.023756
-0.023756
-0.023756
-0.023756
-0.023756
-0.023756
-0.023756
-0.023756
-0.023756
-0.023756
-0.023756
-0.023756
-0.023756
-0.023756
-0.023756
-0.023756
-0.023756
-0.023756
-0.023756
-0.023756
-0.023756
-0.023781
-0.023756
-0.023756
-0.023756
-0.023756
-0.023756
-0.023756
-0.023756
-0.023756
-0.023756
-0.023781
-0.023781
-0.023756
-0.023756
-0.023756
-0.023781
-0.023781
-0.023781
-0.023781
-0.023781
-0.023781
-0.023781
-0.023781
-0.023781
-0.023781
-0.023781
-0.023781
-0.023781
-0.023781
-0.023781
-0.023781
-0.023781
-0.023805
-0.023781
-0.023781
-0.023781
-0.023781
-0.023805
-0.023805
-0.023805
-0.023805
-0.023805
-0.023805
-0.023805
-0.023805
-0.023781
-0.023781
-0.023805
-0.023805
-0.023781
-0.023781
-0.023781
-0.023781
-0.023805
-0.023781
-0.023781
-0.023781
-0.023805
-0.023805
-0.023805
-0.023805
-0.023805
-0.023805
-0.023805
-0.023805
-0.023805
-0.023805
-0.023805
-0.023805
-0.02383
-0.023854
-0.023879
-0.023904
-0.023928
-0.023928
-0.023928
-0.023928
-0.023781
-0.023485
-0.023091
-0.022673
-0.022377
-0.022328
-0.02255
-0.022845
-0.023116
-0.023362
-0.023559
-0.023707
-0.023756
-0.023781
-0.023781
-0.023805
-0.023805
-0.02383
-0.02383
-0.02383
-0.02383
-0.02383
-0.023854
-0.023854
-0.023854
-0.023854
-0.023854
-0.023854
-0.023854
-0.023854
-0.023854
-0.023854
-0.023854
-0.023854
-0.023854
-0.023854
-0.023854
-0.023854
-0.023854
-0.023879
-0.023854
-0.023854
-0.023854
-0.023879
-0.023879
-0.023854
-0.023854
-0.023879
-0.023879
-0.023879
-0.023854
-0.023854
-0.023854
-0.023854
-0.023854
-0.02383
-0.02383
-0.02383
-0.02383
-0.02383
-0.023805
-0.023781
-0.023781
-0.023731
-0.023731
-0.023756
-0.023756
-0.023756
-0.023756
-0.023781
-0.023805
-0.023805
-0.023805
-0.02383
-0.02383
-0.023854
-0.023854
-0.023854
-0.023854
-0.023879
-0.023879
-0.023879
-0.023879
-0.023879
-0.023879
-0.023879
-0.023904
-0.023879
-0.023879
-0.023879
-0.023879
-0.023879
-0.023879
-0.023879
-0.023879
-0.023879
-0.023879
-0.023879
-0.023879
-0.023879
-0.023904
-0.023904
-0.023879
-0.023904
-0.023879
-0.023879
-0.023879
-0.023904
-0.023904
-0.023904
-0.023879
-0.023879
-0.023904
-0.023904
-0.023904
-0.023904
-0.023904
-0.023904
-0.023904
-0.023904
-0.023904
-0.023904
-0.023904
-0.023904
-0.023904
-0.023904
-0.023904
-0.023904
-0.023904
-0.023904
-0.023904
-0.023904
-0.023904
-0.023904
-0.023904
-0.023904
-0.023904
-0.023904
-0.023904
-0.023904
-0.023904
-0.023904
-0.023928
-0.023904
-0.023928
-0.023928
-0.023928
-0.023904
-0.023904
-0.023928
-0.023928
-0.023928
-0.023928
-0.023928
-0.023928
-0.023928
-0.023928
-0.023928
-0.023928
-0.023928
-0.023928
-0.023928
-0.023928
-0.023928
-0.023928
-0.023953
-0.023928
-0.023928
-0.023928
-0.023953
-0.023953
-0.023953
-0.023953
-0.023953
-0.023953
-0.023953
-0.023953
-0.023953
-0.023953
-0.023953
-0.023953
-0.023953
-0.023953
-0.023953
-0.023953
-0.023953
-0.023953
-0.023953
-0.023953
-0.023953
-0.023953
-0.023953
-0.023953
-0.023953
-0.023953
-0.023953
-0.023953
-0.023977
-0.023953
-0.023953
-0.023953
-0.023977
-0.023977
-0.023977
-0.023953
-0.023977
-0.023977
-0.023977
-0.023977
-0.023977
-0.023977
-0.023977
-0.023977
-0.023977
-0.023977
-0.023977
-0.023977
-0.023977
-0.023953
-0.023953
-0.023977
-0.023977
-0.023977
-0.023977
-0.023977
-0.023977
-0.023977
-0.023977
-0.024002
-0.023977
-0.023977
-0.023977
-0.024002
-0.024002
-0.023977
-0.023977
-0.024002
-0.024027
-0.024076
-0.024101
-0.024101
-0.024101
-0.024101
-0.024125
-0.024051
-0.023854
-0.02351
-0.023116
-0.022747
-0.02255
-0.022673
-0.022944
-0.023214
-0.02346
-0.023682
-0.02383
-0.023904
-0.023953
-0.023977
-0.023977
-0.024002
-0.024002
-0.024027
-0.024027
-0.024027
-0.024027
-0.024027
-0.024027
-0.024027
-0.024027
-0.024051
-0.024051
-0.024027
-0.024051
-0.024051
-0.024051
-0.024027
-0.024027
-0.024051
-0.024051
-0.024051
-0.024051
-0.024051
-0.024051
-0.024051
-0.024051
-0.024051
-0.024051
-0.024051
-0.024051
-0.024051
-0.024051
-0.024027
-0.024027
-0.024027
-0.024027
-0.024027
-0.024027
-0.024002
-0.024027
-0.024002
-0.024002
-0.023977
-0.023953
-0.023953
-0.023953
-0.023953
-0.023928
-0.023928
-0.023928
-0.023928
-0.023953
-0.023953
-0.023953
-0.023977
-0.023977
-0.024002
-0.024027
-0.024027
-0.024027
-0.024051
-0.024051
-0.024076
-0.024051
-0.024051
-0.024076
-0.024076
-0.024076
-0.024076
-0.024076
-0.024076
-0.024076
-0.024076
-0.024076
-0.024076
-0.024076
-0.024076
-0.024076
-0.024076
-0.024076
-0.024076
-0.024076
-0.024076
-0.024076
-0.024076
-0.024076
-0.024076
-0.024101
-0.024076
-0.024076
-0.024076
-0.024076
-0.024101
-0.024076
-0.024076
-0.024076
-0.024101
-0.024101
-0.024101
-0.024076
-0.024076
-0.024101
-0.024101
-0.024101
-0.024076
-0.024076
-0.024101
-0.024101
-0.024101
-0.024076
-0.024076
-0.024101
-0.024101
-0.024101
-0.024076
-0.024076
-0.024101
-0.024101
-0.024076
-0.024076
-0.024076
-0.024101
-0.024101
-0.024101
-0.024101
-0.024101
-0.024101
-0.024101
-0.024101
-0.024101
-0.024101
-0.024101
-0.024101
-0.024101
-0.024101
-0.024101
-0.024101
-0.024101
-0.024101
-0.024125
-0.024101
-0.024101
-0.024101
-0.024125
-0.024125
-0.024101
-0.024101
-0.024101
-0.024101
-0.024125
-0.024101
-0.024101
-0.024101
-0.024125
-0.024125
-0.024101
-0.024101
-0.024101
-0.024125
-0.024125
-0.024101
-0.024101
-0.024101
-0.024101
-0.024125
-0.024125
-0.024125
-0.024125
-0.024125
-0.024125
-0.024125
-0.024125
-0.024101
-0.024101
-0.024125
-0.024125
-0.024125
-0.024101
-0.024101
-0.024101
-0.024101
-0.024101
-0.024101
-0.024101
-0.024101
-0.024125
-0.024125
-0.024101
-0.024125
-0.024125
-0.024125
-0.024125
-0.024125
-0.024125
-0.024125
-0.024125
-0.024125
-0.024125
-0.024125
-0.02415
-0.024174
-0.024199
-0.024224
-0.024273
-0.024199
-0.023977
-0.023633
-0.023214
-0.022845
-0.022648
-0.022771
-0.023042
-0.023337
-0.023584
-0.023805
-0.023977
-0.024051
-0.024076
-0.024101
-0.024101
-0.024125
-0.02415
-0.02415
-0.02415
-0.02415
-0.02415
-0.02415
-0.024174
-0.02415
-0.02415
-0.02415
-0.024174
-0.024174
-0.024174
-0.024174
-0.02415
-0.024174
-0.024174
-0.024174
-0.02415
-0.02415
-0.024174
-0.024174
-0.024174
-0.024174
-0.024174
-0.02415
-0.024174
-0.024174
-0.024174
-0.024174
-0.024174
-0.024174
-0.024174
-0.024174
-0.024174
-0.024174
-0.024174
-0.024174
-0.02415
-0.02415
-0.024125
-0.024125
-0.024125
-0.024125
-0.024101
-0.024101
-0.024076
-0.024076
-0.024076
-0.024051
-0.024051
-0.024051
-0.024051
-0.024051
-0.024076
-0.024076
-0.024076
-0.024101
-0.024125
-0.024125
-0.024125
-0.02415
-0.024174
-0.024174
-0.024199
-0.024199
-0.024199
-0.024199
-0.024174
-0.024199
-0.024199
-0.024199
-0.024199
-0.024199
-0.024199
-0.024199
-0.024199
-0.024199
-0.024199
-0.024199
-0.024199
-0.024199
-0.024199
-0.024199
-0.024199
-0.024199
-0.024199
-0.024199
-0.024199
-0.024199
-0.024199
-0.024199
-0.024199
-0.024199
-0.024199
-0.024199
-0.024199
-0.024199
-0.024199
-0.024199
-0.024199
-0.024199
-0.024199
-0.024199
-0.024199
-0.024199
-0.024199
-0.024199
-0.024199
-0.024199
-0.024199
-0.024199
-0.024199
-0.024199
-0.024199
-0.024199
-0.024199
-0.024199
-0.024199
-0.024199
-0.024199
-0.024199
-0.024199
-0.024199
-0.024199
-0.024199
-0.024199
-0.024199
-0.024199
-0.024199
-0.024199
-0.024224
-0.024224
-0.024224
-0.024199
-0.024199
-0.024224
-0.024224
-0.024224
-0.024224
-0.024224
-0.024224
-0.024224
-0.024224
-0.024224
-0.024224
-0.024224
-0.024224
-0.024224
-0.024224
-0.024224
-0.024224
-0.024224
-0.024248
-0.024224
-0.024224
-0.024224
-0.024224
-0.024248
-0.024224
-0.024224
-0.024224
-0.024248
-0.024248
-0.024248
-0.024248
-0.024248
-0.024248
-0.024248
-0.024248
-0.024248
-0.024224
-0.024248
-0.024248
-0.024248
-0.024248
-0.024248
-0.024248
-0.024273
-0.024248
-0.024248
-0.024248
-0.024273
-0.024273
-0.024273
-0.024273
-0.024273
-0.024273
-0.024273
-0.024273
-0.024273
-0.024273
-0.024273
-0.024273
-0.024273
-0.024273
-0.024273
-0.024273
-0.024248
-0.024273
-0.024273
-0.024273
-0.024273
-0.024273
-0.024273
-0.024273
-0.024297
-0.024297
-0.024297
-0.024297
-0.024297
-0.024297
-0.024297
-0.024297
-0.024297
-0.024297
-0.024322
-0.024347
-0.024371
-0.024421
-0.024421
-0.024396
-0.024101
-0.023707
-0.023288
-0.022968
-0.02287
-0.023042
-0.023313
-0.023584
-0.02383
-0.024051
-0.024174
-0.024224
-0.024248
-0.024273
-0.024297
-0.024297
-0.024322
-0.024322
-0.024322
-0.024322
-0.024322
-0.024322
-0.024322
-0.024322
-0.024347
-0.024347
-0.024347
-0.024347
-0.024347
-0.024347
-0.024347
-0.024347
-0.024347
-0.024322
-0.024347
-0.024347
-0.024347
-0.024347
-0.024322
-0.024347
-0.024347
-0.024347
-0.024347
-0.024347
-0.024322
-0.024322
-0.024322
-0.024322
-0.024322
-0.024322
-0.024322
-0.024322
-0.024322
-0.024297
-0.024297
-0.024297
-0.024297
-0.024273
-0.024273
-0.024248
-0.024248
-0.024248
-0.024248
-0.024224
-0.024224
-0.024224
-0.024224
-0.024224
-0.024224
-0.024248
-0.024248
-0.024273
-0.024273
-0.024297
-0.024297
-0.024322
-0.024322
-0.024322
-0.024347
-0.024347
-0.024347
-0.024347
-0.024371
-0.024347
-0.024347
-0.024347
-0.024371
-0.024371
-0.024371
-0.024371
-0.024347
-0.024371
-0.024371
-0.024371
-0.024347
-0.024347
-0.024371
-0.024371
-0.024371
-0.024347
-0.024347
-0.024347
-0.024371
-0.024371
-0.024371
-0.024347
-0.024371
-0.024371
-0.024371
-0.024347
-0.024347
-0.024371
-0.024371
-0.024371
-0.024371
-0.024347
-0.024371
-0.024371
-0.024371
-0.024371
-0.024371
-0.024371
-0.024371
-0.024371
-0.024396
-0.024371
-0.024371
-0.024371
-0.024371
-0.024371
-0.024371
-0.024371
-0.024371
-0.024371
-0.024396
-0.024371
-0.024371
-0.024371
-0.024371
-0.024371
-0.024371
-0.024371
-0.024371
-0.024396
-0.024396
-0.024396
-0.024371
-0.024371
-0.024396
-0.024396
-0.024396
-0.024371
-0.024371
-0.024396
-0.024396
-0.024396
-0.024396
-0.024396
-0.024396
-0.024396
-0.024396
-0.024396
-0.024396
-0.024396
-0.024396
-0.024396
-0.024396
-0.024396
-0.024396
-0.024396
-0.024396
-0.024396
-0.024396
-0.024396
-0.024396
-0.024396
-0.024421
-0.024396
-0.024396
-0.024396
-0.024396
-0.024421
-0.024421
-0.024421
-0.024396
-0.024421
-0.024421
-0.024421
-0.024421
-0.024421
-0.024421
-0.024421
-0.024421
-0.024421
-0.024421
-0.024421
-0.024445
-0.024421
-0.024421
-0.024421
-0.024421
-0.024396
-0.024421
-0.024421
-0.024421
-0.024421
-0.024421
-0.024421
-0.024421
-0.024421
-0.024421
-0.024421
-0.024421
-0.024421
-0.024421
-0.024421
-0.024421
-0.024421
-0.024421
-0.024421
-0.024421
-0.024421
-0.024421
-0.024421
-0.024421
-0.024445
-0.02447
-0.024519
-0.024544
-0.024544
-0.024519
-0.024544
-0.024494
-0.024322
-0.023977
-0.023559
-0.023165
-0.022944
-0.023017
-0.023288
-0.024248
-0.024347
-0.024371
-0.024371
-0.024396
-0.024421
-0.024421
-0.024421
-0.024421
-0.024445
-0.024445
-0.024445
-0.024445
-0.024445
-0.024445
-0.02447
-0.02447
-0.02447
-0.024445
-0.02447
-0.02447
-0.02447
-0.02447
-0.02447
-0.02447
-0.02447
-0.02447
-0.02447
-0.02447
-0.02447
-0.02447
-0.024494
-0.02447
-0.02447
-0.02447
-0.024494
-0.024494
-0.02447
-0.02447
-0.024494
-0.02447
-0.02447
-0.02447
-0.02447
-0.02447
-0.024445
-0.024445
-0.024445
-0.024421
-0.024421
-0.024396
-0.024396
-0.024396
-0.024396
-0.024371
-0.024371
-0.024371
-0.024371
-0.024371
-0.024371
-0.024371
-0.024371
-0.024396
-0.024396
-0.024421
-0.024421
-0.024445
-0.02447
-0.02447
-0.02447
-0.02447
-0.02447
-0.024494
-0.024494
-0.024494
-0.024494
-0.024494
-0.024494
-0.024494
-0.024494
-0.024494
-0.024494
-0.024494
-0.024494
-0.024494
-0.024494
-0.024494
-0.024494
-0.024494
-0.024494
-0.024494
-0.024494
-0.024494
-0.024494
-0.024519
-0.024519
-0.024494
-0.024494
-0.024494
-0.024519
-0.024519
-0.024494
-0.024494
-0.024519
-0.024519
-0.024519
-0.024519
-0.024494
-0.024519
-0.024519
-0.024519
-0.024494
-0.024494
-0.024494
-0.024519
-0.024519
-0.024519
-0.024494
-0.024519
-0.024519
-0.024519
-0.024519
-0.024519
-0.024519
-0.024519
-0.024519
-0.024519
-0.024519
-0.024519
-0.024519
-0.024519
-0.024519
-0.024519
-0.024519
-0.024519
-0.024519
-0.024519
-0.024519
-0.024519
-0.024519
-0.024519
-0.024519
-0.024519
-0.024519
-0.024519
-0.024519
-0.024519
-0.024519
-0.024519
-0.024519
-0.024519
-0.024519
-0.024544
-0.024519
-0.024519
-0.024519
-0.024519
-0.024519
-0.024519
-0.024519
-0.024544
-0.024519
-0.024544
-0.024544
-0.024544
-0.024519
-0.024519
-0.024519
-0.024544
-0.024544
-0.024519
-0.024519
-0.024544
-0.024544
-0.024544
-0.024544
-0.024519
-0.024544
-0.024544
-0.024544
-0.024544
-0.024544
-0.024544
-0.024544
-0.024544
-0.024544
-0.024544
-0.024544
-0.024544
-0.024544
-0.024544
-0.024544
-0.024544
-0.024544
-0.024544
-0.024544
-0.024544
-0.024544
-0.024544
-0.024544
-0.024568
-0.024568
-0.024568
-0.024568
-0.024568
-0.024568
-0.024544
-0.024544
-0.024544
-0.024544
-0.024544
-0.024544
-0.024544
-0.024544
-0.024544
-0.024544
-0.024544
-0.024544
-0.024544
-0.024544
-0.024568
-0.024568
-0.024544
-0.024544
-0.024544
-0.024568
-0.024568
-0.024568
-0.024544
-0.024568
-0.024568
-0.024568
-0.024593
-0.024618
-0.024667
-0.024691
-0.024691
-0.024667
-0.024691
-0.024642
-0.023337
-0.023091
-0.02314
-0.023411
-0.023682
-0.023953
-0.024199
-0.024396
-0.024494
-0.024519
-0.024544
-0.024544
-0.024568
-0.024593
-0.024593
-0.024593
-0.024593
-0.024593
-0.024618
-0.024593
-0.024593
-0.024593
-0.024618
-0.024618
-0.024618
-0.024618
-0.024618
-0.024618
-0.024618
-0.024618
-0.024618
-0.024618
-0.024642
-0.024642
-0.024642
-0.024618
-0.024642
-0.024642
-0.024642
-0.024642
-0.024642
-0.024618
-0.024642
-0.024642
-0.024642
-0.024642
-0.024642
-0.024642
-0.024642
-0.024642
-0.024618
-0.024618
-0.024593
-0.024618
-0.024593
-0.024593
-0.024568
-0.024568
-0.024568
-0.024544
-0.024544
-0.024519
-0.024519
-0.024519
-0.024519
-0.024519
-0.024519
-0.024544
-0.024544
-0.024568
-0.024568
-0.024593
-0.024593
-0.024618
-0.024618
-0.024618
-0.024618
-0.024642
-0.024642
-0.024642
-0.024667
-0.024642
-0.024642
-0.024642
-0.024642
-0.024642
-0.024642
-0.024642
-0.024642
-0.024642
-0.024667
-0.024667
-0.024642
-0.024642
-0.024642
-0.024667
-0.024667
-0.024642
-0.024642
-0.024642
-0.024642
-0.024667
-0.024667
-0.024642
-0.024642
-0.024667
-0.024667
-0.024642
-0.024642
-0.024667
-0.024667
-0.024667
-0.024667
-0.024642
-0.024642
-0.024667
-0.024667
-0.024667
-0.024642
-0.024667
