2018
4
26
16
58
39.484
-0.030526
-0.030526
-0.030501
-0.030501
-0.030501
-0.030501
-0.030501
-0.030501
-0.030526
-0.03055
-0.0306
-0.030649
-0.030698
-0.030673
-0.030624
-0.030575
-0.030403
-0.030083
-0.02959
-0.02895
-0.028433
-0.028162
-0.028261
-0.02863
-0.029246
-0.02996
-0.030255
-0.030353
-0.030403
-0.030427
-0.030452
-0.030476
-0.030476
-0.030501
-0.030501
-0.030501
-0.030501
-0.030526
-0.030526
-0.030526
-0.030526
-0.030526
-0.030526
-0.030501
-0.030526
-0.030526
-0.030501
-0.030501
-0.030526
-0.030526
-0.030526
-0.030501
-0.030501
-0.030501
-0.030501
-0.030501
-0.030501
-0.030501
-0.030501
-0.030501
-0.030476
-0.030476
-0.030476
-0.030476
-0.030452
-0.030452
-0.030452
-0.030427
-0.030427
-0.030403
-0.030378
-0.030378
-0.030353
-0.030329
-0.030304
-0.03028
-0.030255
-0.03023
-0.030206
-0.030181
-0.030107
-0.030132
-0.030132
-0.030156
-0.030206
-0.030255
-0.03028
-0.030304
-0.030353
-0.030378
-0.030403
-0.030427
-0.030452
-0.030452
-0.030476
-0.030476
-0.030501
-0.030501
-0.030501
-0.030501
-0.030501
-0.030501
-0.030526
-0.030526
-0.030526
-0.030526
-0.030526
-0.030526
-0.030526
-0.03055
-0.03055
-0.03055
-0.03055
-0.03055
-0.03055
-0.03055
-0.03055
-0.03055
-0.03055
-0.03055
-0.03055
-0.03055
-0.03055
-0.03055
-0.03055
-0.03055
-0.03055
-0.03055
-0.03055
-0.03055
-0.03055
-0.03055
-0.03055
-0.03055
-0.03055
-0.03055
-0.03055
-0.03055
-0.03055
-0.03055
-0.03055
-0.03055
-0.03055
-0.03055
-0.03055
-0.03055
-0.03055
-0.03055
-0.03055
-0.03055
-0.03055
-0.03055
-0.03055
-0.03055
-0.03055
-0.03055
-0.03055
-0.030575
-0.030575
-0.030575
-0.03055
-0.03055
-0.03055
-0.030575
-0.030575
-0.030575
-0.03055
-0.03055
-0.03055
-0.03055
-0.03055
-0.03055
-0.03055
-0.03055
-0.03055
-0.03055
-0.03055
-0.03055
-0.03055
-0.030575
-0.030575
-0.03055
-0.030575
-0.03055
-0.030575
-0.030575
-0.03055
-0.030575
-0.030575
-0.030575
-0.030575
-0.030575
-0.030575
-0.030575
-0.030575
-0.030575
-0.030575
-0.03055
-0.030575
-0.030575
-0.030575
-0.030575
-0.030575
-0.030575
-0.030575
-0.030575
-0.030575
-0.030575
-0.030575
-0.030575
-0.030575
-0.030575
-0.030575
-0.030575
-0.030575
-0.030575
-0.030575
-0.030575
-0.030575
-0.030575
-0.0306
-0.0306
-0.030575
-0.0306
-0.0306
-0.0306
-0.030575
-0.030575
-0.030575
-0.030575
-0.030575
-0.030575
-0.030575
-0.03055
-0.030575
-0.030575
-0.030575
-0.030575
-0.030575
-0.030575
-0.030575
-0.030575
-0.030575
-0.030575
-0.030575
-0.030575
-0.030575
-0.030575
-0.0306
-0.0306
-0.0306
-0.030649
-0.030698
-0.030747
-0.030772
-0.030723
-0.030698
-0.0306
-0.030329
-0.02991
-0.029295
-0.028729
-0.02831
-0.028236
-0.028482
-0.028975
-0.029689
-0.030255
-0.030403
-0.030452
-0.030501
-0.030526
-0.03055
-0.03055
-0.030575
-0.030575
-0.030575
-0.0306
-0.0306
-0.0306
-0.0306
-0.0306
-0.0306
-0.0306
-0.0306
-0.0306
-0.0306
-0.0306
-0.0306
-0.0306
-0.030575
-0.030575
-0.030575
-0.030575
-0.0306
-0.0306
-0.030575
-0.030575
-0.030575
-0.030575
-0.030575
-0.030575
-0.030575
-0.03055
-0.03055
-0.03055
-0.03055
-0.030526
-0.030526
-0.030526
-0.030501
-0.030476
-0.030476
-0.030452
-0.030427
-0.030403
-0.030378
-0.030353
-0.030329
-0.030304
-0.030206
-0.030181
-0.030206
-0.03023
-0.030255
-0.030304
-0.030353
-0.030378
-0.030403
-0.030452
-0.030476
-0.030501
-0.030526
-0.030526
-0.03055
-0.03055
-0.030575
-0.030575
-0.030575
-0.030575
-0.0306
-0.0306
-0.0306
-0.0306
-0.0306
-0.0306
-0.030624
-0.030624
-0.030624
-0.030624
-0.030624
-0.030624
-0.030624
-0.030624
-0.030624
-0.030624
-0.030624
-0.030624
-0.030624
-0.030624
-0.030624
-0.030624
-0.030624
-0.030624
-0.030624
-0.030649
-0.030624
-0.030624
-0.030624
-0.030624
-0.030624
-0.030624
-0.030624
-0.030624
-0.030624
-0.030624
-0.030624
-0.030624
-0.030624
-0.030624
-0.030624
-0.030624
-0.030624
-0.030624
-0.030624
-0.030624
-0.030624
-0.030624
-0.030624
-0.030624
-0.030624
-0.030624
-0.030624
-0.030624
-0.030624
-0.030624
-0.030624
-0.030624
-0.030624
-0.030624
-0.030624
-0.030624
-0.030624
-0.030624
-0.030624
-0.030624
-0.030624
-0.030624
-0.030624
-0.030624
-0.030624
-0.030649
-0.030624
-0.030624
-0.030649
-0.030624
-0.030624
-0.030649
-0.030649
-0.030649
-0.030649
-0.030649
-0.030649
-0.030649
-0.030649
-0.030649
-0.030649
-0.030649
-0.030649
-0.030649
-0.030649
-0.030649
-0.030649
-0.030649
-0.030649
-0.030649
-0.030649
-0.030649
-0.030649
-0.030649
-0.030649
-0.030649
-0.030649
-0.030649
-0.030649
-0.030649
-0.030649
-0.030649
-0.030649
-0.030649
-0.030649
-0.030649
-0.030649
-0.030673
-0.030649
-0.030649
-0.030649
-0.030649
-0.030673
-0.030649
-0.030649
-0.030649
-0.030649
-0.030649
-0.030649
-0.030649
-0.030649
-0.030649
-0.030649
-0.030649
-0.030649
-0.030649
-0.030649
-0.030673
-0.030673
-0.030673
-0.030673
-0.030673
-0.030673
-0.030673
-0.030649
-0.030649
-0.030649
-0.030649
-0.030649
-0.030649
-0.030649
-0.030649
-0.030649
-0.030673
-0.030673
-0.030649
-0.030649
-0.030649
-0.030649
-0.030649
-0.030649
-0.030649
-0.030649
-0.030649
-0.030649
-0.030649
-0.030649
-0.030649
-0.030673
-0.030698
-0.030747
-0.030821
-0.030821
-0.030797
-0.030747
-0.030673
-0.030427
-0.030009
-0.029418
-0.028827
-0.028409
-0.028286
-0.028532
-0.028975
-0.030526
-0.03055
-0.030575
-0.030624
-0.030624
-0.030624
-0.030649
-0.030649
-0.030673
-0.030673
-0.030673
-0.030673
-0.030673
-0.030673
-0.030673
-0.030673
-0.030673
-0.030673
-0.030673
-0.030673
-0.030649
-0.030673
-0.030673
-0.030673
-0.030649
-0.030673
-0.030649
-0.030649
-0.030673
-0.030673
-0.030649
-0.030649
-0.030649
-0.030649
-0.030649
-0.030649
-0.030649
-0.030649
-0.030649
-0.030624
-0.0306
-0.030575
-0.030575
-0.03055
-0.030526
-0.030501
-0.030476
-0.030452
-0.030452
-0.030427
-0.030403
-0.030378
-0.030353
-0.030329
-0.030304
-0.03028
-0.03028
-0.03028
-0.03028
-0.030304
-0.030329
-0.030378
-0.030403
-0.030452
-0.030476
-0.030526
-0.03055
-0.030575
-0.0306
-0.030624
-0.030624
-0.030624
-0.030649
-0.030649
-0.030649
-0.030673
-0.030673
-0.030673
-0.030673
-0.030673
-0.030698
-0.030698
-0.030698
-0.030698
-0.030698
-0.030698
-0.030698
-0.030698
-0.030698
-0.030698
-0.030698
-0.030698
-0.030698
-0.030698
-0.030698
-0.030698
-0.030698
-0.030698
-0.030698
-0.030698
-0.030698
-0.030698
-0.030698
-0.030698
-0.030698
-0.030698
-0.030698
-0.030698
-0.030698
-0.030698
-0.030698
-0.030698
-0.030698
-0.030698
-0.030698
-0.030698
-0.030698
-0.030698
-0.030698
-0.030698
-0.030698
-0.030698
-0.030698
-0.030698
-0.030698
-0.030698
-0.030698
-0.030698
-0.030698
-0.030698
-0.030698
-0.030698
-0.030698
-0.030698
-0.030698
-0.030698
-0.030723
-0.030723
-0.030723
-0.030698
-0.030698
-0.030723
-0.030723
-0.030723
-0.030723
-0.030723
-0.030723
-0.030723
-0.030723
-0.030723
-0.030723
-0.030723
-0.030723
-0.030723
-0.030723
-0.030723
-0.030723
-0.030723
-0.030723
-0.030723
-0.030723
-0.030723
-0.030723
-0.030723
-0.030723
-0.030723
-0.030723
-0.030698
-0.030723
-0.030723
-0.030723
-0.030723
-0.030723
-0.030723
-0.030723
-0.030723
-0.030723
-0.030698
-0.030723
-0.030723
-0.030723
-0.030723
-0.030723
-0.030723
-0.030723
-0.030723
-0.030723
-0.030723
-0.030723
-0.030723
-0.030723
-0.030723
-0.030723
-0.030723
-0.030723
-0.030723
-0.030723
-0.030723
-0.030723
-0.030723
-0.030723
-0.030723
-0.030723
-0.030723
-0.030723
-0.030723
-0.030723
-0.030723
-0.030747
-0.030723
-0.030747
-0.030747
-0.030747
-0.030747
-0.030747
-0.030747
-0.030747
-0.030723
-0.030723
-0.030723
-0.030723
-0.030723
-0.030723
-0.030723
-0.030723
-0.030723
-0.030723
-0.030723
-0.030723
-0.030723
-0.030723
-0.030723
-0.030723
-0.030723
-0.030723
-0.030723
-0.030723
-0.030723
-0.030723
-0.030723
-0.030747
-0.030797
-0.03087
-0.030895
-0.030895
-0.030846
-0.030797
-0.030624
-0.03028
-0.029763
-0.029123
-0.02863
-0.028359
-0.028458
-0.028827
-0.029418
-0.030156
-0.030476
-0.03055
-0.030624
-0.030649
-0.030673
-0.030698
-0.030698
-0.030698
-0.030723
-0.030723
-0.030723
-0.030723
-0.030747
-0.030747
-0.030747
-0.030747
-0.030747
-0.030747
-0.030747
-0.030747
-0.030747
-0.030723
-0.030723
-0.030723
-0.030723
-0.030723
-0.030723
-0.030747
-0.030723
-0.030723
-0.030723
-0.030723
-0.030723
-0.030723
-0.030723
-0.030723
-0.030698
-0.030698
-0.030698
-0.030698
-0.030673
-0.030673
-0.030673
-0.030649
-0.030649
-0.030624
-0.0306
-0.030575
-0.030575
-0.03055
-0.030526
-0.030501
-0.030476
-0.030452
-0.030427
-0.030403
-0.030378
-0.030378
-0.030353
-0.030378
-0.030378
-0.030403
-0.030452
-0.030575
-0.030624
-0.030649
-0.030673
-0.030698
-0.030698
-0.030698
-0.030723
-0.030723
-0.030723
-0.030747
-0.030747
-0.030747
-0.030747
-0.030747
-0.030747
-0.030772
-0.030772
-0.030772
-0.030772
-0.030772
-0.030772
-0.030772
-0.030772
-0.030772
-0.030772
-0.030772
-0.030772
-0.030772
-0.030772
-0.030797
-0.030797
-0.030797
-0.030772
-0.030772
-0.030772
-0.030797
-0.030772
-0.030772
-0.030772
-0.030772
-0.030772
-0.030772
-0.030772
-0.030772
-0.030797
-0.030772
-0.030772
-0.030772
-0.030772
-0.030772
-0.030797
-0.030772
-0.030797
-0.030797
-0.030772
-0.030772
-0.030772
-0.030772
-0.030772
-0.030772
-0.030772
-0.030772
-0.030772
-0.030772
-0.030772
-0.030772
-0.030772
-0.030772
-0.030797
-0.030797
-0.030772
-0.030772
-0.030772
-0.030797
-0.030797
-0.030797
-0.030772
-0.030797
-0.030797
-0.030797
-0.030797
-0.030797
-0.030797
-0.030797
-0.030797
-0.030797
-0.030797
-0.030797
-0.030797
-0.030797
-0.030797
-0.030797
-0.030797
-0.030797
-0.030797
-0.030797
-0.030797
-0.030797
-0.030797
-0.030797
-0.030797
-0.030797
-0.030797
-0.030797
-0.030797
-0.030797
-0.030797
-0.030797
-0.030797
-0.030797
-0.030797
-0.030797
-0.030797
-0.030797
-0.030797
-0.030797
-0.030797
-0.030797
-0.030797
-0.030797
-0.030797
-0.030797
-0.030797
-0.030797
-0.030797
-0.030797
-0.030797
-0.030797
-0.030821
-0.030821
-0.030797
-0.030797
-0.030797
-0.030797
-0.030797
-0.030797
-0.030797
-0.030797
-0.030772
-0.030797
-0.030797
-0.030797
-0.030797
-0.030797
-0.030797
-0.030797
-0.030797
-0.030797
-0.030797
-0.030797
-0.030797
-0.030797
-0.030797
-0.030797
-0.030797
-0.030797
-0.030797
-0.030797
-0.030821
-0.03092
-0.03087
-0.030723
-0.030403
-0.02991
-0.029295
-0.028753
-0.028458
-0.028507
-0.028876
-0.029467
-0.030206
-0.030526
-0.030624
-0.030673
-0.030723
-0.030747
-0.030772
-0.030772
-0.030797
-0.030797
-0.030797
-0.030797
-0.030797
-0.030797
-0.030797
-0.030797
-0.030797
-0.030797
-0.030797
-0.030797
-0.030797
-0.030797
-0.030797
-0.030797
-0.030797
-0.030797
-0.030797
-0.030797
-0.030797
-0.030797
-0.030797
-0.030797
-0.030797
-0.030797
-0.030772
-0.030772
-0.030772
-0.030772
-0.030747
-0.030747
-0.030723
-0.030723
-0.030698
-0.030673
-0.030673
-0.030649
-0.030624
-0.0306
-0.030575
-0.03055
-0.03055
-0.030526
-0.030501
-0.030476
-0.030452
-0.030427
-0.030403
-0.030403
-0.030403
-0.030403
-0.030427
-0.030452
-0.030476
-0.030526
-0.030575
-0.0306
-0.030624
-0.030673
-0.030698
-0.030772
-0.030772
-0.030772
-0.030797
-0.030797
-0.030797
-0.030797
-0.030797
-0.030797
-0.030797
-0.030821
-0.030821
-0.030821
-0.030821
-0.030821
-0.030821
-0.030821
-0.030821
-0.030821
-0.030821
-0.030821
-0.030821
-0.030821
-0.030821
-0.030821
-0.030821
-0.030821
-0.030846
-0.030846
-0.030846
-0.030846
-0.030846
-0.030846
-0.030821
-0.030821
-0.030846
-0.030846
-0.030846
-0.030846
-0.030846
-0.030821
-0.030821
-0.030821
-0.030821
-0.030821
-0.030821
-0.030821
-0.030846
-0.030846
-0.030821
-0.030821
-0.030821
-0.030846
-0.030846
-0.030846
-0.030821
-0.030846
-0.030846
-0.030846
-0.030846
-0.030821
-0.030846
-0.030846
-0.030846
-0.030846
-0.030846
-0.030846
-0.030846
-0.030846
-0.030846
-0.030846
-0.030846
-0.030846
-0.030846
-0.030846
-0.030846
-0.030846
-0.030846
-0.030846
-0.030846
-0.030846
-0.030846
-0.030846
-0.030846
-0.03087
-0.03087
-0.03087
-0.03087
-0.03087
-0.03087
-0.03087
-0.03087
-0.03087
-0.03087
-0.03087
-0.03087
-0.03087
-0.03087
-0.03087
-0.03087
-0.030846
-0.030846
-0.030846
-0.030846
-0.030846
-0.030846
-0.030846
-0.030846
-0.03087
-0.03087
-0.03087
-0.03087
-0.03087
-0.03087
-0.03087
-0.03087
-0.03087
-0.03087
-0.03087
-0.03087
-0.03087
-0.03087
-0.03087
-0.03087
-0.03087
-0.03087
-0.03087
-0.03087
-0.03087
-0.03087
-0.03087
-0.03087
-0.030895
-0.030895
-0.030895
-0.030895
-0.03087
-0.03087
-0.03087
-0.03087
-0.03087
-0.03087
-0.03087
-0.03087
-0.03087
-0.03087
-0.03087
-0.03087
-0.03087
-0.03087
-0.030895
-0.03087
-0.03087
-0.03087
-0.03087
-0.03087
-0.030895
-0.030895
-0.03087
-0.030895
-0.030993
-0.031043
-0.031067
-0.031018
-0.030969
-0.03087
-0.0306
-0.030181
-0.029566
-0.028975
-0.028606
-0.028556
-0.028852
-0.029344
-0.030083
-0.030575
-0.030698
-0.030772
-0.030797
-0.030821
-0.030846
-0.03087
-0.03087
-0.030895
-0.030895
-0.030895
-0.030895
-0.030895
-0.030895
-0.030895
-0.03092
-0.03092
-0.03092
-0.030895
-0.030895
-0.030895
-0.030895
-0.030895
-0.030895
-0.030895
-0.030895
-0.030895
-0.030895
-0.030895
-0.030895
-0.030895
-0.03087
-0.030895
-0.03087
-0.03087
-0.03087
-0.03087
-0.03087
-0.030846
-0.030846
-0.030846
-0.030821
-0.030821
-0.030797
-0.030772
-0.030772
-0.030747
-0.030723
-0.030698
-0.030673
-0.030649
-0.030624
-0.0306
-0.030575
-0.03055
-0.03055
-0.030526
-0.030501
-0.030501
-0.030526
-0.03055
-0.030575
-0.0306
-0.030649
-0.030673
-0.030797
-0.030821
-0.030821
-0.030821
-0.030821
-0.030821
-0.030821
-0.030821
-0.030821
-0.030821
-0.030821
-0.030821
-0.030821
-0.030821
-0.030821
-0.030821
-0.030797
-0.030797
-0.030797
-0.030797
-0.030797
-0.030821
-0.030821
-0.030797
-0.030797
-0.030797
-0.030797
-0.030797
-0.030797
-0.030797
-0.030797
-0.030797
-0.030797
-0.030797
-0.030797
-0.030797
-0.030797
-0.030797
-0.030797
-0.030797
-0.030797
-0.030797
-0.030797
-0.030797
-0.030797
-0.030772
-0.030772
-0.030772
-0.030797
-0.030797
-0.030772
-0.030772
-0.030772
-0.030772
-0.030772
-0.030772
-0.030772
-0.030772
-0.030772
-0.030772
-0.030772
-0.030772
-0.030797
-0.030797
-0.030797
-0.030797
-0.030797
-0.030797
-0.030797
-0.030797
-0.030797
-0.030797
-0.030797
-0.030797
-0.030797
-0.030797
-0.030797
-0.030797
-0.030797
-0.030797
-0.030797
-0.030797
-0.030772
-0.030797
-0.030797
-0.030797
-0.030797
-0.030797
-0.030797
-0.030797
-0.030797
-0.030797
-0.030797
-0.030797
-0.030797
-0.030797
-0.030797
-0.030772
-0.030797
-0.030797
-0.030797
-0.030797
-0.030797
-0.030797
-0.030797
-0.030797
-0.030797
-0.030797
-0.030772
-0.030772
-0.030797
-0.030797
-0.030797
-0.030797
-0.030797
-0.030797
-0.030797
-0.030797
-0.030797
-0.030797
-0.030797
-0.030797
-0.030797
-0.030797
-0.030797
-0.030797
-0.030797
-0.030797
-0.030797
-0.030797
-0.030797
-0.030797
-0.030797
-0.030797
-0.030797
-0.030797
-0.030797
-0.030797
-0.030797
-0.030797
-0.030797
-0.030797
-0.030797
-0.030797
-0.030797
-0.030797
-0.030797
-0.030797
-0.030797
-0.030797
-0.030797
-0.030797
-0.030821
-0.030846
-0.030895
-0.030969
-0.030993
-0.030944
-0.03092
-0.030846
-0.029024
-0.028581
-0.028433
-0.02863
-0.029073
-0.029763
-0.030403
-0.030575
-0.030649
-0.030698
-0.030723
-0.030747
-0.030772
-0.030797
-0.030797
-0.030797
-0.030797
-0.030821
-0.030821
-0.030821
-0.030821
-0.030821
-0.030821
-0.030821
-0.030821
-0.030821
-0.030821
-0.030821
-0.030821
-0.030797
-0.030797
-0.030797
-0.030797
-0.030797
-0.030797
-0.030797
-0.030797
-0.030797
-0.030797
-0.030797
-0.030772
-0.030772
-0.030772
-0.030772
-0.030772
-0.030772
-0.030747
-0.030747
-0.030723
-0.030723
-0.030698
-0.030673
-0.030673
-0.030649
-0.030624
-0.0306
-0.030575
-0.03055
-0.030526
-0.030501
-0.030476
-0.030452
-0.030427
-0.030403
-0.030403
-0.030403
-0.030427
-0.030452
-0.030476
-0.030526
-0.03055
-0.0306
-0.030649
-0.030673
-0.030698
-0.030723
-0.030747
-0.030772
-0.030772
-0.030797
-0.030797
-0.030797
-0.030821
-0.030821
-0.030821
-0.030821
-0.030821
-0.030821
-0.030821
-0.030821
-0.030821
-0.030821
-0.030846
-0.030846
-0.030846
-0.030846
-0.030846
-0.030846
-0.030846
-0.030846
-0.03087
-0.03087
-0.03087
-0.03087
-0.03087
-0.03087
-0.03087
-0.03087
-0.03087
-0.03087
-0.03087
-0.03087
-0.03087
-0.03087
-0.03087
-0.03087
-0.03087
-0.03087
-0.03087
-0.03087
-0.03087
-0.03087
-0.03087
-0.03087
-0.03087
-0.03087
-0.03087
-0.03087
-0.03087
-0.03087
-0.03087
-0.03087
-0.03087
-0.03087
-0.03087
-0.03087
-0.03087
-0.03087
-0.03087
-0.03087
-0.03087
-0.03087
-0.03087
-0.03087
-0.030895
-0.03087
-0.03087
-0.03087
-0.03087
-0.03087
-0.03087
-0.030895
-0.030895
-0.030895
-0.030895
-0.030895
-0.030895
-0.030895
-0.030895
-0.030895
-0.030895
-0.030895
-0.030895
-0.030895
-0.030895
-0.030895
-0.030895
-0.030895
-0.030895
-0.030895
-0.030895
-0.030895
-0.030895
-0.030895
-0.030895
-0.030895
-0.030895
-0.030895
-0.030895
-0.030895
-0.030895
-0.030895
-0.030895
-0.030895
-0.030895
-0.030895
-0.030895
-0.030895
-0.030895
-0.030895
-0.030895
-0.030895
-0.03092
-0.030895
-0.03092
-0.03092
-0.03092
-0.03092
-0.03092
-0.03092
-0.03092
-0.03092
-0.03092
-0.03092
-0.03092
-0.03092
-0.03092
-0.03092
-0.03092
-0.03092
-0.03092
-0.03092
-0.03092
-0.030895
-0.030895
-0.030895
-0.030895
-0.030895
-0.030895
-0.030895
-0.030895
-0.030895
-0.030895
-0.030895
-0.030895
-0.030895
-0.03092
-0.03092
-0.03092
-0.03092
-0.03092
-0.03092
-0.03092
-0.03092
-0.03092
-0.03092
-0.03092
-0.03092
-0.030969
-0.031018
-0.031018
-0.030969
-0.030747
-0.030353
-0.029787
-0.029172
-0.028729
-0.028532
-0.028704
-0.029123
-0.029763
-0.030476
-0.030698
-0.030772
-0.030821
-0.030846
-0.03087
-0.030895
-0.030895
-0.030895
-0.03092
-0.03092
-0.03092
-0.03092
-0.03092
-0.030944
-0.030944
-0.030944
-0.03092
-0.030944
-0.03092
-0.03092
-0.03092
-0.03092
-0.03092
-0.03092
-0.03092
-0.03092
-0.03092
-0.03092
-0.03092
-0.03092
-0.03092
-0.03092
-0.03092
-0.03092
-0.03092
-0.030895
-0.030895
-0.030895
-0.030895
-0.030895
-0.03087
-0.03087
-0.030846
-0.030846
-0.030821
-0.030797
-0.030772
-0.030747
-0.030747
-0.030723
-0.030698
-0.030673
-0.030649
-0.030624
-0.0306
-0.030575
-0.03055
-0.030526
-0.03055
-0.03055
-0.030575
-0.0306
-0.030624
-0.030673
-0.030723
-0.030747
-0.030772
-0.030821
-0.030895
-0.030895
-0.03092
-0.03092
-0.03092
-0.03092
-0.030944
-0.030944
-0.030944
-0.030944
-0.030944
-0.030944
-0.030944
-0.030944
-0.030969
-0.030944
-0.030969
-0.030969
-0.030969
-0.030969
-0.030969
-0.030969
-0.030969
-0.030969
-0.030969
-0.030969
-0.030969
-0.030969
-0.030969
-0.030969
-0.030969
-0.030969
-0.030969
-0.030969
-0.030969
-0.030969
-0.030969
-0.030969
-0.030969
-0.030969
-0.030969
-0.030993
-0.030969
-0.030969
-0.030969
-0.030969
-0.030969
-0.030969
-0.030969
-0.030969
-0.030969
-0.030969
-0.030969
-0.030969
-0.030969
-0.030969
-0.030969
-0.030993
-0.030993
-0.030969
-0.030969
-0.030993
-0.030969
-0.030993
-0.030969
-0.030969
-0.030969
-0.030969
-0.030969
-0.030993
-0.030993
-0.030969
-0.030969
-0.030969
-0.030993
-0.030993
-0.030993
-0.030993
-0.030969
-0.030993
-0.030993
-0.030993
-0.030993
-0.030993
-0.030993
-0.030993
-0.030993
-0.030993
-0.030993
-0.030993
-0.030993
-0.030993
-0.030993
-0.030993
-0.030993
-0.030993
-0.030993
-0.030993
-0.030993
-0.030993
-0.030993
-0.030993
-0.030993
-0.030993
-0.030993
-0.030993
-0.030993
-0.030993
-0.030993
-0.030993
-0.030993
-0.030993
-0.030993
-0.030993
-0.030993
-0.030993
-0.030993
-0.030993
-0.030993
-0.030993
-0.030993
-0.030993
-0.030993
-0.031018
-0.031018
-0.031018
-0.030993
-0.030993
-0.030993
-0.030993
-0.030993
-0.030993
-0.030993
-0.030993
-0.030993
-0.030993
-0.031018
-0.031018
-0.031018
-0.031018
-0.031018
-0.031018
-0.031018
-0.031018
-0.030993
-0.031018
-0.031018
-0.031018
-0.031018
-0.031018
-0.031018
-0.031018
-0.031018
-0.031043
-0.031092
-0.031166
-0.03119
-0.031166
-0.031117
-0.031067
-0.028926
-0.028679
-0.028827
-0.029221
-0.029886
-0.030575
-0.030772
-0.030846
-0.03092
-0.030944
-0.030969
-0.030993
-0.030993
-0.031018
-0.031018
-0.031018
-0.031018
-0.031018
-0.031043
-0.031043
-0.031043
-0.031043
-0.031018
-0.031043
-0.031043
-0.031018
-0.031018
-0.031018
-0.031018
-0.031018
-0.031018
-0.031018
-0.031018
-0.031018
-0.031018
-0.031018
-0.031018
-0.031018
-0.030993
-0.030993
-0.030993
-0.030993
-0.030969
-0.030969
-0.030969
-0.030969
-0.030944
-0.030944
-0.03092
-0.030895
-0.030895
-0.03087
-0.030846
-0.030821
-0.030797
-0.030797
-0.030772
-0.030747
-0.030723
-0.030698
-0.030673
-0.030649
-0.030624
-0.030624
-0.030624
-0.030624
-0.030649
-0.030698
-0.030723
-0.030772
-0.030797
-0.030846
-0.03087
-0.030895
-0.03092
-0.030944
-0.030969
-0.030969
-0.030993
-0.030993
-0.031018
-0.031018
-0.031018
-0.031043
-0.031043
-0.031043
-0.031043
-0.031043
-0.031043
-0.031043
-0.031043
-0.031043
-0.031067
-0.031067
-0.031067
-0.031067
-0.031067
-0.031067
-0.031067
-0.031067
-0.031067
-0.031067
-0.031067
-0.031067
-0.031067
-0.031067
-0.031067
-0.031067
-0.031067
-0.031067
-0.031067
-0.031067
-0.031067
-0.031067
-0.031067
-0.031067
-0.031067
-0.031067
-0.031067
-0.031092
-0.031067
-0.031067
-0.031067
-0.031067
-0.031067
-0.031067
-0.031067
-0.031067
-0.031067
-0.031092
-0.031067
-0.031067
-0.031067
-0.031067
-0.031067
-0.031067
-0.031067
-0.031067
-0.031067
-0.031067
-0.031067
-0.031067
-0.031067
-0.031067
-0.031092
-0.031092
-0.031067
-0.031067
-0.031067
-0.031092
-0.031092
-0.031067
-0.031067
-0.031092
-0.031092
-0.031092
-0.031092
-0.031092
-0.031092
-0.031092
-0.031092
-0.031092
-0.031092
-0.031092
-0.031092
-0.031092
-0.031092
-0.031092
-0.031092
-0.031092
-0.031092
-0.031092
-0.031092
-0.031092
-0.031092
-0.031092
-0.031092
-0.031092
-0.031092
-0.031092
-0.031092
-0.031092
-0.031092
-0.031092
-0.031092
-0.031092
-0.031117
-0.031092
-0.031092
-0.031092
-0.031117
-0.031092
-0.031092
-0.031092
-0.031092
-0.031092
-0.031092
-0.031117
-0.031117
-0.031117
-0.031117
-0.031117
-0.031117
-0.031117
-0.031117
-0.031092
-0.031092
-0.031092
-0.031092
-0.031092
-0.031092
-0.031092
-0.031092
-0.031092
-0.031092
-0.031092
-0.031092
-0.031092
-0.031092
-0.031092
-0.031092
-0.031092
-0.031092
-0.031092
-0.031092
-0.031092
-0.031092
-0.031092
-0.031117
-0.031117
-0.031141
-0.03119
-0.031264
-0.031289
-0.031264
-0.031215
-0.031141
-0.030944
-0.030575
-0.030009
-0.028876
-0.029295
-0.029935
-0.030649
-0.03087
-0.030944
-0.030993
-0.031018
-0.031067
-0.031067
-0.031092
-0.031092
-0.031092
-0.031092
-0.031117
-0.031117
-0.031117
-0.031117
-0.031117
-0.031117
-0.031117
-0.031117
-0.031117
-0.031117
-0.031117
-0.031117
-0.031117
-0.031092
-0.031092
-0.031092
-0.031092
-0.031092
-0.031092
-0.031092
-0.031092
-0.031092
-0.031092
-0.031092
-0.031092
-0.031092
-0.031067
-0.031067
-0.031043
-0.031043
-0.031018
-0.031018
-0.030993
-0.030969
-0.030944
-0.030944
-0.03092
-0.030895
-0.03087
-0.030846
-0.030821
-0.030797
-0.030772
-0.030747
-0.030723
-0.030698
-0.030698
-0.030698
-0.030698
-0.030723
-0.030747
-0.030797
-0.030821
-0.03087
-0.030895
-0.030944
-0.030969
-0.030993
-0.031018
-0.031018
-0.031043
-0.031043
-0.031067
-0.031067
-0.031067
-0.031067
-0.031092
-0.031092
-0.031092
-0.031092
-0.031092
-0.031092
-0.031117
-0.031092
-0.031117
-0.031117
-0.031117
-0.031117
-0.031117
-0.031117
-0.031117
-0.031117
-0.031117
-0.031117
-0.031141
-0.031141
-0.031141
-0.031141
-0.031141
-0.031141
-0.031141
-0.031141
-0.031141
-0.031141
-0.031141
-0.031141
-0.031141
-0.031141
-0.031141
-0.031141
-0.031141
-0.031141
-0.031141
-0.031141
-0.031141
-0.031141
-0.031141
-0.031141
-0.031141
-0.031141
-0.031141
-0.031141
-0.031141
-0.031141
-0.031141
-0.031141
-0.031141
-0.031141
-0.031141
-0.031141
-0.031141
-0.031141
-0.031141
-0.031141
-0.031141
-0.031141
-0.031141
-0.031141
-0.031141
-0.031141
-0.031117
-0.031117
-0.031141
-0.031141
-0.031141
-0.031141
-0.031141
-0.031141
-0.031141
-0.031141
-0.031141
-0.031141
-0.031141
-0.031141
-0.031141
-0.031141
-0.031141
-0.031141
-0.031141
-0.031141
-0.031141
-0.031141
-0.031141
-0.031141
-0.031141
-0.031141
-0.031141
-0.031141
-0.031141
-0.031166
-0.031166
-0.031141
-0.031141
-0.031141
-0.031166
-0.031166
-0.031166
-0.031166
-0.031166
-0.031166
-0.031166
-0.031166
-0.031166
-0.031166
-0.031166
-0.031166
-0.031166
-0.031166
-0.031166
-0.031166
-0.031166
-0.031166
-0.031166
-0.031166
-0.031166
-0.031166
-0.031166
-0.031166
-0.031166
-0.031166
-0.031166
-0.031166
-0.031166
-0.031166
-0.031166
-0.031166
-0.031166
-0.031166
-0.031166
-0.031141
-0.031141
-0.031141
-0.031141
-0.031141
-0.031141
-0.031141
-0.031166
-0.031166
-0.031166
-0.031166
-0.031166
-0.031166
-0.031166
-0.031166
-0.031166
-0.031166
-0.031166
-0.031166
-0.031166
-0.031166
-0.031166
-0.031166
-0.031166
-0.031166
-0.03119
-0.03124
-0.031264
-0.031215
-0.031067
-0.030747
-0.030255
-0.029639
-0.029123
-0.028827
-0.028901
-0.029246
-0.029861
-0.0306
-0.030895
-0.030969
-0.031018
-0.031067
-0.031092
-0.031117
-0.031117
-0.031141
-0.031141
-0.031141
-0.031141
-0.031141
-0.031166
-0.031166
-0.031166
-0.031166
-0.031166
-0.031166
-0.031166
-0.031166
-0.031141
-0.031141
-0.031141
-0.031141
-0.031141
-0.031141
-0.031141
-0.031141
-0.031141
-0.031141
-0.031141
-0.031141
-0.031141
-0.031117
-0.031117
-0.031117
-0.031117
-0.031117
-0.031092
-0.031092
-0.031067
-0.031067
-0.031067
-0.031043
-0.031018
-0.031018
-0.030993
-0.030969
-0.030944
-0.03092
-0.030895
-0.03087
-0.030846
-0.030846
-0.030821
-0.030797
-0.030772
-0.030747
-0.030747
-0.030747
-0.030772
-0.030797
-0.030821
-0.03087
-0.030895
-0.030944
-0.030969
-0.031018
