2018
6
7
12
12
51.385
0.032692
0.032692
0.032717
0.032692
0.032692
0.032667
0.032692
0.032717
0.032717
0.032692
0.032692
0.032692
0.032717
0.032717
0.032692
0.032692
0.032717
0.032717
0.032717
0.032692
0.032692
0.032692
0.032692
0.032692
0.032667
0.032667
0.032667
0.032692
0.032692
0.032667
0.032667
0.032667
0.032692
0.032692
0.032692
0.032692
0.032717
0.032741
0.032717
0.032717
0.032717
0.032692
0.032667
0.032692
0.032717
0.032717
0.032692
0.032692
0.032692
0.032717
0.032717
0.032692
0.032667
0.032692
0.032692
0.032692
0.032667
0.032667
0.032692
0.032692
0.032692
0.032692
0.032667
0.032692
0.032692
0.032692
0.032692
0.032667
0.032692
0.032692
0.032717
0.032692
0.032692
0.032692
0.032717
0.032717
0.032717
0.032692
0.032717
0.032741
0.032717
0.032741
0.032766
0.032741
0.032741
0.032741
0.032741
0.032741
0.032717
0.032717
0.032717
0.032741
0.032766
0.032741
0.032741
0.032741
0.032766
0.032766
0.032741
0.032717
0.032741
0.032766
0.032766
0.032741
0.032741
0.032741
0.032766
0.032766
0.032766
0.032741
0.032766
0.032766
0.032766
0.032766
0.032741
0.032766
0.032791
0.032815
0.032791
0.032791
0.032791
0.032766
0.032766
0.032791
0.032791
0.032791
0.032766
0.032766
0.032791
0.032791
0.032766
0.032741
0.032741
0.032766
0.032766
0.032766
0.032741
0.032766
0.032791
0.032791
0.032766
0.032766
0.032766
0.032791
0.032791
0.032766
0.032766
0.032766
0.032791
0.032791
0.032791
0.032766
0.032791
0.032815
0.032815
0.032791
0.032791
0.032791
0.032791
0.032815
0.032815
0.032791
0.032791
0.032791
0.032815
0.032815
0.032815
0.032791
0.032791
0.032815
0.03284
0.032815
0.032791
0.032791
0.032815
0.032815
0.032815
0.032815
0.032815
0.03284
0.03284
0.03284
0.03284
0.03284
0.03284
0.03284
0.03284
0.032815
0.032815
0.03284
0.03284
0.03284
0.032815
0.032815
0.03284
0.032864
0.03284
0.03284
0.03284
0.03284
0.032864
0.032889
0.032864
0.032864
0.032864
0.032889
0.032889
0.032889
0.032864
0.032864
0.032889
0.032914
0.032889
0.032864
0.032864
0.032864
0.032889
0.032889
0.032864
0.032864
0.032889
0.032914
0.032914
0.032889
0.032889
0.032914
0.032938
0.032938
0.032938
0.032938
0.032938
0.032963
0.032963
0.032938
0.032938
0.032938
0.032963
0.032963
0.032938
0.032938
0.032938
0.032938
0.032963
0.032963
0.032938
0.032938
0.032963
0.032963
0.032963
0.032963
0.032963
0.032963
0.032987
0.032987
0.032987
0.032963
0.032987
0.032987
0.032987
0.032987
0.032963
0.032987
0.033012
0.033012
0.032987
0.032987
0.032987
0.033012
0.033012
0.032987
0.032987
0.033012
0.033037
0.033037
0.033012
0.033012
0.033012
0.033037
0.033037
0.033012
0.033037
0.033037
0.033037
0.033037
0.033061
0.033061
0.033061
0.033061
0.033061
0.033086
0.033086
0.033061
0.033061
0.033061
0.033061
0.033061
0.033037
0.033012
0.033037
0.033037
0.033037
0.033037
0.033012
0.033037
0.033037
0.033037
0.033012
0.032987
0.032987
0.033012
0.033012
0.032987
0.032987
0.032987
0.033012
0.033012
0.033012
0.033012
0.033012
0.033037
0.033012
0.033012
0.033037
0.033012
0.033012
0.033037
0.033061
0.033061
0.033037
0.033037
0.033037
0.033061
0.033061
0.033061
0.033037
0.033061
0.033086
0.033086
0.033061
0.033037
0.033037
0.033086
0.033086
0.033086
0.033086
0.033086
0.033111
0.033111
0.033086
0.033086
0.033086
0.033111
0.033111
0.033086
0.033086
0.033086
0.033086
0.033086
0.033086
0.033061
0.033086
0.033061
0.033061
0.033086
0.033086
0.033086
0.033061
0.033061
0.033086
0.033086
0.033061
0.033061
0.033061
0.033086
0.033086
0.033061
0.033037
0.033037
0.033061
0.033086
0.033061
0.033061
0.033061
0.033086
0.033086
0.033086
0.033061
0.033061
0.033086
0.033086
0.033061
0.033037
0.033037
0.033061
0.033086
0.033061
0.033037
0.033061
0.033061
0.033086
0.033086
0.033086
0.033061
0.033061
0.033086
0.033111
0.033111
0.033086
0.033086
0.033086
0.033111
0.033111
0.033086
0.033086
0.033086
0.033086
0.033111
0.033086
0.033061
0.033061
0.033086
0.033086
0.033086
0.033086
0.033086
0.033111
0.033111
0.033111
0.033086
0.033086
0.033086
0.033111
0.033086
0.033086
0.033086
0.033111
0.033135
0.033111
0.033111
0.033086
0.033086
0.033111
0.033111
0.033086
0.033086
0.033086
0.033086
0.033111
0.033111
0.033086
0.033086
0.033086
0.033111
0.033086
0.033086
0.033086
0.033086
0.033111
0.033111
0.033086
0.033086
0.033086
0.033111
0.033111
0.033086
0.033086
0.033111
0.033111
0.033111
0.033111
0.033111
0.033111
0.033135
0.033111
0.033111
0.033111
0.033111
0.033135
0.033111
0.033086
0.033111
0.033086
0.033086
0.033086
0.033111
0.033086
0.033061
0.033061
0.033086
0.033086
0.033086
0.033086
0.033086
0.033086
0.033111
0.033086
0.033037
0.033012
0.033037
0.033037
0.033037
0.033037
0.033037
0.033037
0.033061
0.033061
0.033037
0.033037
0.033061
0.033061
0.033061
0.033061
0.033037
0.033061
0.033061
0.033061
0.033037
0.033037
0.033037
0.033061
0.033037
0.033061
0.033061
0.033061
0.033061
0.033086
0.033111
0.033111
0.033086
0.033061
0.033086
0.033111
0.033111
0.033086
0.033086
0.033086
0.033111
0.033135
0.033135
0.033135
0.03316
0.033184
0.033184
0.03316
0.033135
0.03316
0.033184
0.03316
0.03316
0.03316
0.03316
0.03316
0.03316
0.033135
0.033135
0.033135
0.03316
0.03316
0.033135
0.033135
0.033135
0.033111
0.033135
0.03316
0.03316
0.033135
0.033135
0.03316
0.03316
0.03316
0.03316
0.033135
0.033135
0.03316
0.03316
0.033135
0.033135
0.033135
0.03316
0.03316
0.033135
0.033135
0.03316
0.03316
0.03316
0.03316
0.033135
0.033135
0.03316
0.03316
0.033135
0.033135
0.033135
0.033135
0.033135
0.033135
0.033111
0.033111
0.033135
0.03316
0.03316
0.03316
0.03316
0.03316
0.033184
0.033184
0.03316
0.03316
0.03316
0.03316
0.03316
0.033135
0.033135
0.033135
0.03316
0.03316
0.033135
0.033135
0.033111
0.033135
0.033135
0.033135
0.033111
0.033111
0.033135
0.033135
0.033135
0.033111
0.033135
0.033135
0.03316
0.033135
0.033135
0.033135
0.03316
0.033184
0.033184
0.03316
0.03316
0.033184
0.033135
0.03316
0.03316
0.03316
0.033135
0.03316
0.03316
0.03316
0.033135
0.033135
0.033135
0.03316
0.03316
0.03316
0.03316
0.03316
0.03316
0.03316
0.03316
0.033135
0.033135
0.03316
0.03316
0.033135
0.033135
0.033135
0.03316
0.03316
0.03316
0.03316
0.033135
0.03316
0.03316
0.03316
0.033135
0.033135
0.03316
0.03316
0.033135
0.033135
0.033135
0.033111
0.033111
0.033111
0.033111
0.033086
0.033086
0.033086
0.033086
0.033111
0.033086
0.033061
0.033061
0.033086
0.033086
0.033086
0.033086
0.033086
0.033111
0.033135
0.033135
0.033111
0.033086
0.033111
0.033111
0.033111
0.033086
0.033086
0.033111
0.033111
0.033111
0.033111
0.033111
0.033111
0.033135
0.033111
0.033111
0.033086
0.033111
0.033135
0.033135
0.03316
0.03316
0.033135
0.033135
0.03316
0.033184
0.03316
0.033135
0.033135
0.03316
0.03316
0.03316
0.033135
0.033135
0.03316
0.03316
0.03316
0.033135
0.033135
0.033135
0.03316
0.03316
0.033135
0.033135
0.03316
0.03316
0.03316
0.03316
0.033135
0.03316
0.03316
0.03316
0.033135
0.033135
0.033135
0.03316
0.03316
0.033135
0.033135
0.033135
0.03316
0.03316
0.03316
0.033135
0.033135
0.03316
0.03316
0.03316
0.03316
0.033135
0.03316
0.03316
0.03316
0.033135
0.033135
0.033135
0.03316
0.03316
0.033135
0.033135
0.033135
0.03316
0.03316
0.033135
0.033135
0.033135
0.033135
0.033135
0.033111
0.033111
0.033111
0.033135
0.033135
0.033111
0.033086
0.033111
0.033111
0.033111
0.033086
0.033111
0.033086
0.033086
0.033086
0.033111
0.033111
0.033086
0.033086
0.033111
0.033111
0.033111
0.033111
0.033086
0.033111
0.033111
0.033111
0.033111
0.033111
0.033111
0.033111
0.033111
0.033086
0.033086
0.033086
0.033111
0.033111
0.033111
0.033086
0.033111
0.033111
0.033111
0.033111
0.033086
0.033086
0.033111
0.033111
0.033086
0.033086
0.033086
0.033111
0.033086
0.033111
0.033111
0.033086
0.033086
0.033086
0.033111
0.033135
0.033111
0.033111
0.033111
0.033111
0.033135
0.033111
0.033111
0.033111
0.033135
0.033135
0.033111
0.033111
0.033111
0.033135
0.03316
0.033135
0.033135
0.033135
0.03316
0.03316
0.03316
0.033135
0.033135
0.03316
0.033184
0.03316
0.033135
0.033135
0.033135
0.033135
0.033135
0.033111
0.033111
0.033111
0.033135
0.033135
0.033111
0.033111
0.033111
0.033135
0.033135
0.033135
0.033111
0.033135
0.03316
0.03316
0.03316
0.033135
0.033135
0.033135
0.033135
0.033135
0.033135
0.033135
0.033135
0.03316
0.033135
0.033111
0.033111
0.033135
0.033135
0.033111
0.033111
0.033086
0.033111
0.033135
0.033111
0.033111
0.033111
0.033111
0.033135
0.033135
0.033135
0.033135
0.033111
0.033111
0.033135
0.033135
0.033135
0.033111
0.033086
0.033111
0.033111
0.033086
0.033061
0.033061
0.033086
0.033086
0.033086
0.033086
0.033086
0.033111
0.033111
0.033111
0.033111
0.033111
0.033111
0.033135
0.033111
0.033111
0.033111
0.033111
0.033135
0.033111
0.033086
0.033086
0.033086
0.033111
0.033135
0.033135
0.033111
0.033135
0.033111
0.033111
0.033135
0.033135
0.033111
0.033111
0.033111
0.033135
0.033135
0.033111
0.033086
0.033111
0.033111
0.033111
0.033111
0.033086
0.033111
0.033111
0.033111
0.033086
0.033086
0.033111
0.033135
0.033135
0.033111
0.033111
0.033135
0.033135
0.033135
0.033135
0.033111
0.033111
0.033135
0.033111
0.033086
0.033086
0.033086
0.033111
0.033086
0.033086
0.033086
0.033061
0.033061
0.033061
0.033086
0.033086
0.033061
0.033061
0.033061
0.033061
0.033061
0.033061
0.033037
0.033061
0.033061
0.033061
0.033061
0.033061
0.033086
0.033086
0.033086
0.033086
0.033061
0.033061
0.033086
0.033086
0.033061
0.033061
0.033061
0.033086
0.033086
0.033061
0.033061
0.033061
0.033086
0.033086
0.033061
0.033037
0.033061
0.033061
0.033061
0.033061
0.033037
0.033037
0.033037
0.033037
0.033037
0.033012
0.033012
0.033037
0.033037
0.033037
0.033037
0.033012
0.033037
0.033061
0.033037
0.033037
0.033012
0.033012
0.033037
0.033037
0.033012
0.033012
0.033012
0.033037
0.033037
0.033037
0.033012
0.033012
0.033037
0.033037
0.033012
0.033012
0.033012
0.033012
0.033012
0.033012
0.032987
0.033012
0.032987
0.032987
0.033012
0.033012
0.033012
0.032987
0.033012
0.033037
0.033037
0.033012
0.033012
0.033012
0.033012
0.033012
0.033012
0.032987
0.032987
0.032987
0.033012
0.032987
0.032987
0.032987
0.033012
0.033012
0.032987
0.032987
0.032987
0.032987
0.033012
0.032987
0.032963
0.032987
0.032987
0.032987
0.032987
0.032963
0.032963
0.032987
0.032987
0.032963
0.032987
0.032963
0.032963
0.032963
0.032963
0.032987
0.032987
0.032963
0.032963
0.032963
0.032963
0.032963
0.032938
0.032938
0.032938
0.032963
0.032938
0.032938
0.032938
0.032963
0.032963
0.032938
0.032914
0.032914
0.032938
0.032938
0.032938
0.032938
0.032938
0.032963
0.032963
0.032938
0.032938
0.032938
0.032938
0.032938
0.032938
0.032914
0.032914
0.032938
0.032938
0.032938
0.032938
0.032914
0.032914
0.032938
0.032938
0.032914
0.032889
0.032889
0.032914
0.032914
0.032914
0.032889
0.032889
0.032914
0.032914
0.032914
0.032889
0.032889
0.032889
0.032889
0.032889
0.032864
0.032864
0.032864
0.032889
0.032864
0.03284
0.03284
0.03284
0.03284
0.03284
0.032815
0.032815
0.03284
0.03284
0.03284
0.03284
0.032815
0.032815
0.032815
0.032815
0.03284
0.032815
0.032815
0.032815
0.032815
0.03284
0.03284
0.032815
0.032815
0.032815
0.03284
0.03284
0.032815
0.032791
0.032815
0.032815
0.032791
0.032766
0.032766
0.032766
0.032766
0.032766
0.032741
0.032741
0.032766
0.032766
0.032766
0.032766
0.032741
0.032766
0.032791
0.032791
0.032766
0.032766
0.032766
0.032766
0.032766
0.032741
0.032741
0.032717
0.032741
0.032741
0.032741
0.032717
0.032717
0.032717
0.032741
0.032741
0.032717
0.032692
0.032717
0.032717
0.032717
0.032717
0.032692
0.032717
0.032741
0.032741
0.032717
0.032717
0.032717
0.032717
0.032717
0.032692
0.032692
0.032692
0.032717
0.032717
0.032692
0.032692
0.032692
0.032692
0.032692
0.032692
0.032667
0.032692
0.032692
0.032667
0.032692
0.032692
0.032667
0.032643
0.032667
0.032667
0.032667
0.032643
0.032643
0.032643
0.032643
0.032643
0.032618
0.032618
0.032618
0.032618
0.032618
0.032594
0.032594
0.032594
0.032594
0.032594
0.032594
0.032569
0.032569
0.032594
0.032594
0.032594
0.032569
0.032569
0.032594
0.032594
0.032569
0.032569
0.032569
0.032594
0.032594
0.032594
0.032569
0.032569
0.032569
0.032569
0.032569
0.032594
0.032569
0.032544
0.032544
0.032569
0.032569
0.032544
0.03252
0.03252
0.032544
0.032544
0.032544
0.03252
0.03252
0.032544
0.032544
0.03252
0.032495
0.032495
0.032495
0.03252
0.032495
0.032495
0.032495
0.032495
0.032495
0.032495
0.032471
0.032471
0.032495
0.032495
0.032495
0.032471
0.032471
0.032471
0.032471
0.032471
0.032471
0.032446
0.032446
0.032446
0.032446
0.032471
0.032471
0.032446
0.032446
0.032471
0.032471
0.032446
0.032421
0.032421
0.032446
0.032446
0.032446
0.032421
0.032446
0.032446
0.032471
0.032446
0.032446
0.032421
0.032446
0.032446
0.032446
0.032421
0.032446
0.032446
0.032471
0.032471
0.032446
0.032446
0.032446
0.032446
0.032421
0.032397
0.032397
0.032397
0.032397
0.032397
0.032421
0.032397
0.032397
0.032372
0.032397
0.032397
0.032397
0.032372
0.032372
0.032397
0.032397
0.032397
0.032372
0.032372
0.032397
0.032397
0.032372
0.032372
0.032372
0.032372
0.032397
0.032397
0.032372
0.032372
0.032372
0.032397
0.032372
0.032372
0.032372
0.032372
0.032397
0.032372
0.032372
0.032347
0.032372
0.032372
0.032372
0.032372
0.032372
0.032372
0.032347
0.032372
0.032372
0.032372
0.032347
0.032347
0.032347
0.032372
0.032372
0.032347
0.032347
0.032372
0.032372
0.032372
0.032347
0.032347
0.032347
0.032372
0.032372
0.032372
0.032372
0.032372
0.032397
0.032372
0.032347
0.032347
0.032372
0.032372
0.032372
0.032347
0.032323
0.032347
0.032347
0.032347
0.032323
0.032323
0.032323
0.032323
0.032323
0.032323
0.032323
0.032298
0.032274
0.032298
0.032298
0.032298
0.032298
0.032274
0.032298
0.032323
0.032323
0.032298
0.032298
0.032298
0.032298
0.032298
0.032274
0.032274
0.032274
0.032274
0.032274
0.032249
0.032249
0.032249
0.032274
0.032274
0.032249
0.032249
0.032249
0.032274
0.032274
0.032249
0.032249
0.032249
0.032274
0.032249
0.032249
0.032249
0.032224
0.032224
0.032224
0.032249
0.032249
0.032249
0.032224
0.032249
0.032274
0.032274
0.032249
0.032249
0.032249
0.032249
0.032274
0.032249
0.032224
0.032224
0.032249
0.032249
0.032224
0.032224
0.032224
0.032249
0.032249
0.032224
0.0322
0.032224
0.032224
0.032249
0.032224
0.0322
0.0322
0.032224
0.032224
0.0322
0.0322
0.0322
0.0322
0.032175
0.0322
0.0322
0.0322
0.032175
0.032175
0.0322
0.0322
0.032175
0.032175
0.032175
0.0322
0.0322
0.032175
0.032175
0.032175
0.032175
0.0322
0.032175
0.03215
0.03215
0.032175
0.032175
0.032175
0.03215
0.03215
0.032175
0.0322
0.032175
0.03215
0.032175
0.0322
0.0322
0.032175
0.032175
0.032175
0.0322
0.0322
0.0322
0.032175
0.0322
0.032175
0.032175
0.032175
0.0322
0.032175
0.03215
0.03215
0.032175
0.032175
0.03215
0.03215
0.03215
0.03215
0.032175
0.03215
0.03215
0.03215
0.03215
0.032175
0.03215
0.03215
0.03215
0.03215
0.032175
0.03215
0.032126
0.032126
0.03215
0.03215
0.03215
0.03215
0.03215
0.03215
0.03215
0.03215
0.032126
0.032126
0.032126
0.03215
0.032126
0.032126
0.032126
0.032101
0.032101
0.032101
0.032126
0.032101
0.032077
0.032077
0.032101
0.032101
0.032101
0.032077
0.032052
0.032077
0.032101
0.032077
0.032077
0.032077
0.032077
0.032101
0.032077
0.032077
0.032077
0.032077
0.032101
0.032101
0.032077
0.032077
0.032101
0.032101
0.032101
0.032077
0.032077
0.032077
0.032101
0.032101
0.032077
0.032077
0.032101
0.032101
0.032101
0.032101
0.032077
0.032077
0.032052
0.032077
0.032101
0.032077
0.032052
0.032052
0.032077
0.032077
0.032101
0.032077
0.032077
0.032077
0.032077
0.032077
0.032052
0.032052
0.032052
0.032077
0.032077
0.032052
0.032052
0.032052
0.032052
0.032052
0.032052
0.032052
0.032052
0.032077
0.032052
0.032052
0.032027
0.032027
0.032052
0.032052
0.032052
0.032052
0.032027
0.032052
0.032077
0.032077
0.032052
0.032052
0.032052
0.032052
0.032052
0.032027
0.032027
0.032027
0.032052
0.032052
0.032027
0.032027
0.032027
0.032052
0.032052
0.032052
0.032027
0.032052
0.032052
0.032052
0.032027
0.032027
0.032027
0.032052
0.032027
0.032027
0.032003
0.032027
0.032052
0.032052
0.032027
0.032027
0.032027
0.032052
0.032052
0.032052
0.032052
0.032027
0.032027
0.032027
0.032052
0.032052
0.032027
0.032003
0.032027
0.032052
0.032027
0.032027
0.032003
0.032003
0.032027
0.032027
0.032003
0.032003
0.032003
0.032027
0.032027
0.032027
0.032003
0.032003
0.032027
0.032052
0.032027
0.032027
0.032027
0.032052
0.032052
0.032027
0.032027
0.032027
0.032027
0.032027
0.032027
0.032003
0.032027
0.032027
0.032027
0.032052
0.032027
0.032003
0.032003
0.032027
0.032027
0.032003
0.032003
0.032003
0.032027
0.032027
0.032027
0.032003
0.032003
0.032027
0.032027
0.032027
0.032003
0.032003
0.032027
0.032027
0.032027
0.032003
0.032003
0.032027
0.032027
0.032027
0.032003
0.032027
0.032027
0.032052
0.032027
0.032003
0.032003
0.032003
0.032003
0.032003
0.032003
0.031978
0.031978
0.031978
0.032003
0.032003
0.031978
0.031978
0.031978
0.031978
0.031978
0.031978
0.031954
0.031954
0.031978
0.032003
0.031978
0.031954
0.031954
0.031978
0.031978
0.031978
0.031954
0.031954
0.031978
0.032003
0.031978
0.031978
0.031978
0.031978
0.032003
0.031978
0.031978
0.031978
0.032003
0.032003
0.032003
0.031978
0.031978
0.032003
0.032003
0.032003
0.032027
0.032003
0.031978
0.031978
0.032003
0.032003
0.031978
0.031978
0.031978
0.032003
0.032003
0.032003
0.031978
0.031978
0.032003
0.032003
0.032003
0.031978
0.031978
0.032003
0.032003
0.031978
0.031978
0.031954
0.031978
0.032003
0.031978
0.031954
0.031954
0.031978
0.031978
0.031978
0.031978
0.031978
0.032003
0.032003
0.032003
0.031978
0.032003
0.031978
0.031978
0.032003
0.032003
0.032003
0.032003
0.031978
0.032003
0.032003
0.032003
0.032003
0.031978
0.032003
0.032003
0.032003
0.031978
0.031978
0.032003
0.032003
0.032003
0.032003
0.031978
0.032003
0.032027
0.032003
0.032003
0.031978
0.032003
0.032003
0.032003
0.031978
0.031978
0.031978
0.032003
0.032003
0.031978
0.031978
0.031978
0.032003
0.031978
0.032003
0.032003
0.031978
0.031954
0.031978
0.031978
0.031978
0.031954
0.031954
0.031978
0.031978
0.031978
0.031978
0.031978
0.031978
0.032003
0.031978
0.031954
0.031954
0.031954
0.031978
0.031978
0.031954
0.031929
0.031954
0.031978
0.031954
0.031954
0.031954
0.031954
0.031978
0.031978
0.031954
0.031954
0.031954
0.031978
0.031954
0.031954
0.031929
0.031954
0.031954
0.031954
0.031978
0.031978
0.031954
0.031954
0.031954
0.031978
0.031978
0.031954
0.031954
0.031954
0.031978
0.031978
0.031978
0.031978
0.031978
0.032003
0.032003
0.031978
0.031978
0.031978
0.032003
0.032003
0.031978
0.031978
0.031978
0.032003
0.032003
0.031978
0.031978
0.031978
0.032003
0.032003
0.031978
0.031978
0.031978
0.032003
0.032003
0.032003
0.032003
0.032003
0.032003
0.032003
0.032027
0.032027
0.032003
0.032003
0.032003
0.032003
0.032027
0.032003
0.031978
0.032003
0.032003
0.032027
0.032003
0.031978
0.031978
0.032003
0.032003
0.032003
0.032003
0.032003
0.032027
0.032052
0.032027
0.032027
0.032027
0.032027
0.032027
0.032027
0.032003
0.032003
0.032027
0.032027
0.032027
0.032003
0.032003
0.032003
0.032003
0.032027
0.032027
0.032003
0.031978
0.031978
0.032003
0.032003
0.031978
0.031978
0.031978
0.032003
0.032027
0.032003
0.032003
0.032003
0.032027
0.032027
0.032027
0.032003
0.032003
0.032027
0.032052
0.032027
0.032027
0.032003
0.032027
0.032027
0.032027
0.032003
0.032003
0.032027
0.032052
0.032027
0.032027
0.032027
0.032027
0.032052
0.032027
0.032052
0.032052
0.032052
0.032052
0.032052
0.032077
0.032052
0.032052
0.032052
0.032052
0.032077
0.032052
0.032052
0.032052
0.032052
0.032077
0.032052
0.032052
0.032052
0.032052
0.032077
0.032077
0.032052
0.032077
0.032077
0.032101
0.032077
0.032077
0.032077
0.032101
0.032101
0.032101
0.032077
0.032077
0.032101
0.032101
0.032101
0.032101
0.032101
0.032101
0.032101
0.032126
0.032126
0.032126
0.032126
0.032126
0.032126
0.03215
0.03215
0.03215
0.032126
0.03215
0.032175
0.03215
0.03215
0.032126
0.03215
0.032175
0.032175
0.03215
0.03215
0.032175
0.032175
0.032175
0.03215
0.03215
0.032175
0.032175
0.032175
0.03215
0.03215
0.032175
0.0322
0.0322
0.032175
0.032175
0.032175
0.0322
0.0322
0.032175
0.032224
0.0322
0.0322
0.032224
0.032224
0.032224
0.032224
0.032224
0.032224
0.032249
0.032249
0.032224
0.032224
0.032249
0.032274
0.032249
0.032249
0.032224
0.032249
0.032249
0.032249
0.032224
0.032224
0.032224
0.032249
0.032249
0.032224
0.032224
0.032224
0.032249
0.032249
0.032249
0.032224
0.032249
0.032249
0.032249
0.032249
0.032249
0.032249
0.032274
0.032274
0.032274
0.032298
0.032274
0.032274
0.032274
0.032298
0.032298
0.032274
0.032274
0.032274
0.032298
0.032298
0.032274
0.032274
0.032274
0.032298
0.032298
0.032298
0.032274
0.032298
0.032323
0.032323
0.032323
0.032298
0.032323
0.032323
0.032323
0.032323
0.032323
0.032323
0.032323
0.032323
0.032323
0.032298
0.032323
0.032323
0.032323
0.032323
0.032298
0.032323
0.032323
0.032323
0.032347
0.032347
0.032323
0.032323
0.032323
0.032372
0.032372
0.032372
0.032347
0.032347
0.032372
0.032372
0.032372
0.032347
0.032372
0.032372
0.032397
0.032372
0.032372
0.032372
0.032372
0.032397
0.032372
0.032347
0.032372
0.032372
0.032397
0.032397
0.032372
0.032397
0.032397
0.032397
0.032397
0.032372
0.032372
0.032397
0.032397
0.032397
0.032397
0.032397
0.032372
0.032397
0.032397
0.032421
0.032397
0.032372
0.032397
0.032397
0.032397
0.032397
0.032372
0.032372
0.032397
0.032397
0.032397
0.032372
0.032397
0.032397
0.032421
0.032397
0.032397
0.032397
0.032397
0.032421
0.032397
0.032397
0.032397
0.032397
0.032421
0.032397
0.032397
0.032397
0.032397
0.032421
0.032397
0.032372
0.032372
0.032372
0.032397
0.032421
0.032397
0.032372
0.032372
0.032397
0.032397
0.032397
0.032372
0.032372
0.032397
0.032397
0.032397
0.032372
0.032372
0.032397
0.032397
0.032397
0.032372
0.032372
0.032397
0.032397
0.032397
0.032372
0.032372
0.032397
0.032397
0.032397
0.032372
0.032372
0.032397
0.032421
0.032397
0.032397
0.032372
0.032397
0.032421
0.032421
0.032397
0.032421
0.032397
0.032397
0.032397
0.032421
0.032421
0.032397
0.032372
0.032397
0.032397
0.032397
0.032372
0.032372
0.032397
0.032421
0.032397
0.032397
0.032397
0.032397
0.032421
0.032421
0.032397
0.032397
0.032397
0.032421
0.032421
0.032397
0.032397
0.032397
0.032421
0.032421
0.032397
0.032397
0.032397
0.032421
0.032421
0.032397
0.032397
0.032421
0.032421
0.032421
0.032446
0.032446
0.032421
0.032421
0.032421
0.032446
0.032446
0.032421
0.032421
0.032421
0.032446
0.032446
0.032421
0.032397
0.032421
0.032446
0.032446
0.032421
0.032421
0.032421
0.032421
0.032421
0.032421
0.032397
0.032421
0.032421
0.032421
0.032397
0.032397
0.032397
0.032421
0.032421
0.032397
0.032397
0.032421
0.032421
0.032421
0.032421
0.032421
0.032421
0.032421
0.032421
0.032446
0.032446
0.032421
0.032421
0.032446
0.032446
0.032446
0.032421
0.032397
0.032421
0.032446
0.032446
0.032421
0.032397
0.032421
0.032421
0.032421
0.032421
0.032421
0.032421
0.032446
0.032446
0.032446
0.032446
0.032446
0.032446
0.032446
0.032446
0.032421
0.032446
0.032471
0.032471
0.032446
0.032446
0.032446
0.032471
0.032471
