2018
6
7
12
11
0.84955
0.033726
0.033726
0.033726
0.033726
0.033726
0.033726
0.033751
0.033726
0.033726
0.033726
0.033726
0.033726
0.033726
0.033726
0.033701
0.033726
0.033726
0.033726
0.033726
0.033726
0.033726
0.033726
0.033726
0.033726
0.033726
0.033726
0.033726
0.033726
0.033726
0.033726
0.033726
0.033726
0.033726
0.033726
0.033726
0.033726
0.033726
0.033701
0.033701
0.033701
0.033701
0.033677
0.033701
0.033701
0.033701
0.033701
0.033677
0.033701
0.033701
0.033701
0.033701
0.033701
0.033701
0.033701
0.033701
0.033677
0.033677
0.033677
0.033677
0.033677
0.033677
0.033677
0.033677
0.033677
0.033677
0.033677
0.033677
0.033677
0.033677
0.033677
0.033677
0.033677
0.033677
0.033677
0.033677
0.033677
0.033677
0.033677
0.033677
0.033677
0.033677
0.033701
0.033677
0.033677
0.033677
0.033677
0.033677
0.033677
0.033677
0.033677
0.033677
0.033677
0.033677
0.033677
0.033677
0.033677
0.033677
0.033677
0.033677
0.033677
0.033677
0.033677
0.033677
0.033677
0.033677
0.033677
0.033677
0.033677
0.033677
0.033677
0.033677
0.033652
0.033652
0.033652
0.033652
0.033628
0.033628
0.033628
0.033628
0.033628
0.033628
0.033628
0.033628
0.033628
0.033628
0.033628
0.033628
0.033652
0.033628
0.033628
0.033628
0.033628
0.033628
0.033652
0.033652
0.033652
0.033652
0.033652
0.033652
0.033652
0.033652
0.033652
0.033652
0.033652
0.033652
0.033652
0.033652
0.033628
0.033628
0.033628
0.033628
0.033628
0.033628
0.033628
0.033628
0.033628
0.033628
0.033628
0.033628
0.033628
0.033603
0.033603
0.033603
0.033603
0.033603
0.033603
0.033578
0.033578
0.033578
0.033578
0.033578
0.033578
0.033578
0.033578
0.033578
0.033578
0.033578
0.033554
0.033578
0.033578
0.033603
0.033603
0.033578
0.033578
0.033578
0.033578
0.033578
0.033578
0.033578
0.033578
0.033578
0.033554
0.033554
0.033554
0.033578
0.033578
0.033578
0.033578
0.033578
0.033603
0.033603
0.033603
0.033603
0.033603
0.033603
0.033603
0.033603
0.033603
0.033603
0.033603
0.033603
0.033603
0.033603
0.033603
0.033603
0.033603
0.033603
0.033603
0.033603
0.033603
0.033603
0.033603
0.033603
0.033603
0.033603
0.033603
0.033603
0.033603
0.033603
0.033603
0.033603
0.033603
0.033603
0.033603
0.033603
0.033603
0.033603
0.033628
0.033628
0.033628
0.033628
0.033628
0.033628
0.033628
0.033628
0.033603
0.033603
0.033603
0.033603
0.033603
0.033603
0.033603
0.033603
0.033603
0.033603
0.033603
0.033603
0.033603
0.033578
0.033578
0.033578
0.033578
0.033578
0.033578
0.033603
0.033578
0.033578
0.033578
0.033578
0.033578
0.033578
0.033578
0.033578
0.033578
0.033578
0.033578
0.033578
0.033554
0.033578
0.033578
0.033578
0.033578
0.033578
0.033578
0.033578
0.033578
0.033578
0.033578
0.033578
0.033578
0.033578
0.033578
0.033578
0.033578
0.033578
0.033578
0.033578
0.033578
0.033578
0.033578
0.033578
0.033578
0.033578
0.033554
0.033554
0.033554
0.033554
0.033554
0.033554
0.033554
0.033554
0.033554
0.033554
0.033578
0.033578
0.033578
0.033578
0.033578
0.033554
0.033554
0.033529
0.033529
0.033529
0.033504
0.033504
0.033504
0.033504
0.033504
0.03348
0.03348
0.03348
0.03348
0.03348
0.033455
0.033455
0.033455
0.033455
0.03348
0.03348
0.033455
0.033455
0.033455
0.033455
0.033455
0.033455
0.033455
0.033455
0.033455
0.03348
0.03348
0.03348
0.03348
0.03348
0.033504
0.033504
0.033504
0.033504
0.033504
0.033504
0.03348
0.033504
0.033504
0.033504
0.033504
0.033504
0.033504
0.033504
0.033504
0.033504
0.033504
0.033504
0.033504
0.033504
0.033504
0.033504
0.033504
0.033504
0.033504
0.033504
0.033504
0.033504
0.033504
0.033504
0.033504
0.033529
0.033529
0.033529
0.033529
0.033529
0.033529
0.033529
0.033529
0.033529
0.033529
0.033529
0.033529
0.033504
0.033504
0.033504
0.033504
0.033529
0.033529
0.033529
0.033529
0.033504
0.033504
0.033504
0.033504
0.033504
0.033504
0.03348
0.03348
0.03348
0.03348
0.03348
0.03348
0.03348
0.033504
0.03348
0.03348
0.03348
0.03348
0.03348
0.03348
0.03348
0.033455
0.03348
0.03348
0.03348
0.03348
0.03348
0.03348
0.03348
0.03348
0.03348
0.03348
0.03348
0.03348
0.03348
0.03348
0.03348
0.03348
0.03348
0.03348
0.03348
0.03348
0.03348
0.03348
0.03348
0.03348
0.03348
0.03348
0.03348
0.03348
0.03348
0.03348
0.03348
0.03348
0.03348
0.03348
0.03348
0.03348
0.033455
0.033455
0.03348
0.03348
0.03348
0.03348
0.03348
0.03348
0.03348
0.03348
0.03348
0.03348
0.03348
0.03348
0.03348
0.03348
0.03348
0.03348
0.03348
0.03348
0.03348
0.03348
0.03348
0.03348
0.033504
0.033504
0.033504
0.033504
0.033504
0.033504
0.033504
0.033504
0.033504
0.033504
0.033504
0.033504
0.033504
0.033504
0.033504
0.033504
0.033504
0.033504
0.033504
0.033504
0.033504
0.033504
0.033504
0.03348
0.03348
0.033504
0.033504
0.033504
0.033504
0.033504
0.033504
0.033504
0.033504
0.03348
0.033504
0.033504
0.033529
0.033529
0.033529
0.033529
0.033504
0.033504
0.033504
0.033504
0.033504
0.033504
0.033504
0.033504
0.033504
0.033504
0.03348
0.03348
0.033504
0.033504
0.033504
0.033504
0.03348
0.03348
0.03348
0.03348
0.03348
0.03348
0.03348
0.03348
0.03348
0.03348
0.03348
0.03348
0.03348
0.03348
0.03348
0.03348
0.03348
0.03348
0.03348
0.03348
0.03348
0.03348
0.033504
0.033504
0.033504
0.033504
0.033504
0.033504
0.033504
0.033504
0.033504
0.033504
0.033504
0.033504
0.033504
0.033504
0.033504
0.033504
0.033504
0.033504
0.033504
0.033504
0.033504
0.033529
0.033529
0.033529
0.033529
0.033529
0.033529
0.033529
0.033529
0.033504
0.033529
0.033529
0.033529
0.033529
0.033529
0.033529
0.033554
0.033529
0.033529
0.033529
0.033529
0.033529
0.033554
0.033554
0.033554
0.033554
0.033554
0.033554
0.033554
0.033554
0.033554
0.033554
0.033554
0.033554
0.033554
0.033554
0.033554
0.033554
0.033554
0.033554
0.033554
0.033554
0.033554
0.033554
0.033554
0.033554
0.033554
0.033578
0.033578
0.033554
0.033554
0.033554
0.033578
0.033578
0.033578
0.033578
0.033578
0.033578
0.033578
0.033578
0.033578
0.033578
0.033578
0.033578
0.033578
0.033578
0.033603
0.033603
0.033603
0.033603
0.033578
0.033578
0.033603
0.033603
0.033603
0.033603
0.033603
0.033603
0.033603
0.033603
0.033603
0.033603
0.033603
0.033603
0.033603
0.033603
0.033603
0.033578
0.033578
0.033578
0.033578
0.033578
0.033578
0.033603
0.033603
0.033603
0.033603
0.033603
0.033603
0.033603
0.033603
0.033603
0.033603
0.033603
0.033603
0.033603
0.033603
0.033603
0.033603
0.033603
0.033603
0.033603
0.033603
0.033603
0.033603
0.033603
0.033603
0.033578
0.033578
0.033578
0.033578
0.033578
0.033578
0.033578
0.033603
0.033603
0.033603
0.033603
0.033603
0.033603
0.033603
0.033628
0.033628
0.033628
0.033628
0.033628
0.033603
0.033628
0.033628
0.033628
0.033628
0.033628
0.033628
0.033628
0.033628
0.033628
0.033628
0.033628
0.033628
0.033628
0.033603
0.033603
0.033628
0.033628
0.033603
0.033603
0.033628
0.033628
0.033628
0.033628
0.033628
0.033628
0.033628
0.033628
0.033603
0.033603
0.033603
0.033628
0.033628
0.033628
0.033628
0.033628
0.033628
0.033628
0.033628
0.033628
0.033652
0.033652
0.033652
0.033652
0.033652
0.033652
0.033652
0.033652
0.033652
0.033677
0.033677
0.033677
0.033677
0.033677
0.033677
0.033677
0.033677
0.033652
0.033652
0.033652
0.033652
0.033652
0.033652
0.033652
0.033652
0.033652
0.033628
0.033628
0.033652
0.033652
0.033652
0.033652
0.033652
0.033652
0.033652
0.033652
0.033652
0.033652
0.033652
0.033652
0.033652
0.033652
0.033652
0.033628
0.033652
0.033652
0.033652
0.033652
0.033652
0.033652
0.033652
0.033677
0.033677
0.033677
0.033677
0.033677
0.033677
0.033677
0.033677
0.033677
0.033677
0.033677
0.033677
0.033677
0.033677
0.033677
0.033701
0.033701
0.033701
0.033701
0.033701
0.033701
0.033701
0.033701
0.033701
0.033701
0.033701
0.033701
0.033701
0.033701
0.033677
0.033701
0.033701
0.033701
0.033701
0.033677
0.033677
0.033701
0.033701
0.033701
0.033701
0.033701
0.033701
0.033701
0.033701
0.033701
0.033701
0.033701
0.033701
0.033701
0.033701
0.033701
0.033701
0.033701
0.033701
0.033701
0.033701
0.033701
0.033726
0.033726
0.033701
0.033701
0.033701
0.033726
0.033726
0.033726
0.033701
0.033701
0.033726
0.033726
0.033726
0.033726
0.033726
0.033726
0.033726
0.033726
0.033726
0.033726
0.033726
0.033726
0.033726
0.033726
0.033726
0.033726
0.033726
0.033726
0.033751
0.033751
0.033751
0.033751
0.033751
0.033751
0.033751
0.033751
0.033751
0.033751
0.033751
0.033751
0.033751
0.033775
0.033775
0.033775
0.033751
0.033751
0.033751
0.033751
0.033751
0.033751
0.033751
0.033751
0.033751
0.033751
0.033775
0.033775
0.033751
0.033751
0.033751
0.033751
0.033751
0.033751
0.033751
0.033751
0.033751
0.033751
0.033751
0.033751
0.033751
0.033751
0.033775
0.033751
0.033751
0.033775
0.033775
0.033775
0.033775
0.033775
0.033775
0.033775
0.033775
0.033775
0.033775
0.033775
0.0338
0.0338
0.0338
0.0338
0.0338
0.0338
0.0338
0.0338
0.0338
0.0338
0.0338
0.0338
0.0338
0.033824
0.0338
0.0338
0.0338
0.0338
0.0338
0.0338
0.0338
0.0338
0.0338
0.0338
0.0338
0.0338
0.0338
0.0338
0.0338
0.0338
0.0338
0.0338
0.0338
0.0338
0.0338
0.0338
0.0338
0.0338
0.0338
0.0338
0.033775
0.033775
0.033775
0.033775
0.033775
0.033775
0.0338
0.0338
0.0338
0.0338
0.0338
0.033775
0.033775
0.033775
0.033775
0.0338
0.0338
0.0338
0.0338
0.0338
0.0338
0.0338
0.0338
0.033775
0.033775
0.033775
0.033775
0.033775
0.033775
0.033775
0.033775
0.033775
0.0338
0.0338
0.0338
0.0338
0.0338
0.0338
0.0338
0.0338
0.033775
0.033775
0.033775
0.033775
0.033775
0.033775
0.033775
0.033775
0.033775
0.033775
0.033775
0.033775
0.033775
0.033775
0.033775
0.033775
0.033775
0.033775
0.033751
0.033751
0.033751
0.033751
0.033775
0.033775
0.033775
0.033775
0.033775
0.033775
0.033775
0.033775
0.033775
0.033775
0.033775
0.033775
0.033775
0.033775
0.033775
0.033775
0.033775
0.033775
0.033775
0.033775
0.033775
0.033775
0.033775
0.033775
0.033775
0.033775
0.033751
0.033775
0.033775
0.033775
0.033775
0.033775
0.033775
0.033775
0.033775
0.033775
0.033775
0.033775
0.033775
0.033775
0.033775
0.0338
0.0338
0.0338
0.0338
0.0338
0.033775
0.033775
0.033775
0.033775
0.033775
0.033775
0.0338
0.0338
0.033775
0.033775
0.0338
0.0338
0.0338
0.0338
0.0338
0.0338
0.0338
0.0338
0.033775
0.033775
0.033775
0.033775
0.033775
0.0338
0.033775
0.033775
0.033775
0.033775
0.0338
0.0338
0.0338
0.0338
0.0338
0.0338
0.0338
0.0338
0.0338
0.0338
0.033824
0.033824
0.033824
0.033824
0.033824
0.033824
0.033824
0.033824
0.033824
0.033824
0.033824
0.033824
0.033824
0.033824
0.033824
0.033824
0.033824
0.033824
0.033824
0.033824
0.033824
0.0338
0.0338
0.0338
0.0338
0.0338
0.0338
0.033824
0.033824
0.033824
0.033824
0.033824
0.033824
0.033824
0.033824
0.033824
0.033824
0.033824
0.033824
0.033824
0.033824
0.033824
0.033824
0.033824
0.033824
0.033824
0.033824
0.033824
0.033824
0.033824
0.033824
0.033824
0.033824
0.033849
0.033824
0.033824
0.033824
0.033824
0.033849
0.033849
0.033849
0.033849
0.033824
0.033824
0.033824
0.033824
0.033824
0.033824
0.033849
0.033849
0.033849
0.033824
0.033824
0.033824
0.033849
0.033849
0.033849
0.033824
0.033824
0.033824
0.033824
0.033824
0.033824
0.033824
0.033824
0.033849
0.033824
0.033824
0.033824
0.033824
0.033824
0.033824
0.033824
0.033824
0.033824
0.033849
0.033849
0.033849
0.033849
0.033849
0.033849
0.033849
0.033849
0.033849
0.033849
0.033849
0.033849
0.033849
0.033849
0.033849
0.033849
0.033849
0.033849
0.033849
0.033849
0.033849
0.033849
0.033849
0.033849
0.033849
0.033849
0.033849
0.033849
0.033849
0.033824
0.033824
0.033849
0.033849
0.033849
0.033849
0.033849
0.033849
0.033874
0.033874
0.033874
0.033874
0.033874
0.033874
0.033874
0.033874
0.033874
0.033874
0.033849
0.033874
0.033874
0.033874
0.033874
0.033874
0.033874
0.033874
0.033849
0.033849
0.033849
0.033849
0.033849
0.033849
0.033849
0.033874
0.033874
0.033849
0.033849
0.033849
0.033849
0.033874
0.033874
0.033874
0.033874
0.033874
0.033874
0.033874
0.033874
0.033874
0.033874
0.033874
0.033874
0.033874
0.033874
0.033874
0.033874
0.033874
0.033874
0.033874
0.033874
0.033849
0.033874
0.033874
0.033874
0.033849
0.033849
0.033849
0.033824
0.033849
0.033824
0.033824
0.033824
0.033824
0.033824
0.033824
0.033824
0.033824
0.033824
0.033824
0.033824
0.033824
0.033824
0.033824
0.033824
0.033824
0.033824
0.033824
0.033824
0.033849
0.033849
0.033849
0.033849
0.033849
0.033849
0.033849
0.033824
0.033824
0.033824
0.033824
0.033824
0.033824
0.033849
0.033849
0.033849
0.033849
0.033849
0.033849
0.033849
0.033849
0.033849
0.033849
0.033849
0.033849
0.033849
0.033849
0.033849
0.033824
0.033824
0.033824
0.033824
0.033824
0.033824
0.033824
0.033824
0.033824
0.033824
0.033824
0.033824
0.033824
0.033849
0.033849
0.033824
0.033824
0.033849
0.033824
0.033824
0.033824
0.033824
0.033824
0.033849
0.033849
0.033849
0.033849
0.033849
0.033849
0.033849
0.033849
0.033849
0.033849
0.033874
0.033874
0.033874
0.033849
0.033849
0.033849
0.033849
0.033849
0.033849
0.033849
0.033849
0.033849
0.033849
0.033849
0.033849
0.033849
0.033849
0.033849
0.033849
0.033849
0.033849
0.033874
0.033874
0.033874
0.033874
0.033874
0.033874
0.033874
0.033874
0.033849
0.033898
0.033898
0.033898
0.033898
0.033898
0.033898
0.033898
0.033898
0.033898
0.033898
0.033874
0.033874
0.033874
0.033898
0.033898
0.033874
0.033898
0.033898
0.033898
0.033898
0.033898
0.033898
0.033898
0.033898
0.033898
0.033898
0.033898
0.033898
0.033898
0.033898
0.033898
0.033898
0.033898
0.033898
0.033923
0.033923
0.033923
0.033923
0.033923
0.033923
0.033923
0.033923
0.033923
0.033898
0.033898
0.033923
0.033923
0.033923
0.033923
0.033923
0.033923
0.033923
0.033948
0.033923
0.033923
0.033948
0.033948
0.033948
0.033948
0.033948
0.033948
0.033948
0.033948
0.033948
0.033948
0.033948
0.033972
0.033972
0.033972
0.033972
0.033972
0.033948
0.033948
0.033948
0.033948
0.033948
0.033948
0.033948
0.033948
0.033948
0.033948
0.033948
0.033948
0.033948
0.033948
0.033948
0.033948
0.033948
0.033948
0.033948
0.033948
0.033948
0.033948
0.033948
0.033948
0.033923
0.033923
0.033923
0.033948
0.033948
0.033948
0.033948
0.033948
0.033948
0.033923
0.033923
0.033923
0.033923
0.033948
0.033923
0.033948
0.033948
0.033948
0.033948
0.033948
0.033948
0.033948
0.033923
0.033948
0.033948
0.033948
0.033948
0.033948
0.033948
0.033948
0.033948
0.033948
0.033948
0.033972
0.033972
0.033972
0.033972
0.033972
0.033972
0.033972
0.033972
0.033972
0.033972
0.033972
0.033972
0.033972
0.033972
0.033972
0.033972
0.033972
0.033948
0.033948
0.033948
0.033948
0.033948
0.033972
0.033972
0.033948
0.033948
0.033948
0.033948
0.033948
0.033948
0.033948
0.033948
0.033972
0.033972
0.033972
0.033972
0.033972
0.033972
0.033972
0.033997
0.033997
0.033997
0.033997
0.033997
0.033997
0.033997
0.033972
0.033997
0.033997
0.033997
0.033997
0.033997
0.033997
0.033997
0.033997
0.033997
0.033997
0.033997
0.033997
0.033997
0.033997
0.033997
0.033997
0.033997
0.033997
0.033997
0.033997
0.033997
0.034021
0.034021
0.034021
0.034021
0.034021
0.034021
0.034021
0.034021
0.034021
0.034021
0.034021
0.034046
0.034046
0.034046
0.034046
0.034046
0.034046
0.034046
0.034071
0.034071
0.034071
0.034071
0.034071
0.034071
0.034071
0.034046
0.034046
0.034071
0.034071
0.034046
0.034046
0.034046
0.034071
0.034071
0.034071
0.034071
0.034071
0.034071
0.034071
0.034071
0.034071
0.034071
0.034071
0.034071
0.034095
0.034095
0.034095
0.034095
0.034095
0.034095
0.034095
0.034095
0.034095
0.034095
0.034095
0.034095
0.034095
0.034095
0.034095
0.03412
0.03412
0.03412
0.03412
0.034095
0.034095
0.03412
0.034095
0.034095
0.034095
0.034095
0.034095
0.034095
0.034095
0.034095
0.034095
0.03412
0.034095
0.034095
0.034095
0.034095
0.034095
0.034095
0.034095
0.034095
0.034095
0.03412
0.03412
0.03412
0.03412
0.03412
0.03412
0.03412
0.03412
0.03412
0.03412
0.03412
0.03412
0.03412
0.03412
0.03412
0.03412
0.03412
0.03412
0.03412
0.034144
0.034144
0.034144
0.034144
0.034144
0.034144
0.03412
0.03412
0.03412
0.03412
0.03412
0.03412
0.034144
0.034144
0.034144
0.034144
0.034144
0.034144
0.034169
0.034169
0.034169
0.034169
0.034169
0.034169
0.034169
0.034169
0.034169
0.034169
0.034169
0.034169
0.034169
0.034169
0.034169
0.034169
0.034169
0.034169
0.034169
0.034169
0.034169
0.034169
0.034169
0.034194
0.034194
0.034169
0.034169
0.034169
0.034169
0.034169
0.034169
0.034169
0.034169
0.034169
0.034169
0.034169
0.034169
0.034194
0.034194
0.034169
0.034169
0.034169
0.034194
0.034194
0.034194
0.034194
0.034194
0.034194
0.034194
0.034194
0.034218
0.034218
0.034218
0.034218
0.034218
0.034243
0.034243
0.034243
0.034243
0.034243
0.034243
0.034243
0.034218
0.034243
0.034243
0.034243
0.034243
0.034243
0.034243
0.034243
0.034243
0.034243
0.034243
0.034243
0.034243
0.034243
0.034243
0.034243
0.034243
0.034243
0.034243
0.034243
0.034243
0.034218
0.034218
0.034218
0.034243
0.034243
0.034243
0.034243
0.034243
0.034243
0.034243
0.034243
0.034243
0.034243
0.034243
0.034243
0.034243
0.034243
0.034243
0.034243
0.034268
0.034268
0.034268
0.034268
0.034268
0.034268
0.034268
0.034268
0.034268
0.034268
0.034268
0.034268
0.034243
0.034243
0.034243
0.034243
0.034243
0.034243
0.034243
0.034243
0.034243
0.034243
0.034243
0.034243
0.034243
0.034243
0.034243
0.034243
0.034243
0.034243
0.034268
0.034268
0.034268
0.034268
0.034268
0.034268
0.034268
0.034268
0.034268
0.034268
0.034268
0.034268
0.034268
0.034268
0.034268
0.034292
0.034268
0.034292
0.034292
0.034292
0.034292
0.034292
0.034292
0.034292
0.034292
0.034292
0.034317
0.034317
0.034292
0.034317
0.034317
0.034317
0.034317
0.034317
0.034317
0.034317
0.034317
0.034317
0.034317
0.034317
0.034317
0.034317
0.034317
0.034341
0.034341
0.034341
0.034341
0.034341
0.034341
0.034341
0.034366
0.034366
0.034366
0.034366
0.034366
0.034341
0.034341
0.034341
0.034366
0.034366
0.034366
0.034366
0.034366
0.034366
0.034366
0.034366
0.034366
0.034366
0.034366
0.034366
0.034366
0.034366
0.034366
0.034366
0.034366
0.034366
0.034366
0.034366
0.034391
0.034391
0.034391
0.034391
0.034391
0.034391
0.034391
0.034391
0.034391
0.034391
0.034391
0.034391
0.034391
0.034391
0.034391
0.034391
0.034415
0.034415
0.034415
0.034415
0.034415
0.034415
0.034415
0.034415
0.034415
0.034415
0.034415
0.034415
0.034415
0.034415
0.034415
0.034415
0.03444
0.03444
0.03444
0.03444
0.03444
0.03444
0.03444
0.03444
0.034415
0.034415
0.034415
0.03444
0.03444
0.03444
0.03444
0.03444
0.03444
0.03444
0.03444
0.03444
0.03444
0.03444
0.03444
0.03444
0.03444
0.03444
0.03444
0.03444
0.03444
0.03444
0.03444
0.034465
0.034465
0.034465
0.034465
0.034465
0.034465
0.034465
0.034465
0.034465
0.034465
0.034465
0.034465
0.034465
0.034465
0.034465
0.034465
0.034465
0.034465
0.034465
0.034465
0.034465
0.034465
0.034489
0.034489
0.034489
0.034489
0.034489
0.034489
0.034489
0.034489
0.034489
0.034489
0.034489
0.034489
0.034489
0.034489
0.034489
0.034489
0.034489
0.034489
0.034489
0.034489
0.034489
0.034489
0.034489
0.034489
0.034489
0.034489
0.034514
0.034489
0.034489
0.034489
0.034489
0.034489
0.034489
0.034489
0.034489
0.034489
0.034489
0.034489
0.034489
0.034489
0.034489
0.034489
0.034489
0.034489
0.034489
0.034465
0.034465
0.034489
0.034489
0.034489
0.034489
0.034489
0.034489
0.034489
0.034489
0.034489
0.034489
0.034489
0.034489
0.034489
0.034489
0.034489
0.034465
0.034465
0.034465
0.034465
0.034465
0.034489
0.034489
0.034514
0.034514
0.034489
0.034489
0.034489
0.034489
0.034489
0.034465
0.034465
0.034465
0.034465
0.034465
0.034465
0.034465
0.034465
0.034465
0.034465
0.034465
0.034465
0.034465
0.034489
0.034489
0.034489
0.034489
0.034489
0.034489
0.034489
0.034489
0.034489
0.034489
0.034489
0.034489
0.034489
0.034489
0.034514
0.034514
0.034489
0.034489
0.034489
0.034489
0.034489
0.034489
0.034489
0.034489
0.034465
0.034465
0.034465
0.034465
0.034465
0.034465
0.034465
0.034465
0.03444
0.03444
0.03444
0.03444
0.03444
0.03444
0.034415
0.034415
0.034415
0.034415
0.034415
0.034391
0.034391
0.034391
0.034391
0.034366
0.034366
0.034366
0.034366
0.034366
0.034366
0.034341
0.034341
0.034341
0.034366
0.034366
0.034366
0.034366
0.034341
0.034341
0.034341
0.034341
0.034341
0.034341
0.034341
0.034341
0.034341
0.034341
0.034341
0.034341
0.034341
0.034317
0.034317
0.034317
0.034317
0.034317
0.034317
0.034317
0.034317
0.034292
0.034292
0.034292
0.034292
0.034292
0.034268
0.034292
0.034292
0.034292
0.034292
0.034292
0.034292
0.034292
0.034292
0.034292
0.034292
0.034292
0.034292
0.034292
0.034292
0.034292
0.034292
0.034292
0.034292
0.034292
0.034292
0.034292
0.034292
0.034292
0.034292
0.034292
0.034292
0.034292
0.034292
0.034292
0.034292
0.034292
0.034292
0.034317
0.034317
0.034292
0.034292
0.034292
0.034292
0.034292
0.034292
0.034317
0.034317
0.034317
0.034317
0.034292
0.034292
0.034292
0.034292
0.034292
0.034292
0.034292
0.034292
0.034292
0.034292
0.034292
0.034292
0.034292
0.034292
0.034292
0.034292
0.034292
0.034292
0.034292
0.034292
0.034268
0.034268
0.034268
0.034268
0.034268
0.034268
0.034268
0.034268
0.034268
0.034292
0.034292
0.034268
0.034268
0.034292
0.034292
0.034292
0.034292
0.034292
0.034292
0.034292
0.034292
0.034268
0.034268
0.034268
0.034268
0.034268
0.034268
0.034243
0.034243
0.034243
0.034243
0.034243
0.034243
0.034243
0.034243
0.034243
0.034243
0.034243
0.034243
0.034243
0.034243
0.034243
0.034243
0.034243
0.034243
0.034243
0.034243
0.034243
0.034243
0.034243
0.034243
0.034243
0.034243
0.034243
0.034243
0.034243
0.034243
0.034243
0.034243
0.034243
0.034243
0.034243
0.034243
0.034243
0.034218
0.034218
0.034243
0.034243
0.034243
0.034243
0.034243
0.034243
0.034243
0.034243
0.034243
0.034243
0.034243
0.034243
0.034243
0.034243
0.034243
0.034218
0.034218
0.034243
0.034243
0.034243
0.034218
0.034243
0.034243
0.034243
0.034243
0.034243
0.034243
0.034243
0.034243
0.034243
0.034243
0.034243
0.034243
0.034268
0.034268
0.034268
0.034243
0.034243
0.034268
0.034243
0.034243
0.034243
0.034243
0.034243
0.034243
0.034268
0.034268
0.034268
0.034268
0.034268
0.034268
0.034268
0.034268
0.034268
0.034268
0.034268
0.034268
0.034268
0.034268
0.034268
0.034292
0.034292
0.034292
0.034292
0.034292
0.034292
0.034292
0.034292
0.034292
0.034292
0.034292
0.034292
0.034317
0.034292
0.034317
0.034317
0.034317
0.034317
0.034292
0.034317
0.034317
0.034317
0.034317
0.034317
0.034317
0.034317
0.034317
0.034317
0.034317
0.034317
0.034317
0.034341
0.034317
0.034317
0.034317
0.034317
0.034317
0.034317
0.034317
0.034317
0.034317
0.034341
0.034341
0.034341
0.034317
0.034341
0.034341
0.034341
0.034341
0.034341
0.034341
0.034341
0.034341
0.034317
0.034341
0.034341
0.034341
0.034341
0.034341
0.034341
0.034341
0.034341
0.034341
0.034341
0.034341
0.034341
0.034341
0.034341
0.034341
0.034341
0.034341
0.034341
0.034366
0.034366
0.034366
0.034366
0.034366
0.034366
0.034366
0.034366
0.034366
0.034366
0.034366
0.034366
0.034366
0.034366
0.034366
0.034366
0.034366
0.034366
0.034366
0.034366
0.034366
0.034366
0.034391
0.034391
0.034366
0.034391
0.034391
0.034391
0.034366
