2018
6
7
12
15
3.2086
0.019029
0.019029
0.019029
0.019029
0.019029
0.019029
0.019005
0.019029
0.019029
0.019054
0.019029
0.019029
0.019029
0.019029
0.019029
0.019029
0.019029
0.019029
0.019029
0.019054
0.019054
0.019054
0.019054
0.019054
0.019054
0.019054
0.019054
0.019054
0.019079
0.019079
0.019079
0.019079
0.019054
0.019054
0.019054
0.019054
0.019054
0.019054
0.019054
0.019054
0.019054
0.019054
0.019054
0.019029
0.019054
0.019054
0.019054
0.019054
0.019054
0.019054
0.019054
0.019054
0.019054
0.019054
0.019054
0.019054
0.019054
0.019054
0.019054
0.019054
0.019054
0.019054
0.019054
0.019054
0.019054
0.019054
0.019054
0.019054
0.019054
0.019054
0.019054
0.019054
0.019054
0.019054
0.019054
0.019054
0.019054
0.019054
0.019054
0.019054
0.019054
0.019079
0.019079
0.019079
0.019079
0.019079
0.019079
0.019079
0.019079
0.019079
0.019079
0.019079
0.019079
0.019079
0.019079
0.019054
0.019054
0.019079
0.019079
0.019079
0.019054
0.019054
0.019079
0.019079
0.019079
0.019079
0.019079
0.019079
0.019079
0.019079
0.019079
0.019079
0.019079
0.019079
0.019079
0.019079
0.019079
0.019079
0.019079
0.019079
0.019079
0.019079
0.019079
0.019054
0.019079
0.019079
0.019079
0.019079
0.019054
0.019079
0.019079
0.019079
0.019079
0.019079
0.019079
0.019079
0.019079
0.019079
0.019079
0.019079
0.019079
0.019079
0.019079
0.019079
0.019079
0.019079
0.019079
0.019054
0.019079
0.019079
0.019079
0.019079
0.019079
0.019079
0.019079
0.019079
0.019079
0.019079
0.019079
0.019079
0.019054
0.019079
0.019079
0.019079
0.019079
0.019054
0.019079
0.019079
0.019079
0.019079
0.019079
0.019079
0.019079
0.019079
0.019079
0.019079
0.019079
0.019079
0.019079
0.019079
0.019079
0.019079
0.019103
0.019103
0.019103
0.019103
0.019103
0.019103
0.019103
0.019079
0.019079
0.019079
0.019103
0.019103
0.019079
0.019079
0.019079
0.019103
0.019103
0.019103
0.019103
0.019103
0.019103
0.019103
0.019103
0.019103
0.019103
0.019103
0.019103
0.019103
0.019103
0.019103
0.019103
0.019103
0.019103
0.019103
0.019103
0.019103
0.019103
0.019128
0.019128
0.019128
0.019128
0.019103
0.019103
0.019103
0.019103
0.019103
0.019103
0.019103
0.019103
0.019103
0.019103
0.019103
0.019103
0.019103
0.019103
0.019103
0.019103
0.019103
0.019103
0.019103
0.019128
0.019128
0.019103
0.019103
0.019103
0.019103
0.019103
0.019103
0.019103
0.019128
0.019128
0.019128
0.019128
0.019128
0.019128
0.019128
0.019128
0.019128
0.019128
0.019128
0.019128
0.019103
0.019103
0.019103
0.019103
0.019103
0.019103
0.019128
0.019128
0.019128
0.019128
0.019103
0.019103
0.019128
0.019128
0.019128
0.019128
0.019128
0.019128
0.019103
0.019128
0.019128
0.019128
0.019103
0.019103
0.019128
0.019128
0.019103
0.019103
0.019103
0.019103
0.019128
0.019128
0.019103
0.019103
0.019103
0.019103
0.019103
0.019103
0.019103
0.019128
0.019128
0.019128
0.019103
0.019103
0.019103
0.019103
0.019103
0.019103
0.019079
0.019103
0.019103
0.019103
0.019103
0.019128
0.019128
0.019128
0.019128
0.019152
0.019152
0.019152
0.019128
0.019152
0.019152
0.019128
0.019128
0.019128
0.019128
0.019128
0.019128
0.019128
0.019128
0.019128
0.019128
0.019128
0.019128
0.019128
0.019152
0.019152
0.019152
0.019152
0.019152
0.019152
0.019152
0.019152
0.019152
0.019152
0.019152
0.019152
0.019152
0.019152
0.019152
0.019152
0.019152
0.019152
0.019152
0.019152
0.019152
0.019152
0.019177
0.019177
0.019177
0.019177
0.019177
0.019177
0.019177
0.019177
0.019177
0.019177
0.019177
0.019177
0.019177
0.019177
0.019177
0.019177
0.019177
0.019177
0.019177
0.019177
0.019177
0.019177
0.019177
0.019177
0.019177
0.019177
0.019177
0.019177
0.019177
0.019177
0.019177
0.019177
0.019177
0.019177
0.019177
0.019177
0.019177
0.019177
0.019177
0.019177
0.019177
0.019177
0.019177
0.019177
0.019177
0.019177
0.019177
0.019177
0.019177
0.019177
0.019177
0.019177
0.019177
0.019177
0.019177
0.019177
0.019177
0.019202
0.019202
0.019202
0.019202
0.019202
0.019202
0.019202
0.019177
0.019177
0.019177
0.019202
0.019202
0.019202
0.019177
0.019202
0.019202
0.019202
0.019177
0.019177
0.019202
0.019202
0.019202
0.019202
0.019202
0.019202
0.019202
0.019202
0.019202
0.019202
0.019202
0.019202
0.019202
0.019202
0.019202
0.019202
0.019202
0.019202
0.019202
0.019202
0.019202
0.019202
0.019177
0.019177
0.019177
0.019177
0.019177
0.019177
0.019177
0.019202
0.019202
0.019177
0.019177
0.019202
0.019202
0.019202
0.019177
0.019202
0.019202
0.019202
0.019202
0.019202
0.019202
0.019202
0.019202
0.019202
0.019202
0.019202
0.019202
0.019202
0.019202
0.019202
0.019202
0.019202
0.019202
0.019202
0.019226
0.019202
0.019202
0.019202
0.019226
0.019226
0.019226
0.019226
0.019226
0.019226
0.019226
0.019226
0.019226
0.019226
0.019226
0.019226
0.019226
0.019226
0.019226
0.019226
0.019226
0.019226
0.019226
0.019226
0.019251
0.019251
0.019251
0.019226
0.019226
0.019226
0.019226
0.019226
0.019226
0.019226
0.019226
0.019251
0.019251
0.019251
0.019226
0.019226
0.019251
0.019226
0.019226
0.019226
0.019226
0.019226
0.019226
0.019226
0.019226
0.019226
0.019226
0.019226
0.019226
0.019226
0.019226
0.019226
0.019226
0.019202
0.019202
0.019202
0.019202
0.019202
0.019202
0.019202
0.019202
0.019202
0.019202
0.019202
0.019202
0.019202
0.019202
0.019202
0.019226
0.019226
0.019226
0.019202
0.019202
0.019226
0.019226
0.019226
0.019226
0.019226
0.019226
0.019226
0.019226
0.019226
0.019226
0.019226
0.019226
0.019226
0.019226
0.019226
0.019251
0.019251
0.019251
0.019226
0.019226
0.019226
0.019251
0.019251
0.019226
0.019226
0.019251
0.019251
0.019251
0.019226
0.019226
0.019226
0.019226
0.019226
0.019226
0.019226
0.019226
0.019226
0.019226
0.019251
0.019251
0.019251
0.019251
0.019251
0.019251
0.019251
0.019251
0.019251
0.019251
0.019251
0.019251
0.019251
0.019251
0.019251
0.019251
0.019251
0.019251
0.019251
0.019276
0.019276
0.019276
0.019276
0.019276
0.019251
0.019251
0.019276
0.019276
0.019276
0.019276
0.019276
0.019251
0.019276
0.019276
0.019251
0.019251
0.019251
0.019276
0.019251
0.019251
0.019251
0.019251
0.019276
0.019276
0.019276
0.019276
0.019276
0.019276
0.019276
0.019276
0.019276
0.019276
0.019276
0.019276
0.019276
0.019276
0.019276
0.019276
0.019276
0.019276
0.019276
0.019276
0.019276
0.019276
0.019276
0.019276
0.019276
0.0193
0.019276
0.019276
0.019276
0.019276
0.019276
0.019276
0.019276
0.019276
0.019276
0.019276
0.019276
0.019276
0.019276
0.019276
0.019251
0.019276
0.019276
0.019276
0.019251
0.019251
0.019251
0.019251
0.019251
0.019251
0.019251
0.019251
0.019251
0.019251
0.019251
0.019251
0.019251
0.019251
0.019251
0.019251
0.019251
0.019251
0.019251
0.019276
0.019251
0.019251
0.019251
0.019276
0.019276
0.019276
0.019276
0.019276
0.019276
0.019276
0.019276
0.019276
0.019276
0.019276
0.019276
0.019276
0.0193
0.0193
0.0193
0.0193
0.0193
0.0193
0.0193
0.0193
0.0193
0.0193
0.0193
0.0193
0.0193
0.0193
0.0193
0.0193
0.0193
0.0193
0.0193
0.0193
0.0193
0.0193
0.0193
0.0193
0.0193
0.0193
0.0193
0.0193
0.0193
0.0193
0.0193
0.0193
0.0193
0.0193
0.0193
0.0193
0.0193
0.0193
0.0193
0.019325
0.019325
0.019325
0.019325
0.019325
0.0193
0.0193
0.0193
0.0193
0.0193
0.0193
0.0193
0.0193
0.0193
0.0193
0.0193
0.0193
0.019325
0.019325
0.019325
0.0193
0.0193
0.0193
0.019325
0.0193
0.0193
0.0193
0.0193
0.019325
0.0193
0.0193
0.019325
0.019325
0.019325
0.019325
0.019325
0.019325
0.019325
0.019325
0.019325
0.019325
0.019325
0.019325
0.019325
0.019325
0.019325
0.019325
0.019325
0.019325
0.019325
0.019325
0.019325
0.019325
0.019325
0.019325
0.019325
0.019325
0.019325
0.019325
0.019325
0.019325
0.019325
0.019325
0.019325
0.019325
0.019325
0.019349
0.019349
0.019349
0.019349
0.019325
0.0193
0.019325
0.019325
0.0193
0.0193
0.0193
0.019325
0.019325
0.0193
0.0193
0.019325
0.019325
0.019325
0.019325
0.0193
0.019325
0.019325
0.019325
0.019325
0.019325
0.019325
0.019325
0.019325
0.019325
0.0193
0.0193
0.019325
0.0193
0.0193
0.0193
0.0193
0.019325
0.019325
0.019325
0.019325
0.019325
0.019325
0.019349
0.019325
0.019325
0.019349
0.019349
0.019349
0.019349
0.019349
0.019349
0.019349
0.019349
0.019349
0.019349
0.019349
0.019349
0.019349
0.019349
0.019349
0.019349
0.019349
0.019349
0.019349
0.019349
0.019349
0.019349
0.019349
0.019349
0.019349
0.019349
0.019349
0.019349
0.019349
0.019349
0.019349
0.019349
0.019349
0.019349
0.019349
0.019349
0.019349
0.019349
0.019349
0.019349
0.019349
0.019349
0.019349
0.019349
0.019349
0.019374
0.019374
0.019349
0.019349
0.019374
0.019374
0.019374
0.019374
0.019349
0.019349
0.019349
0.019349
0.019374
0.019374
0.019374
0.019374
0.019374
0.019374
0.019349
0.019349
0.019374
0.019374
0.019374
0.019374
0.019374
0.019374
0.019374
0.019374
0.019374
0.019374
0.019374
0.019374
0.019374
0.019374
0.019374
0.019374
0.019374
0.019374
0.019349
0.019349
0.019374
0.019374
0.019349
0.019349
0.019349
0.019349
0.019374
0.019374
0.019374
0.019374
0.019374
0.019374
0.019374
0.019374
0.019374
0.019374
0.019374
0.019374
0.019374
0.019374
0.019374
0.019374
0.019374
0.019374
0.019374
0.019349
0.019374
0.019374
0.019374
0.019349
0.019349
0.019374
0.019374
0.019374
0.019374
0.019374
0.019374
0.019374
0.019374
0.019374
0.019374
0.019374
0.019374
0.019399
0.019399
0.019399
0.019399
0.019399
0.019399
0.019399
0.019399
0.019399
0.019399
0.019399
0.019399
0.019399
0.019399
0.019399
0.019399
0.019399
0.019399
0.019399
0.019399
0.019399
0.019399
0.019399
0.019399
0.019399
0.019423
0.019423
0.019423
0.019448
0.019423
0.019448
0.019448
0.019423
0.019423
0.019423
0.019423
0.019423
0.019423
0.019423
0.019423
0.019423
0.019423
0.019448
0.019448
0.019448
0.019448
0.019448
0.019448
0.019423
0.019423
0.019423
0.019423
0.019423
0.019423
0.019423
0.019423
0.019423
0.019448
0.019448
0.019448
0.019448
0.019448
0.019423
0.019423
0.019423
0.019423
0.019423
0.019423
0.019423
0.019423
0.019423
0.019423
0.019423
0.019423
0.019423
0.019423
0.019423
0.019423
0.019399
0.019423
0.019423
0.019423
0.019399
0.019399
0.019399
0.019423
0.019423
0.019399
0.019399
0.019399
0.019423
0.019423
0.019423
0.019423
0.019423
0.019423
0.019423
0.019423
0.019423
0.019423
0.019423
0.019423
0.019423
0.019423
0.019423
0.019423
0.019423
0.019423
0.019423
0.019423
0.019423
0.019423
0.019423
0.019423
0.019423
0.019423
0.019423
0.019423
0.019423
0.019423
0.019423
0.019448
0.019448
0.019448
0.019448
0.019448
0.019448
0.019448
0.019448
0.019448
0.019448
0.019448
0.019448
0.019448
0.019448
0.019448
0.019448
0.019472
0.019448
0.019448
0.019448
0.019448
0.019448
0.019448
0.019448
0.019448
0.019448
0.019472
0.019472
0.019472
0.019472
0.019472
0.019448
0.019448
0.019448
0.019472
0.019472
0.019448
0.019448
0.019448
0.019448
0.019448
0.019448
0.019448
0.019448
0.019472
0.019472
0.019472
0.019472
0.019472
0.019472
0.019472
0.019448
0.019472
0.019472
0.019472
0.019472
0.019472
0.019472
0.019472
0.019472
0.019472
0.019472
0.019472
0.019472
0.019472
0.019472
0.019472
0.019472
0.019472
0.019472
0.019472
0.019472
0.019472
0.019472
0.019472
0.019472
0.019472
0.019472
0.019472
0.019472
0.019472
0.019472
0.019472
0.019472
0.019472
0.019472
0.019472
0.019472
0.019472
0.019472
0.019472
0.019472
0.019472
0.019448
0.019472
0.019472
0.019472
0.019472
0.019472
0.019497
0.019497
0.019497
0.019472
0.019472
0.019472
0.019472
0.019472
0.019472
0.019472
0.019472
0.019497
0.019472
0.019472
0.019497
0.019497
0.019497
0.019497
0.019497
0.019497
0.019497
0.019497
0.019497
0.019497
0.019497
0.019497
0.019497
0.019497
0.019497
0.019497
0.019497
0.019497
0.019497
0.019497
0.019497
0.019497
0.019497
0.019522
0.019522
0.019522
0.019497
0.019497
0.019497
0.019497
0.019497
0.019497
0.019472
0.019472
0.019497
0.019497
0.019497
0.019472
0.019497
0.019497
0.019497
0.019497
0.019497
0.019497
0.019497
0.019472
0.019472
0.019472
0.019472
0.019472
0.019472
0.019472
0.019472
0.019497
0.019472
0.019472
0.019472
0.019497
0.019497
0.019497
0.019497
0.019497
0.019497
0.019497
0.019497
0.019497
0.019497
0.019497
0.019497
0.019497
0.019497
0.019497
0.019497
0.019497
0.019497
0.019497
0.019497
0.019497
0.019497
0.019497
0.019522
0.019522
0.019522
0.019522
0.019522
0.019522
0.019522
0.019522
0.019522
0.019522
0.019522
0.019522
0.019522
0.019522
0.019522
0.019522
0.019522
0.019522
0.019522
0.019546
0.019546
0.019522
0.019522
0.019522
0.019546
0.019522
0.019522
0.019522
0.019522
0.019522
0.019522
0.019522
0.019522
0.019546
0.019546
0.019546
0.019522
0.019522
0.019546
0.019546
0.019546
0.019546
0.019571
0.019546
0.019571
0.019571
0.019571
0.019571
0.019571
0.019571
0.019571
0.019571
0.019571
0.019571
0.019571
0.019571
0.019571
0.019571
0.019571
0.019571
0.019571
0.019596
0.019596
0.019571
0.019571
0.019571
0.019596
0.019596
0.019571
0.019571
0.019571
0.019596
0.019596
0.019596
0.019596
0.019596
0.019596
0.01962
0.01962
0.019596
0.019596
0.019596
0.019596
0.019596
0.019596
0.019596
0.019596
0.019596
0.01962
0.01962
0.01962
0.01962
0.019645
0.019645
0.019645
0.01962
0.01962
0.019645
0.019645
0.01962
0.01962
0.01962
0.01962
0.01962
0.01962
0.01962
0.01962
0.019645
0.019645
0.01962
0.01962
0.01962
0.019645
0.019645
0.01962
0.01962
0.01962
0.019645
0.019645
0.019645
0.019645
0.019645
0.019645
0.019645
0.019645
0.019645
0.019645
0.019645
0.019645
0.019669
0.019669
0.019669
0.019669
0.019669
0.019669
0.019669
0.019669
0.019669
0.019669
0.019694
0.019694
0.019669
0.019669
0.019669
0.019694
0.019694
0.019694
0.019694
0.019694
0.019694
0.019694
0.019694
0.019694
0.019694
0.019694
0.019694
0.019694
0.019694
0.019694
0.019694
0.019694
0.019694
0.019694
0.019694
0.019669
0.019669
0.019694
0.019694
0.019694
0.019694
0.019694
0.019694
0.019694
0.019694
0.019694
0.019694
0.019694
0.019694
0.019694
0.019694
0.019694
0.019694
0.019694
0.019694
0.019694
0.019719
0.019719
0.019719
0.019719
0.019719
0.019719
0.019719
0.019719
0.019694
0.019694
0.019719
0.019719
0.019719
0.019719
0.019719
0.019719
0.019719
0.019719
0.019719
0.019719
0.019719
0.019719
0.019719
0.019743
0.019743
0.019719
0.019743
0.019743
0.019743
0.019743
0.019743
0.019743
0.019743
0.019743
0.019743
0.019743
0.019743
0.019743
0.019743
0.019743
0.019743
0.019743
0.019743
0.019743
0.019743
0.019743
0.019743
0.019743
0.019743
0.019743
0.019743
0.019743
0.019743
0.019743
0.019743
0.019743
0.019743
0.019743
0.019743
0.019768
0.019743
0.019743
0.019743
0.019768
0.019768
0.019768
0.019768
0.019768
0.019768
0.019768
0.019768
0.019768
0.019768
0.019792
0.019792
0.019792
0.019792
0.019792
0.019792
0.019792
0.019792
0.019768
0.019768
0.019792
0.019792
0.019792
0.019792
0.019792
0.019817
0.019817
0.019817
0.019792
0.019792
0.019792
0.019792
0.019792
0.019792
0.019792
0.019792
0.019792
0.019792
0.019792
0.019792
0.019792
0.019792
0.019792
0.019792
0.019792
0.019792
0.019792
0.019792
0.019792
0.019792
0.019792
0.019792
0.019792
0.019792
0.019792
0.019792
0.019792
0.019792
0.019817
0.019817
0.019817
0.019792
0.019817
0.019817
0.019817
0.019817
0.019792
0.019792
0.019817
0.019817
0.019817
0.019817
0.019817
0.019817
0.019817
0.019817
0.019817
0.019817
0.019792
0.019792
0.019817
0.019792
0.019792
0.019792
0.019792
0.019792
0.019792
0.019792
0.019792
0.019817
0.019817
0.019817
0.019817
0.019817
0.019817
0.019817
0.019817
0.019817
0.019817
0.019817
0.019817
0.019842
0.019842
0.019817
0.019817
0.019817
0.019817
0.019817
0.019817
0.019817
0.019817
0.019817
0.019817
0.019817
0.019817
0.019817
0.019817
0.019817
0.019817
0.019817
0.019817
0.019817
0.019817
0.019817
0.019817
0.019842
0.019842
0.019842
0.019842
0.019842
0.019842
0.019842
0.019842
0.019842
0.019842
0.019842
0.019842
0.019866
0.019842
0.019842
0.019866
0.019866
0.019866
0.019866
0.019866
0.019866
0.019891
0.019891
0.019891
0.019866
0.019891
0.019891
0.019891
0.019891
0.019891
0.019891
0.019891
0.019891
0.019891
0.019891
0.019891
0.019891
0.019891
0.019891
0.019891
0.019891
0.019891
0.019916
0.019916
0.019916
0.019916
0.019916
0.019916
0.019916
0.019916
0.019916
0.019916
0.019916
0.019916
0.019916
0.019916
0.019916
0.019916
0.019916
0.01994
0.01994
0.01994
0.01994
0.01994
0.01994
0.019916
0.01994
0.01994
0.01994
0.01994
0.01994
0.01994
0.01994
0.01994
0.01994
0.019965
0.019965
0.019965
0.019965
0.019965
0.019965
0.019965
0.019965
0.019965
0.019965
0.019965
0.019965
0.019965
0.019965
0.019965
0.019965
0.019965
0.019965
0.019965
0.019965
0.019965
0.019965
0.019965
0.019965
0.019965
0.019965
0.019989
0.019989
0.019965
0.019965
0.019965
0.019989
0.019989
0.019989
0.019989
0.019989
0.019989
0.019989
0.020014
0.020014
0.020014
0.019989
0.019989
0.020014
0.020014
0.019989
0.019989
0.020014
0.020014
0.020014
0.020014
0.020014
0.020014
0.020014
0.020014
0.020014
0.020014
0.020014
0.020014
0.020014
0.020014
0.020014
0.020014
0.020014
0.020014
0.020014
0.020014
0.020014
0.020014
0.020014
0.020039
0.020039
0.020039
0.020039
0.020039
0.020039
0.020039
0.020039
0.020039
0.020039
0.020039
0.020039
0.020039
0.020039
0.020039
0.020039
0.020039
0.020039
0.020039
0.020039
0.020039
0.020039
0.020039
0.020039
0.020039
0.020039
0.020039
0.020039
0.020039
0.020039
0.020063
0.020063
0.020063
0.020063
0.020063
0.020063
0.020063
0.020063
0.020063
0.020063
0.020063
0.020063
0.020063
0.020063
0.020063
0.020063
0.020063
0.020088
0.020088
0.020088
0.020088
0.020088
0.020088
0.020088
0.020088
0.020088
0.020088
0.020088
0.020088
0.020088
0.020088
0.020088
0.020113
0.020113
0.020088
0.020088
0.020088
0.020113
0.020113
0.020088
0.020088
0.020088
0.020113
0.020113
0.020113
0.020113
0.020113
0.020113
0.020113
0.020113
0.020113
0.020113
0.020113
0.020113
0.020113
0.020113
0.020088
0.020088
0.020113
0.020113
0.020088
0.020088
0.020088
0.020088
0.020088
0.020088
0.020088
0.020088
0.020088
0.020113
0.020113
0.020113
0.020088
0.020113
0.020113
0.020113
0.020113
0.020113
0.020113
0.020137
0.020137
0.020137
0.020137
0.020137
0.020137
0.020137
0.020113
0.020113
0.020137
0.020137
0.020137
0.020137
0.020137
0.020137
0.020137
0.020137
0.020137
0.020137
0.020137
0.020137
0.020162
0.020137
0.020137
0.020137
0.020162
0.020162
0.020162
0.020162
0.020162
0.020162
0.020162
0.020162
0.020162
0.020162
0.020186
0.020186
0.020186
0.020162
0.020162
0.020186
0.020186
0.020186
0.020162
0.020162
0.020162
0.020186
0.020186
0.020186
0.020186
0.020186
0.020186
0.020186
0.020186
0.020186
0.020186
0.020186
0.020186
0.020186
0.020186
0.020186
0.020186
0.020186
0.020186
0.020186
0.020186
0.020186
0.020186
0.020186
0.020186
0.020186
0.020186
0.020186
0.020186
0.020186
0.020186
0.020186
0.020186
0.020186
0.020186
0.020186
0.020186
0.020186
0.020186
0.020211
0.020211
0.020211
0.020211
0.020211
0.020211
0.020211
0.020211
0.020211
0.020211
0.020211
0.020236
0.020236
0.020236
0.020236
0.020236
0.020236
0.020236
0.020236
0.020236
0.020236
0.020236
0.020236
0.020236
0.020236
0.020236
0.020236
0.020236
0.020236
0.020236
0.020236
0.020236
0.020236
0.020236
0.020236
0.020236
0.020236
0.020236
0.020236
0.020236
0.020236
0.020236
0.020236
0.020236
0.020236
0.020236
0.020236
0.020236
0.020236
0.020236
0.020236
0.020236
0.020236
0.020236
0.020236
0.020236
0.020211
0.020211
0.020236
0.020236
0.020211
0.020211
0.020211
0.020236
0.020236
0.020236
0.020236
0.020236
0.020236
0.020236
0.020236
0.020236
0.020236
0.020236
0.020236
0.020236
0.020236
0.020236
0.020236
0.020236
0.020236
0.020211
0.020236
0.020236
0.020236
0.020236
0.020236
0.020236
0.020236
0.02026
0.02026
0.02026
0.02026
0.020236
0.020236
0.020236
0.020236
0.020236
0.020236
0.020236
0.020236
0.020236
0.020236
0.020236
0.020236
0.02026
0.02026
0.02026
0.020236
0.020236
0.02026
0.02026
0.02026
0.02026
0.02026
0.02026
0.02026
0.02026
0.02026
0.02026
0.02026
0.02026
0.02026
0.02026
0.02026
0.02026
0.02026
0.02026
0.02026
0.02026
0.02026
0.02026
0.02026
0.02026
0.02026
0.02026
0.02026
0.02026
0.02026
0.02026
0.02026
0.02026
0.02026
0.02026
0.02026
0.020236
0.020236
0.020236
0.020236
0.020236
0.020236
0.020236
0.020236
0.020236
0.020236
0.020236
0.020236
0.020236
0.020236
0.020236
0.020236
0.020236
0.020236
0.02026
0.02026
0.02026
0.02026
0.02026
0.02026
0.020285
0.020285
0.02026
0.02026
0.02026
0.02026
0.02026
0.02026
0.02026
0.02026
0.020285
0.020285
0.020285
0.020285
0.020285
0.020285
0.020285
0.020285
0.020285
0.020285
0.020285
0.020285
0.020285
0.020285
0.020285
0.020285
0.020285
0.020285
0.020285
0.020285
0.020285
0.020285
0.020285
0.020285
0.020285
0.020285
0.020285
0.020285
0.020285
0.020285
0.020285
0.020285
0.020285
0.020309
0.020285
0.020285
0.020285
0.020285
0.020285
0.020285
0.020285
0.020285
0.020285
0.020285
0.020285
0.020285
0.020285
0.020285
0.020309
0.020309
0.020285
0.020285
0.020309
0.020309
0.020309
0.020309
0.020309
0.020309
0.020309
0.020309
0.020309
0.020309
0.020309
0.020309
0.020309
0.020309
0.020309
0.020309
0.020309
0.020334
0.020334
0.020309
0.020309
0.020334
0.020334
0.020334
0.020334
0.020334
0.020334
0.020334
0.020334
0.020334
0.020334
0.020359
0.020359
0.020383
0.020383
0.020383
0.020383
0.020408
0.020408
0.020383
0.020383
0.020383
0.020383
0.020383
0.020383
0.020383
0.020383
0.020383
0.020383
0.020383
0.020383
0.020383
0.020383
0.020383
0.020383
0.020383
0.020383
0.020383
0.020383
0.020383
0.020383
0.020383
0.020383
0.020383
0.020383
0.020383
0.020383
0.020383
0.020383
0.020408
0.020383
0.020383
0.020383
0.020408
0.020383
0.020383
0.020383
0.020383
0.020383
0.020383
0.020383
0.020383
0.020383
0.020383
0.020359
0.020359
0.020359
0.020359
0.020359
0.020383
0.020359
0.020359
0.020359
0.020383
0.020359
0.020359
0.020359
0.020359
0.020359
0.020359
0.020359
0.020359
0.020359
0.020359
0.020359
0.020359
0.020359
0.020359
0.020359
0.020359
0.020359
0.020359
0.020359
0.020334
0.020359
0.020359
0.020334
0.020334
0.020334
0.020334
0.020334
0.020334
0.020334
0.020334
0.020334
0.020334
0.020334
0.020334
0.020334
0.020334
0.020334
0.020334
0.020334
0.020334
0.020334
0.020334
0.020334
0.020334
0.020334
0.020334
0.020334
0.020334
0.020359
0.020359
0.020334
0.020334
0.020334
0.020359
0.020359
0.020359
0.020334
0.020334
0.020359
0.020359
0.020359
0.020334
0.020334
0.020334
0.020334
0.020334
0.020334
0.020334
0.020334
0.020334
0.020334
0.020334
0.020334
0.020334
0.020334
0.020334
0.020334
0.020334
0.020334
0.020334
0.020334
0.020334
0.020334
0.020334
0.020334
0.020359
0.020359
0.020334
0.020334
0.020334
0.020334
0.020334
0.020334
0.020334
0.020334
0.020334
0.020334
0.020334
0.020334
0.020334
0.020334
0.020334
0.020334
0.020334
0.020334
0.020334
0.020334
0.020334
0.020334
0.020334
0.020334
0.020334
0.020334
0.020334
0.020334
0.020334
0.020334
0.020334
0.020334
0.020334
0.020359
0.020359
0.020359
0.020359
0.020359
0.020359
0.020359
0.020359
0.020359
0.020359
0.020359
0.020359
0.020359
0.020359
0.020359
0.020359
0.020359
0.020359
0.020359
0.020359
0.020359
0.020359
0.020359
0.020359
0.020359
0.020359
0.020359
0.020359
0.020359
0.020359
0.020359
0.020359
0.020359
0.020359
0.020359
0.020359
0.020359
0.020383
0.020383
0.020383
0.020359
0.020359
