2018
6
7
12
13
28.16
0.0060067
0.0059821
0.0059821
0.0059821
0.0060067
0.0060313
0.0060067
0.0059821
0.0059821
0.0060313
0.0060313
0.0060067
0.0059821
0.0059821
0.0060067
0.0060313
0.0059821
0.0059574
0.0059574
0.0060067
0.0060067
0.0060067
0.0059821
0.0059821
0.0060313
0.0060313
0.0060067
0.0059821
0.0059821
0.0060067
0.0060313
0.0060067
0.0059574
0.0059821
0.0060067
0.0060067
0.0059821
0.0059574
0.0059574
0.0060067
0.0059821
0.0060067
0.0060313
0.0060067
0.0059821
0.0059821
0.0060067
0.0060313
0.0060067
0.0059821
0.0059821
0.0060067
0.0060313
0.0060067
0.0059821
0.0059821
0.0060067
0.0060313
0.0060067
0.0059821
0.0059821
0.0060067
0.0060313
0.0060067
0.0059821
0.0059821
0.0060067
0.0060313
0.0060067
0.0059821
0.0059821
0.0060067
0.0060313
0.0060067
0.0059574
0.0059574
0.0059821
0.0060067
0.0059821
0.0059574
0.0060067
0.0059821
0.0059821
0.0060067
0.0060313
0.0060067
0.0059821
0.0059821
0.0060067
0.0060313
0.0060313
0.0060067
0.0060067
0.0060313
0.0060313
0.0060313
0.0060067
0.0059821
0.0060313
0.0060313
0.0060313
0.0060067
0.0059821
0.0060313
0.0060559
0.0060313
0.0060067
0.0060067
0.0060313
0.0060559
0.0060559
0.0060067
0.0060067
0.0060313
0.0060559
0.0060313
0.0060067
0.0060067
0.0060313
0.0060559
0.0060313
0.0060559
0.0060559
0.0060067
0.0060067
0.0060313
0.0060559
0.0060559
0.0060313
0.0060313
0.0060559
0.0060805
0.0060559
0.0060313
0.0060313
0.0060559
0.0060805
0.0060805
0.0060313
0.0060313
0.0060559
0.0060805
0.0060559
0.0060313
0.0060313
0.0060559
0.0060805
0.0060805
0.0060559
0.0060313
0.0060559
0.0060805
0.0060805
0.0060313
0.0060313
0.0060559
0.0060805
0.0060805
0.0060559
0.0060313
0.0060559
0.0060805
0.0061051
0.0060805
0.0060559
0.0060313
0.0060559
0.0060805
0.0060805
0.0060559
0.0060559
0.0060805
0.0061051
0.0061298
0.0060805
0.0060805
0.0061051
0.0061298
0.0061298
0.0060805
0.0060805
0.0060805
0.0061051
0.0061051
0.0060805
0.0060805
0.0060805
0.0061298
0.0061298
0.0060805
0.0060805
0.0061051
0.0061298
0.0061298
0.0061051
0.0060805
0.0061051
0.0061298
0.0061544
0.0061051
0.0061544
0.0061298
0.0061051
0.0061298
0.0061544
0.0061544
0.0061298
0.0061298
0.0061298
0.006179
0.006179
0.0061544
0.0061298
0.0061544
0.006179
0.006179
0.0061544
0.0061298
0.0061298
0.0061544
0.006179
0.0061544
0.0061298
0.0061298
0.0061544
0.006179
0.0061544
0.0061298
0.0061298
0.0061544
0.006179
0.0061544
0.0061298
0.0061298
0.0061544
0.006179
0.0061544
0.0061298
0.0061298
0.0061544
0.0061544
0.006179
0.006179
0.0061544
0.0061544
0.0061544
0.0062036
0.0062036
0.006179
0.0061544
0.006179
0.0062036
0.0062036
0.006179
0.0061544
0.006179
0.0062036
0.0062036
0.006179
0.0061544
0.006179
0.0062036
0.0062036
0.006179
0.0061544
0.0061544
0.006179
0.0062036
0.006179
0.0061544
0.0061544
0.006179
0.0062036
0.006179
0.0061544
0.006179
0.0062036
0.0062036
0.006179
0.0061544
0.0062036
0.006179
0.006179
0.0062036
0.0062282
0.0062036
0.006179
0.006179
0.0062282
0.0062282
0.0062036
0.006179
0.006179
0.0062036
0.0062282
0.0062036
0.006179
0.006179
0.0062036
0.0062282
0.0062036
0.006179
0.006179
0.0062036
0.0062282
0.0062036
0.006179
0.006179
0.0062282
0.0062282
0.0062282
0.0062036
0.0062036
0.0062282
0.0062282
0.0062282
0.006179
0.006179
0.0062036
0.0062282
0.0062036
0.0062282
0.0062036
0.006179
0.0061544
0.006179
0.0062036
0.006179
0.0061544
0.0061544
0.0062036
0.0062282
0.0062282
0.0062036
0.0062036
0.0062282
0.0062528
0.0062282
0.0062036
0.0062036
0.0062282
0.0062528
0.0062528
0.0062282
0.0062036
0.0062282
0.0062528
0.0062528
0.0062282
0.0062036
0.0062282
0.0062528
0.0062528
0.0062282
0.0062036
0.0062282
0.0062528
0.0062528
0.0062282
0.0062036
0.0062036
0.0062036
0.0062282
0.0062528
0.0062528
0.0062036
0.0062036
0.0062282
0.0062528
0.0062282
0.0062036
0.0062036
0.0062282
0.0062528
0.0062282
0.0062036
0.0062036
0.0062282
0.0062528
0.0062528
0.0062282
0.0062036
0.0062282
0.0062528
0.0062528
0.0062282
0.0062036
0.0062282
0.0062528
0.0062528
0.0062282
0.0062036
0.0062282
0.0062528
0.0062528
0.0062282
0.0062036
0.0062282
0.0062528
0.0062528
0.0062775
0.0062528
0.0062282
0.0062528
0.0062775
0.0062775
0.0062528
0.0062528
0.0062775
0.0063021
0.0063021
0.0062775
0.0062528
0.0062775
0.0063021
0.0063021
0.0062528
0.0062528
0.0062528
0.0062775
0.0062775
0.0062528
0.0062528
0.0062528
0.0062775
0.0062775
0.0062528
0.0062282
0.0062528
0.0062775
0.0062775
0.0062528
0.0062528
0.0062775
0.0063021
0.0063021
0.0062775
0.0062528
0.0062775
0.0063021
0.0062775
0.0063021
0.0063021
0.0062775
0.0062528
0.0062775
0.0063021
0.0063021
0.0062775
0.0062528
0.0062775
0.0063021
0.0063021
0.0062775
0.0062528
0.0062775
0.0063021
0.0063021
0.0062775
0.0062528
0.0062775
0.0063021
0.0063021
0.0062775
0.0062775
0.0062775
0.0063021
0.0063021
0.0062775
0.0062775
0.0062775
0.0063021
0.0063267
0.0063021
0.0062775
0.0062775
0.0063267
0.0063267
0.0063021
0.0062775
0.0063021
0.0062775
0.0063021
0.0063267
0.0063267
0.0063021
0.0063021
0.0063021
0.0063267
0.0063513
0.0063267
0.0063021
0.0063021
0.0063267
0.0063267
0.0063021
0.0062775
0.0063021
0.0063513
0.0063759
0.0063513
0.0063267
0.0063267
0.0063513
0.0063759
0.0063513
0.0063267
0.0063267
0.0063759
0.0063759
0.0063513
0.0063267
0.0063267
0.0063759
0.0063759
0.0063759
0.0063513
0.0063513
0.0063759
0.0063759
0.0063513
0.0063759
0.0063513
0.0063267
0.0063513
0.0063759
0.0063759
0.0063759
0.0063513
0.0063513
0.0063759
0.0064006
0.0063759
0.0063513
0.0063513
0.0063759
0.0064006
0.0063759
0.0063513
0.0063513
0.0063759
0.0064006
0.0063759
0.0063513
0.0063513
0.0063759
0.0064006
0.0063759
0.0063513
0.0063513
0.0063759
0.0064006
0.0063759
0.0063513
0.0063513
0.0063759
0.0064006
0.0063759
0.0063513
0.0063513
0.0063513
0.0063513
0.0063759
0.0064006
0.0064006
0.0063759
0.0063513
0.0064006
0.0064006
0.0064006
0.0063759
0.0063759
0.0064006
0.0064252
0.0064006
0.0063759
0.0063759
0.0064006
0.0064252
0.0064006
0.0063759
0.0063759
0.0064006
0.0064252
0.0064006
0.0063759
0.0063759
0.0064006
0.0064252
0.0064252
0.0063759
0.0063759
0.0064006
0.0064252
0.0064006
0.0063759
0.0063759
0.0064006
0.0064252
0.0064252
0.0064252
0.0064252
0.0064006
0.0064006
0.0064252
0.0064498
0.0064252
0.0064006
0.0064006
0.0064252
0.0064498
0.0064498
0.0064252
0.0064006
0.0064498
0.0064744
0.0064498
0.0064252
0.0064252
0.0064498
0.0064744
0.0064744
0.0064498
0.0064498
0.0064744
0.006499
0.006499
0.0064744
0.0064744
0.0064744
0.0065236
0.006499
0.0064744
0.0064744
0.006499
0.0065236
0.0065236
0.006499
0.006499
0.0065236
0.0065236
0.0065483
0.0065483
0.0065236
0.0065236
0.0065483
0.0065729
0.0065729
0.0065483
0.0065236
0.0065483
0.0065975
0.0065975
0.0065729
0.0065729
0.0065975
0.0066221
0.0066221
0.0065975
0.0065729
0.0065975
0.0066221
0.0066467
0.0066221
0.0066221
0.0066467
0.006696
0.006696
0.0066713
0.0066467
0.0066713
0.006696
0.006696
0.0066713
0.0066713
0.0066713
0.0067206
0.0067206
0.006696
0.006696
0.0067206
0.0067206
0.0067698
0.0067698
0.0067452
0.0067452
0.0067452
0.0067944
0.0067944
0.0067698
0.0067452
0.0067698
0.0067944
0.0067944
0.0067698
0.0067698
0.0067698
0.0067944
0.0068191
0.0067944
0.0067698
0.0067698
0.0067944
0.0068191
0.0067698
0.0067452
0.0067698
0.0067944
0.0067944
0.0067698
0.0067452
0.0067698
0.0067944
0.0067944
0.0067698
0.0067452
0.0067698
0.0067944
0.0067944
0.0067698
0.0067944
0.0067698
0.0067452
0.0067698
0.0067944
0.0067944
0.0067698
0.0067452
0.0067452
0.0067944
0.0067944
0.0067698
0.0067452
0.0067452
0.0067944
0.0067944
0.0067698
0.0067452
0.0067698
0.0067698
0.0067944
0.0067698
0.0067452
0.0067452
0.0067698
0.0067698
0.0067698
0.0067452
0.0067452
0.0067698
0.0067698
0.0067698
0.0067452
0.0067452
0.0067698
0.0067698
0.0067452
0.0067206
0.0067206
0.0067698
0.0067452
0.0067698
0.0067698
0.0067452
0.0067206
0.0067206
0.0067452
0.0067452
0.0067452
0.006696
0.0067206
0.0067452
0.0067452
0.0067206
0.006696
0.006696
0.0067206
0.0067206
0.006696
0.0066713
0.0066713
0.006696
0.0067206
0.006696
0.0066467
0.0066467
0.0066713
0.0066713
0.0066467
0.0066221
0.0066221
0.0066221
0.0066467
0.0066221
0.0065729
0.0065729
0.0065975
0.0066221
0.0065975
0.0065483
0.0065483
0.0065236
0.0065236
0.0065236
0.0065483
0.0065236
0.0064744
0.0064744
0.0064744
0.006499
0.0064744
0.0064498
0.0064252
0.0064498
0.0064744
0.0064498
0.0064006
0.0064006
0.0064006
0.0064006
0.0064006
0.0063513
0.0063513
0.0063513
0.0063759
0.0063513
0.0063021
0.0062775
0.0062775
0.0062775
0.0062528
0.0062036
0.006179
0.0062036
0.0062036
0.006179
0.0061298
0.0061051
0.0061051
0.0061051
0.0060067
0.0060067
0.0059821
0.0059082
0.0058836
0.0058836
0.005859
0.0058344
0.0057605
0.0057359
0.0057359
0.0057113
0.0056866
0.0056128
0.0055636
0.0055636
0.0055389
0.0054897
0.0054405
0.0053912
0.0053666
0.0053666
0.005342
0.0052681
0.0052435
0.0052189
0.0052189
0.0051943
0.0051204
0.0050958
0.0050712
0.0050712
0.005022
0.0049727
0.0049235
0.0049235
0.0048989
0.0048743
0.004825
0.0047758
0.0046773
0.0046281
0.0046281
0.0046281
0.0046035
0.0045542
0.004505
0.004505
0.004505
0.0044804
0.0044312
0.0043819
0.0043819
0.0044065
0.0043819
0.0043327
0.0043081
0.0043081
0.0043081
0.0043081
0.0042588
0.0042342
0.0042342
0.0042588
0.0042342
0.0042096
0.0041604
0.0041604
0.004185
0.0041604
0.0041357
0.0041111
0.0041111
0.0041111
0.0040865
0.0040619
0.0040373
0.0040373
0.0040619
0.0040373
0.003988
0.003988
0.0039388
0.0039142
0.0039142
0.0039388
0.0039388
0.0038896
0.0038403
0.0038403
0.003865
0.003865
0.0038157
0.0037911
0.0037911
0.0038157
0.0038157
0.0037911
0.0037665
0.0037665
0.0037911
0.0037665
0.0037419
0.0037172
0.0037172
0.0037419
0.0037419
0.0037172
0.0036926
0.0037172
0.0037419
0.0037419
0.0037172
0.0036926
0.0036926
0.0037172
0.0037419
0.0036926
0.003668
0.003668
0.003668
0.0036926
0.0036926
0.003668
0.0036434
0.0036434
0.003668
0.003668
0.0036434
0.0036188
0.0036188
0.0036434
0.0036434
0.0036188
0.0035942
0.0035942
0.0036188
0.0036188
0.0036188
0.0035695
0.0035695
0.0035942
0.0035942
0.0035695
0.0035449
0.0035449
0.0035695
0.0035695
0.0035449
0.0035203
0.0035203
0.0035449
0.0035449
0.0035203
0.0034957
0.0034957
0.0035203
0.0035203
0.0034957
0.0034465
0.0034465
0.0034465
0.0034465
0.0034711
0.0034957
0.0034711
0.0034465
0.0034711
0.0034957
0.0035203
0.0035203
0.0034957
0.0034957
0.0035203
0.0035449
0.0035203
0.0034957
0.0035203
0.0035695
0.0035942
0.0035942
0.0035695
0.0035695
0.0035942
0.0036188
0.0036188
0.0035942
0.0036188
0.0036434
0.003668
0.0036434
0.0036188
0.0036188
0.0036434
0.003668
0.003668
0.0036188
0.0036434
0.003668
0.0036926
0.003668
0.003668
0.0036434
0.0036434
0.003668
0.0036926
0.0036926
0.003668
0.003668
0.0036926
0.0037419
0.0037172
0.0037172
0.0037172
0.0037419
0.0037911
0.0037911
0.0037665
0.0037911
0.0038157
0.003865
0.003865
0.003865
0.003865
0.0039142
0.0039634
0.0039634
0.0039388
0.0039388
0.003988
0.0040127
0.0040127
0.003988
0.0040127
0.0040373
0.0040619
0.0040619
0.0040373
0.0040373
0.0040865
0.0040865
0.0041111
0.0041604
0.0041604
0.0041357
0.0041357
0.0041604
0.004185
0.004185
0.0041604
0.0041604
0.004185
0.0042096
0.0042096
0.004185
0.004185
0.004185
0.0042096
0.0042096
0.004185
0.004185
0.0042096
0.0042342
0.0042342
0.0042096
0.004185
0.0042096
0.0042588
0.0042588
0.0042342
0.0042096
0.0042342
0.0042588
0.0042834
0.0042588
0.0042588
0.0042834
0.0043081
0.0043081
0.0042834
0.0043081
0.0042834
0.0042588
0.0042834
0.0043081
0.0043081
0.0042588
0.0042588
0.0042588
0.0042834
0.0042834
0.0042342
0.0042342
0.0042342
0.0042834
0.0042588
0.0042342
0.0042096
0.0042342
0.0042588
0.0042588
0.0042342
0.0042096
0.0042096
0.0042342
0.0042588
0.0042096
0.0042096
0.0042096
0.0042342
0.0042342
0.0042096
0.004185
0.0042096
0.0042342
0.0042342
0.0042096
0.004185
0.0042096
0.0042342
0.0042342
0.0042588
0.0042834
0.0042588
0.0042588
0.0042834
0.0043327
0.0043573
0.0043327
0.0043327
0.0043573
0.0043819
0.0044065
0.0043819
0.0043573
0.0043819
0.0044312
0.0044312
0.0044065
0.0043819
0.0044065
0.0044558
0.0044558
0.0044558
0.0044312
0.0044558
0.0044804
0.0044804
0.0044558
0.0044558
0.0044558
0.004505
0.004505
0.004505
0.0044558
0.0044804
0.004505
0.004505
0.0044804
0.0044558
0.0044804
0.0044312
0.0044312
0.0044804
0.0044804
0.0044804
0.0044804
0.0044804
0.004505
0.004505
0.0044804
0.0044558
0.0044558
0.0044804
0.004505
0.0044804
0.0044558
0.0044558
0.0044804
0.004505
0.0044804
0.0044558
0.0044558
0.0044804
0.0044804
0.0044558
0.0044312
0.0044312
0.0044558
0.0044804
0.0044558
0.0044312
0.0044312
0.0044558
0.0044558
0.0044312
0.0044065
0.0044065
0.0044312
0.0044312
0.0044065
0.0043819
0.0043573
0.0043573
0.0043819
0.0044065
0.0043819
0.0043327
0.0043327
0.0043327
0.0043573
0.0043327
0.0043081
0.0043081
0.0043327
0.0043327
0.0043081
0.0042834
0.0042834
0.0043081
0.0043327
0.0043081
0.0042834
0.0042834
0.0043081
0.0043081
0.0042834
0.0042588
0.0042342
0.0042588
0.0042834
0.0042588
0.0042096
0.0042096
0.0042342
0.0042342
0.0042342
0.004185
0.004185
0.0042096
0.004185
0.0042096
0.0042096
0.004185
0.0041604
0.004185
0.0042096
0.004185
0.0041604
0.0041604
0.004185
0.0042096
0.0042096
0.004185
0.0041604
0.004185
0.0042096
0.0042096
0.0041604
0.0041604
0.004185
0.004185
0.004185
0.0041604
0.0041357
0.0041604
0.004185
0.004185
0.0041604
0.0041357
0.0041604
0.004185
0.004185
0.0041357
0.0041357
0.0041604
0.004185
0.004185
0.0041357
0.0041357
0.0041357
0.0041357
0.0041357
0.0041604
0.0041604
0.0041111
0.0041111
0.0041357
0.0041604
0.0041604
0.0041357
0.0041357
0.0041604
0.004185
0.004185
0.0041604
0.0041604
0.004185
0.0042096
0.0042096
0.004185
0.004185
0.0042096
0.0042342
0.0042342
0.0042342
0.0042096
0.0042588
0.0042834
0.0042834
0.0042588
0.0042588
0.0042588
0.0042834
0.0042834
0.0042342
0.0042342
0.0042342
0.0042834
0.0042834
0.0043081
0.0043081
0.0042588
0.0042342
0.0042588
0.0042834
0.0042834
0.0042588
0.0042342
0.0042342
0.0042588
0.0042588
0.0042342
0.0042096
0.0042096
0.0042342
0.0042342
0.0042096
0.004185
0.0042096
0.0042342
0.0042342
0.004185
0.0041604
0.004185
0.0042096
0.0042096
0.004185
0.0041604
0.0041604
0.004185
0.004185
0.0041357
0.0041111
0.0041111
0.0041357
0.0041357
0.0041357
0.0041111
0.0041357
0.0040865
0.0041111
0.0041357
0.0041604
0.0041111
0.0041111
0.0041111
0.0041357
0.0041357
0.0041111
0.0041111
0.0041111
0.0041357
0.0041357
0.0041111
0.0040865
0.0040865
0.0041357
0.0041357
0.0040865
0.0040619
0.0040865
0.0041111
0.0041111
0.0040865
0.0040619
0.0040865
0.0041111
0.0041111
0.0040865
0.0040619
0.0040865
0.0041111
0.0041357
0.0041111
0.0040619
0.0040865
0.0041111
0.0041111
0.0040865
0.0041111
0.0040865
0.0040619
0.0040619
0.0040865
0.0041111
0.0040865
0.0040619
0.0040619
0.0040865
0.0040865
0.0040619
0.0040373
0.0040373
0.0040619
0.0040865
0.0040619
0.0040373
0.0040373
0.0040619
0.0040865
0.0040619
0.0040373
0.0040373
0.0040619
0.0040865
0.0040619
0.0040373
0.0040373
0.0040619
0.0040865
0.0040619
0.0040373
0.0040373
0.0040619
0.0040865
0.0040619
0.0040373
0.0040373
0.0040619
0.0040127
0.0040373
0.0040619
0.0040373
0.0040127
0.0040127
0.0040619
0.0040619
0.0040619
0.0040373
0.0040373
0.0040619
0.0040865
0.0040619
0.0040373
0.0040373
0.0040619
0.0040865
0.0040619
0.0040373
0.0040373
0.0040619
0.0040865
0.0040865
0.0040619
0.0040373
0.0040619
0.0040865
0.0040619
0.0040373
0.0040373
0.0040619
0.0040619
0.0040619
0.0040373
0.0040373
0.0040619
0.0040619
0.0040619
0.0040373
0.0040619
0.0040373
0.0040373
0.0040619
0.0040865
0.0040865
0.0040619
0.0040373
0.0040619
0.0040865
0.0040865
0.0040373
0.0040373
0.0040619
0.0040865
0.0040865
0.0040619
0.0040619
0.0040865
0.0041357
0.0041111
0.0040865
0.0040865
0.0041111
0.0041357
0.0041111
0.0040865
0.0040865
0.0041111
0.0041357
0.0041357
0.0041111
0.0041111
0.0041357
0.0041604
0.0041604
0.0041111
0.0041111
0.0041357
0.0041604
0.0041357
0.0041357
0.0041111
0.0040865
0.0041111
0.0041357
0.0041357
0.0041111
0.0040865
0.0041111
0.0041357
0.0041357
0.0041357
0.0041111
0.0041357
0.0041604
0.0041604
0.0041111
0.0041111
0.0041357
0.0041604
0.0041604
0.0041357
0.0041357
0.0041357
0.004185
0.0041604
0.0041357
0.0041357
0.0041604
0.004185
0.004185
0.0041604
0.0041357
0.0041604
0.004185
0.004185
0.0041604
0.0041357
0.0041604
0.0041604
0.004185
0.004185
0.0041604
0.0041357
0.0041357
0.004185
0.004185
0.0041604
0.0041357
0.0041604
0.004185
0.004185
0.0041604
0.0041604
0.0041604
0.004185
0.004185
0.0041604
0.0041357
0.0041604
0.004185
0.004185
0.0041604
0.0041604
0.0041604
0.004185
0.004185
0.0041604
0.0041357
0.0041604
0.004185
0.004185
0.004185
0.0041604
0.004185
0.0042096
0.0042342
0.0042096
0.004185
0.0042096
0.004185
0.004185
0.0042096
0.0042342
0.0042096
0.004185
0.004185
0.0042096
0.0042342
0.004185
0.0041604
0.004185
0.0042096
0.0042096
0.0042096
0.004185
0.004185
0.0042096
0.0042342
0.0042096
0.004185
0.004185
0.0042096
0.0042096
0.004185
0.0041604
0.004185
0.0042096
0.0042096
0.004185
0.0041604
0.0041604
0.004185
0.004185
0.0041604
0.0041357
0.0041357
0.004185
0.004185
0.004185
0.0042096
0.004185
0.0041357
0.0041604
0.0041604
0.004185
0.0041604
0.0041357
0.0041604
0.004185
0.004185
0.0041604
0.0041357
0.0041357
0.0041604
0.0041604
0.0041604
0.0041357
0.0041357
0.0041604
0.004185
0.0041604
0.0041357
0.0041357
0.0041604
0.004185
0.0041604
0.0041111
0.0041357
0.0041604
0.0041604
0.0041604
0.0041357
0.0041357
0.0041604
0.004185
0.0041604
0.0041357
0.0041357
0.0041604
0.0041604
0.004185
0.0042096
0.004185
0.0041604
0.0041604
0.004185
0.004185
0.0041604
0.0041357
0.0041357
0.0041604
0.004185
0.004185
0.0041604
0.0041357
0.0041604
0.004185
0.004185
0.0041357
0.0041357
0.0041604
0.004185
0.004185
0.0041604
0.0041357
0.0041604
0.004185
0.004185
0.0041357
0.0041357
0.0041604
0.004185
0.004185
0.0041357
0.0041357
0.0041604
0.0041604
0.0041604
0.004185
0.004185
0.0041604
0.0041357
0.0041604
0.004185
0.0041604
0.0041357
0.0041357
0.0041604
0.004185
0.004185
0.0041604
0.0041604
0.004185
0.0042096
0.0042096
0.004185
0.0041604
0.004185
0.0042096
0.004185
0.0041604
0.0041604
0.004185
0.0042096
0.004185
0.0041604
0.0041604
0.004185
0.0042096
0.0042096
0.004185
0.0041604
0.004185
0.0042096
0.0042096
0.0041604
0.0041357
0.0041604
0.0041357
0.0041357
0.004185
0.0041604
0.0041357
0.0041357
0.0041604
0.004185
0.004185
0.0041604
0.0041357
0.0041604
0.004185
0.004185
0.0041604
0.0041357
0.0041604
0.004185
0.004185
0.0041357
0.0041357
0.0041357
0.004185
0.004185
0.0041604
0.0041357
0.0041604
0.004185
0.004185
0.0041604
0.0041604
0.004185
0.0042096
0.0042096
0.004185
0.0041604
0.0041604
0.004185
0.004185
0.0041604
0.0042096
0.004185
0.0041604
0.0041604
0.004185
0.004185
0.0041604
0.0041604
0.0041604
0.004185
0.004185
0.0041604
0.0041357
0.0041357
0.004185
0.004185
0.0041604
0.0041357
0.0041604
0.004185
0.004185
0.0041604
0.0041357
0.0041357
0.004185
0.004185
0.0041604
0.0041357
0.0041604
0.004185
0.004185
0.0041604
0.0041604
0.0041604
0.004185
0.004185
0.0041604
0.0041357
0.0041357
0.004185
0.0041604
0.004185
0.004185
0.0041604
0.0041357
0.0041604
0.004185
0.004185
0.0041604
0.0041357
0.0041357
0.0041604
0.0041604
0.0041357
0.0041111
0.0041357
0.0041604
0.0041604
0.0041357
0.0041111
0.0041111
0.0041357
0.0041604
0.0041357
0.0041111
0.0041111
0.0041357
0.0041357
0.0041111
0.0040865
0.0041111
0.0041357
0.0041604
0.0041357
0.0041111
0.0041111
0.0041604
0.0041604
0.0041357
0.0041111
0.0041357
0.0041111
0.0041111
0.0041357
0.0041604
0.0041357
0.0041111
0.0041111
0.0041357
0.0041357
0.0041357
0.0041111
0.0041111
0.0041357
0.0041357
0.0041111
0.0040865
0.0040619
0.0040865
0.0040865
0.0040619
0.0040373
0.0040373
0.0040865
0.0041111
0.0040865
0.0040619
0.0040619
0.0040865
0.0041111
0.0040865
0.0040619
0.0040619
0.0040865
0.0041111
0.0040865
0.0040619
0.0040619
0.0040865
0.0041111
0.0041111
0.0041111
0.0040619
0.0040619
0.0040865
0.0041111
0.0040865
0.0040619
0.0040619
0.0040865
0.0041111
0.0040865
0.0040619
0.0040619
0.0040865
0.0041111
0.0041111
0.0040619
0.0040619
0.0040865
0.0041111
0.0040865
0.0040619
0.0040619
0.0040865
0.0041111
0.0040865
0.0040619
0.0040619
0.0040865
0.0040865
0.0040865
0.0040619
0.0040619
0.0040865
0.0041111
0.0040865
0.0040619
0.0040619
0.0040865
0.0040619
0.0040865
0.0040865
0.0040865
0.0040619
0.0040373
0.0040865
0.0041111
0.0040865
0.0040619
0.0040619
0.0040865
0.0040865
0.0040865
0.0040619
0.0040373
0.0040619
0.0040865
0.0040619
0.0040373
0.0040373
0.0040619
0.0040865
0.0040865
0.0040373
0.0040373
0.0040619
0.0040619
0.0040619
0.0040373
0.0040373
0.0040373
0.0040619
0.0040619
0.0040373
0.0040373
0.0040373
0.0040619
0.0040619
0.0040373
0.0040373
0.0040373
0.0040619
0.0040865
0.0040865
0.0040619
0.0040373
0.0040619
0.0040865
0.0040865
0.0040619
0.0040373
0.0040619
0.0040865
0.0040865
0.0040373
0.0040127
0.0040373
0.0040619
0.0040619
0.0040127
0.0040127
0.0040127
0.0040373
0.0040373
0.0040127
0.003988
0.0040127
0.0040373
0.0040373
0.0040373
0.0040127
0.0040127
0.0040373
0.0040373
0.0040127
0.003988
0.0040127
0.0040373
0.0040373
0.0040619
0.0040619
0.0040127
0.0040127
0.0040127
0.0040619
0.0040619
0.0040373
0.0040127
0.0040127
0.0040373
0.0040373
0.0040127
0.003988
0.0040127
0.0040373
0.0040373
0.0040127
0.003988
0.003988
0.0040127
0.0040373
0.003988
0.003988
0.003988
0.0040373
0.0040373
0.0040127
0.003988
0.0040127
0.0040127
0.0040373
0.0040127
0.003988
0.0040127
0.0040373
0.0040619
0.0040373
0.0040127
0.0040127
0.0040127
0.0040127
0.0040373
0.0040373
0.0040127
0.0040127
0.0040127
0.0040373
0.0040373
0.0040127
0.003988
0.003988
0.0040127
0.0040373
0.0040127
0.003988
0.003988
0.0040127
0.0040373
0.0040127
0.003988
0.003988
0.0040127
0.0040373
0.0040127
0.003988
0.003988
0.0040127
0.0040127
0.003988
0.003988
0.003988
0.0040127
0.0040373
0.0040127
0.003988
0.003988
0.0040127
0.0040127
0.003988
0.003988
0.0039388
0.0039634
0.003988
0.003988
0.003988
0.0039634
0.0039634
0.003988
0.0040127
0.003988
0.0039634
0.0039634
0.0040127
0.0040127
0.0040127
0.003988
0.003988
0.0040127
0.0040127
0.0040127
0.003988
0.003988
0.0040127
0.0040373
0.0040127
0.003988
0.003988
0.0040127
0.0040373
0.0040127
0.003988
0.003988
0.0040127
0.0040373
0.0040127
0.003988
0.003988
0.0040127
0.0040373
0.0040373
0.0040127
0.003988
0.003988
0.0040127
0.0040373
0.0040127
0.003988
0.003988
0.0040127
0.0040373
0.0040127
0.003988
0.003988
0.0040127
0.0040127
0.0040127
0.003988
0.0039634
0.003988
0.0040127
0.003988
0.0039634
0.0039634
0.003988
0.0040127
0.0040127
0.003988
0.003988
0.0040127
0.0040373
0.0040127
0.003988
0.003988
0.0040127
0.0040127
0.0040127
0.0039634
0.0039634
0.003988
0.0039388
0.0039634
0.003988
0.003988
0.0039634
0.0039388
0.003988
0.0040127
0.003988
0.0039634
0.0039634
0.003988
0.0040127
0.0040127
0.0039634
0.0039634
0.003988
0.0040127
0.003988
0.0039634
0.0039634
0.003988
0.0040127
0.0040127
0.003988
0.0039634
0.003988
0.0040127
0.0040127
0.003988
0.0039634
0.003988
0.0040127
0.0040127
0.003988
0.0039634
0.003988
0.0040127
0.0040127
0.0039634
0.0040127
0.003988
0.003988
0.0040127
0.0040373
0.0040373
0.0040127
0.003988
0.0040127
0.0040373
0.0040373
0.003988
0.0039634
0.003988
0.0040127
0.0040127
0.003988
0.0039634
0.003988
0.0040127
0.0040127
0.003988
0.0039634
0.003988
0.0040127
0.0040127
0.003988
0.003988
0.003988
0.0040127
0.0040373
0.0040127
0.003988
0.0040127
0.0040373
0.0040373
0.003988
0.0039634
0.003988
0.0040127
0.003988
0.0040127
0.0040127
0.003988
0.0039634
0.0039634
0.003988
0.003988
0.0039634
0.0039388
0.0039634
0.003988
0.003988
0.0039634
0.0039388
0.0039388
0.003988
0.003988
0.0039634
0.0039388
0.0039388
0.003988
0.003988
0.0039634
0.0039388
0.0039634
0.003988
0.0040127
0.003988
0.0039634
0.0039634
0.003988
0.0040127
0.003988
0.0039634
0.0039634
0.003988
0.0040127
0.003988
0.0039634
0.0039634
0.0039634
0.003988
0.0040127
0.003988
0.0039634
0.0039634
0.003988
0.0040127
0.003988
0.0039634
0.003988
0.0040127
0.0040127
0.003988
0.0039634
0.0039634
0.003988
0.0040127
0.003988
0.0039634
0.0039634
0.003988
0.003988
0.0039634
0.0039388
0.0039388
0.0039634
0.0039634
0.0039634
0.0039388
0.0039388
0.0039634
0.003988
0.0039634
0.0039388
0.0039388
0.003988
0.003988
0.0039634
0.0040127
0.003988
0.0039634
0.0039634
0.003988
0.0040127
0.003988
0.0039634
0.0039634
0.003988
0.0040127
0.003988
0.0039634
0.0039634
0.003988
0.003988
0.0039634
0.0039388
0.0039388
0.0039634
0.003988
0.0039634
0.0039388
0.0039388
0.0039634
0.003988
0.0039634
0.0039388
0.0039388
0.0039634
0.003988
0.003988
0.0039388
0.0039388
0.0039634
0.003988
0.003988
0.0039634
0.0039388
0.0039634
0.0039388
0.0039634
0.003988
0.0039634
0.0039142
0.0039142
0.0039142
0.0039388
0.0039388
0.0039142
0.0039388
0.0039634
0.003988
0.0039634
0.0039388
0.0039388
0.0039634
0.003988
0.0039634
0.0039388
0.0039388
0.0039634
0.0039634
0.0039634
0.0039388
0.0039388
0.0039634
0.0039634
0.0039634
0.0039388
0.0039142
0.0039388
0.0039634
0.0039634
0.0039388
0.0039142
0.0039388
0.0039634
0.0039634
0.0039142
0.0039388
0.0039142
0.0039142
0.0039388
0.0039634
0.0039634
0.0039388
0.0039142
0.0039388
0.0039634
0.0039388
0.0039142
0.0038896
0.0039142
0.0039388
0.0039388
0.0039142
0.0039142
0.0039388
0.0039634
0.0039634
0.0039388
0.0039388
0.0039634
0.003988
0.0039634
0.0039388
0.0039388
0.0039634
0.003988
0.0039634
0.0039388
0.0039388
0.0039634
0.003988
0.003988
0.0039634
0.0039388
0.0039634
0.003988
