2018
3
20
17
56
3.4023
0.034144
0.034144
0.034144
0.034144
0.034144
0.034144
0.034144
0.034144
0.034144
0.034144
0.034144
0.034144
0.034144
0.034144
0.034144
0.034144
0.034144
0.034144
0.034144
0.034144
0.034144
0.034144
0.034144
0.034144
0.034144
0.034144
0.034144
0.034144
0.034144
0.034144
0.034144
0.034144
0.034144
0.034144
0.034144
0.034144
0.034144
0.034144
0.034144
0.034144
0.034144
0.034144
0.034144
0.034169
0.034169
0.034169
0.034169
0.034169
0.034169
0.034169
0.034169
0.034169
0.034169
0.034169
0.034169
0.034169
0.034169
0.034169
0.034169
0.034169
0.034169
0.034169
0.034169
0.034169
0.034169
0.034169
0.034169
0.034169
0.034169
0.034169
0.034169
0.034169
0.034169
0.034169
0.034169
0.034169
0.034169
0.034169
0.034169
0.034169
0.034169
0.034169
0.034169
0.034169
0.034169
0.034194
0.034194
0.034194
0.034194
0.034194
0.034194
0.034194
0.034194
0.034194
0.034194
0.034194
0.034194
0.034194
0.034194
0.034194
0.034194
0.034194
0.034194
0.034169
0.034169
0.034169
0.034169
0.034169
0.034169
0.034169
0.034169
0.034169
0.034169
0.034144
0.034144
0.034144
0.034144
0.034144
0.034144
0.034144
0.034144
0.034144
0.034144
0.034144
0.034169
0.034144
0.034144
0.034144
0.034144
0.034144
0.034144
0.034144
0.034144
0.034144
0.034144
0.034144
0.034144
0.034144
0.034144
0.03412
0.03412
0.03412
0.034194
0.034366
0.034612
0.034858
0.03508
0.035228
0.035302
0.035302
0.035228
0.035006
0.034686
0.034465
0.034391
0.034341
0.034292
0.034268
0.034218
0.034194
0.034144
0.034144
0.034144
0.034144
0.034144
0.034144
0.034144
0.034144
0.034144
0.034144
0.034144
0.034144
0.034144
0.034144
0.034144
0.034144
0.034144
0.034144
0.034144
0.034144
0.034144
0.034144
0.034144
0.034144
0.034144
0.034144
0.034144
0.034144
0.034144
0.034144
0.034144
0.034144
0.034144
0.034144
0.034144
0.034144
0.034144
0.034144
0.034144
0.034144
0.03412
0.03412
0.03412
0.03412
0.03412
0.03412
0.03412
0.03412
0.03412
0.03412
0.03412
0.034144
0.034144
0.034169
0.034169
0.034194
0.034218
0.034243
0.034268
0.034292
0.034292
0.034292
0.034292
0.034292
0.034292
0.034292
0.034292
0.034292
0.034268
0.034268
0.034268
0.034268
0.034268
0.034243
0.034243
0.034243
0.034243
0.034243
0.034243
0.034243
0.034243
0.034243
0.034243
0.034268
0.034268
0.034268
0.034268
0.034268
0.034268
0.034268
0.034268
0.034268
0.034268
0.034268
0.034268
0.034268
0.034268
0.034268
0.034268
0.034268
0.034268
0.034268
0.034268
0.034268
0.034268
0.034268
0.034268
0.034268
0.034268
0.034292
0.034268
0.034268
0.034292
0.034292
0.034292
0.034268
0.034268
0.034292
0.034292
0.034292
0.034292
0.034292
0.034292
0.034292
0.034268
0.034268
0.034268
0.034268
0.034268
0.034268
0.034268
0.034268
0.034268
0.034243
0.034243
0.034243
0.034243
0.034243
0.034243
0.034243
0.034243
0.034243
0.034243
0.034243
0.034243
0.034243
0.034243
0.034243
0.034243
0.034243
0.034243
0.034243
0.034243
0.034218
0.034218
0.034218
0.034218
0.034218
0.034218
0.034218
0.034218
0.034218
0.034218
0.034218
0.034218
0.034218
0.034218
0.034218
0.034218
0.034218
0.034218
0.034218
0.034218
0.034218
0.034218
0.034218
0.034218
0.034218
0.034218
0.034218
0.034218
0.034218
0.034218
0.034218
0.034218
0.034218
0.034218
0.034218
0.034218
0.034218
0.034218
0.034218
0.034218
0.034218
0.034218
0.034218
0.034218
0.034218
0.034218
0.034218
0.034218
0.034218
0.034194
0.034194
0.034218
0.034194
0.034194
0.034194
0.034194
0.034194
0.034194
0.034218
0.034218
0.034218
0.034218
0.034218
0.034218
0.034218
0.034194
0.034218
0.034218
0.034194
0.034194
0.034194
0.034194
0.034218
0.034218
0.034194
0.034194
0.034194
0.034194
0.034194
0.034194
0.034194
0.034194
0.034194
0.034169
0.034169
0.034243
0.034391
0.035326
0.035351
0.035252
0.035031
0.034711
0.034514
0.03444
0.034391
0.034341
0.034292
0.034268
0.034243
0.034218
0.034194
0.034194
0.034169
0.034169
0.034169
0.034169
0.034169
0.034169
0.034144
0.034144
0.034144
0.034144
0.034144
0.034144
0.034144
0.03412
0.03412
0.03412
0.03412
0.03412
0.03412
0.03412
0.03412
0.03412
0.03412
0.03412
0.034095
0.034095
0.034095
0.034095
0.034095
0.034095
0.034095
0.034095
0.034095
0.034095
0.034071
0.034071
0.034071
0.034071
0.034071
0.034046
0.034046
0.034046
0.034046
0.034046
0.034046
0.034021
0.034021
0.034021
0.034021
0.034021
0.034021
0.034021
0.034021
0.034046
0.034046
0.034071
0.034071
0.034095
0.034095
0.03412
0.03412
0.03412
0.03412
0.03412
0.03412
0.034095
0.034071
0.034071
0.034046
0.034046
0.034046
0.034021
0.034021
0.034021
0.034021
0.034021
0.034021
0.033997
0.033997
0.033997
0.033997
0.033997
0.033997
0.033997
0.033997
0.033997
0.033997
0.033997
0.033997
0.033997
0.033997
0.033997
0.033972
0.033972
0.033972
0.033972
0.033972
0.033972
0.033972
0.033972
0.033997
0.033997
0.033997
0.033997
0.033997
0.033997
0.033997
0.033997
0.033997
0.033997
0.033997
0.033997
0.033997
0.033997
0.033997
0.033997
0.033997
0.034021
0.034021
0.034021
0.034021
0.034021
0.034021
0.034021
0.034021
0.034021
0.034021
0.034021
0.034021
0.034021
0.034021
0.034021
0.034021
0.034021
0.034021
0.034021
0.034021
0.034046
0.034046
0.034046
0.034046
0.034046
0.034046
0.034046
0.034046
0.034071
0.034071
0.034071
0.034071
0.034071
0.034071
0.034071
0.034071
0.034071
0.034095
0.034095
0.034071
0.034071
0.034095
0.034095
0.034095
0.034095
0.034095
0.034095
0.034095
0.034095
0.034095
0.034095
0.034095
0.034095
0.034095
0.034095
0.034095
0.034095
0.034095
0.034095
0.034095
0.034095
0.034095
0.034095
0.034095
0.034095
0.034095
0.034095
0.034095
0.03412
0.03412
0.03412
0.03412
0.03412
0.03412
0.03412
0.03412
0.03412
0.03412
0.03412
0.03412
0.03412
0.03412
0.03412
0.03412
0.03412
0.03412
0.03412
0.03412
0.03412
0.03412
0.03412
0.03412
0.03412
0.03412
0.03412
0.03412
0.03412
0.03412
0.03412
0.03412
0.034095
0.034095
0.034095
0.034095
0.034095
0.034095
0.034095
0.034095
0.034095
0.034095
0.034095
0.034095
0.034095
0.034095
0.034095
0.034095
0.034095
0.034095
0.034071
0.034071
0.034071
0.034071
0.034071
0.034071
0.034071
0.034071
0.034071
0.034071
0.034071
0.034071
0.034071
0.034046
0.034021
0.034071
0.034169
0.034366
0.034588
0.034809
0.035006
0.035129
0.035154
0.035129
0.034981
0.034686
0.034415
0.034292
0.034243
0.034194
0.034071
0.034046
0.034021
0.034021
0.034021
0.033997
0.033997
0.033997
0.033997
0.033997
0.033997
0.033997
0.033972
0.033972
0.033972
0.033972
0.033972
0.033972
0.033972
0.033972
0.033948
0.033948
0.033948
0.033948
0.033948
0.033948
0.033948
0.033948
0.033948
0.033948
0.033923
0.033923
0.033923
0.033923
0.033923
0.033923
0.033923
0.033923
0.033923
0.033923
0.033898
0.033874
0.033874
0.033874
0.033874
0.033849
0.033849
0.033849
0.033849
0.033849
0.033849
0.033849
0.033849
0.033849
0.033849
0.033849
0.033849
0.033874
0.033874
0.033898
0.033898
0.033923
0.033948
0.033948
0.033972
0.033972
0.033972
0.033972
0.033972
0.033972
0.033948
0.033948
0.033948
0.033923
0.033923
0.033898
0.033898
0.033898
0.033898
0.033898
0.033874
0.033874
0.033874
0.033874
0.033874
0.033874
0.033874
0.033874
0.033874
0.033874
0.033874
0.033874
0.033874
0.033874
0.033874
0.033874
0.033874
0.033874
0.033874
0.033874
0.033874
0.033874
0.033874
0.033874
0.033874
0.033874
0.033874
0.033874
0.033874
0.033874
0.033874
0.033874
0.033874
0.033874
0.033874
0.033874
0.033874
0.033874
0.033874
0.033874
0.033874
0.033874
0.033874
0.033874
0.033874
0.033874
0.033874
0.033874
0.033874
0.033874
0.033874
0.033874
0.033849
0.033849
0.033849
0.033849
0.033849
0.033849
0.033849
0.033824
0.033824
0.033824
0.033824
0.033824
0.033824
0.033824
0.033824
0.033824
0.033824
0.033824
0.033824
0.033824
0.033824
0.0338
0.0338
0.0338
0.0338
0.0338
0.0338
0.0338
0.0338
0.0338
0.0338
0.0338
0.0338
0.033775
0.033775
0.033775
0.033775
0.033775
0.033775
0.033775
0.033775
0.033775
0.033775
0.033775
0.033775
0.033775
0.033775
0.033775
0.033751
0.033751
0.033751
0.033751
0.033751
0.033751
0.033751
0.033751
0.033751
0.033751
0.033751
0.033751
0.033751
0.033751
0.033751
0.033751
0.033751
0.033751
0.033751
0.033751
0.033726
0.033726
0.033726
0.033726
0.033726
0.033726
0.033726
0.033726
0.033726
0.033726
0.033726
0.033726
0.033726
0.033726
0.033726
0.033726
0.033726
0.033726
0.033726
0.033726
0.033726
0.033701
0.033701
0.033701
0.033701
0.033701
0.033701
0.033701
0.033701
0.033701
0.033701
0.033701
0.033701
0.033701
0.033701
0.033701
0.033701
0.033701
0.033701
0.033677
0.033677
0.033677
0.033677
0.033677
0.033677
0.033677
0.033677
0.033677
0.033652
0.033652
0.033652
0.033652
0.033652
0.033652
0.033628
0.033628
0.033726
0.033874
0.034095
0.034341
0.034538
0.034686
0.03476
0.03476
0.034661
0.034415
0.03412
0.033948
0.033874
0.033849
0.0338
0.033751
0.033726
0.033701
0.033677
0.033652
0.033652
0.033652
0.033628
0.033628
0.033603
0.033603
0.033603
0.033603
0.033578
0.033578
0.033578
0.033578
0.033578
0.033578
0.033578
0.033554
0.033554
0.033554
0.033554
0.033554
0.033554
0.033554
0.033554
0.033529
0.033529
0.033529
0.033529
0.033529
0.033529
0.033529
0.033529
0.033529
0.033529
0.033529
0.033504
0.033504
0.033504
0.033504
0.033504
0.033504
0.03348
0.03348
0.03348
0.03348
0.033455
0.033455
0.033455
0.033455
0.033455
0.033455
0.033455
0.03348
0.03348
0.03348
0.033504
0.033529
0.033529
0.033554
0.033554
0.033554
0.033578
0.033578
0.033554
0.033554
0.033554
0.033529
0.033529
0.033504
0.033504
0.03348
0.03348
0.03348
0.033455
0.033455
0.033455
0.033455
0.033431
0.033431
0.033431
0.033431
0.033431
0.033431
0.033406
0.033406
0.033406
0.033406
0.033406
0.033406
0.033406
0.033406
0.033406
0.033406
0.033406
0.033406
0.033406
0.033406
0.033406
0.033406
0.033406
0.033381
0.033381
0.033381
0.033381
0.033381
0.033381
0.033381
0.033381
0.033381
0.033381
0.033381
0.033381
0.033381
0.033381
0.033381
0.033357
0.033357
0.033357
0.033357
0.033357
0.033357
0.033357
0.033357
0.033357
0.033357
0.033357
0.033357
0.033357
0.033357
0.033357
0.033357
0.033357
0.033357
0.033357
0.033357
0.033357
0.033357
0.033332
0.033332
0.033332
0.033332
0.033332
0.033332
0.033332
0.033332
0.033332
0.033332
0.033332
0.033332
0.033332
0.033332
0.033332
0.033332
0.033332
0.033332
0.033332
0.033332
0.033332
0.033332
0.033332
0.033332
0.033332
0.033357
0.033357
0.033357
0.033332
0.033332
0.033332
0.033332
0.033332
0.033332
0.033332
0.033332
0.033332
0.033332
0.033332
0.033332
0.033332
0.033332
0.033332
0.033332
0.033332
0.033332
0.033332
0.033332
0.033332
0.033332
0.033332
0.033332
0.033332
0.033332
0.033332
0.033332
0.033332
0.033332
0.033307
0.033307
0.033307
0.033307
0.033307
0.033307
0.033307
0.033307
0.033307
0.033307
0.033307
0.033307
0.033307
0.033307
0.033307
0.033307
0.033307
0.033307
0.033307
0.033307
0.033307
0.033307
0.033307
0.033307
0.033307
0.033307
0.033307
0.033307
0.033307
0.033307
0.033307
0.033307
0.033307
0.033307
0.033307
0.033307
0.033307
0.033307
0.033283
0.033283
0.033283
0.033283
0.033283
0.033283
0.033258
0.033258
0.033307
0.033431
0.033628
0.033874
0.034341
0.034144
0.033849
0.033603
0.033529
0.03348
0.033431
0.033381
0.033357
0.033332
0.033307
0.033283
0.033283
0.033258
0.033258
0.033258
0.033258
0.033258
0.033258
0.033258
0.033258
0.033258
0.033258
0.033234
0.033234
0.033234
0.033234
0.033234
0.033234
0.033234
0.033234
0.033234
0.033234
0.033234
0.033234
0.033234
0.033234
0.033234
0.033234
0.033234
0.033234
0.033234
0.033234
0.033234
0.033234
0.033234
0.033234
0.033234
0.033209
0.033209
0.033209
0.033209
0.033209
0.033209
0.033184
0.033184
0.033184
0.033184
0.033184
0.033184
0.033184
0.033184
0.033184
0.033184
0.033184
0.033184
0.033184
0.033209
0.033234
0.033234
0.033258
0.033283
0.033283
0.033307
0.033332
0.033332
0.033332
0.033332
0.033332
0.033332
0.033307
0.033283
0.033283
0.033283
0.033283
0.033283
0.033283
0.033283
0.033283
0.033258
0.033258
0.033258
0.033258
0.033258
0.033258
0.033258
0.033258
0.033258
0.033258
0.033258
0.033258
0.033258
0.033258
0.033258
0.033258
0.033258
0.033258
0.033258
0.033258
0.033258
0.033258
0.033258
0.033258
0.033258
0.033258
0.033258
0.033258
0.033258
0.033258
0.033258
0.033258
0.033258
0.033258
0.033258
0.033258
0.033258
0.033258
0.033258
0.033258
0.033258
0.033258
0.033258
0.033258
0.033258
0.033258
0.033258
0.033258
0.033258
0.033258
0.033234
0.033234
0.033234
0.033258
0.033258
0.033258
0.033258
0.033258
0.033258
0.033258
0.033234
0.033258
0.033258
0.033258
0.033258
0.033234
0.033234
0.033258
0.033234
0.033234
0.033234
0.033258
0.033258
0.033258
0.033258
0.033258
0.033258
0.033258
0.033234
0.033234
0.033234
0.033234
0.033234
0.033234
0.033234
0.033234
0.033234
0.033234
0.033234
0.033234
0.033234
0.033234
0.033234
0.033234
0.033234
0.033234
0.033234
0.033234
0.033234
0.033234
0.033234
0.033234
0.033234
0.033234
0.033234
0.033234
0.033234
0.033234
0.033209
0.033209
0.033209
0.033209
0.033209
0.033209
0.033209
0.033209
0.033209
0.033209
0.033209
0.033209
0.033209
0.033209
0.033209
0.033209
0.033209
0.033184
0.033209
0.033209
0.033209
0.033209
0.033209
0.033209
0.033209
0.033209
0.033209
0.033209
0.033209
0.033209
0.033209
0.033209
0.033209
0.033209
0.033209
0.033209
0.033209
0.033184
0.033184
0.033209
0.033184
0.033209
0.033184
0.033184
0.033184
0.033184
0.033184
0.03316
0.033184
0.033258
0.033431
0.033652
0.033898
0.034095
0.034243
0.034292
0.034292
0.034169
0.033923
0.033628
0.03348
0.033431
0.033381
0.033332
0.033283
0.033258
0.033234
0.033234
0.033209
0.033184
0.033184
0.033184
0.033184
0.033184
0.033184
0.033184
0.033184
0.03316
0.03316
0.03316
0.03316
0.03316
0.03316
0.03316
0.03316
0.03316
0.03316
0.03316
0.03316
0.03316
0.03316
0.03316
0.03316
0.03316
0.03316
0.03316
0.03316
0.03316
0.03316
0.03316
0.03316
0.03316
0.03316
0.03316
0.033135
0.033135
0.033135
0.033135
0.033135
0.033111
0.033111
0.033111
0.033111
0.033111
0.033111
0.033111
0.033111
0.033086
0.033086
0.033111
0.033111
0.033111
0.033135
0.033184
0.033184
0.033209
0.033234
0.033234
0.033234
0.033258
0.033258
0.033258
0.033234
0.033234
0.033234
0.033234
0.033209
0.033209
0.033209
0.033184
0.033184
0.033184
0.033184
0.03316
0.03316
0.03316
0.03316
0.03316
0.03316
0.03316
0.03316
0.03316
0.03316
0.03316
0.03316
0.03316
0.03316
0.03316
0.03316
0.03316
0.03316
0.03316
0.03316
0.03316
0.03316
0.03316
0.03316
0.03316
0.03316
0.03316
0.03316
0.03316
0.03316
0.03316
0.03316
0.03316
0.03316
0.03316
0.03316
0.03316
0.03316
0.03316
0.03316
0.03316
0.03316
0.03316
0.03316
0.03316
0.033135
0.033135
0.033135
0.033135
0.033135
0.033135
0.033135
0.033135
0.033135
0.033135
0.033135
0.033111
0.033111
0.033135
0.033111
0.033111
0.033111
0.033111
0.033111
0.033111
0.033111
0.033111
0.033111
0.033111
0.033111
0.033111
0.033111
0.033111
0.033111
0.033111
0.033111
0.033111
0.033111
0.033111
0.033111
0.033111
0.033111
0.033111
0.033111
0.033111
0.033111
0.033111
0.033111
0.033086
0.033111
0.033111
0.033111
0.033086
0.033086
0.033086
0.033111
0.033086
0.033086
0.033086
0.033086
0.033086
0.033086
0.033086
0.033086
0.033086
0.033086
0.033086
0.033086
0.033086
0.033086
0.033086
0.033086
0.033086
0.033086
0.033086
0.033086
0.033086
0.033086
0.033086
0.033086
0.033086
0.033086
0.033086
0.033086
0.033061
0.033061
0.033061
0.033061
0.033061
0.033061
0.033061
0.033061
0.033061
0.033061
0.033061
0.033061
0.033061
0.033061
0.033061
0.033061
0.033061
0.033061
0.033061
0.033061
0.033061
0.033061
0.033061
0.033061
0.033061
0.033061
0.033061
0.033061
0.033061
0.033061
0.033061
0.033061
0.033061
0.033061
0.033037
0.033012
0.033037
0.033111
0.033283
0.033504
0.033751
0.033948
0.034095
0.034144
0.034144
0.034021
0.033751
0.033455
0.033332
0.033283
0.033234
0.033184
0.03316
0.033135
0.033111
0.033086
0.033061
0.033061
0.033037
0.033037
0.033037
0.033037
0.033037
0.033037
0.033037
0.033037
0.033037
0.033037
0.033037
0.033037
0.033037
0.033037
0.033037
0.033037
0.033012
0.033012
0.033012
0.033012
0.033012
0.033012
0.033012
0.033012
0.033012
0.033012
0.033012
0.033012
0.033012
0.033012
0.033012
0.033012
0.033012
0.033012
0.033012
0.032987
0.032987
0.032987
0.032963
0.032963
0.032963
0.032963
0.032963
0.032963
0.032938
0.032963
0.032963
0.032963
0.032963
0.032963
0.032963
0.032987
0.033012
0.033012
0.033037
0.033061
0.033061
0.033086
0.033086
0.033086
0.033086
0.033086
0.033086
0.033086
0.033061
0.033061
0.033061
0.033037
0.033037
0.033012
0.033012
0.033012
0.033012
0.033012
0.033012
0.032987
0.032987
0.032987
0.032987
0.032987
0.032987
0.032987
0.032987
0.032987
0.032987
0.032987
0.032987
0.032987
0.032987
0.032987
0.032987
0.032987
0.032987
0.032987
0.032987
0.032987
0.032987
0.032987
0.032987
0.032987
0.032963
0.032963
0.032987
0.032987
0.032987
0.032987
0.032987
0.032987
0.032987
0.032987
0.032987
0.032987
0.032987
0.032987
0.032987
0.032987
0.032987
0.032987
0.032963
0.032963
0.032987
0.032963
0.032963
0.032987
0.032963
0.032987
0.032987
0.032963
0.032963
0.032963
0.032987
0.032987
0.032987
0.032963
0.032963
0.032987
0.032987
0.032963
0.032963
0.032963
0.032987
0.032963
0.032963
0.032963
0.032963
0.032987
0.032963
0.032963
0.032963
0.032963
0.032963
0.032963
0.032963
0.032963
0.032963
0.032963
0.032963
0.032963
0.032963
0.032963
0.032963
0.032963
0.032963
0.032963
0.032963
0.032963
0.032963
0.032963
0.032963
0.032963
0.032963
0.032963
0.032963
0.032963
0.032938
0.032938
0.032963
0.032963
0.032938
0.032938
0.032938
0.032938
0.032938
0.032938
0.032938
0.032938
0.032938
0.032938
0.032938
0.032938
0.032938
0.032938
0.032938
0.032938
0.032938
0.032938
0.032938
0.032938
0.032938
0.032938
0.032938
0.032938
0.032938
0.032938
0.032938
0.032938
0.032938
0.032938
0.032938
0.032938
0.032938
0.032938
0.032938
0.032914
0.032914
0.032914
0.032914
0.032914
0.032914
0.032914
0.032914
0.032914
0.032914
0.032914
0.032914
0.032914
0.032889
0.032889
0.032864
0.032914
0.033012
0.033209
0.033455
0.033677
0.033849
0.033972
0.033997
0.033948
0.033135
0.033086
0.033061
0.033012
0.032963
0.032938
0.032938
0.032914
0.032889
0.032889
0.032889
0.032889
0.032889
0.032864
0.032864
0.032864
0.032864
0.032864
0.032864
0.03284
0.03284
0.03284
0.03284
0.03284
0.03284
0.03284
0.03284
0.03284
0.03284
0.032815
0.032815
0.032815
0.032815
0.032815
0.032815
0.032815
0.032815
0.032815
0.032815
0.032815
0.032791
0.032791
0.032791
0.032791
0.032791
0.032791
0.032791
0.032766
0.032766
0.032766
0.032766
0.032766
0.032766
0.032766
0.032741
0.032741
0.032741
0.032741
0.032741
0.032741
0.032741
0.032766
0.032766
0.032766
0.032791
0.032791
0.032815
0.03284
0.03284
0.032864
0.032864
0.032864
0.032864
0.032864
0.032864
0.032864
0.032864
0.03284
0.03284
0.03284
0.032791
0.032791
0.032791
0.032791
0.032791
0.032791
0.032791
0.032766
0.032766
0.032766
0.032766
0.032766
0.032766
0.032766
0.032766
0.032791
0.032791
0.032766
0.032766
0.032766
0.032766
0.032791
0.032766
0.032766
0.032766
0.032766
0.032766
0.032766
0.032766
0.032766
0.032766
0.032766
0.032766
0.032766
0.032766
0.032766
0.032766
0.032741
0.032741
0.032741
0.032741
0.032741
0.032741
0.032741
0.032741
0.032741
0.032741
0.032741
0.032741
0.032717
0.032717
0.032717
0.032717
0.032717
0.032717
0.032717
0.032717
0.032717
0.032717
0.032717
0.032717
0.032717
0.032717
0.032717
0.032717
0.032717
0.032717
0.032717
0.032717
0.032717
0.032717
0.032717
0.032717
0.032717
0.032717
0.032717
0.032717
0.032717
0.032717
0.032717
0.032717
0.032717
0.032692
0.032692
0.032692
0.032692
0.032692
0.032692
0.032692
0.032692
0.032692
0.032692
0.032692
0.032692
0.032692
0.032692
0.032692
0.032692
0.032692
0.032692
0.032692
0.032692
0.032667
0.032692
0.032692
0.032692
0.032692
0.032667
0.032667
0.032667
0.032667
0.032667
0.032667
0.032667
0.032692
0.032692
0.032692
0.032692
0.032692
0.032692
0.032692
0.032692
0.032692
0.032667
0.032667
0.032667
0.032667
0.032667
0.032667
0.032667
0.032692
0.032692
0.032692
0.032692
0.032692
0.032692
0.032692
0.032692
0.032692
0.032692
0.032692
0.032692
0.032692
0.032692
0.032692
0.032692
0.032692
0.032692
0.032692
0.032692
0.032692
0.032692
0.032692
0.032692
0.032692
0.032692
0.032692
0.032692
0.032667
0.032667
0.033307
0.033529
0.033677
0.033775
0.033775
0.033677
0.033431
0.033135
0.032963
0.032914
0.032864
0.03284
0.032791
0.032766
0.032741
0.032717
0.032717
0.032692
0.032692
0.032692
0.032692
0.032667
0.032667
0.032667
0.032667
0.032667
0.032667
0.032667
0.032667
0.032667
0.032667
0.032667
0.032667
0.032667
0.032667
0.032643
0.032667
0.032643
0.032643
0.032667
0.032643
0.032643
0.032643
0.032643
0.032643
0.032643
0.032643
0.032643
0.032643
0.032643
0.032643
0.032643
0.032618
0.032618
0.032618
0.032618
0.032618
0.032618
0.032594
0.032594
0.032594
0.032594
0.032594
0.032569
0.032569
0.032569
0.032569
0.032569
0.032569
0.032569
0.032569
0.032594
0.032594
0.032618
0.032618
0.032643
0.032667
0.032667
0.032692
0.032692
0.032692
0.032692
0.032667
0.032667
0.032667
0.032667
0.032643
0.032643
0.032643
0.032643
0.032643
0.032643
0.032618
0.032618
0.032618
0.032618
0.032618
0.032618
0.032618
0.032618
0.032618
0.032618
0.032618
0.032618
0.032618
0.032594
0.032594
0.032594
0.032594
0.032594
0.032594
0.032594
0.032594
0.032594
0.032594
0.032594
0.032594
0.032594
0.032594
0.032594
0.032594
0.032594
0.032594
0.032594
0.032594
0.032594
0.032594
0.032594
0.032594
0.032594
0.032594
0.032594
0.032594
0.032594
0.032594
0.032594
0.032594
0.032594
0.032594
0.032594
0.032594
0.032594
0.032594
0.032594
0.032594
0.032594
0.032594
0.032594
0.032594
0.032594
0.032594
0.032594
0.032594
0.032594
0.032594
0.032594
0.032594
0.032594
0.032594
0.032594
0.032594
0.032594
0.032594
0.032594
0.032594
0.032569
0.032569
0.032594
0.032594
0.032569
0.032594
0.032594
0.032594
0.032594
0.032594
0.032594
0.032594
0.032594
0.032594
0.032594
0.032594
0.032594
0.032594
0.032594
0.032594
0.032594
0.032594
0.032594
0.032594
0.032594
0.032594
0.032594
0.032594
0.032594
0.032594
0.032594
0.032594
0.032594
0.032594
0.032594
0.032594
0.032594
0.032594
0.032594
0.032594
0.032594
0.032594
0.032594
0.032594
0.032594
0.032594
0.032594
0.032594
0.032594
0.032594
0.032594
0.032618
0.032618
0.032618
0.032618
0.032618
0.032618
0.032618
0.032618
0.032618
0.032618
0.032618
0.032594
0.032594
0.032594
0.032594
0.032594
0.032594
0.032594
0.032594
0.032594
0.032594
0.032594
0.032594
0.032594
0.032569
0.032569
0.032643
0.032815
0.033012
0.033258
0.033455
0.033603
0.033677
0.033677
0.033554
0.033283
0.033012
0.032864
0.032815
0.032766
0.032717
0.032692
0.032643
0.032643
0.032618
0.032594
0.032594
0.032569
0.032569
0.032569
0.032569
0.032569
0.032569
0.032569
0.032569
0.032569
0.032569
0.032569
0.032569
0.032569
0.032569
0.032544
0.032544
0.032544
0.032544
0.032544
0.032544
0.032544
0.032544
0.032544
0.032544
0.032544
0.032544
0.032544
0.032544
0.032544
0.032544
0.032544
0.032544
0.03252
0.03252
0.03252
0.03252
0.03252
0.03252
0.03252
0.032495
0.032495
0.032495
0.032495
0.032495
0.032471
0.032471
0.032471
0.032471
0.032471
0.032471
0.032471
0.032495
0.032495
0.032495
0.032495
0.03252
0.03252
