2018
3
20
17
52
31.325
-0.025233
-0.025258
-0.025282
-0.025331
-0.025356
-0.025381
-0.025405
-0.02543
-0.025479
-0.025504
-0.025528
-0.025553
-0.025553
-0.025578
-0.025602
-0.025602
-0.025602
-0.025602
-0.025627
-0.025627
-0.025627
-0.025627
-0.025651
-0.025651
-0.025676
-0.025701
-0.025701
-0.025725
-0.02575
-0.025775
-0.025799
-0.025824
-0.025824
-0.025848
-0.025873
-0.025898
-0.025922
-0.025947
-0.025947
-0.025971
-0.02607
-0.026095
-0.026095
-0.026119
-0.026144
-0.026168
-0.026193
-0.026218
-0.026218
-0.026242
-0.026267
-0.026292
-0.026292
-0.026316
-0.026341
-0.026341
-0.026365
-0.02639
-0.026415
-0.026439
-0.026439
-0.026464
-0.026488
-0.026513
-0.026538
-0.026538
-0.026562
-0.026587
-0.026612
-0.026612
-0.026636
-0.026661
-0.026685
-0.026685
-0.02671
-0.026735
-0.026759
-0.026759
-0.026784
-0.026808
-0.026882
-0.026907
-0.026932
-0.026956
-0.026956
-0.026981
-0.026981
-0.027005
-0.027005
-0.02703
-0.02703
-0.027055
-0.027055
-0.027079
-0.027104
-0.027104
-0.027129
-0.027129
-0.027153
-0.027153
-0.027153
-0.027153
-0.027153
-0.027153
-0.027153
-0.027153
-0.027153
-0.027153
-0.027178
-0.027178
-0.027178
-0.027178
-0.027202
-0.027202
-0.027202
-0.027202
-0.027202
-0.027202
-0.027227
-0.027227
-0.027252
-0.027252
-0.027276
-0.027276
-0.027301
-0.027301
-0.027301
-0.027325
-0.027325
-0.027325
-0.027325
-0.027301
-0.027301
-0.027301
-0.027301
-0.027276
-0.027276
-0.027276
-0.027276
-0.027276
-0.027276
-0.027301
-0.027301
-0.027325
-0.027325
-0.02735
-0.02735
-0.027375
-0.027375
-0.027375
-0.027399
-0.027399
-0.027399
-0.027424
-0.027424
-0.027424
-0.027449
-0.027449
-0.027449
-0.027449
-0.027449
-0.027449
-0.027449
-0.027449
-0.027449
-0.027449
-0.027449
-0.027449
-0.027449
-0.027424
-0.027399
-0.02735
-0.027325
-0.027276
-0.027202
-0.027129
-0.027079
-0.027252
-0.027498
-0.027596
-0.027596
-0.027572
-0.027572
-0.027572
-0.027596
-0.027596
-0.027621
-0.027621
-0.027621
-0.027621
-0.027621
-0.027621
-0.027645
-0.027645
-0.027645
-0.027645
-0.027645
-0.027645
-0.027645
-0.027645
-0.027645
-0.027645
-0.027621
-0.027621
-0.027621
-0.027621
-0.027621
-0.027621
-0.027596
-0.027596
-0.027596
-0.027596
-0.027596
-0.027596
-0.027596
-0.027596
-0.027596
-0.027596
-0.027596
-0.027596
-0.027572
-0.027572
-0.027572
-0.027572
-0.027572
-0.027572
-0.027572
-0.027572
-0.027572
-0.027572
-0.027572
-0.027572
-0.027572
-0.027572
-0.027572
-0.027572
-0.027572
-0.027572
-0.027572
-0.027572
-0.027572
-0.027572
-0.027547
-0.027547
-0.027522
-0.027522
-0.027498
-0.027473
-0.027449
-0.027424
-0.027399
-0.027375
-0.02735
-0.027325
-0.027301
-0.027276
-0.027252
-0.027227
-0.027202
-0.027178
-0.027178
-0.027153
-0.027129
-0.027129
-0.027104
-0.027104
-0.027104
-0.027079
-0.027079
-0.027055
-0.027055
-0.02703
-0.02703
-0.027005
-0.026981
-0.026956
-0.026932
-0.026907
-0.026882
-0.026858
-0.026759
-0.026735
-0.02671
-0.026685
-0.026685
-0.026661
-0.026636
-0.026612
-0.026587
-0.026562
-0.026538
-0.026513
-0.026488
-0.026464
-0.026439
-0.026415
-0.02639
-0.026365
-0.026341
-0.026316
-0.026292
-0.026267
-0.026267
-0.026242
-0.026218
-0.026193
-0.026168
-0.026144
-0.026119
-0.026095
-0.02607
-0.02607
-0.026045
-0.026021
-0.025996
-0.025971
-0.025947
-0.025922
-0.025898
-0.025898
-0.025775
-0.025775
-0.02575
-0.025725
-0.025701
-0.025676
-0.025676
-0.025651
-0.025627
-0.025602
-0.025578
-0.025553
-0.025528
-0.025504
-0.025504
-0.025479
-0.025455
-0.02543
-0.02543
-0.025405
-0.025381
-0.025356
-0.025331
-0.025307
-0.025282
-0.025282
-0.025258
-0.025233
-0.025208
-0.025184
-0.025159
-0.025134
-0.02511
-0.025085
-0.025061
-0.025036
-0.025011
-0.024987
-0.024987
-0.024962
-0.024864
-0.024839
-0.024814
-0.02479
-0.024765
-0.024741
-0.024716
-0.024716
-0.024691
-0.024667
-0.024642
-0.024618
-0.024618
-0.024593
-0.024568
-0.024544
-0.024519
-0.024519
-0.024494
-0.02447
-0.024445
-0.024421
-0.024421
-0.024396
-0.024371
-0.024347
-0.024322
-0.024322
-0.024297
-0.024273
-0.024248
-0.024248
-0.024224
-0.024224
-0.024199
-0.024174
-0.024174
-0.024174
-0.02415
-0.02415
-0.024101
-0.024101
-0.024076
-0.024076
-0.024051
-0.024051
-0.024027
-0.024027
-0.024002
-0.024002
-0.023977
-0.023977
-0.023953
-0.023953
-0.023928
-0.023904
-0.023879
-0.023854
-0.023805
-0.023731
-0.023657
-0.023584
-0.023485
-0.023387
-0.023362
-0.023584
-0.023781
-0.023805
-0.023781
-0.023756
-0.023731
-0.023707
-0.023707
-0.023682
-0.023682
-0.023657
-0.023657
-0.023657
-0.023633
-0.023633
-0.023584
-0.023584
-0.023559
-0.023559
-0.023559
-0.023534
-0.023534
-0.02351
-0.02351
-0.02351
-0.023485
-0.023485
-0.02346
-0.02346
-0.023436
-0.023436
-0.023411
-0.023387
-0.023387
-0.023362
-0.023362
-0.023337
-0.023337
-0.023313
-0.023313
-0.023288
-0.023288
-0.023264
-0.023264
-0.023239
-0.023239
-0.023214
-0.023214
-0.02319
-0.02319
-0.02319
-0.02319
-0.023165
-0.023165
-0.023165
-0.023165
-0.023165
-0.023165
-0.023165
-0.023165
-0.023165
-0.023165
-0.023165
-0.023165
-0.023165
-0.023165
-0.023165
-0.023165
-0.02314
-0.02314
-0.02314
-0.02314
-0.02314
-0.023116
-0.023116
-0.023116
-0.023091
-0.023091
-0.023091
-0.023067
-0.023067
-0.023067
-0.023067
-0.023067
-0.023067
-0.023067
-0.023067
-0.023067
-0.023067
-0.023091
-0.023091
-0.023091
-0.023091
-0.023091
-0.023091
-0.023165
-0.023165
-0.02319
-0.02319
-0.023214
-0.023239
-0.023239
-0.023264
-0.023264
-0.023288
-0.023313
-0.023313
-0.023337
-0.023362
-0.023362
-0.023362
-0.023387
-0.023387
-0.023411
-0.023436
-0.023436
-0.02346
-0.02346
-0.023485
-0.02351
-0.023534
-0.023559
-0.023584
-0.023608
-0.023633
-0.023657
-0.023682
-0.023707
-0.023731
-0.023756
-0.023756
-0.023781
-0.023805
-0.023805
-0.02383
-0.023879
-0.023879
-0.023904
-0.023904
-0.023904
-0.023928
-0.023928
-0.023953
-0.023953
-0.023953
-0.023977
-0.023977
-0.024002
-0.024002
-0.024002
-0.024027
-0.024027
-0.024051
-0.024076
-0.024076
-0.024101
-0.024101
-0.024125
-0.024125
-0.024125
-0.02415
-0.02415
-0.024174
-0.024174
-0.024174
-0.024199
-0.024199
-0.024224
-0.024224
-0.024224
-0.024224
-0.024248
-0.024248
-0.024248
-0.024248
-0.024273
-0.024297
-0.024297
-0.024297
-0.024322
-0.024322
-0.024322
-0.024396
-0.024494
-0.024593
-0.024667
-0.024741
-0.024814
-0.024888
-0.024938
-0.024987
-0.025061
-0.025134
-0.025208
-0.025282
-0.025356
-0.02543
-0.025528
-0.025602
-0.025676
-0.02575
-0.025848
-0.025922
-0.025996
-0.026095
-0.026168
-0.026242
-0.026316
-0.02639
-0.026464
-0.026538
-0.026612
-0.026685
-0.026759
-0.026833
-0.027079
-0.027153
-0.027202
-0.027252
-0.027325
-0.027375
-0.027424
-0.027473
-0.027522
-0.027572
-0.027621
-0.027695
-0.027744
-0.027793
-0.027842
-0.027892
-0.027941
-0.02799
-0.028039
-0.028089
-0.028138
-0.028187
-0.028212
-0.028261
-0.028286
-0.02831
-0.028335
-0.028335
-0.028335
-0.02831
-0.028286
-0.028236
-0.028187
-0.028187
-0.028409
-0.028704
-0.028802
-0.028827
-0.028852
-0.028876
-0.029049
-0.029098
-0.029123
-0.029172
-0.029196
-0.029221
-0.02927
-0.029319
-0.029344
-0.029369
-0.029418
-0.029443
-0.029492
-0.029516
-0.029566
-0.02959
-0.029615
-0.029664
-0.029689
-0.029713
-0.029763
-0.029787
-0.029836
-0.029861
-0.02991
-0.029935
-0.02996
-0.030009
-0.030033
-0.030083
-0.030107
-0.030156
-0.030181
-0.03023
-0.030255
-0.03028
-0.030329
-0.030353
-0.030403
-0.030427
-0.030575
-0.0306
-0.030624
-0.030649
-0.030698
-0.030723
-0.030747
-0.030772
-0.030821
-0.030846
-0.03087
-0.03092
-0.030944
-0.030969
-0.031018
-0.031043
-0.031067
-0.031067
-0.031092
-0.031117
-0.031117
-0.031141
-0.031141
-0.031141
-0.031166
-0.031166
-0.031166
-0.031166
-0.031166
-0.031166
-0.031166
-0.031166
-0.03119
-0.03119
-0.03119
-0.031215
-0.031215
-0.03124
-0.03124
-0.031264
-0.031313
-0.031338
-0.031338
-0.031363
-0.031363
-0.031387
-0.031412
-0.031412
-0.031437
-0.031437
-0.031461
-0.031486
-0.031486
-0.031486
-0.03151
-0.03151
-0.03151
-0.031535
-0.031535
-0.03156
-0.03156
-0.03156
-0.03156
-0.03156
-0.031584
-0.031584
-0.031584
-0.031609
-0.031609
-0.031609
-0.031634
-0.031634
-0.031634
-0.031658
-0.031658
-0.031658
-0.031658
-0.031658
-0.031634
-0.031634
-0.031535
-0.031535
-0.03151
-0.031486
-0.031486
-0.031461
-0.031437
-0.031412
-0.031387
-0.031363
-0.031338
-0.031313
-0.031289
-0.031264
-0.031215
-0.03119
-0.031141
-0.031117
-0.031067
-0.031018
-0.030969
-0.03092
-0.030895
-0.030846
-0.030797
-0.030747
-0.030723
-0.030698
-0.030649
-0.030624
-0.030575
-0.030526
-0.030476
-0.030452
-0.030403
-0.030353
-0.030304
-0.030255
-0.03023
-0.030181
-0.030033
-0.029984
-0.029935
-0.02991
-0.029861
-0.029812
-0.029763
-0.029738
-0.029689
-0.029664
-0.029615
-0.02959
-0.029541
-0.029516
-0.029467
-0.029443
-0.029418
-0.029393
-0.029369
-0.029344
-0.029319
-0.029295
-0.029246
-0.029221
-0.029221
-0.029196
-0.029172
-0.029147
-0.029123
-0.029123
-0.029098
-0.029073
-0.029049
-0.029024
-0.028999
-0.028975
-0.02895
-0.028926
-0.028901
-0.028876
-0.028778
-0.028753
-0.028729
-0.028704
-0.028679
-0.028655
-0.02863
-0.02863
-0.028606
-0.028581
-0.028556
-0.028532
-0.028532
-0.028507
-0.028507
-0.028482
-0.028482
-0.028458
-0.028458
-0.028433
-0.028433
-0.028433
-0.028409
-0.028409
-0.028409
-0.028409
-0.028409
-0.028384
-0.028384
-0.028384
-0.028359
-0.028359
-0.028359
-0.028335
-0.028335
-0.02831
-0.02831
-0.02831
-0.028286
-0.028261
-0.028162
-0.028089
-0.028015
-0.027941
-0.027842
-0.027744
-0.02767
-0.027842
-0.028064
-0.028113
-0.028089
-0.028064
-0.028039
-0.028015
-0.028015
-0.02799
-0.027965
-0.027941
-0.027916
-0.027892
-0.027867
-0.027842
-0.027818
-0.027793
-0.027769
-0.027744
-0.027695
-0.02767
-0.027645
-0.027621
-0.027596
-0.027572
-0.027547
-0.027522
-0.027498
-0.027473
-0.027449
-0.027424
-0.027399
-0.027375
-0.027276
-0.027252
-0.027252
-0.027227
-0.027202
-0.027178
-0.027153
-0.027129
-0.027129
-0.027104
-0.027079
-0.027055
-0.027055
-0.02703
-0.027005
-0.027005
-0.026981
-0.026956
-0.026956
-0.026932
-0.026932
-0.026907
-0.026907
-0.026882
-0.026882
-0.026858
-0.026858
-0.026833
-0.026833
-0.026808
-0.026808
-0.026808
-0.026784
-0.026784
-0.026759
-0.026759
-0.026759
-0.026735
-0.02671
-0.026685
-0.026587
-0.026562
-0.026538
-0.026513
-0.026488
-0.026464
-0.026439
-0.026415
-0.02639
-0.026365
-0.026341
-0.026341
-0.026316
-0.026292
-0.026267
-0.026267
-0.026242
-0.026218
-0.026218
-0.026193
-0.026168
-0.026144
-0.026119
-0.026119
-0.026095
-0.02607
-0.026045
-0.026021
-0.026021
-0.025996
-0.025971
-0.025971
-0.025947
-0.025922
-0.025922
-0.025898
-0.025873
-0.025873
-0.025848
-0.025824
-0.025775
-0.02575
-0.02575
-0.025725
-0.025701
-0.025701
-0.025676
-0.025651
-0.025627
-0.025627
-0.025602
-0.025578
-0.025553
-0.025553
-0.025528
-0.025504
-0.025504
-0.025479
-0.025479
-0.025455
-0.025455
-0.02543
-0.025405
-0.025405
-0.025405
-0.025381
-0.025381
-0.025356
-0.025356
-0.025356
-0.025331
-0.025331
-0.025331
-0.025307
-0.025307
-0.025282
-0.025282
-0.025258
-0.025258
-0.025233
-0.025208
-0.025208
-0.025184
-0.025184
-0.025159
-0.025159
-0.025159
-0.025159
-0.025159
-0.025134
-0.025134
-0.025134
-0.025134
-0.025134
-0.025134
-0.025134
-0.025134
-0.025134
-0.02511
-0.02511
-0.02511
-0.02511
-0.02511
-0.02511
-0.02511
-0.02511
-0.02511
-0.02511
-0.02511
-0.02511
-0.02511
-0.02511
-0.02511
-0.02511
-0.025085
-0.025061
-0.025061
-0.025061
-0.025036
-0.025036
-0.024987
-0.024962
-0.024962
-0.024938
-0.024938
-0.024913
-0.024913
-0.024888
-0.024888
-0.024864
-0.024839
-0.024839
-0.024814
-0.024814
-0.02479
-0.02479
-0.024765
-0.024765
-0.024741
-0.024741
-0.024716
-0.024691
-0.024691
-0.024691
-0.024667
-0.024667
-0.024642
-0.024642
-0.024618
-0.024618
-0.024618
-0.024618
-0.024593
-0.024593
-0.024593
-0.024593
-0.024593
-0.024593
-0.024593
-0.024568
-0.024544
-0.024544
-0.024544
-0.024519
-0.024519
-0.024519
-0.024519
-0.024494
-0.024494
-0.024494
-0.024494
-0.024494
-0.02447
-0.02447
-0.024445
-0.024445
-0.024421
-0.024396
-0.024322
-0.024273
-0.024174
-0.024101
-0.024002
-0.023953
-0.024125
-0.024371
-0.024421
-0.024421
-0.024421
-0.024396
-0.024371
-0.024371
-0.024371
-0.024371
-0.024371
-0.024347
-0.024347
-0.024347
-0.024347
-0.024347
-0.024322
-0.024322
-0.024322
-0.024322
-0.024322
-0.024322
-0.024322
-0.024322
-0.024322
-0.024322
-0.024297
-0.024297
-0.024297
-0.024297
-0.024297
-0.024297
-0.024297
-0.024297
-0.024297
-0.024297
-0.024297
-0.024297
-0.024297
-0.024297
-0.024297
-0.024297
-0.024297
-0.024297
-0.024297
-0.024297
-0.024297
-0.024297
-0.024322
-0.024322
-0.024322
-0.024322
-0.024322
-0.024322
-0.024322
-0.024322
-0.024347
-0.024347
-0.024347
-0.024371
-0.024371
-0.024371
-0.024396
-0.024396
-0.024396
-0.024396
-0.024396
-0.024396
-0.024396
-0.024371
-0.024371
-0.024371
-0.024347
-0.024347
-0.024322
-0.024322
-0.024322
-0.024297
-0.024297
-0.024297
-0.024297
-0.024297
-0.024273
-0.024273
-0.024273
-0.024273
-0.024297
-0.024297
-0.024297
-0.024297
-0.024297
-0.024297
-0.024297
-0.024297
-0.024297
-0.024297
-0.024297
-0.024322
-0.024322
-0.024322
-0.024322
-0.024322
-0.024322
-0.024322
-0.024322
-0.024322
-0.024322
-0.024322
-0.024322
-0.024322
-0.024322
-0.024322
-0.024322
-0.024322
-0.024322
-0.024322
-0.024322
-0.024322
-0.024322
-0.024322
-0.024322
-0.024297
-0.024297
-0.024297
-0.024297
-0.024297
-0.024297
-0.024297
-0.024297
-0.024297
-0.024297
-0.024297
-0.024273
-0.024273
-0.024273
-0.024273
-0.024273
-0.024248
-0.024248
-0.024248
-0.024248
-0.024248
-0.024248
-0.024248
-0.024224
-0.024224
-0.024224
-0.024224
-0.024224
-0.024224
-0.024224
-0.024224
-0.024224
-0.024224
-0.024224
-0.024224
-0.024224
-0.024199
-0.024199
-0.024199
-0.024199
-0.024174
-0.024174
-0.024174
-0.024174
-0.024174
-0.02415
-0.02415
-0.02415
-0.024125
-0.024125
-0.024125
-0.024125
-0.024101
-0.024101
-0.024101
-0.024051
-0.024051
-0.024027
-0.024027
-0.024002
-0.024002
-0.023977
-0.023977
-0.023953
-0.023953
-0.023928
-0.023928
-0.023904
-0.023904
-0.023879
-0.023879
-0.023854
-0.023854
-0.02383
-0.023805
-0.023781
-0.023781
-0.023756
-0.023731
-0.023731
-0.023707
-0.023707
-0.023682
-0.023657
-0.023657
-0.023633
-0.023633
-0.023608
-0.023584
-0.023584
-0.023559
-0.023534
-0.023534
-0.02351
-0.023485
-0.023411
-0.023387
-0.023362
-0.023337
-0.023337
-0.023313
-0.023288
-0.023288
-0.023264
-0.023239
-0.023214
-0.02319
-0.02319
-0.023165
-0.023165
-0.02314
-0.023116
-0.023116
-0.023091
-0.023091
-0.023067
-0.023042
-0.023042
-0.023042
-0.023017
-0.023017
-0.022993
-0.022993
-0.022968
-0.022944
-0.022919
-0.02287
-0.02282
-0.022747
-0.022648
-0.022574
-0.022476
-0.022451
-0.022673
-0.02287
-0.02287
-0.02287
-0.02287
-0.02287
-0.02287
-0.02287
-0.02287
-0.02287
-0.02287
-0.02287
-0.02287
-0.02287
-0.02287
-0.02287
-0.02287
-0.02287
-0.02287
-0.022845
-0.022845
-0.022845
-0.022845
-0.022845
-0.022845
-0.022845
-0.022845
-0.02287
-0.02287
-0.02287
-0.02287
-0.022894
-0.022894
-0.022894
-0.022894
-0.022894
-0.022919
-0.022919
-0.022944
-0.022944
-0.022944
-0.022968
-0.022993
-0.022993
-0.022993
-0.023017
-0.023017
-0.023017
-0.023042
-0.023042
-0.023042
-0.023067
-0.023067
-0.023067
-0.023091
-0.023091
-0.023091
-0.023116
-0.023116
-0.023116
-0.02314
-0.02314
-0.02314
-0.02314
-0.023165
-0.023165
-0.023165
-0.02314
-0.02314
-0.02314
-0.02314
-0.02314
-0.02314
-0.023116
-0.023116
-0.023116
-0.023116
-0.023116
-0.023116
-0.023116
-0.023116
-0.023116
-0.023165
-0.023165
-0.023165
-0.02319
-0.02319
-0.023214
-0.023214
-0.023214
-0.023239
-0.023239
-0.023239
-0.023264
-0.023264
-0.023264
-0.023288
-0.023288
-0.023288
-0.023288
-0.023313
-0.023313
-0.023313
-0.023313
-0.023313
-0.023313
-0.023337
-0.023337
-0.023337
-0.023337
-0.023362
-0.023362
-0.023362
-0.023362
-0.023362
-0.023362
-0.023362
-0.023387
-0.023387
-0.023387
-0.023387
-0.023411
-0.023411
-0.023411
-0.023436
-0.023436
-0.023436
-0.023436
-0.023436
-0.023436
-0.02346
-0.02346
-0.02346
-0.02346
-0.023485
-0.023485
-0.023485
-0.023485
-0.02351
-0.02351
-0.02351
-0.02351
-0.02351
-0.023534
-0.023534
-0.023534
-0.023534
-0.023559
-0.023559
-0.023559
-0.023559
-0.023559
-0.023559
-0.023559
-0.023559
-0.023559
-0.023559
-0.023559
-0.023584
-0.023584
-0.023584
-0.023584
-0.023584
-0.023584
-0.023584
-0.023584
-0.023584
-0.023584
-0.023584
-0.023584
-0.023584
-0.023584
-0.023584
-0.023559
-0.023559
-0.023559
-0.023559
-0.023559
-0.023559
-0.023559
-0.023559
-0.023534
-0.023534
-0.023534
-0.023534
-0.023534
-0.023534
-0.023534
-0.02351
-0.02351
-0.02351
-0.02351
-0.02351
-0.02351
-0.02351
-0.023485
-0.023485
-0.023485
-0.023485
-0.023485
-0.023485
-0.02346
-0.02346
-0.02346
-0.023436
-0.023436
-0.023436
-0.023436
-0.023436
-0.023436
-0.023411
-0.023411
-0.023411
-0.023387
-0.023387
-0.023387
-0.023387
-0.023362
-0.023362
-0.023362
-0.023362
-0.023337
-0.023337
-0.023362
-0.023362
-0.023337
-0.023337
-0.023337
-0.023337
-0.023313
-0.023313
-0.023313
-0.023313
-0.023288
-0.023288
-0.023288
-0.023288
-0.023288
-0.023264
-0.023264
-0.023264
-0.023239
-0.023214
-0.023214
-0.02319
-0.023165
-0.023116
-0.023042
-0.022968
-0.022894
-0.022796
-0.022697
-0.022722
-0.022968
-0.02314
-0.023165
-0.023165
-0.023116
-0.023116
-0.023091
-0.023091
-0.023091
-0.023067
-0.023067
-0.023067
-0.023042
-0.023042
-0.023017
-0.023017
-0.023017
-0.022993
-0.022993
-0.022993
-0.022968
-0.022968
-0.022968
-0.022944
-0.022944
-0.022944
-0.022919
-0.022919
-0.022919
-0.02287
-0.02287
-0.022845
-0.022845
-0.022845
-0.022845
-0.02282
-0.02282
-0.022796
-0.022796
-0.022796
-0.022771
-0.022771
-0.022747
-0.022747
-0.022747
-0.022747
-0.022747
-0.022722
-0.022722
-0.022722
-0.022722
-0.022722
-0.022722
-0.022722
-0.022722
-0.022722
-0.022697
-0.022697
-0.022697
-0.022697
-0.022697
-0.022697
-0.022697
-0.022697
-0.022697
-0.022697
-0.022697
-0.022697
-0.022673
-0.022648
-0.022623
-0.022599
-0.022599
-0.022574
-0.02255
-0.022525
-0.0225
-0.022476
-0.022476
-0.022451
-0.022427
-0.022427
-0.022402
-0.022377
-0.022377
-0.022353
-0.022353
-0.022328
-0.022328
-0.022303
-0.022303
-0.022279
-0.022279
-0.022254
-0.022254
-0.02223
-0.02223
-0.022205
-0.022205
-0.022205
-0.02218
-0.02218
-0.022156
-0.022156
-0.022156
-0.022131
-0.022131
-0.022107
-0.022107
-0.022057
-0.022057
-0.022057
-0.022033
-0.022033
-0.022033
-0.022033
-0.022008
-0.022008
-0.022008
-0.022008
-0.021983
-0.021983
-0.021983
-0.021983
-0.021959
-0.021959
-0.021959
-0.021934
-0.021934
-0.021934
-0.02191
-0.02191
-0.02191
-0.02191
-0.021885
-0.021885
-0.021885
-0.021885
-0.02186
-0.02186
-0.02186
-0.02186
-0.02186
-0.02186
-0.021836
-0.021836
-0.021836
-0.021836
-0.021836
-0.021811
-0.021811
-0.021811
-0.021811
-0.021787
-0.021787
-0.021787
-0.021787
-0.021787
-0.021762
-0.021762
-0.021737
-0.021713
-0.021713
-0.021688
-0.021688
-0.021663
-0.021663
-0.021639
-0.021639
-0.021639
-0.021639
-0.021614
-0.021614
-0.021614
-0.021614
-0.021614
-0.02159
-0.02159
-0.02159
-0.021565
-0.021565
-0.021565
-0.021565
-0.021565
-0.021565
-0.02154
-0.02154
-0.02154
-0.02154
-0.021516
-0.021516
-0.021491
-0.021491
-0.021491
-0.021491
-0.021491
-0.021466
-0.021466
-0.021466
-0.021442
-0.021442
-0.021442
-0.021417
-0.021417
-0.021417
-0.021393
-0.021393
-0.021368
-0.021368
-0.021343
-0.021343
-0.021343
-0.021319
-0.021294
-0.021294
-0.021294
-0.02127
-0.02127
-0.02127
-0.021245
-0.021245
-0.02122
-0.02122
-0.021196
-0.021196
-0.021171
-0.021171
-0.021171
-0.021146
-0.021097
-0.021097
-0.021073
-0.021073
-0.021048
-0.021048
-0.021023
-0.021023
-0.020999
-0.020999
-0.020999
-0.020974
-0.02095
-0.02095
-0.020925
-0.020925
-0.0209
-0.020876
-0.020826
-0.020753
-0.020679
-0.02058
-0.020482
-0.020408
-0.020457
-0.020679
-0.020826
-0.020851
-0.020851
-0.020826
-0.020802
-0.020802
-0.020802
-0.020802
-0.020802
-0.020802
-0.020777
-0.020777
-0.020777
-0.020777
-0.020802
-0.020802
-0.020802
-0.020802
-0.020802
-0.020802
-0.020802
-0.020802
-0.020802
-0.020802
-0.020802
-0.020802
-0.020802
-0.020802
-0.020802
-0.020802
-0.020802
-0.020802
-0.020777
-0.020777
-0.020777
-0.020777
-0.020777
-0.020777
-0.020777
-0.020777
-0.020777
-0.020777
-0.020753
-0.020753
-0.020753
-0.020753
-0.020753
-0.020753
-0.020753
-0.020728
-0.020728
-0.020728
-0.020728
-0.020728
-0.020728
-0.020728
-0.020728
-0.020728
-0.020728
-0.020728
-0.020728
-0.020728
-0.020728
-0.020703
-0.020703
-0.020679
-0.020679
-0.020679
-0.020654
-0.020629
-0.020629
-0.020605
-0.02058
-0.020556
-0.020531
-0.020531
-0.020506
-0.020482
-0.020482
-0.020482
-0.020457
-0.020457
-0.020457
-0.020433
-0.020433
-0.020433
-0.020433
-0.020433
-0.020408
-0.020408
-0.020383
-0.020383
-0.020383
-0.020383
-0.020359
-0.020334
-0.020334
-0.020334
-0.020334
-0.020334
-0.020309
-0.020309
-0.020309
-0.020309
-0.020309
-0.020309
-0.020285
-0.020285
-0.020285
-0.020285
-0.020285
-0.02026
-0.02026
-0.02026
-0.02026
-0.02026
-0.02026
-0.02026
-0.02026
-0.02026
-0.02026
-0.020236
-0.020236
-0.020236
-0.020236
-0.020236
-0.020236
-0.020236
-0.020236
-0.020236
-0.020211
-0.020211
-0.020211
-0.020211
-0.020186
-0.020186
-0.020186
-0.020162
-0.020162
-0.020162
-0.020162
-0.020137
-0.020137
-0.020137
-0.020137
-0.020113
-0.020113
-0.020113
-0.020088
-0.020088
-0.020088
-0.020063
-0.020063
-0.020063
-0.020039
-0.020039
-0.020039
-0.020039
-0.020014
-0.020014
-0.019989
-0.019989
-0.019989
-0.019965
-0.019965
-0.019965
-0.01994
-0.01994
-0.019916
-0.019916
-0.019916
-0.019891
-0.019891
-0.019866
-0.019817
-0.019817
-0.019792
-0.019792
-0.019792
-0.019768
-0.019768
-0.019743
-0.019743
-0.019743
-0.019719
-0.019719
-0.019719
-0.019694
-0.019694
-0.019694
-0.019669
-0.019669
-0.019669
-0.019669
-0.019645
-0.019645
-0.019645
-0.01962
-0.01962
-0.01962
-0.01962
-0.019596
-0.019596
-0.019596
-0.019596
-0.019571
-0.019571
-0.019546
-0.019546
-0.019546
-0.019522
-0.019522
-0.019522
-0.019497
-0.019497
-0.019472
-0.019472
-0.019472
-0.019472
-0.019448
-0.019448
-0.019448
-0.019423
-0.019423
-0.019423
-0.019423
-0.019423
-0.019423
-0.019399
-0.019399
-0.019399
-0.019399
-0.019374
-0.019374
-0.019374
-0.019374
-0.019349
-0.019349
-0.019349
-0.019325
-0.019325
-0.019325
-0.019325
-0.0193
-0.0193
-0.019276
-0.019226
-0.019177
-0.019103
-0.019029
-0.018931
-0.018857
-0.018808
-0.01898
-0.019226
-0.019202
-0.019202
-0.019202
-0.019202
-0.019202
-0.019202
-0.019177
-0.019177
-0.019177
-0.019152
-0.019152
-0.019152
-0.019152
-0.019152
-0.019152
-0.019177
-0.019152
-0.019152
-0.019152
-0.019152
-0.019128
-0.019128
-0.019128
-0.019128
-0.019128
-0.019103
-0.019103
-0.019103
-0.019103
-0.019103
-0.019103
-0.019103
-0.019079
-0.019079
-0.019079
-0.019079
-0.019079
-0.019079
-0.019079
-0.019079
-0.019079
-0.019079
-0.019079
-0.019079
-0.019079
-0.019079
-0.019079
-0.019079
-0.019079
-0.019079
-0.019103
-0.019103
-0.019103
-0.019103
-0.019103
-0.019103
-0.019103
-0.019103
-0.019128
-0.019128
-0.019128
-0.019128
-0.019128
-0.019128
-0.019152
-0.019152
-0.019128
-0.019128
-0.019103
-0.019103
-0.019079
-0.019079
-0.019054
-0.019054
-0.019029
-0.019029
-0.019005
-0.019005
-0.019005
-0.018955
-0.018955
-0.018931
-0.018931
-0.018931
-0.018906
-0.018906
-0.018906
-0.018906
-0.018906
-0.018906
-0.018906
-0.018882
-0.018882
-0.018882
-0.018882
-0.018857
-0.018857
-0.018857
-0.018857
-0.018832
-0.018832
-0.018832
-0.018832
-0.018808
-0.018808
-0.018808
-0.018808
-0.018783
-0.018783
-0.018783
-0.018783
-0.018759
-0.018759
-0.018759
-0.018759
-0.018734
-0.018734
-0.018734
-0.018734
-0.018709
-0.018709
-0.018709
-0.018709
-0.018709
-0.018709
-0.018709
-0.018709
-0.018709
-0.018709
-0.018709
-0.018709
-0.018685
-0.018709
-0.018709
-0.018709
-0.018685
-0.018685
-0.018685
-0.018709
-0.018709
-0.018709
-0.018709
-0.018709
-0.018709
-0.018709
-0.018709
-0.018709
-0.018709
-0.018734
-0.018734
-0.018734
-0.018709
-0.018709
-0.018709
-0.018709
-0.018709
-0.018709
-0.018709
-0.018709
-0.018685
-0.018685
-0.018685
-0.01866
-0.01866
-0.01866
-0.01866
-0.01866
-0.01866
-0.01866
-0.01866
-0.018635
-0.018635
-0.018635
-0.018635
-0.018635
-0.018635
-0.018635
-0.018611
-0.018611
-0.018611
-0.018611
-0.018611
-0.018586
-0.018586
-0.018586
-0.018586
-0.018562
-0.018562
-0.018562
-0.018562
-0.018562
-0.018562
-0.018537
-0.018537
-0.018537
-0.018537
-0.018512
-0.018512
-0.018512
-0.018488
-0.018488
-0.018463
-0.018463
-0.018463
-0.018463
-0.018463
-0.018439
-0.018439
-0.018439
-0.018439
-0.018439
-0.018439
-0.018439
-0.018439
-0.018439
-0.018439
-0.018439
-0.018439
-0.018439
-0.018439
-0.018439
-0.018439
-0.018439
-0.018439
-0.018439
-0.018439
-0.018439
-0.018439
-0.018439
-0.018439
-0.018439
-0.018439
-0.018439
-0.018439
-0.018439
-0.018439
-0.018439
-0.018439
-0.018414
-0.018414
-0.018414
-0.018414
-0.018414
-0.018389
-0.018389
-0.018365
-0.018315
-0.018266
-0.018217
-0.018143
-0.018045
-0.017971
-0.017971
-0.018192
-0.018365
-0.018389
-0.018414
-0.018389
-0.018389
-0.018389
-0.018389
-0.018389
-0.018389
-0.018389
-0.018389
-0.018389
-0.018389
-0.018365
-0.018365
-0.018365
-0.018365
-0.018365
-0.01834
-0.01834
-0.01834
-0.01834
-0.01834
-0.01834
-0.01834
-0.01834
-0.01834
-0.01834
-0.01834
-0.018315
-0.018315
-0.018315
-0.018315
-0.018315
-0.018315
-0.018315
-0.018315
-0.018315
-0.018315
-0.018315
-0.018315
-0.018315
-0.018315
-0.018315
-0.018315
-0.018315
-0.018315
-0.018315
-0.018315
-0.018315
-0.018315
-0.018315
-0.018315
-0.018315
-0.018315
-0.018315
-0.018315
-0.018315
-0.018315
-0.018315
-0.018315
-0.01834
-0.01834
-0.01834
-0.01834
