2018
3
20
18
1
24.467
0.027104
0.027104
0.027104
0.027104
0.027104
0.027104
0.027079
0.027079
0.027079
0.027079
0.027079
0.027079
0.027079
0.027079
0.027079
0.027079
0.027079
0.027079
0.027079
0.027079
0.027079
0.027079
0.027079
0.027079
0.027079
0.027055
0.027055
0.027055
0.027055
0.027055
0.027055
0.027055
0.027055
0.027055
0.027055
0.027055
0.027055
0.027055
0.027055
0.027055
0.02703
0.02703
0.02703
0.02703
0.02703
0.02703
0.02703
0.02703
0.02703
0.02703
0.02703
0.02703
0.02703
0.02703
0.02703
0.02703
0.02703
0.02703
0.02703
0.02703
0.02703
0.02703
0.02703
0.027055
0.027055
0.02703
0.02703
0.02703
0.027055
0.027055
0.027055
0.027055
0.027055
0.027055
0.027055
0.02703
0.02703
0.02703
0.02703
0.02703
0.02703
0.02703
0.027005
0.027005
0.027005
0.027005
0.027005
0.027005
0.027005
0.027005
0.027005
0.027005
0.027005
0.027005
0.027005
0.027005
0.027005
0.027005
0.027005
0.027005
0.027005
0.027005
0.027005
0.027005
0.027005
0.026981
0.026981
0.026981
0.027005
0.027005
0.026981
0.026981
0.026981
0.026981
0.026981
0.026981
0.027005
0.027005
0.027005
0.027005
0.026981
0.026981
0.026981
0.026981
0.026981
0.026981
0.026981
0.026981
0.026981
0.026956
0.026956
0.026956
0.026981
0.026956
0.026956
0.026956
0.026956
0.026956
0.026956
0.026956
0.026956
0.026932
0.026932
0.026932
0.026956
0.027005
0.027055
0.027055
0.02703
0.02703
0.027055
0.027055
0.02703
0.026932
0.026882
0.026858
0.026858
0.026882
0.026907
0.026932
0.026932
0.026932
0.026932
0.026932
0.026932
0.026932
0.026932
0.026932
0.026932
0.026932
0.026932
0.026932
0.026932
0.026932
0.026932
0.026932
0.026932
0.026932
0.026932
0.026932
0.026932
0.026932
0.026932
0.026932
0.026956
0.026956
0.026956
0.026932
0.026956
0.026956
0.026956
0.026956
0.026956
0.026956
0.026956
0.026956
0.026956
0.026956
0.026956
0.026956
0.026981
0.026981
0.026981
0.027005
0.027005
0.027005
0.027005
0.027005
0.027005
0.027005
0.027005
0.02703
0.02703
0.02703
0.02703
0.02703
0.02703
0.02703
0.027005
0.027005
0.027005
0.027005
0.027005
0.027005
0.027005
0.027005
0.026981
0.026981
0.026981
0.026956
0.026956
0.026932
0.026932
0.026932
0.026932
0.026907
0.026907
0.026907
0.026907
0.026907
0.026882
0.026882
0.026882
0.026882
0.026882
0.026882
0.026882
0.026882
0.026882
0.026882
0.026882
0.026882
0.026882
0.026882
0.026882
0.026882
0.026882
0.026882
0.026882
0.026882
0.026858
0.026858
0.026882
0.026858
0.026858
0.026858
0.026882
0.026858
0.026858
0.026858
0.026858
0.026858
0.026858
0.026858
0.026858
0.026858
0.026858
0.026858
0.026858
0.026858
0.026858
0.026858
0.026858
0.026833
0.026833
0.026833
0.026833
0.026833
0.026833
0.026833
0.026833
0.026833
0.026833
0.026833
0.026833
0.026833
0.026833
0.026833
0.026833
0.026833
0.026833
0.026833
0.026833
0.026833
0.026833
0.026808
0.026808
0.026808
0.026833
0.026808
0.026808
0.026808
0.026833
0.026833
0.026808
0.026808
0.026833
0.026808
0.026808
0.026808
0.026808
0.026808
0.026808
0.026808
0.026808
0.026808
0.026808
0.026808
0.026808
0.026808
0.026808
0.026808
0.026808
0.026808
0.026808
0.026808
0.026808
0.026808
0.026808
0.026808
0.026808
0.026808
0.026808
0.026808
0.026808
0.026808
0.026784
0.026784
0.026808
0.026808
0.026808
0.026784
0.026784
0.026784
0.026784
0.026784
0.026784
0.026784
0.026784
0.026784
0.026784
0.026784
0.026784
0.026808
0.026808
0.026808
0.026808
0.026808
0.026808
0.026808
0.026808
0.026808
0.026808
0.026808
0.026808
0.026808
0.026808
0.026808
0.026808
0.026808
0.026808
0.026808
0.026808
0.026808
0.026784
0.026784
0.026784
0.026784
0.026784
0.026784
0.026784
0.026784
0.026784
0.026784
0.026808
0.026833
0.026882
0.026932
0.026932
0.026907
0.026882
0.026808
0.026784
0.026735
0.026735
0.026784
0.026808
0.026808
0.026808
0.026808
0.026808
0.026833
0.026833
0.026833
0.026833
0.026833
0.026833
0.026833
0.026808
0.026833
0.026833
0.026833
0.026833
0.026833
0.026833
0.026833
0.026833
0.026833
0.026833
0.026833
0.026833
0.026833
0.026833
0.026833
0.026833
0.026833
0.026833
0.026833
0.026833
0.026858
0.026858
0.026858
0.026858
0.026858
0.026858
0.026858
0.026858
0.026858
0.026858
0.026858
0.026882
0.026882
0.026882
0.026882
0.026882
0.026882
0.026907
0.026907
0.026907
0.026907
0.026907
0.026907
0.026907
0.026932
0.026932
0.026932
0.026932
0.026932
0.026932
0.026932
0.026932
0.026932
0.026907
0.026907
0.026907
0.026907
0.026907
0.026882
0.026882
0.026858
0.026833
0.026808
0.026808
0.026808
0.026808
0.026784
0.026784
0.026784
0.026784
0.026784
0.026784
0.026784
0.026784
0.026784
0.026784
0.026784
0.026759
0.026759
0.026759
0.026759
0.026784
0.026759
0.026759
0.026759
0.026759
0.026759
0.026759
0.026759
0.026759
0.026759
0.026759
0.026759
0.026759
0.026759
0.026759
0.026759
0.026759
0.026759
0.026759
0.026759
0.026759
0.026759
0.026759
0.026759
0.026759
0.026759
0.026759
0.026759
0.026759
0.026735
0.026735
0.026735
0.026759
0.026759
0.026735
0.026735
0.026735
0.026735
0.026735
0.026735
0.026735
0.026735
0.026735
0.026735
0.026735
0.026735
0.026735
0.026735
0.026735
0.026735
0.026735
0.026735
0.026735
0.026735
0.026735
0.026735
0.026735
0.026735
0.026735
0.026735
0.026735
0.026735
0.026735
0.026735
0.026735
0.026735
0.026735
0.026735
0.026735
0.026735
0.026759
0.026759
0.026759
0.026735
0.026735
0.026735
0.026735
0.026735
0.026735
0.026735
0.026735
0.026735
0.026735
0.026735
0.026735
0.026735
0.026735
0.026735
0.026735
0.026735
0.026735
0.026735
0.026735
0.026735
0.026735
0.026735
0.026735
0.026735
0.026735
0.026735
0.026735
0.026735
0.026735
0.026735
0.026735
0.026735
0.026735
0.026735
0.026735
0.026735
0.026735
0.026735
0.026735
0.026735
0.026735
0.026735
0.026759
0.026759
0.026735
0.026735
0.026735
0.026735
0.026735
0.026735
0.026735
0.026735
0.026735
0.026759
0.026759
0.026759
0.026759
0.026759
0.026759
0.026759
0.026759
0.026759
0.026759
0.026759
0.026759
0.026759
0.026759
0.026735
0.026735
0.026735
0.026735
0.026735
0.026735
0.026759
0.026759
0.026759
0.026759
0.026735
0.026735
0.026759
0.026808
0.026833
0.026882
0.026882
0.026858
0.026858
0.026882
0.026882
0.026808
0.026759
0.02671
0.026685
0.02671
0.026759
0.026759
0.026759
0.026759
0.026759
0.026784
0.026784
0.026784
0.026784
0.026784
0.026784
0.026784
0.026784
0.026784
0.026808
0.026808
0.026808
0.026808
0.026808
0.026808
0.026808
0.026808
0.026808
0.026808
0.026808
0.026808
0.026833
0.026833
0.026833
0.026833
0.026833
0.026833
0.026833
0.026833
0.026833
0.026833
0.026833
0.026833
0.026833
0.026833
0.026833
0.026833
0.026833
0.026833
0.026858
0.026858
0.026858
0.026858
0.026858
0.026858
0.026882
0.026882
0.026882
0.026882
0.026907
0.026907
0.026907
0.026907
0.026907
0.026907
0.026907
0.026907
0.026907
0.026907
0.026907
0.026907
0.026907
0.026882
0.026882
0.026882
0.026882
0.026858
0.026858
0.026858
0.026833
0.026833
0.026808
0.026808
0.026808
0.026808
0.026808
0.026784
0.026784
0.026784
0.026784
0.026784
0.026759
0.026759
0.026759
0.026759
0.026759
0.026759
0.026759
0.026759
0.026735
0.026735
0.026735
0.026735
0.026735
0.026735
0.026735
0.026735
0.026759
0.026759
0.026759
0.026759
0.026759
0.026759
0.026759
0.026759
0.026759
0.026759
0.026759
0.026759
0.026759
0.026735
0.026735
0.026735
0.026735
0.026735
0.026735
0.026735
0.026735
0.026735
0.026735
0.026735
0.026735
0.026735
0.026735
0.026735
0.026735
0.026735
0.026735
0.026735
0.026735
0.026735
0.026735
0.026735
0.026735
0.026735
0.026735
0.026735
0.026735
0.026735
0.026735
0.026735
0.026735
0.026735
0.026735
0.026735
0.026735
0.026735
0.026735
0.026735
0.026735
0.026735
0.026735
0.026735
0.026759
0.026759
0.026759
0.026759
0.026735
0.026735
0.026735
0.026735
0.026735
0.026735
0.026735
0.026759
0.026759
0.026759
0.026759
0.026759
0.026759
0.026759
0.026735
0.026735
0.026735
0.026735
0.026735
0.026735
0.026735
0.026735
0.026735
0.026735
0.026735
0.026735
0.026735
0.026735
0.026735
0.026735
0.026735
0.026735
0.026735
0.026735
0.026735
0.026735
0.026735
0.026735
0.026735
0.026735
0.026735
0.026735
0.026735
0.026735
0.026735
0.026735
0.026735
0.026735
0.026735
0.026735
0.026735
0.026759
0.026759
0.026759
0.026759
0.026759
0.026759
0.026759
0.026759
0.026759
0.026759
0.026759
0.026735
0.026759
0.026759
0.026759
0.026759
0.026759
0.026759
0.026759
0.026759
0.026759
0.026759
0.026759
0.026759
0.026759
0.026759
0.026759
0.026759
0.026784
0.026808
0.026858
0.026882
0.026882
0.026858
0.026882
0.026882
0.026882
0.026808
0.026735
0.02671
0.026759
0.026759
0.026759
0.026759
0.026759
0.026759
0.026759
0.026759
0.026759
0.026759
0.026759
0.026759
0.026759
0.026759
0.026759
0.026759
0.026759
0.026759
0.026759
0.026759
0.026759
0.026759
0.026759
0.026759
0.026759
0.026759
0.026759
0.026759
0.026759
0.026759
0.026759
0.026759
0.026759
0.026784
0.026784
0.026784
0.026784
0.026784
0.026784
0.026784
0.026784
0.026784
0.026784
0.026808
0.026808
0.026808
0.026808
0.026808
0.026808
0.026808
0.026808
0.026808
0.026808
0.026808
0.026833
0.026833
0.026833
0.026833
0.026833
0.026833
0.026833
0.026858
0.026858
0.026833
0.026858
0.026858
0.026833
0.026833
0.026833
0.026833
0.026833
0.026808
0.026808
0.026784
0.026784
0.026759
0.026759
0.026735
0.026735
0.026735
0.02671
0.02671
0.02671
0.02671
0.02671
0.026685
0.026685
0.026685
0.026685
0.026685
0.026685
0.026685
0.026685
0.026685
0.026685
0.026685
0.026685
0.026685
0.026685
0.026685
0.026685
0.026685
0.026685
0.026685
0.026685
0.026685
0.026685
0.026685
0.026685
0.026685
0.026685
0.026685
0.02671
0.026685
0.026685
0.026685
0.026685
0.026685
0.026685
0.026685
0.026685
0.026685
0.026685
0.026685
0.026685
0.026661
0.026661
0.026685
0.026685
0.026685
0.026685
0.026685
0.026661
0.026661
0.026661
0.026661
0.026661
0.026661
0.026661
0.026661
0.026661
0.026661
0.026661
0.026661
0.026685
0.026661
0.026685
0.026685
0.026685
0.026685
0.026685
0.026685
0.026685
0.026685
0.026685
0.026685
0.026685
0.02671
0.02671
0.02671
0.026685
0.026685
0.026685
0.026685
0.026685
0.026685
0.026685
0.026685
0.026685
0.02671
0.02671
0.02671
0.026685
0.026685
0.026685
0.026685
0.026685
0.026685
0.026685
0.026685
0.026685
0.026685
0.026685
0.026685
0.026685
0.026685
0.026685
0.026685
0.026685
0.026685
0.026685
0.026685
0.026685
0.026661
0.026661
0.026661
0.026661
0.026661
0.026661
0.026685
0.026661
0.026661
0.026661
0.026661
0.026661
0.026661
0.026661
0.026661
0.026636
0.026661
0.026661
0.026661
0.026661
0.026661
0.026661
0.026661
0.026661
0.026661
0.026661
0.026661
0.026661
0.026636
0.026661
0.026661
0.026636
0.026636
0.026636
0.026636
0.026636
0.026636
0.026636
0.026636
0.026636
0.026636
0.026636
0.026636
0.026636
0.026612
0.026612
0.026612
0.026636
0.026685
0.026735
0.026735
0.026735
0.02671
0.026735
0.026735
0.02671
0.026636
0.026587
0.026538
0.026538
0.026587
0.026612
0.026636
0.026636
0.026612
0.026612
0.026612
0.026636
0.026636
0.026636
0.026636
0.026636
0.026636
0.026612
0.026636
0.026636
0.026636
0.026636
0.026636
0.026636
0.026636
0.026612
0.026612
0.026612
0.026612
0.026612
0.026612
0.026612
0.026612
0.026612
0.026612
0.026612
0.026612
0.026612
0.026612
0.026612
0.026612
0.026612
0.026636
0.026636
0.026636
0.026636
0.026636
0.026636
0.026636
0.026636
0.026636
0.026636
0.026636
0.026636
0.026636
0.026661
0.026661
0.026661
0.026661
0.026661
0.026661
0.026661
0.026685
0.026685
0.026685
0.026685
0.026685
0.026685
0.026685
0.026685
0.026685
0.026661
0.026661
0.026661
0.026636
0.026636
0.026612
0.026612
0.026612
0.026587
0.026587
0.026562
0.026562
0.026562
0.026562
0.026538
0.026538
0.026538
0.026538
0.026538
0.026538
0.026538
0.026538
0.026538
0.026538
0.026538
0.026538
0.026538
0.026538
0.026538
0.026538
0.026538
0.026538
0.026538
0.026538
0.026538
0.026538
0.026538
0.026538
0.026538
0.026538
0.026538
0.026538
0.026538
0.026538
0.026538
0.026538
0.026538
0.026538
0.026538
0.026513
0.026513
0.026513
0.026513
0.026538
0.026538
0.026538
0.026513
0.026513
0.026513
0.026513
0.026513
0.026513
0.026513
0.026513
0.026513
0.026513
0.026513
0.026513
0.026513
0.026513
0.026513
0.026513
0.026513
0.026513
0.026513
0.026513
0.026513
0.026513
0.026513
0.026513
0.026513
0.026513
0.026513
0.026513
0.026513
0.026513
0.026513
0.026513
0.026513
0.026513
0.026513
0.026513
0.026513
0.026513
0.026513
0.026513
0.026513
0.026513
0.026513
0.026513
0.026513
0.026513
0.026513
0.026513
0.026513
0.026513
0.026513
0.026513
0.026513
0.026513
0.026513
0.026513
0.026513
0.026513
0.026513
0.026513
0.026513
0.026513
0.026513
0.026513
0.026513
0.026513
0.026513
0.026513
0.026513
0.026513
0.026513
0.026513
0.026513
0.026513
0.026513
0.026513
0.026513
0.026513
0.026513
0.026513
0.026513
0.026513
0.026513
0.026513
0.026513
0.026513
0.026513
0.026513
0.026488
0.026488
0.026488
0.026488
0.026488
0.026488
0.026488
0.026513
0.026513
0.026513
0.026513
0.026513
0.026513
0.026513
0.026488
0.026488
0.026488
0.026488
0.026488
0.026488
0.026488
0.026488
0.026488
0.026464
0.026464
0.026464
0.026464
0.026464
0.026464
0.026464
0.026464
0.026464
0.026464
0.026464
0.026464
0.026464
0.026513
0.026538
0.026587
0.026562
0.026562
0.026562
0.026562
0.026562
0.026488
0.026415
0.02639
0.026365
0.02639
0.026415
0.026439
0.026439
0.026439
0.026439
0.026439
0.026439
0.026439
0.026439
0.026439
0.026439
0.026439
0.026439
0.026439
0.026439
0.026439
0.026439
0.026439
0.026415
0.026439
0.026439
0.026439
0.026439
0.026439
0.026439
0.026439
0.026439
0.026439
0.026439
0.026439
0.026439
0.026439
0.026439
0.026439
0.026439
0.026439
0.026439
0.026439
0.026439
0.026439
0.026439
0.026439
0.026439
0.026439
0.026439
0.026439
0.026439
0.026439
0.026439
0.026464
0.026464
0.026464
0.026464
0.026464
0.026464
0.026488
0.026488
0.026488
0.026488
0.026488
0.026488
0.026488
0.026488
0.026488
0.026488
0.026488
0.026488
0.026488
0.026464
0.026464
0.026464
0.026439
0.026439
0.026415
0.026415
0.026415
0.02639
0.02639
0.02639
0.026365
0.026365
0.026365
0.026365
0.026365
0.026365
0.026341
0.026341
0.026341
0.026341
0.026341
0.026341
0.026341
0.026341
0.026341
0.026341
0.026341
0.026341
0.026341
0.026341
0.026341
0.026341
0.026341
0.026341
0.026341
0.026341
0.026341
0.026341
0.026341
0.026341
0.026341
0.026341
0.026341
0.026341
0.026341
0.026341
0.026341
0.026341
0.026341
0.026341
0.026341
0.026341
0.026341
0.026341
0.026341
0.026341
0.026341
0.026341
0.026341
0.026341
0.026341
0.026341
0.026341
0.026341
0.026341
0.026341
0.026341
0.026341
0.026341
0.026341
0.026341
0.026341
0.026341
0.026341
0.026341
0.026341
0.026341
0.026341
0.026341
0.026341
0.026341
0.026341
0.026341
0.026341
0.026341
0.026341
0.026341
0.026341
0.026341
0.026341
0.026341
0.026341
0.026341
0.026341
0.026341
0.026341
0.026341
0.026341
0.026341
0.026341
0.026341
0.026341
0.026341
0.026341
0.026341
0.026341
0.026341
0.026341
0.026341
0.026341
0.026341
0.026341
0.026341
0.026341
0.026341
0.026341
0.026341
0.026341
0.026341
0.026341
0.026341
0.026341
0.026341
0.026316
0.026316
0.026316
0.026316
0.026316
0.026316
0.026341
0.026316
0.026316
0.026316
0.026316
0.026316
0.026316
0.026316
0.026316
0.026316
0.026316
0.026316
0.026316
0.026316
0.026316
0.026316
0.026341
0.026341
0.026316
0.026316
0.026316
0.026316
0.026316
0.026316
0.026316
0.026316
0.026316
0.026316
0.026316
0.026316
0.026316
0.026316
0.026316
0.026316
0.026292
0.026292
0.026292
0.026292
0.026292
0.026292
0.026292
0.026292
0.026292
0.026292
0.026316
0.026316
0.026341
0.02639
0.026439
0.026415
0.026415
0.026341
0.026267
0.026218
0.026218
0.026242
0.026267
0.026292
0.026292
0.026292
0.026292
0.026292
0.026292
0.026292
0.026292
0.026292
0.026316
0.026316
0.026316
0.026316
0.026292
0.026292
0.026292
0.026292
0.026292
0.026292
0.026292
0.026292
0.026292
0.026292
0.026292
0.026292
0.026292
0.026292
0.026292
0.026292
0.026316
0.026292
0.026292
0.026316
0.026316
0.026316
0.026316
0.026316
0.026316
0.026316
0.026316
0.026316
0.026316
0.026341
0.026341
0.026341
0.026341
0.026341
0.026341
0.026341
0.026341
0.026341
0.026365
0.026365
0.026365
0.026365
0.02639
0.02639
0.02639
0.02639
0.02639
0.02639
0.02639
0.02639
0.02639
0.02639
0.02639
0.02639
0.026365
0.026365
0.026365
0.026341
0.026341
0.026292
0.026292
0.026292
0.026267
0.026267
0.026267
0.026242
0.026242
0.026242
0.026242
0.026242
0.026242
0.026242
0.026242
0.026242
0.026242
0.026242
0.026242
0.026242
0.026242
0.026242
0.026242
0.026242
0.026242
0.026242
0.026242
0.026242
0.026242
0.026242
0.026242
0.026242
0.026242
0.026242
0.026242
0.026242
0.026267
0.026267
0.026267
0.026267
0.026267
0.026242
0.026242
0.026242
0.026267
0.026267
0.026242
0.026242
0.026242
0.026242
0.026242
0.026242
0.026242
0.026242
0.026242
0.026242
0.026242
0.026242
0.026242
0.026242
0.026267
0.026267
0.026267
0.026267
0.026267
0.026267
0.026267
0.026267
0.026267
0.026267
0.026267
0.026267
0.026267
0.026267
0.026267
0.026267
0.026267
0.026267
0.026267
0.026267
0.026267
0.026267
0.026267
0.026267
0.026267
0.026267
0.026267
0.026267
0.026267
0.026267
0.026267
0.026267
0.026267
0.026267
0.026267
0.026267
0.026267
0.026267
0.026267
0.026267
0.026267
0.026267
0.026267
0.026267
0.026267
0.026267
0.026267
0.026267
0.026267
0.026267
0.026267
0.026267
0.026267
0.026242
0.026267
0.026267
0.026267
0.026267
0.026242
0.026242
0.026242
0.026242
0.026242
0.026242
0.026242
0.026242
0.026242
0.026242
0.026242
0.026242
0.026242
0.026242
0.026242
0.026242
0.026242
0.026242
0.026242
0.026242
0.026242
0.026242
0.026242
0.026242
0.026242
0.026242
0.026242
0.026242
0.026242
0.026242
0.026242
0.026242
0.026242
0.026242
0.026242
0.026242
0.026242
0.026242
0.026242
0.026242
0.026242
0.026242
0.026242
0.026242
0.026242
0.026242
0.026242
0.026242
0.026242
0.026242
0.026242
0.026242
0.026242
0.026242
0.026267
0.026316
0.026365
0.026365
0.026365
0.026365
0.026365
0.026365
0.026316
0.026242
0.026193
0.026168
0.026193
0.026218
0.026242
0.026242
0.026242
0.026242
0.026242
0.026242
0.026242
0.026267
0.026267
0.026267
0.026267
0.026267
0.026267
0.026242
0.026267
0.026267
0.026267
0.026267
0.026267
0.026267
0.026267
0.026267
0.026267
0.026267
0.026267
0.026267
0.026267
0.026267
0.026267
0.026267
0.026267
0.026267
0.026267
0.026267
0.026292
0.026292
0.026292
0.026292
0.026292
0.026292
0.026292
0.026292
0.026292
0.026292
0.026292
0.026292
0.026292
0.026292
0.026292
0.026292
0.026316
0.026316
0.026316
0.026316
0.026316
0.026341
0.026341
0.026341
0.026341
0.026341
0.026341
0.026341
0.026341
0.026341
0.026341
0.026341
0.026316
0.026316
0.026316
0.026292
0.026292
0.026292
0.026267
0.026267
0.026242
0.026242
0.026242
0.026218
0.026218
0.026218
0.026218
0.026193
0.026193
0.026193
0.026193
0.026193
0.026193
0.026193
0.026193
0.026193
0.026193
0.026168
0.026168
0.026193
0.026168
0.026168
0.026193
0.026193
0.026193
0.026193
0.026193
0.026193
0.026193
0.026193
0.026193
0.026193
0.026193
0.026193
0.026193
0.026193
0.026193
0.026193
0.026193
0.026193
0.026193
0.026193
0.026193
0.026193
0.026193
0.026193
0.026193
0.026193
0.026193
0.026193
0.026193
0.026193
0.026193
0.026168
0.026168
0.026193
0.026168
0.026168
0.026168
0.026168
0.026168
0.026168
0.026168
0.026168
0.026168
0.026168
0.026168
0.026168
0.026168
0.026168
0.026168
0.026168
0.026168
0.026168
0.026168
0.026168
0.026168
0.026168
0.026168
0.026168
0.026168
0.026168
0.026168
0.026168
0.026168
0.026168
0.026168
0.026168
0.026168
0.026168
0.026168
0.026193
0.026193
0.026193
0.026193
0.026168
0.026168
0.026168
0.026193
0.026168
0.026168
0.026168
0.026168
0.026193
0.026193
0.026168
0.026168
0.026193
0.026193
0.026193
0.026193
0.026193
0.026168
0.026193
0.026193
0.026168
0.026168
0.026168
0.026193
0.026193
0.026193
0.026193
0.026168
0.026193
0.026193
0.026193
0.026193
0.026193
0.026193
0.026193
0.026193
0.026193
0.026168
0.026168
0.026168
0.026168
0.026168
0.026168
0.026168
0.026168
0.026168
0.026168
0.026193
0.026193
0.026193
0.026193
0.026193
0.026193
0.026193
0.026193
0.026193
0.026193
0.026193
0.026193
0.026193
0.026193
0.026193
0.026193
0.026193
0.026193
0.026193
0.026193
0.026193
0.026193
0.026168
0.026168
0.026168
0.026168
0.026168
0.026168
0.026168
0.026168
0.026168
0.026193
0.026218
0.026267
0.026292
0.026292
0.026292
0.026292
0.026292
0.026095
0.026095
0.026119
0.026144
0.026168
0.026168
0.026168
0.026168
0.026168
0.026168
0.026168
0.026193
0.026193
0.026193
0.026193
0.026193
0.026193
0.026193
0.026193
0.026193
0.026193
0.026193
0.026193
0.026193
0.026193
0.026193
0.026193
0.026193
0.026193
0.026193
0.026193
0.026193
0.026193
0.026193
0.026193
0.026193
0.026193
0.026193
0.026193
0.026193
0.026193
0.026218
0.026218
0.026218
0.026218
0.026218
0.026193
0.026193
0.026193
0.026193
0.026218
0.026218
0.026218
0.026218
0.026218
0.026242
0.026242
0.026242
0.026242
0.026242
0.026242
0.026267
0.026267
0.026267
0.026267
0.026267
0.026267
0.026267
0.026267
0.026267
0.026267
0.026267
0.026267
0.026267
0.026242
0.026242
0.026242
0.026218
0.026218
0.026218
0.026168
0.026168
0.026168
0.026144
0.026144
0.026144
0.026144
0.026144
0.026144
0.026144
0.026144
0.026144
0.026144
0.026144
0.026144
0.026144
0.026144
0.026144
0.026144
0.026144
0.026144
0.026144
0.026144
0.026144
0.026168
0.026144
0.026144
0.026168
0.026144
0.026144
0.026144
0.026144
0.026144
0.026144
0.026144
0.026168
0.026168
0.026168
0.026168
0.026168
0.026168
0.026168
0.026168
0.026168
0.026168
0.026168
0.026168
0.026168
0.026144
0.026144
0.026168
0.026144
0.026168
0.026168
0.026168
0.026144
0.026144
0.026144
0.026144
0.026144
0.026144
0.026144
0.026144
0.026144
0.026144
0.026144
0.026144
0.026144
0.026144
0.026144
0.026144
0.026144
0.026144
0.026144
0.026144
0.026144
0.026144
0.026144
0.026144
0.026144
0.026144
0.026144
0.026144
0.026144
0.026144
0.026144
0.026144
0.026144
0.026144
0.026144
0.026144
0.026144
0.026144
0.026144
0.026144
0.026144
0.026144
0.026144
0.026144
0.026144
0.026144
0.026144
0.026144
0.026144
0.026144
0.026144
0.026144
0.026144
0.026144
0.026144
0.026144
0.026144
0.026144
0.026144
0.026144
0.026144
0.026144
0.026144
0.026144
0.026144
0.026144
0.026144
0.026144
0.026144
0.026144
0.026144
0.026144
0.026144
0.026144
0.026144
0.026144
0.026144
0.026144
0.026144
0.026144
0.026144
0.026144
0.026144
0.026144
0.026144
0.026144
0.026144
0.026144
0.026144
0.026144
0.026144
0.026144
0.026144
0.026144
0.026144
0.026144
0.026144
0.026144
0.026144
0.026144
0.026144
0.026119
0.026144
0.026144
0.026144
0.026144
0.026144
0.026144
0.026144
0.026144
0.026144
0.026168
0.026193
0.026242
0.026267
0.026267
0.026242
0.026267
0.026267
0.026218
0.026144
0.02607
0.026045
0.02607
0.026095
0.026119
0.026144
0.026144
0.026144
0.026144
0.026144
0.026144
0.026144
0.026144
0.026144
0.026168
0.026168
0.026144
0.026168
0.026168
0.026168
0.026144
0.026144
0.026168
0.026168
0.026168
0.026168
0.026168
0.026168
0.026168
0.026168
0.026193
0.026193
0.026193
0.026193
0.026193
0.026193
0.026193
0.026193
0.026193
0.026193
0.026193
0.026193
0.026193
0.026193
0.026193
0.026193
0.026193
0.026193
0.026193
0.026193
0.026218
0.026218
0.026218
0.026218
0.026218
0.026218
0.026242
0.026242
0.026242
0.026242
0.026242
0.026242
0.026267
0.026267
