2018
3
20
17
13
52.343
0.04153
0.04153
0.04153
0.04153
0.04153
0.04153
0.04153
0.04153
0.04153
0.04153
0.04153
0.04153
0.04153
0.04153
0.04153
0.04153
0.04153
0.04153
0.04153
0.04153
0.04153
0.04153
0.04153
0.041505
0.041481
0.041456
0.041431
0.041407
0.041407
0.041431
0.041431
0.041456
0.041456
0.041456
0.041456
0.041456
0.041456
0.041456
0.041456
0.041456
0.041456
0.041456
0.041456
0.041456
0.041456
0.041456
0.041456
0.041456
0.041481
0.041481
0.041456
0.041456
0.041456
0.041456
0.041456
0.041431
0.041431
0.041431
0.041431
0.041431
0.041431
0.041431
0.041431
0.041456
0.041456
0.041456
0.041481
0.041481
0.041481
0.041481
0.041481
0.041456
0.041456
0.041456
0.041431
0.041407
0.041407
0.041382
0.041382
0.041382
0.041382
0.041407
0.041407
0.041407
0.041407
0.041431
0.041407
0.041407
0.041407
0.041407
0.041407
0.041407
0.041382
0.041382
0.041357
0.041357
0.041357
0.041333
0.041333
0.041333
0.041357
0.041357
0.041357
0.041357
0.041357
0.041382
0.041382
0.041382
0.041407
0.041407
0.041407
0.041407
0.041407
0.041407
0.041407
0.041382
0.041382
0.041407
0.041407
0.041382
0.041357
0.041357
0.041357
0.041357
0.041357
0.041357
0.041382
0.041382
0.041382
0.041407
0.041407
0.041407
0.041407
0.041407
0.041407
0.041407
0.041382
0.041382
0.041357
0.041333
0.041308
0.041308
0.041308
0.041308
0.04121
0.041259
0.041801
0.042465
0.042982
0.043278
0.043376
0.043278
0.043056
0.042761
0.042391
0.041948
0.041653
0.041481
0.041407
0.041357
0.041259
0.041259
0.041234
0.041234
0.041234
0.04121
0.04121
0.04121
0.041234
0.041234
0.041234
0.041234
0.041234
0.041234
0.041234
0.041234
0.041234
0.041234
0.041234
0.041234
0.041234
0.041234
0.041234
0.041234
0.04121
0.04121
0.041185
0.04116
0.04116
0.041136
0.041111
0.041062
0.041037
0.041013
0.041013
0.040988
0.040964
0.040964
0.040964
0.040964
0.040988
0.040988
0.041013
0.041013
0.041037
0.041062
0.041087
0.041111
0.041136
0.04116
0.041185
0.04121
0.041234
0.041234
0.041259
0.041284
0.041308
0.041333
0.041333
0.041357
0.041357
0.041382
0.041382
0.041382
0.041382
0.041357
0.041357
0.041357
0.041357
0.041333
0.041333
0.041333
0.041308
0.041308
0.041308
0.041308
0.041308
0.041308
0.041308
0.041308
0.041284
0.041259
0.041259
0.041259
0.041259
0.041234
0.041234
0.041234
0.04121
0.04121
0.04121
0.041185
0.041185
0.04121
0.04121
0.04121
0.04121
0.04121
0.041234
0.041234
0.041234
0.041234
0.041234
0.041234
0.04121
0.04121
0.04121
0.04121
0.04121
0.041185
0.041185
0.041185
0.041185
0.041185
0.041185
0.041185
0.041185
0.04121
0.04121
0.04121
0.04121
0.041185
0.041185
0.04116
0.04116
0.04116
0.041136
0.041111
0.041111
0.041087
0.041087
0.041087
0.041062
0.041062
0.041062
0.041062
0.041062
0.041062
0.041062
0.041062
0.041087
0.041087
0.041062
0.041062
0.041062
0.041062
0.041037
0.041037
0.041037
0.041037
0.041037
0.041037
0.041037
0.041062
0.041062
0.041062
0.041062
0.041087
0.041087
0.041087
0.041087
0.041087
0.041087
0.041087
0.041087
0.041087
0.041087
0.041087
0.041087
0.041087
0.041087
0.041087
0.041062
0.041062
0.041062
0.041062
0.041062
0.041062
0.041062
0.041037
0.041037
0.041062
0.041062
0.041062
0.041062
0.041062
0.041087
0.041087
0.041087
0.041087
0.041087
0.041087
0.041111
0.041087
0.041111
0.041111
0.041111
0.041111
0.041087
0.041087
0.041013
0.041037
0.041013
0.040914
0.040988
0.04153
0.042194
0.042711
0.043007
0.043081
0.042982
0.042736
0.042465
0.042071
0.041653
0.041357
0.041234
0.041185
0.041136
0.041111
0.041111
0.041087
0.041087
0.041087
0.041087
0.041062
0.041062
0.041062
0.041062
0.041087
0.041087
0.041087
0.041087
0.041087
0.041111
0.041111
0.041136
0.041136
0.04116
0.041185
0.041234
0.041234
0.041234
0.041234
0.04121
0.04121
0.04121
0.041185
0.04116
0.041136
0.041111
0.041111
0.041087
0.041062
0.041062
0.041062
0.041062
0.041062
0.041062
0.041062
0.041062
0.041087
0.041087
0.041111
0.041111
0.041136
0.04116
0.041185
0.04121
0.041234
0.041259
0.041284
0.041308
0.041308
0.041333
0.041357
0.041357
0.041382
0.041382
0.041382
0.041407
0.041407
0.041407
0.041431
0.041431
0.041431
0.041431
0.041431
0.041431
0.041431
0.041431
0.041431
0.041431
0.041407
0.041407
0.041407
0.041407
0.041382
0.041382
0.041357
0.041357
0.041333
0.041333
0.041333
0.041333
0.041333
0.041333
0.041357
0.041357
0.041357
0.041382
0.041382
0.041382
0.041382
0.041382
0.041382
0.041382
0.041357
0.041357
0.041357
0.041382
0.041382
0.041382
0.041407
0.041407
0.041431
0.041431
0.041456
0.041456
0.041481
0.041481
0.041481
0.041481
0.041481
0.041481
0.041481
0.041505
0.041505
0.041505
0.04153
0.04153
0.04153
0.041505
0.041505
0.041505
0.041505
0.041505
0.041481
0.041505
0.041505
0.041505
0.041505
0.041505
0.04153
0.04153
0.04153
0.041554
0.041554
0.041554
0.041554
0.041579
0.041579
0.041579
0.041579
0.041579
0.041604
0.041604
0.041604
0.041604
0.041604
0.041604
0.041604
0.041628
0.041628
0.041628
0.041628
0.041628
0.041628
0.041628
0.041628
0.041628
0.041628
0.041628
0.041628
0.041628
0.041628
0.041628
0.041628
0.041628
0.041628
0.041628
0.041628
0.041628
0.041628
0.041653
0.041653
0.041653
0.041677
0.041677
0.041702
0.041751
0.041776
0.041776
0.041776
0.041776
0.041776
0.041776
0.041776
0.041776
0.041801
0.041776
0.041776
0.041776
0.041776
0.041776
0.041751
0.041751
0.041751
0.041727
0.041727
0.041702
0.041653
0.041653
0.041677
0.041604
0.041505
0.041751
0.042367
0.043007
0.043475
0.043696
0.043745
0.043573
0.043327
0.043031
0.042588
0.042194
0.041948
0.041825
0.041751
0.041653
0.041653
0.041628
0.041628
0.041604
0.041628
0.041628
0.041604
0.041628
0.041628
0.041653
0.041653
0.041628
0.041628
0.041628
0.041604
0.041604
0.041604
0.041604
0.041604
0.041604
0.041604
0.041604
0.041604
0.041604
0.041604
0.041579
0.041554
0.04153
0.041505
0.041481
0.041456
0.041407
0.041357
0.041333
0.041308
0.041259
0.041259
0.041234
0.041259
0.041333
0.041357
0.041382
0.041407
0.041431
0.041456
0.041481
0.041481
0.041481
0.041505
0.041505
0.041505
0.041505
0.041505
0.041505
0.041505
0.041505
0.041505
0.041505
0.041505
0.041505
0.041505
0.041505
0.041505
0.04153
0.04153
0.041505
0.041505
0.041505
0.041481
0.041481
0.041481
0.041456
0.041431
0.041407
0.041407
0.041407
0.041407
0.041382
0.041382
0.041357
0.041357
0.041357
0.041357
0.041382
0.041382
0.041382
0.041382
0.041382
0.041382
0.041382
0.041357
0.041357
0.041333
0.041333
0.041308
0.041308
0.041284
0.041284
0.041259
0.041259
0.041259
0.041234
0.041234
0.04121
0.04121
0.041185
0.041185
0.041185
0.041185
0.04116
0.04116
0.04116
0.04116
0.04116
0.04116
0.041185
0.041185
0.041185
0.041185
0.04121
0.04121
0.04121
0.04121
0.04121
0.04121
0.04121
0.04121
0.041185
0.041185
0.04121
0.041185
0.041185
0.041185
0.04121
0.04121
0.04121
0.04121
0.04121
0.041234
0.041234
0.04121
0.04121
0.04121
0.04121
0.041185
0.041185
0.041185
0.04116
0.04116
0.04116
0.04116
0.04116
0.04116
0.04116
0.04116
0.04116
0.04116
0.04116
0.04116
0.041136
0.041136
0.041136
0.041136
0.041136
0.041136
0.041136
0.041136
0.04116
0.04116
0.04116
0.04116
0.041185
0.041185
0.041185
0.04116
0.04116
0.04116
0.04116
0.041136
0.041136
0.041136
0.041136
0.041136
0.041136
0.041111
0.041111
0.041111
0.041111
0.041136
0.041136
0.041136
0.041136
0.041136
0.041136
0.041136
0.041136
0.041136
0.041111
0.041111
0.041062
0.041037
0.041037
0.041037
0.041013
0.040988
0.040964
0.040964
0.040964
0.040865
0.040914
0.041382
0.042071
0.042638
0.042982
0.043105
0.043056
0.042859
0.042588
0.042219
0.041776
0.041431
0.041259
0.041185
0.041136
0.041111
0.041087
0.041087
0.041062
0.041062
0.041037
0.041037
0.041013
0.041013
0.041013
0.041013
0.041013
0.041013
0.041013
0.041037
0.041037
0.041062
0.041062
0.041062
0.041062
0.041062
0.041062
0.041062
0.041037
0.041037
0.041013
0.040988
0.040964
0.040914
0.04089
0.040865
0.04084
0.04084
0.040816
0.040791
0.040791
0.040791
0.040791
0.040791
0.040816
0.040816
0.04084
0.04084
0.040865
0.040865
0.04089
0.040914
0.040939
0.040964
0.040988
0.041013
0.041037
0.041062
0.041062
0.041087
0.041136
0.041136
0.041136
0.041136
0.041136
0.041136
0.041136
0.041136
0.041136
0.041136
0.041136
0.041136
0.041136
0.041136
0.041136
0.041136
0.041136
0.041111
0.041111
0.041111
0.041087
0.041087
0.041062
0.041062
0.041062
0.041037
0.041037
0.041037
0.041037
0.041037
0.041037
0.041037
0.041062
0.041062
0.041087
0.041087
0.041087
0.041087
0.041111
0.041111
0.041087
0.041062
0.041062
0.041062
0.041037
0.041037
0.041037
0.041013
0.041013
0.041013
0.041013
0.041013
0.041013
0.041013
0.041013
0.041013
0.041013
0.041013
0.041013
0.041037
0.041037
0.041037
0.041037
0.041037
0.041037
0.041037
0.041037
0.041013
0.041013
0.041037
0.041013
0.041013
0.041013
0.041013
0.041013
0.041013
0.041013
0.041013
0.041013
0.041013
0.041037
0.041037
0.041037
0.041013
0.041013
0.041013
0.041013
0.041013
0.040988
0.040988
0.040988
0.040988
0.040988
0.040988
0.040988
0.040988
0.040964
0.040964
0.040964
0.040964
0.040964
0.040964
0.040964
0.040964
0.040964
0.040988
0.040988
0.040988
0.040988
0.041013
0.041013
0.041013
0.041013
0.041037
0.041037
0.041037
0.041037
0.041037
0.041037
0.041037
0.041037
0.041037
0.041062
0.041062
0.041062
0.041062
0.041062
0.041062
0.041087
0.041087
0.041087
0.041087
0.041087
0.041087
0.041087
0.041087
0.041111
0.041111
0.041111
0.041111
0.041111
0.041087
0.041087
0.041087
0.041087
0.041087
0.041087
0.041087
0.041087
0.041087
0.041087
0.041087
0.041087
0.041062
0.041062
0.041037
0.041037
0.041037
0.040988
0.040914
0.042859
0.043105
0.04313
0.042982
0.042736
0.042416
0.041973
0.04153
0.041284
0.04116
0.041111
0.041062
0.041037
0.041013
0.041013
0.041013
0.040988
0.040988
0.040988
0.040964
0.040964
0.040964
0.040964
0.040964
0.040964
0.040964
0.040964
0.040964
0.040964
0.040964
0.040964
0.040964
0.040964
0.040964
0.040964
0.040964
0.040964
0.040964
0.040964
0.040939
0.04084
0.040816
0.040791
0.040742
0.040717
0.040693
0.040668
0.040668
0.040644
0.040644
0.040619
0.040644
0.040644
0.040644
0.040644
0.040644
0.040668
0.040668
0.040693
0.040717
0.040717
0.040742
0.040767
0.040791
0.040791
0.040816
0.040816
0.040816
0.04084
0.04084
0.04084
0.04084
0.04084
0.04084
0.040816
0.040816
0.040816
0.040791
0.040791
0.040791
0.040816
0.040791
0.040791
0.040791
0.040816
0.040816
0.040791
0.040791
0.040791
0.040791
0.040767
0.040767
0.040742
0.040742
0.040742
0.040742
0.040717
0.040717
0.040717
0.040717
0.040717
0.040717
0.040717
0.040717
0.040717
0.040717
0.040693
0.040693
0.040693
0.040693
0.040693
0.040668
0.040668
0.040668
0.040668
0.040644
0.040644
0.040644
0.040644
0.040644
0.040619
0.040619
0.040619
0.040644
0.040644
0.040644
0.040668
0.040668
0.040668
0.040693
0.040693
0.040717
0.040717
0.040717
0.040742
0.040742
0.040742
0.040742
0.040717
0.040717
0.040717
0.040693
0.040693
0.040668
0.040668
0.040644
0.040644
0.040644
0.040644
0.040644
0.040644
0.040644
0.040668
0.040668
0.040668
0.040668
0.040668
0.040693
0.040693
0.040693
0.040742
0.040767
0.040767
0.040767
0.040767
0.040767
0.040767
0.040767
0.040767
0.040767
0.040767
0.040767
0.040767
0.040767
0.040767
0.040767
0.040767
0.040767
0.040791
0.040791
0.040791
0.040816
0.040816
0.040816
0.040816
0.040791
0.040791
0.040791
0.040767
0.040767
0.040742
0.040742
0.040717
0.040717
0.040693
0.040693
0.040693
0.040693
0.040693
0.040693
0.040742
0.040767
0.040767
0.040791
0.040791
0.040791
0.040791
0.040816
0.040816
0.040816
0.040816
0.040791
0.040791
0.040791
0.040791
0.040791
0.040816
0.040816
0.040816
0.040816
0.040816
0.040816
0.040816
0.040816
0.040816
0.040816
0.040791
0.040767
0.040742
0.040742
0.040742
0.040644
0.040619
0.041013
0.041677
0.042268
0.042638
0.042785
0.042761
0.042588
0.04116
0.040964
0.04089
0.04084
0.040816
0.040791
0.040767
0.040767
0.040742
0.040717
0.040717
0.040693
0.040693
0.040693
0.040693
0.040693
0.040693
0.040693
0.040693
0.040693
0.040693
0.040693
0.040717
0.040717
0.040717
0.040717
0.040742
0.040742
0.040742
0.040717
0.040717
0.040717
0.040693
0.040693
0.040668
0.040644
0.040619
0.040594
0.04057
0.040545
0.040471
0.040447
0.040447
0.040447
0.040447
0.040447
0.040447
0.040447
0.040471
0.040496
0.04052
0.04052
0.040545
0.040594
0.040619
0.040644
0.040668
0.040668
0.040693
0.040717
0.040717
0.040742
0.040742
0.040767
0.040767
0.040767
0.040791
0.040791
0.040816
0.040816
0.04084
0.04084
0.04084
0.04084
0.040865
0.040865
0.040865
0.04084
0.04084
0.04084
0.040816
0.040816
0.040816
0.040791
0.040791
0.040791
0.040767
0.040767
0.040767
0.040767
0.040767
0.040767
0.040767
0.040767
0.040767
0.040767
0.040742
0.040742
0.040742
0.040717
0.040717
0.040717
0.040693
0.040693
0.040668
0.040668
0.040668
0.040668
0.040668
0.040693
0.040693
0.040693
0.040717
0.040717
0.040717
0.040717
0.040717
0.040742
0.040717
0.040717
0.040717
0.040717
0.040717
0.040717
0.040717
0.040742
0.040742
0.040767
0.040767
0.040767
0.040791
0.040791
0.040791
0.040816
0.040816
0.040791
0.040791
0.040791
0.040791
0.040791
0.040791
0.040767
0.040791
0.040767
0.040767
0.040791
0.040791
0.040791
0.040791
0.040791
0.040791
0.040816
0.040816
0.040816
0.040816
0.04084
0.04084
0.04084
0.04084
0.040865
0.040865
0.040865
0.040865
0.040865
0.040865
0.040865
0.040865
0.04084
0.04084
0.04084
0.04084
0.04084
0.04084
0.040865
0.040865
0.040865
0.040865
0.04089
0.04089
0.04089
0.04089
0.040865
0.040865
0.040865
0.040865
0.040865
0.04084
0.04084
0.04084
0.040865
0.040865
0.040865
0.04089
0.040914
0.040914
0.040939
0.040939
0.040939
0.040964
0.040964
0.040988
0.040964
0.040964
0.040939
0.040939
0.040939
0.040939
0.040914
0.040914
0.040914
0.040939
0.040939
0.040914
0.040914
0.040914
0.04089
0.040865
0.04089
0.04089
0.040816
0.040767
0.04116
0.041825
0.042416
0.04281
0.043007
0.043007
0.04281
0.042564
0.042219
0.041751
0.041357
0.04116
0.041087
0.041037
0.041013
0.040988
0.040964
0.040964
0.040939
0.040914
0.04089
0.04089
0.04089
0.04089
0.040914
0.040914
0.040914
0.040914
0.040914
0.040914
0.040914
0.040914
0.040914
0.040914
0.040914
0.040914
0.040914
0.040914
0.04089
0.04089
0.040865
0.04084
0.040816
0.040816
0.040767
0.040742
0.040742
0.040717
0.040693
0.040693
0.040668
0.040644
0.040644
0.040644
0.040644
0.040644
0.040644
0.040668
0.040668
0.040767
0.040791
0.04084
0.040865
0.04089
0.040914
0.040914
0.040939
0.040964
0.040964
0.040964
0.040988
0.040988
0.040988
0.040988
0.041013
0.041013
0.041013
0.041013
0.041037
0.041037
0.041037
0.041037
0.041037
0.041037
0.041037
0.041013
0.041013
0.041013
0.041013
0.040988
0.040988
0.040988
0.040964
0.040964
0.040964
0.040939
0.040939
0.040914
0.040914
0.04089
0.040865
0.040865
0.040865
0.040865
0.04084
0.04084
0.04084
0.040816
0.040816
0.040816
0.040816
0.040816
0.040816
0.040816
0.040816
0.040816
0.040816
0.04084
0.04084
0.04084
0.04084
0.040865
0.040865
0.040865
0.040865
0.04089
0.04089
0.04089
0.04089
0.04089
0.040914
0.040914
0.040914
0.040939
0.040939
0.040964
0.040964
0.040964
0.040964
0.040964
0.040964
0.040964
0.040964
0.040964
0.040964
0.040964
0.040964
0.040964
0.040964
0.040964
0.040964
0.040964
0.040964
0.040964
0.040964
0.040939
0.040939
0.040939
0.040939
0.040914
0.040914
0.040939
0.040939
0.040939
0.040939
0.040939
0.040964
0.040964
0.040964
0.040964
0.040988
0.040988
0.040988
0.040988
0.040988
0.040988
0.040988
0.040988
0.040988
0.040964
0.040964
0.040964
0.040964
0.040964
0.040964
0.040964
0.040964
0.040964
0.040964
0.040964
0.040964
0.040964
0.040964
0.040964
0.040964
0.040964
0.040964
0.040964
0.040988
0.040988
0.040988
0.040988
0.040988
0.040964
0.040964
0.040964
0.040964
0.040964
0.040939
0.040939
0.040939
0.040914
0.040914
0.040939
0.040939
0.040939
0.040964
0.040964
0.040964
0.040988
0.040988
0.040988
0.040964
0.040964
0.040964
0.040914
0.040816
0.040988
0.041554
0.042219
0.042711
0.043007
0.043081
0.042982
0.042761
0.042465
0.042022
0.041604
0.041333
0.04121
0.04116
0.041111
0.041087
0.041062
0.041037
0.041013
0.041013
0.040988
0.040988
0.040964
0.040964
0.040964
0.040964
0.040964
0.040964
0.040988
0.040988
0.040988
0.040988
0.041013
0.041013
0.041013
0.041013
0.041013
0.041013
0.041013
0.040988
0.040988
0.040964
0.040964
0.040939
0.040914
0.04089
0.040865
0.04084
0.040816
0.040791
0.040791
0.040767
0.040767
0.040767
0.040742
0.040767
0.040767
0.040767
0.040767
0.040791
0.040816
0.04084
0.04084
0.040865
0.04089
0.040914
0.040939
0.040964
0.040964
0.040988
0.041013
0.041037
0.041062
0.041062
0.041087
0.041087
0.041087
0.041087
0.041087
0.041087
0.041087
0.041111
0.041111
0.041111
0.041111
0.041111
0.041111
0.041111
0.041111
0.041111
0.041111
0.041087
0.041087
0.041087
0.041087
0.041062
0.041062
0.041037
0.041037
0.041037
0.041013
0.041013
0.041013
0.041013
0.041013
0.041013
0.041013
0.041013
0.041013
0.040988
0.040988
0.040988
0.040988
0.040988
0.040988
0.040988
0.040988
0.040988
0.041013
0.041013
0.041013
0.041013
0.041037
0.041037
0.041062
0.041062
0.041062
0.041062
0.041062
0.041062
0.041062
0.041062
0.041062
0.041062
0.041062
0.041062
0.041062
0.041062
0.041087
0.041087
0.041087
0.041087
0.041087
0.041087
0.041087
0.041087
0.041087
0.041087
0.041087
0.041087
0.041087
0.041087
0.041087
0.041087
0.041062
0.041062
0.041062
0.041062
0.041062
0.041062
0.041062
0.041087
0.041087
0.041087
0.041087
0.041087
0.041087
0.041087
0.041087
0.041062
0.041087
0.041087
0.041062
0.041062
0.041062
0.041062
0.041062
0.041062
0.041062
0.041062
0.041062
0.041087
0.041087
0.041087
0.041087
0.041087
0.041087
0.041087
0.041087
0.041087
0.041087
0.041087
0.041087
0.041087
0.041087
0.041087
0.041087
0.041087
0.041111
0.041111
0.041136
0.041136
0.041136
0.041136
0.041136
0.04116
0.04116
0.04116
0.04116
0.04116
0.04116
0.04116
0.04116
0.04116
0.04116
0.041136
0.041136
0.041136
0.041136
0.041136
0.041136
0.041136
0.041136
0.041111
0.041111
0.041087
0.041062
0.041087
0.041062
0.040964
0.040988
0.041481
0.043228
0.043179
0.042982
0.042711
0.042293
0.041825
0.041481
0.041333
0.041259
0.041185
0.04116
0.04116
0.041136
0.041136
0.041136
0.041136
0.041111
0.041111
0.041111
0.041111
0.041111
0.041111
0.041111
0.041111
0.041111
0.041087
0.041087
0.041087
0.041087
0.041087
0.041087
0.041087
0.041087
0.041087
0.041087
0.041087
0.041087
0.041087
0.041087
0.041062
0.040964
0.040939
0.040914
0.04089
0.040865
0.04084
0.040816
0.040816
0.040791
0.040791
0.040791
0.040816
0.040816
0.04084
0.040865
0.040865
0.04089
0.040914
0.040939
0.040964
0.040988
0.041013
0.041037
0.041037
0.041062
0.041062
0.041062
0.041062
0.041087
0.041087
0.041087
0.041062
0.041062
0.041062
0.041062
0.041062
0.041062
0.041062
0.041062
0.041062
0.041087
0.041111
0.041111
0.041111
0.041111
0.041111
0.041111
0.041087
0.041087
0.041087
0.041062
0.041037
0.041037
0.041013
0.041013
0.040988
0.040988
0.040988
0.040988
0.040988
0.040988
0.040988
0.040988
0.040988
0.040988
0.040988
0.040988
0.040988
0.040964
0.040964
0.040964
0.040939
0.040939
0.040914
0.040914
0.04089
0.04089
0.04089
0.040865
0.040865
0.04089
0.04089
0.040914
0.040914
0.040939
0.040939
0.040939
0.040964
0.040964
0.040964
0.040964
0.040964
0.040964
0.040988
0.040988
0.040988
0.040964
0.040964
0.040964
0.040964
0.040964
0.040964
0.040964
0.040988
0.040988
0.040988
0.040988
0.040988
0.041013
0.041013
0.041013
0.040988
0.040988
0.040988
0.040988
0.040964
0.040964
0.040939
0.040939
0.040939
0.040914
0.040914
0.040914
0.04089
0.04089
0.04089
0.04089
0.04089
0.04089
0.04089
0.04089
0.04089
0.04089
0.04089
0.04089
0.04089
0.04089
0.04089
0.04089
0.04089
0.04089
0.04089
0.040914
0.040914
0.040914
0.040914
0.040914
0.040914
0.040939
0.040939
0.040939
0.040939
0.040939
0.040914
0.040914
0.040914
0.040914
0.04089
0.04089
0.04089
0.040865
0.040865
0.040865
0.040865
0.040865
0.040865
0.040865
0.040865
0.040865
0.040865
0.040865
0.040865
0.040865
0.04084
0.04084
0.04084
0.04084
0.04084
0.04084
0.04084
0.040816
0.040816
0.040816
0.040816
0.040767
0.040742
0.040767
0.040742
0.040644
0.040619
0.041013
0.041677
0.042268
0.042662
0.042859
0.042834
0.042638
0.042391
0.041997
0.04153
0.04084
0.040791
0.040791
0.040767
0.040742
0.040742
0.040717
0.040717
0.040693
0.040693
0.040693
0.040693
0.040668
0.040693
0.040693
0.040693
0.040668
0.040668
0.040668
0.040668
0.040668
0.040668
0.040668
0.040668
0.040668
0.040668
0.040668
0.040668
0.040644
0.040644
0.040619
0.040594
0.04057
0.04052
0.040496
0.040471
0.040447
0.040422
0.040397
0.040373
0.040348
0.040348
0.040373
0.040373
0.040397
0.040397
0.040447
0.040471
0.040496
0.04052
0.040545
0.04057
0.040594
0.040619
0.040644
0.040668
0.040693
0.040693
0.040717
0.040717
0.040717
0.040742
0.040742
0.040742
0.040742
0.040742
0.040742
0.040742
0.040742
0.040742
0.040742
0.040742
0.040742
0.040717
0.040717
0.040717
0.040717
0.040717
0.040693
0.040693
0.040644
0.040644
0.040644
0.040644
0.040644
0.040644
0.040644
0.040644
0.040644
0.040668
0.040668
0.040668
0.040668
0.040668
0.040693
0.040693
0.040668
0.040668
0.040668
0.040668
0.040644
0.040644
0.040644
0.040619
0.040619
0.040594
0.040594
0.04057
0.04057
0.04057
0.040545
0.040545
0.040545
0.040545
0.040545
0.040545
0.040545
0.040545
0.04057
0.04057
0.040594
0.040594
0.040594
0.040594
0.04057
0.04057
0.04057
0.04057
0.04057
0.04057
0.04057
0.04057
0.04057
0.04057
0.04057
0.04057
0.04057
0.04057
0.04057
0.04057
0.04057
0.04057
0.04057
0.04057
0.04057
0.04057
0.04057
0.04057
0.040545
0.040545
0.040545
0.040545
0.04052
0.04052
0.04052
0.040496
0.040496
0.040496
0.040496
0.040496
0.040496
0.040496
0.040496
0.040496
0.04052
0.04052
0.04052
0.04052
0.04052
0.040545
0.040545
0.040545
0.040545
0.04057
0.04057
0.04057
0.040594
0.040594
0.040619
0.040619
0.040619
0.040619
0.040619
0.040619
0.040619
0.040644
0.040668
0.040668
0.040668
0.040668
0.040668
0.040668
0.040668
0.040668
0.040668
0.040644
0.040644
0.040644
0.040644
0.040644
0.040644
0.040644
0.040644
0.040644
0.040668
0.040668
0.040668
0.040644
0.040644
0.040619
0.040594
0.040619
0.040594
0.04052
0.040471
0.04089
0.04153
0.042121
0.042514
0.042711
0.042711
0.042539
0.042268
0.041899
0.041431
0.041062
0.04089
0.040791
0.040742
0.040717
0.040693
0.040668
0.040668
0.040644
0.040644
0.040619
0.040619
0.040594
0.040594
0.040594
0.040594
0.040594
0.04057
0.04057
0.04057
0.040594
0.040594
0.040594
0.040594
0.040594
0.040619
0.040619
0.040619
0.040619
0.040594
0.040594
0.04057
0.04057
0.040545
0.04052
0.040496
0.040471
0.040447
0.040422
0.040422
0.040397
0.040397
0.040397
0.040397
0.040397
0.040397
0.040397
0.040422
0.040422
0.040422
0.040447
0.040471
0.040496
0.04052
0.040545
0.040619
0.040644
0.040644
0.040668
0.040693
0.040717
0.040717
0.040742
0.040767
0.040767
0.040767
0.040767
0.040791
0.040791
0.040791
0.040791
0.040791
0.040791
0.040791
0.040791
0.040791
0.040791
0.040791
0.040767
0.040767
0.040767
0.040767
0.040767
0.040767
0.040767
0.040767
0.040767
0.040767
0.040767
0.040767
0.040767
0.040742
0.040742
0.040742
0.040742
