2018
3
20
17
14
17.551
0.042391
0.042391
0.042391
0.042391
0.042391
0.042391
0.042391
0.042391
0.042391
0.042391
0.042391
0.042391
0.042391
0.042391
0.042391
0.042391
0.042391
0.042391
0.042391
0.042367
0.042367
0.042367
0.042367
0.042367
0.042391
0.042367
0.042391
0.042391
0.042367
0.042367
0.042367
0.042367
0.042367
0.042367
0.042367
0.042367
0.042367
0.042367
0.042367
0.042342
0.042367
0.042367
0.042367
0.042367
0.042367
0.042367
0.042367
0.042367
0.042367
0.042367
0.042367
0.042367
0.042367
0.042367
0.042342
0.042342
0.042342
0.042342
0.042342
0.042342
0.042342
0.042342
0.042342
0.042342
0.042342
0.042318
0.042318
0.042293
0.042268
0.042219
0.04217
0.042219
0.042465
0.042711
0.042958
0.043253
0.043598
0.043819
0.043893
0.043819
0.042514
0.042441
0.042391
0.042367
0.042342
0.042318
0.042318
0.042293
0.042293
0.042268
0.042268
0.042268
0.042268
0.042244
0.042244
0.042244
0.042268
0.042244
0.042244
0.042244
0.042244
0.042244
0.042244
0.042244
0.042244
0.042244
0.042219
0.042219
0.042219
0.042219
0.042219
0.042219
0.042194
0.042194
0.04217
0.04217
0.042145
0.042145
0.042121
0.042121
0.042071
0.042071
0.042047
0.042047
0.042047
0.042047
0.042047
0.042071
0.042071
0.042096
0.042096
0.042121
0.042145
0.04217
0.04217
0.042194
0.042219
0.042244
0.042244
0.042268
0.042268
0.042268
0.042293
0.042293
0.042293
0.042293
0.042293
0.042318
0.042318
0.042318
0.042318
0.042318
0.042318
0.042318
0.042318
0.042318
0.042318
0.042318
0.042318
0.042293
0.042293
0.042293
0.042293
0.042268
0.042268
0.042268
0.042268
0.042268
0.042268
0.042268
0.042244
0.042244
0.042244
0.042244
0.042244
0.042244
0.042244
0.042244
0.042244
0.042244
0.042244
0.042244
0.042219
0.042219
0.042219
0.042219
0.042219
0.042219
0.042219
0.042219
0.042219
0.042219
0.042219
0.042219
0.042219
0.042219
0.042219
0.042219
0.042219
0.042219
0.042219
0.042219
0.042219
0.042219
0.042219
0.042219
0.042219
0.042219
0.042219
0.042194
0.042194
0.042194
0.042194
0.042194
0.042194
0.042194
0.042194
0.042194
0.042194
0.042194
0.042194
0.042194
0.042194
0.042194
0.042194
0.042194
0.042194
0.042194
0.042194
0.042194
0.042194
0.042194
0.042194
0.042194
0.042194
0.042194
0.042194
0.04217
0.04217
0.04217
0.042194
0.042194
0.042194
0.042194
0.042194
0.042194
0.042194
0.042194
0.042194
0.042194
0.042194
0.042194
0.042194
0.042194
0.042194
0.042194
0.042194
0.042194
0.042194
0.042194
0.042194
0.042194
0.042194
0.042194
0.042194
0.042194
0.042194
0.042194
0.042194
0.042194
0.042194
0.042194
0.042194
0.042194
0.042219
0.042194
0.042194
0.042194
0.042194
0.042194
0.042219
0.042219
0.042219
0.042219
0.042219
0.042219
0.042219
0.042194
0.042194
0.042194
0.042194
0.042194
0.042194
0.042194
0.04217
0.04217
0.042145
0.042121
0.042071
0.042022
0.042047
0.042244
0.04249
0.042711
0.043007
0.043351
0.043598
0.043721
0.043671
0.043401
0.042958
0.042588
0.042391
0.042318
0.042268
0.042244
0.042219
0.042194
0.04217
0.04217
0.042121
0.042121
0.042121
0.042121
0.042121
0.042121
0.042121
0.042121
0.042096
0.042096
0.042096
0.042096
0.042096
0.042096
0.042096
0.042096
0.042096
0.042096
0.042071
0.042071
0.042047
0.042047
0.042047
0.042022
0.041997
0.041997
0.041973
0.041973
0.041948
0.041948
0.041924
0.041924
0.041924
0.041924
0.041924
0.041924
0.041924
0.041924
0.041948
0.041948
0.041997
0.042022
0.042047
0.042071
0.042071
0.042096
0.042096
0.042121
0.042121
0.042145
0.042145
0.042145
0.042145
0.04217
0.04217
0.04217
0.04217
0.04217
0.04217
0.04217
0.04217
0.042145
0.042145
0.042145
0.042145
0.042145
0.042145
0.042145
0.042145
0.042145
0.042145
0.042145
0.042145
0.042145
0.042145
0.042145
0.042121
0.042121
0.042121
0.042121
0.042121
0.042121
0.042096
0.042096
0.042096
0.042096
0.042096
0.042096
0.042096
0.042096
0.042096
0.042096
0.042096
0.042096
0.042096
0.042096
0.042096
0.042096
0.042096
0.042096
0.042096
0.042096
0.042096
0.042096
0.042096
0.042096
0.042096
0.042096
0.042096
0.042096
0.042096
0.042096
0.042096
0.042096
0.042096
0.042096
0.042096
0.042096
0.042096
0.042096
0.042071
0.042071
0.042071
0.042071
0.042071
0.042071
0.042071
0.042096
0.042096
0.042071
0.042071
0.042071
0.042096
0.042096
0.042096
0.042096
0.042096
0.042096
0.042096
0.042096
0.042096
0.042096
0.042096
0.042096
0.042096
0.042096
0.042096
0.042096
0.042096
0.042096
0.042096
0.042096
0.042096
0.042096
0.042096
0.042096
0.042096
0.042096
0.042096
0.042096
0.042096
0.042096
0.042096
0.042096
0.042096
0.042096
0.042096
0.042096
0.042096
0.042096
0.042096
0.042096
0.042096
0.042096
0.042096
0.042096
0.042096
0.042096
0.042096
0.042096
0.042096
0.042096
0.042096
0.042096
0.042096
0.042121
0.042096
0.042121
0.042121
0.042096
0.042096
0.042096
0.042096
0.042096
0.042121
0.042121
0.042096
0.042096
0.042096
0.042096
0.042096
0.042096
0.042096
0.042096
0.042096
0.042096
0.042096
0.042096
0.042096
0.042071
0.042071
0.042047
0.042022
0.041948
0.041997
0.042219
0.042465
0.042687
0.042982
0.043302
0.043524
0.043622
0.043548
0.043228
0.042785
0.042441
0.042293
0.042219
0.04217
0.042145
0.042145
0.042121
0.042096
0.042096
0.042096
0.042071
0.042071
0.042071
0.042071
0.042047
0.042022
0.042022
0.042022
0.042022
0.042022
0.042022
0.042022
0.042022
0.042022
0.042022
0.042022
0.042022
0.042022
0.041997
0.041997
0.041973
0.041973
0.041948
0.041948
0.041924
0.041899
0.041899
0.041874
0.041874
0.041874
0.04185
0.04185
0.04185
0.04185
0.04185
0.04185
0.04185
0.041874
0.041874
0.041899
0.041899
0.041924
0.041924
0.041948
0.041973
0.042022
0.042047
0.042047
0.042071
0.042071
0.042071
0.042071
0.042096
0.042096
0.042096
0.042096
0.042096
0.042096
0.042096
0.042096
0.042096
0.042096
0.042096
0.042096
0.042096
0.042096
0.042096
0.042096
0.042096
0.042096
0.042096
0.042096
0.042096
0.042096
0.042071
0.042096
0.042071
0.042071
0.042071
0.042071
0.042071
0.042071
0.042071
0.042071
0.042071
0.042047
0.042071
0.042047
0.042047
0.042047
0.042047
0.042047
0.042047
0.042047
0.042047
0.042047
0.042047
0.042047
0.042047
0.042047
0.042047
0.042047
0.042047
0.042047
0.042047
0.042047
0.042047
0.042047
0.042047
0.042047
0.042047
0.042047
0.042047
0.042047
0.042047
0.042047
0.042047
0.042047
0.042047
0.042047
0.042047
0.042047
0.042047
0.042047
0.042047
0.042047
0.042047
0.042047
0.042047
0.042047
0.042022
0.042047
0.042047
0.042047
0.042047
0.042047
0.042047
0.042047
0.042047
0.042047
0.042047
0.042047
0.042047
0.042047
0.042047
0.042047
0.042047
0.042047
0.042047
0.042047
0.042047
0.042047
0.042047
0.042047
0.042047
0.042047
0.042047
0.042047
0.042047
0.042047
0.042047
0.042047
0.042047
0.042047
0.042047
0.042047
0.042047
0.042047
0.042047
0.042047
0.042047
0.042022
0.042022
0.042022
0.042022
0.042022
0.042022
0.042022
0.042022
0.042022
0.042022
0.042022
0.041997
0.041997
0.042022
0.042022
0.042022
0.042022
0.042022
0.042022
0.042022
0.042022
0.042022
0.042022
0.042022
0.042022
0.042022
0.042022
0.042022
0.042022
0.042022
0.042022
0.042022
0.042022
0.042022
0.042022
0.042022
0.042022
0.042022
0.041997
0.041997
0.041973
0.041948
0.041899
0.04185
0.041973
0.042219
0.042441
0.042662
0.042958
0.043253
0.04345
0.043524
0.043376
0.042982
0.042564
0.042318
0.04217
0.042121
0.042071
0.042071
0.042047
0.042022
0.042022
0.041997
0.041997
0.041973
0.041973
0.041973
0.041973
0.041973
0.041973
0.041973
0.041973
0.041948
0.041948
0.041948
0.041948
0.041948
0.041948
0.041948
0.041948
0.041948
0.041948
0.041924
0.041924
0.041899
0.041899
0.041874
0.04185
0.04185
0.041825
0.041801
0.041801
0.041776
0.041776
0.041776
0.041776
0.041776
0.041776
0.041776
0.041776
0.041776
0.041801
0.041801
0.041825
0.041825
0.04185
0.041874
0.041899
0.041899
0.041924
0.041948
0.041948
0.041973
0.041997
0.042022
0.042022
0.042022
0.042022
0.042047
0.042047
0.042022
0.042022
0.042047
0.042047
0.042047
0.042047
0.042047
0.042022
0.042022
0.042022
0.042022
0.042022
0.042022
0.042022
0.042022
0.042022
0.042022
0.042022
0.042022
0.041997
0.041997
0.041997
0.041997
0.041997
0.041997
0.041997
0.041997
0.041997
0.041997
0.041997
0.041997
0.041997
0.041997
0.041973
0.041997
0.041997
0.041973
0.041973
0.041973
0.041973
0.041973
0.041973
0.041973
0.041973
0.041997
0.041997
0.041997
0.041997
0.041997
0.041997
0.041997
0.041997
0.041997
0.041997
0.041997
0.041997
0.041997
0.041973
0.041997
0.041997
0.041997
0.041997
0.041997
0.041997
0.041997
0.041973
0.041973
0.041973
0.041973
0.041973
0.041973
0.041973
0.041973
0.041973
0.041973
0.041973
0.041973
0.041973
0.041973
0.041973
0.041973
0.041973
0.041997
0.041997
0.041973
0.041973
0.041997
0.041997
0.041997
0.041997
0.041997
0.041997
0.041997
0.041997
0.041973
0.041997
0.041997
0.041973
0.041973
0.041973
0.041973
0.041973
0.041997
0.041973
0.041997
0.041973
0.041997
0.041997
0.041997
0.041997
0.041997
0.041997
0.041997
0.041997
0.041997
0.041997
0.041997
0.041997
0.041997
0.041997
0.041997
0.041973
0.041973
0.041973
0.041973
0.041973
0.041973
0.041973
0.041973
0.041973
0.041973
0.041997
0.041973
0.041973
0.041973
0.041973
0.041973
0.041973
0.041973
0.041973
0.041973
0.041973
0.041973
0.041973
0.041973
0.041973
0.041973
0.041973
0.041997
0.041997
0.041997
0.041997
0.041973
0.041973
0.041948
0.041948
0.041924
0.041874
0.041825
0.041874
0.042096
0.042318
0.042514
0.042785
0.043105
0.043327
0.043425
0.043351
0.043031
0.042613
0.042293
0.042145
0.042071
0.042047
0.042022
0.041997
0.041997
0.041973
0.041948
0.041948
0.041948
0.041924
0.041924
0.041924
0.041899
0.041899
0.041899
0.041899
0.041899
0.041874
0.041899
0.041874
0.041874
0.041874
0.041874
0.041874
0.041874
0.041874
0.04185
0.04185
0.04185
0.04185
0.041825
0.041825
0.041801
0.041801
0.041776
0.041776
0.041751
0.041751
0.041751
0.041727
0.041727
0.041727
0.041727
0.041727
0.041727
0.041751
0.041751
0.041751
0.041776
0.041776
0.041801
0.041825
0.04185
0.04185
0.041874
0.041899
0.041924
0.041924
0.041924
0.041924
0.041948
0.041973
0.041973
0.041973
0.041973
0.041973
0.041973
0.041973
0.041973
0.041973
0.041973
0.041973
0.041973
0.041997
0.041973
0.041973
0.041973
0.041997
0.041973
0.041973
0.041973
0.041973
0.041973
0.041973
0.041973
0.041973
0.041948
0.041973
0.041948
0.041948
0.041948
0.041948
0.041948
0.041948
0.041948
0.041948
0.041948
0.041948
0.041948
0.041948
0.041948
0.041948
0.041948
0.041948
0.041948
0.041924
0.041924
0.041948
0.041948
0.041948
0.041948
0.041948
0.041948
0.041948
0.041948
0.041948
0.041948
0.041948
0.041948
0.041924
0.041924
0.041924
0.041924
0.041924
0.041948
0.041924
0.041924
0.041924
0.041924
0.041924
0.041924
0.041924
0.041924
0.041924
0.041924
0.041924
0.041924
0.041924
0.041924
0.041924
0.041924
0.041924
0.041899
0.041899
0.041899
0.041899
0.041899
0.041899
0.041899
0.041899
0.041874
0.041899
0.041899
0.041899
0.041874
0.041899
0.041899
0.041899
0.041899
0.041899
0.041899
0.041899
0.041899
0.041899
0.041899
0.041899
0.041899
0.041899
0.041899
0.041899
0.041924
0.041924
0.041899
0.041924
0.041924
0.041924
0.041924
0.041924
0.041924
0.041924
0.041924
0.041899
0.041899
0.041899
0.041899
0.041899
0.041899
0.041899
0.041899
0.041924
0.041924
0.041924
0.041924
0.041924
0.041924
0.041924
0.041924
0.041924
0.041924
0.041924
0.041899
0.041899
0.041899
0.041899
0.041899
0.041899
0.041899
0.041899
0.041899
0.041899
0.041899
0.041924
0.041924
0.041899
0.041899
0.041899
0.041874
0.041874
0.04185
0.041801
0.041751
0.042391
0.042662
0.042982
0.043204
0.043327
0.043278
0.043007
0.042588
0.042268
0.042096
0.041997
0.041973
0.041948
0.041924
0.041899
0.041899
0.041874
0.041874
0.04185
0.04185
0.04185
0.04185
0.04185
0.04185
0.041825
0.041825
0.041825
0.041825
0.041825
0.041825
0.041825
0.041825
0.041825
0.041825
0.041825
0.041801
0.041801
0.041801
0.041801
0.041801
0.041776
0.041751
0.041727
0.041727
0.041727
0.041702
0.041702
0.041702
0.041677
0.041677
0.041677
0.041677
0.041677
0.041677
0.041677
0.041677
0.041677
0.041702
0.041702
0.041727
0.041727
0.041751
0.041751
0.041776
0.041801
0.041825
0.041825
0.04185
0.041874
0.041874
0.041899
0.041899
0.041899
0.041924
0.041924
0.041924
0.041924
0.041924
0.041924
0.041924
0.041899
0.041899
0.041899
0.041899
0.041899
0.041899
0.041899
0.041899
0.041899
0.041899
0.041899
0.041899
0.041899
0.041899
0.041899
0.041874
0.041874
0.041874
0.041874
0.041874
0.041874
0.041874
0.041874
0.04185
0.04185
0.04185
0.04185
0.04185
0.04185
0.04185
0.04185
0.04185
0.04185
0.04185
0.04185
0.04185
0.041874
0.041874
0.041874
0.041874
0.041874
0.041874
0.041874
0.041874
0.041874
0.041874
0.04185
0.041874
0.041874
0.041874
0.041874
0.041874
0.041874
0.041874
0.041874
0.041874
0.041874
0.041874
0.041874
0.041874
0.041874
0.041874
0.041874
0.041874
0.041874
0.041874
0.041874
0.041874
0.041874
0.041874
0.041874
0.041874
0.041874
0.041874
0.041874
0.041874
0.041874
0.041874
0.041874
0.041874
0.041874
0.041874
0.041874
0.041874
0.041874
0.041874
0.041874
0.041874
0.041874
0.041874
0.041874
0.041874
0.041874
0.041874
0.041874
0.041874
0.041874
0.041874
0.041874
0.041874
0.041874
0.04185
0.04185
0.041874
0.041874
0.041874
0.041874
0.04185
0.04185
0.041874
0.041874
0.041874
0.041874
0.041874
0.041874
0.041899
0.041899
0.041874
0.041899
0.041899
0.041874
0.041874
0.041874
0.041874
0.041874
0.041874
0.041874
0.041874
0.041874
0.041874
0.041874
0.041874
0.041899
0.041899
0.041874
0.041874
0.041874
0.041874
0.041874
0.041874
0.041874
0.041874
0.041874
0.041874
0.041874
0.041874
0.041874
0.041874
0.041874
0.041874
0.041874
0.04185
0.04185
0.041825
0.041776
0.041727
0.041751
0.041948
0.042145
0.042342
0.043278
0.043253
0.043007
0.042613
0.042268
0.042071
0.041973
0.041948
0.041924
0.041899
0.041874
0.041874
0.04185
0.04185
0.04185
0.04185
0.041825
0.041825
0.041825
0.041825
0.041825
0.041825
0.041825
0.041825
0.041825
0.041825
0.041825
0.041825
0.041825
0.041825
0.041801
0.041801
0.041801
0.041801
0.041801
0.041776
0.041776
0.041776
0.041776
0.041751
0.041727
0.041702
0.041702
0.041677
0.041677
0.041653
0.041653
0.041653
0.041653
0.041653
0.041653
0.041653
0.041677
0.041677
0.041677
0.041702
0.041727
0.041727
0.041751
0.041751
0.041776
0.041801
0.041825
0.041825
0.04185
0.04185
0.041874
0.041874
0.041874
0.041874
0.041874
0.041874
0.041874
0.041874
0.041874
0.041874
0.041874
0.041899
0.041899
0.041899
0.041874
0.041874
0.041874
0.041874
0.041874
0.041874
0.041874
0.041874
0.041874
0.041874
0.041874
0.041874
0.041874
0.041874
0.04185
0.04185
0.04185
0.04185
0.04185
0.04185
0.041825
0.041825
0.041825
0.04185
0.04185
0.04185
0.04185
0.04185
0.04185
0.04185
0.04185
0.04185
0.04185
0.04185
0.04185
0.04185
0.04185
0.04185
0.04185
0.04185
0.04185
0.04185
0.04185
0.04185
0.04185
0.04185
0.04185
0.04185
0.04185
0.04185
0.04185
0.04185
0.04185
0.04185
0.04185
0.04185
0.04185
0.04185
0.041825
0.041825
0.04185
0.041825
0.041825
0.041825
0.041825
0.041825
0.041825
0.041825
0.041825
0.041825
0.041825
0.041825
0.041825
0.041825
0.041825
0.041825
0.041825
0.041825
0.041825
0.041825
0.04185
0.04185
0.04185
0.04185
0.041825
0.041825
0.04185
0.041825
0.041825
0.041825
0.041825
0.041825
0.041825
0.041825
0.041825
0.041825
0.041825
0.041825
0.041825
0.041825
0.041825
0.041825
0.041825
0.041825
0.041825
0.041825
0.041825
0.041825
0.041825
0.041825
0.041825
0.041825
0.041825
0.041825
0.041825
0.041825
0.04185
0.04185
0.04185
0.04185
0.04185
0.041825
0.041825
0.041825
0.041825
0.041825
0.041825
0.04185
0.041825
0.041825
0.041825
0.041825
0.041825
0.041825
0.041825
0.041825
0.041825
0.041825
0.04185
0.041825
0.041825
0.041825
0.04185
0.04185
0.04185
0.041825
0.041825
0.041825
0.041825
0.04185
0.041825
0.041825
0.041801
0.041801
0.041776
0.041702
0.041653
0.041727
0.041948
0.042145
0.04313
0.043228
0.043155
0.042834
0.042441
0.042145
0.041997
0.041924
0.041874
0.041874
0.04185
0.04185
0.041825
0.041825
0.041825
0.041801
0.041801
0.041801
0.041776
0.041776
0.041776
0.041776
0.041776
0.041776
0.041776
0.041751
0.041751
0.041751
0.041751
0.041751
0.041751
0.041751
0.041751
0.041751
0.041751
0.041751
0.041751
0.041751
0.041727
0.041727
0.041677
0.041653
0.041653
0.041653
0.041628
0.041604
0.041604
0.041604
0.041604
0.041604
0.041604
0.041604
0.041604
0.041628
0.041628
0.041628
0.041653
0.041677
0.041677
0.041702
0.041727
0.041727
0.041751
0.041751
0.041776
0.041776
0.041801
0.041801
0.041801
0.041801
0.041801
0.041825
0.041825
0.041825
0.041825
0.041825
0.041825
0.041825
0.041825
0.041825
0.041825
0.041825
0.041825
0.041825
0.041825
0.041825
0.041825
0.041825
0.041825
0.041825
0.041825
0.041801
0.041801
0.041801
0.041801
0.041801
0.041801
0.041801
0.041801
0.041801
0.041801
0.041801
0.041801
0.041801
0.041801
0.041801
0.041801
0.041776
0.041776
0.041776
0.041776
0.041776
0.041776
0.041776
0.041776
0.041776
0.041776
0.041776
0.041776
0.041776
0.041801
0.041801
0.041801
0.041801
0.041801
0.041801
0.041801
0.041801
0.041801
0.041776
0.041776
0.041776
0.041776
0.041776
0.041776
0.041776
0.041776
0.041776
0.041776
0.041776
0.041776
0.041776
0.041776
0.041776
0.041776
0.041801
0.041801
0.041801
0.041801
0.041776
0.041801
0.041801
0.041776
0.041776
0.041776
0.041776
0.041776
0.041776
0.041776
0.041776
0.041776
0.041776
0.041801
0.041801
0.041801
0.041801
0.041801
0.041801
0.041801
0.041801
0.041801
0.041801
0.041825
0.041825
0.041825
0.041825
0.041825
0.041825
0.041825
0.041825
0.041825
0.041825
0.041825
0.041825
0.041825
0.041825
0.041825
0.041825
0.041825
0.041825
0.041825
0.041825
0.041825
0.041825
0.041825
0.041825
0.041825
0.041825
0.04185
0.04185
0.04185
0.04185
0.04185
0.041825
0.041825
0.041825
0.041825
0.04185
0.04185
0.04185
0.041825
0.041825
0.041825
0.041825
0.041825
0.041825
0.041825
0.041825
0.041825
0.04185
0.04185
0.041825
0.041825
0.041825
0.041825
0.041825
0.041825
0.041825
0.041825
0.041825
0.041825
0.041825
0.041801
0.041801
0.041776
0.041776
0.041727
0.041653
0.041702
0.041924
0.042908
0.04313
0.043228
0.043179
0.042884
0.04249
0.04217
0.042022
0.041948
0.041899
0.041874
0.041874
0.04185
0.04185
0.041825
0.041825
0.041825
0.041801
0.041801
0.041801
0.041801
0.041776
0.041776
0.041776
0.041776
0.041776
0.041776
0.041776
0.041776
0.041776
0.041751
0.041751
0.041776
0.041751
0.041751
0.041751
0.041751
0.041751
0.041751
0.041727
0.041702
0.041677
0.041677
0.041653
0.041653
0.041628
0.041628
0.041628
0.041628
0.041628
0.041604
0.041604
0.041628
0.041628
0.041628
0.041653
0.041653
0.041677
0.041702
0.041727
0.041727
0.041751
0.041751
0.041776
0.041801
0.041801
0.041825
0.041825
0.041825
0.041825
0.04185
0.04185
0.04185
0.04185
0.04185
0.04185
0.04185
0.04185
0.04185
0.04185
0.04185
0.04185
0.04185
0.04185
0.04185
0.04185
0.04185
0.04185
0.04185
0.04185
0.04185
0.04185
0.041825
0.041825
0.041825
0.041825
0.041825
0.041825
0.041825
0.041801
0.041825
0.041825
0.041825
0.041825
0.041801
0.041825
0.041825
0.041825
0.041825
0.041825
0.041825
0.041825
0.041825
0.041825
0.041825
0.041825
0.041825
0.041825
0.041825
0.041825
0.041825
0.041825
0.041825
0.041825
0.041825
0.041825
0.041825
0.041825
0.04185
0.04185
0.041825
0.041825
0.041825
0.041825
0.041825
0.041825
0.041825
0.041825
0.041825
0.041825
0.041801
0.041801
0.041801
0.041801
0.041801
0.041801
0.041801
0.041801
0.041801
0.041825
0.041801
0.041801
0.041801
0.041825
0.041825
0.041801
0.041801
0.041801
0.041801
0.041801
0.041801
0.041801
0.041801
0.041801
0.041825
0.041825
0.041825
0.041825
0.041825
0.041825
0.041825
0.041825
0.041825
0.041825
0.041825
0.041825
0.041825
0.041825
0.041825
0.041825
0.041825
0.041825
0.041825
0.041825
0.041825
0.041825
0.041825
0.041825
0.041825
0.041825
0.041825
0.04185
0.041825
0.04185
0.04185
0.04185
0.04185
0.04185
0.04185
0.04185
0.04185
0.04185
0.04185
0.04185
0.04185
0.04185
0.04185
0.04185
0.04185
0.04185
0.04185
0.04185
0.04185
0.04185
0.04185
0.04185
0.04185
0.041874
0.041874
0.041874
0.041874
0.041874
0.041874
0.041874
0.041874
0.041874
0.041874
0.041874
0.041874
0.04185
0.04185
0.04185
0.04185
0.041825
0.041801
0.041776
0.041727
0.041702
0.041825
0.042047
0.043204
0.043278
0.04313
0.042761
0.042391
0.042145
0.042022
0.041948
0.041924
0.041899
0.041874
0.041874
0.04185
0.04185
0.04185
0.041825
0.041825
0.041825
0.041825
0.041801
0.041801
0.041801
0.041801
0.041801
0.041825
0.041801
0.041801
0.041801
0.041825
0.041801
0.041801
0.041801
0.041801
0.041801
0.041801
0.041801
0.041776
0.041776
0.041776
0.041776
0.041727
0.041727
0.041702
0.041702
0.041677
0.041677
0.041677
0.041677
0.041677
0.041677
0.041677
0.041677
0.041677
0.041702
0.041702
0.041727
0.041727
0.041751
0.041751
0.041776
0.041801
0.041801
0.041825
0.041825
0.04185
0.04185
0.04185
0.041874
0.041899
0.041899
0.041899
0.041899
0.041899
0.041899
0.041899
0.041899
0.041924
0.041924
0.041899
0.041899
0.041899
0.041899
0.041899
0.041899
0.041899
0.041899
0.041899
0.041899
0.041899
0.041899
0.041874
0.041874
0.041874
0.041874
0.041874
0.041874
0.041874
0.041874
0.041874
0.041874
0.041874
0.041874
0.041874
0.041874
0.041874
0.041874
0.041874
0.041874
0.041874
0.041874
0.041874
0.041874
0.041874
0.041874
0.041874
0.041874
0.041874
0.041874
0.041874
0.041874
0.041899
0.041899
0.041899
0.041899
0.041899
0.041899
0.041874
0.041874
0.041874
0.041874
0.041874
0.041874
0.041874
0.041874
0.041874
0.041874
0.041874
0.041874
0.041874
0.041874
0.041874
0.041874
0.041874
0.041874
0.041874
0.041874
0.041874
0.041874
0.041874
0.041874
0.041874
0.041874
0.04185
0.041874
0.041874
0.041874
0.04185
0.04185
0.04185
0.041874
0.041874
0.041874
0.041874
0.041874
0.041874
0.041874
0.041899
0.041874
0.041874
0.041874
0.041874
0.041874
0.041874
0.041874
0.041874
0.041874
0.041874
0.041874
0.041874
0.041874
0.041874
0.041874
0.041874
0.041874
0.041874
0.041874
0.041874
0.041874
0.041874
0.041874
0.041899
0.041899
0.041899
0.041874
0.041874
0.041874
0.041874
0.041874
0.041874
0.04185
0.041874
0.041874
0.041874
0.041874
0.04185
0.041874
0.041874
0.041874
0.041874
0.041874
0.041874
0.041874
0.041874
0.041874
0.041874
0.041874
0.041874
0.041874
0.041874
0.041874
0.04185
0.04185
0.04185
0.04185
0.04185
0.04185
0.041825
0.041825
0.041801
0.041751
0.041702
0.041702
0.041874
0.042096
0.042293
0.04249
0.04281
0.043056
0.043204
0.043204
0.042071
0.041973
0.041924
0.041899
0.041874
0.041874
0.04185
0.04185
0.041825
0.041825
0.041825
0.041825
0.041825
0.041801
0.041801
0.041801
0.041801
0.041801
0.041801
0.041801
0.041801
0.041801
0.041776
0.041776
0.041776
0.041776
0.041776
0.041751
0.041751
0.041751
0.041751
0.041751
0.041727
0.041727
0.041727
0.041702
0.041702
0.041677
0.041677
0.041653
0.041604
0.041604
0.041604
0.041604
0.041604
0.041604
0.041604
0.041628
0.041628
0.041628
0.041653
0.041677
0.041677
0.041702
0.041727
0.041727
0.041751
0.041776
0.041776
0.041801
0.041801
0.041801
0.041825
0.041825
0.041825
0.041825
0.041825
0.04185
0.04185
0.04185
0.041825
0.04185
0.04185
0.04185
0.04185
0.04185
0.04185
0.04185
0.04185
0.04185
