2018
3
20
17
21
26.483
0.046576
0.046576
0.046576
0.046576
0.046576
0.046576
0.046576
0.046576
0.046576
0.046552
0.046576
0.046576
0.046552
0.046552
0.046552
0.046552
0.046552
0.046552
0.046527
0.046552
0.046527
0.046527
0.046527
0.046527
0.046527
0.046502
0.046502
0.046502
0.046502
0.046502
0.046502
0.046502
0.046502
0.046502
0.046502
0.046478
0.046478
0.046453
0.046453
0.046453
0.046453
0.046453
0.046453
0.046453
0.046453
0.046453
0.046453
0.046453
0.046429
0.046429
0.046429
0.046429
0.046429
0.046429
0.046429
0.046429
0.046429
0.046429
0.046404
0.046429
0.046404
0.046404
0.046404
0.046404
0.046404
0.046404
0.046404
0.046404
0.046404
0.046379
0.046404
0.046404
0.046404
0.046404
0.046404
0.046379
0.046379
0.046379
0.046379
0.046379
0.046379
0.046379
0.046379
0.046355
0.046379
0.046379
0.046355
0.046355
0.046355
0.046355
0.046355
0.046355
0.046355
0.046355
0.04633
0.04633
0.04633
0.04633
0.046306
0.046306
0.04633
0.046355
0.046404
0.046429
0.046478
0.046502
0.046552
0.046626
0.046626
0.046626
0.046601
0.046527
0.046453
0.04633
0.046281
0.046281
0.046306
0.046306
0.046281
0.046281
0.046281
0.046281
0.046281
0.046281
0.046256
0.046256
0.046256
0.046256
0.046256
0.046256
0.046256
0.046256
0.046256
0.046256
0.046256
0.046256
0.046256
0.046256
0.046232
0.046232
0.046232
0.046232
0.046232
0.046232
0.046232
0.046232
0.046232
0.046232
0.046232
0.046207
0.046207
0.046207
0.046207
0.046232
0.046232
0.046232
0.046232
0.046232
0.046232
0.046232
0.046207
0.046207
0.046182
0.046182
0.046182
0.046182
0.046158
0.046158
0.046158
0.046133
0.046133
0.046133
0.046133
0.046109
0.046109
0.046109
0.046109
0.046109
0.046109
0.046084
0.046084
0.046084
0.046084
0.046084
0.046084
0.046084
0.046084
0.046084
0.046084
0.046084
0.046084
0.046084
0.046084
0.046084
0.046084
0.046059
0.046059
0.046059
0.046059
0.046059
0.046059
0.046059
0.046059
0.046059
0.046035
0.046035
0.046035
0.046035
0.046035
0.04601
0.04601
0.04601
0.04601
0.04601
0.04601
0.04601
0.04601
0.04601
0.045986
0.045986
0.045986
0.045986
0.045986
0.045986
0.045986
0.045986
0.045986
0.045986
0.045986
0.045986
0.045986
0.045986
0.045986
0.045986
0.045986
0.045961
0.045986
0.045961
0.045986
0.045961
0.045936
0.045936
0.045936
0.045912
0.045912
0.045912
0.045912
0.045912
0.045912
0.045912
0.045912
0.045912
0.045912
0.045912
0.045912
0.045912
0.045912
0.045912
0.045912
0.045912
0.045887
0.045887
0.045887
0.045887
0.045887
0.045887
0.045887
0.045887
0.045887
0.045887
0.045887
0.045887
0.045887
0.045862
0.045862
0.045862
0.045862
0.045862
0.045862
0.045862
0.045838
0.045838
0.045838
0.045838
0.045838
0.045838
0.045838
0.045838
0.045813
0.045813
0.045813
0.045813
0.045813
0.045789
0.045789
0.045789
0.045789
0.045789
0.045789
0.045764
0.045764
0.045764
0.045764
0.045739
0.045739
0.045739
0.045739
0.045739
0.045715
0.045715
0.045715
0.045715
0.045715
0.045715
0.045715
0.045715
0.045715
0.045715
0.045715
0.045715
0.04569
0.04569
0.04569
0.04569
0.04569
0.045665
0.045665
0.045665
0.045665
0.045665
0.045665
0.045665
0.045665
0.045665
0.045665
0.045641
0.045641
0.045641
0.045641
0.045641
0.045616
0.045641
0.045641
0.045616
0.045616
0.045616
0.045616
0.045616
0.045616
0.045592
0.045592
0.045592
0.045616
0.045616
0.045665
0.04569
0.045739
0.045764
0.045813
0.045887
0.045862
0.045789
0.045665
0.045592
0.045567
0.045567
0.045592
0.045567
0.045567
0.045567
0.045542
0.045542
0.045542
0.045542
0.045542
0.045518
0.045518
0.045518
0.045518
0.045518
0.045518
0.045518
0.045518
0.045518
0.045518
0.045493
0.045493
0.045493
0.045493
0.045493
0.045493
0.045493
0.045493
0.045493
0.045493
0.045493
0.045493
0.045469
0.045493
0.045493
0.045493
0.045493
0.045493
0.045493
0.045493
0.045493
0.045493
0.045493
0.045493
0.045493
0.045493
0.045493
0.045469
0.045469
0.045469
0.045469
0.045444
0.045444
0.045444
0.045444
0.045419
0.045419
0.045419
0.045395
0.045395
0.045395
0.045395
0.045395
0.04537
0.04537
0.04537
0.045345
0.045345
0.045345
0.045345
0.045345
0.045345
0.045345
0.045321
0.045321
0.045321
0.045321
0.045321
0.045321
0.045321
0.045321
0.045321
0.045321
0.045321
0.045321
0.045296
0.045296
0.045296
0.045296
0.045272
0.045296
0.045272
0.045272
0.045272
0.045272
0.045272
0.045272
0.045272
0.045272
0.045272
0.045272
0.045247
0.045247
0.045247
0.045247
0.045222
0.045222
0.045222
0.045222
0.045222
0.045222
0.045222
0.045222
0.045198
0.045198
0.045173
0.045173
0.045173
0.045149
0.045149
0.045149
0.045149
0.045149
0.045149
0.045149
0.045124
0.045124
0.045124
0.045124
0.045124
0.045124
0.045124
0.045124
0.045124
0.045124
0.045099
0.045099
0.045099
0.045099
0.045099
0.045099
0.045099
0.045099
0.045099
0.045099
0.045075
0.045075
0.045075
0.045075
0.045075
0.045075
0.045075
0.045075
0.045075
0.045075
0.04505
0.04505
0.04505
0.04505
0.04505
0.045025
0.045025
0.045025
0.045025
0.045025
0.045025
0.045001
0.045001
0.045001
0.045001
0.045001
0.045001
0.044976
0.044976
0.044976
0.044976
0.044976
0.044976
0.044976
0.044952
0.044952
0.044952
0.044952
0.044952
0.044952
0.044952
0.044952
0.044952
0.044952
0.044952
0.044952
0.044927
0.044927
0.044927
0.044927
0.044902
0.044902
0.044902
0.044902
0.044878
0.044878
0.044878
0.044878
0.044878
0.044878
0.044878
0.044878
0.044878
0.044878
0.044878
0.044878
0.044878
0.044878
0.044878
0.044853
0.044853
0.044853
0.044853
0.044853
0.044853
0.044828
0.044828
0.044828
0.044828
0.044804
0.044804
0.044804
0.044804
0.044804
0.044779
0.044779
0.044779
0.044804
0.044779
0.044779
0.044779
0.044755
0.044755
0.044755
0.044755
0.044779
0.044804
0.044828
0.044878
0.044927
0.044976
0.045025
0.045075
0.045099
0.045124
0.045075
0.045001
0.044927
0.044828
0.044755
0.044755
0.044779
0.044779
0.044779
0.044779
0.044755
0.044755
0.044755
0.04473
0.04473
0.04473
0.044705
0.044705
0.044705
0.044681
0.044681
0.044681
0.044681
0.044681
0.044681
0.044656
0.044656
0.044656
0.044656
0.044656
0.044656
0.044656
0.044656
0.044656
0.044656
0.044656
0.044656
0.044656
0.044656
0.044656
0.044656
0.044656
0.044656
0.044656
0.044632
0.044656
0.044656
0.044656
0.044632
0.044632
0.044632
0.044632
0.044632
0.044632
0.044632
0.044632
0.044607
0.044607
0.044607
0.044607
0.044607
0.044582
0.044582
0.044582
0.044582
0.044558
0.044558
0.044558
0.044558
0.044533
0.044533
0.044533
0.044533
0.044533
0.044508
0.044508
0.044508
0.044508
0.044508
0.044508
0.044508
0.044508
0.044508
0.044484
0.044484
0.044484
0.044484
0.044484
0.044484
0.044484
0.044459
0.044459
0.044459
0.044459
0.044459
0.044459
0.044459
0.044459
0.044435
0.044435
0.044435
0.044435
0.044435
0.044435
0.04441
0.04441
0.04441
0.04441
0.04441
0.04441
0.04441
0.04441
0.04441
0.04441
0.04441
0.04441
0.044385
0.044385
0.044385
0.044385
0.044385
0.044385
0.044385
0.044385
0.044385
0.044385
0.044361
0.044361
0.044361
0.044361
0.044361
0.044361
0.044361
0.044361
0.044361
0.044361
0.044361
0.044361
0.044361
0.044336
0.044336
0.044336
0.044336
0.044336
0.044336
0.044312
0.044312
0.044312
0.044312
0.044312
0.044312
0.044312
0.044312
0.044287
0.044287
0.044287
0.044287
0.044287
0.044287
0.044287
0.044287
0.044287
0.044287
0.044287
0.044287
0.044287
0.044287
0.044287
0.044287
0.044287
0.044287
0.044287
0.044287
0.044262
0.044262
0.044262
0.044262
0.044262
0.044238
0.044238
0.044238
0.044238
0.044238
0.044238
0.044238
0.044213
0.044213
0.044213
0.044213
0.044213
0.044213
0.044188
0.044188
0.044188
0.044188
0.044188
0.044164
0.044164
0.044164
0.044164
0.044164
0.044164
0.044139
0.044139
0.044139
0.044139
0.044139
0.044139
0.044139
0.044115
0.044115
0.044115
0.04409
0.04409
0.04409
0.04409
0.04409
0.04409
0.04409
0.04409
0.04409
0.04409
0.044065
0.044065
0.044065
0.044065
0.044065
0.044065
0.044065
0.044065
0.044065
0.044065
0.044065
0.044041
0.044041
0.044041
0.044041
0.044041
0.044016
0.044016
0.044016
0.044016
0.044016
0.043992
0.043992
0.043992
0.044016
0.044016
0.044065
0.04409
0.044139
0.044188
0.044238
0.044287
0.044312
0.044312
0.044287
0.044213
0.044115
0.044016
0.043967
0.043942
0.043942
0.043942
0.043942
0.043918
0.043893
0.043893
0.043893
0.043893
0.043893
0.043893
0.043868
0.043868
0.043868
0.043868
0.043868
0.043868
0.043868
0.043868
0.043868
0.043868
0.043844
0.043844
0.043844
0.043844
0.043844
0.043844
0.043844
0.043844
0.043844
0.043844
0.043844
0.043844
0.043844
0.043819
0.043844
0.043844
0.043844
0.043844
0.043844
0.043844
0.043844
0.043844
0.043844
0.043844
0.043819
0.043819
0.043819
0.043819
0.043819
0.043819
0.043819
0.043795
0.043795
0.043795
0.04377
0.04377
0.04377
0.04377
0.04377
0.04377
0.04377
0.04377
0.04377
0.043745
0.043745
0.043745
0.043745
0.043721
0.043721
0.043721
0.043721
0.043721
0.043721
0.043696
0.043696
0.043696
0.043696
0.043696
0.043696
0.043696
0.043696
0.043671
0.043671
0.043671
0.043671
0.043671
0.043647
0.043647
0.043647
0.043647
0.043647
0.043622
0.043622
0.043622
0.043622
0.043622
0.043598
0.043598
0.043598
0.043598
0.043598
0.043598
0.043598
0.043598
0.043598
0.043598
0.043598
0.043573
0.043573
0.043573
0.043573
0.043573
0.043548
0.043548
0.043548
0.043548
0.043548
0.043548
0.043548
0.043548
0.043548
0.043548
0.043548
0.043548
0.043548
0.043548
0.043548
0.043524
0.043548
0.043524
0.043524
0.043524
0.043524
0.043524
0.043499
0.043499
0.043499
0.043499
0.043499
0.043499
0.043499
0.043499
0.043499
0.043499
0.043499
0.043499
0.043499
0.043499
0.043499
0.043499
0.043475
0.043475
0.043475
0.04345
0.04345
0.04345
0.04345
0.04345
0.04345
0.04345
0.04345
0.043425
0.043425
0.043425
0.043425
0.043425
0.043425
0.043425
0.043425
0.043425
0.043401
0.043401
0.043401
0.043401
0.043401
0.043401
0.043401
0.043401
0.043401
0.043401
0.043376
0.043376
0.043376
0.043376
0.043401
0.043401
0.043376
0.043376
0.043376
0.043376
0.043376
0.043376
0.043376
0.043376
0.043376
0.043376
0.043376
0.043376
0.043376
0.043376
0.043376
0.043376
0.043376
0.043376
0.043376
0.043376
0.043376
0.043376
0.043376
0.043376
0.043376
0.043376
0.043351
0.043351
0.043351
0.043351
0.043351
0.043351
0.043327
0.043327
0.043327
0.043327
0.043327
0.043302
0.043302
0.043302
0.043302
0.043302
0.043302
0.043278
0.043278
0.043278
0.043278
0.043278
0.043278
0.043278
0.043302
0.043327
0.043376
0.043401
0.04345
0.043499
0.043573
0.043524
0.043425
0.043327
0.043253
0.043253
0.043253
0.043253
0.043253
0.043228
0.043228
0.043228
0.043228
0.043204
0.043204
0.043204
0.043204
0.043204
0.043204
0.043204
0.043204
0.043204
0.043179
0.043179
0.043204
0.043204
0.043204
0.043204
0.043204
0.043204
0.043204
0.043204
0.043204
0.043204
0.043204
0.043204
0.043204
0.043204
0.043204
0.043204
0.043204
0.043204
0.043204
0.043204
0.043204
0.043204
0.043204
0.043204
0.043204
0.043204
0.043204
0.043204
0.043204
0.043204
0.043204
0.043179
0.043179
0.043179
0.043179
0.043179
0.043179
0.043155
0.043155
0.043155
0.043155
0.043155
0.043155
0.043155
0.043155
0.043155
0.043155
0.043155
0.043155
0.043155
0.04313
0.04313
0.04313
0.04313
0.04313
0.04313
0.04313
0.043105
0.043105
0.043105
0.043105
0.043105
0.043105
0.043105
0.043105
0.043105
0.043105
0.043105
0.043105
0.043105
0.043105
0.043105
0.043105
0.043081
0.043081
0.043081
0.043081
0.043081
0.043081
0.043081
0.043081
0.043081
0.043081
0.043081
0.043081
0.043056
0.043056
0.043056
0.043056
0.043056
0.043056
0.043031
0.043031
0.043031
0.043031
0.043031
0.043031
0.043007
0.043007
0.043031
0.043007
0.043007
0.043031
0.043031
0.043031
0.043031
0.043007
0.043007
0.043007
0.043007
0.043007
0.043007
0.043007
0.043007
0.043007
0.042982
0.042982
0.042982
0.043007
0.043007
0.043007
0.043007
0.043007
0.043007
0.042982
0.042982
0.042982
0.042982
0.042982
0.042982
0.042982
0.042982
0.042982
0.043007
0.042982
0.042982
0.042982
0.042982
0.042982
0.042982
0.042958
0.042958
0.042958
0.042958
0.042958
0.042933
0.042933
0.042933
0.042933
0.042933
0.042933
0.042933
0.042933
0.042933
0.042933
0.042933
0.042933
0.042933
0.042933
0.042933
0.042933
0.042933
0.042933
0.042908
0.042908
0.042933
0.042933
0.042933
0.042908
0.042908
0.042908
0.042908
0.042908
0.042908
0.042908
0.042908
0.042908
0.042908
0.042908
0.042908
0.042884
0.042884
0.042884
0.042884
0.042884
0.042884
0.042884
0.042884
0.042884
0.042884
0.042884
0.042884
0.042884
0.042884
0.042859
0.042859
0.042859
0.042859
0.042859
0.042859
0.042859
0.042859
0.042859
0.042834
0.042834
0.042834
0.042834
0.042834
0.042834
0.042834
0.042834
0.042834
0.042834
0.042834
0.042834
0.042834
0.042834
0.04281
0.042834
0.042859
0.042884
0.042933
0.042958
0.043007
0.043081
0.04313
0.043155
0.043179
0.04313
0.043081
0.042982
0.042884
0.04281
0.04281
0.04281
0.04281
0.04281
0.04281
0.042785
0.042785
0.042785
0.042785
0.042785
0.042785
0.042785
0.042785
0.042785
0.042785
0.042785
0.042785
0.042785
0.042785
0.042761
0.042761
0.042761
0.042761
0.042761
0.042736
0.042736
0.042736
0.042736
0.042736
0.042736
0.042736
0.042736
0.042736
0.042736
0.042736
0.042736
0.042736
0.042736
0.042736
0.042736
0.042736
0.042736
0.042736
0.042736
0.042736
0.042736
0.042711
0.042711
0.042711
0.042711
0.042711
0.042711
0.042711
0.042711
0.042687
0.042687
0.042687
0.042687
0.042687
0.042687
0.042687
0.042662
0.042662
0.042662
0.042638
0.042638
0.042638
0.042638
0.042638
0.042638
0.042638
0.042638
0.042613
0.042613
0.042613
0.042613
0.042613
0.042613
0.042613
0.042613
0.042613
0.042613
0.042613
0.042613
0.042613
0.042613
0.042613
0.042613
0.042613
0.042613
0.042613
0.042613
0.042588
0.042588
0.042588
0.042588
0.042588
0.042588
0.042588
0.042588
0.042588
0.042588
0.042564
0.042564
0.042564
0.042564
0.042564
0.042539
0.042539
0.042539
0.042539
0.042539
0.042539
0.042539
0.042539
0.042539
0.042539
0.042539
0.042539
0.042539
0.042539
0.042539
0.042539
0.042539
0.042539
0.042539
0.042514
0.042514
0.042514
0.042514
0.042514
0.042514
0.042514
0.042514
0.042514
0.042514
0.042514
0.042514
0.042514
0.042514
0.042514
0.042514
0.042514
0.042514
0.04249
0.04249
0.04249
0.04249
0.04249
0.042465
0.042465
0.042465
0.042465
0.042465
0.042465
0.042441
0.042441
0.042441
0.042441
0.042441
0.042441
0.042441
0.042441
0.042441
0.042441
0.042441
0.042441
0.042416
0.042416
0.042416
0.042416
0.042416
0.042416
0.042416
0.042416
0.042416
0.042416
0.042416
0.042416
0.042416
0.042416
0.042416
0.042416
0.042416
0.042416
0.042416
0.042416
0.042416
0.042391
0.042391
0.042391
0.042391
0.042391
0.042391
0.042391
0.042391
0.042391
0.042391
0.042391
0.042391
0.042367
0.042367
0.042367
0.042367
0.042367
0.042367
0.042367
0.042367
0.042367
0.042367
0.042367
0.042367
0.042367
0.042367
0.042367
0.042342
0.042367
0.042367
0.042367
0.042367
0.042342
0.042342
0.042342
0.042318
0.042318
0.042318
0.042293
0.042318
0.042293
0.042293
0.042293
0.042293
0.042293
0.042293
0.042268
0.042268
0.042268
0.042268
0.042268
0.042293
0.042318
0.042367
0.042391
0.042416
0.042465
0.042539
0.042564
0.042588
0.042588
0.042539
0.042441
0.042342
0.042244
0.042219
0.042219
0.042244
0.042244
0.042219
0.042219
0.042219
0.042194
0.042194
0.042194
0.042194
0.04217
0.04217
0.04217
0.04217
0.042145
0.042145
0.042145
0.042145
0.042145
0.042145
0.042145
0.042145
0.042145
0.042145
0.042145
0.042145
0.042145
0.042145
0.042145
0.042145
0.042145
0.042145
0.042145
0.042121
0.042121
0.042145
0.042121
0.042121
0.042121
0.042145
0.042121
0.042121
0.042145
0.042145
0.042145
0.042145
0.042121
0.042121
0.042121
0.042121
0.042121
0.042121
0.042121
0.042096
0.042096
0.042096
0.042096
0.042096
0.042096
0.042096
0.042071
0.042071
0.042071
0.042071
0.042071
0.042071
0.042071
0.042071
0.042071
0.042071
0.042096
0.042096
0.042071
0.042071
0.042071
0.042071
0.042071
0.042071
0.042071
0.042071
0.042071
0.042047
0.042047
0.042047
0.042047
0.042047
0.042047
0.042047
0.042047
0.042047
0.042022
0.042022
0.042022
0.042022
0.041997
0.041997
0.041997
0.041997
0.041997
0.041997
0.041997
0.041997
0.041973
0.041973
0.041973
0.041973
0.041973
0.041973
0.041973
0.041973
0.041973
0.041973
0.041948
0.041948
0.041948
0.041948
0.041948
0.041948
0.041948
0.041948
0.041948
0.041948
0.041948
0.041948
0.041948
0.041948
0.041948
0.041948
0.041924
0.041924
0.041924
0.041924
0.041924
0.041924
0.041899
0.041899
0.041899
0.041899
0.041899
0.041899
0.041899
0.041899
0.041899
0.041899
0.041874
0.041874
0.041874
0.041874
0.041874
0.041874
0.041874
0.041874
0.041874
0.041874
0.041874
0.04185
0.04185
0.04185
0.04185
0.04185
0.04185
0.04185
0.04185
0.041825
0.041825
0.041825
0.041825
0.041825
0.041825
0.041825
0.041825
0.041825
0.041825
0.041825
0.041825
0.041825
0.041825
0.041825
0.041825
0.041825
0.041825
0.041825
0.041825
0.041825
0.041825
0.041825
0.041825
0.041825
0.041825
0.041825
0.041825
0.041825
0.041825
0.041825
0.041825
0.041801
0.041801
0.041825
0.041801
0.041801
0.041801
0.041801
0.041801
0.041801
0.041801
0.041776
0.041776
0.041776
0.041776
0.041776
0.041751
0.041776
0.041751
0.041751
0.041751
0.041751
0.041751
0.041751
0.041751
0.041727
0.041727
0.041727
0.041727
0.041727
0.041751
0.041751
0.041801
0.04185
0.041874
0.041924
0.041997
0.042047
0.042071
0.042071
0.042047
0.041973
0.041874
0.041776
0.041727
0.041702
0.041727
0.041727
0.041727
0.041727
0.041727
0.041727
0.041702
0.041702
0.041702
0.041702
0.041702
0.041702
0.041702
0.041702
0.041702
0.041702
0.041702
0.041702
0.041702
0.041702
0.041702
0.041702
0.041702
0.041702
0.041702
0.041677
0.041677
0.041677
0.041677
0.041677
0.041653
0.041677
0.041677
0.041677
0.041677
0.041653
0.041653
0.041677
0.041677
0.041653
0.041653
0.041677
0.041677
0.041677
0.041677
0.041677
0.041653
0.041653
0.041653
0.041653
0.041653
0.041628
0.041628
0.041628
0.041628
0.041628
0.041628
0.041604
0.041604
0.041604
0.041604
0.041604
0.041604
0.041604
0.041604
0.041604
0.041604
0.041604
0.041604
0.041604
0.041604
0.041604
0.041604
0.041604
0.041604
0.041604
0.041604
0.041604
0.041604
0.041604
0.041604
0.041604
0.041604
0.041579
0.041604
0.041579
0.041579
0.041579
0.041579
0.041579
0.041554
0.041554
0.041554
0.041554
0.041554
0.041554
0.041554
0.041554
0.041554
0.041554
0.041554
0.041554
0.041554
0.041554
0.041554
0.041554
0.04153
0.04153
0.04153
0.04153
0.04153
0.04153
0.041505
0.041505
0.041505
0.041505
0.041505
0.041505
0.041505
0.041505
0.041505
0.041505
0.041505
0.041505
0.041481
0.041481
0.041505
0.041505
0.041481
0.041481
0.041481
0.041481
0.041481
0.041481
0.041481
0.041481
0.041481
0.041481
0.041481
0.041481
0.041481
0.041481
0.041481
0.041481
0.041456
0.041456
0.041456
0.041456
0.041456
0.041456
0.041456
0.041456
0.041456
0.041456
0.041456
0.041456
0.041431
0.041431
0.041431
0.041431
0.041431
0.041431
0.041431
0.041431
0.041431
0.041431
0.041431
0.041431
0.041431
0.041431
0.041407
0.041407
0.041407
0.041407
0.041407
0.041407
0.041407
0.041407
0.041407
0.041407
0.041407
0.041407
0.041407
0.041407
0.041407
0.041407
0.041407
0.041407
0.041407
0.041407
0.041407
0.041407
0.041382
0.041382
0.041382
0.041382
0.041382
0.041382
0.041382
0.041382
0.041382
0.041382
0.041382
0.041382
0.041357
0.041357
0.041357
0.041357
0.041357
0.041357
0.041357
0.041333
0.041357
0.041357
0.041382
0.041407
0.041431
0.041481
0.04153
0.041579
0.041653
0.041677
0.041702
0.041677
0.041628
0.04153
0.041431
0.041357
0.041333
0.041333
0.041333
0.041333
0.041333
0.041333
0.041333
0.041333
0.041308
0.041308
0.041308
0.041308
0.041308
0.041308
0.041308
0.041308
0.041308
0.041308
0.041284
0.041284
0.041284
0.041284
0.041284
0.041284
0.041284
0.041284
0.041284
0.041259
0.041259
0.041259
0.041259
0.041259
0.041259
0.041284
0.041284
0.041284
0.041284
0.041284
0.041259
0.041284
0.041284
0.041284
0.041284
0.041259
0.041259
0.041259
0.041259
0.041259
0.041259
0.041259
0.041234
0.041234
0.041234
0.041234
0.041234
0.041234
0.041234
0.04121
0.04121
0.04121
0.04121
0.04121
0.041185
0.041185
0.041185
0.041185
0.041185
0.041185
0.041185
0.04116
0.04116
0.04116
0.04116
0.041185
0.04116
0.041185
0.04116
0.041185
0.041185
0.04116
0.04116
0.04116
0.04116
0.04116
0.04116
0.04116
0.04116
0.04116
0.04116
0.04116
0.04116
0.04116
0.04116
0.04116
0.04116
0.04116
0.04116
0.04116
0.04116
0.041136
0.041136
0.041136
0.041111
0.041111
0.041111
0.041111
0.041111
0.041111
0.041111
0.041111
0.041111
0.041087
0.041087
0.041087
0.041087
0.041087
0.041087
0.041087
0.041087
0.041087
0.041087
0.041062
0.041062
0.041062
0.041062
0.041062
0.041062
0.041062
0.041062
0.041062
0.041062
0.041062
0.041062
0.041062
0.041062
0.041062
0.041062
0.041062
0.041062
0.041062
0.041062
0.041062
0.041037
0.041037
0.041062
0.041037
0.041037
0.041037
0.041037
0.041037
0.041037
0.041037
0.041037
0.041037
0.041037
0.041013
0.041013
0.041013
0.041037
0.041013
0.041013
0.041013
0.041013
0.041013
0.041013
0.041013
0.041013
0.041013
0.041013
0.041013
0.041013
0.040988
0.041013
0.040988
0.040988
0.040988
0.040988
0.040988
0.040988
0.040988
0.040988
0.040988
0.040964
0.040964
0.040964
0.040988
0.040988
0.040988
0.040988
0.040964
0.040964
0.040964
0.040964
0.040964
0.040964
0.040964
0.040964
0.040964
0.040964
0.040939
0.040939
0.040939
0.040939
0.040939
0.040939
0.040914
0.040914
0.040914
0.040914
0.040914
0.040914
0.040914
0.040914
0.040914
0.04089
0.04089
0.04089
0.040914
0.040939
0.040964
0.040988
0.041037
0.041234
0.041234
0.04121
0.04116
0.041062
0.040964
0.04089
0.04089
0.04089
0.04089
0.04089
0.04089
0.040865
0.040865
0.040865
0.040865
0.040865
0.040865
0.04084
0.04084
0.04084
0.04084
0.04084
0.04084
0.04084
0.04084
0.04084
0.04084
0.04084
0.04084
0.04084
0.04084
0.04084
0.04084
0.04084
0.040816
0.04084
0.04084
0.04084
0.04084
0.04084
0.04084
0.04084
0.04084
0.04084
0.04084
0.04084
0.04084
0.04084
0.04084
0.04084
0.04084
0.04084
0.04084
0.04084
0.04084
0.04084
0.040816
0.040816
0.040816
0.040816
0.040816
0.040816
0.040816
0.040816
0.040816
0.040816
0.040816
0.040816
0.040791
0.040791
0.040791
0.040791
0.040791
0.040791
0.040791
0.040791
0.040791
0.040767
0.040767
0.040767
0.040767
0.040767
0.040767
0.040742
0.040767
0.040742
0.040742
0.040742
0.040742
0.040742
0.040742
0.040742
0.040742
0.040742
0.040742
0.040742
0.040742
0.040742
0.040717
0.040717
0.040717
0.040717
0.040717
0.040717
0.040717
0.040717
0.040717
0.040693
0.040693
0.040693
0.040693
0.040693
0.040693
0.040693
0.040693
0.040693
0.040693
0.040693
0.040668
0.040668
0.040668
0.040668
0.040668
0.040668
0.040668
0.040668
0.040668
0.040668
0.040668
0.040668
0.040668
0.040668
0.040668
0.040668
0.040668
0.040668
0.040668
0.040668
0.040668
0.040644
0.040644
0.040644
0.040644
0.040644
0.040644
0.040644
0.040619
0.040619
0.040619
0.040619
0.040644
0.040619
0.040619
0.040619
0.040619
0.040619
0.040619
0.040619
0.040619
0.040619
0.040619
0.040594
0.040594
0.040594
0.040594
0.040594
0.040594
0.04057
0.04057
0.04057
0.04057
0.04057
0.04057
0.04057
0.04057
0.04057
0.04057
0.04057
0.04057
0.040545
0.04057
0.040545
0.040545
0.040545
0.040545
0.040545
0.040545
0.040545
0.040545
0.040545
0.040545
0.040545
0.04052
0.040545
0.040545
0.040545
0.04057
0.040545
0.040545
