2018
3
20
17
20
7.443
0.037616
0.037616
0.037591
0.037591
0.037616
0.037616
0.037616
0.037616
0.037616
0.037616
0.037616
0.037616
0.037616
0.037616
0.03764
0.03764
0.03764
0.03764
0.03764
0.03764
0.037665
0.037665
0.037665
0.037665
0.037665
0.037665
0.037665
0.037665
0.037665
0.037665
0.037665
0.037665
0.037665
0.037665
0.037665
0.03764
0.03764
0.03764
0.037616
0.037616
0.037616
0.037616
0.037616
0.037616
0.037591
0.037591
0.037616
0.037616
0.037616
0.037616
0.037616
0.037616
0.037616
0.037616
0.037616
0.037616
0.037616
0.03764
0.03764
0.037616
0.037616
0.037616
0.03764
0.037616
0.037616
0.037616
0.037616
0.037616
0.037616
0.037616
0.037616
0.037616
0.037616
0.037616
0.037591
0.037591
0.037591
0.037591
0.037591
0.037591
0.037566
0.037566
0.037566
0.037566
0.037566
0.037566
0.037566
0.037566
0.037566
0.037566
0.037566
0.037566
0.037566
0.037566
0.037591
0.037591
0.037591
0.037591
0.037591
0.037591
0.037591
0.037591
0.037591
0.037616
0.037616
0.037616
0.037591
0.037591
0.037616
0.037616
0.037616
0.037616
0.037616
0.037616
0.037616
0.037616
0.037616
0.037616
0.037616
0.037616
0.037616
0.037616
0.037616
0.037616
0.037616
0.037616
0.037616
0.037616
0.037616
0.037616
0.037616
0.03764
0.03764
0.03764
0.03764
0.03764
0.03764
0.03764
0.03764
0.03764
0.037665
0.037665
0.037665
0.037665
0.037665
0.037665
0.037665
0.037665
0.037665
0.037665
0.037665
0.037689
0.037689
0.037665
0.037665
0.037689
0.037689
0.037689
0.037665
0.037665
0.037665
0.037665
0.037689
0.037689
0.037689
0.037689
0.037665
0.037689
0.037689
0.037689
0.037689
0.037689
0.037689
0.037689
0.037689
0.037689
0.037689
0.037689
0.037689
0.037714
0.037689
0.037689
0.037714
0.037714
0.037714
0.037714
0.037714
0.037714
0.037714
0.037714
0.037714
0.037714
0.037714
0.037714
0.037714
0.037714
0.037689
0.037714
0.037714
0.037714
0.037714
0.037714
0.037714
0.037714
0.037714
0.037714
0.037714
0.037714
0.037714
0.037714
0.037714
0.037689
0.037714
0.037739
0.037788
0.037837
0.037911
0.03796
0.038059
0.038133
0.038182
0.038182
0.038133
0.038083
0.038009
0.037936
0.037837
0.037788
0.037763
0.037763
0.037763
0.037739
0.037739
0.037714
0.037739
0.037739
0.037714
0.037714
0.037714
0.037714
0.037714
0.037714
0.037739
0.037739
0.037739
0.037739
0.037739
0.037739
0.037739
0.037739
0.037763
0.037763
0.037763
0.037763
0.037763
0.037763
0.037763
0.037763
0.037763
0.037763
0.037763
0.037763
0.037763
0.037763
0.037763
0.037788
0.037788
0.037788
0.037788
0.037788
0.037788
0.037813
0.037813
0.037813
0.037813
0.037837
0.037837
0.037837
0.037862
0.037837
0.037837
0.037837
0.037837
0.037813
0.037813
0.037813
0.037813
0.037788
0.037788
0.037788
0.037788
0.037788
0.037763
0.037763
0.037788
0.037763
0.037763
0.037763
0.037763
0.037763
0.037788
0.037763
0.037763
0.037763
0.037788
0.037763
0.037763
0.037763
0.037763
0.037763
0.037763
0.037763
0.037763
0.037763
0.037763
0.037763
0.037763
0.037763
0.037763
0.037788
0.037763
0.037788
0.037763
0.037763
0.037763
0.037763
0.037763
0.037763
0.037763
0.037763
0.037763
0.037763
0.037763
0.037739
0.037739
0.037739
0.037739
0.037739
0.037739
0.037739
0.037739
0.037739
0.037739
0.037714
0.037714
0.037714
0.037714
0.037714
0.037714
0.037714
0.037714
0.037714
0.037714
0.037714
0.037714
0.037714
0.037739
0.037739
0.037714
0.037714
0.037714
0.037714
0.037714
0.037714
0.037714
0.037714
0.037714
0.037714
0.037714
0.037714
0.037714
0.037714
0.037714
0.037714
0.037714
0.037714
0.037714
0.037689
0.037714
0.037714
0.037689
0.037689
0.037689
0.037689
0.037665
0.03764
0.03764
0.03764
0.037616
0.037616
0.037616
0.037591
0.037591
0.037591
0.037591
0.037566
0.037566
0.037566
0.037591
0.037591
0.037591
0.037591
0.037591
0.037591
0.037591
0.037591
0.037591
0.037591
0.037591
0.037591
0.037616
0.037616
0.037616
0.037616
0.037616
0.03764
0.03764
0.03764
0.03764
0.03764
0.037665
0.037665
0.037665
0.037665
0.037665
0.037689
0.037689
0.037689
0.037714
0.037714
0.037714
0.037714
0.037714
0.037714
0.037739
0.037739
0.037739
0.037739
0.037739
0.037739
0.037714
0.037714
0.037739
0.037739
0.037714
0.037714
0.037714
0.037714
0.037714
0.037714
0.037714
0.037714
0.037714
0.037739
0.037714
0.037714
0.037714
0.037739
0.037739
0.037739
0.037714
0.037714
0.037739
0.037763
0.037788
0.037837
0.037886
0.037936
0.038009
0.038083
0.038182
0.038231
0.038206
0.038133
0.038034
0.037985
0.037886
0.037837
0.037788
0.037788
0.037763
0.037763
0.037763
0.037763
0.037763
0.037763
0.037739
0.037739
0.037739
0.037763
0.037763
0.037739
0.037763
0.037763
0.037763
0.037763
0.037763
0.037763
0.037763
0.037788
0.037788
0.037763
0.037763
0.037788
0.037788
0.037788
0.037788
0.037788
0.037788
0.037788
0.037788
0.037788
0.037788
0.037763
0.037788
0.037788
0.037788
0.037788
0.037788
0.037788
0.037813
0.037837
0.037837
0.037837
0.037837
0.037837
0.037837
0.037837
0.037837
0.037837
0.037813
0.037813
0.037813
0.037813
0.037788
0.037788
0.037788
0.037788
0.037788
0.037763
0.037763
0.037763
0.037763
0.037763
0.037739
0.037739
0.037763
0.037739
0.037739
0.037739
0.037739
0.037739
0.037739
0.037739
0.037739
0.037739
0.037739
0.037739
0.037739
0.037739
0.037739
0.037739
0.037739
0.037739
0.037763
0.037739
0.037739
0.037739
0.037739
0.037739
0.037739
0.037739
0.037739
0.037739
0.037739
0.037739
0.037714
0.037714
0.037714
0.037714
0.037714
0.037714
0.037714
0.037714
0.037714
0.037714
0.037714
0.037714
0.037714
0.037714
0.037714
0.037689
0.037689
0.037689
0.037689
0.037689
0.037665
0.037665
0.037665
0.037665
0.037665
0.037665
0.037665
0.03764
0.03764
0.03764
0.037665
0.037665
0.03764
0.03764
0.037665
0.037665
0.037665
0.037665
0.037665
0.037665
0.037665
0.037665
0.037665
0.037665
0.037665
0.037665
0.037665
0.037665
0.037665
0.037665
0.037665
0.037665
0.037665
0.03764
0.037665
0.037665
0.037665
0.03764
0.03764
0.03764
0.03764
0.03764
0.037616
0.037616
0.037591
0.037566
0.037566
0.037566
0.037566
0.037566
0.037566
0.037566
0.037566
0.037566
0.037566
0.037566
0.037591
0.037591
0.037591
0.037591
0.037591
0.037591
0.037616
0.037616
0.037616
0.037616
0.037616
0.037616
0.037616
0.037616
0.037616
0.037616
0.037616
0.037616
0.037616
0.037616
0.037616
0.037616
0.037616
0.037616
0.037616
0.037616
0.037616
0.037616
0.037616
0.037616
0.03764
0.037616
0.03764
0.03764
0.03764
0.03764
0.037665
0.037714
0.037763
0.037813
0.037862
0.037936
0.038009
0.038034
0.038009
0.037911
0.037813
0.037739
0.037689
0.037616
0.037566
0.037566
0.037566
0.037591
0.037566
0.037566
0.037566
0.037566
0.037566
0.037542
0.037542
0.037542
0.037542
0.037542
0.037517
0.037517
0.037517
0.037517
0.037492
0.037517
0.037517
0.037517
0.037517
0.037517
0.037517
0.037517
0.037517
0.037517
0.037517
0.037542
0.037542
0.037542
0.037542
0.037542
0.037542
0.037542
0.037542
0.037517
0.037517
0.037542
0.037542
0.037542
0.037542
0.037542
0.037542
0.037542
0.037542
0.037517
0.037517
0.037517
0.037517
0.037517
0.037517
0.037517
0.037517
0.037517
0.037517
0.037492
0.037492
0.037492
0.037468
0.037468
0.037468
0.037468
0.037443
0.037443
0.037443
0.037443
0.037443
0.037443
0.037443
0.037443
0.037443
0.037443
0.037443
0.037443
0.037443
0.037443
0.037443
0.037443
0.037443
0.037468
0.037468
0.037468
0.037468
0.037468
0.037468
0.037468
0.037468
0.037468
0.037468
0.037468
0.037468
0.037468
0.037468
0.037468
0.037492
0.037492
0.037492
0.037492
0.037492
0.037492
0.037492
0.037492
0.037492
0.037492
0.037492
0.037492
0.037492
0.037492
0.037492
0.037492
0.037492
0.037492
0.037492
0.037492
0.037492
0.037492
0.037517
0.037517
0.037517
0.037517
0.037517
0.037517
0.037517
0.037517
0.037517
0.037517
0.037517
0.037517
0.037517
0.037517
0.037517
0.037517
0.037517
0.037517
0.037517
0.037517
0.037517
0.037517
0.037517
0.037517
0.037517
0.037517
0.037517
0.037517
0.037517
0.037517
0.037517
0.037517
0.037517
0.037517
0.037517
0.037517
0.037517
0.037517
0.037517
0.037517
0.037517
0.037517
0.037517
0.037517
0.037517
0.037517
0.037517
0.037542
0.037542
0.037517
0.037517
0.037517
0.037542
0.037542
0.037517
0.037542
0.037542
0.037542
0.037542
0.037542
0.037566
0.037566
0.037566
0.037591
0.037591
0.037566
0.037566
0.037566
0.037591
0.037591
0.037566
0.037566
0.037566
0.037591
0.037591
0.037566
0.037566
0.037591
0.037591
0.037591
0.037591
0.037591
0.037591
0.037591
0.037591
0.037591
0.037591
0.037591
0.037591
0.037591
0.037591
0.03764
0.037689
0.037739
0.037788
0.037862
0.037936
0.038009
0.038034
0.038034
0.037739
0.037665
0.03764
0.037665
0.037665
0.037665
0.03764
0.03764
0.03764
0.03764
0.03764
0.03764
0.03764
0.03764
0.03764
0.03764
0.03764
0.03764
0.03764
0.037665
0.037665
0.037665
0.037665
0.037665
0.037665
0.037689
0.037665
0.037665
0.037689
0.037689
0.037689
0.037689
0.037689
0.037689
0.037689
0.037689
0.037689
0.037689
0.037714
0.037714
0.037739
0.037739
0.037739
0.037739
0.037739
0.037739
0.037763
0.037763
0.037763
0.037763
0.037763
0.037788
0.037788
0.037788
0.037788
0.037788
0.037788
0.037788
0.037788
0.037763
0.037763
0.037788
0.037763
0.037763
0.037763
0.037763
0.037763
0.037763
0.037739
0.037739
0.037739
0.037763
0.037763
0.037763
0.037739
0.037763
0.037763
0.037763
0.037763
0.037763
0.037763
0.037763
0.037763
0.037788
0.037788
0.037788
0.037763
0.037763
0.037788
0.037788
0.037788
0.037788
0.037788
0.037788
0.037788
0.037788
0.037788
0.037788
0.037788
0.037788
0.037788
0.037788
0.037788
0.037788
0.037788
0.037788
0.037788
0.037788
0.037788
0.037788
0.037788
0.037763
0.037788
0.037788
0.037788
0.037763
0.037763
0.037763
0.037788
0.037788
0.037788
0.037788
0.037788
0.037788
0.037788
0.037813
0.037813
0.037788
0.037788
0.037788
0.037813
0.037813
0.037813
0.037788
0.037813
0.037813
0.037813
0.037813
0.037813
0.037813
0.037813
0.037813
0.037813
0.037813
0.037813
0.037813
0.037813
0.037813
0.037813
0.037837
0.037837
0.037837
0.037837
0.037837
0.037837
0.037837
0.037837
0.037837
0.037837
0.037837
0.037837
0.037837
0.037862
0.037862
0.037862
0.037862
0.037862
0.037862
0.037862
0.037862
0.037862
0.037886
0.037886
0.037886
0.037886
0.037886
0.037886
0.037886
0.037886
0.037886
0.037886
0.037886
0.037886
0.037886
0.037886
0.037886
0.037886
0.037886
0.037886
0.037886
0.037886
0.037886
0.037886
0.037886
0.037886
0.037886
0.037911
0.037911
0.037911
0.037911
0.037936
0.037936
0.037936
0.037936
0.037936
0.037936
0.037936
0.037936
0.037936
0.037936
0.037936
0.037936
0.037936
0.037936
0.037936
0.037936
0.037936
0.037936
0.037936
0.037936
0.037936
0.037936
0.037936
0.037936
0.03796
0.03796
0.03796
0.03796
0.03796
0.03796
0.03796
0.037985
0.038034
0.038083
0.038133
0.038206
0.03828
0.038379
0.038428
0.038453
0.038231
0.038157
0.038083
0.038059
0.038059
0.038034
0.038034
0.038034
0.038009
0.038009
0.037985
0.037985
0.037985
0.037985
0.037985
0.037985
0.037985
0.037985
0.037985
0.037985
0.037985
0.038009
0.038009
0.038009
0.038009
0.038009
0.038034
0.038034
0.038034
0.038034
0.038034
0.038034
0.038059
0.038034
0.038034
0.038059
0.038059
0.038059
0.038059
0.038059
0.038034
0.038034
0.038034
0.038034
0.038034
0.038034
0.038009
0.038009
0.038009
0.038034
0.038034
0.038009
0.038034
0.038034
0.038034
0.038034
0.038034
0.038034
0.038034
0.038034
0.038034
0.038009
0.038009
0.038009
0.038009
0.037985
0.037985
0.037985
0.037985
0.037985
0.037985
0.037985
0.037985
0.038009
0.038009
0.038009
0.038009
0.038009
0.038009
0.038009
0.038034
0.038034
0.038034
0.038009
0.038034
0.038034
0.038034
0.038034
0.038034
0.038034
0.038034
0.038034
0.038034
0.038034
0.038034
0.038034
0.038034
0.038034
0.038034
0.038034
0.038034
0.038034
0.038034
0.038034
0.038034
0.038034
0.038034
0.038034
0.038009
0.038009
0.038034
0.038034
0.038009
0.038009
0.038009
0.038009
0.038009
0.038009
0.038009
0.038009
0.038009
0.038009
0.038034
0.038034
0.038034
0.038034
0.038034
0.038034
0.038034
0.038034
0.038034
0.038059
0.038059
0.038059
0.038059
0.038059
0.038059
0.038059
0.038083
0.038083
0.038059
0.038059
0.038083
0.038083
0.038083
0.038083
0.038083
0.038083
0.038083
0.038083
0.038083
0.038083
0.038083
0.038083
0.038083
0.038083
0.038083
0.038083
0.038083
0.038083
0.038083
0.038083
0.038083
0.038083
0.038083
0.038083
0.038083
0.038083
0.038083
0.038083
0.038108
0.038108
0.038108
0.038108
0.038108
0.038108
0.038108
0.038108
0.038108
0.038108
0.038108
0.038108
0.038108
0.038108
0.038108
0.038133
0.038133
0.038133
0.038133
0.038133
0.038133
0.038133
0.038133
0.038133
0.038133
0.038133
0.038133
0.038133
0.038133
0.038157
0.038157
0.038157
0.038182
0.038182
0.038157
0.038157
0.038182
0.038182
0.038182
0.038182
0.038182
0.038182
0.038182
0.038182
0.038157
0.038157
0.038157
0.038157
0.038157
0.038157
0.038157
0.038133
0.038157
0.038157
0.038133
0.038133
0.038157
0.038157
0.038157
0.038157
0.038157
0.038157
0.038157
0.038157
0.038157
0.038157
0.038157
0.038157
0.038157
0.038182
0.038379
0.038453
0.038551
0.038625
0.038674
0.03865
0.0386
0.038551
0.038477
0.038379
0.038305
0.038256
0.038231
0.038231
0.038231
0.038231
0.038231
0.038231
0.038231
0.038231
0.038231
0.038206
0.038206
0.038206
0.038231
0.038231
0.038231
0.038231
0.038231
0.038231
0.038231
0.038231
0.038231
0.038231
0.038256
0.038256
0.038256
0.038256
0.038256
0.038256
0.03828
0.03828
0.03828
0.038256
0.038256
0.03828
0.03828
0.03828
0.03828
0.03828
0.03828
0.038305
0.038305
0.038305
0.038305
0.038305
0.038329
0.038329
0.038329
0.038329
0.038354
0.038354
0.038354
0.038354
0.038354
0.038354
0.038354
0.038354
0.038329
0.038329
0.038329
0.038329
0.038305
0.038305
0.038305
0.038305
0.038305
0.03828
0.03828
0.03828
0.03828
0.03828
0.03828
0.03828
0.03828
0.03828
0.03828
0.03828
0.03828
0.03828
0.03828
0.03828
0.03828
0.03828
0.03828
0.03828
0.03828
0.03828
0.03828
0.03828
0.03828
0.03828
0.03828
0.038305
0.038305
0.038305
0.03828
0.038305
0.038305
0.038305
0.03828
0.03828
0.038305
0.038305
0.038305
0.038305
0.038305
0.038305
0.038305
0.038305
0.038305
0.038305
0.038305
0.038305
0.038305
0.038305
0.038305
0.038305
0.038305
0.038305
0.038305
0.038305
0.038305
0.038305
0.038305
0.038305
0.038305
0.038305
0.038305
0.038305
0.038329
0.038305
0.038305
0.038305
0.038305
0.038305
0.038305
0.038305
0.038305
0.038305
0.038305
0.038305
0.038305
0.038305
0.038305
0.038329
0.038329
0.038329
0.038329
0.038329
0.038305
0.038305
0.038305
0.038305
0.038305
0.038305
0.038305
0.038305
0.038305
0.038305
0.038305
0.038305
0.038305
0.038305
0.038305
0.038305
0.038305
0.038305
0.038305
0.038305
0.038305
0.038305
0.038329
0.038329
0.038305
0.038305
0.038305
0.038305
0.038305
0.038305
0.038305
0.038305
0.038305
0.038305
0.038305
0.038305
0.038305
0.038305
0.038305
0.038305
0.038305
0.038305
0.038305
0.038305
0.038305
0.038305
0.038305
0.038305
0.038305
0.038305
0.038305
0.038305
0.038305
0.038305
0.038329
0.038329
0.038305
0.038305
0.038329
0.038329
0.038305
0.038305
0.038305
0.038305
0.038305
0.038305
0.038305
0.038305
0.038305
0.038305
0.038305
0.03828
0.03828
0.03828
0.038305
0.038305
0.03828
0.03828
0.03828
0.038305
0.038305
0.038305
0.038305
0.03828
0.038305
0.038329
0.038379
0.038428
0.038502
0.038551
0.03865
0.038748
0.038797
0.038797
0.038748
0.038699
0.038625
0.038526
0.038428
0.038379
0.038354
0.038354
0.038354
0.038329
0.038329
0.038329
0.038329
0.038329
0.038305
0.038305
0.038305
0.038329
0.038329
0.038329
0.038329
0.038329
0.038329
0.038329
0.038329
0.038329
0.038354
0.038354
0.038354
0.038354
0.038379
0.038354
0.038354
0.038354
0.038379
0.038379
0.038354
0.038354
0.038379
0.038379
0.038379
0.038379
0.038379
0.038379
0.038379
0.038379
0.038379
0.038379
0.038403
0.038403
0.038403
0.038403
0.038403
0.038403
0.038428
0.038428
0.038428
0.038428
0.038428
0.038428
0.038428
0.038428
0.038403
0.038403
0.038403
0.038403
0.038379
0.038379
0.038379
0.038354
0.038354
0.038379
0.038379
0.038354
0.038354
0.038354
0.038354
0.038354
0.038354
0.038354
0.038354
0.038354
0.038354
0.038354
0.038354
0.038354
0.038379
0.038379
0.038354
0.038354
0.038354
0.038354
0.038354
0.038354
0.038354
0.038354
0.038354
0.038354
0.038354
0.038354
0.038354
0.038354
0.038354
0.038354
0.038354
0.038354
0.038354
0.038354
0.038354
0.038354
0.038354
0.038354
0.038354
0.038354
0.038354
0.038354
0.038354
0.038354
0.038354
0.038354
0.038354
0.038354
0.038354
0.038354
0.038354
0.038354
0.038354
0.038354
0.038354
0.038354
0.038354
0.038354
0.038354
0.038354
0.038354
0.038354
0.038354
0.038354
0.038354
0.038354
0.038354
0.038354
0.038354
0.038354
0.038354
0.038354
0.038354
0.038354
0.038354
0.038354
0.038354
0.038354
0.038354
0.038354
0.038354
0.038379
0.038379
0.038354
0.038354
0.038354
0.038379
0.038379
0.038354
0.038354
0.038354
0.038379
0.038379
0.038379
0.038354
0.038354
0.038379
0.038379
0.038379
0.038354
0.038354
0.038379
0.038379
0.038379
0.038379
0.038379
0.038379
0.038379
0.038379
0.038379
0.038379
0.038379
0.038379
0.038379
0.038379
0.038379
0.038379
0.038379
0.038379
0.038379
0.038379
0.038379
0.038379
0.038379
0.038379
0.038379
0.038379
0.038403
0.038403
0.038403
0.038403
0.038403
0.038403
0.038403
0.038403
0.038403
0.038403
0.038403
0.038403
0.038403
0.038403
0.038403
0.038403
0.038403
0.038403
0.038379
0.038379
0.038379
0.038403
0.038403
0.038379
0.038379
0.038379
0.038379
0.038403
0.038403
0.038403
0.038379
0.038379
0.038428
0.038453
0.038502
0.038526
0.0386
0.038674
0.038773
0.038846
0.038896
0.038896
0.038822
0.038773
0.038699
0.0386
0.038502
0.038477
0.038477
0.038453
0.038428
0.038428
0.038428
0.038428
0.038428
0.038403
0.038403
0.038403
0.038428
0.038428
0.038428
0.038428
0.038428
0.038428
0.038428
0.038453
0.038453
0.038453
0.038453
0.038453
0.038477
0.038477
0.038453
0.038453
0.038477
0.038477
0.038477
0.038477
0.038477
0.038477
0.038477
0.038477
0.038477
0.038477
0.038477
0.038502
0.038502
0.038502
0.038502
0.038502
0.038502
0.038502
0.038502
0.038526
0.038526
0.038526
0.038526
0.038526
0.038526
0.038551
0.038551
0.038551
0.038526
0.038526
0.038526
0.038502
0.038502
0.038502
0.038477
0.038477
0.038477
0.038477
0.038477
0.038477
0.038477
0.038477
0.038477
0.038477
0.038477
0.038453
0.038453
0.038453
0.038477
0.038477
0.038477
0.038477
0.038477
0.038477
0.038477
0.038477
0.038477
0.038477
0.038477
0.038477
0.038477
0.038477
0.038477
0.038477
0.038477
0.038477
0.038477
0.038477
0.038477
0.038477
0.038477
0.038502
0.038477
0.038477
0.038502
0.038502
0.038502
0.038502
0.038502
0.038502
0.038502
0.038502
0.038502
0.038502
0.038502
0.038502
0.038502
0.038477
0.038477
0.038502
0.038502
0.038502
0.038477
0.038477
0.038502
0.038502
0.038502
0.038502
0.038502
0.038502
0.038502
0.038502
0.038502
0.038502
0.038502
0.038502
0.038502
0.038502
0.038477
0.038502
0.038502
0.038477
0.038502
0.038502
0.038502
0.038502
0.038502
0.038502
0.038502
0.038502
0.038502
0.038502
0.038502
0.038502
0.038502
0.038502
0.038502
0.038502
0.038502
0.038502
0.038502
0.038502
0.038502
0.038502
0.038502
0.038502
0.038502
0.038502
0.038502
0.038502
0.038502
0.038502
0.038502
0.038502
0.038502
0.038502
0.038502
0.038502
0.038502
0.038502
0.038502
0.038502
0.038502
0.038502
0.038502
0.038526
0.038502
0.038502
0.038526
0.038526
0.038526
0.038526
0.038526
0.038526
0.038526
0.038526
0.038526
0.038526
0.038526
0.038551
0.038526
0.038526
0.038526
0.038526
0.038551
0.038551
0.038551
0.038551
0.038551
0.038551
0.038551
0.038551
0.038551
0.038551
0.038551
0.038551
0.038551
0.038526
0.038526
0.038526
0.038526
0.038526
0.038526
0.038526
0.038526
0.038526
0.038551
0.038551
0.038551
0.038551
0.038551
0.038551
0.038551
0.038551
0.038576
0.038625
0.038674
0.038723
0.038773
0.038846
0.038945
0.039019
0.039068
0.039043
0.03897
0.03892
0.038846
0.038723
0.03865
0.038625
0.0386
0.0386
0.0386
0.038576
0.038576
0.038576
0.038576
0.038576
0.038576
0.038551
0.038551
0.038576
0.038576
0.038576
0.038576
0.038576
0.038576
0.0386
0.0386
0.0386
0.0386
0.0386
0.0386
0.038625
0.038625
0.038625
0.0386
0.0386
0.038625
0.038625
0.038625
0.038625
0.038625
0.038625
0.038625
0.038625
0.038625
0.038625
0.03865
0.03865
0.03865
0.03865
0.03865
0.03865
0.038674
0.038674
0.038674
0.038674
0.038674
0.038699
0.038674
0.038699
0.038699
0.038674
0.038674
0.038674
0.038674
0.03865
0.03865
0.03865
0.03865
0.03865
0.038625
0.038625
0.038625
0.038625
0.038625
0.038625
0.0386
0.038625
0.038625
0.038625
0.038625
0.0386
0.038625
0.038625
0.038625
0.038625
0.038625
0.038625
0.038625
0.038625
0.038625
0.038625
0.038625
0.038625
0.038625
0.038625
0.0386
0.038625
0.038625
0.038625
0.038625
0.038625
0.0386
0.0386
0.0386
0.038625
0.038625
0.0386
0.0386
0.0386
0.0386
0.038625
0.0386
0.0386
0.0386
0.038625
0.038625
0.0386
0.0386
0.0386
0.038625
0.038625
0.038625
0.038625
0.038625
0.038625
0.038625
0.038625
0.038625
0.038625
0.038625
0.038625
0.038625
0.038625
0.038625
0.038625
0.038625
0.038625
0.038625
0.038625
0.038625
0.038625
0.038625
0.038625
0.038625
0.038625
0.038625
0.03865
0.038625
0.038625
0.038625
0.038625
0.038625
0.038625
0.038625
0.038625
0.038625
0.03865
0.03865
0.03865
0.038625
0.03865
0.03865
0.03865
0.038625
0.038625
0.03865
0.03865
0.03865
0.03865
0.038625
0.038625
0.03865
0.038625
0.038625
0.038625
0.038625
0.03865
0.03865
0.03865
0.03865
0.03865
0.038625
0.03865
0.03865
0.03865
0.038625
0.038625
0.03865
0.03865
0.03865
0.03865
0.03865
0.03865
0.03865
0.03865
0.03865
0.03865
0.03865
0.038674
0.038674
0.038674
0.03865
0.038674
0.038674
0.038674
0.038674
0.038674
0.038674
0.038674
0.038674
0.038674
0.038674
0.038674
0.038674
0.038674
0.038674
0.03865
0.03865
0.03865
0.03865
0.03865
0.03865
0.03865
0.03865
0.03865
0.03865
0.03865
0.03865
0.03865
0.03865
0.03865
0.03865
0.03865
0.038674
0.038723
0.038748
0.038797
0.038871
0.038945
0.039043
0.039117
0.039166
0.039142
0.039068
0.039019
0.038945
0.038846
0.038748
0.038723
0.038699
0.038699
0.038699
0.038699
0.038674
0.038674
0.038674
0.038674
0.038674
0.038674
0.038674
0.038674
0.038674
0.038674
0.038674
0.038674
0.038674
0.038674
0.038699
0.038699
0.038699
0.038699
0.038699
0.038699
0.038699
0.038699
0.038699
0.038699
0.038723
0.038723
0.038699
0.038699
0.038723
0.038723
0.038723
0.038723
0.038723
0.038723
0.038723
0.038723
0.038723
0.038723
0.038748
0.038748
0.038748
0.038748
0.038748
0.038748
0.038773
0.038773
0.038773
0.038773
0.038773
0.038748
0.038748
0.038748
0.038748
0.038723
0.038723
0.038723
0.038723
0.038723
0.038723
0.038699
0.038699
0.038699
0.038699
0.038699
0.038699
0.038699
0.038699
0.038699
0.038699
0.038699
0.038699
0.038699
0.038699
0.038699
0.038699
0.038699
0.038699
0.038699
0.038699
0.038699
0.038699
0.038699
0.038699
0.038699
0.038699
0.038699
0.038699
0.038699
0.038699
0.038699
0.038699
0.038699
0.038699
0.038699
0.038699
0.038699
0.038699
0.038699
0.038699
0.038699
0.038699
0.038699
0.038699
0.038699
0.038699
0.038699
0.038699
0.038699
0.038699
0.038699
0.038699
0.038674
0.038674
0.038699
0.038699
0.038699
0.038699
0.038699
0.038699
0.038699
0.038699
0.038699
0.038699
0.038699
0.038699
