2018
3
20
17
20
29.562
0.031855
0.031855
0.031855
0.031855
0.031855
0.031855
0.031855
0.031855
0.031855
0.031855
0.031855
0.03188
0.03188
0.03188
0.031855
0.031855
0.03188
0.03188
0.03188
0.031855
0.031855
0.031855
0.03188
0.03188
0.03188
0.031855
0.03188
0.03188
0.03188
0.03188
0.03188
0.03188
0.03188
0.031904
0.03188
0.03188
0.03188
0.031904
0.03188
0.03188
0.03188
0.03188
0.03188
0.03188
0.03188
0.03188
0.031855
0.031855
0.031855
0.031855
0.031855
0.031855
0.031855
0.031855
0.031855
0.03188
0.03188
0.03188
0.03188
0.031904
0.03188
0.03188
0.03188
0.03188
0.031904
0.03188
0.03188
0.03188
0.031904
0.031904
0.03188
0.03188
0.03188
0.03188
0.03188
0.03188
0.03188
0.03188
0.03188
0.03188
0.03188
0.03188
0.03188
0.03188
0.03188
0.03188
0.03188
0.03188
0.031904
0.031929
0.031954
0.032003
0.032052
0.032101
0.032175
0.032224
0.032274
0.032274
0.032224
0.03215
0.032077
0.032003
0.031954
0.031929
0.031929
0.031904
0.031904
0.031904
0.03188
0.03188
0.03188
0.03188
0.03188
0.03188
0.03188
0.031904
0.031904
0.031904
0.031904
0.031904
0.031929
0.031929
0.031954
0.031954
0.031954
0.031954
0.031929
0.031929
0.031929
0.031929
0.031904
0.031904
0.031904
0.03188
0.03188
0.03188
0.03188
0.03188
0.03188
0.03188
0.03188
0.03188
0.031904
0.031904
0.031929
0.031929
0.031929
0.031929
0.031929
0.031929
0.031929
0.031929
0.031929
0.031954
0.031954
0.031954
0.031954
0.031954
0.031954
0.031954
0.031954
0.031954
0.031954
0.031954
0.031954
0.031929
0.031929
0.031904
0.031929
0.031929
0.031929
0.031904
0.031904
0.031904
0.031904
0.031904
0.031904
0.031904
0.031904
0.031904
0.031904
0.031904
0.03188
0.03188
0.03188
0.03188
0.03188
0.03188
0.03188
0.031904
0.031904
0.031904
0.031904
0.031929
0.031929
0.031929
0.031929
0.031929
0.031954
0.031954
0.031954
0.031954
0.031954
0.031954
0.031929
0.031929
0.031929
0.031929
0.031929
0.031929
0.031929
0.031929
0.031929
0.031929
0.031929
0.031929
0.031929
0.031929
0.031929
0.031929
0.031929
0.031929
0.031929
0.031929
0.031904
0.031904
0.031904
0.031904
0.031904
0.031904
0.031929
0.031929
0.031929
0.031929
0.031929
0.031929
0.031929
0.031929
0.031904
0.031904
0.031904
0.03188
0.03188
0.031904
0.031904
0.031904
0.03188
0.03188
0.03188
0.03188
0.03188
0.03188
0.03188
0.03188
0.03188
0.03188
0.031855
0.031855
0.031855
0.031855
0.031855
0.031855
0.031855
0.031855
0.031855
0.031855
0.031855
0.031855
0.031855
0.031855
0.031855
0.031855
0.031855
0.031855
0.031855
0.03183
0.03183
0.03183
0.03183
0.03183
0.031855
0.03183
0.03183
0.03183
0.03183
0.03183
0.031855
0.03183
0.03183
0.03183
0.03183
0.03183
0.03183
0.03183
0.031806
0.03183
0.03183
0.031806
0.031806
0.031806
0.031806
0.031806
0.031806
0.031806
0.031806
0.03183
0.03183
0.03183
0.03183
0.03183
0.031855
0.031855
0.03183
0.03183
0.03183
0.03183
0.03183
0.031806
0.031806
0.031806
0.031806
0.031806
0.031781
0.031781
0.031781
0.031781
0.031781
0.031781
0.031781
0.031781
0.031757
0.031757
0.031781
0.031781
0.031781
0.031757
0.031757
0.031757
0.031757
0.031781
0.031806
0.031806
0.031855
0.031904
0.031954
0.032003
0.032077
0.032126
0.032175
0.03215
0.032101
0.032027
0.031929
0.031855
0.03183
0.031806
0.031806
0.031781
0.031781
0.031781
0.031781
0.031757
0.031757
0.031757
0.031757
0.031781
0.031781
0.031781
0.031781
0.031781
0.031806
0.031806
0.031806
0.031806
0.031806
0.031806
0.031806
0.031806
0.031806
0.031806
0.031806
0.031806
0.031806
0.031781
0.031781
0.031781
0.031781
0.031757
0.031757
0.031757
0.031757
0.031757
0.031757
0.031757
0.031757
0.031781
0.031781
0.031781
0.031781
0.031781
0.031806
0.031806
0.031806
0.03183
0.03183
0.03183
0.03183
0.03183
0.03183
0.03183
0.03183
0.03183
0.03183
0.03183
0.03183
0.03183
0.03183
0.03183
0.031806
0.031806
0.031806
0.031806
0.031806
0.03183
0.031806
0.031806
0.03183
0.03183
0.03183
0.03183
0.03183
0.03183
0.03183
0.031806
0.031806
0.031806
0.031806
0.031806
0.031781
0.031781
0.031781
0.031781
0.031781
0.031806
0.031806
0.031806
0.031806
0.03183
0.03183
0.031806
0.031806
0.031806
0.031806
0.03183
0.03183
0.03183
0.03183
0.03183
0.03183
0.03183
0.03183
0.03183
0.03183
0.031855
0.031855
0.03183
0.03183
0.03183
0.03183
0.03183
0.03183
0.03183
0.03183
0.03183
0.03183
0.03183
0.03183
0.03183
0.03183
0.03183
0.03183
0.03183
0.03183
0.03183
0.03183
0.03183
0.03183
0.03183
0.031806
0.03183
0.03183
0.03183
0.03183
0.031806
0.031806
0.031806
0.031806
0.031806
0.031806
0.031806
0.031806
0.031806
0.031806
0.031781
0.031781
0.031806
0.031781
0.031781
0.031781
0.031781
0.031781
0.031781
0.031781
0.031781
0.031781
0.031781
0.031757
0.031757
0.031757
0.031757
0.031781
0.031781
0.031781
0.031781
0.031781
0.031781
0.031781
0.031781
0.031781
0.031781
0.031781
0.031781
0.031781
0.031781
0.031781
0.031781
0.031781
0.031781
0.031781
0.031781
0.031781
0.031781
0.031781
0.031781
0.031781
0.031781
0.031781
0.031781
0.031781
0.031781
0.031781
0.031781
0.031806
0.031806
0.031806
0.031806
0.031806
0.031806
0.031806
0.031806
0.031806
0.031806
0.031806
0.031806
0.031806
0.031806
0.031806
0.031806
0.031806
0.031806
0.031806
0.031806
0.031806
0.031806
0.031806
0.031806
0.031781
0.031781
0.031781
0.031781
0.031781
0.031757
0.031757
0.031757
0.031757
0.031732
0.031732
0.031732
0.031732
0.031732
0.031732
0.031707
0.031707
0.031732
0.031732
0.031757
0.031781
0.03183
0.03188
0.031929
0.032077
0.032027
0.031954
0.031855
0.031781
0.031757
0.031757
0.031757
0.031732
0.031732
0.031732
0.031732
0.031732
0.031732
0.031732
0.031732
0.031732
0.031732
0.031732
0.031732
0.031732
0.031732
0.031732
0.031732
0.031732
0.031732
0.031732
0.031757
0.031757
0.031757
0.031757
0.031757
0.031757
0.031757
0.031757
0.031757
0.031781
0.031757
0.031757
0.031757
0.031757
0.031757
0.031757
0.031757
0.031757
0.031757
0.031757
0.031757
0.031757
0.031757
0.031757
0.031757
0.031757
0.031757
0.031757
0.031757
0.031757
0.031757
0.031757
0.031757
0.031732
0.031732
0.031732
0.031732
0.031732
0.031732
0.031732
0.031732
0.031707
0.031707
0.031707
0.031707
0.031707
0.031707
0.031707
0.031707
0.031707
0.031707
0.031707
0.031707
0.031683
0.031683
0.031683
0.031683
0.031683
0.031683
0.031658
0.031658
0.031658
0.031658
0.031658
0.031658
0.031634
0.031634
0.031634
0.031634
0.031634
0.031634
0.031634
0.031634
0.031658
0.031658
0.031658
0.031658
0.031658
0.031658
0.031658
0.031658
0.031658
0.031658
0.031658
0.031658
0.031634
0.031634
0.031634
0.031658
0.031658
0.031658
0.031634
0.031634
0.031634
0.031634
0.031634
0.031634
0.031609
0.031609
0.031609
0.031609
0.031609
0.031609
0.031609
0.031609
0.031609
0.031634
0.031634
0.031634
0.031609
0.031634
0.031634
0.031634
0.031609
0.031609
0.031609
0.031609
0.031609
0.031609
0.031609
0.031609
0.031609
0.031609
0.031609
0.031609
0.031634
0.031634
0.031609
0.031609
0.031609
0.031609
0.031609
0.031609
0.031609
0.031609
0.031609
0.031609
0.031634
0.031634
0.031609
0.031609
0.031609
0.031609
0.031634
0.031634
0.031634
0.031634
0.031634
0.031634
0.031634
0.031634
0.031634
0.031634
0.031634
0.031634
0.031634
0.031634
0.031634
0.031634
0.031634
0.031634
0.031634
0.031634
0.031634
0.031634
0.031634
0.031634
0.031634
0.031634
0.031634
0.031634
0.031634
0.031634
0.031658
0.031658
0.031658
0.031658
0.031658
0.031658
0.031658
0.031658
0.031658
0.031658
0.031658
0.031658
0.031658
0.031658
0.031658
0.031658
0.031658
0.031658
0.031658
0.031658
0.031658
0.031658
0.031658
0.031634
0.031634
0.031634
0.031634
0.031634
0.031634
0.031634
0.031634
0.031634
0.031634
0.031634
0.031634
0.031634
0.031634
0.031634
0.031609
0.031609
0.031658
0.031683
0.031707
0.031757
0.03183
0.03188
0.031954
0.032003
0.032052
0.032027
0.031978
0.031904
0.031806
0.031732
0.031707
0.031707
0.031707
0.031683
0.031683
0.031683
0.031683
0.031658
0.031658
0.031683
0.031683
0.031683
0.031683
0.031683
0.031683
0.031683
0.031683
0.031683
0.031658
0.031683
0.031683
0.031683
0.031683
0.031707
0.031707
0.031732
0.031707
0.031707
0.031707
0.031683
0.031683
0.031683
0.031658
0.031658
0.031658
0.031658
0.031658
0.031634
0.031634
0.031634
0.031658
0.031658
0.031658
0.031658
0.031658
0.031683
0.031683
0.031683
0.031683
0.031683
0.031707
0.031707
0.031707
0.031732
0.031732
0.031732
0.031707
0.031707
0.031707
0.031707
0.031683
0.031683
0.031683
0.031683
0.031683
0.031707
0.031707
0.031707
0.031707
0.031707
0.031707
0.031707
0.031707
0.031707
0.031707
0.031707
0.031707
0.031707
0.031707
0.031707
0.031707
0.031707
0.031732
0.031732
0.031732
0.031707
0.031707
0.031707
0.031707
0.031707
0.031707
0.031707
0.031707
0.031707
0.031707
0.031707
0.031707
0.031707
0.031707
0.031732
0.031732
0.031732
0.031732
0.031757
0.031757
0.031757
0.031781
0.031781
0.031781
0.031781
0.031781
0.031781
0.031781
0.031781
0.031781
0.031757
0.031757
0.031757
0.031757
0.031757
0.031757
0.031757
0.031757
0.031757
0.031757
0.031757
0.031757
0.031757
0.031757
0.031781
0.031781
0.031781
0.031781
0.031781
0.031781
0.031781
0.031781
0.031781
0.031781
0.031781
0.031781
0.031781
0.031781
0.031781
0.031781
0.031806
0.031806
0.031806
0.031806
0.031806
0.031806
0.031806
0.031806
0.031781
0.031781
0.031781
0.031781
0.031781
0.031781
0.031781
0.031781
0.031781
0.031781
0.031781
0.031781
0.031781
0.031781
0.031781
0.031781
0.031781
0.031781
0.031781
0.031781
0.031781
0.031781
0.031781
0.031806
0.031806
0.031806
0.031806
0.031806
0.03183
0.03183
0.03183
0.03183
0.031806
0.031781
0.031781
0.031781
0.031781
0.031781
0.031781
0.031781
0.031781
0.031781
0.031781
0.031781
0.031781
0.031781
0.031781
0.031781
0.031781
0.031781
0.031781
0.031781
0.031781
0.031781
0.031781
0.031781
0.031781
0.031781
0.031781
0.031781
0.031781
0.031781
0.031781
0.031781
0.031781
0.031781
0.031781
0.031781
0.031781
0.031781
0.031781
0.031781
0.031757
0.031757
0.031757
0.031757
0.031757
0.031781
0.03183
0.031855
0.031904
0.031954
0.032027
0.032101
0.03215
0.032175
0.032175
0.032126
0.032052
0.031954
0.03188
0.031855
0.031855
0.031855
0.03183
0.031855
0.031855
0.031855
0.031855
0.031855
0.03183
0.031855
0.031855
0.031855
0.031855
0.031855
0.031855
0.031855
0.031855
0.031855
0.03183
0.03183
0.03183
0.03183
0.03183
0.03183
0.03183
0.031806
0.031806
0.031806
0.031806
0.031806
0.031781
0.031781
0.031781
0.031781
0.031781
0.031781
0.031757
0.031757
0.031781
0.031781
0.031781
0.031781
0.031781
0.031781
0.031806
0.031806
0.031806
0.031806
0.031806
0.031806
0.03183
0.03183
0.03183
0.03183
0.031806
0.031806
0.031806
0.031806
0.031806
0.031781
0.031781
0.031781
0.031781
0.031781
0.031781
0.031757
0.031757
0.031757
0.031757
0.031757
0.031757
0.031757
0.031732
0.031732
0.031757
0.031757
0.031757
0.031732
0.031732
0.031732
0.031732
0.031732
0.031732
0.031732
0.031732
0.031732
0.031732
0.031707
0.031707
0.031707
0.031707
0.031707
0.031707
0.031707
0.031707
0.031707
0.031707
0.031707
0.031707
0.031707
0.031707
0.031683
0.031683
0.031658
0.031658
0.031658
0.031658
0.031658
0.031658
0.031658
0.031658
0.031683
0.031683
0.031683
0.031707
0.031707
0.031707
0.031707
0.031707
0.031707
0.031707
0.031707
0.031707
0.031683
0.031683
0.031683
0.031683
0.031683
0.031683
0.031658
0.031683
0.031683
0.031658
0.031658
0.031658
0.031658
0.031658
0.031658
0.031658
0.031634
0.031634
0.031609
0.031609
0.031609
0.031609
0.031609
0.031609
0.031609
0.031609
0.031609
0.031609
0.031584
0.031584
0.031584
0.031584
0.031584
0.031584
0.03156
0.03156
0.031584
0.031584
0.031584
0.031584
0.031584
0.031584
0.031584
0.031584
0.031584
0.031584
0.031584
0.031584
0.031584
0.031584
0.031584
0.031584
0.031584
0.031584
0.03156
0.03156
0.031584
0.031584
0.031584
0.031584
0.031584
0.031584
0.031584
0.031584
0.031584
0.031584
0.031584
0.031584
0.031584
0.031584
0.031609
0.031609
0.031609
0.031609
0.031609
0.031609
0.031609
0.031609
0.031609
0.031609
0.031609
0.031609
0.031609
0.031609
0.031609
0.031584
0.031584
0.031584
0.031584
0.031584
0.031584
0.031584
0.031584
0.031584
0.031584
0.031584
0.031584
0.031584
0.031584
0.031584
0.031584
0.031584
0.031609
0.031634
0.031683
0.031732
0.031781
0.031855
0.031929
0.031978
0.032003
0.031978
0.031929
0.031855
0.031757
0.031683
0.031658
0.031658
0.031658
0.031634
0.031634
0.031609
0.031609
0.031609
0.031609
0.031609
0.031609
0.031609
0.031609
0.031609
0.031609
0.031609
0.031609
0.031634
0.031634
0.031634
0.031634
0.031634
0.031683
0.031683
0.031683
0.031683
0.031683
0.031683
0.031683
0.031683
0.031683
0.031658
0.031658
0.031658
0.031658
0.031658
0.031634
0.031634
0.031634
0.031634
0.031634
0.031634
0.031634
0.031658
0.031658
0.031658
0.031634
0.031658
0.031658
0.031658
0.031658
0.031658
0.031658
0.031658
0.031658
0.031634
0.031634
0.031634
0.031634
0.031634
0.031634
0.031634
0.031609
0.031609
0.031609
0.031609
0.031609
0.031584
0.031584
0.031584
0.031584
0.031584
0.031584
0.031584
0.031584
0.031584
0.03156
0.03156
0.03156
0.03156
0.03156
0.03156
0.03156
0.03156
0.03156
0.03156
0.03156
0.031535
0.031535
0.031535
0.031535
0.031535
0.031535
0.031535
0.031535
0.031535
0.031535
0.031535
0.031535
0.031535
0.031535
0.031535
0.031535
0.031535
0.03151
0.03151
0.03151
0.031535
0.031535
0.03151
0.031535
0.031535
0.031535
0.031535
0.031535
0.03151
0.03151
0.031535
0.03151
0.03151
0.03151
0.03151
0.03151
0.03151
0.03151
0.03151
0.03151
0.03151
0.03151
0.03151
0.03151
0.03151
0.03151
0.03151
0.03151
0.031486
0.031486
0.031486
0.031486
0.031486
0.031486
0.031486
0.031461
0.031461
0.031461
0.031461
0.031461
0.031461
0.031461
0.031461
0.031461
0.031437
0.031437
0.031437
0.031437
0.031437
0.031437
0.031437
0.031437
0.031437
0.031437
0.031412
0.031412
0.031412
0.031412
0.031412
0.031412
0.031412
0.031412
0.031412
0.031412
0.031412
0.031412
0.031412
0.031437
0.031437
0.031437
0.031412
0.031412
0.031437
0.031437
0.031437
0.031437
0.031437
0.031437
0.031437
0.031437
0.031437
0.031437
0.031461
0.031461
0.031461
0.031461
0.031437
0.031437
0.031437
0.031412
0.031412
0.031412
0.031412
0.031387
0.031387
0.031387
0.031387
0.031363
0.031363
0.031338
0.031338
0.031313
0.031313
0.031313
0.031313
0.031289
0.031289
0.031289
0.031264
0.031264
0.031264
0.03124
0.03124
0.03124
0.03124
0.031313
0.031363
0.031412
0.031461
0.03151
0.031535
0.031535
0.031486
0.031412
0.031289
0.031215
0.031166
0.031141
0.031117
0.031092
0.031092
0.031092
0.031067
0.031067
0.031067
0.031043
0.031043
0.031043
0.031018
0.031018
0.031018
0.030993
0.030993
0.030993
0.030969
0.030969
0.030969
0.030969
0.030969
0.030969
0.030969
0.030969
0.030969
0.030969
0.030969
0.030895
0.03087
0.03087
0.030846
0.030846
0.030821
0.030797
0.030797
0.030772
0.030772
0.030772
0.030747
0.030747
0.030747
0.030747
0.030747
0.030723
0.030723
0.030723
0.030723
0.030723
0.030723
0.030723
0.030698
0.030698
0.030673
0.030673
0.030649
0.030649
0.030624
0.030624
0.0306
0.030575
0.030575
0.03055
0.030526
0.030526
0.030501
0.030501
0.030476
0.030427
0.030427
0.030427
0.030403
0.030403
0.030403
0.030403
0.030378
0.030378
0.030378
0.030378
0.030353
0.030329
0.030329
0.030329
0.030304
0.03028
0.03028
0.03028
0.030255
0.030255
0.030255
0.03023
0.03023
0.030206
0.030206
0.030206
0.030181
0.030181
0.030181
0.030181
0.030181
0.030156
0.030156
0.030156
0.030156
0.030132
0.030132
0.030132
0.030107
0.030107
0.030107
0.030083
0.030083
0.030083
0.030083
0.030083
0.030083
0.030083
0.030083
0.030083
0.030058
0.030058
0.030058
0.030058
0.030033
0.030033
0.030033
0.030033
0.030009
0.030009
0.029984
0.029984
0.029984
0.02996
0.02996
0.02996
0.029935
0.029935
0.029935
0.02991
0.02991
0.029935
0.02991
0.02991
0.02991
0.02991
0.02991
0.029886
0.029886
0.029861
0.029861
0.029861
0.029861
0.029836
0.029836
0.029836
0.029836
0.029836
0.029836
0.029812
0.029812
0.029812
0.029812
0.029787
0.029787
0.029787
0.029787
0.029763
0.029763
0.029763
0.029763
0.029738
0.029738
0.029738
0.029713
0.029713
0.029713
0.029713
0.029713
0.029689
0.029689
0.029689
0.029689
0.029689
0.029689
0.029689
0.029664
0.029664
0.029664
0.029664
0.029664
0.029664
0.029664
0.029664
0.029664
0.029639
0.029639
0.029615
0.029615
0.029615
0.02959
0.02959
0.02959
0.029566
0.029566
0.029566
0.029566
0.029541
0.029516
0.029516
0.029516
0.029516
0.029492
0.029492
0.029492
0.029467
0.029467
0.029467
0.029467
0.029443
0.029443
0.029443
0.029418
0.029418
0.029418
0.029393
0.029393
0.029393
0.029418
0.029516
0.029566
0.029639
0.029689
0.029738
0.029713
0.029664
0.02959
0.029467
0.029369
0.029319
0.029295
0.029295
0.02927
0.02927
0.029246
0.029221
0.029221
0.029221
0.029221
0.029196
0.029196
0.029196
0.029196
0.029196
0.029196
0.029196
0.029196
0.029196
0.029196
0.029172
0.029172
0.029172
0.029172
0.029172
0.029172
0.029172
0.029172
0.029172
0.029172
0.029147
0.029123
0.029123
0.029098
0.029098
0.029098
0.029073
0.029073
0.029073
0.029049
0.029073
0.029049
0.029049
0.029049
0.029024
0.029024
0.029024
0.029024
0.028999
0.028999
0.028999
0.028999
0.028999
0.028999
0.028999
0.028999
0.028975
0.028975
0.02895
0.02895
0.02895
0.028926
0.028926
0.028901
0.028901
0.028901
0.028876
0.028876
0.028876
0.028852
0.028802
0.028802
0.028802
0.028778
0.028778
0.028753
0.028753
0.028753
0.028729
0.028729
0.028704
0.028679
0.028679
0.028655
0.028655
0.02863
0.02863
0.028606
0.028606
0.028581
0.028581
0.028581
0.028556
0.028556
0.028532
0.028532
0.028507
0.028507
0.028482
0.028482
0.028458
0.028458
0.028433
0.028433
0.028409
0.028409
0.028409
0.028409
0.028384
0.028384
0.02831
0.02831
0.02831
0.028286
0.028286
0.028261
0.028236
0.028236
0.028236
0.028212
0.028212
0.028187
0.028162
0.028162
0.028162
0.028138
0.028113
0.028089
0.028089
0.028064
0.028064
0.028039
0.028015
0.028015
0.02799
0.027965
0.027965
0.027941
0.027916
0.027916
0.027892
0.027867
0.027842
0.027842
0.027818
0.027793
0.027793
0.027769
0.027769
0.027744
0.027695
0.027695
0.02767
0.02767
0.027645
0.027621
0.027621
0.027596
0.027572
0.027572
0.027547
0.027547
0.027522
0.027498
0.027498
0.027498
0.027473
0.027473
0.027449
0.027424
0.027424
0.027399
0.027375
0.027375
0.02735
0.02735
0.027325
0.027325
0.027301
0.027301
0.027276
0.027276
0.027252
0.027227
0.027227
0.027202
0.027202
0.027178
0.027178
0.027153
0.027104
0.027079
0.027079
0.027055
0.02703
0.02703
0.027005
0.027005
0.027005
0.026981
0.026981
0.026956
0.026932
0.026932
0.026907
0.026907
0.026882
0.026882
0.026882
0.026858
0.026833
0.026833
0.026808
0.026784
0.026784
0.026759
0.026735
0.026735
0.02671
0.026685
0.026661
0.026661
0.026636
0.026636
0.026636
0.026612
0.026587
0.026587
0.026562
0.026562
0.026562
0.026562
0.026587
0.026612
0.026661
0.02671
0.026759
0.026808
0.026808
0.026784
0.02671
0.026612
0.026513
0.026464
0.026439
0.026415
0.02639
0.026365
0.026341
0.026316
0.026292
0.026292
0.026267
0.026267
0.026242
0.026242
0.026218
0.026218
0.026218
0.026218
0.026193
0.026168
0.026168
0.026168
0.026144
0.026144
0.026144
0.026144
0.026119
0.026119
0.02607
0.02607
0.026045
0.026045
0.026021
0.025996
0.025996
0.025971
0.025971
0.025947
0.025922
0.025922
0.025898
0.025898
0.025873
0.025873
0.025873
0.025873
0.025848
0.025848
0.025848
0.025824
0.025824
0.025799
0.025775
0.025775
0.02575
0.02575
0.02575
0.025725
0.025701
0.025701
0.025676
0.025676
0.025651
0.025651
0.025627
0.025627
0.025627
0.025602
0.025553
0.025528
0.025528
0.025528
0.025504
0.025504
0.025504
0.025479
0.025479
0.025479
0.025455
0.02543
0.02543
0.02543
0.025405
0.025405
0.025381
0.025356
0.025356
0.025356
0.025331
0.025307
0.025307
0.025307
0.025282
0.025282
0.025258
0.025233
0.025233
0.025233
0.025233
0.025208
0.025208
0.025184
0.025184
0.025159
0.025159
0.025159
0.025134
0.025134
0.02511
0.02511
0.02511
0.02511
0.02511
0.02511
0.02511
0.025085
0.025085
0.025085
0.025061
0.025061
0.025061
0.025061
0.025036
0.025036
0.025036
0.025011
0.025011
0.024987
0.024987
0.024987
0.024962
0.024962
0.024938
0.024938
0.024938
0.024938
0.024913
0.024913
0.024888
0.024888
0.024864
0.024864
0.024839
0.024839
0.024814
0.024814
0.02479
0.02479
0.024741
0.024741
0.024716
0.024716
0.024691
0.024691
0.024667
0.024667
0.024667
0.024642
0.024618
0.024618
0.024618
0.024593
0.024593
0.024568
0.024568
0.024544
0.024544
0.024544
0.024519
0.024519
0.024494
0.024494
0.024494
0.024494
0.02447
0.02447
0.02447
0.024445
0.024445
0.024445
0.024445
0.024421
0.024421
0.024396
0.024396
0.024396
0.024371
0.024371
0.024347
0.024347
0.024322
0.024322
0.024297
0.024297
0.024273
0.024273
0.024248
0.024248
0.024248
0.024224
0.024224
0.024224
0.024224
0.024224
0.024199
0.024199
0.024199
0.024174
0.024174
0.02415
0.02415
0.024125
0.024125
0.024125
0.024101
0.024101
0.024076
0.024076
0.024051
0.024051
0.024051
0.024027
0.024027
0.024002
0.024002
0.024002
0.023977
0.023977
0.023928
0.023928
0.023904
0.023904
0.023879
0.023879
0.023904
0.023928
0.023953
0.023977
0.024027
0.024076
0.024125
0.024174
0.024199
0.024174
0.024125
0.024027
0.023904
0.02383
0.023805
0.023781
0.023781
0.023756
0.023756
0.023731
0.023731
0.023707
0.023707
0.023707
0.023682
0.023682
0.023682
0.023682
0.023657
0.023657
0.023657
0.023657
0.023633
0.023633
0.023633
0.023633
0.023608
0.023608
0.023608
0.023608
0.023584
0.023584
0.023584
0.023559
0.023559
0.023534
0.023534
0.023534
0.02351
0.02351
0.023485
0.023485
0.023485
0.023485
0.023485
0.02346
0.02346
0.02346
0.02346
0.02346
0.023436
0.023436
0.023411
0.023411
0.023411
0.023387
0.023387
0.023387
0.023387
0.023362
0.023362
0.023362
0.023337
0.023337
0.023288
0.023264
0.023264
0.023239
0.023239
0.023214
0.023214
0.023214
0.023214
0.02319
0.02319
0.02319
0.02319
0.023165
0.02314
0.02314
0.02314
0.02314
0.023116
0.023116
0.023091
0.023091
0.023091
0.023067
0.023067
0.023042
0.023042
0.023042
0.023017
0.023017
0.023017
0.023017
0.022993
0.022993
0.022993
0.022993
0.022968
0.022968
0.022968
0.022968
0.022944
0.022944
0.022944
0.022944
0.022919
0.022919
0.022919
0.022919
0.022919
0.022919
0.022894
0.022894
0.022894
0.022894
0.02287
0.02287
0.02287
0.02287
0.02287
0.02287
0.02287
0.022845
0.022845
0.022845
0.02282
0.02282
0.02282
0.02282
0.02282
0.02282
0.02282
0.02282
0.02282
0.02282
0.02282
0.022796
0.022796
0.022796
0.022771
0.022771
0.022771
0.022771
0.022747
0.022747
0.022747
0.022747
0.022722
0.022722
0.022697
0.022697
0.022673
0.022673
0.022648
0.022648
0.022648
0.022648
0.022648
0.022648
0.022648
0.022623
0.022623
0.022623
0.022599
0.022599
0.022599
0.022599
0.022599
0.022599
0.022599
0.022599
0.022599
0.022599
0.022599
0.022599
0.022574
0.022574
0.022574
0.022574
0.02255
0.02255
0.02255
0.02255
0.02255
0.02255
0.022525
0.022525
0.022525
0.022525
0.022525
0.022525
0.0225
0.0225
0.0225
0.0225
0.0225
0.0225
0.0225
0.0225
0.0225
0.022476
0.022476
0.022476
0.022476
0.022451
0.022451
0.022451
0.022427
0.022427
0.022427
0.022402
0.022402
0.022402
0.022402
0.022402
0.022377
0.022377
0.022377
0.022377
0.022377
0.022377
