2018
3
20
17
13
26.623
0.054971
0.054971
0.054971
0.054971
0.054971
0.054946
0.054946
0.054946
0.054946
0.054946
0.054946
0.054946
0.054946
0.054946
0.054946
0.054946
0.054946
0.054946
0.054946
0.054922
0.054922
0.054922
0.054946
0.054946
0.054922
0.054922
0.054922
0.054946
0.054946
0.054946
0.054946
0.054946
0.054922
0.054922
0.054922
0.054922
0.054922
0.054922
0.054922
0.054922
0.054897
0.054897
0.054897
0.054897
0.054897
0.054897
0.054897
0.054897
0.054872
0.054872
0.054872
0.054897
0.054872
0.054872
0.054872
0.054872
0.054872
0.054872
0.054872
0.054872
0.054872
0.054872
0.054872
0.054872
0.054872
0.054848
0.054848
0.054848
0.054848
0.054848
0.054848
0.054848
0.054872
0.054872
0.054872
0.054848
0.054848
0.054848
0.054848
0.054848
0.054848
0.054848
0.054848
0.054848
0.054848
0.054848
0.054848
0.054848
0.054848
0.054848
0.054848
0.054848
0.054848
0.054872
0.054872
0.054848
0.054848
0.054848
0.054848
0.054848
0.054848
0.054848
0.054848
0.054848
0.054848
0.054848
0.054848
0.054848
0.054848
0.054848
0.054823
0.054848
0.054848
0.054823
0.054823
0.054848
0.054848
0.054848
0.054848
0.054848
0.054848
0.054823
0.054823
0.054823
0.054823
0.054823
0.054799
0.054823
0.054799
0.054799
0.054799
0.054799
0.054799
0.054799
0.054799
0.054799
0.054799
0.054799
0.054799
0.054799
0.054774
0.054774
0.054799
0.054799
0.054799
0.054799
0.054799
0.054799
0.054799
0.054823
0.054823
0.054848
0.054872
0.054848
0.054823
0.054749
0.054651
0.054503
0.054331
0.054208
0.054602
0.054676
0.054725
0.054749
0.054749
0.054749
0.054774
0.054774
0.054774
0.054774
0.054749
0.054774
0.054774
0.054774
0.054774
0.054774
0.054774
0.054774
0.054774
0.054774
0.054799
0.054774
0.054774
0.054799
0.054799
0.054799
0.054799
0.054799
0.054799
0.054799
0.054799
0.054799
0.054799
0.054799
0.054799
0.054799
0.054799
0.054823
0.054823
0.054823
0.054823
0.054823
0.054823
0.054823
0.054823
0.054823
0.054823
0.054823
0.054823
0.054823
0.054823
0.054799
0.054799
0.054774
0.054774
0.054774
0.054774
0.054749
0.054749
0.054749
0.054749
0.054749
0.054749
0.054749
0.054749
0.054749
0.054749
0.054725
0.054749
0.054749
0.054725
0.054725
0.054725
0.054725
0.054725
0.0547
0.0547
0.0547
0.054725
0.054725
0.0547
0.0547
0.054725
0.054725
0.054725
0.054725
0.054725
0.054725
0.054725
0.054725
0.054725
0.0547
0.0547
0.054725
0.054725
0.054725
0.0547
0.054725
0.054725
0.0547
0.0547
0.0547
0.054725
0.054725
0.0547
0.0547
0.0547
0.054725
0.0547
0.0547
0.0547
0.0547
0.0547
0.0547
0.0547
0.0547
0.0547
0.0547
0.054676
0.054676
0.054676
0.054676
0.054676
0.054676
0.054651
0.054651
0.054651
0.054651
0.054651
0.054651
0.054651
0.054651
0.054651
0.054651
0.054651
0.054651
0.054626
0.054626
0.054626
0.054626
0.054626
0.054626
0.054626
0.054626
0.054626
0.054626
0.054626
0.054626
0.054626
0.054626
0.054626
0.054626
0.054602
0.054626
0.054626
0.054602
0.054602
0.054602
0.054602
0.054602
0.054602
0.054602
0.054626
0.054602
0.054602
0.054602
0.054602
0.054602
0.054602
0.054602
0.054602
0.054602
0.054602
0.054602
0.054577
0.054577
0.054602
0.054577
0.054577
0.054577
0.054577
0.054577
0.054577
0.054577
0.054577
0.054602
0.054602
0.054602
0.054602
0.054602
0.054602
0.054602
0.054602
0.054602
0.054577
0.054577
0.054552
0.054552
0.054552
0.054552
0.054552
0.054528
0.054528
0.054528
0.054528
0.054528
0.054528
0.054528
0.054552
0.054528
0.054552
0.054552
0.054528
0.054552
0.054552
0.054552
0.054552
0.054552
0.054577
0.054577
0.054602
0.054626
0.054651
0.054626
0.054577
0.054528
0.054429
0.054282
0.054085
0.053962
0.053912
0.053986
0.054109
0.054232
0.054355
0.054429
0.054479
0.054503
0.054528
0.054528
0.054552
0.054552
0.054528
0.054528
0.054552
0.054552
0.054552
0.054552
0.054552
0.054552
0.054552
0.054552
0.054552
0.054552
0.054552
0.054552
0.054552
0.054552
0.054552
0.054577
0.054577
0.054577
0.054577
0.054577
0.054577
0.054577
0.054577
0.054602
0.054602
0.054602
0.054602
0.054602
0.054602
0.054602
0.054602
0.054626
0.054626
0.054626
0.054626
0.054626
0.054602
0.054577
0.054577
0.054602
0.054577
0.054577
0.054577
0.054577
0.054577
0.054552
0.054552
0.054552
0.054552
0.054528
0.054528
0.054528
0.054528
0.054503
0.054503
0.054503
0.054503
0.054503
0.054503
0.054479
0.054503
0.054503
0.054503
0.054503
0.054503
0.054503
0.054479
0.054503
0.054503
0.054503
0.054503
0.054503
0.054503
0.054479
0.054503
0.054479
0.054479
0.054479
0.054479
0.054479
0.054479
0.054479
0.054479
0.054479
0.054479
0.054479
0.054479
0.054479
0.054479
0.054479
0.054503
0.054479
0.054479
0.054479
0.054479
0.054479
0.054479
0.054479
0.054479
0.054479
0.054454
0.054454
0.054454
0.054454
0.054454
0.054454
0.054454
0.054454
0.054454
0.054429
0.054429
0.054429
0.054429
0.054429
0.054429
0.054429
0.054429
0.054429
0.054429
0.054429
0.054429
0.054429
0.054429
0.054429
0.054429
0.054429
0.054405
0.054405
0.054429
0.054405
0.054429
0.054429
0.054429
0.054405
0.054405
0.054405
0.054405
0.054405
0.054405
0.054405
0.054405
0.054405
0.054405
0.054405
0.054405
0.054405
0.054405
0.054405
0.054405
0.054405
0.054405
0.054405
0.05438
0.05438
0.05438
0.05438
0.05438
0.05438
0.05438
0.05438
0.05438
0.05438
0.05438
0.05438
0.054355
0.05438
0.05438
0.05438
0.05438
0.05438
0.05438
0.05438
0.05438
0.05438
0.05438
0.05438
0.05438
0.05438
0.05438
0.05438
0.054405
0.05438
0.05438
0.054355
0.054355
0.054355
0.054355
0.054355
0.054355
0.054355
0.054355
0.054355
0.054355
0.054355
0.054355
0.054355
0.054331
0.054331
0.054331
0.054331
0.054331
0.054331
0.054331
0.054331
0.054331
0.054331
0.054355
0.054355
0.05438
0.05438
0.054405
0.054454
0.054429
0.05438
0.054331
0.054208
0.05406
0.053888
0.05374
0.053715
0.053765
0.053888
0.054035
0.054134
0.054208
0.054257
0.054282
0.054306
0.054306
0.054306
0.054331
0.054306
0.054306
0.054331
0.054331
0.054306
0.054306
0.054306
0.054331
0.054331
0.054331
0.054306
0.054306
0.054331
0.054331
0.054331
0.054331
0.054331
0.054331
0.054331
0.054331
0.054331
0.054331
0.054331
0.054355
0.054355
0.054355
0.054355
0.054355
0.054355
0.05438
0.05438
0.05438
0.05438
0.05438
0.05438
0.05438
0.05438
0.05438
0.05438
0.05438
0.05438
0.054355
0.054355
0.054355
0.054355
0.054331
0.054306
0.054306
0.054306
0.054306
0.054306
0.054306
0.054306
0.054282
0.054282
0.054282
0.054282
0.054282
0.054282
0.054282
0.054282
0.054257
0.054257
0.054257
0.054257
0.054257
0.054257
0.054257
0.054257
0.054257
0.054257
0.054282
0.054282
0.054282
0.054282
0.054282
0.054282
0.054282
0.054282
0.054282
0.054257
0.054257
0.054257
0.054282
0.054257
0.054257
0.054257
0.054257
0.054257
0.054257
0.054257
0.054257
0.054257
0.054232
0.054232
0.054232
0.054232
0.054232
0.054232
0.054208
0.054208
0.054208
0.054208
0.054208
0.054208
0.054208
0.054208
0.054208
0.054208
0.054183
0.054183
0.054183
0.054183
0.054183
0.054183
0.054183
0.054183
0.054183
0.054183
0.054183
0.054183
0.054183
0.054183
0.054183
0.054183
0.054159
0.054159
0.054183
0.054183
0.054159
0.054159
0.054159
0.054159
0.054159
0.054159
0.054159
0.054159
0.054159
0.054159
0.054159
0.054159
0.054159
0.054159
0.054159
0.054159
0.054159
0.054159
0.054159
0.054134
0.054134
0.054159
0.054159
0.054134
0.054134
0.054134
0.054159
0.054159
0.054134
0.054134
0.054134
0.054134
0.054134
0.054134
0.054134
0.054134
0.054134
0.054134
0.054134
0.054134
0.054134
0.054134
0.054134
0.054134
0.054109
0.054134
0.054134
0.054134
0.054109
0.054109
0.054134
0.054134
0.054109
0.054109
0.054109
0.054109
0.054134
0.054134
0.054134
0.054134
0.054134
0.054134
0.054109
0.054109
0.054109
0.054109
0.054109
0.054109
0.054109
0.054109
0.054109
0.054085
0.054085
0.054085
0.054085
0.054085
0.054085
0.054085
0.054085
0.054085
0.054085
0.054085
0.054085
0.054085
0.054085
0.054109
0.054109
0.054109
0.054134
0.054159
0.054183
0.054159
0.054109
0.054011
0.053888
0.053715
0.053568
0.053445
0.053445
0.053543
0.053691
0.053814
0.053888
0.053962
0.054011
0.054035
0.054035
0.054035
0.054035
0.054035
0.054035
0.05406
0.05406
0.05406
0.05406
0.05406
0.05406
0.05406
0.05406
0.05406
0.054085
0.05406
0.05406
0.05406
0.05406
0.05406
0.054085
0.054085
0.054085
0.054085
0.054085
0.054085
0.054085
0.054109
0.054109
0.054109
0.054109
0.054109
0.054109
0.054109
0.054109
0.054134
0.054134
0.054134
0.054134
0.054134
0.054134
0.054134
0.054109
0.054109
0.054109
0.054109
0.054109
0.054109
0.054085
0.054085
0.05406
0.05406
0.05406
0.05406
0.054035
0.054035
0.054035
0.054035
0.054035
0.054035
0.054011
0.054011
0.054011
0.054011
0.054011
0.054011
0.054011
0.054011
0.054011
0.054011
0.054011
0.054011
0.054011
0.054011
0.053986
0.053986
0.053986
0.053986
0.053986
0.053986
0.053986
0.053986
0.053986
0.053986
0.053986
0.053986
0.053986
0.053986
0.053986
0.053986
0.053986
0.053962
0.053986
0.053986
0.053962
0.053986
0.053986
0.053986
0.053986
0.053986
0.053986
0.053986
0.053986
0.053986
0.053986
0.053986
0.053986
0.053962
0.053962
0.053962
0.053962
0.053962
0.053962
0.053937
0.053962
0.053962
0.053937
0.053937
0.053937
0.053937
0.053937
0.053937
0.053937
0.053937
0.053937
0.053937
0.053937
0.053937
0.053937
0.053937
0.053937
0.053912
0.053912
0.053912
0.053912
0.053912
0.053912
0.053912
0.053912
0.053912
0.053912
0.053912
0.053912
0.053912
0.053912
0.053912
0.053912
0.053912
0.053912
0.053912
0.053912
0.053937
0.053912
0.053912
0.053912
0.053912
0.053912
0.053912
0.053912
0.053912
0.053912
0.053912
0.053912
0.053912
0.053912
0.053912
0.053912
0.053912
0.053912
0.053912
0.053912
0.053912
0.053912
0.053912
0.053912
0.053912
0.053912
0.053912
0.053912
0.053912
0.053912
0.053912
0.053912
0.053912
0.053912
0.053912
0.053912
0.053888
0.053888
0.053888
0.053912
0.053888
0.053888
0.053888
0.053912
0.053912
0.053912
0.053912
0.053912
0.053912
0.053937
0.053937
0.053912
0.053912
0.053912
0.053888
0.053888
0.053912
0.053888
0.053888
0.053888
0.053888
0.053888
0.053888
0.053888
0.053888
0.053888
0.053888
0.053888
0.053888
0.053888
0.053888
0.053888
0.053888
0.053888
0.053888
0.053912
0.053912
0.053912
0.053937
0.053986
0.054011
0.053986
0.053937
0.053888
0.053765
0.053617
0.053445
0.053322
0.053272
0.053322
0.053469
0.053592
0.053691
0.053765
0.053814
0.053839
0.053863
0.053888
0.053888
0.053888
0.053888
0.053888
0.053888
0.053888
0.053888
0.053888
0.053888
0.053912
0.053912
0.053888
0.053912
0.053888
0.053912
0.053912
0.053912
0.053912
0.053912
0.053912
0.053912
0.053937
0.053937
0.053937
0.053937
0.053937
0.053937
0.053937
0.053937
0.053962
0.053962
0.053962
0.053962
0.053986
0.053986
0.053986
0.053986
0.053986
0.053986
0.053986
0.053986
0.053962
0.053962
0.053962
0.053937
0.053937
0.053937
0.053912
0.053912
0.053912
0.053888
0.053888
0.053888
0.053888
0.053888
0.053888
0.053863
0.053863
0.053863
0.053863
0.053863
0.053888
0.053863
0.053863
0.053863
0.053863
0.053863
0.053863
0.053863
0.053863
0.053863
0.053863
0.053863
0.053863
0.053863
0.053863
0.053863
0.053863
0.053863
0.053863
0.053863
0.053863
0.053863
0.053863
0.053863
0.053863
0.053863
0.053863
0.053863
0.053839
0.053863
0.053863
0.053839
0.053863
0.053863
0.053839
0.053839
0.053839
0.053839
0.053839
0.053839
0.053839
0.053839
0.053839
0.053839
0.053814
0.053814
0.053814
0.053814
0.053814
0.053814
0.053814
0.053814
0.053789
0.053814
0.053789
0.053789
0.053789
0.053789
0.053789
0.053789
0.053789
0.053789
0.053789
0.053789
0.053789
0.053789
0.053789
0.053789
0.053765
0.053765
0.053789
0.053789
0.053789
0.053765
0.053765
0.053765
0.053789
0.053789
0.053789
0.053765
0.053789
0.053765
0.053789
0.053789
0.053789
0.053789
0.053789
0.053789
0.053789
0.053789
0.053789
0.053789
0.053789
0.053789
0.053789
0.053765
0.053765
0.053765
0.053765
0.053765
0.053765
0.053765
0.053765
0.05374
0.053765
0.053765
0.05374
0.05374
0.05374
0.05374
0.05374
0.053765
0.053765
0.05374
0.05374
0.053765
0.053765
0.05374
0.05374
0.05374
0.05374
0.05374
0.05374
0.053765
0.053765
0.053765
0.05374
0.05374
0.05374
0.05374
0.053765
0.053765
0.053765
0.053765
0.053765
0.053765
0.05374
0.05374
0.05374
0.05374
0.05374
0.05374
0.05374
0.05374
0.05374
0.053715
0.05374
0.05374
0.05374
0.05374
0.053715
0.053715
0.05374
0.053715
0.053715
0.053715
0.05374
0.05374
0.05374
0.05374
0.05374
0.053765
0.053765
0.053789
0.053839
0.053839
0.053789
0.05374
0.053642
0.053518
0.053322
0.053174
0.053125
0.053174
0.053272
0.05342
0.053543
0.053617
0.053666
0.053691
0.053715
0.05374
0.05374
0.05374
0.05374
0.05374
0.05374
0.053715
0.05374
0.05374
0.05374
0.053715
0.053715
0.053715
0.053715
0.053715
0.053715
0.053715
0.053715
0.053715
0.053691
0.053691
0.053715
0.053715
0.053715
0.053715
0.053715
0.053715
0.053715
0.053715
0.053715
0.053715
0.05374
0.05374
0.05374
0.05374
0.05374
0.05374
0.05374
0.053765
0.05374
0.05374
0.05374
0.053715
0.053715
0.053715
0.053691
0.053691
0.053691
0.053666
0.053666
0.053666
0.053666
0.053666
0.053666
0.053642
0.053642
0.053642
0.053642
0.053642
0.053642
0.053642
0.053642
0.053642
0.053617
0.053617
0.053617
0.053617
0.053617
0.053617
0.053617
0.053617
0.053617
0.053617
0.053617
0.053617
0.053617
0.053617
0.053617
0.053617
0.053592
0.053592
0.053592
0.053592
0.053592
0.053592
0.053592
0.053592
0.053592
0.053592
0.053568
0.053568
0.053592
0.053592
0.053592
0.053592
0.053592
0.053592
0.053592
0.053592
0.053592
0.053592
0.053592
0.053568
0.053568
0.053568
0.053568
0.053568
0.053568
0.053568
0.053568
0.053543
0.053543
0.053543
0.053568
0.053568
0.053543
0.053543
0.053543
0.053543
0.053543
0.053543
0.053543
0.053543
0.053543
0.053543
0.053543
0.053543
0.053518
0.053518
0.053518
0.053518
0.053518
0.053518
0.053518
0.053518
0.053518
0.053518
0.053518
0.053494
0.053518
0.053494
0.053494
0.053494
0.053494
0.053494
0.053494
0.053494
0.053518
0.053518
0.053518
0.053518
0.053518
0.053518
0.053518
0.053518
0.053518
0.053518
0.053518
0.053518
0.053518
0.053518
0.053518
0.053494
0.053518
0.053518
0.053518
0.053518
0.053518
0.053518
0.053518
0.053518
0.053518
0.053518
0.053518
0.053518
0.053518
0.053518
0.053518
0.053518
0.053518
0.053494
0.053494
0.053494
0.053494
0.053494
0.053494
0.053494
0.053494
0.053494
0.053494
0.053494
0.053494
0.053518
0.053518
0.053518
0.053518
0.053518
0.053518
0.053518
0.053494
0.053494
0.053494
0.053469
0.053469
0.053469
0.053469
0.053469
0.053469
0.053469
0.053469
0.053469
0.053469
0.053469
0.053469
0.053469
0.053469
0.053469
0.053469
0.053469
0.053469
0.053469
0.053469
0.053469
0.053494
0.053494
0.053494
0.053543
0.053568
0.053543
0.053494
0.05342
0.053297
0.053125
0.052952
0.052878
0.052854
0.052928
0.053051
0.053174
0.05342
0.05342
0.05342
0.053445
0.053445
0.053445
0.05342
0.053445
0.053445
0.053445
0.053445
0.053445
0.053445
0.053445
0.053445
0.053445
0.053445
0.053445
0.053445
0.053445
0.053445
0.053445
0.053469
0.053469
0.053469
0.053469
0.053469
0.053469
0.053494
0.053469
0.053494
0.053494
0.053494
0.053494
0.053494
0.053518
0.053518
0.053518
0.053518
0.053518
0.053543
0.053543
0.053543
0.053518
0.053518
0.053518
0.053518
0.053518
0.053518
0.053494
0.053494
0.053469
0.053469
0.053469
0.053469
0.053445
0.053445
0.053445
0.053445
0.053445
0.053445
0.05342
0.05342
0.05342
0.05342
0.05342
0.05342
0.05342
0.05342
0.05342
0.05342
0.05342
0.05342
0.05342
0.05342
0.05342
0.053395
0.053395
0.053395
0.053395
0.053395
0.053395
0.053395
0.053395
0.053395
0.053395
0.053395
0.053395
0.053395
0.053395
0.053395
0.053395
0.053395
0.053395
0.053395
0.053395
0.053395
0.053395
0.053395
0.053371
0.053395
0.053371
0.053371
0.053371
0.053371
0.053371
0.053371
0.053371
0.053371
0.053371
0.053371
0.053371
0.053371
0.053371
0.053371
0.053346
0.053346
0.053346
0.053346
0.053346
0.053346
0.053346
0.053346
0.053346
0.053346
0.053346
0.053346
0.053346
0.053346
0.053346
0.053346
0.053346
0.053346
0.053322
0.053322
0.053322
0.053322
0.053322
0.053322
0.053322
0.053322
0.053322
0.053322
0.053322
0.053322
0.053322
0.053322
0.053322
0.053322
0.053322
0.053322
0.053322
0.053322
0.053322
0.053322
0.053297
0.053297
0.053297
0.053297
0.053322
0.053297
0.053297
0.053297
0.053297
0.053322
0.053297
0.053297
0.053322
0.053297
0.053297
0.053297
0.053297
0.053297
0.053297
0.053272
0.053272
0.053297
0.053297
0.053272
0.053272
0.053297
0.053272
0.053272
0.053272
0.053272
0.053272
0.053272
0.053272
0.053297
0.053297
0.053297
0.053297
0.053297
0.053297
0.053297
0.053322
0.053322
0.053322
0.053322
0.053297
0.053272
0.053272
0.053272
0.053272
0.053272
0.053272
0.053272
0.053248
0.053248
0.053248
0.053248
0.053248
0.053248
0.053248
0.053248
0.053248
0.053248
0.053248
0.053248
0.053248
0.053248
0.053248
0.053248
0.053272
0.053272
0.053297
0.053322
0.053322
0.053297
0.053272
0.053198
0.053051
0.052878
0.052731
0.052657
0.052657
0.052755
0.052878
0.052977
0.053075
0.053198
0.053223
0.053223
0.053223
0.053223
0.053248
0.053248
0.053248
0.053248
0.053248
0.053248
0.053272
0.053272
0.053272
0.053248
0.053272
0.053248
0.053272
0.053272
0.053272
0.053272
0.053272
0.053272
0.053272
0.053272
0.053272
0.053272
0.053272
0.053297
0.053297
0.053297
0.053297
0.053297
0.053297
0.053322
0.053322
0.053322
0.053322
0.053322
0.053322
0.053322
0.053322
0.053322
0.053322
0.053322
0.053297
0.053297
0.053272
0.053272
0.053272
0.053248
0.053248
0.053248
0.053248
0.053248
0.053223
0.053223
0.053223
0.053223
0.053198
0.053198
0.053198
0.053198
0.053198
0.053198
0.053198
0.053174
0.053174
0.053174
0.053174
0.053174
0.053174
0.053174
0.053174
0.053174
0.053174
0.053174
0.053174
0.053174
0.053174
0.053174
0.053174
0.053174
0.053174
0.053174
0.053174
0.053174
0.053174
0.053198
0.053198
0.053174
0.053174
0.053174
0.053174
0.053198
0.053174
0.053174
0.053174
0.053174
0.053174
0.053174
0.053174
0.053174
0.053174
0.053174
0.053174
0.053174
0.053174
0.053149
0.053149
0.053149
0.053149
0.053149
0.053149
0.053149
0.053149
0.053149
0.053149
0.053149
0.053125
0.053125
0.053125
0.053125
0.053125
0.053125
0.053125
0.053125
0.053125
0.053125
0.053125
0.053125
0.053125
0.053125
0.053125
0.053125
0.053125
0.053125
0.053125
0.053125
0.053125
0.053125
0.053125
0.0531
0.053125
0.053125
0.0531
0.0531
0.0531
0.053125
0.053125
0.053125
0.053125
0.053125
0.053125
0.053125
0.053125
0.053125
0.053125
0.053125
0.053125
0.053125
0.053125
0.053125
0.053125
0.0531
0.0531
0.0531
0.053125
0.053125
0.053125
0.053125
0.053125
0.0531
0.0531
0.0531
0.0531
0.0531
0.0531
0.0531
0.0531
0.0531
0.053125
0.053125
0.053125
0.053125
0.053125
0.053125
0.053125
0.053125
0.053125
0.053149
0.053149
0.053125
0.0531
0.0531
0.0531
0.0531
0.0531
0.0531
0.0531
0.0531
0.0531
0.0531
0.0531
0.0531
0.0531
0.0531
0.0531
0.0531
0.0531
0.053075
0.0531
0.0531
0.0531
0.0531
0.0531
0.0531
0.053125
0.053125
0.053125
0.053174
0.053198
0.053174
0.053125
0.053075
0.052977
0.052805
0.052632
0.052534
0.052509
0.052583
0.052706
0.052829
0.052928
0.052977
0.053026
0.053051
0.053051
0.053075
0.053075
0.0531
0.0531
0.0531
0.0531
0.0531
0.0531
0.0531
0.0531
0.0531
0.053125
0.0531
0.0531
0.0531
0.0531
0.0531
0.053125
0.053125
0.053125
0.053125
0.053125
0.053125
0.053125
0.053149
0.053149
0.053149
0.053149
0.053149
0.053149
0.053149
0.053149
0.053174
0.053174
0.053174
0.053174
0.053174
0.053174
0.053174
0.053174
0.053174
0.053174
0.053149
0.053149
0.053149
0.053149
0.053149
0.053125
0.053125
0.0531
0.0531
0.0531
0.0531
0.053075
0.053075
0.053075
0.053075
0.053051
0.053051
0.053051
0.053051
0.053051
0.053051
0.053051
0.053051
0.053026
0.053026
0.053026
0.053026
0.053026
0.053026
0.053026
0.053026
0.053026
0.053026
0.053026
0.053026
0.053026
0.053026
0.053026
0.053026
0.053026
0.053026
0.053026
0.053026
0.053026
0.053026
0.053026
0.053026
0.053026
0.053026
0.053026
0.053026
0.053026
0.053026
0.053026
0.053002
0.053002
0.053002
0.053002
0.053002
0.053002
0.053002
0.053002
0.053002
0.053002
0.053002
0.053002
0.053002
0.053002
0.052977
0.052977
0.052977
0.053002
0.052977
0.052977
0.052977
0.052977
0.052977
0.052952
0.052952
0.052952
0.052952
0.052952
0.052977
0.052977
0.052977
0.052977
0.052977
0.052977
0.052977
0.052977
0.052977
0.052977
0.052977
0.052952
0.052952
0.052977
0.052977
0.052952
0.052977
0.052977
0.052977
0.052952
0.052977
0.052977
0.052977
0.052977
0.052977
0.052977
0.052952
0.052952
0.052952
0.052952
0.052952
0.052952
0.052952
0.052977
0.052977
0.052977
0.052977
0.052977
0.052977
0.052977
0.052977
0.052977
0.052977
0.052977
0.052977
0.052977
0.052977
0.052977
0.052977
0.052977
0.052977
0.052977
0.052977
0.052977
0.052977
0.052977
0.052977
0.052952
0.052952
0.052977
0.052977
0.052952
0.052952
0.052952
0.052977
0.052977
0.052977
0.052977
0.052977
0.052977
0.052952
0.052952
0.052928
0.052928
0.052928
0.052928
0.052928
0.052928
0.052928
0.052928
0.052928
0.052903
0.052903
0.052903
0.052903
0.052903
0.052903
0.052903
0.052903
0.052903
0.052903
0.052903
0.052903
0.052928
0.052928
0.052952
0.052952
0.052977
0.053026
0.053002
0.052952
0.052903
0.052805
0.052657
0.052485
0.052361
0.052312
0.052361
0.052485
0.052608
0.052706
0.05278
0.052829
0.052854
0.052878
0.052878
0.052878
0.052903
0.052878
0.052903
0.052878
0.052878
0.052878
0.052878
0.052878
0.052903
0.052903
0.052903
0.052903
0.052903
0.052903
0.052903
0.052903
0.052903
0.052903
0.052903
0.052903
0.052903
0.052903
0.052928
0.052928
0.052928
0.052928
0.052928
0.052928
0.052928
0.052952
0.052952
0.052952
0.052952
0.052952
0.052952
0.052952
0.052977
0.052977
0.052952
0.052952
0.052952
0.052952
0.052928
0.052928
0.052928
0.052928
0.052903
0.052903
0.052878
0.052878
0.052878
0.052878
0.052878
0.052878
0.052878
0.052878
0.052854
0.052854
0.052854
0.052854
0.052854
0.052854
0.052854
0.052829
0.052829
0.052829
0.052829
0.052829
0.052854
0.052829
0.052829
0.052829
0.052829
0.052829
0.052829
0.052829
0.052829
0.052829
0.052829
0.052829
0.052829
0.052829
0.052829
0.052829
0.052829
0.052829
0.052829
0.052854
0.052854
0.052829
0.052829
0.052829
0.052829
0.052829
0.052829
0.052829
0.052829
0.052829
0.052829
0.052829
0.052805
0.052805
0.052805
0.052805
0.052805
0.052805
0.052805
0.052805
0.05278
0.05278
0.052805
0.052805
0.052805
0.052805
0.05278
0.05278
0.05278
0.05278
0.05278
0.05278
0.05278
0.052755
0.052755
0.05278
0.05278
0.052755
0.052755
0.052755
0.05278
0.05278
0.052755
0.052755
0.052755
0.052755
0.052755
0.052755
0.052755
0.052755
0.052755
0.052755
0.052755
0.052755
0.052755
0.052755
0.052755
0.052755
0.052755
0.052755
0.052731
0.052731
0.052731
0.052731
0.052731
0.052731
0.052731
0.052731
0.052731
0.052731
0.052731
0.052731
0.052731
0.052731
0.052731
0.052731
0.052731
0.052731
0.052731
0.052731
0.052731
0.052731
0.052731
0.052731
0.052731
0.052731
0.052731
0.052731
0.052731
0.052731
0.052706
0.052706
0.052706
0.052731
0.052706
0.052731
0.052731
0.052706
0.052706
0.052706
0.052706
0.052731
0.052731
0.052731
0.052731
0.052731
0.052731
0.052706
0.052706
0.052706
0.052706
0.052706
0.052706
