2018
3
20
17
20
58.023
0.047463
0.047463
0.047463
0.047463
0.047463
0.047463
0.047438
0.047438
0.047463
0.047463
0.047463
0.047463
0.047463
0.047463
0.047463
0.047463
0.047463
0.047463
0.047463
0.047463
0.047487
0.047487
0.047487
0.047487
0.047487
0.047487
0.047487
0.047487
0.047463
0.047463
0.047463
0.047463
0.047463
0.047463
0.047463
0.047463
0.047463
0.047438
0.047438
0.047438
0.047438
0.047438
0.047438
0.047413
0.047438
0.047438
0.047438
0.047438
0.047438
0.047438
0.047438
0.047438
0.047438
0.047438
0.047438
0.047438
0.047438
0.047413
0.047413
0.047413
0.047413
0.047413
0.047413
0.047413
0.047413
0.047413
0.047413
0.047413
0.047413
0.047413
0.047413
0.047413
0.047413
0.047413
0.047413
0.047413
0.047413
0.047413
0.047413
0.047413
0.047389
0.047389
0.047389
0.047389
0.047389
0.047389
0.047389
0.047389
0.047389
0.047389
0.047389
0.047389
0.047389
0.047389
0.047389
0.047389
0.047389
0.047389
0.047389
0.047389
0.047389
0.047389
0.047389
0.047389
0.047389
0.047389
0.047389
0.047389
0.047389
0.047389
0.047389
0.047389
0.047389
0.047389
0.047389
0.047389
0.047389
0.047389
0.047389
0.047389
0.047389
0.047389
0.047389
0.047389
0.047389
0.047389
0.047389
0.047389
0.047389
0.047389
0.047389
0.047389
0.047389
0.047389
0.047389
0.047389
0.047389
0.047389
0.047389
0.047389
0.047389
0.047389
0.047389
0.047389
0.047389
0.047389
0.047389
0.047389
0.047389
0.047389
0.047389
0.047389
0.047389
0.047389
0.047389
0.047389
0.047389
0.047389
0.047389
0.047389
0.047389
0.047364
0.047364
0.047389
0.047389
0.047389
0.047364
0.047364
0.047364
0.047364
0.047364
0.047364
0.047364
0.047364
0.047364
0.047364
0.047364
0.047364
0.047364
0.047364
0.047364
0.047364
0.047364
0.047364
0.047364
0.047364
0.047364
0.047364
0.047364
0.047364
0.047364
0.047364
0.047364
0.047364
0.047364
0.047364
0.047364
0.047364
0.047339
0.047364
0.047438
0.047487
0.047561
0.047684
0.047758
0.047783
0.047783
0.047709
0.047586
0.047463
0.047413
0.047389
0.047389
0.047389
0.047364
0.047364
0.047364
0.047364
0.047364
0.047339
0.047339
0.047339
0.047339
0.047339
0.047339
0.047339
0.047339
0.047339
0.047339
0.047339
0.047339
0.047339
0.047339
0.047339
0.047339
0.047339
0.047339
0.047339
0.047339
0.047339
0.047315
0.047315
0.047315
0.047315
0.047315
0.047315
0.047315
0.047315
0.047315
0.047315
0.047315
0.047315
0.047315
0.047315
0.047315
0.047315
0.047339
0.047339
0.047339
0.047339
0.047339
0.047339
0.047339
0.047339
0.047339
0.047339
0.047339
0.047339
0.047339
0.047339
0.047315
0.047315
0.047315
0.047315
0.047315
0.047315
0.047315
0.047315
0.047315
0.047315
0.04729
0.04729
0.04729
0.04729
0.04729
0.04729
0.04729
0.04729
0.04729
0.04729
0.04729
0.04729
0.04729
0.04729
0.04729
0.04729
0.04729
0.04729
0.04729
0.04729
0.04729
0.04729
0.04729
0.04729
0.04729
0.04729
0.04729
0.04729
0.04729
0.04729
0.04729
0.04729
0.04729
0.04729
0.04729
0.047266
0.047266
0.047266
0.047266
0.047266
0.047266
0.047266
0.047266
0.047266
0.047266
0.047266
0.047266
0.047266
0.047266
0.047266
0.047266
0.047266
0.047266
0.047266
0.047266
0.047266
0.047266
0.047266
0.047266
0.047266
0.047266
0.047266
0.047266
0.047266
0.047266
0.047266
0.047266
0.047266
0.047266
0.047266
0.047266
0.047266
0.047266
0.047266
0.047266
0.047266
0.047266
0.047241
0.047266
0.047266
0.047266
0.047266
0.047266
0.047241
0.047241
0.047241
0.047241
0.047241
0.047241
0.047241
0.047241
0.047241
0.047241
0.047241
0.047241
0.047241
0.047241
0.047241
0.047241
0.047241
0.047241
0.047241
0.047241
0.047241
0.047241
0.047241
0.047241
0.047241
0.047241
0.047241
0.047241
0.047241
0.047241
0.047241
0.047241
0.047241
0.047241
0.047241
0.047241
0.047241
0.047241
0.047216
0.047216
0.047216
0.047216
0.047216
0.047216
0.047216
0.047216
0.047216
0.047216
0.047216
0.047216
0.047241
0.047216
0.047216
0.047241
0.047216
0.047216
0.047216
0.047216
0.047216
0.047216
0.047216
0.047216
0.047216
0.047216
0.047216
0.047216
0.047216
0.047216
0.047216
0.047216
0.047216
0.047216
0.047216
0.047216
0.047192
0.047192
0.047192
0.047192
0.047192
0.047192
0.047192
0.047192
0.047192
0.047192
0.047192
0.047192
0.047192
0.047192
0.047192
0.047216
0.047241
0.04729
0.047339
0.047438
0.047536
0.04761
0.04761
0.047586
0.047487
0.047339
0.047266
0.047216
0.047216
0.047216
0.047192
0.047192
0.047192
0.047192
0.047192
0.047192
0.047167
0.047167
0.047167
0.047167
0.047167
0.047167
0.047167
0.047167
0.047167
0.047167
0.047167
0.047167
0.047167
0.047167
0.047167
0.047167
0.047167
0.047167
0.047167
0.047167
0.047167
0.047167
0.047167
0.047167
0.047167
0.047167
0.047167
0.047167
0.047167
0.047167
0.047167
0.047167
0.047167
0.047167
0.047167
0.047167
0.047167
0.047167
0.047167
0.047167
0.047167
0.047167
0.047192
0.047192
0.047192
0.047192
0.047192
0.047167
0.047167
0.047167
0.047167
0.047167
0.047143
0.047143
0.047143
0.047143
0.047143
0.047143
0.047143
0.047143
0.047143
0.047143
0.047143
0.047143
0.047118
0.047143
0.047143
0.047118
0.047118
0.047118
0.047118
0.047118
0.047118
0.047118
0.047118
0.047118
0.047118
0.047118
0.047118
0.047118
0.047118
0.047118
0.047118
0.047118
0.047118
0.047118
0.047118
0.047118
0.047118
0.047118
0.047118
0.047118
0.047118
0.047118
0.047118
0.047118
0.047118
0.047118
0.047118
0.047118
0.047118
0.047118
0.047118
0.047118
0.047118
0.047093
0.047093
0.047118
0.047118
0.047118
0.047093
0.047093
0.047093
0.047093
0.047093
0.047093
0.047093
0.047093
0.047093
0.047093
0.047093
0.047093
0.047093
0.047093
0.047093
0.047093
0.047093
0.047093
0.047093
0.047093
0.047093
0.047093
0.047093
0.047093
0.047093
0.047093
0.047093
0.047093
0.047093
0.047093
0.047093
0.047093
0.047093
0.047093
0.047093
0.047093
0.047093
0.047093
0.047093
0.047093
0.047093
0.047093
0.047093
0.047093
0.047093
0.047093
0.047093
0.047093
0.047093
0.047093
0.047093
0.047093
0.047093
0.047093
0.047093
0.047093
0.047093
0.047093
0.047093
0.047093
0.047093
0.047093
0.047093
0.047093
0.047093
0.047093
0.047093
0.047093
0.047093
0.047093
0.047093
0.047093
0.047093
0.047069
0.047069
0.047069
0.047069
0.047069
0.047069
0.047093
0.047093
0.047069
0.047069
0.047069
0.047069
0.047069
0.047069
0.047069
0.047069
0.047069
0.047069
0.047069
0.047069
0.047069
0.047069
0.047069
0.047069
0.047069
0.047069
0.047069
0.047069
0.047069
0.047069
0.047069
0.047069
0.047069
0.047069
0.047069
0.047069
0.047069
0.047069
0.047069
0.047069
0.047069
0.047069
0.047069
0.047069
0.047044
0.047044
0.047044
0.047069
0.047069
0.047069
0.047069
0.047069
0.047044
0.047044
0.047044
0.047044
0.047044
0.047069
0.047069
0.047118
0.047143
0.047216
0.04729
0.047389
0.047339
0.047216
0.047118
0.047093
0.047069
0.047069
0.047069
0.047069
0.047044
0.047044
0.047044
0.047044
0.047044
0.047044
0.047044
0.047044
0.047044
0.047044
0.047044
0.047044
0.047019
0.047044
0.047044
0.047019
0.047019
0.047019
0.047019
0.047019
0.047019
0.047019
0.047019
0.047019
0.047019
0.047019
0.047019
0.047019
0.047019
0.047019
0.047019
0.047019
0.047019
0.047019
0.047019
0.047019
0.047019
0.047019
0.047019
0.047019
0.047019
0.047019
0.047019
0.047019
0.047019
0.047019
0.047019
0.047019
0.047019
0.047019
0.047019
0.047019
0.047019
0.047019
0.047019
0.047019
0.047019
0.046995
0.047019
0.046995
0.046995
0.046995
0.046995
0.046995
0.046995
0.046995
0.046995
0.046995
0.04697
0.04697
0.04697
0.04697
0.04697
0.04697
0.04697
0.04697
0.04697
0.04697
0.04697
0.04697
0.04697
0.04697
0.04697
0.04697
0.04697
0.04697
0.04697
0.04697
0.04697
0.04697
0.04697
0.04697
0.04697
0.04697
0.04697
0.04697
0.04697
0.046946
0.046946
0.046946
0.046946
0.046946
0.046946
0.046946
0.046946
0.046946
0.046946
0.046946
0.046946
0.046946
0.046946
0.046946
0.046921
0.046921
0.046921
0.046921
0.046921
0.046921
0.046921
0.046921
0.046921
0.046921
0.046921
0.046921
0.046921
0.046921
0.046921
0.046921
0.046921
0.046921
0.046921
0.046921
0.046921
0.046921
0.046921
0.046921
0.046921
0.046896
0.046921
0.046921
0.046921
0.046921
0.046921
0.046921
0.046921
0.046921
0.046921
0.046921
0.046921
0.046921
0.046921
0.046921
0.046896
0.046921
0.046921
0.046921
0.046921
0.046921
0.046921
0.046921
0.046921
0.046896
0.046896
0.046896
0.046921
0.046921
0.046921
0.046921
0.046896
0.046896
0.046896
0.046896
0.046896
0.046896
0.046896
0.046896
0.046896
0.046896
0.046896
0.046896
0.046921
0.046921
0.046921
0.046921
0.046921
0.046921
0.046921
0.046896
0.046896
0.046921
0.046896
0.046896
0.046896
0.046896
0.046896
0.046896
0.046896
0.046896
0.046896
0.046896
0.046896
0.046896
0.046896
0.046896
0.046896
0.046896
0.046896
0.046896
0.046896
0.046896
0.046896
0.046896
0.046896
0.046896
0.046896
0.046896
0.046896
0.046896
0.046896
0.046896
0.046872
0.046872
0.046896
0.046896
0.046896
0.046872
0.046872
0.046872
0.046872
0.046872
0.046872
0.046872
0.046872
0.046872
0.046872
0.046872
0.046872
0.046872
0.046872
0.046872
0.046872
0.046872
0.046872
0.046872
0.046872
0.046872
0.046872
0.046872
0.046872
0.046872
0.046872
0.046872
0.046896
0.046921
0.04697
0.047019
0.047093
0.047192
0.047266
0.04729
0.047266
0.047167
0.047044
0.046946
0.046896
0.046896
0.046896
0.046872
0.046872
0.046872
0.046872
0.046872
0.046872
0.046847
0.046847
0.046872
0.046872
0.046872
0.046872
0.046847
0.046847
0.046847
0.046847
0.046847
0.046847
0.046847
0.046847
0.046847
0.046847
0.046847
0.046847
0.046847
0.046847
0.046847
0.046847
0.046847
0.046847
0.046847
0.046847
0.046847
0.046847
0.046847
0.046847
0.046847
0.046847
0.046847
0.046847
0.046847
0.046847
0.046847
0.046847
0.046872
0.046872
0.046872
0.046872
0.046872
0.046872
0.046872
0.046872
0.046872
0.046872
0.046872
0.046847
0.046847
0.046847
0.046847
0.046847
0.046847
0.046847
0.046847
0.046847
0.046847
0.046847
0.046847
0.046847
0.046847
0.046823
0.046823
0.046823
0.046823
0.046823
0.046823
0.046847
0.046823
0.046823
0.046823
0.046823
0.046823
0.046823
0.046823
0.046823
0.046823
0.046823
0.046823
0.046823
0.046823
0.046823
0.046823
0.046823
0.046823
0.046823
0.046823
0.046823
0.046823
0.046823
0.046823
0.046823
0.046823
0.046823
0.046823
0.046823
0.046823
0.046823
0.046823
0.046823
0.046823
0.046823
0.046823
0.046823
0.046823
0.046823
0.046823
0.046798
0.046823
0.046823
0.046798
0.046798
0.046823
0.046823
0.046823
0.046823
0.046823
0.046798
0.046823
0.046798
0.046798
0.046798
0.046798
0.046798
0.046798
0.046798
0.046798
0.046798
0.046798
0.046798
0.046798
0.046798
0.046798
0.046798
0.046798
0.046798
0.046798
0.046823
0.046823
0.046823
0.046823
0.046823
0.046823
0.046823
0.046823
0.046798
0.046823
0.046798
0.046823
0.046823
0.046823
0.046823
0.046823
0.046823
0.046823
0.046823
0.046823
0.046823
0.046798
0.046798
0.046798
0.046798
0.046823
0.046798
0.046798
0.046798
0.046798
0.046798
0.046798
0.046798
0.046798
0.046798
0.046798
0.046798
0.046798
0.046798
0.046798
0.046798
0.046798
0.046798
0.046798
0.046798
0.046798
0.046798
0.046798
0.046798
0.046798
0.046798
0.046798
0.046798
0.046798
0.046798
0.046798
0.046798
0.046798
0.046798
0.046798
0.046798
0.046798
0.046798
0.046798
0.046798
0.046798
0.046798
0.046798
0.046798
0.046798
0.046798
0.046798
0.046798
0.046798
0.046798
0.046798
0.046798
0.046798
0.046798
0.046798
0.046798
0.046773
0.046798
0.046798
0.046798
0.046773
0.046798
0.046798
0.046798
0.046798
0.046773
0.046773
0.046773
0.046773
0.046798
0.046798
0.046847
0.046872
0.046921
0.046995
0.047192
0.047118
0.046995
0.046872
0.046823
0.046823
0.046798
0.046798
0.046798
0.046798
0.046798
0.046798
0.046798
0.046798
0.046798
0.046798
0.046798
0.046798
0.046798
0.046798
0.046798
0.046798
0.046773
0.046798
0.046798
0.046798
0.046798
0.046798
0.046798
0.046798
0.046773
0.046798
0.046773
0.046773
0.046773
0.046798
0.046798
0.046773
0.046773
0.046773
0.046773
0.046773
0.046773
0.046773
0.046773
0.046773
0.046798
0.046798
0.046798
0.046798
0.046798
0.046798
0.046798
0.046798
0.046798
0.046798
0.046798
0.046798
0.046798
0.046798
0.046798
0.046798
0.046798
0.046798
0.046798
0.046798
0.046798
0.046773
0.046773
0.046773
0.046773
0.046773
0.046773
0.046773
0.046773
0.046773
0.046773
0.046773
0.046773
0.046773
0.046773
0.046773
0.046773
0.046773
0.046773
0.046773
0.046773
0.046773
0.046773
0.046773
0.046773
0.046773
0.046773
0.046773
0.046773
0.046749
0.046749
0.046749
0.046773
0.046749
0.046749
0.046773
0.046749
0.046749
0.046749
0.046749
0.046749
0.046749
0.046749
0.046749
0.046749
0.046749
0.046749
0.046749
0.046749
0.046749
0.046749
0.046749
0.046749
0.046749
0.046749
0.046749
0.046749
0.046749
0.046749
0.046749
0.046749
0.046749
0.046749
0.046749
0.046749
0.046749
0.046749
0.046749
0.046749
0.046749
0.046749
0.046749
0.046749
0.046749
0.046749
0.046749
0.046749
0.046724
0.046749
0.046749
0.046749
0.046749
0.046749
0.046749
0.046724
0.046724
0.046724
0.046724
0.046749
0.046724
0.046724
0.046724
0.046724
0.046724
0.046724
0.046724
0.046724
0.046724
0.046724
0.046724
0.046724
0.046724
0.046724
0.046724
0.046724
0.046724
0.046724
0.046724
0.046724
0.046724
0.046724
0.046724
0.046724
0.046724
0.046724
0.046724
0.046724
0.046724
0.046724
0.046724
0.046724
0.046724
0.046724
0.046724
0.046724
0.046724
0.046724
0.046724
0.046724
0.046724
0.046724
0.046724
0.046724
0.046724
0.046724
0.046724
0.046724
0.046724
0.046724
0.046724
0.046724
0.046724
0.046724
0.046699
0.046724
0.046724
0.046724
0.046724
0.046724
0.046699
0.046699
0.046699
0.046699
0.046724
0.046699
0.046724
0.046724
0.046724
0.046724
0.046724
0.046724
0.046724
0.046724
0.046724
0.046724
0.046724
0.046699
0.046699
0.046699
0.046724
0.046724
0.046699
0.046699
0.046699
0.046724
0.046749
0.046773
0.046823
0.046872
0.04697
0.047069
0.047118
0.047118
0.047069
0.04697
0.046847
0.046773
0.046749
0.046724
0.046724
0.046724
0.046724
0.046724
0.046699
0.046699
0.046699
0.046699
0.046699
0.046699
0.046699
0.046699
0.046699
0.046699
0.046699
0.046699
0.046699
0.046699
0.046699
0.046699
0.046699
0.046699
0.046699
0.046699
0.046699
0.046699
0.046699
0.046699
0.046699
0.046699
0.046699
0.046699
0.046699
0.046699
0.046699
0.046699
0.046699
0.046699
0.046699
0.046699
0.046699
0.046699
0.046699
0.046699
0.046724
0.046724
0.046724
0.046724
0.046724
0.046724
0.046724
0.046724
0.046724
0.046724
0.046724
0.046724
0.046724
0.046699
0.046699
0.046699
0.046699
0.046699
0.046699
0.046699
0.046699
0.046675
0.046675
0.046675
0.046675
0.046675
0.046675
0.046675
0.046675
0.046675
0.046675
0.046675
0.046675
0.046675
0.046675
0.046675
0.046675
0.046699
0.046699
0.046675
0.046675
0.046675
0.046675
0.046675
0.046675
0.046675
0.046675
0.046675
0.046675
0.046675
0.046675
0.046675
0.046675
0.046675
0.046675
0.04665
0.04665
0.04665
0.04665
0.04665
0.04665
0.04665
0.04665
0.04665
0.04665
0.04665
0.04665
0.04665
0.04665
0.04665
0.04665
0.04665
0.04665
0.04665
0.04665
0.04665
0.04665
0.04665
0.04665
0.04665
0.04665
0.04665
0.04665
0.04665
0.04665
0.04665
0.04665
0.04665
0.04665
0.04665
0.04665
0.04665
0.04665
0.04665
0.04665
0.04665
0.04665
0.04665
0.04665
0.04665
0.04665
0.04665
0.04665
0.04665
0.04665
0.04665
0.04665
0.04665
0.04665
0.04665
0.04665
0.04665
0.04665
0.04665
0.04665
0.04665
0.04665
0.04665
0.04665
0.04665
0.04665
0.04665
0.04665
0.04665
0.04665
0.04665
0.04665
0.04665
0.04665
0.04665
0.04665
0.04665
0.04665
0.04665
0.04665
0.04665
0.04665
0.04665
0.04665
0.04665
0.04665
0.046626
0.04665
0.04665
0.04665
0.04665
0.04665
0.04665
0.04665
0.04665
0.04665
0.046626
0.046626
0.046626
0.046626
0.046626
0.046626
0.046626
0.046626
0.046626
0.046626
0.046626
0.046626
0.046626
0.046626
0.046626
0.046626
0.046626
0.046626
0.046626
0.046626
0.046626
0.046626
0.046626
0.046626
0.046626
0.046626
0.046626
0.046626
0.046626
0.046626
0.046626
0.04665
0.046675
0.046699
0.046749
0.046823
0.046921
0.046995
0.047044
0.047044
0.04697
0.046847
0.046724
0.046675
0.04665
0.04665
0.04665
0.04665
0.04665
0.046626
0.046626
0.046626
0.046626
0.046626
0.046626
0.046626
0.046626
0.046626
0.046626
0.046626
0.046626
0.046626
0.046626
0.046626
0.046626
0.046626
0.046626
0.046626
0.046626
0.046626
0.046626
0.046626
0.046626
0.046626
0.046626
0.046626
0.046626
0.046626
0.046626
0.046626
0.046626
0.046626
0.046626
0.046626
0.046626
0.046626
0.046626
0.046626
0.046626
0.046626
0.046626
0.04665
0.04665
0.04665
0.04665
0.04665
0.04665
0.04665
0.04665
0.04665
0.04665
0.04665
0.04665
0.04665
0.04665
0.04665
0.046626
0.046626
0.046626
0.046626
0.046626
0.046626
0.046626
0.046626
0.046626
0.046626
0.046626
0.046626
0.046626
0.046626
0.046626
0.046626
0.046626
0.046626
0.046626
0.046626
0.046626
0.046626
0.046626
0.046626
0.046626
0.046626
0.046626
0.046626
0.046626
0.046626
0.046626
0.046626
0.046626
0.046626
0.046626
0.046626
0.046626
0.046626
0.046626
0.046626
0.046626
0.046626
0.046601
0.046601
0.046601
0.046601
0.046601
0.046601
0.046601
0.046601
0.046601
0.046601
0.046601
0.046601
0.046601
0.046601
0.046601
0.046601
0.046601
0.046601
0.046601
0.046601
0.046601
0.046601
0.046601
0.046601
0.046601
0.046601
0.046601
0.046601
0.046601
0.046601
0.046601
0.046601
0.046601
0.046601
0.046601
0.046601
0.046601
0.046601
0.046601
0.046601
0.046601
0.046601
0.046601
0.046601
0.046601
0.046601
0.046601
0.046601
0.046601
0.046601
0.046601
0.046601
0.046601
0.046601
0.046601
0.046601
0.046601
0.046601
0.046601
0.046601
0.046601
0.046601
0.046601
0.046601
0.046601
0.046601
0.046601
0.046601
0.046601
0.046601
0.046601
0.046601
0.046601
0.046601
0.046601
0.046601
0.046601
0.046601
0.046601
0.046601
0.046601
0.046601
0.046601
0.046601
0.046601
0.046601
0.046601
0.046601
0.046601
0.046601
0.046601
0.046601
0.046601
0.046601
0.046601
0.046601
0.046601
0.046601
0.046601
0.046601
0.046601
0.046601
0.046601
0.046601
0.046601
0.046601
0.046601
0.046601
0.046601
0.046601
0.046601
0.046601
0.046601
0.046601
0.046601
0.046601
0.046601
0.046601
0.046601
0.046576
0.046576
0.046576
0.046675
0.046699
0.046773
0.046872
0.046946
0.046995
0.047019
0.04697
0.046847
0.046724
0.04665
0.046626
0.046626
0.046626
0.046601
0.046601
0.046601
0.046601
0.046601
0.046601
0.046601
0.046601
0.046601
0.046601
0.046601
0.046601
0.046576
0.046576
0.046576
0.046576
0.046576
0.046576
0.046576
0.046576
0.046576
0.046576
0.046576
0.046576
0.046576
0.046576
0.046576
0.046576
0.046576
0.046576
0.046576
0.046576
0.046576
0.046576
0.046601
0.046576
0.046601
0.046601
0.046601
0.046601
0.046601
0.046601
0.046601
0.046601
0.046601
0.046601
0.046601
0.046601
0.046601
0.046601
0.046601
0.046601
0.046601
0.046601
0.046601
0.046601
0.046601
0.046601
0.046576
0.046576
0.046576
0.046576
0.046576
0.046576
0.046576
0.046576
0.046576
0.046552
0.046576
0.046576
0.046576
0.046576
0.046576
0.046576
0.046576
0.046576
0.046576
0.046576
0.046576
0.046576
0.046576
0.046576
0.046576
0.046576
0.046576
0.046576
0.046576
0.046576
0.046576
0.046576
0.046576
0.046576
0.046576
0.046576
0.046576
0.046576
0.046576
0.046576
0.046576
0.046576
0.046576
0.046576
0.046552
0.046552
0.046552
0.046552
0.046552
0.046552
0.046552
0.046552
0.046552
0.046552
0.046552
0.046552
0.046552
0.046552
0.046552
0.046552
0.046552
0.046552
0.046576
0.046576
0.046552
0.046576
0.046576
0.046576
0.046552
0.046552
0.046552
0.046576
0.046576
0.046576
0.046576
0.046576
0.046552
0.046552
0.046576
0.046576
0.046576
0.046576
0.046552
0.046552
0.046576
0.046576
0.046576
0.046576
0.046552
0.046552
0.046552
0.046576
0.046552
0.046552
0.046552
0.046576
0.046576
0.046576
0.046552
0.046552
0.046552
0.046552
0.046576
0.046576
0.046576
0.046576
0.046576
0.046576
0.046576
0.046576
0.046576
0.046576
0.046576
0.046576
0.046576
0.046576
0.046576
0.046576
0.046576
0.046576
0.046576
0.046576
0.046576
0.046576
0.046576
0.046576
0.046576
0.046576
0.046576
0.046576
0.046576
0.046576
0.046576
0.046576
0.046576
0.046576
0.046576
0.046576
0.046576
0.046576
0.046576
0.046576
0.046576
0.046552
0.046576
0.046576
0.046576
0.046576
0.046576
0.046576
0.046576
0.046552
0.046552
0.046576
0.046552
0.046552
0.046552
0.046552
0.046552
0.046552
0.046576
0.046576
0.046576
0.046576
0.046552
0.046552
0.046552
0.046552
0.046601
0.04665
0.046699
0.046773
0.046872
0.046946
0.046995
0.04697
0.046896
0.046773
0.04665
0.046601
0.046601
0.046601
0.046601
0.046576
0.046576
0.046576
0.046576
0.046576
0.046576
0.046576
0.046576
0.046576
0.046576
0.046576
0.046552
0.046552
0.046552
0.046552
0.046552
0.046576
0.046552
0.046576
0.046576
0.046552
0.046552
0.046552
0.046552
0.046576
0.046552
0.046552
0.046552
0.046552
0.046552
0.046552
0.046552
0.046552
0.046552
0.046552
0.046552
0.046552
0.046552
0.046576
0.046576
0.046576
0.046576
0.046576
0.046576
0.046576
0.046576
0.046576
0.046576
0.046576
0.046576
0.046576
0.046576
0.046576
0.046576
0.046576
0.046576
0.046576
0.046576
0.046576
0.046576
0.046576
0.046552
0.046576
0.046552
0.046552
0.046552
0.046552
0.046552
0.046552
0.046552
0.046552
0.046552
0.046552
0.046552
0.046552
0.046552
0.046552
0.046552
0.046552
0.046552
0.046552
0.046552
0.046552
0.046552
0.046552
0.046552
0.046552
0.046552
0.046552
0.046552
0.046552
0.046552
0.046552
0.046552
0.046552
0.046552
0.046552
0.046552
0.046552
0.046552
0.046552
0.046552
0.046552
0.046552
0.046552
0.046527
0.046527
0.046527
0.046527
0.046527
0.046527
0.046527
0.046527
0.046527
0.046527
0.046527
0.046527
0.046527
0.046527
0.046527
0.046527
0.046527
0.046527
0.046527
0.046527
0.046527
0.046527
0.046527
0.046527
0.046527
0.046527
0.046527
0.046527
0.046527
0.046527
0.046527
0.046527
0.046527
0.046527
0.046527
0.046527
0.046527
0.046527
0.046527
0.046527
0.046527
0.046527
0.046527
0.046527
0.046527
0.046527
0.046527
0.046527
0.046527
0.046527
0.046527
0.046527
0.046527
0.046527
0.046527
0.046527
0.046527
0.046527
0.046527
0.046527
0.046527
0.046527
0.046527
0.046527
0.046527
0.046527
0.046527
0.046527
0.046527
0.046527
0.046527
0.046527
0.046527
0.046527
0.046527
0.046527
0.046527
0.046502
0.046502
0.046502
0.046527
0.046527
0.046527
0.046527
0.046527
0.046527
0.046527
0.046502
0.046527
0.046527
0.046527
0.046527
0.046527
0.046527
0.046527
0.046527
0.046527
0.046527
0.046527
0.046527
0.046502
0.046502
0.046527
0.046527
0.046502
0.046502
0.046502
0.046502
0.046502
0.046502
0.046502
0.046502
0.046527
0.046527
0.046502
0.046502
0.046502
0.046502
0.046502
0.046502
0.046502
0.046502
0.046502
0.046502
0.046502
0.046502
0.046502
0.046502
0.046502
0.046502
0.046527
0.046552
0.046576
0.046626
0.046699
0.046798
0.046872
0.046921
0.046921
0.046847
0.046724
0.046601
0.046552
0.046527
0.046527
0.046527
0.046527
0.046527
0.046502
0.046502
0.046502
0.046502
0.046502
0.046502
0.046502
0.046502
0.046502
0.046502
0.046502
0.046502
0.046502
0.046502
0.046502
0.046502
0.046502
0.046502
0.046502
0.046502
0.046502
0.046502
0.046502
0.046502
0.046502
0.046502
0.046502
0.046502
0.046502
0.046502
0.046502
0.046502
0.046502
0.046502
0.046502
0.046502
0.046502
0.046502
0.046502
0.046502
0.046502
0.046502
0.046502
0.046502
0.046502
0.046527
0.046527
0.046502
0.046502
0.046527
0.046527
0.046527
