2018
4
12
17
39
34.488
-0.030255
-0.030255
-0.030255
-0.030255
-0.03023
-0.03023
-0.03023
-0.03023
-0.03023
-0.03023
-0.030206
-0.03023
-0.03023
-0.03023
-0.03023
-0.03023
-0.03023
-0.030255
-0.030255
-0.030255
-0.03023
-0.03023
-0.030255
-0.030255
-0.030255
-0.030255
-0.030255
-0.030255
-0.030255
-0.030255
-0.03023
-0.030255
-0.030255
-0.030255
-0.030255
-0.03023
-0.03023
-0.030255
-0.030255
-0.030255
-0.030255
-0.030255
-0.030255
-0.030255
-0.030255
-0.030255
-0.030255
-0.030255
-0.030255
-0.03028
-0.03028
-0.03028
-0.030255
-0.030255
-0.03028
-0.03028
-0.03028
-0.030255
-0.030255
-0.030255
-0.03028
-0.030255
-0.030255
-0.030255
-0.030255
-0.030255
-0.030255
-0.030255
-0.030255
-0.030255
-0.030255
-0.030255
-0.030255
-0.03023
-0.030255
-0.030255
-0.030255
-0.030255
-0.030255
-0.030255
-0.030255
-0.030255
-0.03028
-0.03028
-0.030255
-0.030255
-0.03028
-0.03028
-0.03028
-0.03028
-0.030255
-0.03028
-0.03028
-0.03028
-0.03028
-0.03028
-0.03028
-0.03028
-0.03028
-0.03028
-0.03028
-0.03028
-0.03028
-0.03028
-0.03028
-0.03028
-0.03028
-0.03028
-0.03028
-0.03028
-0.03028
-0.030304
-0.030304
-0.030304
-0.030304
-0.030304
-0.030304
-0.030329
-0.030329
-0.030304
-0.030329
-0.030304
-0.030329
-0.030329
-0.030329
-0.030353
-0.030378
-0.030403
-0.030427
-0.030427
-0.030304
-0.030033
-0.029738
-0.029393
-0.02895
-0.02863
-0.028778
-0.029492
-0.029984
-0.030058
-0.030107
-0.030156
-0.03023
-0.030255
-0.03028
-0.03028
-0.03028
-0.030304
-0.030304
-0.030329
-0.030304
-0.030329
-0.030329
-0.030329
-0.030329
-0.030329
-0.030329
-0.030329
-0.030329
-0.030329
-0.030353
-0.030329
-0.030329
-0.030329
-0.030353
-0.030353
-0.030329
-0.030329
-0.030329
-0.030353
-0.030353
-0.030329
-0.030329
-0.030353
-0.030353
-0.030353
-0.030329
-0.030329
-0.030353
-0.030353
-0.030353
-0.030353
-0.030329
-0.030353
-0.030353
-0.030353
-0.030329
-0.030329
-0.030329
-0.030353
-0.030353
-0.030329
-0.030329
-0.030329
-0.030329
-0.030329
-0.030304
-0.030304
-0.030304
-0.030329
-0.030329
-0.030329
-0.030329
-0.030329
-0.030329
-0.030329
-0.030353
-0.030353
-0.030329
-0.030329
-0.030329
-0.030353
-0.030353
-0.030329
-0.030329
-0.030329
-0.030353
-0.030353
-0.030329
-0.030329
-0.030329
-0.030353
-0.030353
-0.030329
-0.030329
-0.030353
-0.030353
-0.030353
-0.030353
-0.030353
-0.030353
-0.030353
-0.030353
-0.030353
-0.030353
-0.030353
-0.030378
-0.030378
-0.030353
-0.030353
-0.030353
-0.030378
-0.030378
-0.030378
-0.030378
-0.030378
-0.030378
-0.030378
-0.030378
-0.030378
-0.030353
-0.030378
-0.030378
-0.030378
-0.030353
-0.030353
-0.030378
-0.030378
-0.030378
-0.030378
-0.030378
-0.030378
-0.030378
-0.030378
-0.030378
-0.030378
-0.030378
-0.030378
-0.030378
-0.030378
-0.030378
-0.030378
-0.030403
-0.030403
-0.030378
-0.030378
-0.030378
-0.030403
-0.030378
-0.030378
-0.030403
-0.030378
-0.030378
-0.030378
-0.030403
-0.030403
-0.030403
-0.030378
-0.030378
-0.030403
-0.030403
-0.030378
-0.030378
-0.030378
-0.030378
-0.030378
-0.030378
-0.030378
-0.030378
-0.030403
-0.030403
-0.030403
-0.030378
-0.030378
-0.030403
-0.030403
-0.030403
-0.030403
-0.030403
-0.030403
-0.030403
-0.030403
-0.030378
-0.030378
-0.030403
-0.030403
-0.030378
-0.030378
-0.030378
-0.030378
-0.030427
-0.030452
-0.030452
-0.030452
-0.030353
-0.030107
-0.029836
-0.029492
-0.029049
-0.028729
-0.028852
-0.029492
-0.030009
-0.030083
-0.030132
-0.030181
-0.030255
-0.030304
-0.030304
-0.030304
-0.030304
-0.030329
-0.030353
-0.030353
-0.030353
-0.030353
-0.030353
-0.030378
-0.030353
-0.030353
-0.030353
-0.030353
-0.030353
-0.030353
-0.030353
-0.030353
-0.030353
-0.030353
-0.030353
-0.030353
-0.030353
-0.030353
-0.030353
-0.030353
-0.030353
-0.030353
-0.030353
-0.030353
-0.030353
-0.030353
-0.030353
-0.030353
-0.030353
-0.030353
-0.030353
-0.030353
-0.030353
-0.030353
-0.030353
-0.030353
-0.030353
-0.030353
-0.030329
-0.030329
-0.030353
-0.030329
-0.030329
-0.030329
-0.030329
-0.030329
-0.030304
-0.03028
-0.03028
-0.030304
-0.030304
-0.030304
-0.030304
-0.030304
-0.030304
-0.030329
-0.030329
-0.030329
-0.030329
-0.030329
-0.030329
-0.030329
-0.030329
-0.030304
-0.030304
-0.030329
-0.030329
-0.030329
-0.030304
-0.030304
-0.030304
-0.030329
-0.030304
-0.030304
-0.030304
-0.030304
-0.030329
-0.030304
-0.030304
-0.030304
-0.030329
-0.030329
-0.030329
-0.030304
-0.030304
-0.030304
-0.030329
-0.030329
-0.030304
-0.030304
-0.030329
-0.030329
-0.030329
-0.030304
-0.030304
-0.030329
-0.030304
-0.030329
-0.030329
-0.030329
-0.030304
-0.030304
-0.030329
-0.030329
-0.030329
-0.030304
-0.030304
-0.030329
-0.030329
-0.030304
-0.030304
-0.030304
-0.030304
-0.030329
-0.030329
-0.030304
-0.030304
-0.030329
-0.030329
-0.030329
-0.030304
-0.030304
-0.030329
-0.030329
-0.030329
-0.030304
-0.030304
-0.030329
-0.030329
-0.030329
-0.030304
-0.030304
-0.030329
-0.030329
-0.030329
-0.030304
-0.030329
-0.030329
-0.030304
-0.030329
-0.030329
-0.030329
-0.030304
-0.030304
-0.030304
-0.030329
-0.030329
-0.030304
-0.030304
-0.030304
-0.030329
-0.030329
-0.030304
-0.030304
-0.030304
-0.030304
-0.030329
-0.030304
-0.030329
-0.030329
-0.030329
-0.030329
-0.030304
-0.030304
-0.030329
-0.030329
-0.030329
-0.030329
-0.030329
-0.030329
-0.030329
-0.030329
-0.030329
-0.030304
-0.030329
-0.030353
-0.030403
-0.030378
-0.030206
-0.02991
-0.029615
-0.029246
-0.028852
-0.028729
-0.029123
-0.029787
-0.030033
-0.030083
-0.030132
-0.030181
-0.03023
-0.03023
-0.03028
-0.030304
-0.030304
-0.030304
-0.030304
-0.030304
-0.030329
-0.030304
-0.030304
-0.030329
-0.030329
-0.030329
-0.030304
-0.030304
-0.030304
-0.030329
-0.030329
-0.030304
-0.030304
-0.030304
-0.030329
-0.030304
-0.030304
-0.030304
-0.030304
-0.030304
-0.030304
-0.030329
-0.030304
-0.030304
-0.030304
-0.030304
-0.030304
-0.030304
-0.030304
-0.030304
-0.030304
-0.030304
-0.030304
-0.030304
-0.030304
-0.030304
-0.030304
-0.030304
-0.03028
-0.03028
-0.030304
-0.03028
-0.03028
-0.030255
-0.030255
-0.030255
-0.030255
-0.030255
-0.03023
-0.03023
-0.030255
-0.030255
-0.030255
-0.030255
-0.030255
-0.030255
-0.030255
-0.030255
-0.03028
-0.030255
-0.030255
-0.030255
-0.03028
-0.03028
-0.030255
-0.030255
-0.030255
-0.03028
-0.03028
-0.030255
-0.030255
-0.030255
-0.03028
-0.03028
-0.03028
-0.03028
-0.03028
-0.03028
-0.03028
-0.03028
-0.03028
-0.03028
-0.03028
-0.03028
-0.03028
-0.03028
-0.03028
-0.03028
-0.03028
-0.03028
-0.03028
-0.03028
-0.030304
-0.030304
-0.03028
-0.03028
-0.03028
-0.030304
-0.03028
-0.030304
-0.03028
-0.03028
-0.03028
-0.03028
-0.030304
-0.030304
-0.03028
-0.03028
-0.03028
-0.030304
-0.030304
-0.03028
-0.03028
-0.03028
-0.030304
-0.030304
-0.03028
-0.03028
-0.03028
-0.030304
-0.030304
-0.030304
-0.03028
-0.03028
-0.03028
-0.030304
-0.030304
-0.03028
-0.03028
-0.030304
-0.030304
-0.030304
-0.03028
-0.03028
-0.030304
-0.030304
-0.030304
-0.030304
-0.030304
-0.03028
-0.030304
-0.030304
-0.030304
-0.030304
-0.030304
-0.030304
-0.030304
-0.030304
-0.030304
-0.03028
-0.030304
-0.030304
-0.030304
-0.030304
-0.03028
-0.030304
-0.030304
-0.030304
-0.030304
-0.030304
-0.030304
-0.030304
-0.030304
-0.030304
-0.030304
-0.030304
-0.030329
-0.030329
-0.030304
-0.030304
-0.030304
-0.030304
-0.030329
-0.030304
-0.030304
-0.030304
-0.030329
-0.030329
-0.030353
-0.030378
-0.030378
-0.030378
-0.030378
-0.030206
-0.029935
-0.029639
-0.02927
-0.028876
-0.028753
-0.029147
-0.029787
-0.030009
-0.030058
-0.030107
-0.030181
-0.030206
-0.03023
-0.03023
-0.030255
-0.03028
-0.03028
-0.03028
-0.030304
-0.030304
-0.030304
-0.030304
-0.030304
-0.030304
-0.030329
-0.030329
-0.030304
-0.030304
-0.030304
-0.030304
-0.030304
-0.030304
-0.030304
-0.030304
-0.030304
-0.030304
-0.030304
-0.030329
-0.030304
-0.030304
-0.030304
-0.030304
-0.030304
-0.030304
-0.030304
-0.030304
-0.030304
-0.030304
-0.030304
-0.030304
-0.030304
-0.030304
-0.030304
-0.030304
-0.030304
-0.030304
-0.030304
-0.030304
-0.030304
-0.03028
-0.03028
-0.03028
-0.03028
-0.03028
-0.030255
-0.030255
-0.030255
-0.030255
-0.030255
-0.030255
-0.030255
-0.030255
-0.03028
-0.03028
-0.03028
-0.03028
-0.03028
-0.03028
-0.03028
-0.03028
-0.03028
-0.03028
-0.03028
-0.03028
-0.03028
-0.03028
-0.03028
-0.03028
-0.03028
-0.03028
-0.03028
-0.03028
-0.03028
-0.030304
-0.030304
-0.03028
-0.03028
-0.030304
-0.030304
-0.030304
-0.03028
-0.03028
-0.030304
-0.030304
-0.030304
-0.03028
-0.03028
-0.030304
-0.030304
-0.030304
-0.030304
-0.030304
-0.030304
-0.030304
-0.030304
-0.030304
-0.030304
-0.030304
-0.030304
-0.030304
-0.030304
-0.030304
-0.030304
-0.030304
-0.030304
-0.030304
-0.030304
-0.030304
-0.030304
-0.030304
-0.030304
-0.030304
-0.030304
-0.030304
-0.030304
-0.030304
-0.030304
-0.030304
-0.030304
-0.030304
-0.030304
-0.030304
-0.030304
-0.030304
-0.030304
-0.030304
-0.030329
-0.030304
-0.030304
-0.030304
-0.030304
-0.030304
-0.030304
-0.030304
-0.030304
-0.030304
-0.030304
-0.030329
-0.030329
-0.030304
-0.030304
-0.030304
-0.030329
-0.030304
-0.030304
-0.030304
-0.030304
-0.030329
-0.030304
-0.030304
-0.03028
-0.030304
-0.030304
-0.030304
-0.030304
-0.03028
-0.030304
-0.030304
-0.030304
-0.030304
-0.030304
-0.030304
-0.030329
-0.030329
-0.030304
-0.030304
-0.030329
-0.030329
-0.030329
-0.030304
-0.030304
-0.030329
-0.030329
-0.030329
-0.030329
-0.030329
-0.030304
-0.030304
-0.030329
-0.030353
-0.030378
-0.030378
-0.030378
-0.030403
-0.030353
-0.030156
-0.029861
-0.029566
-0.029196
-0.028852
-0.028852
-0.029344
-0.029886
-0.030033
-0.030107
-0.030156
-0.030206
-0.03023
-0.030255
-0.03028
-0.03028
-0.030304
-0.030304
-0.030304
-0.030329
-0.030329
-0.030329
-0.030304
-0.030329
-0.030329
-0.030329
-0.030329
-0.030329
-0.030329
-0.030304
-0.030304
-0.030329
-0.030329
-0.030304
-0.030304
-0.030304
-0.030329
-0.030329
-0.030304
-0.030304
-0.030304
-0.030329
-0.030329
-0.030304
-0.030304
-0.030304
-0.030329
-0.030329
-0.030304
-0.030304
-0.030304
-0.030329
-0.030329
-0.030329
-0.030304
-0.030304
-0.030304
-0.030304
-0.030304
-0.03028
-0.030304
-0.030304
-0.030304
-0.03028
-0.03028
-0.03028
-0.03028
-0.03028
-0.030255
-0.03028
-0.03028
-0.03028
-0.03028
-0.03028
-0.030304
-0.03028
-0.03028
-0.030304
-0.030304
-0.030304
-0.03028
-0.030304
-0.030304
-0.030304
-0.030304
-0.030304
-0.03028
-0.030304
-0.030304
-0.030304
-0.030304
-0.030304
-0.030304
-0.030304
-0.030304
-0.030304
-0.030304
-0.030304
-0.030329
-0.030329
-0.030304
-0.030304
-0.030304
-0.030329
-0.030329
-0.030304
-0.030304
-0.030304
-0.030329
-0.030329
-0.030329
-0.030329
-0.030329
-0.030329
-0.030329
-0.030329
-0.030329
-0.030329
-0.030329
-0.030329
-0.030329
-0.030329
-0.030329
-0.030329
-0.030329
-0.030329
-0.030329
-0.030329
-0.030329
-0.030329
-0.030329
-0.030329
-0.030329
-0.030329
-0.030329
-0.030353
-0.030353
-0.030329
-0.030329
-0.030329
-0.030329
-0.030329
-0.030353
-0.030329
-0.030329
-0.030353
-0.030353
-0.030353
-0.030329
-0.030353
-0.030353
-0.030353
-0.030353
-0.030353
-0.030353
-0.030353
-0.030353
-0.030353
-0.030378
-0.030353
-0.030353
-0.030353
-0.030378
-0.030378
-0.030378
-0.030353
-0.030353
-0.030378
-0.030378
-0.030378
-0.030378
-0.030378
-0.030378
-0.030378
-0.030378
-0.030353
-0.030353
-0.030378
-0.030378
-0.030378
-0.030353
-0.030353
-0.030378
-0.030378
-0.030378
-0.030378
-0.030378
-0.030378
-0.030403
-0.030403
-0.030403
-0.030403
-0.030378
-0.030378
-0.030403
-0.030403
-0.030403
-0.030403
-0.030403
-0.030403
-0.030403
-0.030403
-0.030378
-0.030378
-0.030403
-0.030452
-0.030452
-0.030452
-0.030452
-0.030427
-0.030255
-0.029984
-0.029689
-0.029319
-0.028975
-0.028901
-0.029344
-0.02991
-0.030083
-0.030156
-0.030206
-0.03028
-0.030304
-0.030329
-0.030353
-0.030353
-0.030378
-0.030378
-0.030378
-0.030403
-0.030403
-0.030403
-0.030403
-0.030403
-0.030403
-0.030403
-0.030403
-0.030403
-0.030403
-0.030403
-0.030403
-0.030403
-0.030427
-0.030427
-0.030427
-0.030427
-0.030427
-0.030427
-0.030427
-0.030427
-0.030403
-0.030403
-0.030403
-0.030403
-0.030403
-0.030403
-0.030403
-0.030403
-0.030378
-0.030378
-0.030378
-0.030378
-0.030403
-0.030378
-0.030378
-0.030378
-0.030378
-0.030378
-0.030378
-0.030378
-0.030353
-0.030353
-0.030353
-0.030353
-0.030353
-0.030353
-0.030329
-0.030329
-0.030329
-0.030353
-0.030353
-0.030353
-0.030353
-0.030353
-0.030378
-0.030378
-0.030353
-0.030353
-0.030378
-0.030378
-0.030378
-0.030353
-0.030353
-0.030378
-0.030378
-0.030378
-0.030353
-0.030353
-0.030353
-0.030378
-0.030353
-0.030353
-0.030353
-0.030353
-0.030378
-0.030378
-0.030353
-0.030353
-0.030378
-0.030378
-0.030378
-0.030403
-0.030403
-0.030378
-0.030378
-0.030378
-0.030403
-0.030403
-0.030378
-0.030378
-0.030403
-0.030403
-0.030403
-0.030378
-0.030378
-0.030378
-0.030403
-0.030403
-0.030378
-0.030378
-0.030403
-0.030403
-0.030403
-0.030378
-0.030378
-0.030403
-0.030403
-0.030403
-0.030378
-0.030403
-0.030403
-0.030403
-0.030403
-0.030378
-0.030378
-0.030403
-0.030403
-0.030403
-0.030403
-0.030403
-0.030403
-0.030403
-0.030403
-0.030403
-0.030403
-0.030403
-0.030403
-0.030403
-0.030403
-0.030403
-0.030403
-0.030403
-0.030403
-0.030403
-0.030403
-0.030403
-0.030403
-0.030403
-0.030403
-0.030403
-0.030403
-0.030403
-0.030403
-0.030403
-0.030403
-0.030403
-0.030403
-0.030403
-0.030403
-0.030403
-0.030403
-0.030403
-0.030403
-0.030403
-0.030403
-0.030403
-0.030403
-0.030403
-0.030403
-0.030403
-0.030427
-0.030427
-0.030403
-0.030403
-0.030427
-0.030427
-0.030427
-0.030403
-0.030403
-0.030403
-0.030427
-0.030427
-0.030403
-0.030403
-0.030403
-0.030427
-0.030427
-0.030403
-0.030403
-0.030403
-0.030427
-0.030476
-0.030476
-0.030476
-0.030476
-0.030452
-0.030255
-0.029984
-0.029689
-0.029319
-0.028999
-0.028975
-0.029418
-0.029984
-0.030132
-0.030181
-0.03023
-0.03028
-0.030304
-0.030378
-0.030378
-0.030403
-0.030403
-0.030403
-0.030378
-0.030403
-0.030403
-0.030403
-0.030403
-0.030403
-0.030403
-0.030403
-0.030403
-0.030403
-0.030378
-0.030378
-0.030403
-0.030403
-0.030403
-0.030378
-0.030378
-0.030403
-0.030403
-0.030403
-0.030403
-0.030403
-0.030403
-0.030403
-0.030403
-0.030403
-0.030403
-0.030403
-0.030403
-0.030403
-0.030403
-0.030403
-0.030403
-0.030403
-0.030403
-0.030403
-0.030378
-0.030378
-0.030378
-0.030378
-0.030378
-0.030378
-0.030353
-0.030378
-0.030378
-0.030353
-0.030353
-0.030353
-0.030353
-0.030353
-0.030378
-0.030353
-0.030353
-0.030353
-0.030378
-0.030378
-0.030378
-0.030378
-0.030378
-0.030378
-0.030403
-0.030378
-0.030378
-0.030378
-0.030378
-0.030378
-0.030378
-0.030378
-0.030378
-0.030378
-0.030378
-0.030378
-0.030353
-0.030378
-0.030378
-0.030378
-0.030378
-0.030378
-0.030378
-0.030378
-0.030378
-0.030403
-0.030378
-0.030378
-0.030378
-0.030403
-0.030403
-0.030403
-0.030378
-0.030378
-0.030403
-0.030403
-0.030403
-0.030378
-0.030378
-0.030403
-0.030403
-0.030403
-0.030378
-0.030378
-0.030378
-0.030403
-0.030403
-0.030403
-0.030403
-0.030403
-0.030403
-0.030403
-0.030403
-0.030403
-0.030403
-0.030403
-0.030403
-0.030403
-0.030403
-0.030403
-0.030403
-0.030403
-0.030403
-0.030403
-0.030403
-0.030403
-0.030403
-0.030427
-0.030403
-0.030403
-0.030403
-0.030403
-0.030427
-0.030427
-0.030403
-0.030403
-0.030403
-0.030427
-0.030403
-0.030403
-0.030403
-0.030427
-0.030427
-0.030427
-0.030403
-0.030403
-0.030427
-0.030427
-0.030427
-0.030427
-0.030427
-0.030427
-0.030427
-0.030427
-0.030427
-0.030427
-0.030427
-0.030427
-0.030427
-0.030427
-0.030427
-0.030427
-0.030427
-0.030427
-0.030427
-0.030427
-0.030403
-0.030403
-0.030427
-0.030427
-0.030427
-0.030403
-0.030427
-0.030427
-0.030427
-0.030427
-0.030427
-0.030403
-0.030427
-0.030452
-0.030476
-0.030476
-0.030476
-0.030501
-0.030452
-0.030255
-0.029984
-0.029689
-0.029369
-0.029024
-0.028999
-0.029443
-0.029984
-0.030132
-0.030181
-0.03023
-0.03028
-0.030304
-0.030329
-0.030378
-0.030378
-0.030403
-0.030403
-0.030378
-0.030378
-0.030403
-0.030403
-0.030403
-0.030403
-0.030378
-0.030403
-0.030403
-0.030403
-0.030378
-0.030378
-0.030378
-0.030403
-0.030378
-0.030378
-0.030403
-0.030403
-0.030403
-0.030403
-0.030378
-0.030378
-0.030403
-0.030403
-0.030403
-0.030403
-0.030403
-0.030403
-0.030403
-0.030403
-0.030378
-0.030378
-0.030403
-0.030403
-0.030403
-0.030378
-0.030378
-0.030378
-0.030378
-0.030378
-0.030378
-0.030353
-0.030353
-0.030353
-0.030353
-0.030353
-0.030353
-0.030329
-0.030353
-0.030353
-0.030353
-0.030353
-0.030353
-0.030378
-0.030378
-0.030378
-0.030378
-0.030378
-0.030378
-0.030403
-0.030403
-0.030378
-0.030378
-0.030403
-0.030403
-0.030403
-0.030378
-0.030378
-0.030403
-0.030403
-0.030403
-0.030378
-0.030378
-0.030378
-0.030403
-0.030403
-0.030403
-0.030403
-0.030403
-0.030403
-0.030403
-0.030403
-0.030403
-0.030403
-0.030403
-0.030403
-0.030427
-0.030427
-0.030403
-0.030403
-0.030403
-0.030427
-0.030427
-0.030403
-0.030403
-0.030403
-0.030427
-0.030427
-0.030403
-0.030403
-0.030403
-0.030427
-0.030403
-0.030403
-0.030403
-0.030403
-0.030403
-0.030403
-0.030403
-0.030403
-0.030403
-0.030403
-0.030403
-0.030403
-0.030403
-0.030403
-0.030403
-0.030403
-0.030403
-0.030403
-0.030403
-0.030403
-0.030403
-0.030403
-0.030427
-0.030403
-0.030403
-0.030403
-0.030403
-0.030403
-0.030403
-0.030403
-0.030403
-0.030403
-0.030403
-0.030403
-0.030403
-0.030403
-0.030403
-0.030403
-0.030403
-0.030403
-0.030403
-0.030403
-0.030403
-0.030403
-0.030403
-0.030403
-0.030427
-0.030427
-0.030403
-0.030403
-0.030427
-0.030427
-0.030427
-0.030403
-0.030403
-0.030403
-0.030427
-0.030427
-0.030427
-0.030403
-0.030403
-0.030403
-0.030427
-0.030427
-0.030403
-0.030403
-0.030403
-0.030403
-0.030403
-0.030403
-0.030403
-0.030403
-0.030403
-0.030427
-0.030427
-0.030452
-0.030476
-0.030476
-0.030476
-0.030353
-0.030107
-0.029836
-0.029541
-0.029172
-0.02895
-0.029147
-0.029738
-0.030107
-0.030181
-0.030206
-0.030255
-0.030304
-0.030329
-0.030353
-0.030403
-0.030403
-0.030403
-0.030403
-0.030403
-0.030403
-0.030403
-0.030403
-0.030403
-0.030403
-0.030403
-0.030403
-0.030403
-0.030403
-0.030403
-0.030403
-0.030403
-0.030403
-0.030403
-0.030427
-0.030427
-0.030403
-0.030427
-0.030427
-0.030427
-0.030427
-0.030403
-0.030403
-0.030403
-0.030403
-0.030403
-0.030403
-0.030403
-0.030403
-0.030427
-0.030427
-0.030403
-0.030403
-0.030403
-0.030427
-0.030403
-0.030403
-0.030403
-0.030403
-0.030378
-0.030378
-0.030378
-0.030378
-0.030378
-0.030353
-0.030378
-0.030378
-0.030378
-0.030378
-0.030378
-0.030378
-0.030403
-0.030403
-0.030403
-0.030403
-0.030403
-0.030403
-0.030427
-0.030403
-0.030403
-0.030403
-0.030427
-0.030427
-0.030427
-0.030403
-0.030403
-0.030427
-0.030427
-0.030427
-0.030403
-0.030403
-0.030427
-0.030427
-0.030427
-0.030403
-0.030427
-0.030403
-0.030403
-0.030427
-0.030427
-0.030427
-0.030427
-0.030427
-0.030427
-0.030452
-0.030427
-0.030427
-0.030427
-0.030427
-0.030452
-0.030427
-0.030427
-0.030427
-0.030427
-0.030452
-0.030427
-0.030427
-0.030427
-0.030452
-0.030452
-0.030427
-0.030427
-0.030427
-0.030452
-0.030452
-0.030427
-0.030427
-0.030427
-0.030452
-0.030452
-0.030427
-0.030427
-0.030452
-0.030452
-0.030452
-0.030452
-0.030452
-0.030452
-0.030427
-0.030427
-0.030452
-0.030452
-0.030452
-0.030427
-0.030452
-0.030452
-0.030452
-0.030452
-0.030452
-0.030452
-0.030452
-0.030452
-0.030452
-0.030452
-0.030452
-0.030452
-0.030452
-0.030452
-0.030427
-0.030452
-0.030452
-0.030452
-0.030452
-0.030452
-0.030452
-0.030452
-0.030452
-0.030452
-0.030452
-0.030452
-0.030452
-0.030452
-0.030452
-0.030452
-0.030452
-0.030452
-0.030452
-0.030452
-0.030452
-0.030452
-0.030452
-0.030452
-0.030452
-0.030452
-0.030452
-0.030452
-0.030427
-0.030452
-0.030452
-0.030452
-0.030452
-0.030452
-0.030452
-0.030452
-0.030452
-0.030452
-0.030501
-0.030526
-0.030526
-0.030526
-0.030452
-0.03023
-0.029984
-0.029713
-0.029344
-0.029024
-0.029073
-0.02959
-0.030083
-0.030206
-0.03023
-0.03028
-0.030329
-0.030378
-0.030378
-0.030427
-0.030452
-0.030452
-0.030452
-0.030452
-0.030452
-0.030452
-0.030452
-0.030452
-0.030452
-0.030452
-0.030452
-0.030452
-0.030452
-0.030452
-0.030452
-0.030452
-0.030452
-0.030427
-0.030452
-0.030452
-0.030452
-0.030452
-0.030452
-0.030452
-0.030452
-0.030452
-0.030452
-0.030452
-0.030452
-0.030452
-0.030452
-0.030452
-0.030452
-0.030452
-0.030452
-0.030452
-0.030452
-0.030452
-0.030452
-0.030452
-0.030452
-0.030452
-0.030452
-0.030427
-0.030427
-0.030427
-0.030427
-0.030427
-0.030403
-0.030403
-0.030403
-0.030427
-0.030427
-0.030403
-0.030403
-0.030427
-0.030427
-0.030427
-0.030427
-0.030427
-0.030427
-0.030452
-0.030452
-0.030452
-0.030427
-0.030452
-0.030452
-0.030452
-0.030427
-0.030427
-0.030452
-0.030452
-0.030452
-0.030427
-0.030427
-0.030427
-0.030452
-0.030452
-0.030427
-0.030427
-0.030427
-0.030427
-0.030452
-0.030452
-0.030452
-0.030452
-0.030452
-0.030452
-0.030452
-0.030452
-0.030452
-0.030452
-0.030476
-0.030476
-0.030476
-0.030452
-0.030476
-0.030476
-0.030476
-0.030452
-0.030452
-0.030476
-0.030476
-0.030476
-0.030452
-0.030452
-0.030452
-0.030476
-0.030476
-0.030452
-0.030452
-0.030452
-0.030476
-0.030476
-0.030452
-0.030452
-0.030452
-0.030476
-0.030476
-0.030476
-0.030476
-0.030476
-0.030476
-0.030476
-0.030501
-0.030501
-0.030476
-0.030476
-0.030476
-0.030476
-0.030476
-0.030476
-0.030476
-0.030476
-0.030476
-0.030501
-0.030476
-0.030476
-0.030476
-0.030476
-0.030476
-0.030476
-0.030452
-0.030476
-0.030476
-0.030476
-0.030476
-0.030452
-0.030452
-0.030476
-0.030476
-0.030452
-0.030452
-0.030476
-0.030476
-0.030476
-0.030476
-0.030452
-0.030476
-0.030452
-0.030476
-0.030476
-0.030476
-0.030476
-0.030476
-0.030476
-0.030476
-0.030476
-0.030476
-0.030476
-0.030476
-0.030476
-0.030476
-0.030476
-0.030452
-0.030476
-0.030476
-0.030476
-0.030476
-0.030476
-0.030476
-0.030476
-0.030501
-0.030501
-0.030526
-0.030526
-0.03055
-0.03055
-0.030476
-0.030255
-0.029984
-0.029713
-0.029369
-0.029073
-0.029098
-0.029639
-0.030107
-0.03023
-0.030255
-0.030427
-0.030427
-0.030427
-0.030452
-0.030476
-0.030476
-0.030476
-0.030452
-0.030476
-0.030476
-0.030501
-0.030476
-0.030476
-0.030476
-0.030476
-0.030476
-0.030476
-0.030476
-0.030476
-0.030476
-0.030476
-0.030476
-0.030476
-0.030476
-0.030501
-0.030501
-0.030501
-0.030476
-0.030476
-0.030501
-0.030501
-0.030476
-0.030476
-0.030476
-0.030501
-0.030501
-0.030476
-0.030476
-0.030476
-0.030476
-0.030476
-0.030476
-0.030476
-0.030476
-0.030452
-0.030476
-0.030476
-0.030476
-0.030452
-0.030452
-0.030452
-0.030452
-0.030452
-0.030427
-0.030427
-0.030427
-0.030427
-0.030452
-0.030427
-0.030427
-0.030452
-0.030452
-0.030452
-0.030452
-0.030452
-0.030452
-0.030476
-0.030476
-0.030476
-0.030452
-0.030452
-0.030476
-0.030452
-0.030452
-0.030452
-0.030452
-0.030452
-0.030452
-0.030452
-0.030452
-0.030452
-0.030452
-0.030452
-0.030476
-0.030452
-0.030452
-0.030452
-0.030476
-0.030476
-0.030476
-0.030452
-0.030452
-0.030476
-0.030476
-0.030476
-0.030476
-0.030476
-0.030476
-0.030476
-0.030476
-0.030476
-0.030476
-0.030476
-0.030476
-0.030476
-0.030476
-0.030476
-0.030476
-0.030476
-0.030476
-0.030452
-0.030476
-0.030476
-0.030476
-0.030476
-0.030476
-0.030476
-0.030476
-0.030476
-0.030476
-0.030476
-0.030476
-0.030476
-0.030476
-0.030476
-0.030476
-0.030476
-0.030476
-0.030476
-0.030476
-0.030476
-0.030476
-0.030476
-0.030476
-0.030476
-0.030501
-0.030501
-0.030476
-0.030476
-0.030476
-0.030501
-0.030476
-0.030476
-0.030476
-0.030501
-0.030501
-0.030501
-0.030476
-0.030476
-0.030501
-0.030501
-0.030476
-0.030476
-0.030476
-0.030501
-0.030501
-0.030501
-0.030501
-0.030501
-0.030501
-0.030476
-0.030501
-0.030501
-0.030501
-0.030501
-0.030501
-0.030501
-0.030501
-0.030501
-0.030501
-0.030501
-0.030501
-0.030501
-0.030501
-0.030476
-0.030501
-0.030501
-0.030501
-0.030501
-0.030501
-0.030501
-0.030501
-0.030501
-0.030501
-0.030526
-0.03055
-0.030575
-0.030575
-0.030575
-0.030452
-0.030206
-0.029935
-0.029639
-0.02927
-0.029049
-0.02927
-0.029886
-0.030206
-0.030255
-0.03028
-0.030452
-0.030452
-0.030452
-0.030476
-0.030476
-0.030476
-0.030476
-0.030476
-0.030501
-0.030501
-0.030501
-0.030501
-0.030501
-0.030501
-0.030501
-0.030501
-0.030476
-0.030476
-0.030501
-0.030501
-0.030501
-0.030476
-0.030476
-0.030501
-0.030501
-0.030501
-0.030476
-0.030476
-0.030476
-0.030501
-0.030501
-0.030476
-0.030476
-0.030476
-0.030476
-0.030476
-0.030476
-0.030476
-0.030476
-0.030476
-0.030476
-0.030476
-0.030476
-0.030476
-0.030476
-0.030476
-0.030476
-0.030452
-0.030452
-0.030452
-0.030452
-0.030452
-0.030452
-0.030427
-0.030427
-0.030427
-0.030427
-0.030427
-0.030427
-0.030427
-0.030452
-0.030452
-0.030452
-0.030452
-0.030452
-0.030452
-0.030476
-0.030476
-0.030452
-0.030452
-0.030452
-0.030452
-0.030452
-0.030452
-0.030427
-0.030427
-0.030452
-0.030452
-0.030427
-0.030427
-0.030427
-0.030427
-0.030427
-0.030452
-0.030452
-0.030427
-0.030427
-0.030427
-0.030452
-0.030452
-0.030427
-0.030427
-0.030427
-0.030452
-0.030452
-0.030452
-0.030427
-0.030452
-0.030452
-0.030452
-0.030452
-0.030452
-0.030452
-0.030452
-0.030452
-0.030452
-0.030452
-0.030452
-0.030452
-0.030452
-0.030452
-0.030452
-0.030452
-0.030476
-0.030452
-0.030452
-0.030452
-0.030452
-0.030476
-0.030476
-0.030476
-0.030476
-0.030452
-0.030452
-0.030452
-0.030476
-0.030476
-0.030476
-0.030476
-0.030476
-0.030476
-0.030476
-0.030476
-0.030452
-0.030452
-0.030476
-0.030476
-0.030452
-0.030452
-0.030452
-0.030476
-0.030476
-0.030452
-0.030452
-0.030452
-0.030476
-0.030476
-0.030452
-0.030452
-0.030452
-0.030476
-0.030476
-0.030452
-0.030452
-0.030452
-0.030476
-0.030476
-0.030476
-0.030476
-0.030476
