2018
4
12
17
38
59.506
-0.017872
-0.017872
-0.017872
-0.017848
-0.017848
-0.017872
-0.017872
-0.017848
-0.017848
-0.017848
-0.017848
-0.017872
-0.017872
-0.017872
-0.017872
-0.017848
-0.017848
-0.017848
-0.017848
-0.017848
-0.017848
-0.017848
-0.017848
-0.017848
-0.017848
-0.017848
-0.017848
-0.017848
-0.017848
-0.017848
-0.017848
-0.017848
-0.017848
-0.017848
-0.017848
-0.017848
-0.017848
-0.017848
-0.017848
-0.017848
-0.017848
-0.017848
-0.017848
-0.017823
-0.017823
-0.017823
-0.017823
-0.017848
-0.017872
-0.017946
-0.01802
-0.018069
-0.017995
-0.017749
-0.017331
-0.016814
-0.016346
-0.016124
-0.016198
-0.016445
-0.016814
-0.017208
-0.017405
-0.017405
-0.017454
-0.017528
-0.017602
-0.0177
-0.017749
-0.017798
-0.017823
-0.017823
-0.017848
-0.017848
-0.017872
-0.017872
-0.017872
-0.017872
-0.017872
-0.017872
-0.017872
-0.017872
-0.017872
-0.017897
-0.017897
-0.017897
-0.017897
-0.017897
-0.017897
-0.017897
-0.017897
-0.017922
-0.017922
-0.017922
-0.017922
-0.017922
-0.017946
-0.017946
-0.017946
-0.017971
-0.017971
-0.017995
-0.017995
-0.017995
-0.01802
-0.018045
-0.018045
-0.018045
-0.018045
-0.018045
-0.018045
-0.018045
-0.01802
-0.01802
-0.017995
-0.017995
-0.017971
-0.017946
-0.017922
-0.017897
-0.017823
-0.017823
-0.017823
-0.017823
-0.017823
-0.017823
-0.017823
-0.017823
-0.017823
-0.017823
-0.017823
-0.017823
-0.017823
-0.017848
-0.017823
-0.017823
-0.017823
-0.017823
-0.017823
-0.017823
-0.017823
-0.017823
-0.017823
-0.017823
-0.017823
-0.017823
-0.017848
-0.017848
-0.017848
-0.017848
-0.017848
-0.017848
-0.017848
-0.017848
-0.017848
-0.017848
-0.017848
-0.017848
-0.017848
-0.017848
-0.017823
-0.017848
-0.017823
-0.017823
-0.017823
-0.017823
-0.017823
-0.017823
-0.017823
-0.017823
-0.017823
-0.017823
-0.017823
-0.017823
-0.017823
-0.017823
-0.017823
-0.017798
-0.017798
-0.017798
-0.017798
-0.017798
-0.017798
-0.017798
-0.017798
-0.017823
-0.017823
-0.017798
-0.017798
-0.017798
-0.017823
-0.017823
-0.017798
-0.017798
-0.017823
-0.017798
-0.017798
-0.017798
-0.017798
-0.017798
-0.017823
-0.017823
-0.017798
-0.017798
-0.017798
-0.017798
-0.017798
-0.017798
-0.017798
-0.017798
-0.017798
-0.017798
-0.017798
-0.017774
-0.017774
-0.017798
-0.017798
-0.017798
-0.017774
-0.017774
-0.017774
-0.017774
-0.017774
-0.017774
-0.017774
-0.017798
-0.017798
-0.017774
-0.017774
-0.017774
-0.017774
-0.017774
-0.017774
-0.017774
-0.017774
-0.017774
-0.017798
-0.017774
-0.017774
-0.017774
-0.017774
-0.017774
-0.017774
-0.017774
-0.017774
-0.017774
-0.017774
-0.017774
-0.017774
-0.017774
-0.017749
-0.017774
-0.017774
-0.017774
-0.017774
-0.017774
-0.017774
-0.017774
-0.017774
-0.017774
-0.017774
-0.017774
-0.017749
-0.017774
-0.017774
-0.017774
-0.017774
-0.017823
-0.017897
-0.017971
-0.017971
-0.017848
-0.017528
-0.01706
-0.016518
-0.016149
-0.016075
-0.016248
-0.016543
-0.016937
-0.017405
-0.017503
-0.017577
-0.017651
-0.0177
-0.017749
-0.017774
-0.017774
-0.017774
-0.017798
-0.017798
-0.017798
-0.017798
-0.017823
-0.017823
-0.017823
-0.017848
-0.017848
-0.017848
-0.017848
-0.017848
-0.017872
-0.017872
-0.017872
-0.017872
-0.017872
-0.017872
-0.017872
-0.017897
-0.017897
-0.017897
-0.017922
-0.017922
-0.017922
-0.017922
-0.017946
-0.017946
-0.017946
-0.017971
-0.017971
-0.01802
-0.01802
-0.01802
-0.01802
-0.01802
-0.01802
-0.01802
-0.01802
-0.017995
-0.017995
-0.017971
-0.017971
-0.017946
-0.017922
-0.017897
-0.017872
-0.017848
-0.017823
-0.017823
-0.017798
-0.017798
-0.017798
-0.017774
-0.017774
-0.017774
-0.017774
-0.017774
-0.017798
-0.017798
-0.017774
-0.017774
-0.017798
-0.017798
-0.017798
-0.017798
-0.017798
-0.017798
-0.017798
-0.017798
-0.017798
-0.017823
-0.017823
-0.017823
-0.017823
-0.017823
-0.017823
-0.017823
-0.017823
-0.017823
-0.017823
-0.017823
-0.017823
-0.017823
-0.017823
-0.017823
-0.017823
-0.017798
-0.017798
-0.017823
-0.017823
-0.017798
-0.017798
-0.017798
-0.017798
-0.017798
-0.017798
-0.017798
-0.017798
-0.017798
-0.017798
-0.017798
-0.017798
-0.017798
-0.017798
-0.017798
-0.017798
-0.017798
-0.017798
-0.017798
-0.017798
-0.017798
-0.017798
-0.017774
-0.017774
-0.017774
-0.017774
-0.017774
-0.017774
-0.017774
-0.017774
-0.017774
-0.017774
-0.017774
-0.017774
-0.017774
-0.017774
-0.017774
-0.017774
-0.017749
-0.017749
-0.017774
-0.017774
-0.017774
-0.017774
-0.017774
-0.017774
-0.017774
-0.017774
-0.017749
-0.017749
-0.017774
-0.017774
-0.017774
-0.017774
-0.017774
-0.017774
-0.017774
-0.017774
-0.017774
-0.017774
-0.017749
-0.017774
-0.017774
-0.017749
-0.017749
-0.017749
-0.017749
-0.017749
-0.017774
-0.017774
-0.017749
-0.017749
-0.017774
-0.017774
-0.017749
-0.017749
-0.017749
-0.017774
-0.017749
-0.017749
-0.017749
-0.017749
-0.017749
-0.017749
-0.017749
-0.017749
-0.017749
-0.017749
-0.017749
-0.017749
-0.017749
-0.017749
-0.017749
-0.017749
-0.017749
-0.017749
-0.017749
-0.017749
-0.017749
-0.017749
-0.017848
-0.017946
-0.017995
-0.017946
-0.017749
-0.01738
-0.016888
-0.01642
-0.016174
-0.016223
-0.016445
-0.01674
-0.017134
-0.017355
-0.017355
-0.01738
-0.017454
-0.017528
-0.017602
-0.017675
-0.017725
-0.017749
-0.017749
-0.017749
-0.017774
-0.017774
-0.017774
-0.017774
-0.017774
-0.017798
-0.017798
-0.017798
-0.017798
-0.017798
-0.017798
-0.017798
-0.017798
-0.017823
-0.017823
-0.017823
-0.017848
-0.017848
-0.017848
-0.017848
-0.017848
-0.017848
-0.017872
-0.017872
-0.017872
-0.017872
-0.017897
-0.017897
-0.017922
-0.017922
-0.017922
-0.017922
-0.017946
-0.017946
-0.017946
-0.017946
-0.017946
-0.017946
-0.017946
-0.017922
-0.017922
-0.017922
-0.017897
-0.017872
-0.017848
-0.017823
-0.017823
-0.017798
-0.017774
-0.017749
-0.017725
-0.017725
-0.017725
-0.017725
-0.017725
-0.0177
-0.017725
-0.017725
-0.017725
-0.017725
-0.017725
-0.017725
-0.017725
-0.017725
-0.017725
-0.017725
-0.017725
-0.0177
-0.0177
-0.017725
-0.017725
-0.017725
-0.017725
-0.017725
-0.017725
-0.017725
-0.017725
-0.017725
-0.017725
-0.017725
-0.017725
-0.017725
-0.017725
-0.017725
-0.017725
-0.017725
-0.017725
-0.017725
-0.017725
-0.017725
-0.017725
-0.017725
-0.017725
-0.017725
-0.0177
-0.0177
-0.0177
-0.0177
-0.0177
-0.0177
-0.0177
-0.0177
-0.0177
-0.0177
-0.0177
-0.0177
-0.0177
-0.0177
-0.0177
-0.0177
-0.0177
-0.0177
-0.0177
-0.0177
-0.0177
-0.0177
-0.0177
-0.0177
-0.0177
-0.0177
-0.0177
-0.0177
-0.0177
-0.0177
-0.0177
-0.0177
-0.0177
-0.0177
-0.0177
-0.0177
-0.0177
-0.0177
-0.0177
-0.0177
-0.017675
-0.017675
-0.0177
-0.017675
-0.0177
-0.0177
-0.0177
-0.0177
-0.0177
-0.0177
-0.0177
-0.0177
-0.0177
-0.0177
-0.0177
-0.0177
-0.0177
-0.0177
-0.0177
-0.0177
-0.0177
-0.0177
-0.0177
-0.0177
-0.0177
-0.0177
-0.0177
-0.0177
-0.0177
-0.0177
-0.0177
-0.0177
-0.0177
-0.0177
-0.017725
-0.017725
-0.017725
-0.017725
-0.017725
-0.017725
-0.017725
-0.017725
-0.0177
-0.0177
-0.0177
-0.0177
-0.0177
-0.0177
-0.017725
-0.0177
-0.0177
-0.0177
-0.0177
-0.017725
-0.017725
-0.017725
-0.017725
-0.017725
-0.017725
-0.017725
-0.017749
-0.017823
-0.017897
-0.017946
-0.017872
-0.017651
-0.017257
-0.016789
-0.016346
-0.016174
-0.016272
-0.016494
-0.016814
-0.017183
-0.017306
-0.017306
-0.017331
-0.017429
-0.017503
-0.017577
-0.017626
-0.017675
-0.017725
-0.017749
-0.017749
-0.017749
-0.017749
-0.017749
-0.017774
-0.017774
-0.017774
-0.017774
-0.017774
-0.017798
-0.017798
-0.017798
-0.017798
-0.017798
-0.017798
-0.017798
-0.017798
-0.017798
-0.017823
-0.017823
-0.017823
-0.017823
-0.017823
-0.017823
-0.017848
-0.017848
-0.017848
-0.017872
-0.017872
-0.017872
-0.017897
-0.017897
-0.017922
-0.017922
-0.017922
-0.017922
-0.017922
-0.017922
-0.017897
-0.017897
-0.017872
-0.017872
-0.017848
-0.017823
-0.017798
-0.017774
-0.017749
-0.017749
-0.017725
-0.017725
-0.017725
-0.017725
-0.017725
-0.017725
-0.0177
-0.0177
-0.0177
-0.0177
-0.017725
-0.017725
-0.017725
-0.017725
-0.017725
-0.017725
-0.017725
-0.017725
-0.017725
-0.017725
-0.017725
-0.017725
-0.017725
-0.017725
-0.017725
-0.017725
-0.0177
-0.0177
-0.0177
-0.017725
-0.017725
-0.017749
-0.017749
-0.017749
-0.017749
-0.017725
-0.017749
-0.017725
-0.017725
-0.017725
-0.017725
-0.017725
-0.017725
-0.017725
-0.017725
-0.017725
-0.017725
-0.017725
-0.017725
-0.017725
-0.017725
-0.017725
-0.017725
-0.017725
-0.017725
-0.017725
-0.017725
-0.017749
-0.017749
-0.017725
-0.017725
-0.017725
-0.017749
-0.017749
-0.017749
-0.017749
-0.017749
-0.017749
-0.017749
-0.017749
-0.017749
-0.017749
-0.017749
-0.017749
-0.017749
-0.017749
-0.017749
-0.017749
-0.017749
-0.017749
-0.017749
-0.017749
-0.017749
-0.017749
-0.017749
-0.017749
-0.017749
-0.017749
-0.017749
-0.017749
-0.017749
-0.017749
-0.017749
-0.017749
-0.017749
-0.017749
-0.017749
-0.017749
-0.017749
-0.017749
-0.017749
-0.017749
-0.017774
-0.017774
-0.017774
-0.017774
-0.017774
-0.017774
-0.017774
-0.017774
-0.017774
-0.017774
-0.017774
-0.017774
-0.017774
-0.017774
-0.017774
-0.017774
-0.017774
-0.017774
-0.017798
-0.017798
-0.017798
-0.017798
-0.017798
-0.017798
-0.017823
-0.017798
-0.017798
-0.017798
-0.017798
-0.017798
-0.017798
-0.017798
-0.017798
-0.017798
-0.017798
-0.017798
-0.017798
-0.017798
-0.017798
-0.017798
-0.017798
-0.017798
-0.017798
-0.017798
-0.017798
-0.017823
-0.017897
-0.017971
-0.017478
-0.017035
-0.016568
-0.016321
-0.016371
-0.016568
-0.016863
-0.017232
-0.017405
-0.01738
-0.017405
-0.017478
-0.017577
-0.017651
-0.0177
-0.017749
-0.017774
-0.017798
-0.017798
-0.017823
-0.017823
-0.017823
-0.017823
-0.017848
-0.017848
-0.017848
-0.017848
-0.017848
-0.017848
-0.017848
-0.017872
-0.017872
-0.017872
-0.017872
-0.017872
-0.017872
-0.017872
-0.017872
-0.017897
-0.017897
-0.017922
-0.017922
-0.017922
-0.017922
-0.017922
-0.017946
-0.017946
-0.017946
-0.017971
-0.017971
-0.017971
-0.017995
-0.017995
-0.017995
-0.017995
-0.017995
-0.017995
-0.017971
-0.017971
-0.017971
-0.017971
-0.017971
-0.017946
-0.017922
-0.017897
-0.017872
-0.017872
-0.017848
-0.017798
-0.017774
-0.017798
-0.017798
-0.017798
-0.017798
-0.017798
-0.017798
-0.017798
-0.017798
-0.017823
-0.017823
-0.017798
-0.017798
-0.017798
-0.017798
-0.017798
-0.017798
-0.017798
-0.017798
-0.017798
-0.017798
-0.017798
-0.017798
-0.017798
-0.017798
-0.017798
-0.017798
-0.017798
-0.017798
-0.017774
-0.017774
-0.017774
-0.017774
-0.017774
-0.017774
-0.017774
-0.017774
-0.017774
-0.017774
-0.017774
-0.017774
-0.017774
-0.017774
-0.017774
-0.017774
-0.017774
-0.017774
-0.017774
-0.017774
-0.017774
-0.017774
-0.017774
-0.017774
-0.017774
-0.017774
-0.017774
-0.017774
-0.017774
-0.017774
-0.017774
-0.017774
-0.017774
-0.017774
-0.017774
-0.017774
-0.017774
-0.017774
-0.017774
-0.017774
-0.017774
-0.017774
-0.017774
-0.017774
-0.017774
-0.017774
-0.017774
-0.017774
-0.017774
-0.017774
-0.017774
-0.017774
-0.017774
-0.017774
-0.017774
-0.017774
-0.017774
-0.017774
-0.017774
-0.017774
-0.017774
-0.017749
-0.017749
-0.017749
-0.017749
-0.017749
-0.017749
-0.017749
-0.017749
-0.017749
-0.017749
-0.017749
-0.017749
-0.017749
-0.017749
-0.017749
-0.017749
-0.017749
-0.017749
-0.017749
-0.017749
-0.017749
-0.017725
-0.017749
-0.017749
-0.017749
-0.017749
-0.017749
-0.017749
-0.017749
-0.017725
-0.017725
-0.017725
-0.017725
-0.017725
-0.017725
-0.017725
-0.017725
-0.017725
-0.017725
-0.017725
-0.017725
-0.017725
-0.017725
-0.017725
-0.017749
-0.017749
-0.017774
-0.017848
-0.017922
-0.017946
-0.017848
-0.017602
-0.017232
-0.016765
-0.016395
-0.016297
-0.016445
-0.016666
-0.016986
-0.017281
-0.017331
-0.017306
-0.017355
-0.017454
-0.017528
-0.017602
-0.017651
-0.0177
-0.0177
-0.017725
-0.017749
-0.017749
-0.017749
-0.017749
-0.017749
-0.017774
-0.017749
-0.017749
-0.017749
-0.017749
-0.017749
-0.017725
-0.017749
-0.017725
-0.017725
-0.017725
-0.017749
-0.017749
-0.017749
-0.017749
-0.017749
-0.017749
-0.017749
-0.017749
-0.017749
-0.017774
-0.017774
-0.017774
-0.017798
-0.017798
-0.017798
-0.017823
-0.017823
-0.017848
-0.017823
-0.017823
-0.017848
-0.017848
-0.017823
-0.017823
-0.017823
-0.017823
-0.017798
-0.017798
-0.017774
-0.017774
-0.017749
-0.017725
-0.017725
-0.0177
-0.017675
-0.017651
-0.017651
-0.017651
-0.017651
-0.017626
-0.017602
-0.017602
-0.017602
-0.017602
-0.017602
-0.017602
-0.017602
-0.017626
-0.017626
-0.017626
-0.017626
-0.017626
-0.017626
-0.017626
-0.017626
-0.017651
-0.017651
-0.017651
-0.017651
-0.017651
-0.017651
-0.017675
-0.017675
-0.017675
-0.017675
-0.017675
-0.017675
-0.017675
-0.017675
-0.017675
-0.017675
-0.017675
-0.017675
-0.017675
-0.017675
-0.017651
-0.017651
-0.017651
-0.017651
-0.017651
-0.017651
-0.017651
-0.017651
-0.017651
-0.017651
-0.017651
-0.017651
-0.017651
-0.017651
-0.017651
-0.017651
-0.017651
-0.017651
-0.017651
-0.017651
-0.017651
-0.017651
-0.017651
-0.017651
-0.017651
-0.017626
-0.017626
-0.017626
-0.017626
-0.017651
-0.017651
-0.017626
-0.017651
-0.017626
-0.017626
-0.017651
-0.017626
-0.017626
-0.017626
-0.017626
-0.017626
-0.017626
-0.017626
-0.017626
-0.017626
-0.017626
-0.017626
-0.017626
-0.017626
-0.017626
-0.017626
-0.017626
-0.017626
-0.017626
-0.017602
-0.017602
-0.017626
-0.017626
-0.017626
-0.017626
-0.017626
-0.017626
-0.017626
-0.017602
-0.017626
-0.017626
-0.017626
-0.017626
-0.017626
-0.017602
-0.017602
-0.017602
-0.017602
-0.017602
-0.017602
-0.017602
-0.017602
-0.017602
-0.017602
-0.017602
-0.017602
-0.017602
-0.017602
-0.017602
-0.017602
-0.017651
-0.017725
-0.017798
-0.017823
-0.017725
-0.017503
-0.017158
-0.016715
-0.016321
-0.016223
-0.016371
-0.016592
-0.016888
-0.017183
-0.017232
-0.017208
-0.017257
-0.017331
-0.017405
-0.017478
-0.017528
-0.017577
-0.017602
-0.017602
-0.017602
-0.017626
-0.017626
-0.017626
-0.017651
-0.017651
-0.017626
-0.017651
-0.017651
-0.017651
-0.017651
-0.017651
-0.017651
-0.017675
-0.017675
-0.017675
-0.017675
-0.017675
-0.017675
-0.0177
-0.0177
-0.0177
-0.0177
-0.0177
-0.0177
-0.0177
-0.017725
-0.017725
-0.017725
-0.017725
-0.017749
-0.017725
-0.017725
-0.017725
-0.017725
-0.017749
-0.017749
-0.017725
-0.017725
-0.017725
-0.017725
-0.017725
-0.0177
-0.0177
-0.017675
-0.017675
-0.017651
-0.017626
-0.017602
-0.017602
-0.017577
-0.017528
-0.017552
-0.017552
-0.017528
-0.017552
-0.017552
-0.017552
-0.017552
-0.017577
-0.017577
-0.017577
-0.017577
-0.017577
-0.017577
-0.017577
-0.017577
-0.017602
-0.017577
-0.017577
-0.017577
-0.017577
-0.017577
-0.017577
-0.017577
-0.017577
-0.017577
-0.017577
-0.017602
-0.017602
-0.017577
-0.017577
-0.017602
-0.017602
-0.017577
-0.017577
-0.017577
-0.017577
-0.017577
-0.017577
-0.017577
-0.017577
-0.017577
-0.017577
-0.017577
-0.017577
-0.017577
-0.017577
-0.017577
-0.017577
-0.017577
-0.017577
-0.017577
-0.017577
-0.017577
-0.017577
-0.017577
-0.017577
-0.017577
-0.017577
-0.017602
-0.017602
-0.017577
-0.017577
-0.017577
-0.017577
-0.017577
-0.017577
-0.017577
-0.017577
-0.017577
-0.017577
-0.017577
-0.017577
-0.017577
-0.017577
-0.017577
-0.017577
-0.017577
-0.017577
-0.017577
-0.017577
-0.017577
-0.017577
-0.017577
-0.017577
-0.017577
-0.017577
-0.017577
-0.017552
-0.017552
-0.017552
-0.017577
-0.017552
-0.017552
-0.017552
-0.017552
-0.017552
-0.017552
-0.017552
-0.017552
-0.017552
-0.017552
-0.017552
-0.017552
-0.017552
-0.017552
-0.017552
-0.017552
-0.017552
-0.017552
-0.017552
-0.017552
-0.017552
-0.017552
-0.017552
-0.017552
-0.017552
-0.017552
-0.017552
-0.017552
-0.017552
-0.017552
-0.017552
-0.017552
-0.017552
-0.017552
-0.017552
-0.017552
-0.017552
-0.017552
-0.017577
-0.017675
-0.017749
-0.017749
-0.017675
-0.017454
-0.017109
-0.016691
-0.016272
-0.016174
-0.016297
-0.016494
-0.016814
-0.017109
-0.017158
-0.017158
-0.017183
-0.017257
-0.017355
-0.017405
-0.017478
-0.017503
-0.017528
-0.017552
-0.017552
-0.017577
-0.017577
-0.017577
-0.017577
-0.017577
-0.017602
-0.017602
-0.017602
-0.017602
-0.017626
-0.017626
-0.017626
-0.017626
-0.017626
-0.017626
-0.017626
-0.017651
-0.017651
-0.017651
-0.017651
-0.017651
-0.017651
-0.017675
-0.017675
-0.017675
-0.0177
-0.0177
-0.0177
-0.017725
-0.017725
-0.017749
-0.017749
-0.017749
-0.017749
-0.017749
-0.017749
-0.017749
-0.017749
-0.017749
-0.017749
-0.017749
-0.017725
-0.017725
-0.0177
-0.017675
-0.017602
-0.017602
-0.017602
-0.017577
-0.017577
-0.017577
-0.017577
-0.017577
-0.017577
-0.017577
-0.017577
-0.017577
-0.017577
-0.017577
-0.017577
-0.017577
-0.017577
-0.017577
-0.017577
-0.017577
-0.017577
-0.017602
-0.017602
-0.017602
-0.017602
-0.017602
-0.017602
-0.017602
-0.017602
-0.017602
-0.017602
-0.017602
-0.017602
-0.017602
-0.017602
-0.017626
-0.017602
-0.017602
-0.017602
-0.017602
-0.017602
-0.017602
-0.017602
-0.017602
-0.017602
-0.017602
-0.017602
-0.017577
-0.017577
-0.017577
-0.017577
-0.017577
-0.017577
-0.017577
-0.017602
-0.017602
-0.017602
-0.017602
-0.017602
-0.017602
-0.017602
-0.017577
-0.017577
-0.017602
-0.017602
-0.017602
-0.017577
-0.017577
-0.017577
-0.017577
-0.017577
-0.017577
-0.017577
-0.017602
-0.017602
-0.017577
-0.017577
-0.017577
-0.017577
-0.017602
-0.017602
-0.017602
-0.017577
-0.017577
-0.017602
-0.017577
-0.017577
-0.017577
-0.017577
-0.017577
-0.017577
-0.017577
-0.017577
-0.017577
-0.017577
-0.017577
-0.017577
-0.017577
-0.017577
-0.017577
-0.017577
-0.017577
-0.017577
-0.017577
-0.017577
-0.017577
-0.017577
-0.017577
-0.017577
-0.017577
-0.017577
-0.017577
-0.017577
-0.017552
-0.017552
-0.017552
-0.017552
-0.017552
-0.017552
-0.017552
-0.017552
-0.017552
-0.017552
-0.017552
-0.017552
-0.017552
-0.017552
-0.017602
-0.017675
-0.017749
-0.017749
-0.017675
-0.017454
-0.017085
-0.016641
-0.016272
-0.016198
-0.016346
-0.016568
-0.016888
-0.017134
-0.017183
-0.017158
-0.017208
-0.017281
-0.017355
-0.017429
-0.017478
-0.017503
-0.017528
-0.017552
-0.017577
-0.017577
-0.017577
-0.017577
-0.017577
-0.017602
-0.017602
-0.017602
-0.017602
-0.017626
-0.017626
-0.017626
-0.017626
-0.017626
-0.017626
-0.017626
-0.017626
-0.017651
-0.017651
-0.017651
-0.017651
-0.017651
-0.017651
-0.017651
-0.017675
-0.017675
-0.017675
-0.0177
-0.0177
-0.0177
-0.017725
-0.017725
-0.017725
-0.017749
-0.017749
-0.017749
-0.017749
-0.017725
-0.017725
-0.017725
-0.0177
-0.0177
-0.0177
-0.0177
-0.017675
-0.017651
-0.017651
-0.017626
-0.017602
-0.017577
-0.017577
-0.017577
-0.017577
-0.017577
-0.017577
-0.017577
-0.017577
-0.017577
-0.017577
-0.017577
-0.017577
-0.017577
-0.017577
-0.017577
-0.017577
-0.017577
-0.017577
-0.017577
-0.017577
-0.017577
-0.017602
-0.017602
-0.017602
-0.017602
-0.017602
-0.017602
-0.017602
-0.017602
-0.017602
-0.017602
-0.017577
-0.017602
-0.017602
-0.017577
-0.017577
-0.017577
-0.017577
-0.017577
-0.017577
-0.017577
-0.017577
-0.017577
-0.017577
-0.017552
-0.017552
-0.017552
-0.017577
-0.017577
-0.017552
-0.017552
-0.017552
-0.017552
-0.017552
-0.017552
-0.017552
-0.017552
-0.017552
-0.017552
-0.017552
-0.017552
-0.017552
-0.017552
-0.017552
-0.017552
-0.017552
-0.017552
-0.017552
-0.017552
-0.017552
-0.017552
-0.017552
-0.017552
-0.017552
-0.017552
-0.017552
-0.017552
-0.017552
-0.017552
-0.017552
-0.017552
-0.017552
-0.017552
-0.017552
-0.017552
-0.017552
-0.017552
-0.017552
-0.017552
-0.017552
-0.017552
-0.017552
-0.017552
-0.017552
-0.017552
-0.017552
-0.017552
-0.017552
-0.017552
-0.017552
-0.017552
-0.017552
-0.017577
-0.017552
-0.017552
-0.017552
-0.017552
-0.017552
-0.017552
-0.017552
-0.017552
-0.017552
-0.017552
-0.017552
-0.017552
-0.017552
-0.017552
-0.017552
-0.017552
-0.017552
-0.017552
-0.017552
-0.017552
-0.017626
-0.0177
-0.017749
-0.017725
-0.017577
-0.017306
-0.016912
-0.016469
-0.016174
-0.016223
-0.016395
-0.016641
-0.016986
-0.017158
-0.017134
-0.017158
-0.017232
-0.017306
-0.017355
-0.017429
-0.017478
-0.017503
-0.017528
-0.017552
-0.017552
-0.017552
-0.017552
-0.017577
-0.017577
-0.017577
-0.017577
-0.017577
-0.017577
-0.017602
-0.017602
-0.017602
-0.017602
-0.017602
-0.017626
-0.017626
-0.017626
-0.017626
-0.017626
-0.017626
-0.017651
-0.017651
-0.017651
-0.017651
-0.017651
-0.017675
-0.017675
-0.017675
-0.0177
-0.0177
-0.0177
-0.017725
-0.017725
-0.017725
-0.017725
-0.017725
-0.017725
-0.017725
-0.017725
-0.017725
-0.0177
-0.0177
-0.017675
-0.017675
-0.017651
-0.017626
-0.017602
-0.017602
-0.017577
-0.017552
-0.017552
-0.017528
-0.017528
-0.017528
-0.017528
-0.017528
-0.017528
-0.017528
-0.017528
-0.017528
-0.017528
-0.017528
-0.017528
-0.017528
-0.017528
-0.017528
-0.017528
-0.017528
-0.017528
-0.017528
-0.017528
-0.017528
-0.017528
-0.017528
-0.017528
-0.017528
-0.017528
-0.017528
-0.017528
-0.017528
-0.017528
-0.017528
-0.017528
-0.017528
-0.017528
-0.017528
-0.017528
-0.017528
-0.017528
-0.017528
-0.017503
-0.017503
-0.017503
-0.017503
-0.017503
-0.017503
-0.017503
-0.017503
-0.017503
-0.017503
-0.017503
-0.017503
-0.017503
-0.017503
-0.017503
-0.017503
-0.017503
-0.017503
-0.017503
-0.017503
-0.017503
-0.017503
-0.017503
-0.017503
-0.017503
-0.017478
-0.017478
-0.017478
-0.017503
-0.017478
-0.017478
-0.017478
-0.017478
-0.017478
-0.017478
-0.017478
-0.017478
-0.017478
-0.017478
-0.017478
-0.017478
-0.017478
-0.017478
-0.017478
-0.017478
-0.017478
-0.017478
-0.017478
-0.017478
-0.017478
-0.017478
-0.017478
-0.017454
-0.017478
-0.017478
-0.017478
-0.017454
-0.017454
-0.017454
-0.017478
-0.017478
-0.017478
-0.017478
-0.017478
-0.017454
-0.017454
-0.017454
-0.017454
-0.017454
-0.017454
-0.017454
-0.017454
-0.017454
-0.017454
-0.017454
-0.017454
-0.017454
-0.017454
-0.017454
-0.017454
-0.017454
-0.017454
-0.017429
-0.017602
-0.017651
-0.017577
-0.017405
-0.017085
-0.016641
-0.016223
-0.016051
-0.016149
-0.016371
-0.016666
-0.016986
-0.01706
-0.017035
-0.01706
-0.017134
-0.017208
-0.017281
-0.017355
-0.01738
-0.017429
-0.017429
-0.017454
-0.017454
-0.017454
-0.017454
-0.017454
-0.017454
-0.017454
-0.017478
-0.017478
-0.017478
-0.017478
-0.017503
-0.017503
-0.017503
-0.017528
-0.017528
-0.017528
-0.017528
-0.017552
-0.017577
-0.017577
-0.017577
-0.017577
-0.017577
-0.017602
-0.017602
-0.017602
-0.017602
-0.017626
-0.017626
-0.017626
-0.017651
-0.017651
-0.017651
-0.017651
-0.017651
-0.017651
-0.017651
-0.017651
-0.017651
-0.017626
-0.017626
-0.017626
-0.017602
-0.017602
-0.017577
-0.017552
-0.017528
-0.017528
-0.017503
-0.017478
-0.017478
-0.017478
-0.017454
-0.017454
-0.017454
-0.017454
-0.017454
-0.017454
-0.017454
-0.017454
-0.017454
-0.017454
-0.017454
-0.017454
-0.017454
-0.017454
-0.017454
-0.017454
-0.017454
-0.017454
-0.017454
-0.017454
-0.017454
-0.017454
-0.017454
-0.017454
-0.017454
-0.017454
-0.017454
-0.017454
-0.017454
-0.017454
-0.017454
-0.017454
-0.017454
-0.017454
-0.017454
-0.017429
-0.017454
-0.017454
-0.017429
-0.017429
-0.017429
-0.017429
-0.017429
-0.017429
-0.017429
-0.017429
-0.017429
-0.017429
-0.017405
-0.017429
-0.017429
-0.017405
-0.017405
-0.017405
-0.017405
-0.017429
-0.017405
-0.017405
-0.017405
-0.017405
-0.017405
-0.017405
-0.017405
-0.017405
-0.017405
-0.017405
-0.017405
-0.017405
-0.017405
-0.017429
-0.017405
-0.017405
-0.017405
-0.017405
-0.017405
-0.017405
-0.017405
-0.017405
-0.017405
-0.017405
-0.017405
-0.017405
-0.017405
-0.017405
-0.017405
-0.017405
-0.017405
-0.017405
-0.017405
-0.017405
-0.017405
-0.017405
-0.017405
-0.017405
-0.017405
-0.017405
-0.017405
-0.017405
-0.017405
-0.017405
-0.017405
-0.017405
-0.017405
-0.017405
-0.017405
-0.01738
-0.01738
-0.01738
-0.01738
-0.01738
-0.01738
-0.01738
-0.01738
-0.01738
-0.01738
-0.01738
-0.01738
-0.01738
-0.01738
-0.01738
-0.01738
-0.01738
-0.01738
-0.01738
-0.01738
-0.017552
-0.017405
-0.017109
-0.016691
-0.016248
-0.015977
-0.016026
-0.016223
-0.016494
-0.016838
-0.017011
-0.016986
-0.016986
-0.01706
-0.017134
-0.017208
-0.017281
-0.017331
-0.017355
-0.01738
-0.01738
-0.01738
-0.01738
-0.017405
-0.017405
-0.017405
-0.017405
-0.017405
-0.017429
-0.017429
-0.017429
-0.017429
-0.017429
-0.017429
-0.017454
-0.017429
-0.017429
-0.017454
-0.017454
-0.017454
-0.017478
-0.017478
-0.017478
-0.017478
-0.017478
-0.017503
-0.017503
-0.017503
-0.017503
-0.017528
-0.017528
-0.017528
-0.017528
-0.017552
-0.017552
-0.017552
-0.017552
-0.017552
-0.017528
-0.017528
-0.017528
-0.017528
-0.017503
-0.017503
-0.017478
-0.017478
-0.017454
-0.017429
-0.017405
-0.017405
-0.01738
-0.01738
-0.01738
-0.017355
-0.017355
-0.017355
-0.017355
-0.017355
-0.017355
-0.017355
-0.017355
-0.017355
-0.017355
-0.017355
-0.017355
-0.017355
-0.017355
-0.017355
-0.017355
-0.017355
-0.017355
-0.017355
-0.017355
-0.017355
-0.017355
-0.017355
-0.017355
-0.017355
-0.017355
-0.017355
-0.017355
-0.017355
-0.017355
-0.017355
-0.017355
-0.017355
-0.017355
-0.017355
-0.017355
-0.017355
-0.017355
-0.017355
-0.017355
-0.017355
-0.017355
-0.017331
-0.017331
-0.017331
-0.017331
-0.017331
-0.017331
-0.017331
-0.017331
-0.017331
-0.017331
-0.017331
-0.017331
-0.017331
-0.017331
-0.017331
-0.017331
-0.017331
-0.017331
-0.017331
-0.017331
-0.017331
-0.017331
-0.017331
-0.017331
-0.017331
-0.017331
-0.017331
-0.017331
-0.017331
-0.017331
-0.017331
-0.017331
-0.017331
-0.017331
-0.017331
-0.017331
-0.017331
-0.017331
-0.017331
-0.017331
-0.017331
-0.017331
-0.017331
-0.017331
-0.017355
-0.017331
-0.017331
-0.017331
-0.017331
-0.017331
-0.017331
-0.017331
-0.017331
-0.017331
-0.017331
-0.017331
-0.017331
-0.017331
-0.017331
-0.017331
-0.017331
-0.017331
-0.017331
-0.017331
-0.017331
-0.017306
-0.017306
-0.017306
-0.017306
-0.017306
-0.017306
-0.017331
-0.017331
-0.017331
-0.017331
-0.017331
-0.017331
-0.017331
-0.017306
-0.017306
-0.017306
-0.017306
-0.017306
-0.017331
-0.017405
