2018
4
12
17
38
59.506
-0.039979
-0.039979
-0.039979
-0.039979
-0.039979
-0.039979
-0.039979
-0.039979
-0.039979
-0.039979
-0.039979
-0.039979
-0.039979
-0.039979
-0.039979
-0.039979
-0.039979
-0.039954
-0.039954
-0.039979
-0.039979
-0.039979
-0.039954
-0.039979
-0.039979
-0.039979
-0.039954
-0.039954
-0.039954
-0.039979
-0.039979
-0.039979
-0.039954
-0.039979
-0.039979
-0.039979
-0.039979
-0.039954
-0.039954
-0.039979
-0.039954
-0.039954
-0.039979
-0.039954
-0.039954
-0.039954
-0.039954
-0.039979
-0.039979
-0.039979
-0.040003
-0.040028
-0.040003
-0.03988
-0.039659
-0.039437
-0.039191
-0.038994
-0.038822
-0.038822
-0.039068
-0.039511
-0.039856
-0.039905
-0.03993
-0.039954
-0.039954
-0.03993
-0.039905
-0.039905
-0.039905
-0.039905
-0.039905
-0.03988
-0.039856
-0.039856
-0.03988
-0.039905
-0.03988
-0.03988
-0.03988
-0.039856
-0.03988
-0.03988
-0.03988
-0.03988
-0.039856
-0.03988
-0.03988
-0.03988
-0.03988
-0.039856
-0.039856
-0.039856
-0.039856
-0.039831
-0.039831
-0.039807
-0.039831
-0.039807
-0.039807
-0.039807
-0.039807
-0.039807
-0.039807
-0.039807
-0.039807
-0.039807
-0.039807
-0.039807
-0.039807
-0.039782
-0.039782
-0.039807
-0.039807
-0.039807
-0.039782
-0.039782
-0.039807
-0.039807
-0.039807
-0.039831
-0.039831
-0.039831
-0.039831
-0.039856
-0.039856
-0.039856
-0.039856
-0.039856
-0.03988
-0.03988
-0.03988
-0.039856
-0.03988
-0.03988
-0.039905
-0.039905
-0.03988
-0.03988
-0.03988
-0.039905
-0.039905
-0.03988
-0.03988
-0.039905
-0.039905
-0.039905
-0.039905
-0.039905
-0.039905
-0.039905
-0.039905
-0.039905
-0.039905
-0.039905
-0.03993
-0.03993
-0.03993
-0.039954
-0.039954
-0.039954
-0.039979
-0.039979
-0.039979
-0.039979
-0.039979
-0.039979
-0.040003
-0.040003
-0.039979
-0.039979
-0.040003
-0.040003
-0.040003
-0.040003
-0.040003
-0.040003
-0.040028
-0.040028
-0.040053
-0.040053
-0.040077
-0.040102
-0.040102
-0.040102
-0.040102
-0.040127
-0.040127
-0.040127
-0.040127
-0.040127
-0.040151
-0.040151
-0.040151
-0.040151
-0.040151
-0.040151
-0.040176
-0.040176
-0.040151
-0.040151
-0.040151
-0.040151
-0.040151
-0.040151
-0.040151
-0.040127
-0.040151
-0.040151
-0.040127
-0.040127
-0.040127
-0.040151
-0.040151
-0.040151
-0.040151
-0.040127
-0.040151
-0.040151
-0.040151
-0.040151
-0.040127
-0.040151
-0.040151
-0.040151
-0.040127
-0.040127
-0.040127
-0.040151
-0.040151
-0.040127
-0.040127
-0.040127
-0.040127
-0.040127
-0.040102
-0.040102
-0.040102
-0.040102
-0.040077
-0.040102
-0.040102
-0.040077
-0.040077
-0.040077
-0.040102
-0.040102
-0.040102
-0.040077
-0.040102
-0.040102
-0.040102
-0.040102
-0.040077
-0.040102
-0.040102
-0.040102
-0.040077
-0.040053
-0.040077
-0.040077
-0.040077
-0.040077
-0.040053
-0.040077
-0.040077
-0.040102
-0.040127
-0.040151
-0.040151
-0.040077
-0.039905
-0.039659
-0.039388
-0.039166
-0.03897
-0.038871
-0.038994
-0.039339
-0.040028
-0.040028
-0.040003
-0.040003
-0.040028
-0.040003
-0.039979
-0.039979
-0.039979
-0.039979
-0.039954
-0.039954
-0.039979
-0.039979
-0.039979
-0.039979
-0.039979
-0.039979
-0.039979
-0.039979
-0.039979
-0.039979
-0.039979
-0.040003
-0.040003
-0.039979
-0.039979
-0.039979
-0.039979
-0.039979
-0.039979
-0.039954
-0.039954
-0.039954
-0.03993
-0.03993
-0.039905
-0.039905
-0.039905
-0.039905
-0.03988
-0.03988
-0.039856
-0.039856
-0.039856
-0.039856
-0.039856
-0.039831
-0.039831
-0.039831
-0.039831
-0.039856
-0.039831
-0.039831
-0.039831
-0.039831
-0.039856
-0.039831
-0.039831
-0.039856
-0.039856
-0.03988
-0.03988
-0.03988
-0.03988
-0.039905
-0.039905
-0.039905
-0.03993
-0.03993
-0.039954
-0.039954
-0.039954
-0.03993
-0.03993
-0.039954
-0.039954
-0.039954
-0.03993
-0.03993
-0.03993
-0.03993
-0.039954
-0.039954
-0.039954
-0.039954
-0.039954
-0.039979
-0.039979
-0.039979
-0.039979
-0.039979
-0.040003
-0.040003
-0.040003
-0.039979
-0.039979
-0.040003
-0.040003
-0.040003
-0.040003
-0.040003
-0.040003
-0.040003
-0.040003
-0.040003
-0.040003
-0.040003
-0.040003
-0.040003
-0.039979
-0.039979
-0.040003
-0.040003
-0.040003
-0.040003
-0.040003
-0.040003
-0.040003
-0.040003
-0.040003
-0.040003
-0.040003
-0.040003
-0.040028
-0.040003
-0.040003
-0.040003
-0.040003
-0.040028
-0.040003
-0.040003
-0.040003
-0.040003
-0.040003
-0.040003
-0.040003
-0.040003
-0.040003
-0.040003
-0.040003
-0.040003
-0.040003
-0.040003
-0.040003
-0.040003
-0.040003
-0.040003
-0.040003
-0.040003
-0.040003
-0.040003
-0.040003
-0.040003
-0.040028
-0.040028
-0.040003
-0.040003
-0.040003
-0.040028
-0.040003
-0.040028
-0.040028
-0.040003
-0.040003
-0.040028
-0.040028
-0.040028
-0.040003
-0.040003
-0.040003
-0.040003
-0.040003
-0.040003
-0.040003
-0.040003
-0.040003
-0.040003
-0.039979
-0.039979
-0.040003
-0.040003
-0.040003
-0.040003
-0.040003
-0.040003
-0.040028
-0.040003
-0.040003
-0.040003
-0.040003
-0.040028
-0.040028
-0.040003
-0.040003
-0.040028
-0.040028
-0.040028
-0.040003
-0.040003
-0.040053
-0.040077
-0.040077
-0.040077
-0.039979
-0.039757
-0.039486
-0.03924
-0.039019
-0.038846
-0.038822
-0.039068
-0.039511
-0.03988
-0.039954
-0.039954
-0.039979
-0.039979
-0.039979
-0.039979
-0.039954
-0.039954
-0.039954
-0.039979
-0.039954
-0.039954
-0.03993
-0.039954
-0.039954
-0.039954
-0.039954
-0.039954
-0.039954
-0.039954
-0.039954
-0.039954
-0.03993
-0.039954
-0.039954
-0.039954
-0.039954
-0.039954
-0.03993
-0.03993
-0.03993
-0.03993
-0.03993
-0.039905
-0.039905
-0.039905
-0.039905
-0.039905
-0.03988
-0.03988
-0.03988
-0.03988
-0.03988
-0.039856
-0.039856
-0.039856
-0.039856
-0.039856
-0.039856
-0.039856
-0.039856
-0.039856
-0.039856
-0.039856
-0.039831
-0.039856
-0.039856
-0.039856
-0.039856
-0.039856
-0.039856
-0.03988
-0.03988
-0.03988
-0.03988
-0.039905
-0.039905
-0.03993
-0.03993
-0.03993
-0.03993
-0.03993
-0.03993
-0.03993
-0.039954
-0.03993
-0.03993
-0.03993
-0.03993
-0.03993
-0.03993
-0.03993
-0.03993
-0.03993
-0.03993
-0.03993
-0.03993
-0.039954
-0.039954
-0.039979
-0.039954
-0.039954
-0.039954
-0.039979
-0.039979
-0.039979
-0.039954
-0.039979
-0.039979
-0.039979
-0.039979
-0.039954
-0.039979
-0.039979
-0.039979
-0.039979
-0.039979
-0.039979
-0.039979
-0.039979
-0.040003
-0.040003
-0.040003
-0.039979
-0.040003
-0.040003
-0.040003
-0.040003
-0.040003
-0.040003
-0.040003
-0.040003
-0.040003
-0.040003
-0.040003
-0.040028
-0.040028
-0.040003
-0.040003
-0.040003
-0.040028
-0.040028
-0.040028
-0.040003
-0.040003
-0.040028
-0.040028
-0.040003
-0.040003
-0.040003
-0.040028
-0.040028
-0.040028
-0.040003
-0.040003
-0.040028
-0.040003
-0.040028
-0.040028
-0.040028
-0.040003
-0.040003
-0.040028
-0.040028
-0.040003
-0.040003
-0.040003
-0.040003
-0.040028
-0.040003
-0.040003
-0.040003
-0.040003
-0.040028
-0.040003
-0.040003
-0.040003
-0.040003
-0.040028
-0.040003
-0.040003
-0.040003
-0.040028
-0.040028
-0.040003
-0.040003
-0.040003
-0.040003
-0.040003
-0.040003
-0.040003
-0.040003
-0.040003
-0.040003
-0.040003
-0.039979
-0.040003
-0.039979
-0.040003
-0.040003
-0.040003
-0.040003
-0.039979
-0.039979
-0.040003
-0.040003
-0.040003
-0.039979
-0.039979
-0.039979
-0.039979
-0.039979
-0.039979
-0.039979
-0.040003
-0.040028
-0.040053
-0.040028
-0.040003
-0.039905
-0.039659
-0.039388
-0.039117
-0.03892
-0.038773
-0.038846
-0.039117
-0.039585
-0.039856
-0.039905
-0.03993
-0.03993
-0.03993
-0.03993
-0.03993
-0.039954
-0.03993
-0.03993
-0.03993
-0.03993
-0.039905
-0.03993
-0.03993
-0.03993
-0.039905
-0.039905
-0.039905
-0.03993
-0.03993
-0.039905
-0.039905
-0.039905
-0.03993
-0.03993
-0.039905
-0.039905
-0.039905
-0.039905
-0.039905
-0.03988
-0.03988
-0.03988
-0.03988
-0.03988
-0.039856
-0.039856
-0.039856
-0.039856
-0.039856
-0.039856
-0.039831
-0.039831
-0.039856
-0.039831
-0.039831
-0.039831
-0.039807
-0.039807
-0.039831
-0.039831
-0.039807
-0.039807
-0.039807
-0.039807
-0.039831
-0.039831
-0.039807
-0.039831
-0.039831
-0.039856
-0.039856
-0.039856
-0.039856
-0.03988
-0.03988
-0.03988
-0.03988
-0.03988
-0.039905
-0.039905
-0.039905
-0.039905
-0.03988
-0.039905
-0.039905
-0.039905
-0.039905
-0.039905
-0.039905
-0.03993
-0.03993
-0.039905
-0.039905
-0.039905
-0.03993
-0.03993
-0.03993
-0.03993
-0.039905
-0.039905
-0.039905
-0.03993
-0.03993
-0.039905
-0.039905
-0.039905
-0.03993
-0.03993
-0.039905
-0.039905
-0.03993
-0.03993
-0.03993
-0.039905
-0.039905
-0.03993
-0.03993
-0.03993
-0.03993
-0.03993
-0.03993
-0.03993
-0.03993
-0.03993
-0.03993
-0.03993
-0.039954
-0.039954
-0.03993
-0.03993
-0.03993
-0.039954
-0.039954
-0.03993
-0.03993
-0.03993
-0.03993
-0.03993
-0.039954
-0.039954
-0.039954
-0.03993
-0.039954
-0.039954
-0.039954
-0.039954
-0.03993
-0.039954
-0.039954
-0.039954
-0.039954
-0.03993
-0.039954
-0.039954
-0.039954
-0.039954
-0.03993
-0.03993
-0.039954
-0.039954
-0.039954
-0.03993
-0.03993
-0.039954
-0.039954
-0.039954
-0.03993
-0.03993
-0.039954
-0.039954
-0.03993
-0.03993
-0.03993
-0.039954
-0.039954
-0.03993
-0.039954
-0.03993
-0.03993
-0.03993
-0.03993
-0.03993
-0.03993
-0.039905
-0.03993
-0.03993
-0.03993
-0.039905
-0.039905
-0.039905
-0.039905
-0.039905
-0.039905
-0.039905
-0.03993
-0.03993
-0.03993
-0.03993
-0.03993
-0.03993
-0.03993
-0.03993
-0.03993
-0.03993
-0.03993
-0.039954
-0.039954
-0.03993
-0.03993
-0.03993
-0.03993
-0.039954
-0.03993
-0.039954
-0.039979
-0.040003
-0.039683
-0.039437
-0.039166
-0.038945
-0.038773
-0.038773
-0.039043
-0.039486
-0.039807
-0.03988
-0.039905
-0.03993
-0.03993
-0.03993
-0.03993
-0.03993
-0.039954
-0.039954
-0.039954
-0.03993
-0.03993
-0.039954
-0.039954
-0.03993
-0.03993
-0.03993
-0.039954
-0.039954
-0.03993
-0.03993
-0.03993
-0.039954
-0.039954
-0.03993
-0.03993
-0.03993
-0.039954
-0.039954
-0.039954
-0.039954
-0.039954
-0.039954
-0.039954
-0.039954
-0.039954
-0.039954
-0.03993
-0.03993
-0.03993
-0.039954
-0.03993
-0.03993
-0.039905
-0.03993
-0.03993
-0.039905
-0.039905
-0.039905
-0.039905
-0.03993
-0.039905
-0.039905
-0.039905
-0.03993
-0.03993
-0.03993
-0.03993
-0.03993
-0.03993
-0.039954
-0.039954
-0.039954
-0.039954
-0.039979
-0.039979
-0.039979
-0.039979
-0.039979
-0.040003
-0.040028
-0.040028
-0.040028
-0.040028
-0.040028
-0.040028
-0.040028
-0.040028
-0.040028
-0.040028
-0.040028
-0.040028
-0.040028
-0.040028
-0.040028
-0.040028
-0.040028
-0.040028
-0.040028
-0.040028
-0.040028
-0.040028
-0.040028
-0.040028
-0.040028
-0.040028
-0.040028
-0.040028
-0.040028
-0.040028
-0.040028
-0.040028
-0.040028
-0.040028
-0.040028
-0.040028
-0.040028
-0.040053
-0.040028
-0.040028
-0.040028
-0.040028
-0.040028
-0.040053
-0.040053
-0.040053
-0.040053
-0.040053
-0.040053
-0.040053
-0.040053
-0.040053
-0.040028
-0.040053
-0.040053
-0.040053
-0.040053
-0.040053
-0.040053
-0.040053
-0.040053
-0.040053
-0.040053
-0.040053
-0.040053
-0.040053
-0.040028
-0.040028
-0.040028
-0.040053
-0.040053
-0.040028
-0.040028
-0.040028
-0.040053
-0.040053
-0.040028
-0.040028
-0.040053
-0.040053
-0.040053
-0.040053
-0.040053
-0.040053
-0.040028
-0.040053
-0.040053
-0.040053
-0.040028
-0.040028
-0.040053
-0.040053
-0.040053
-0.040053
-0.040028
-0.040053
-0.040053
-0.040053
-0.040053
-0.040053
-0.040053
-0.040053
-0.040053
-0.040053
-0.040028
-0.040028
-0.040053
-0.040053
-0.040053
-0.040053
-0.040053
-0.040053
-0.040053
-0.040053
-0.040028
-0.040053
-0.040053
-0.040053
-0.040053
-0.040028
-0.040053
-0.040028
-0.040028
-0.040053
-0.040053
-0.040028
-0.040053
-0.040077
-0.040127
-0.040102
-0.040053
-0.03988
-0.039659
-0.039388
-0.039166
-0.038945
-0.038822
-0.03897
-0.039339
-0.039782
-0.03993
-0.039954
-0.040003
-0.040003
-0.040003
-0.040003
-0.040003
-0.040003
-0.040028
-0.040028
-0.040003
-0.040003
-0.040003
-0.040003
-0.040003
-0.040003
-0.040003
-0.040028
-0.040028
-0.040028
-0.040028
-0.040053
-0.040028
-0.040028
-0.040028
-0.040028
-0.040028
-0.040028
-0.040028
-0.040028
-0.040028
-0.040028
-0.040003
-0.040003
-0.040003
-0.040003
-0.040003
-0.039979
-0.039979
-0.039979
-0.039979
-0.039979
-0.039954
-0.039954
-0.039954
-0.039954
-0.039954
-0.039954
-0.03993
-0.03993
-0.039954
-0.039954
-0.039954
-0.03993
-0.039954
-0.039954
-0.039954
-0.039954
-0.03993
-0.039954
-0.039954
-0.039979
-0.040003
-0.040003
-0.040003
-0.040003
-0.040003
-0.040003
-0.040003
-0.040003
-0.040003
-0.040028
-0.040028
-0.040003
-0.040003
-0.040003
-0.040003
-0.040028
-0.040003
-0.040003
-0.040003
-0.040003
-0.040003
-0.040003
-0.039979
-0.040003
-0.040003
-0.040003
-0.040003
-0.039979
-0.039979
-0.040003
-0.040003
-0.039979
-0.039979
-0.039979
-0.040003
-0.040003
-0.039979
-0.039979
-0.039979
-0.039979
-0.039979
-0.039979
-0.040003
-0.039979
-0.039979
-0.039979
-0.039979
-0.040003
-0.039979
-0.039979
-0.039979
-0.039979
-0.039979
-0.039979
-0.039979
-0.039979
-0.039979
-0.040003
-0.039979
-0.039979
-0.039979
-0.039979
-0.039979
-0.039979
-0.039979
-0.039979
-0.039979
-0.039979
-0.039979
-0.039979
-0.039979
-0.039979
-0.039979
-0.039979
-0.039954
-0.039954
-0.039979
-0.039979
-0.039979
-0.039979
-0.039979
-0.039954
-0.039954
-0.039954
-0.039979
-0.039979
-0.039954
-0.039954
-0.039954
-0.039954
-0.039954
-0.039954
-0.039954
-0.039954
-0.039954
-0.039954
-0.039954
-0.039954
-0.039954
-0.039979
-0.039954
-0.039954
-0.039954
-0.039954
-0.039954
-0.039954
-0.03993
-0.03993
-0.039954
-0.039954
-0.039954
-0.039954
-0.039954
-0.039954
-0.039954
-0.039954
-0.039954
-0.03993
-0.039954
-0.03993
-0.039954
-0.039954
-0.03993
-0.03993
-0.039954
-0.040003
-0.040003
-0.039979
-0.039954
-0.039807
-0.039585
-0.039314
-0.039068
-0.038871
-0.038748
-0.038896
-0.03924
-0.039659
-0.039831
-0.03988
-0.039905
-0.039905
-0.03988
-0.03988
-0.039905
-0.039905
-0.039905
-0.039905
-0.039905
-0.039905
-0.039905
-0.039905
-0.039905
-0.039905
-0.039905
-0.039905
-0.039905
-0.03988
-0.03988
-0.03988
-0.03988
-0.039905
-0.039905
-0.039905
-0.03988
-0.03988
-0.039905
-0.039905
-0.039905
-0.03988
-0.03988
-0.03988
-0.03988
-0.03988
-0.039856
-0.039856
-0.039856
-0.039856
-0.039856
-0.039856
-0.039831
-0.039856
-0.039856
-0.039831
-0.039831
-0.039831
-0.039831
-0.039831
-0.039831
-0.039831
-0.039831
-0.039831
-0.039831
-0.039831
-0.039831
-0.039807
-0.039831
-0.039831
-0.039831
-0.039856
-0.039856
-0.039856
-0.039856
-0.03988
-0.039905
-0.039905
-0.039905
-0.039905
-0.039905
-0.039905
-0.03993
-0.039905
-0.039905
-0.039905
-0.03993
-0.039905
-0.039905
-0.039905
-0.039905
-0.039905
-0.039905
-0.039905
-0.039905
-0.039905
-0.039905
-0.039905
-0.039905
-0.039905
-0.039905
-0.039905
-0.039905
-0.039905
-0.039905
-0.039905
-0.039905
-0.039905
-0.039905
-0.039905
-0.039905
-0.039905
-0.039905
-0.03993
-0.03993
-0.039905
-0.039905
-0.039905
-0.03993
-0.039905
-0.039905
-0.039905
-0.039905
-0.03993
-0.03993
-0.039905
-0.039905
-0.039905
-0.039905
-0.03993
-0.039905
-0.039905
-0.039905
-0.039905
-0.039905
-0.039905
-0.039905
-0.039905
-0.039905
-0.039905
-0.039905
-0.039905
-0.039905
-0.039905
-0.039905
-0.039905
-0.03988
-0.039905
-0.039905
-0.039905
-0.039905
-0.039905
-0.039905
-0.03988
-0.039905
-0.039905
-0.039905
-0.039905
-0.039905
-0.039905
-0.039905
-0.039905
-0.039905
-0.03988
-0.03988
-0.039905
-0.039905
-0.03988
-0.03988
-0.03988
-0.039905
-0.039905
-0.03988
-0.03988
-0.03988
-0.03988
-0.039905
-0.03988
-0.03988
-0.03988
-0.03988
-0.03988
-0.03988
-0.039856
-0.03988
-0.03988
-0.03988
-0.03988
-0.039856
-0.039856
-0.03988
-0.039856
-0.03988
-0.03988
-0.03988
-0.039856
-0.039856
-0.039856
-0.039856
-0.039856
-0.039856
-0.039856
-0.039905
-0.03993
-0.039905
-0.039856
-0.039733
-0.039511
-0.03924
-0.038994
-0.038797
-0.03865
-0.038773
-0.039117
-0.03956
-0.039733
-0.039782
-0.039807
-0.039807
-0.039807
-0.039782
-0.039807
-0.039807
-0.039807
-0.039807
-0.039807
-0.039807
-0.039807
-0.039807
-0.039807
-0.039782
-0.039782
-0.039782
-0.039782
-0.039807
-0.039782
-0.039782
-0.039782
-0.039782
-0.039782
-0.039782
-0.039757
-0.039757
-0.039757
-0.039782
-0.039757
-0.039757
-0.039757
-0.039757
-0.039757
-0.039733
-0.039733
-0.039708
-0.039733
-0.039733
-0.039708
-0.039708
-0.039708
-0.039708
-0.039708
-0.039708
-0.039683
-0.039683
-0.039708
-0.039708
-0.039708
-0.039683
-0.039683
-0.039708
-0.039708
-0.039708
-0.039708
-0.039708
-0.039708
-0.039708
-0.039733
-0.039733
-0.039733
-0.039733
-0.039733
-0.039757
-0.039757
-0.039757
-0.039757
-0.039757
-0.039757
-0.039757
-0.039757
-0.039757
-0.039757
-0.039757
-0.039757
-0.039757
-0.039757
-0.039757
-0.039757
-0.039757
-0.039757
-0.039733
-0.039733
-0.039733
-0.039757
-0.039757
-0.039733
-0.039733
-0.039733
-0.039757
-0.039733
-0.039733
-0.039733
-0.039733
-0.039733
-0.039757
-0.039757
-0.039733
-0.039733
-0.039733
-0.039733
-0.039733
-0.039733
-0.039733
-0.039733
-0.039733
-0.039757
-0.039757
-0.039733
-0.039733
-0.039757
-0.039757
-0.039757
-0.039733
-0.039733
-0.039757
-0.039757
-0.039757
-0.039733
-0.039733
-0.039757
-0.039757
-0.039757
-0.039757
-0.039733
-0.039757
-0.039757
-0.039757
-0.039733
-0.039733
-0.039757
-0.039757
-0.039757
-0.039733
-0.039757
-0.039733
-0.039733
-0.039733
-0.039757
-0.039733
-0.039733
-0.039733
-0.039733
-0.039757
-0.039757
-0.039733
-0.039733
-0.039733
-0.039733
-0.039757
-0.039733
-0.039733
-0.039733
-0.039757
-0.039757
-0.039757
-0.039733
-0.039757
-0.039757
-0.039757
-0.039733
-0.039733
-0.039733
-0.039733
-0.039757
-0.039757
-0.039757
-0.039782
-0.039807
-0.039807
-0.039782
-0.039782
-0.039807
-0.039807
-0.039831
-0.039831
-0.039807
-0.039807
-0.039807
-0.039831
-0.039831
-0.039856
-0.03988
-0.03988
-0.03988
-0.039831
-0.039683
-0.039437
-0.039191
-0.038945
-0.038773
-0.03865
-0.038797
-0.039166
-0.03961
-0.039757
-0.039782
-0.039782
-0.039807
-0.039807
-0.039807
-0.039807
-0.039782
-0.039807
-0.039807
-0.039807
-0.039782
-0.039782
-0.039782
-0.039807
-0.039807
-0.039807
-0.039782
-0.039782
-0.039782
-0.039807
-0.039807
-0.039807
-0.039807
-0.039782
-0.039782
-0.039807
-0.039807
-0.039782
-0.039782
-0.039782
-0.039782
-0.039782
-0.039757
-0.039757
-0.039733
-0.039757
-0.039733
-0.039733
-0.039733
-0.039708
-0.039733
-0.039733
-0.039708
-0.039708
-0.039708
-0.039708
-0.039708
-0.039708
-0.039683
-0.039683
-0.039708
-0.039708
-0.039708
-0.039683
-0.039683
-0.039708
-0.039708
-0.039683
-0.039708
-0.039708
-0.039708
-0.039708
-0.039708
-0.039708
-0.039708
-0.039708
-0.039708
-0.039733
-0.039708
-0.039708
-0.039708
-0.039708
-0.039708
-0.039708
-0.039683
-0.039683
-0.039683
-0.039683
-0.039683
-0.039659
-0.039659
-0.039683
-0.039683
-0.039659
-0.039659
-0.039659
-0.039659
-0.039659
-0.039659
-0.039659
-0.039659
-0.039659
-0.039659
-0.039659
-0.039659
-0.039659
-0.039659
-0.039659
-0.039659
-0.039659
-0.039659
-0.039634
-0.039634
-0.039659
-0.039659
-0.039659
-0.039634
-0.039634
-0.039659
-0.039659
-0.039659
-0.039634
-0.039634
-0.039659
-0.039659
-0.039659
-0.039659
-0.039659
-0.039659
-0.039659
-0.039659
-0.039634
-0.039634
-0.039659
-0.039659
-0.039659
-0.039634
-0.039634
-0.039659
-0.039659
-0.039659
-0.039634
-0.039634
-0.039659
-0.039659
-0.039659
-0.039634
-0.039634
-0.039634
-0.039634
-0.039634
-0.03961
-0.039634
-0.039634
-0.039634
-0.039634
-0.03961
-0.039634
-0.039634
-0.039634
-0.03961
-0.03961
-0.039634
-0.039634
-0.039634
-0.039634
-0.039634
-0.039634
-0.039634
-0.03961
-0.03961
-0.03961
-0.03961
-0.039634
-0.03961
-0.03961
-0.03961
-0.03961
-0.03961
-0.03961
-0.03961
-0.03961
-0.03961
-0.03961
-0.03961
-0.03961
-0.03961
-0.03961
-0.039585
-0.03961
-0.03961
-0.039634
-0.039659
-0.039659
-0.039634
-0.03956
-0.039388
-0.039117
-0.038871
-0.03865
-0.038477
-0.038453
-0.038674
-0.039093
-0.039437
-0.039511
-0.039536
-0.03956
-0.039536
-0.039536
-0.03956
-0.03956
-0.039536
-0.039536
-0.039536
-0.03956
-0.039536
-0.039536
-0.039536
-0.039536
-0.039536
-0.03956
-0.039536
-0.039536
-0.039536
-0.03956
-0.03956
-0.039536
-0.03956
-0.039536
-0.039536
-0.039536
-0.03956
-0.039536
-0.039536
-0.039536
-0.039536
-0.039536
-0.039536
-0.039511
-0.039511
-0.039511
-0.039511
-0.039486
-0.039486
-0.039462
-0.039462
-0.039486
-0.039486
-0.039486
-0.039462
-0.039462
-0.039462
-0.039486
-0.039462
-0.039462
-0.039462
-0.039486
-0.039486
-0.039462
-0.039462
-0.039462
-0.039486
-0.039486
-0.039486
-0.039486
-0.039486
-0.039511
-0.039511
-0.039536
-0.039536
-0.039536
-0.039536
-0.039536
-0.039536
-0.03956
-0.039536
-0.039536
-0.039536
-0.03956
-0.03956
-0.039536
-0.039536
-0.039536
-0.039536
-0.039536
-0.039536
-0.039536
-0.039536
-0.039536
-0.03956
-0.039536
-0.039536
-0.039536
-0.03956
-0.03956
-0.039536
-0.039536
-0.039536
-0.03956
-0.03956
-0.039536
-0.039536
-0.039536
-0.03956
-0.03956
-0.03956
-0.039536
-0.03956
-0.03956
-0.03956
-0.03956
-0.03956
-0.03956
-0.03956
-0.03956
-0.03956
-0.03956
-0.03956
-0.03956
-0.03956
-0.03956
-0.039585
-0.03956
-0.03956
-0.03956
-0.03956
-0.039585
-0.03956
-0.03956
-0.03956
-0.039585
-0.039585
-0.03956
-0.03956
-0.03956
-0.03956
-0.039585
-0.039585
-0.03956
-0.03956
-0.039585
-0.039585
-0.039585
-0.03956
-0.03956
-0.039585
-0.039585
-0.039585
-0.039585
-0.039585
-0.039585
-0.039585
-0.039585
-0.039585
-0.039585
-0.039585
-0.03961
-0.03961
-0.03961
-0.03961
-0.03961
-0.03961
-0.03961
-0.03961
-0.039585
-0.039585
-0.039585
-0.03961
-0.03961
-0.03961
-0.03961
-0.03961
-0.03961
-0.03961
-0.039585
-0.039585
-0.03961
-0.03961
-0.03961
-0.039585
-0.039585
-0.03961
-0.03961
-0.039585
-0.039585
-0.039585
-0.039585
-0.039659
-0.039659
-0.039634
-0.039511
-0.03929
-0.039019
-0.038797
-0.0386
-0.038453
-0.038502
-0.038822
-0.039265
-0.039486
-0.039536
-0.039536
-0.03956
-0.03956
-0.03956
-0.03956
-0.03956
-0.03956
-0.03956
-0.039585
-0.03956
-0.03956
-0.03956
-0.03956
-0.039585
-0.03956
-0.03956
-0.03956
-0.03956
-0.03956
-0.03956
-0.03956
-0.03956
-0.03956
-0.03956
-0.03956
-0.03956
-0.039536
-0.039536
-0.039536
-0.039536
-0.039536
-0.039536
-0.039536
-0.039511
-0.039536
-0.039536
-0.039511
-0.039511
-0.039486
-0.039511
-0.039511
-0.039486
-0.039486
-0.039486
-0.039486
-0.039486
-0.039486
-0.039462
-0.039462
-0.039486
-0.039486
-0.039486
-0.039462
-0.039462
-0.039462
-0.039486
-0.039486
-0.039462
-0.039486
-0.039486
-0.039511
-0.039511
-0.039511
-0.039511
-0.039511
-0.039536
-0.039536
-0.039536
-0.039536
-0.039536
-0.039536
-0.039536
-0.03956
-0.03956
-0.039536
-0.039536
-0.03956
-0.03956
-0.039536
-0.039536
-0.039536
-0.039536
-0.039536
-0.039536
-0.039536
-0.039536
-0.039536
-0.039536
-0.039536
-0.039536
-0.039536
-0.039536
-0.039536
-0.039536
-0.039536
-0.039536
-0.039536
-0.039536
-0.039536
-0.039536
-0.039536
-0.039536
-0.039536
-0.039536
-0.039536
-0.039536
-0.039536
-0.039536
-0.039536
-0.039536
-0.039536
-0.039536
-0.039536
-0.039536
-0.039536
-0.039536
-0.039536
-0.039536
-0.039536
-0.039536
-0.039536
-0.039536
-0.039536
-0.039536
-0.03956
-0.03956
-0.039536
-0.039536
-0.039536
-0.03956
-0.03956
-0.039536
-0.039536
-0.039536
-0.03956
-0.03956
-0.039536
-0.039536
-0.039536
-0.03956
-0.03956
-0.039536
-0.039536
-0.039536
-0.03956
-0.03956
-0.03956
-0.03956
-0.039536
-0.039536
-0.039536
-0.03956
-0.03956
-0.03956
-0.03956
-0.03956
-0.039585
-0.039585
-0.039585
-0.03956
-0.039585
-0.039585
-0.03956
-0.03956
-0.03956
-0.03956
-0.039585
-0.039585
-0.039585
-0.03956
-0.03956
-0.039585
-0.039585
-0.039585
-0.03956
-0.039585
-0.039585
-0.039585
-0.03956
-0.03956
-0.039585
-0.039585
-0.039585
-0.039585
-0.03956
-0.039585
-0.039634
-0.03956
-0.039363
-0.039093
-0.038846
-0.038625
-0.038477
-0.038453
-0.038699
-0.039142
-0.039437
-0.039511
-0.039536
-0.03956
-0.039536
-0.039536
-0.03956
-0.03956
-0.03956
-0.03956
-0.03956
-0.03956
-0.03956
-0.03956
-0.039536
-0.03956
-0.03956
-0.03956
-0.03956
-0.039536
-0.03956
-0.03956
-0.03956
-0.03956
-0.039536
-0.039536
-0.03956
-0.03956
-0.039536
-0.039536
-0.039536
-0.039511
-0.039511
-0.039511
-0.039511
-0.039511
-0.039486
-0.039486
-0.039511
-0.039511
-0.039486
-0.039486
-0.039486
-0.039486
-0.039486
-0.039486
-0.039462
-0.039462
-0.039462
-0.039486
-0.039462
-0.039462
-0.039462
-0.039462
-0.039462
-0.039462
-0.039462
-0.039462
-0.039462
-0.039486
-0.039486
-0.039462
-0.039486
-0.039486
-0.039511
-0.039511
-0.039511
-0.039511
-0.039536
-0.039536
-0.039536
-0.039536
-0.039536
-0.039536
-0.039511
-0.039536
-0.039536
-0.039536
-0.039511
-0.039511
-0.039511
-0.039536
-0.039511
-0.039511
-0.039511
-0.039511
-0.039536
-0.039511
-0.039511
-0.039511
-0.039511
-0.039536
-0.039511
-0.039511
-0.039511
-0.039511
-0.039536
-0.039511
-0.039511
-0.039511
-0.039511
-0.039511
-0.039511
-0.039511
-0.039511
-0.039511
-0.039511
-0.039511
-0.039486
-0.039486
-0.039486
-0.039486
-0.039486
-0.039511
-0.039486
-0.039486
-0.039486
-0.039486
-0.039486
-0.039486
-0.039486
-0.039486
-0.039486
-0.039486
-0.039486
-0.039486
-0.039462
-0.039486
-0.039486
-0.039486
-0.039486
-0.039486
-0.039486
-0.039486
-0.039486
-0.039486
-0.039462
-0.039486
-0.039486
-0.039486
-0.039462
-0.039462
-0.039462
-0.039486
-0.039486
-0.039462
-0.039462
-0.039462
-0.039486
-0.039486
-0.039486
-0.039486
-0.039462
-0.039462
-0.039486
-0.039486
-0.039486
-0.039486
-0.039486
-0.039486
-0.039486
-0.039486
-0.039486
-0.039462
-0.039462
-0.039486
-0.039486
-0.039462
-0.039486
-0.039486
-0.039511
-0.039486
-0.039486
-0.039486
-0.039486
-0.039486
-0.039486
-0.039486
-0.039486
-0.039486
-0.039486
-0.039486
-0.039486
-0.039462
-0.039486
-0.039486
-0.039486
-0.039486
-0.039486
-0.039511
