2018
4
12
17
44
34.48
-0.018882
-0.018857
-0.018857
-0.018857
-0.018882
-0.018857
-0.018832
-0.018857
-0.018857
-0.018857
-0.018857
-0.018857
-0.018857
-0.018882
-0.018882
-0.018882
-0.018882
-0.018882
-0.018906
-0.018906
-0.018882
-0.018857
-0.018857
-0.018882
-0.018882
-0.018882
-0.018857
-0.018882
-0.018882
-0.018882
-0.018857
-0.018832
-0.018832
-0.018857
-0.018857
-0.018857
-0.018832
-0.018832
-0.018857
-0.018857
-0.018832
-0.018832
-0.018832
-0.018808
-0.018808
-0.018808
-0.018783
-0.018759
-0.018734
-0.01866
-0.018611
-0.018685
-0.018709
-0.018635
-0.01866
-0.018808
-0.01898
-0.019128
-0.019152
-0.019128
-0.019079
-0.019005
-0.018906
-0.018832
-0.018808
-0.018808
-0.018783
-0.018759
-0.018709
-0.018709
-0.018734
-0.018734
-0.018709
-0.01866
-0.01866
-0.018685
-0.018685
-0.01866
-0.018635
-0.018635
-0.018611
-0.018586
-0.018611
-0.018611
-0.018586
-0.018562
-0.018562
-0.018562
-0.018562
-0.018537
-0.018512
-0.018512
-0.018512
-0.018512
-0.018488
-0.018463
-0.018439
-0.018463
-0.018439
-0.018414
-0.018389
-0.018389
-0.018389
-0.018389
-0.018365
-0.018365
-0.01834
-0.018365
-0.018365
-0.018365
-0.018365
-0.018365
-0.018414
-0.018439
-0.018439
-0.018463
-0.018488
-0.018537
-0.018562
-0.018562
-0.018635
-0.018635
-0.018611
-0.018611
-0.018635
-0.01866
-0.018635
-0.018611
-0.018611
-0.018635
-0.018635
-0.018635
-0.018611
-0.018611
-0.018635
-0.01866
-0.018635
-0.018611
-0.018635
-0.018635
-0.01866
-0.01866
-0.018635
-0.018635
-0.018635
-0.018635
-0.018635
-0.018611
-0.018611
-0.018611
-0.018635
-0.018635
-0.018611
-0.018611
-0.018611
-0.018635
-0.018635
-0.018611
-0.018611
-0.018611
-0.018586
-0.018611
-0.018635
-0.018635
-0.018611
-0.018611
-0.018635
-0.018635
-0.018635
-0.018611
-0.018611
-0.018635
-0.018635
-0.018635
-0.018611
-0.018611
-0.018635
-0.018635
-0.018635
-0.018611
-0.018611
-0.018611
-0.018635
-0.018611
-0.018611
-0.018586
-0.018611
-0.018635
-0.018635
-0.018586
-0.018586
-0.018611
-0.018635
-0.018611
-0.018611
-0.018611
-0.018635
-0.018635
-0.018635
-0.018611
-0.018635
-0.018635
-0.018635
-0.018635
-0.01866
-0.01866
-0.018635
-0.018635
-0.018635
-0.01866
-0.018635
-0.018611
-0.018611
-0.018611
-0.018635
-0.018611
-0.018611
-0.018586
-0.018611
-0.018611
-0.018611
-0.018586
-0.018586
-0.018611
-0.018611
-0.018611
-0.018586
-0.018586
-0.018586
-0.018586
-0.018586
-0.018562
-0.018562
-0.018586
-0.018611
-0.018611
-0.018586
-0.018586
-0.018611
-0.018611
-0.018611
-0.018611
-0.018611
-0.018586
-0.018586
-0.018586
-0.018611
-0.018586
-0.018562
-0.018562
-0.018562
-0.018586
-0.018586
-0.018562
-0.018537
-0.018537
-0.018562
-0.018537
-0.018488
-0.018414
-0.018488
-0.018562
-0.018537
-0.018512
-0.018611
-0.018783
-0.018955
-0.019005
-0.018955
-0.018882
-0.018808
-0.018734
-0.018685
-0.018635
-0.018586
-0.018586
-0.018586
-0.018562
-0.018537
-0.018537
-0.018512
-0.018512
-0.018512
-0.018537
-0.018537
-0.018488
-0.018488
-0.018512
-0.018512
-0.018512
-0.018488
-0.018463
-0.018488
-0.018488
-0.018463
-0.018439
-0.018414
-0.018439
-0.018439
-0.018414
-0.018389
-0.018365
-0.018365
-0.018365
-0.018365
-0.018315
-0.018291
-0.018291
-0.018291
-0.018291
-0.018242
-0.018242
-0.018242
-0.018242
-0.018242
-0.018217
-0.018217
-0.018242
-0.018266
-0.018266
-0.018365
-0.018365
-0.018389
-0.018414
-0.018463
-0.018463
-0.018463
-0.018463
-0.018512
-0.018537
-0.018537
-0.018512
-0.018512
-0.018537
-0.018562
-0.018537
-0.018537
-0.018537
-0.018537
-0.018562
-0.018562
-0.018537
-0.018537
-0.018562
-0.018562
-0.018562
-0.018537
-0.018537
-0.018537
-0.018562
-0.018562
-0.018537
-0.018512
-0.018537
-0.018537
-0.018537
-0.018512
-0.018512
-0.018537
-0.018537
-0.018562
-0.018562
-0.018586
-0.018562
-0.018562
-0.018586
-0.018586
-0.018586
-0.018562
-0.018562
-0.018586
-0.018611
-0.018611
-0.018586
-0.018586
-0.018586
-0.018611
-0.018611
-0.018586
-0.018586
-0.018611
-0.018611
-0.018611
-0.018586
-0.018586
-0.018611
-0.018611
-0.018611
-0.018586
-0.018586
-0.018611
-0.018635
-0.018635
-0.018611
-0.018611
-0.018611
-0.018635
-0.018635
-0.018611
-0.018611
-0.018611
-0.018611
-0.018611
-0.018635
-0.018635
-0.018635
-0.018611
-0.018635
-0.01866
-0.01866
-0.018635
-0.018635
-0.018635
-0.01866
-0.01866
-0.018635
-0.018611
-0.018635
-0.01866
-0.018635
-0.018635
-0.018635
-0.018635
-0.01866
-0.01866
-0.018635
-0.018635
-0.01866
-0.018685
-0.01866
-0.01866
-0.01866
-0.01866
-0.018685
-0.018685
-0.01866
-0.018635
-0.01866
-0.01866
-0.01866
-0.018685
-0.01866
-0.01866
-0.018635
-0.01866
-0.01866
-0.01866
-0.01866
-0.018635
-0.01866
-0.01866
-0.01866
-0.018635
-0.018635
-0.01866
-0.01866
-0.01866
-0.018635
-0.018635
-0.018635
-0.01866
-0.018635
-0.018611
-0.018611
-0.018562
-0.018512
-0.018512
-0.018562
-0.018562
-0.018562
-0.01866
-0.018808
-0.018931
-0.019005
-0.019005
-0.018955
-0.018857
-0.018759
-0.018685
-0.018685
-0.018586
-0.018586
-0.018611
-0.018586
-0.018562
-0.018562
-0.018562
-0.018586
-0.018586
-0.018562
-0.018537
-0.018562
-0.018562
-0.018562
-0.018537
-0.018537
-0.018537
-0.018537
-0.018537
-0.018512
-0.018488
-0.018488
-0.018488
-0.018488
-0.018463
-0.018439
-0.018439
-0.018439
-0.018414
-0.018389
-0.018365
-0.018365
-0.018365
-0.01834
-0.018315
-0.018291
-0.018291
-0.018291
-0.018291
-0.018266
-0.018291
-0.018291
-0.018291
-0.018315
-0.018365
-0.018365
-0.018365
-0.018389
-0.018414
-0.018463
-0.018488
-0.018488
-0.018488
-0.018512
-0.018562
-0.018562
-0.018562
-0.018562
-0.018562
-0.018586
-0.018611
-0.018586
-0.018586
-0.018586
-0.018611
-0.018611
-0.018586
-0.018586
-0.018611
-0.018635
-0.018635
-0.018611
-0.018611
-0.018611
-0.018635
-0.018635
-0.018635
-0.018611
-0.018635
-0.018635
-0.018635
-0.01866
-0.018635
-0.018635
-0.018635
-0.018685
-0.018685
-0.01866
-0.01866
-0.018685
-0.018685
-0.018685
-0.018685
-0.01866
-0.018685
-0.018685
-0.018685
-0.018685
-0.01866
-0.018685
-0.018709
-0.018709
-0.018685
-0.018685
-0.018685
-0.018709
-0.018709
-0.018685
-0.01866
-0.018685
-0.018709
-0.018709
-0.018685
-0.018685
-0.018685
-0.018709
-0.018709
-0.018709
-0.018685
-0.018709
-0.018709
-0.018734
-0.018734
-0.018734
-0.018709
-0.018734
-0.018734
-0.018734
-0.018734
-0.018709
-0.018709
-0.018734
-0.018734
-0.018709
-0.018709
-0.018709
-0.018734
-0.018734
-0.018709
-0.018709
-0.018709
-0.018734
-0.018734
-0.018734
-0.018709
-0.018734
-0.018759
-0.018759
-0.018734
-0.018734
-0.018734
-0.018759
-0.018783
-0.018759
-0.018759
-0.018759
-0.018783
-0.018783
-0.018759
-0.018759
-0.018759
-0.018759
-0.018783
-0.018808
-0.018783
-0.018783
-0.018783
-0.018808
-0.018808
-0.018808
-0.018808
-0.018808
-0.018808
-0.018832
-0.018832
-0.018832
-0.018832
-0.018857
-0.018857
-0.018832
-0.018832
-0.018832
-0.018857
-0.018857
-0.018832
-0.018832
-0.018832
-0.018857
-0.018857
-0.018857
-0.018832
-0.018857
-0.018857
-0.018857
-0.018857
-0.018857
-0.018857
-0.018857
-0.018857
-0.018832
-0.01866
-0.018734
-0.018709
-0.018685
-0.018783
-0.018931
-0.019079
-0.019177
-0.019177
-0.019128
-0.019054
-0.018955
-0.018882
-0.018882
-0.018857
-0.018832
-0.018808
-0.018783
-0.018783
-0.018808
-0.018808
-0.018783
-0.018759
-0.018783
-0.018783
-0.018783
-0.018759
-0.018759
-0.018759
-0.018759
-0.018759
-0.018759
-0.018734
-0.018734
-0.018734
-0.018734
-0.018709
-0.018685
-0.018685
-0.018685
-0.018635
-0.018635
-0.018635
-0.018611
-0.018586
-0.018586
-0.018586
-0.018586
-0.018562
-0.018537
-0.018537
-0.018562
-0.018562
-0.018537
-0.018537
-0.018537
-0.018562
-0.018562
-0.018562
-0.018562
-0.018586
-0.018611
-0.018635
-0.018635
-0.01866
-0.018685
-0.018709
-0.018734
-0.018759
-0.018759
-0.018783
-0.018808
-0.018832
-0.018832
-0.018832
-0.018857
-0.018882
-0.018882
-0.018882
-0.018857
-0.018882
-0.018857
-0.018857
-0.018882
-0.018882
-0.018882
-0.018857
-0.018857
-0.018882
-0.018882
-0.018857
-0.018857
-0.018857
-0.018882
-0.018882
-0.018857
-0.018857
-0.018857
-0.018882
-0.018906
-0.018882
-0.018882
-0.018906
-0.018931
-0.018931
-0.018931
-0.018906
-0.018931
-0.018955
-0.018955
-0.018955
-0.018931
-0.018931
-0.018955
-0.018955
-0.018955
-0.018931
-0.018931
-0.018955
-0.018955
-0.018955
-0.018955
-0.018931
-0.018931
-0.018931
-0.018955
-0.01898
-0.018955
-0.018955
-0.018955
-0.01898
-0.01898
-0.01898
-0.01898
-0.01898
-0.019005
-0.019005
-0.019005
-0.01898
-0.019005
-0.019005
-0.019005
-0.019005
-0.01898
-0.01898
-0.019005
-0.019005
-0.01898
-0.01898
-0.01898
-0.01898
-0.019005
-0.01898
-0.018955
-0.01898
-0.019005
-0.019005
-0.019005
-0.01898
-0.01898
-0.01898
-0.01898
-0.019005
-0.019029
-0.019005
-0.01898
-0.019005
-0.019005
-0.019029
-0.019005
-0.019005
-0.019005
-0.019005
-0.019029
-0.019005
-0.019005
-0.019005
-0.019029
-0.019029
-0.019029
-0.019005
-0.019005
-0.019029
-0.019029
-0.019029
-0.019005
-0.019005
-0.019005
-0.019005
-0.019005
-0.01898
-0.019005
-0.019029
-0.019029
-0.019029
-0.019005
-0.019005
-0.019029
-0.019029
-0.019029
-0.019054
-0.019029
-0.019029
-0.019029
-0.019029
-0.019029
-0.019029
-0.019005
-0.019005
-0.019029
-0.019054
-0.019029
-0.019005
-0.019005
-0.019005
-0.018931
-0.018808
-0.018808
-0.018857
-0.018857
-0.018857
-0.01898
-0.019152
-0.0193
-0.019374
-0.019349
-0.019276
-0.019177
-0.019128
-0.019103
-0.019079
-0.019054
-0.019029
-0.019005
-0.019029
-0.019029
-0.019029
-0.019005
-0.019005
-0.019005
-0.01898
-0.01898
-0.01898
-0.01898
-0.018931
-0.018931
-0.018931
-0.018931
-0.018931
-0.018906
-0.018882
-0.018906
-0.018882
-0.018857
-0.018832
-0.018832
-0.018857
-0.018857
-0.018832
-0.018808
-0.018808
-0.018808
-0.018808
-0.018783
-0.018759
-0.018734
-0.018759
-0.018734
-0.018709
-0.018709
-0.018685
-0.018709
-0.018709
-0.018685
-0.018685
-0.018685
-0.018709
-0.018734
-0.018759
-0.018759
-0.018857
-0.018882
-0.018906
-0.018931
-0.018955
-0.01898
-0.01898
-0.01898
-0.019005
-0.019005
-0.019005
-0.019005
-0.019005
-0.019005
-0.019029
-0.019005
-0.019005
-0.019005
-0.019005
-0.019029
-0.019005
-0.019005
-0.019005
-0.019005
-0.019029
-0.019005
-0.019005
-0.019005
-0.019005
-0.019005
-0.019005
-0.019005
-0.01898
-0.019005
-0.019005
-0.019005
-0.01898
-0.019005
-0.019005
-0.019029
-0.019029
-0.019029
-0.019029
-0.019005
-0.019005
-0.019029
-0.019029
-0.019029
-0.019029
-0.019029
-0.019029
-0.019054
-0.019054
-0.019029
-0.019029
-0.019054
-0.019054
-0.019054
-0.019054
-0.019054
-0.019054
-0.019079
-0.019079
-0.019054
-0.019054
-0.019079
-0.019103
-0.019103
-0.019079
-0.019079
-0.019103
-0.019103
-0.019079
-0.019079
-0.019079
-0.019079
-0.019079
-0.019079
-0.019054
-0.019054
-0.019054
-0.019054
-0.019079
-0.019103
-0.019103
-0.019079
-0.019079
-0.019103
-0.019103
-0.019103
-0.019079
-0.019079
-0.019103
-0.019103
-0.019103
-0.019079
-0.019079
-0.019103
-0.019103
-0.019103
-0.019079
-0.019079
-0.019103
-0.019103
-0.019103
-0.019079
-0.019079
-0.019103
-0.019103
-0.019103
-0.019103
-0.019079
-0.019103
-0.019128
-0.019103
-0.019103
-0.019103
-0.019128
-0.019128
-0.019128
-0.019128
-0.019103
-0.019103
-0.019103
-0.019128
-0.019152
-0.019128
-0.019128
-0.019103
-0.019128
-0.019152
-0.019152
-0.019128
-0.019128
-0.019152
-0.019177
-0.019177
-0.019152
-0.019152
-0.019177
-0.019177
-0.019177
-0.019152
-0.019152
-0.019177
-0.019177
-0.019152
-0.019128
-0.019128
-0.019103
-0.019005
-0.018906
-0.018931
-0.018955
-0.018931
-0.019005
-0.019177
-0.019349
-0.019497
-0.019522
-0.019276
-0.019276
-0.019251
-0.019226
-0.019202
-0.019202
-0.019202
-0.019202
-0.019177
-0.019177
-0.019177
-0.019202
-0.019177
-0.019152
-0.019152
-0.019152
-0.019152
-0.019152
-0.019152
-0.019128
-0.019152
-0.019152
-0.019128
-0.019128
-0.019103
-0.019128
-0.019128
-0.019103
-0.019079
-0.019079
-0.019079
-0.019079
-0.019079
-0.019054
-0.019054
-0.019054
-0.019054
-0.019054
-0.019005
-0.019005
-0.018955
-0.018955
-0.01898
-0.01898
-0.01898
-0.018955
-0.01898
-0.01898
-0.019005
-0.019029
-0.019029
-0.019054
-0.019079
-0.019128
-0.019152
-0.019152
-0.019177
-0.019202
-0.019226
-0.019226
-0.019226
-0.019251
-0.019251
-0.019276
-0.019276
-0.019276
-0.019276
-0.0193
-0.019325
-0.0193
-0.0193
-0.0193
-0.0193
-0.019325
-0.019325
-0.0193
-0.0193
-0.0193
-0.0193
-0.0193
-0.019276
-0.019276
-0.019251
-0.019251
-0.019276
-0.019276
-0.019276
-0.019276
-0.019276
-0.0193
-0.019325
-0.019325
-0.0193
-0.0193
-0.0193
-0.019325
-0.019325
-0.0193
-0.0193
-0.019325
-0.019349
-0.019349
-0.019325
-0.019325
-0.019325
-0.019349
-0.019349
-0.019325
-0.019325
-0.019325
-0.019349
-0.019325
-0.019325
-0.0193
-0.019325
-0.019325
-0.019325
-0.019325
-0.0193
-0.019325
-0.019325
-0.019325
-0.019349
-0.019349
-0.019325
-0.019349
-0.019349
-0.019374
-0.019374
-0.019349
-0.019349
-0.019349
-0.019349
-0.019349
-0.019325
-0.019325
-0.019325
-0.019325
-0.019325
-0.0193
-0.0193
-0.019325
-0.019325
-0.019325
-0.0193
-0.0193
-0.019325
-0.019349
-0.019349
-0.019349
-0.019349
-0.019349
-0.019374
-0.019399
-0.019374
-0.019374
-0.019374
-0.019399
-0.019399
-0.019399
-0.019399
-0.019374
-0.019374
-0.019374
-0.019399
-0.019374
-0.019374
-0.019349
-0.019374
-0.019399
-0.019399
-0.019349
-0.019349
-0.019349
-0.019349
-0.019349
-0.019349
-0.019349
-0.019349
-0.019374
-0.019374
-0.019349
-0.019349
-0.019349
-0.019374
-0.019374
-0.019349
-0.019349
-0.019374
-0.019374
-0.019374
-0.019374
-0.019349
-0.019374
-0.019374
-0.019374
-0.019349
-0.019349
-0.019349
-0.019374
-0.019202
-0.019103
-0.019103
-0.019128
-0.019079
-0.019079
-0.019251
-0.019448
-0.019596
-0.019645
-0.01962
-0.019571
-0.019497
-0.019423
-0.019374
-0.019374
-0.019374
-0.019349
-0.019325
-0.0193
-0.0193
-0.019325
-0.019325
-0.0193
-0.019276
-0.0193
-0.0193
-0.0193
-0.0193
-0.019276
-0.019276
-0.0193
-0.0193
-0.019276
-0.019276
-0.019276
-0.019276
-0.019276
-0.019251
-0.019226
-0.019202
-0.019177
-0.019177
-0.019177
-0.019152
-0.019128
-0.019103
-0.019079
-0.019103
-0.019079
-0.019054
-0.019029
-0.019029
-0.019054
-0.019029
-0.019029
-0.019005
-0.019005
-0.019029
-0.019029
-0.019005
-0.019005
-0.019029
-0.019054
-0.019079
-0.019079
-0.019103
-0.019128
-0.019152
-0.019177
-0.019177
-0.019202
-0.019202
-0.019226
-0.019251
-0.019251
-0.019251
-0.019251
-0.019276
-0.019276
-0.019276
-0.019276
-0.019251
-0.019251
-0.019251
-0.019276
-0.019276
-0.019251
-0.019251
-0.019251
-0.019276
-0.019276
-0.019251
-0.019226
-0.019226
-0.019251
-0.019251
-0.019226
-0.019226
-0.019226
-0.019251
-0.019251
-0.019251
-0.019226
-0.019251
-0.019276
-0.019276
-0.019276
-0.019251
-0.019251
-0.019276
-0.019276
-0.019276
-0.019251
-0.019276
-0.019276
-0.0193
-0.019276
-0.019276
-0.019276
-0.019276
-0.019276
-0.019276
-0.019276
-0.019251
-0.019251
-0.019251
-0.019276
-0.019276
-0.019251
-0.019251
-0.019251
-0.019276
-0.019276
-0.019276
-0.019251
-0.019276
-0.019276
-0.019276
-0.019276
-0.019251
-0.019276
-0.019276
-0.0193
-0.019276
-0.019251
-0.019276
-0.019276
-0.019276
-0.019276
-0.019251
-0.019251
-0.019276
-0.019276
-0.019251
-0.019226
-0.019251
-0.019251
-0.019251
-0.019251
-0.019251
-0.019251
-0.019226
-0.019226
-0.019251
-0.019251
-0.019251
-0.019251
-0.019251
-0.019251
-0.019251
-0.019251
-0.019226
-0.019251
-0.019251
-0.019276
-0.019251
-0.019251
-0.019251
-0.019251
-0.019251
-0.019251
-0.019226
-0.019226
-0.019226
-0.019226
-0.019226
-0.019226
-0.019226
-0.019251
-0.019251
-0.019251
-0.019226
-0.019226
-0.019251
-0.019251
-0.019226
-0.019226
-0.019226
-0.019251
-0.019226
-0.019251
-0.019251
-0.019226
-0.019226
-0.019251
-0.019251
-0.019251
-0.019202
-0.019177
-0.019152
-0.019029
-0.018955
-0.018955
-0.01898
-0.018931
-0.019005
-0.019202
-0.019374
-0.019497
-0.019522
-0.019522
-0.019448
-0.019374
-0.0193
-0.019276
-0.019276
-0.019251
-0.019226
-0.019177
-0.019177
-0.019177
-0.019177
-0.019177
-0.019152
-0.019128
-0.019152
-0.019152
-0.019128
-0.019103
-0.019103
-0.019079
-0.019103
-0.019103
-0.019103
-0.019079
-0.019054
-0.019054
-0.019054
-0.019029
-0.019005
-0.01898
-0.01898
-0.01898
-0.01898
-0.018955
-0.018931
-0.018931
-0.018931
-0.018906
-0.018882
-0.018882
-0.018857
-0.018882
-0.018857
-0.018857
-0.018832
-0.018832
-0.018832
-0.018857
-0.018832
-0.018832
-0.018857
-0.018882
-0.018906
-0.018906
-0.018906
-0.018955
-0.01898
-0.019005
-0.019079
-0.019079
-0.019079
-0.019079
-0.019103
-0.019103
-0.019128
-0.019103
-0.019103
-0.019103
-0.019103
-0.019128
-0.019103
-0.019079
-0.019079
-0.019103
-0.019103
-0.019079
-0.019054
-0.019079
-0.019079
-0.019079
-0.019079
-0.019054
-0.019054
-0.019079
-0.019079
-0.019054
-0.019054
-0.019054
-0.019079
-0.019079
-0.019079
-0.019054
-0.019054
-0.019079
-0.019079
-0.019079
-0.019054
-0.019054
-0.019054
-0.019079
-0.019079
-0.019103
-0.019079
-0.019079
-0.019079
-0.019103
-0.019103
-0.019103
-0.019079
-0.019079
-0.019103
-0.019103
-0.019079
-0.019079
-0.019079
-0.019079
-0.019103
-0.019079
-0.019079
-0.019079
-0.019079
-0.019079
-0.019079
-0.019054
-0.019054
-0.019079
-0.019079
-0.019079
-0.019054
-0.019054
-0.019079
-0.019079
-0.019079
-0.019054
-0.019054
-0.019079
-0.019079
-0.019054
-0.019079
-0.019054
-0.019029
-0.019029
-0.019054
-0.019054
-0.019054
-0.019054
-0.019029
-0.019054
-0.019054
-0.019054
-0.019054
-0.019054
-0.019054
-0.019079
-0.019054
-0.019054
-0.019054
-0.019054
-0.019079
-0.019079
-0.019054
-0.019054
-0.019054
-0.019054
-0.019054
-0.019029
-0.019054
-0.019054
-0.019054
-0.019029
-0.019029
-0.019005
-0.019029
-0.019054
-0.019054
-0.019029
-0.019029
-0.019054
-0.019029
-0.019029
-0.019029
-0.019029
-0.019029
-0.019029
-0.019029
-0.019054
-0.019029
-0.019029
-0.019029
-0.019029
-0.019054
-0.019029
-0.019005
-0.019005
-0.019005
-0.01898
-0.018955
-0.018808
-0.018685
-0.018709
-0.018759
-0.018709
-0.018734
-0.018906
-0.019128
-0.019276
-0.0193
-0.019251
-0.019177
-0.019128
-0.019079
-0.019029
-0.019005
-0.01898
-0.01898
-0.01898
-0.018955
-0.018931
-0.018931
-0.018906
-0.018882
-0.018906
-0.018906
-0.018882
-0.018882
-0.018857
-0.018882
-0.018882
-0.018857
-0.018832
-0.018832
-0.018857
-0.018857
-0.018832
-0.018808
-0.018808
-0.018808
-0.018808
-0.018783
-0.018759
-0.018734
-0.018734
-0.018734
-0.018709
-0.018685
-0.018685
-0.018685
-0.018685
-0.01866
-0.018635
-0.018635
-0.018635
-0.018635
-0.018635
-0.018611
-0.018611
-0.018635
-0.018635
-0.018685
-0.018709
-0.018734
-0.018734
-0.018759
-0.018783
-0.018808
-0.018832
-0.018832
-0.018832
-0.018857
-0.018882
-0.018882
-0.018857
-0.018882
-0.018906
-0.018906
-0.018906
-0.018882
-0.018882
-0.018906
-0.018906
-0.018906
-0.018882
-0.018882
-0.018906
-0.018906
-0.018906
-0.018882
-0.018882
-0.018882
-0.018882
-0.018882
-0.018857
-0.018857
-0.018857
-0.018857
-0.018857
-0.018832
-0.018857
-0.018857
-0.018857
-0.018882
-0.018882
-0.018882
-0.018882
-0.018882
-0.018906
-0.018906
-0.018882
-0.018882
-0.018882
-0.018882
-0.018906
-0.018906
-0.018882
-0.018882
-0.018882
-0.018906
-0.018906
-0.018882
-0.018882
-0.018882
-0.018906
-0.018882
-0.018882
-0.018857
-0.018882
-0.018882
-0.018882
-0.018857
-0.018857
-0.018857
-0.018882
-0.018882
-0.018857
-0.018857
-0.018857
-0.018882
-0.018882
-0.018882
-0.018857
-0.018857
-0.018857
-0.018857
-0.018882
-0.018882
-0.018857
-0.018857
-0.018857
-0.018882
-0.018857
-0.018857
-0.018832
-0.018857
-0.018857
-0.018857
-0.018832
-0.018832
-0.018857
-0.018882
-0.018857
-0.018857
-0.018857
-0.018857
-0.018882
-0.018882
-0.018857
-0.018857
-0.018882
-0.018882
-0.018882
-0.018857
-0.018857
-0.018857
-0.018882
-0.018857
-0.018857
-0.018832
-0.018832
-0.018832
-0.018857
-0.018857
-0.018857
-0.018832
-0.018832
-0.018832
-0.018857
-0.018857
-0.018832
-0.018832
-0.018857
-0.018857
-0.018857
-0.018832
-0.018832
-0.018857
-0.018857
-0.018857
-0.018832
-0.018808
-0.018832
-0.018832
-0.018832
-0.018808
-0.018783
-0.018759
-0.018635
-0.018537
-0.018562
-0.018586
-0.018562
-0.018635
-0.018832
-0.019005
-0.019128
-0.019152
-0.019103
-0.019029
-0.018955
-0.018832
-0.018808
-0.018783
-0.018783
-0.018808
-0.018783
-0.018783
-0.018783
-0.018783
-0.018783
-0.018783
-0.018783
-0.018759
-0.018759
-0.018783
-0.018759
-0.018734
-0.018734
-0.018734
-0.018734
-0.018709
-0.018685
-0.01866
-0.018685
-0.018685
-0.01866
-0.018635
-0.018611
-0.018611
-0.018611
-0.018611
-0.018586
-0.018562
-0.018562
-0.018562
-0.018562
-0.018537
-0.018512
-0.018537
-0.018537
-0.018512
-0.018488
-0.018488
-0.018488
-0.018512
-0.018537
-0.018537
-0.018537
-0.018562
-0.018586
-0.018611
-0.018635
-0.018635
-0.018635
-0.01866
-0.018709
-0.018709
-0.018709
-0.018709
-0.018709
-0.018734
-0.018734
-0.018734
-0.018709
-0.018734
-0.018759
-0.018734
-0.018734
-0.018734
-0.018734
-0.018759
-0.018759
-0.018734
-0.018734
-0.018734
-0.018759
-0.018734
-0.018709
-0.018709
-0.018709
-0.018685
-0.018709
-0.018734
-0.018709
-0.018709
-0.018685
-0.018709
-0.018734
-0.018734
-0.018709
-0.018709
-0.018709
-0.018734
-0.018734
-0.018709
-0.018709
-0.018734
-0.018734
-0.018734
-0.018734
-0.018734
-0.018734
-0.018759
-0.018734
-0.018709
-0.018709
-0.018734
-0.018734
-0.018734
-0.018709
-0.018709
-0.018709
-0.018734
-0.018734
-0.018709
-0.018709
-0.018709
-0.018734
-0.018734
-0.018709
-0.018734
-0.018734
-0.018709
-0.018734
-0.018734
-0.018734
-0.018709
-0.018709
-0.018709
-0.018734
-0.018734
-0.018709
-0.018709
-0.018709
-0.018734
-0.018709
-0.018709
-0.018685
-0.018709
-0.018709
-0.018709
-0.018709
-0.018685
-0.018709
-0.018709
-0.018709
-0.018685
-0.018685
-0.018709
-0.018734
-0.018734
-0.018709
-0.018709
-0.018734
-0.018734
-0.018734
-0.018734
-0.018709
-0.018734
-0.018734
-0.018734
-0.018734
-0.018709
-0.018709
-0.018685
-0.018709
-0.018734
-0.018734
-0.018709
-0.018709
-0.018709
-0.018709
-0.018709
-0.018709
-0.018685
-0.018685
-0.018709
-0.018709
-0.018685
-0.018685
-0.018709
-0.018709
-0.018709
-0.018709
-0.018685
-0.018709
-0.018734
-0.018709
-0.018709
-0.018685
-0.018685
-0.01866
-0.018512
-0.018414
-0.018439
-0.018488
-0.018439
-0.018512
-0.018709
-0.018882
-0.018882
-0.018808
-0.018759
-0.018734
-0.018734
-0.018685
-0.01866
-0.01866
-0.01866
-0.01866
-0.01866
-0.01866
-0.01866
-0.01866
-0.01866
-0.018635
-0.018635
-0.018635
-0.018635
-0.018635
-0.018611
-0.018586
-0.018586
-0.018611
-0.018611
-0.018586
-0.018562
-0.018562
-0.018586
-0.018562
-0.018537
-0.018537
-0.018537
-0.018537
-0.018537
-0.018512
-0.018488
-0.018488
-0.018488
-0.018488
-0.018439
-0.018414
-0.018389
-0.018389
-0.018389
-0.018414
-0.018389
-0.018389
-0.018389
-0.018389
-0.018439
-0.018439
-0.018439
-0.018439
-0.018488
-0.018512
-0.018537
-0.018537
-0.018537
-0.018562
-0.018586
-0.018611
-0.018611
-0.018611
-0.018611
-0.018635
-0.01866
-0.018635
-0.018635
-0.01866
-0.018685
-0.018685
-0.01866
-0.01866
-0.01866
-0.018685
-0.018685
-0.018685
-0.01866
-0.01866
-0.01866
-0.01866
-0.018685
-0.018685
-0.01866
-0.018635
-0.01866
-0.01866
-0.01866
-0.01866
-0.01866
-0.01866
-0.018685
-0.018685
-0.018685
-0.018685
-0.018685
-0.018709
-0.018685
-0.018685
-0.01866
-0.018685
-0.018685
-0.018685
-0.018685
-0.01866
-0.018685
-0.018685
-0.018685
-0.01866
-0.018635
-0.01866
-0.01866
-0.01866
-0.018635
-0.018635
-0.018635
-0.01866
-0.01866
-0.018635
-0.018685
-0.01866
-0.01866
-0.018685
-0.018685
-0.018685
-0.018685
-0.018685
-0.018685
-0.018685
-0.018685
-0.018685
-0.01866
-0.018685
-0.018685
-0.018685
-0.018685
-0.01866
-0.01866
-0.018685
-0.018685
-0.01866
-0.01866
-0.01866
-0.018685
-0.018685
-0.01866
-0.018635
-0.01866
-0.01866
-0.01866
-0.01866
-0.018635
-0.01866
-0.01866
-0.01866
-0.01866
-0.01866
-0.01866
-0.018685
-0.01866
-0.018685
-0.018685
-0.01866
-0.01866
-0.01866
-0.01866
-0.01866
-0.018635
-0.018611
-0.018611
-0.018635
-0.018635
-0.018635
-0.018611
-0.018611
-0.018635
-0.018635
-0.018611
-0.018611
-0.018611
-0.018635
-0.018635
-0.018635
-0.018611
-0.018635
-0.018635
-0.018635
-0.018635
-0.018611
-0.018611
-0.018635
-0.018635
-0.018611
-0.018586
-0.018586
-0.018586
-0.018586
-0.018488
-0.01834
-0.018315
-0.018439
-0.018635
-0.018832
-0.018931
-0.018931
-0.018882
-0.018808
-0.018759
-0.018709
-0.018685
-0.01866
-0.018635
-0.018635
-0.018611
-0.018586
-0.018586
-0.018562
-0.018586
-0.018562
-0.018537
-0.018512
-0.018512
-0.018512
-0.018512
-0.018488
-0.018463
-0.018463
-0.018488
-0.018488
-0.018463
-0.018439
-0.018439
-0.018463
-0.018463
-0.018439
-0.018414
-0.018414
-0.018439
-0.018414
-0.018389
-0.018365
-0.01834
-0.018315
-0.018315
-0.018315
-0.018291
-0.018266
-0.018242
-0.018242
-0.018242
-0.018266
-0.018242
-0.018217
-0.018217
-0.018242
-0.018266
-0.018266
-0.018266
-0.018291
-0.018315
-0.01834
-0.018365
-0.018389
-0.018414
-0.018439
-0.018463
-0.018463
-0.018463
-0.018463
-0.018488
-0.018512
-0.018512
-0.018488
-0.018488
-0.018512
-0.018537
-0.018512
-0.018512
-0.018512
-0.018512
-0.018512
-0.018512
-0.018537
-0.018512
-0.018488
-0.018488
-0.018512
-0.018488
-0.018488
-0.018463
-0.018463
-0.018463
-0.018463
-0.018463
-0.018439
-0.018463
-0.018463
-0.018488
-0.018463
-0.018463
-0.018463
-0.018488
-0.018488
-0.018488
-0.018463
-0.018488
-0.018488
-0.018488
-0.018488
-0.018488
-0.018488
-0.018488
-0.018512
-0.018488
-0.018488
-0.018488
-0.018488
-0.018488
-0.018488
-0.018488
-0.018488
-0.018463
-0.018463
-0.018488
-0.018488
-0.018463
-0.018463
-0.018463
-0.018488
-0.018488
-0.018488
-0.018463
-0.018463
-0.018488
-0.018488
-0.018463
-0.018463
-0.018463
-0.018488
-0.018488
-0.018488
-0.018463
-0.018488
-0.018488
-0.018512
-0.018488
-0.018488
-0.018488
-0.018512
-0.018512
-0.018488
-0.018488
-0.018488
-0.018488
-0.018512
-0.018488
-0.018463
-0.018488
-0.018488
