2018
6
7
10
50
39.612
-0.054946
-0.054922
-0.054922
-0.054897
-0.054872
-0.054922
-0.054922
-0.054897
-0.054872
-0.054872
-0.054872
-0.054848
-0.054848
-0.054799
-0.054799
-0.054823
-0.054823
-0.054823
-0.054799
-0.054799
-0.054823
-0.054848
-0.054823
-0.054774
-0.054749
-0.054774
-0.054774
-0.054749
-0.054725
-0.054725
-0.054749
-0.054725
-0.054725
-0.054725
-0.054725
-0.054725
-0.054749
-0.0547
-0.054676
-0.0547
-0.054626
-0.054602
-0.054602
-0.054626
-0.054626
-0.054626
-0.054626
-0.054651
-0.054676
-0.054651
-0.054626
-0.054602
-0.054577
-0.054552
-0.054503
-0.054479
-0.054479
-0.054479
-0.054479
-0.054454
-0.054429
-0.054429
-0.054429
-0.054429
-0.054405
-0.05438
-0.054355
-0.054355
-0.05438
-0.05438
-0.054355
-0.054355
-0.054331
-0.054331
-0.054355
-0.054331
-0.054306
-0.054306
-0.054331
-0.054331
-0.054282
-0.054282
-0.054282
-0.054282
-0.054331
-0.054331
-0.054306
-0.054306
-0.054282
-0.054282
-0.054257
-0.054232
-0.054232
-0.054232
-0.054208
-0.054183
-0.054159
-0.054183
-0.054208
-0.054183
-0.054159
-0.054109
-0.054109
-0.054109
-0.054159
-0.054232
-0.054306
-0.054429
-0.054602
-0.054651
-0.054503
-0.05438
-0.054282
-0.054159
-0.05406
-0.054085
-0.054085
-0.054085
-0.054085
-0.054109
-0.054011
-0.054035
-0.054035
-0.054011
-0.054011
-0.053986
-0.053962
-0.053937
-0.053888
-0.053888
-0.053912
-0.053912
-0.053888
-0.053863
-0.053863
-0.053888
-0.053863
-0.053814
-0.053765
-0.053765
-0.053814
-0.053839
-0.053814
-0.053814
-0.053814
-0.053814
-0.053814
-0.053789
-0.053765
-0.053765
-0.053765
-0.05374
-0.053715
-0.053691
-0.053715
-0.053715
-0.053691
-0.053691
-0.053666
-0.053666
-0.053642
-0.053617
-0.053617
-0.053617
-0.053568
-0.053543
-0.053543
-0.053568
-0.053568
-0.053568
-0.053543
-0.053543
-0.053518
-0.053518
-0.053518
-0.053494
-0.053494
-0.053494
-0.053494
-0.053494
-0.053469
-0.053494
-0.053469
-0.053445
-0.05342
-0.05342
-0.053395
-0.053395
-0.053395
-0.053395
-0.053371
-0.053346
-0.053346
-0.053346
-0.053322
-0.053297
-0.053297
-0.053297
-0.053297
-0.053272
-0.053248
-0.053223
-0.053248
-0.053248
-0.053248
-0.053223
-0.053198
-0.053149
-0.053174
-0.053198
-0.053174
-0.053174
-0.053174
-0.053149
-0.053125
-0.053125
-0.0531
-0.0531
-0.053125
-0.0531
-0.053051
-0.053002
-0.052952
-0.052952
-0.052952
-0.052952
-0.052952
-0.052977
-0.053026
-0.053026
-0.053002
-0.052977
-0.052977
-0.052977
-0.052977
-0.052952
-0.052928
-0.052928
-0.052928
-0.052928
-0.052903
-0.052903
-0.052903
-0.052878
-0.052854
-0.052854
-0.052878
-0.052878
-0.052854
-0.052805
-0.052805
-0.052805
-0.05278
-0.052755
-0.052755
-0.05278
-0.052755
-0.052731
-0.052731
-0.052706
-0.052706
-0.052731
-0.052731
-0.052706
-0.052681
-0.052681
-0.052681
-0.052681
-0.052681
-0.052681
-0.052681
-0.052657
-0.052632
-0.052632
-0.052657
-0.052681
-0.052681
-0.052657
-0.052681
-0.052681
-0.052706
-0.052706
-0.052706
-0.052706
-0.052706
-0.052681
-0.052657
-0.052657
-0.052657
-0.052632
-0.052608
-0.052583
-0.052558
-0.052608
-0.052632
-0.052608
-0.052583
-0.052583
-0.052608
-0.052583
-0.052558
-0.052558
-0.052558
-0.052558
-0.052509
-0.05246
-0.05246
-0.05246
-0.052485
-0.052509
-0.052485
-0.052485
-0.052509
-0.052534
-0.052534
-0.052509
-0.052509
-0.052534
-0.052534
-0.052509
-0.052435
-0.052435
-0.052435
-0.052435
-0.052435
-0.052435
-0.052435
-0.052386
-0.052361
-0.052361
-0.052361
-0.052361
-0.052312
-0.052263
-0.052238
-0.052238
-0.052214
-0.052189
-0.052189
-0.052165
-0.052165
-0.05214
-0.052115
-0.052091
-0.05214
-0.052189
-0.052214
-0.052288
-0.052411
-0.052558
-0.052632
-0.052534
-0.052435
-0.052361
-0.052263
-0.052115
-0.052091
-0.052115
-0.052115
-0.052115
-0.052115
-0.052115
-0.052115
-0.052115
-0.052091
-0.052066
-0.052017
-0.052017
-0.052017
-0.052041
-0.052041
-0.052041
-0.052017
-0.051968
-0.051943
-0.051918
-0.051918
-0.051943
-0.051943
-0.051943
-0.051918
-0.051918
-0.051943
-0.051968
-0.051968
-0.051992
-0.052017
-0.052017
-0.051992
-0.051943
-0.051918
-0.051918
-0.051918
-0.051918
-0.051918
-0.051894
-0.051918
-0.051918
-0.051918
-0.051894
-0.051795
-0.051771
-0.051746
-0.051746
-0.051771
-0.051795
-0.051795
-0.051795
-0.051795
-0.051771
-0.051771
-0.051721
-0.051721
-0.051697
-0.051697
-0.051672
-0.051672
-0.051648
-0.051648
-0.051648
-0.051648
-0.051648
-0.051623
-0.051623
-0.051648
-0.051672
-0.051623
-0.051623
-0.051623
-0.051623
-0.051623
-0.051598
-0.051574
-0.051598
-0.051598
-0.051598
-0.051574
-0.051549
-0.0515
-0.0515
-0.051475
-0.0515
-0.051524
-0.051475
-0.051451
-0.051451
-0.051451
-0.051451
-0.051451
-0.051451
-0.051426
-0.051426
-0.051426
-0.051426
-0.051401
-0.051401
-0.051401
-0.051401
-0.051401
-0.051401
-0.051426
-0.051426
-0.051451
-0.051426
-0.051377
-0.051352
-0.051328
-0.051303
-0.051278
-0.051229
-0.051204
-0.051204
-0.051204
-0.05118
-0.051155
-0.051131
-0.051106
-0.051081
-0.051057
-0.051032
-0.051007
-0.051007
-0.050983
-0.050983
-0.050983
-0.050958
-0.050934
-0.050934
-0.050934
-0.050934
-0.050909
-0.050909
-0.050909
-0.050909
-0.050934
-0.050958
-0.050934
-0.050958
-0.050958
-0.050958
-0.050983
-0.050983
-0.050958
-0.050958
-0.051007
-0.051007
-0.050983
-0.050983
-0.051007
-0.051007
-0.050983
-0.051007
-0.051032
-0.051032
-0.051007
-0.051007
-0.051032
-0.051032
-0.051032
-0.051032
-0.051007
-0.050983
-0.050983
-0.050983
-0.051007
-0.050983
-0.050958
-0.050934
-0.050934
-0.050909
-0.050934
-0.050934
-0.050934
-0.050958
-0.050983
-0.050983
-0.050983
-0.050958
-0.050958
-0.050934
-0.050934
-0.050909
-0.050884
-0.050884
-0.050884
-0.050884
-0.050884
-0.05086
-0.050884
-0.050909
-0.050909
-0.050909
-0.05086
-0.050835
-0.050835
-0.050835
-0.050835
-0.050811
-0.050811
-0.050786
-0.050761
-0.050786
-0.050835
-0.050835
-0.050835
-0.050835
-0.050811
-0.050786
-0.050761
-0.050737
-0.050712
-0.050712
-0.050712
-0.050761
-0.050811
-0.050884
-0.051007
-0.05118
-0.051303
-0.051278
-0.051131
-0.051007
-0.050934
-0.050786
-0.050712
-0.050761
-0.050786
-0.050761
-0.050761
-0.050737
-0.050712
-0.050712
-0.050712
-0.050712
-0.050712
-0.050712
-0.050737
-0.050712
-0.050687
-0.050663
-0.050663
-0.050638
-0.050638
-0.050663
-0.050638
-0.050614
-0.050614
-0.050614
-0.050614
-0.050589
-0.050564
-0.05054
-0.05054
-0.05054
-0.050564
-0.05054
-0.050564
-0.050564
-0.050589
-0.050614
-0.050589
-0.050564
-0.050564
-0.050589
-0.050589
-0.050589
-0.050564
-0.050589
-0.050614
-0.050614
-0.050614
-0.050614
-0.050614
-0.050638
-0.050638
-0.050638
-0.050663
-0.050687
-0.050687
-0.050687
-0.050663
-0.050638
-0.050589
-0.050564
-0.050589
-0.050589
-0.050564
-0.05054
-0.05054
-0.05054
-0.05054
-0.050515
-0.050491
-0.050466
-0.050491
-0.050466
-0.050466
-0.050441
-0.050441
-0.050441
-0.050441
-0.050417
-0.050392
-0.050367
-0.050392
-0.050392
-0.050343
-0.050343
-0.050318
-0.050318
-0.050318
-0.050318
-0.050294
-0.050244
-0.05022
-0.050244
-0.05022
-0.050195
-0.050195
-0.05022
-0.05017
-0.05017
-0.050195
-0.05017
-0.050146
-0.050121
-0.050121
-0.050121
-0.050121
-0.050121
-0.050121
-0.050121
-0.050121
-0.050097
-0.050072
-0.050072
-0.050072
-0.050072
-0.050072
-0.050047
-0.050023
-0.049998
-0.049998
-0.049998
-0.049974
-0.049974
-0.049974
-0.049974
-0.049949
-0.0499
-0.049875
-0.0499
-0.049924
-0.049924
-0.049924
-0.0499
-0.0499
-0.049924
-0.049949
-0.049974
-0.049949
-0.049924
-0.0499
-0.0499
-0.0499
-0.049875
-0.04985
-0.049826
-0.049826
-0.049826
-0.049801
-0.049801
-0.049826
-0.049875
-0.049924
-0.049949
-0.049949
-0.049949
-0.049949
-0.049949
-0.049949
-0.049924
-0.0499
-0.0499
-0.049875
-0.04985
-0.049826
-0.04985
-0.04985
-0.049826
-0.049801
-0.049777
-0.049777
-0.049801
-0.049801
-0.049826
-0.049801
-0.049801
-0.049801
-0.049826
-0.049727
-0.049752
-0.049752
-0.049752
-0.049727
-0.049727
-0.049727
-0.049703
-0.049703
-0.049703
-0.049678
-0.049678
-0.049678
-0.049703
-0.049678
-0.049678
-0.049678
-0.049678
-0.049654
-0.049629
-0.049604
-0.049604
-0.049604
-0.049604
-0.049604
-0.049604
-0.04958
-0.04958
-0.04958
-0.04958
-0.049555
-0.049555
-0.04953
-0.04953
-0.049506
-0.049506
-0.049506
-0.04953
-0.04953
-0.049506
-0.049506
-0.049604
-0.049752
-0.0499
-0.049974
-0.049875
-0.049752
-0.049678
-0.04958
-0.049481
-0.049457
-0.049457
-0.049457
-0.049457
-0.049432
-0.049407
-0.049407
-0.049407
-0.049432
-0.049432
-0.049432
-0.049432
-0.049457
-0.049432
-0.049432
-0.049407
-0.049383
-0.049383
-0.049407
-0.049407
-0.049407
-0.049383
-0.049383
-0.049407
-0.049407
-0.049407
-0.049407
-0.049383
-0.049383
-0.049358
-0.049358
-0.049358
-0.049334
-0.049334
-0.049309
-0.049334
-0.049358
-0.049334
-0.049309
-0.049309
-0.049284
-0.049284
-0.049284
-0.049235
-0.04921
-0.049235
-0.04926
-0.04926
-0.049235
-0.04921
-0.04921
-0.04921
-0.049186
-0.049186
-0.049186
-0.049186
-0.049186
-0.049186
-0.049186
-0.049161
-0.049161
-0.049161
-0.049137
-0.049112
-0.049112
-0.049112
-0.049112
-0.049112
-0.049087
-0.049112
-0.049063
-0.049063
-0.049087
-0.049087
-0.049087
-0.049063
-0.049038
-0.049063
-0.049063
-0.049063
-0.049013
-0.048989
-0.049013
-0.049013
-0.049013
-0.048964
-0.048964
-0.048964
-0.04894
-0.048915
-0.04889
-0.048841
-0.048841
-0.048841
-0.048841
-0.048841
-0.048817
-0.048792
-0.048767
-0.048743
-0.048718
-0.048693
-0.048669
-0.048644
-0.048644
-0.048644
-0.048644
-0.04862
-0.04862
-0.04862
-0.048644
-0.04862
-0.048595
-0.048595
-0.04862
-0.04862
-0.04862
-0.048595
-0.048595
-0.048595
-0.048595
-0.04862
-0.04862
-0.04862
-0.04862
-0.04862
-0.04862
-0.048595
-0.04857
-0.04857
-0.048595
-0.048595
-0.048595
-0.04857
-0.04857
-0.048546
-0.048521
-0.048472
-0.048472
-0.048472
-0.048472
-0.048472
-0.048447
-0.048447
-0.048447
-0.048447
-0.048398
-0.048398
-0.048398
-0.048373
-0.048349
-0.048349
-0.048349
-0.048324
-0.0483
-0.048324
-0.0483
-0.048275
-0.048275
-0.04825
-0.048275
-0.048275
-0.048275
-0.04825
-0.048226
-0.048226
-0.048226
-0.048226
-0.048201
-0.048226
-0.048201
-0.048201
-0.048176
-0.048176
-0.048176
-0.048201
-0.048201
-0.048176
-0.048152
-0.048127
-0.048152
-0.048176
-0.048201
-0.048201
-0.048201
-0.048201
-0.048201
-0.048226
-0.048226
-0.048226
-0.048176
-0.048152
-0.048152
-0.048176
-0.048176
-0.048176
-0.048176
-0.048176
-0.048176
-0.048152
-0.048152
-0.048127
-0.048127
-0.048152
-0.048127
-0.048103
-0.048103
-0.048103
-0.048078
-0.048078
-0.048078
-0.048078
-0.048078
-0.048078
-0.048053
-0.048029
-0.048004
-0.048053
-0.048127
-0.048275
-0.048423
-0.048546
-0.048497
-0.048373
-0.0483
-0.04825
-0.048078
-0.048004
-0.048004
-0.048029
-0.048029
-0.048029
-0.048053
-0.048053
-0.048053
-0.048078
-0.048103
-0.048078
-0.048029
-0.04798
-0.04798
-0.04798
-0.047955
-0.04793
-0.04793
-0.047955
-0.04793
-0.047906
-0.047906
-0.047906
-0.047906
-0.047906
-0.047906
-0.047881
-0.047881
-0.047881
-0.047881
-0.047881
-0.047881
-0.047906
-0.047881
-0.047881
-0.047856
-0.047856
-0.047856
-0.047856
-0.047856
-0.047856
-0.047856
-0.047832
-0.047807
-0.047832
-0.047856
-0.047856
-0.047832
-0.047807
-0.047783
-0.047807
-0.047832
-0.047832
-0.047832
-0.047807
-0.047832
-0.047832
-0.047807
-0.047758
-0.047758
-0.047758
-0.047758
-0.047758
-0.047733
-0.047709
-0.047733
-0.047733
-0.047733
-0.047733
-0.047733
-0.047709
-0.047684
-0.047635
-0.047586
-0.047561
-0.047561
-0.047561
-0.047512
-0.047487
-0.047463
-0.047438
-0.047438
-0.047438
-0.047463
-0.047463
-0.047438
-0.047438
-0.047438
-0.047438
-0.047463
-0.047438
-0.047438
-0.047413
-0.047364
-0.047339
-0.047315
-0.04729
-0.047315
-0.047315
-0.047315
-0.047315
-0.047315
-0.047315
-0.047315
-0.047339
-0.047364
-0.047364
-0.047364
-0.047339
-0.047339
-0.047339
-0.047339
-0.047339
-0.047315
-0.047266
-0.047241
-0.047241
-0.047266
-0.04729
-0.04729
-0.04729
-0.04729
-0.04729
-0.04729
-0.04729
-0.04729
-0.04729
-0.047339
-0.047438
-0.047586
-0.047733
-0.047758
-0.04761
-0.047512
-0.047413
-0.047266
-0.047167
-0.047167
-0.047192
-0.047216
-0.047241
-0.047216
-0.047216
-0.047216
-0.047216
-0.047241
-0.047241
-0.047266
-0.047266
-0.047266
-0.047216
-0.047192
-0.047216
-0.047216
-0.047241
-0.047216
-0.047216
-0.047216
-0.047241
-0.047241
-0.047241
-0.047216
-0.047192
-0.047167
-0.047143
-0.047143
-0.047118
-0.047118
-0.047118
-0.047118
-0.047118
-0.047093
-0.047069
-0.047019
-0.046995
-0.046995
-0.04697
-0.04697
-0.04697
-0.04697
-0.046995
-0.047019
-0.047044
-0.047069
-0.047044
-0.047044
-0.046995
-0.046995
-0.046995
-0.046995
-0.046995
-0.047019
-0.046995
-0.04697
-0.04697
-0.04697
-0.04697
-0.046995
-0.046995
-0.04697
-0.046995
-0.046995
-0.046995
-0.04697
-0.046946
-0.046921
-0.046921
-0.046896
-0.046872
-0.046823
-0.046823
-0.046823
-0.046823
-0.046798
-0.046773
-0.046773
-0.046773
-0.046798
-0.046798
-0.046773
-0.046749
-0.046749
-0.046749
-0.046749
-0.046749
-0.046749
-0.046749
-0.046749
-0.046699
-0.046675
-0.046675
-0.046675
-0.046675
-0.046675
-0.046675
-0.046675
-0.04665
-0.04665
-0.046626
-0.046601
-0.046576
-0.046576
-0.046601
-0.046626
-0.046626
-0.046601
-0.046576
-0.046576
-0.046576
-0.046576
-0.046552
-0.046552
-0.046527
-0.046552
-0.046576
-0.046576
-0.046576
-0.046576
-0.046576
-0.046552
-0.046527
-0.046478
-0.046478
-0.046502
-0.046478
-0.046478
-0.046429
-0.046404
-0.046404
-0.046379
-0.046379
-0.04633
-0.046306
-0.046306
-0.046281
-0.046256
-0.046207
-0.046207
-0.046182
-0.046182
-0.046133
-0.046109
-0.046059
-0.045961
-0.045936
-0.045936
-0.045912
-0.045887
-0.045838
-0.045813
-0.045789
-0.045764
-0.045715
-0.045641
-0.045592
-0.045542
-0.045518
-0.045469
-0.045419
-0.045419
-0.045395
-0.045345
-0.045296
-0.045272
-0.045247
-0.045222
-0.045222
-0.045173
-0.045149
-0.045099
-0.045075
-0.04505
-0.045025
-0.045001
-0.044952
-0.044902
-0.044878
-0.044828
-0.044779
-0.04473
-0.044705
-0.044705
-0.044681
-0.044582
-0.044533
-0.044508
-0.044508
-0.044484
-0.044484
-0.044435
-0.044385
-0.044361
-0.044361
-0.044361
-0.044336
-0.044287
-0.044238
-0.044213
-0.044164
-0.044115
-0.04409
-0.04409
-0.044065
-0.044065
-0.044016
-0.043992
-0.043942
-0.043893
-0.043844
-0.043795
-0.04377
-0.043795
-0.043795
-0.043795
-0.04377
-0.043721
-0.043696
-0.043671
-0.043671
-0.043647
-0.043647
-0.043696
-0.043795
-0.043868
-0.043745
-0.043647
-0.04345
-0.043327
-0.043327
-0.043351
-0.043351
-0.043327
-0.043302
-0.043278
-0.043253
-0.043253
-0.043228
-0.043204
-0.043204
-0.043204
-0.043179
-0.04313
-0.043056
-0.043031
-0.043007
-0.043007
-0.042982
-0.042982
-0.042982
-0.042982
-0.042958
-0.042933
-0.042933
-0.042933
-0.042933
-0.042908
-0.042884
-0.042859
-0.042859
-0.042859
-0.042859
-0.042834
-0.042785
-0.042761
-0.042761
-0.042761
-0.042761
-0.042736
-0.042711
-0.042711
-0.042711
-0.042711
-0.042687
-0.042662
-0.042662
-0.042662
-0.042662
-0.042638
-0.042588
-0.042588
-0.042564
-0.042539
-0.042514
-0.04249
-0.042441
-0.042416
-0.042391
-0.042367
-0.042342
-0.042318
-0.042293
-0.042293
-0.042268
-0.042244
-0.042219
-0.042219
-0.042219
-0.042219
-0.042194
-0.042145
-0.042121
-0.042121
-0.042121
-0.041973
-0.041924
-0.041899
-0.041874
-0.041874
-0.04185
-0.041825
-0.041776
-0.041751
-0.041727
-0.041677
-0.041677
-0.041653
-0.041653
-0.041628
-0.041579
-0.04153
-0.04153
-0.04153
-0.04153
-0.041505
-0.041481
-0.041456
-0.041407
-0.041407
-0.041382
-0.041357
-0.041333
-0.041308
-0.041333
-0.041308
-0.041284
-0.041259
-0.04121
-0.041185
-0.04116
-0.041111
-0.041087
-0.041062
-0.041037
-0.040964
-0.040964
-0.040939
-0.04089
-0.04084
-0.04084
-0.040816
-0.040816
-0.040816
-0.040791
-0.040767
-0.040767
-0.040742
-0.040717
-0.040693
-0.040693
-0.040668
-0.040644
-0.040644
-0.040594
-0.040594
-0.04057
-0.04057
-0.04052
-0.04052
-0.04052
-0.04052
-0.040471
-0.040447
-0.040422
-0.040373
-0.040348
-0.040373
-0.040373
-0.040373
-0.040397
-0.040397
-0.040348
-0.040299
-0.040274
-0.0402
-0.040176
-0.040151
-0.040151
-0.040127
-0.040102
-0.040102
-0.040077
-0.040077
-0.040053
-0.040053
-0.040028
-0.040028
-0.040028
-0.040028
-0.040028
-0.040003
-0.039979
-0.039954
-0.03993
-0.039905
-0.03988
-0.039856
-0.039856
-0.039856
-0.039856
-0.039807
-0.039782
-0.039733
-0.039733
-0.039708
-0.039708
-0.039708
-0.039659
-0.039634
-0.03961
-0.03961
-0.039634
-0.039708
-0.039831
-0.039757
-0.039683
-0.039536
-0.039388
-0.039388
-0.039413
-0.039437
-0.039437
-0.039413
-0.039363
-0.039339
-0.039314
-0.03929
-0.039265
-0.039265
-0.039265
-0.03924
-0.03924
-0.039216
-0.039216
-0.039216
-0.039191
-0.039166
-0.039142
-0.039142
-0.039117
-0.039093
-0.039068
-0.039068
-0.039043
-0.038994
-0.03897
-0.038945
-0.038896
-0.038896
-0.038896
-0.038896
-0.038871
-0.038871
-0.038871
-0.038871
-0.038846
-0.038846
-0.038822
-0.038797
-0.038773
-0.038773
-0.038748
-0.038699
-0.038674
-0.03865
-0.038625
-0.038625
-0.038625
-0.0386
-0.038576
-0.038551
-0.038551
-0.038551
-0.038526
-0.038477
-0.038453
-0.038453
-0.038453
-0.038428
-0.038403
-0.038379
-0.038379
-0.038379
-0.038354
-0.038329
-0.038329
-0.038305
-0.038305
-0.03828
-0.03828
-0.038256
-0.038256
-0.038256
-0.038256
-0.038182
-0.038157
-0.038133
-0.038133
-0.038133
-0.038108
-0.038059
-0.038034
-0.038009
-0.038009
-0.038009
-0.038009
-0.037985
-0.037985
-0.03796
-0.037911
-0.037886
-0.037886
-0.037886
-0.037886
-0.037886
-0.037886
-0.037886
-0.037886
-0.037862
-0.037813
-0.037739
-0.037714
-0.037714
-0.037714
-0.037689
-0.03764
-0.03764
-0.037616
-0.037591
-0.037566
-0.037542
-0.037542
-0.037542
-0.037542
-0.037443
-0.037443
-0.037419
-0.037394
-0.037369
-0.037369
-0.037369
-0.037369
-0.037345
-0.03732
-0.03732
-0.03732
-0.03732
-0.037296
-0.037246
-0.037222
-0.037197
-0.037148
-0.037123
-0.037099
-0.037123
-0.037123
-0.037099
-0.037099
-0.037074
-0.037074
-0.037049
-0.037025
-0.037
-0.036976
-0.036951
-0.036926
-0.036902
-0.036902
-0.036926
-0.036926
-0.036926
-0.036902
-0.036852
-0.036828
-0.036779
-0.036779
-0.036779
-0.036754
-0.036754
-0.036729
-0.036754
-0.036754
-0.036729
-0.036705
-0.036705
-0.036705
-0.036705
-0.036705
-0.03668
-0.036655
-0.036631
-0.036606
-0.036606
-0.036582
-0.036582
-0.036557
-0.036557
-0.036557
-0.036557
-0.036532
-0.036483
-0.036459
-0.036434
-0.036434
-0.036409
-0.036385
-0.03636
-0.03636
-0.036335
-0.036311
-0.036286
-0.036286
-0.036262
-0.036237
-0.036188
-0.036163
-0.036139
-0.036114
-0.036114
-0.036114
-0.036089
-0.036089
-0.036089
-0.036065
-0.03604
-0.036015
-0.035991
-0.035966
-0.035991
-0.035966
-0.035966
-0.035942
-0.035917
-0.035917
-0.035892
-0.035843
-0.035818
-0.035818
-0.035818
-0.035818
-0.035794
-0.035769
-0.035745
-0.03572
-0.035695
-0.035646
-0.035597
-0.035597
-0.035646
-0.035745
-0.035843
-0.035991
-0.036065
-0.035966
-0.035449
-0.035449
-0.035498
-0.035498
-0.035498
-0.035474
-0.035474
-0.035449
-0.035449
-0.035449
-0.035474
-0.035474
-0.035498
-0.035474
-0.035449
-0.035449
-0.035449
-0.035449
-0.035425
-0.035425
-0.035425
-0.0354
-0.035375
-0.035351
-0.035326
-0.035326
-0.035302
-0.035302
-0.035277
-0.035252
-0.035252
-0.035277
-0.035277
-0.035252
-0.035252
-0.035252
-0.035277
-0.035277
-0.035277
-0.035252
-0.035203
-0.035203
-0.035203
-0.035178
-0.035178
-0.035154
-0.035154
-0.035129
-0.035129
-0.035129
-0.035105
-0.035055
-0.035055
-0.035055
-0.035055
-0.03508
-0.035105
-0.03508
-0.035055
-0.035031
-0.034981
-0.034957
-0.034957
-0.034957
-0.034957
-0.034932
-0.034908
-0.034908
-0.034883
-0.034883
-0.034858
-0.034834
-0.034809
-0.034809
-0.034809
-0.034809
-0.034834
-0.034834
-0.034834
-0.034834
-0.03476
-0.03476
-0.034735
-0.034711
-0.034686
-0.034686
-0.034686
-0.034661
-0.034637
-0.034637
-0.034612
-0.034612
-0.034612
-0.034588
-0.034563
-0.034538
-0.034489
-0.034465
-0.034465
-0.034465
-0.034465
-0.034465
-0.034465
-0.034415
-0.034391
-0.034391
-0.034391
-0.034341
-0.034317
-0.034292
-0.034292
-0.034268
-0.034243
-0.034243
-0.034218
-0.034194
-0.034169
-0.034144
-0.03412
-0.03412
-0.034071
-0.034071
-0.034046
-0.033997
-0.033972
-0.033948
-0.033923
-0.033923
-0.033923
-0.033898
-0.033874
-0.033849
-0.033824
-0.033824
-0.033824
-0.033824
-0.0338
-0.033775
-0.033751
-0.033751
-0.033775
-0.033775
-0.033751
-0.033751
-0.033751
-0.033726
-0.033677
-0.033652
-0.033628
-0.033628
-0.033652
-0.033701
-0.0338
-0.033948
-0.034071
-0.034071
-0.033898
-0.0338
-0.033701
-0.033554
-0.033529
-0.033529
-0.033504
-0.033504
-0.033504
-0.03348
-0.033504
-0.033504
-0.033504
-0.03348
-0.03348
-0.033455
-0.033455
-0.033431
-0.033406
-0.033381
-0.033381
-0.033357
-0.033332
-0.033283
-0.033283
-0.033258
-0.033258
-0.033234
-0.033209
-0.033184
-0.03316
-0.03316
-0.033135
-0.033111
-0.033111
-0.033111
-0.033111
-0.033086
-0.033037
-0.033012
-0.032987
-0.033012
-0.032987
-0.032963
-0.032914
-0.032914
-0.032889
-0.032864
-0.032864
-0.032889
-0.032864
-0.03284
-0.03284
-0.032815
-0.032791
-0.032766
-0.032741
-0.032741
-0.032766
-0.032766
-0.032741
-0.032717
-0.032717
-0.032717
-0.032717
-0.032717
-0.032717
-0.032692
-0.032667
-0.032643
-0.032643
-0.032618
-0.032594
-0.032594
-0.032569
-0.032544
-0.032544
-0.032544
-0.03252
-0.032495
-0.032446
-0.032421
-0.032421
-0.032421
-0.032397
-0.032397
-0.032372
-0.032372
-0.032372
-0.032347
-0.032323
-0.032298
-0.032274
-0.032249
-0.032249
-0.032249
-0.032249
-0.032249
-0.032249
-0.032224
-0.032224
-0.0322
-0.03215
-0.032126
-0.032126
-0.032101
-0.032052
-0.032027
-0.032052
-0.032027
-0.032003
-0.031978
-0.031954
-0.031929
-0.031929
-0.031904
-0.03188
-0.03188
-0.031904
-0.031904
-0.031904
-0.03188
-0.03183
-0.031806
-0.031757
-0.031757
-0.031781
-0.031781
-0.031757
-0.031757
-0.031757
-0.031781
-0.031757
-0.031732
-0.031707
-0.031707
-0.031707
-0.031707
-0.031683
-0.031658
-0.031658
-0.031658
-0.031658
-0.031634
-0.031609
-0.031584
-0.03156
-0.03156
-0.03156
-0.03156
-0.031584
-0.031584
-0.031584
-0.03156
-0.03156
-0.031535
-0.031535
-0.031486
-0.031461
-0.031437
-0.031412
-0.031412
-0.031412
-0.031387
-0.031387
-0.031363
-0.031338
-0.031313
-0.031313
-0.031289
-0.03124
-0.03124
-0.03124
-0.03124
-0.03124
-0.031215
-0.03119
-0.031166
-0.031166
-0.031141
-0.031117
-0.031067
-0.031018
-0.030993
-0.031018
-0.030993
-0.030993
-0.030969
-0.030969
-0.030969
-0.030969
-0.030944
-0.030895
-0.03087
-0.03087
-0.030846
-0.030846
-0.030846
-0.03087
-0.03087
-0.030846
-0.030797
-0.030772
-0.030772
-0.030723
-0.030723
-0.030698
-0.030673
-0.030673
-0.030673
-0.030673
-0.030649
-0.030624
-0.030624
-0.030649
-0.030649
-0.030624
-0.0306
-0.030575
-0.030575
-0.030575
-0.03055
-0.030526
-0.030526
-0.030526
-0.030526
-0.030501
-0.030501
-0.030526
-0.030624
-0.030772
-0.030895
-0.030969
-0.030846
-0.030698
-0.0306
-0.030476
-0.030329
-0.030304
-0.030329
-0.030304
-0.030304
-0.03028
-0.030255
-0.030255
-0.030255
-0.030255
-0.03023
-0.030206
-0.030181
-0.030156
-0.030132
-0.030107
-0.030083
-0.030058
-0.030033
-0.030033
-0.030033
-0.030033
-0.030009
-0.030009
-0.030033
-0.030009
-0.02996
-0.029935
-0.02991
-0.029886
-0.02991
-0.02991
-0.029886
-0.029836
-0.029836
-0.029836
-0.029812
-0.029787
-0.029763
-0.029763
-0.029738
-0.029713
-0.029713
-0.029689
-0.029664
-0.029664
-0.029639
-0.02959
-0.02959
-0.029566
-0.029541
-0.029541
-0.029541
-0.029516
-0.029492
-0.029492
-0.029467
-0.029443
-0.029393
-0.029393
-0.029369
-0.029369
-0.029369
-0.029344
-0.029319
-0.02927
-0.02927
-0.02927
-0.029246
-0.029221
-0.029221
-0.029221
-0.029172
-0.029147
-0.029123
-0.029123
-0.029098
-0.029073
-0.029049
-0.029024
-0.028999
-0.028975
-0.02895
-0.028926
-0.028901
-0.028901
-0.028876
-0.028852
-0.028852
-0.028852
-0.028852
-0.028852
-0.028852
-0.028827
-0.028802
-0.028802
-0.028753
-0.028729
-0.028704
-0.028704
-0.028679
-0.028655
-0.02863
-0.02863
-0.028606
-0.028606
-0.02863
-0.028655
-0.02863
-0.02863
-0.028606
-0.028581
-0.028581
-0.028556
-0.028556
-0.028532
-0.028507
-0.028507
-0.028532
-0.028532
-0.028507
-0.028458
-0.028433
-0.028409
-0.028409
-0.028384
-0.028359
-0.028335
-0.02831
-0.02831
-0.028286
-0.028261
-0.028236
-0.028236
-0.028236
-0.028236
-0.028236
-0.028261
-0.028236
-0.028212
-0.028212
-0.028187
-0.028187
-0.028162
-0.028162
-0.028138
-0.028113
-0.028089
-0.028089
-0.028089
-0.028089
-0.028089
-0.028064
-0.028039
-0.02799
-0.027965
-0.027941
-0.027916
-0.027916
-0.027892
-0.027892
-0.027867
-0.027818
-0.027793
-0.027769
-0.027769
-0.027769
-0.027695
-0.027695
-0.02767
-0.02767
-0.027645
-0.027621
-0.027596
-0.027572
-0.027572
-0.027572
-0.027572
-0.027547
-0.027498
-0.027449
-0.027473
-0.027498
-0.027547
-0.027621
-0.027769
-0.027916
-0.02799
-0.027867
-0.02767
-0.027522
-0.027424
-0.027276
-0.027252
-0.027276
-0.027301
-0.027301
-0.027252
-0.027227
-0.027202
-0.027178
-0.027153
-0.027202
-0.027202
-0.027178
-0.027153
-0.027153
-0.027129
-0.027129
-0.027129
-0.027104
-0.027079
-0.027055
-0.027055
-0.027055
-0.02703
-0.026981
-0.026956
-0.026956
-0.026956
-0.026932
-0.026882
-0.026858
-0.026833
-0.026833
-0.026808
-0.026808
-0.026808
-0.026808
-0.026808
-0.026808
-0.026808
-0.026784
-0.026784
-0.026808
-0.026784
-0.026759
-0.026759
-0.026784
-0.026808
-0.026784
-0.026784
-0.026784
-0.026808
-0.026833
-0.026808
-0.026833
-0.026833
-0.026833
-0.026833
-0.026858
-0.026833
-0.026833
-0.026808
-0.026808
-0.026808
-0.026808
-0.026784
-0.026759
-0.026735
-0.02671
-0.026685
-0.026661
-0.026661
-0.026636
-0.026636
-0.026612
-0.026612
-0.026612
-0.026587
-0.026587
-0.026562
-0.026513
-0.026488
-0.026488
-0.026488
-0.026464
-0.026439
-0.02639
-0.02639
-0.02639
-0.026365
-0.026316
-0.026292
-0.026267
-0.026267
-0.026267
