2018
6
7
11
0
6.1026
0.002831
0.0028802
0.0028556
0.002831
0.0028064
0.002831
0.0028556
0.0028556
0.0028064
0.0027818
0.0028064
0.0028556
0.002831
0.0027818
0.0027572
0.0028064
0.002831
0.002831
0.0027818
0.0027572
0.0027818
0.002831
0.0028064
0.0027572
0.0027325
0.0027572
0.0028064
0.0028064
0.0027572
0.0027325
0.0027572
0.0027818
0.0027818
0.0027325
0.0027079
0.0027325
0.0027818
0.0027572
0.0027079
0.0026833
0.0027079
0.0026833
0.0027079
0.0027572
0.0027325
0.0026833
0.0026587
0.0026833
0.0027325
0.0027325
0.0026833
0.0026341
0.0026587
0.0027079
0.0027079
0.0026587
0.0026341
0.0026341
0.0026833
0.0026833
0.0026341
0.0026095
0.0026341
0.0026587
0.0026587
0.0026341
0.0025848
0.0026095
0.0026587
0.0026587
0.0026095
0.0025602
0.0025848
0.0026341
0.0026587
0.0026095
0.0025848
0.0025848
0.0026341
0.0026095
0.002314
0.0022156
0.0021171
0.0021417
0.002314
0.0023879
0.0023633
0.002314
0.0022648
0.0022894
0.002314
0.0022648
0.002191
0.0020925
0.0020679
0.0020925
0.0021417
0.0021663
0.0022402
0.0023633
0.0024618
0.0024864
0.0024618
0.0024371
0.0024864
0.0025356
0.0025356
0.002511
0.0024864
0.0024864
0.0025356
0.0025602
0.002511
0.0024864
0.0024864
0.0025356
0.0025356
0.002511
0.0024618
0.0024618
0.0024371
0.0024618
0.002511
0.002511
0.0024864
0.0024371
0.0024618
0.002511
0.002511
0.0024864
0.0024371
0.0024618
0.002511
0.002511
0.0024864
0.0024371
0.0024371
0.0024864
0.002511
0.0024618
0.0024371
0.0024371
0.0024864
0.002511
0.0024618
0.0024371
0.0024371
0.0024864
0.002511
0.0024864
0.0024371
0.0024618
0.002511
0.0025356
0.002511
0.0024864
0.0024864
0.0025356
0.0025602
0.002511
0.002511
0.0024618
0.0024125
0.0024125
0.0024371
0.0024618
0.0024125
0.0023633
0.0023633
0.0023879
0.0024125
0.0023633
0.002314
0.002314
0.0023633
0.0023633
0.0023387
0.0022894
0.002314
0.0023387
0.0023633
0.0023387
0.0022894
0.0022894
0.0023387
0.0023633
0.002314
0.0022894
0.0022894
0.0023387
0.0023387
0.002314
0.0022648
0.0022648
0.002314
0.0023387
0.0022894
0.0022402
0.0022402
0.0022894
0.0022156
0.0022648
0.0022894
0.0022402
0.002191
0.002191
0.0022402
0.0022648
0.0022402
0.002191
0.002191
0.0022156
0.0022402
0.0022156
0.0021663
0.0021663
0.0022156
0.0022402
0.0022156
0.0021663
0.0021663
0.0022156
0.0022402
0.0022156
0.0021663
0.0021663
0.0022156
0.0022402
0.0022156
0.0021663
0.0021663
0.002191
0.0022156
0.002191
0.0021417
0.0021417
0.002191
0.0022156
0.002191
0.0021417
0.002191
0.0021417
0.0021417
0.0021663
0.002191
0.0021663
0.0021171
0.0021171
0.0021663
0.002191
0.0021663
0.0021171
0.0021171
0.0021663
0.002191
0.0021663
0.0021171
0.0020925
0.0021417
0.0021663
0.0021417
0.0020925
0.0020925
0.0021171
0.0021663
0.0021417
0.0020925
0.0020679
0.0021171
0.0021417
0.0021171
0.0020925
0.0020679
0.0021171
0.0021417
0.0021171
0.0020925
0.0020925
0.0020925
0.0021171
0.0019694
0.0018955
0.0017725
0.0016248
0.0015755
0.0016986
0.0018709
0.0018709
0.0017971
0.0017725
0.0017725
0.0017971
0.0017478
0.0016986
0.0016248
0.0015755
0.0015509
0.0015509
0.0015755
0.001674
0.0017971
0.0018955
0.0019448
0.0019448
0.0019448
0.0019694
0.001994
0.0020186
0.001994
0.0019694
0.001994
0.0020186
0.0020186
0.001994
0.001994
0.001994
0.0020186
0.0020186
0.001994
0.0019694
0.0019694
0.0019694
0.0019694
0.001994
0.001994
0.0019694
0.0019448
0.0019448
0.0019694
0.0019694
0.0019448
0.0019448
0.0019448
0.0019694
0.0019694
0.0019448
0.0019202
0.0019202
0.0019448
0.0019448
0.0019202
0.0019202
0.0019202
0.0019202
0.0019448
0.0019202
0.0018955
0.0019202
0.0019448
0.0019448
0.0019448
0.0019202
0.0019202
0.0019448
0.0019694
0.0019694
0.0019448
0.0019448
0.0019694
0.001994
0.0019448
0.0019448
0.0019202
0.0018955
0.0018955
0.0018955
0.0018955
0.0018709
0.0018463
0.0018463
0.0018463
0.0018463
0.0018463
0.0018217
0.0018217
0.0018217
0.0018217
0.0018217
0.0017971
0.0017971
0.0017971
0.0017971
0.0017971
0.0017725
0.0017725
0.0017971
0.0017971
0.0017971
0.0017725
0.0017725
0.0017971
0.0017971
0.0017971
0.0017725
0.0017725
0.0017725
0.0017971
0.0017725
0.0017478
0.0017478
0.0017478
0.0017478
0.0017478
0.0017725
0.0017478
0.0017478
0.0017232
0.0017478
0.0017478
0.0017478
0.0017232
0.0017232
0.0017478
0.0017478
0.0017478
0.0017232
0.0017232
0.0017478
0.0017478
0.0017478
0.0017232
0.0017232
0.0017232
0.0017478
0.0017478
0.0017232
0.0017232
0.0017478
0.0017478
0.0017478
0.0017232
0.0017232
0.0017478
0.0017478
0.0017478
0.0017232
0.0017232
0.0017232
0.0017478
0.0017478
0.0017478
0.0017232
0.0016986
0.0016986
0.0016986
0.0017232
0.0017232
0.0016986
0.0016986
0.0016986
0.0016986
0.0016986
0.001674
0.001674
0.0016986
0.0016986
0.0016986
0.001674
0.001674
0.001674
0.0016986
0.001674
0.001674
0.0016494
0.001674
0.001674
0.001674
0.0016494
0.0016248
0.0016494
0.0016494
0.0016494
0.0016248
0.0016248
0.0016248
0.0016494
0.0016494
0.0016248
0.0016001
0.0016248
0.0016001
0.0016248
0.0016248
0.0016248
0.0016248
0.0016001
0.0016248
0.0016248
0.0016248
0.0016001
0.0016001
0.0016001
0.0016248
0.0016248
0.0016001
0.0015755
0.0016001
0.0016001
0.0016001
0.0015755
0.0015755
0.0015755
0.0016001
0.0016001
0.0015755
0.0015755
0.0015755
0.0016001
0.0016001
0.0015755
0.0015755
0.0015755
0.0015755
0.0015755
0.0015509
0.0015263
0.0014771
0.0013786
0.0012801
0.001157
0.0013293
0.0012801
0.0012555
0.0012555
0.0012555
0.0012309
0.0011816
0.0011078
0.0010586
0.0010093
0.0009847
0.0010093
0.0010586
0.0011816
0.0012801
0.001354
0.0013786
0.0013786
0.0013786
0.0014032
0.0014278
0.0014032
0.0014032
0.0014032
0.0014278
0.0014278
0.0014278
0.0014032
0.0014278
0.0014278
0.0014278
0.0014032
0.0014032
0.0014032
0.0014032
0.0014032
0.0014032
0.0013786
0.0013786
0.0014032
0.001354
0.0013786
0.0013786
0.001354
0.0013293
0.001354
0.001354
0.001354
0.001354
0.0013293
0.0013293
0.001354
0.001354
0.0013293
0.0013293
0.0013293
0.001354
0.001354
0.001354
0.0013293
0.001354
0.0013786
0.0013786
0.0013786
0.001354
0.0013786
0.0014032
0.0014032
0.0014032
0.0014032
0.0014278
0.0014278
0.0014524
0.0014278
0.0014032
0.0014032
0.0014278
0.0014032
0.0013786
0.001354
0.0013293
0.0013047
0.0013047
0.0013047
0.0013047
0.0013047
0.0012801
0.0012801
0.0012801
0.0012801
0.0012801
0.0012555
0.0012555
0.0012801
0.0012801
0.0012555
0.0012555
0.0012555
0.0012801
0.0012801
0.0012555
0.0012555
0.0012555
0.0012801
0.0012801
0.0012801
0.0012555
0.0012555
0.0012801
0.0012801
0.0012801
0.0012555
0.0012555
0.0012555
0.0012801
0.0012555
0.0012555
0.0012555
0.0012555
0.0012801
0.0012555
0.0012555
0.0012555
0.0012309
0.0012309
0.0012555
0.0012555
0.0012555
0.0012309
0.0012309
0.0012555
0.0012555
0.0012309
0.0012309
0.0012309
0.0012309
0.0012555
0.0012309
0.0012309
0.0012309
0.0012309
0.0012555
0.0012309
0.0012309
0.0012309
0.0012309
0.0012309
0.0012309
0.0012063
0.0012063
0.0012309
0.0012309
0.0012309
0.0012309
0.0012309
0.0012309
0.0012555
0.0012555
0.0012309
0.0012063
0.0010586
0.00093547
0.000837
0.00076314
0.00071391
0.00081238
0.00093547
0.00093547
0.00093547
0.00091085
0.00088623
0.00086161
0.000837
0.00081238
0.00073853
0.00066467
0.00061544
0.00064006
0.00071391
0.00081238
0.00091085
0.0010093
0.0010832
0.0011078
0.0011078
0.0011078
0.0011078
0.0011324
0.0011324
0.0011324
0.0011324
0.0011324
0.001157
0.001157
0.001157
0.001157
0.001157
0.001157
0.0011816
0.0011816
0.001157
0.0011324
0.0011324
0.0011324
0.0011324
0.0011324
0.0011078
0.0011078
0.0011078
0.0011078
0.0010832
0.0010586
0.0010586
0.0010586
0.0010586
0.0010339
0.0010339
0.0010093
0.0010339
0.0010339
0.0010093
0.0009847
0.0009847
0.0010093
0.0010093
0.0010093
0.0009847
0.0009847
0.0010093
0.0010339
0.0010339
0.0010093
0.0010093
0.0010339
0.0010586
0.0010586
0.0010339
0.0010339
0.0010339
0.0010339
0.0009847
0.0009847
0.00096008
0.00093547
0.00091085
0.00093547
0.00093547
0.00091085
0.00088623
0.00088623
0.00088623
0.00091085
0.00088623
0.00088623
0.00086161
0.00088623
0.00088623
0.00088623
0.00086161
0.00086161
0.00086161
0.00088623
0.00088623
0.00086161
0.00086161
0.00086161
0.00088623
0.00086161
0.00086161
0.000837
0.00086161
0.00086161
0.00086161
0.000837
0.00081238
0.000837
0.000837
0.000837
0.00081238
0.00081238
0.00081238
0.00078776
0.00081238
0.00081238
0.00081238
0.00078776
0.00078776
0.00078776
0.00081238
0.00078776
0.00078776
0.00076314
0.00078776
0.00081238
0.00078776
0.00078776
0.00078776
0.00078776
0.00081238
0.00078776
0.00078776
0.00076314
0.00078776
0.00078776
0.00078776
0.00078776
0.00076314
0.00078776
0.00078776
0.00078776
0.00078776
0.00076314
0.00078776
0.00078776
0.00078776
0.00076314
0.00076314
0.00076314
0.00078776
0.00078776
0.00076314
0.00076314
0.00073853
0.00073853
0.00073853
0.00076314
0.00073853
0.00073853
0.00071391
0.00073853
0.00073853
0.00073853
0.00071391
0.00071391
0.00071391
0.00073853
0.00073853
0.00071391
0.00071391
0.00071391
0.00071391
0.00071391
0.00071391
0.00068929
0.00071391
0.00071391
0.00071391
0.00068929
0.00068929
0.00068929
0.00071391
0.00071391
0.00068929
0.00068929
0.00068929
0.00071391
0.00071391
0.00068929
0.00068929
0.00068929
0.00068929
0.00068929
0.00071391
0.00071391
0.00068929
0.00068929
0.00068929
0.00068929
0.00068929
0.00068929
0.00066467
0.00066467
0.00068929
0.00068929
0.00066467
0.00066467
0.00066467
0.00068929
0.00068929
0.00066467
0.00064006
0.00066467
0.00066467
0.00066467
0.00064006
0.00064006
0.00064006
0.00066467
0.00066467
0.00064006
0.00064006
0.00064006
0.00066467
0.00066467
0.00064006
0.00061544
0.00061544
0.00061544
0.0005662
0.00046773
0.00022156
0.00034465
0.00039388
0.00036926
0.00036926
0.00036926
0.00034465
0.00032003
0.00029541
0.00027079
0.00022156
0.00014771
0.00012309
0.00012309
0.00022156
0.00034465
0.00044312
0.00049235
0.00051697
0.0005662
0.00059082
0.00059082
0.0005662
0.00059082
0.00061544
0.00061544
0.00061544
0.00059082
0.00061544
0.00064006
0.00064006
0.00061544
0.00061544
0.00061544
0.00064006
0.00064006
0.00061544
0.00061544
0.00061544
0.00061544
0.00061544
0.00061544
0.00064006
0.00061544
0.00061544
0.00061544
0.00064006
0.00064006
0.00064006
0.00061544
0.00061544
0.00064006
0.00064006
0.00064006
0.00061544
0.00064006
0.00064006
0.00066467
0.00064006
0.00064006
0.00064006
0.00064006
0.00066467
0.00064006
0.00064006
0.00064006
0.00066467
0.00066467
0.00066467
0.00066467
0.00066467
0.00068929
0.00071391
0.00071391
0.00068929
0.00068929
0.00071391
0.00071391
0.00068929
0.00066467
0.00061544
0.00061544
0.00061544
0.00061544
0.00059082
0.00059082
0.00059082
0.00059082
0.00059082
0.00059082
0.0005662
0.0005662
0.0005662
0.0005662
0.0005662
0.00054159
0.00054159
0.00054159
0.0005662
0.00054159
0.00054159
0.00054159
0.0005662
0.0005662
0.0005662
0.00054159
0.00054159
0.0005662
0.0005662
0.00054159
0.00054159
0.00054159
0.00054159
0.00054159
0.00054159
0.00051697
0.00051697
0.00054159
0.00054159
0.00054159
0.00051697
0.00051697
0.00051697
0.00054159
0.00051697
0.00051697
0.00051697
0.00051697
0.00054159
0.00051697
0.00051697
0.00051697
0.00051697
0.00054159
0.00051697
0.00051697
0.00051697
0.00051697
0.00051697
0.00051697
0.00049235
0.00049235
0.00051697
0.00051697
0.00051697
0.00049235
0.00049235
0.00049235
0.00051697
0.00051697
0.00049235
0.00049235
0.00049235
0.00049235
0.00049235
0.00046773
0.00046773
0.00049235
0.00051697
0.00049235
0.00051697
0.00049235
0.00046773
0.00046773
0.00049235
0.00049235
0.00049235
0.00046773
0.00046773
0.00049235
0.00049235
0.00049235
0.00046773
0.00046773
0.00046773
0.00049235
0.00049235
0.00046773
0.00046773
0.00046773
0.00046773
0.00046773
0.00044312
0.00044312
0.00044312
0.00046773
0.00046773
0.00044312
0.00044312
0.00044312
0.00046773
0.00049235
0.00046773
0.00044312
0.00044312
0.00044312
0.0004185
0.00036926
0.00027079
0.00017232
9.847e-05
0.00022156
0.00022156
0.00019694
0.00014771
0.00012309
0.00012309
0.00012309
7.3853e-05
0
-4.9235e-05
-4.9235e-05
-2.4618e-05
0
9.847e-05
0.00022156
0.00029541
0.00036926
0.00036926
0.00036926
0.00036926
0.00039388
0.0004185
0.0004185
0.00039388
0.00039388
0.0004185
0.00044312
0.0004185
0.0004185
0.0004185
0.0004185
0.0004185
0.0004185
0.0004185
0.00039388
0.00039388
0.0004185
0.00039388
0.00039388
0.00039388
0.00036926
0.00036926
0.00036926
0.00039388
0.00036926
0.00036926
0.00036926
0.00036926
0.00036926
0.00036926
0.00036926
0.00034465
0.00036926
0.00036926
0.00036926
0.00036926
0.00034465
0.00036926
0.00039388
0.00039388
0.00036926
0.00036926
0.00036926
0.00039388
0.00039388
0.00039388
0.00039388
0.00039388
0.0004185
0.00044312
0.0004185
0.0004185
0.0004185
0.00044312
0.00044312
0.0004185
0.0004185
0.00039388
0.0004185
0.00034465
0.00036926
0.00034465
0.00032003
0.00032003
0.00032003
0.00032003
0.00032003
0.00029541
0.00029541
0.00029541
0.00032003
0.00029541
0.00029541
0.00027079
0.00029541
0.00029541
0.00029541
0.00029541
0.00027079
0.00029541
0.00029541
0.00029541
0.00029541
0.00027079
0.00027079
0.00029541
0.00029541
0.00027079
0.00027079
0.00027079
0.00027079
0.00027079
0.00027079
0.00024618
0.00024618
0.00027079
0.00027079
0.00024618
0.00024618
0.00024618
0.00022156
0.00024618
0.00024618
0.00024618
0.00024618
0.00022156
0.00024618
0.00024618
0.00024618
0.00024618
0.00024618
0.00024618
0.00027079
0.00027079
0.00024618
0.00024618
0.00024618
0.00027079
0.00027079
0.00024618
0.00024618
0.00024618
0.00027079
0.00027079
0.00024618
0.00024618
0.00024618
0.00024618
0.00024618
0.00024618
0.00022156
0.00022156
0.00024618
0.00024618
0.00022156
0.00022156
0.00022156
0.00024618
0.00024618
0.00022156
0.00024618
0.00022156
0.00022156
0.00022156
0.00024618
0.00024618
0.00022156
0.00022156
0.00022156
0.00024618
0.00024618
0.00022156
0.00022156
0.00022156
0.00022156
0.00024618
0.00022156
0.00022156
0.00022156
0.00024618
0.00024618
0.00022156
0.00022156
0.00022156
0.00022156
0.00022156
0.00022156
0.00019694
0.00019694
0.00022156
0.00022156
0.00022156
0.00019694
0.00019694
0.00022156
0.00022156
0.00022156
0.00019694
0.00019694
0.00017232
0.00019694
0.00019694
0.00022156
0.00019694
0.00017232
0.00017232
0.00019694
0.00019694
0.00017232
0.00017232
0.00017232
0.00017232
0.00017232
0.00017232
0.00014771
0.00014771
0.00017232
0.00017232
0.00017232
0.00014771
0.00014771
0.00017232
0.00019694
0.00017232
0.00017232
0.00017232
0.00019694
0.00019694
0.00017232
0.00014771
0.00012309
0.00012309
7.3853e-05
0
-0.00012309
-0.00022156
-0.00027079
-0.00019694
-7.3853e-05
-7.3853e-05
-9.847e-05
-0.00012309
-0.00017232
-0.00019694
-0.00024618
-0.00029541
-0.00034465
-0.00032003
-0.00022156
-9.847e-05
-2.4618e-05
0
4.9235e-05
7.3853e-05
9.847e-05
9.847e-05
9.847e-05
9.847e-05
0.00012309
0.00014771
0.00012309
0.00012309
0.00012309
0.00014771
0.00017232
0.00014771
0.00014771
0.00014771
0.00017232
0.00017232
0.00014771
0.00012309
0.00012309
0.00014771
0.00014771
0.00014771
0.00012309
0.00012309
0.00014771
0.00012309
0.00012309
0.00014771
0.00012309
9.847e-05
9.847e-05
0.00012309
0.00012309
0.00012309
9.847e-05
9.847e-05
0.00012309
0.00012309
0.00012309
9.847e-05
9.847e-05
0.00012309
0.00014771
0.00014771
0.00012309
0.00014771
0.00014771
0.00017232
0.00014771
0.00014771
0.00017232
0.00019694
0.00019694
0.00019694
0.00017232
0.00019694
0.00022156
0.00022156
0.00019694
0.00017232
0.00017232
0.00017232
0.00017232
0.00014771
0.00012309
0.00012309
9.847e-05
9.847e-05
0.00012309
0.00012309
9.847e-05
7.3853e-05
7.3853e-05
9.847e-05
0.00012309
9.847e-05
7.3853e-05
7.3853e-05
9.847e-05
9.847e-05
7.3853e-05
4.9235e-05
7.3853e-05
9.847e-05
9.847e-05
7.3853e-05
7.3853e-05
7.3853e-05
9.847e-05
9.847e-05
7.3853e-05
7.3853e-05
7.3853e-05
9.847e-05
9.847e-05
7.3853e-05
4.9235e-05
4.9235e-05
7.3853e-05
9.847e-05
7.3853e-05
4.9235e-05
4.9235e-05
7.3853e-05
9.847e-05
9.847e-05
9.847e-05
7.3853e-05
7.3853e-05
7.3853e-05
7.3853e-05
9.847e-05
7.3853e-05
4.9235e-05
4.9235e-05
7.3853e-05
9.847e-05
7.3853e-05
4.9235e-05
4.9235e-05
7.3853e-05
9.847e-05
7.3853e-05
7.3853e-05
7.3853e-05
9.847e-05
9.847e-05
9.847e-05
4.9235e-05
4.9235e-05
7.3853e-05
9.847e-05
7.3853e-05
4.9235e-05
4.9235e-05
7.3853e-05
9.847e-05
9.847e-05
4.9235e-05
2.4618e-05
4.9235e-05
4.9235e-05
0
-9.847e-05
-0.00019694
-0.00032003
-0.00019694
-0.00017232
-0.00017232
-0.00022156
-0.00024618
-0.00027079
-0.00027079
-0.00029541
-0.00036926
-0.00046773
-0.00051697
-0.00049235
-0.0004185
-0.00029541
-0.00022156
-0.00012309
-4.9235e-05
-2.4618e-05
0
-2.4618e-05
-2.4618e-05
0
0
0
0
0
2.4618e-05
2.4618e-05
2.4618e-05
0
0
2.4618e-05
4.9235e-05
2.4618e-05
0
0
2.4618e-05
2.4618e-05
2.4618e-05
2.4618e-05
0
0
0
0
0
0
0
0
0
0
0
-2.4618e-05
-2.4618e-05
0
0
0
0
0
0
0
0
0
0
0
2.4618e-05
2.4618e-05
2.4618e-05
0
4.9235e-05
7.3853e-05
4.9235e-05
4.9235e-05
2.4618e-05
4.9235e-05
4.9235e-05
4.9235e-05
2.4618e-05
0
0
-2.4618e-05
-2.4618e-05
-2.4618e-05
-2.4618e-05
-4.9235e-05
-4.9235e-05
-4.9235e-05
-2.4618e-05
-2.4618e-05
-4.9235e-05
-7.3853e-05
-7.3853e-05
-4.9235e-05
-4.9235e-05
-7.3853e-05
-7.3853e-05
-7.3853e-05
-4.9235e-05
-4.9235e-05
-7.3853e-05
-7.3853e-05
-7.3853e-05
-4.9235e-05
-4.9235e-05
-4.9235e-05
-7.3853e-05
-7.3853e-05
-4.9235e-05
-4.9235e-05
-7.3853e-05
-7.3853e-05
-7.3853e-05
-7.3853e-05
-7.3853e-05
-7.3853e-05
-9.847e-05
-9.847e-05
-7.3853e-05
-7.3853e-05
-9.847e-05
-7.3853e-05
-7.3853e-05
-9.847e-05
-9.847e-05
-7.3853e-05
-7.3853e-05
-7.3853e-05
-9.847e-05
-9.847e-05
-7.3853e-05
-7.3853e-05
-7.3853e-05
-9.847e-05
-9.847e-05
-7.3853e-05
-7.3853e-05
-7.3853e-05
-9.847e-05
-9.847e-05
-7.3853e-05
-7.3853e-05
-7.3853e-05
-9.847e-05
-9.847e-05
-7.3853e-05
-7.3853e-05
-7.3853e-05
-9.847e-05
-9.847e-05
-7.3853e-05
-7.3853e-05
-7.3853e-05
-9.847e-05
-9.847e-05
-7.3853e-05
-7.3853e-05
-9.847e-05
-9.847e-05
-9.847e-05
-9.847e-05
-9.847e-05
-9.847e-05
-0.00012309
-0.00012309
-0.00012309
-0.00012309
-9.847e-05
-0.00012309
-0.00012309
-0.00012309
-0.00012309
-0.00012309
-0.00012309
-0.00014771
-0.00014771
-0.00012309
-0.00012309
-0.00012309
-0.00014771
-0.00014771
-0.00014771
-0.00012309
-0.00014771
-0.00014771
-0.00014771
-0.00014771
-0.00014771
-0.00014771
-0.00014771
-0.00014771
-0.00014771
-0.00014771
-0.00014771
-0.00017232
-0.00017232
-0.00014771
-0.00014771
-0.00014771
-0.00017232
-0.00017232
-0.00017232
-0.00014771
-0.00014771
-0.00014771
-0.00017232
-0.00017232
-0.00017232
-0.00014771
-0.00014771
-0.00017232
-0.00017232
-0.00017232
-0.00017232
-0.00017232
-0.00017232
-0.00019694
-0.00017232
-0.00017232
-0.00017232
-0.00019694
-0.00019694
-0.00019694
-0.00017232
-0.00017232
-0.00019694
-0.00019694
-0.00017232
-0.00014771
-0.00017232
-0.00019694
-0.00022156
-0.00022156
-0.00022156
-0.00027079
-0.00039388
-0.00049235
-0.00059082
-0.00064006
-0.00064006
-0.00051697
-0.00049235
-0.00051697
-0.00054159
-0.0005662
-0.00059082
-0.00066467
-0.00073853
-0.00076314
-0.00073853
-0.00066467
-0.0005662
-0.00046773
-0.0004185
-0.00036926
-0.00032003
-0.00032003
-0.00032003
-0.00032003
-0.00032003
-0.00029541
-0.00029541
-0.00029541
-0.00029541
-0.00029541
-0.00027079
-0.00027079
-0.00029541
-0.00029541
-0.00029541
-0.00029541
-0.00029541
-0.00029541
-0.00032003
-0.00029541
-0.00029541
-0.00029541
-0.00032003
-0.00032003
-0.00029541
-0.00029541
-0.00029541
-0.00029541
-0.00029541
-0.00029541
-0.00032003
-0.00029541
-0.00027079
-0.00029541
-0.00029541
-0.00032003
-0.00029541
-0.00029541
-0.00029541
-0.00029541
-0.00029541
-0.00029541
-0.00027079
-0.00027079
-0.00029541
-0.00029541
-0.00027079
-0.00024618
-0.00024618
-0.00027079
-0.00027079
-0.00024618
-0.00022156
-0.00022156
-0.00022156
-0.00022156
-0.00022156
-0.00019694
-0.00022156
-0.00024618
-0.00024618
-0.00024618
-0.00024618
-0.00024618
-0.00027079
-0.00029541
-0.00034465
-0.00034465
-0.00034465
-0.00034465
-0.00034465
-0.00036926
-0.00036926
-0.00036926
-0.00034465
-0.00034465
-0.00036926
-0.00036926
-0.00036926
-0.00036926
-0.00036926
-0.00036926
-0.00036926
-0.00036926
-0.00036926
-0.00036926
-0.00036926
-0.00039388
-0.00036926
-0.00036926
-0.00036926
-0.00036926
-0.00039388
-0.00036926
-0.00036926
-0.00036926
-0.00039388
-0.00039388
-0.00039388
-0.00036926
-0.00039388
-0.00039388
-0.0004185
-0.00039388
-0.00039388
-0.00039388
-0.00039388
-0.00039388
-0.0004185
-0.0004185
-0.0004185
-0.00039388
-0.00039388
-0.0004185
-0.0004185
-0.0004185
-0.00039388
-0.00039388
-0.0004185
-0.0004185
-0.0004185
-0.00039388
-0.00039388
-0.0004185
-0.0004185
-0.0004185
-0.00039388
-0.00039388
-0.0004185
-0.0004185
-0.0004185
-0.00039388
-0.00039388
-0.0004185
-0.0004185
-0.0004185
-0.00039388
-0.00039388
-0.00039388
-0.0004185
-0.0004185
-0.00039388
-0.00039388
-0.0004185
-0.0004185
-0.0004185
-0.00044312
-0.00044312
-0.0004185
-0.0004185
-0.00044312
-0.00044312
-0.00044312
-0.0004185
-0.0004185
-0.00044312
-0.00044312
-0.00044312
-0.0004185
-0.0004185
-0.00044312
-0.00044312
-0.00044312
-0.0004185
-0.0004185
-0.00044312
-0.00044312
-0.0004185
-0.00039388
-0.00039388
-0.0004185
-0.00044312
-0.00044312
-0.00044312
-0.00046773
-0.0005662
-0.00066467
-0.00076314
-0.00086161
-0.00088623
-0.00081238
-0.00068929
-0.00066467
-0.00068929
-0.00068929
-0.00073853
-0.000837
-0.00091085
-0.0009847
-0.0009847
-0.00091085
-0.00081238
-0.00071391
-0.00064006
-0.0005662
-0.00054159
-0.00051697
-0.00051697
-0.00051697
-0.00049235
-0.00046773
-0.00046773
-0.00046773
-0.00046773
-0.00046773
-0.00044312
-0.00044312
-0.00044312
-0.00046773
-0.00044312
-0.00044312
-0.0004185
-0.00044312
-0.00046773
-0.00044312
-0.00044312
-0.00044312
-0.00046773
-0.00046773
-0.00046773
-0.00046773
-0.00044312
-0.00046773
-0.00049235
-0.00046773
-0.00046773
-0.00049235
-0.00046773
-0.00046773
-0.00046773
-0.00049235
-0.00049235
-0.00046773
-0.00046773
-0.00046773
-0.00049235
-0.00049235
-0.00046773
-0.00044312
-0.00046773
-0.00046773
-0.00046773
-0.00044312
-0.00044312
-0.00044312
-0.00044312
-0.00044312
-0.0004185
-0.00039388
-0.0004185
-0.0004185
-0.0004185
-0.0004185
-0.00039388
-0.0004185
-0.00044312
-0.00044312
-0.00044312
-0.00044312
-0.00046773
-0.00049235
-0.00051697
-0.00049235
-0.00049235
-0.00051697
-0.00054159
-0.00054159
-0.00054159
-0.0005662
-0.00054159
-0.00054159
-0.00054159
-0.0005662
-0.0005662
-0.0005662
-0.00054159
-0.0005662
-0.0005662
-0.0005662
-0.0005662
-0.00054159
-0.0005662
-0.0005662
-0.0005662
-0.0005662
-0.0005662
-0.0005662
-0.00059082
-0.00059082
-0.0005662
-0.0005662
-0.0005662
-0.00059082
-0.00059082
-0.0005662
-0.0005662
-0.0005662
-0.00059082
-0.00059082
-0.00059082
-0.0005662
-0.00059082
-0.00059082
-0.00059082
-0.00059082
-0.00059082
-0.00059082
-0.00059082
-0.00059082
-0.00059082
-0.00059082
-0.00059082
-0.00059082
-0.00059082
-0.00059082
-0.00059082
-0.0005662
-0.00059082
-0.00059082
-0.00059082
-0.00059082
-0.0005662
-0.0005662
-0.00059082
-0.00059082
-0.00059082
-0.0005662
-0.00059082
-0.00059082
-0.00059082
-0.00059082
-0.0005662
-0.00059082
-0.00059082
-0.00059082
-0.00059082
-0.0005662
-0.0005662
-0.00059082
-0.00059082
-0.00059082
-0.0005662
-0.0005662
-0.00059082
-0.00059082
-0.00059082
-0.00059082
-0.00059082
-0.0005662
-0.00059082
-0.00059082
-0.00059082
-0.00059082
-0.0005662
-0.00059082
-0.00059082
-0.00059082
-0.00059082
-0.0005662
-0.0005662
-0.00059082
-0.00059082
-0.0005662
-0.0005662
-0.0005662
-0.0005662
-0.0005662
-0.0005662
-0.00054159
-0.0005662
-0.0005662
-0.0005662
-0.0005662
-0.00054159
-0.0005662
-0.0005662
-0.00059082
-0.0005662
-0.00054159
-0.0005662
-0.0005662
-0.0005662
-0.0005662
-0.00054159
-0.0005662
-0.0005662
-0.0005662
-0.0005662
-0.00059082
-0.0005662
-0.0005662
-0.0005662
-0.00059082
-0.00059082
-0.00059082
-0.00059082
-0.00059082
-0.00059082
-0.00061544
-0.00059082
-0.00059082
-0.00059082
-0.00061544
-0.00061544
-0.00061544
-0.00059082
-0.00059082
-0.00059082
-0.00059082
-0.00059082
-0.00061544
-0.00061544
-0.00064006
-0.00066467
-0.00071391
-0.00078776
-0.00088623
-0.0010093
-0.0011078
-0.0010586
-0.00091085
-0.00086161
-0.00088623
-0.00091085
-0.00091085
-0.00091085
-0.0010832
-0.0011324
-0.001157
-0.001157
-0.0010832
-0.0009847
-0.00086161
-0.00081238
-0.00078776
-0.00076314
-0.00076314
-0.00073853
-0.00071391
-0.00073853
-0.00073853
-0.00071391
-0.00071391
-0.00068929
-0.00071391
-0.00071391
-0.00071391
-0.00071391
-0.00071391
-0.00073853
-0.00073853
-0.00073853
-0.00073853
-0.00073853
-0.00076314
-0.00076314
-0.00076314
-0.00073853
-0.00073853
-0.00076314
-0.00076314
-0.00076314
-0.00076314
-0.00076314
-0.00078776
-0.00078776
-0.00081238
-0.00078776
-0.00078776
-0.00078776
-0.00081238
-0.00081238
-0.00081238
-0.00078776
-0.00078776
-0.00081238
-0.00081238
-0.00078776
-0.00078776
-0.00078776
-0.00078776
-0.00078776
-0.00078776
-0.00076314
-0.00076314
-0.00076314
-0.00076314
-0.00073853
-0.00073853
-0.00073853
-0.00073853
-0.00073853
-0.00073853
-0.00073853
-0.00073853
-0.00076314
-0.00078776
-0.00078776
-0.00078776
-0.00081238
-0.000837
-0.000837
-0.000837
-0.000837
-0.000837
-0.00086161
-0.00088623
-0.00091085
-0.00088623
-0.00088623
-0.00088623
-0.00088623
-0.00091085
-0.00091085
-0.00088623
-0.00088623
-0.00091085
-0.00091085
-0.00091085
-0.00088623
-0.00088623
-0.00091085
-0.00091085
-0.00091085
-0.00091085
-0.00091085
-0.00091085
-0.00093547
-0.00093547
-0.00091085
-0.00091085
-0.00093547
-0.00093547
-0.00093547
-0.00091085
-0.00091085
-0.00093547
-0.00093547
-0.00093547
-0.00091085
-0.00091085
-0.00093547
-0.00093547
-0.00093547
-0.00093547
-0.00093547
-0.00093547
-0.00093547
-0.00093547
-0.00093547
-0.00093547
-0.00093547
-0.00093547
-0.00093547
-0.00096008
-0.00093547
-0.00093547
-0.00093547
-0.00093547
-0.00096008
-0.00093547
-0.00093547
-0.00093547
-0.00093547
-0.00096008
-0.00096008
-0.00093547
-0.00091085
-0.00091085
-0.00093547
-0.00096008
-0.00096008
-0.00096008
-0.0010093
-0.0010832
-0.0012063
-0.0012801
-0.0013786
-0.0014524
-0.0013786
-0.0012309
-0.0012063
-0.0012063
-0.0012555
-0.0012801
-0.0012801
-0.0014771
-0.0015263
-0.0015017
-0.0014524
-0.001354
-0.0012555
-0.001157
-0.0010832
-0.0010339
-0.0010339
-0.0010339
-0.0010339
-0.0010093
-0.0010093
-0.0010093
-0.0010093
-0.0010093
-0.0009847
-0.0009847
-0.0009847
-0.0010093
-0.0010093
-0.0009847
-0.0009847
-0.0009847
-0.0009847
-0.0009847
-0.0009847
-0.0009847
-0.0009847
-0.0010093
-0.0010093
-0.0009847
-0.0009847
-0.0009847
-0.0010093
-0.0010093
-0.0009847
-0.0009847
-0.0010093
-0.0009847
-0.0010093
-0.0010093
-0.0010093
-0.0010093
-0.0010093
-0.0010093
-0.0010093
-0.0010093
-0.0009847
-0.0009847
-0.0009847
-0.0010093
-0.0009847
-0.0009847
-0.00096008
-0.00096008
-0.00096008
-0.00096008
-0.00093547
-0.00093547
-0.00093547
-0.00093547
-0.00093547
-0.00093547
-0.00093547
-0.00093547
-0.00096008
-0.00096008
-0.00096008
-0.00096008
-0.0009847
-0.0010093
-0.0010339
-0.0010093
-0.0010093
-0.0010339
-0.0010586
-0.0010586
-0.0010339
-0.0010586
-0.0010586
-0.0010586
-0.0010832
-0.0010832
-0.0010586
-0.0010586
-0.0010586
-0.0010586
-0.0010832
-0.0010586
-0.0010586
-0.0010586
-0.0010586
-0.0010832
-0.0010586
-0.0010586
-0.0010586
-0.0010832
-0.0010832
-0.0010832
-0.0010586
-0.0010832
-0.0011078
-0.0011078
-0.0010832
-0.0010832
-0.0010832
-0.0011078
-0.0011078
-0.0011078
-0.0010832
-0.0011078
-0.0011078
-0.0011078
-0.0011078
-0.0010832
-0.0011078
-0.0011078
-0.0011324
-0.0011324
-0.0011324
-0.0011078
-0.0011078
-0.0011078
-0.0011324
-0.0011324
-0.0011324
-0.0011078
-0.0011078
-0.0011324
-0.0011324
-0.0011078
-0.0011078
-0.0011078
-0.0011078
-0.0011324
-0.0011078
-0.0011078
-0.0011078
-0.0011078
-0.0011324
-0.0011078
-0.0011078
-0.0011078
-0.0011324
-0.0011324
-0.0011078
-0.0011078
-0.0011078
-0.0011324
-0.0011324
-0.0011078
-0.0011078
-0.0011078
-0.0011078
-0.0011078
-0.0011078
-0.0011078
-0.0011078
