2018
6
7
10
57
2.9604
-0.011964
-0.011964
-0.011989
-0.011989
-0.011964
-0.011964
-0.011989
-0.011989
-0.011989
-0.011939
-0.011915
-0.011915
-0.011939
-0.011964
-0.011939
-0.011939
-0.011964
-0.011964
-0.011939
-0.01189
-0.011866
-0.01189
-0.011915
-0.011915
-0.011915
-0.011939
-0.011989
-0.012038
-0.012063
-0.012013
-0.011964
-0.011964
-0.011964
-0.011964
-0.011939
-0.011915
-0.011939
-0.011964
-0.011964
-0.011939
-0.011964
-0.011939
-0.011915
-0.011915
-0.011939
-0.011964
-0.011939
-0.011915
-0.011915
-0.011964
-0.011964
-0.011939
-0.011939
-0.011939
-0.011964
-0.011964
-0.011964
-0.011939
-0.011939
-0.011964
-0.011989
-0.011964
-0.011939
-0.011939
-0.011964
-0.011989
-0.011964
-0.011939
-0.011964
-0.011989
-0.011989
-0.011964
-0.011939
-0.011964
-0.011964
-0.011989
-0.011964
-0.011939
-0.011939
-0.011964
-0.011939
-0.011964
-0.011964
-0.011939
-0.011939
-0.011939
-0.011964
-0.011964
-0.011964
-0.011939
-0.011939
-0.011964
-0.011989
-0.011964
-0.011964
-0.011964
-0.011989
-0.011989
-0.011989
-0.011964
-0.011989
-0.011989
-0.012013
-0.011989
-0.011989
-0.011989
-0.011989
-0.012013
-0.011989
-0.011964
-0.011964
-0.011989
-0.011989
-0.011989
-0.011964
-0.011964
-0.011989
-0.011989
-0.011989
-0.011964
-0.011964
-0.011964
-0.011989
-0.011989
-0.011989
-0.011964
-0.011964
-0.011989
-0.011989
-0.011989
-0.011964
-0.011989
-0.011989
-0.012013
-0.011989
-0.011989
-0.011989
-0.011989
-0.012013
-0.011989
-0.011989
-0.011989
-0.012013
-0.012013
-0.012013
-0.011989
-0.011989
-0.011989
-0.012013
-0.011989
-0.011989
-0.011989
-0.011989
-0.012013
-0.011989
-0.011989
-0.011964
-0.011989
-0.012013
-0.011989
-0.011989
-0.011989
-0.011964
-0.011964
-0.011989
-0.012013
-0.011989
-0.011964
-0.011964
-0.011989
-0.012013
-0.012013
-0.011989
-0.011989
-0.012013
-0.012013
-0.012013
-0.011989
-0.011989
-0.012013
-0.012013
-0.012013
-0.011989
-0.011989
-0.012013
-0.012013
-0.012013
-0.011989
-0.011989
-0.012013
-0.012013
-0.012013
-0.011989
-0.011989
-0.012013
-0.012013
-0.012013
-0.011989
-0.011989
-0.012013
-0.011989
-0.012013
-0.012013
-0.012013
-0.012013
-0.012013
-0.012013
-0.011989
-0.011964
-0.011939
-0.011915
-0.011939
-0.011964
-0.011964
-0.011964
-0.011964
-0.011964
-0.011964
-0.011939
-0.011915
-0.011915
-0.011915
-0.011939
-0.011964
-0.011989
-0.012013
-0.012087
-0.012112
-0.012087
-0.012038
-0.012013
-0.011989
-0.012013
-0.012013
-0.011989
-0.011989
-0.011989
-0.012013
-0.012013
-0.011989
-0.011964
-0.011964
-0.011989
-0.012013
-0.011989
-0.011989
-0.011989
-0.011989
-0.012013
-0.012013
-0.011989
-0.011989
-0.011989
-0.012013
-0.012013
-0.011989
-0.011964
-0.011989
-0.011989
-0.011989
-0.011964
-0.011964
-0.011964
-0.011964
-0.011964
-0.011964
-0.011939
-0.011964
-0.011964
-0.011964
-0.011939
-0.011939
-0.011939
-0.011964
-0.011939
-0.011939
-0.011915
-0.011939
-0.011964
-0.011964
-0.011964
-0.011939
-0.011939
-0.011939
-0.011964
-0.011964
-0.011939
-0.011939
-0.011939
-0.011964
-0.011964
-0.011964
-0.011939
-0.011964
-0.011989
-0.011989
-0.011989
-0.011964
-0.011989
-0.011989
-0.011989
-0.011989
-0.011964
-0.011989
-0.011989
-0.011989
-0.011989
-0.011964
-0.011964
-0.011989
-0.011989
-0.011964
-0.011964
-0.011964
-0.011989
-0.011989
-0.011964
-0.011964
-0.011964
-0.011964
-0.011964
-0.011989
-0.011989
-0.011964
-0.011964
-0.011964
-0.011989
-0.011989
-0.011964
-0.011939
-0.011964
-0.011964
-0.011964
-0.011964
-0.011939
-0.011964
-0.011964
-0.011964
-0.011939
-0.011939
-0.011939
-0.011964
-0.011964
-0.011939
-0.011939
-0.011939
-0.011964
-0.011964
-0.011939
-0.011939
-0.011939
-0.011939
-0.011964
-0.011939
-0.011939
-0.011939
-0.011964
-0.011964
-0.011939
-0.011939
-0.011939
-0.011939
-0.011939
-0.011964
-0.011964
-0.011964
-0.011939
-0.011939
-0.011964
-0.011964
-0.011939
-0.011939
-0.011939
-0.011939
-0.011939
-0.011939
-0.011915
-0.011915
-0.011939
-0.011939
-0.011915
-0.011915
-0.011915
-0.011939
-0.011939
-0.011915
-0.011915
-0.011915
-0.011915
-0.011915
-0.011915
-0.01189
-0.011915
-0.011939
-0.011939
-0.011915
-0.011915
-0.01189
-0.011915
-0.011915
-0.011915
-0.011939
-0.011915
-0.011915
-0.011915
-0.011939
-0.011939
-0.011915
-0.011915
-0.011915
-0.011939
-0.011939
-0.011915
-0.011915
-0.011915
-0.011915
-0.011939
-0.011915
-0.011915
-0.011915
-0.011915
-0.011939
-0.011915
-0.01189
-0.011866
-0.011841
-0.011841
-0.011841
-0.011841
-0.011866
-0.01189
-0.01189
-0.011866
-0.011841
-0.011816
-0.011816
-0.011841
-0.011816
-0.011816
-0.011841
-0.011939
-0.011939
-0.011915
-0.01189
-0.011866
-0.011866
-0.011866
-0.01189
-0.011866
-0.011841
-0.011841
-0.011841
-0.011866
-0.011866
-0.011841
-0.011841
-0.011841
-0.011866
-0.011841
-0.011841
-0.011841
-0.011841
-0.011841
-0.011841
-0.011816
-0.011816
-0.011841
-0.011841
-0.011841
-0.011816
-0.011816
-0.011816
-0.011841
-0.011841
-0.011816
-0.011816
-0.011816
-0.011841
-0.011816
-0.011816
-0.011816
-0.011792
-0.011792
-0.011816
-0.011816
-0.011816
-0.011792
-0.011792
-0.011816
-0.011816
-0.011816
-0.011792
-0.011792
-0.011816
-0.011841
-0.011816
-0.011792
-0.011792
-0.011816
-0.011841
-0.011816
-0.011792
-0.011792
-0.011816
-0.011816
-0.011816
-0.011792
-0.011792
-0.011816
-0.011816
-0.011816
-0.011792
-0.011792
-0.011816
-0.011841
-0.011816
-0.011816
-0.011816
-0.011816
-0.011841
-0.011841
-0.011816
-0.011816
-0.011792
-0.011816
-0.011816
-0.011816
-0.011792
-0.011792
-0.011816
-0.011816
-0.011816
-0.011816
-0.011816
-0.011816
-0.011841
-0.011841
-0.011816
-0.011816
-0.011816
-0.011841
-0.011841
-0.011816
-0.011816
-0.011816
-0.011841
-0.011841
-0.011816
-0.011816
-0.011816
-0.011841
-0.011841
-0.011816
-0.011816
-0.011816
-0.011841
-0.011841
-0.011816
-0.011816
-0.011816
-0.011816
-0.011841
-0.011841
-0.011816
-0.011816
-0.011816
-0.011841
-0.011841
-0.011816
-0.011816
-0.011816
-0.011841
-0.011841
-0.011816
-0.011816
-0.011816
-0.011841
-0.011841
-0.011816
-0.011816
-0.011816
-0.011841
-0.011841
-0.011841
-0.011816
-0.011816
-0.011841
-0.011841
-0.011816
-0.011816
-0.011816
-0.011841
-0.011816
-0.011816
-0.011792
-0.011792
-0.011816
-0.011816
-0.011816
-0.011792
-0.011816
-0.011792
-0.011816
-0.011816
-0.011841
-0.011816
-0.011816
-0.011816
-0.011841
-0.011841
-0.011816
-0.011816
-0.011816
-0.011841
-0.011841
-0.011816
-0.011816
-0.011816
-0.011816
-0.011816
-0.011816
-0.011792
-0.011792
-0.011816
-0.011816
-0.011816
-0.011816
-0.011816
-0.011816
-0.011841
-0.011816
-0.011792
-0.011792
-0.011816
-0.011816
-0.011792
-0.011767
-0.011743
-0.011743
-0.011718
-0.011767
-0.011767
-0.011743
-0.011718
-0.011693
-0.011718
-0.011718
-0.011693
-0.011693
-0.011718
-0.011767
-0.011792
-0.011841
-0.011841
-0.011841
-0.011841
-0.011816
-0.011767
-0.011743
-0.011743
-0.011767
-0.011767
-0.011743
-0.011743
-0.011743
-0.011767
-0.011767
-0.011743
-0.011743
-0.011743
-0.011767
-0.011767
-0.011767
-0.011743
-0.011767
-0.011767
-0.011792
-0.011792
-0.011767
-0.011767
-0.011767
-0.011767
-0.011792
-0.011792
-0.011767
-0.011743
-0.011743
-0.011767
-0.011767
-0.011743
-0.011743
-0.011743
-0.011743
-0.011767
-0.011743
-0.011743
-0.011743
-0.011743
-0.011743
-0.011743
-0.011718
-0.011743
-0.011743
-0.011743
-0.011743
-0.011718
-0.011718
-0.011743
-0.011743
-0.011743
-0.011718
-0.011718
-0.011743
-0.011743
-0.011718
-0.011718
-0.011718
-0.011718
-0.011718
-0.011718
-0.011743
-0.011718
-0.011718
-0.011718
-0.011743
-0.011743
-0.011743
-0.011743
-0.011743
-0.011743
-0.011767
-0.011743
-0.011743
-0.011743
-0.011767
-0.011767
-0.011743
-0.011743
-0.011743
-0.011743
-0.011743
-0.011743
-0.011718
-0.011718
-0.011718
-0.011743
-0.011718
-0.011718
-0.011718
-0.011718
-0.011743
-0.011718
-0.011718
-0.011718
-0.011718
-0.011718
-0.011718
-0.011693
-0.011693
-0.011718
-0.011693
-0.011718
-0.011718
-0.011718
-0.011693
-0.011693
-0.011693
-0.011718
-0.011718
-0.011693
-0.011693
-0.011718
-0.011718
-0.011718
-0.011693
-0.011693
-0.011718
-0.011718
-0.011718
-0.011693
-0.011693
-0.011693
-0.011718
-0.011693
-0.011693
-0.011693
-0.011718
-0.011693
-0.011669
-0.011644
-0.011595
-0.011619
-0.011619
-0.011644
-0.011644
-0.011644
-0.011669
-0.011644
-0.011619
-0.011595
-0.011644
-0.011644
-0.011693
-0.011743
-0.011767
-0.011767
-0.011743
-0.011693
-0.011693
-0.011669
-0.011669
-0.011669
-0.011669
-0.011669
-0.011693
-0.011693
-0.011669
-0.011669
-0.011669
-0.011693
-0.011693
-0.011669
-0.011669
-0.011669
-0.011693
-0.011693
-0.011669
-0.011669
-0.011693
-0.011693
-0.011693
-0.011693
-0.011669
-0.011693
-0.011693
-0.011693
-0.011693
-0.011669
-0.011693
-0.011693
-0.011669
-0.011669
-0.011669
-0.011669
-0.011644
-0.011669
-0.011669
-0.011693
-0.011669
-0.011669
-0.011669
-0.011669
-0.011669
-0.011669
-0.011644
-0.011644
-0.011669
-0.011644
-0.011644
-0.011644
-0.011644
-0.011644
-0.011644
-0.011644
-0.011644
-0.011644
-0.011669
-0.011669
-0.011644
-0.011644
-0.011644
-0.011669
-0.011669
-0.011669
-0.011669
-0.011669
-0.011693
-0.011693
-0.011669
-0.011669
-0.011693
-0.011693
-0.011718
-0.011718
-0.011693
-0.011693
-0.011693
-0.011718
-0.011718
-0.011693
-0.011693
-0.011693
-0.011718
-0.011693
-0.011693
-0.011693
-0.011693
-0.011718
-0.011718
-0.011693
-0.011693
-0.011693
-0.011718
-0.011718
-0.011718
-0.011693
-0.011718
-0.011743
-0.011743
-0.011718
-0.011718
-0.011718
-0.011743
-0.011718
-0.011718
-0.011718
-0.011718
-0.011718
-0.011718
-0.011718
-0.011693
-0.011693
-0.011693
-0.011718
-0.011718
-0.011693
-0.011693
-0.011693
-0.011718
-0.011718
-0.011718
-0.011693
-0.011718
-0.011718
-0.011743
-0.011718
-0.011718
-0.011718
-0.011743
-0.011743
-0.011743
-0.011718
-0.011718
-0.011743
-0.011743
-0.011718
-0.011718
-0.011718
-0.011718
-0.011718
-0.011718
-0.011693
-0.011693
-0.011718
-0.011718
-0.011718
-0.011693
-0.011693
-0.011718
-0.011718
-0.011718
-0.011718
-0.011693
-0.011693
-0.011693
-0.011718
-0.011718
-0.011693
-0.011693
-0.011693
-0.011718
-0.011718
-0.011718
-0.011693
-0.011718
-0.011718
-0.011718
-0.011718
-0.011693
-0.011718
-0.011718
-0.011718
-0.011718
-0.011693
-0.011693
-0.011718
-0.011718
-0.011718
-0.011693
-0.011693
-0.011718
-0.011718
-0.011693
-0.011693
-0.011693
-0.011693
-0.011718
-0.011718
-0.011693
-0.011693
-0.011693
-0.011693
-0.011718
-0.011718
-0.011718
-0.011693
-0.011693
-0.011718
-0.011718
-0.011718
-0.011693
-0.011693
-0.011718
-0.011718
-0.011718
-0.011693
-0.011693
-0.011693
-0.011693
-0.011644
-0.011619
-0.011619
-0.011644
-0.011669
-0.011669
-0.011669
-0.011669
-0.011644
-0.011644
-0.011619
-0.011595
-0.011595
-0.011619
-0.011644
-0.011669
-0.011693
-0.011718
-0.011767
-0.011792
-0.011767
-0.011693
-0.011693
-0.011693
-0.011693
-0.011693
-0.011718
-0.011693
-0.011693
-0.011693
-0.011693
-0.011693
-0.011693
-0.011669
-0.011669
-0.011693
-0.011693
-0.011693
-0.011669
-0.011669
-0.011693
-0.011693
-0.011693
-0.011669
-0.011669
-0.011693
-0.011693
-0.011693
-0.011669
-0.011669
-0.011669
-0.011693
-0.011693
-0.011669
-0.011669
-0.011669
-0.011693
-0.011669
-0.011669
-0.011669
-0.011669
-0.011644
-0.011669
-0.011669
-0.011644
-0.011644
-0.011644
-0.011644
-0.011644
-0.011644
-0.011644
-0.011644
-0.011644
-0.011669
-0.011644
-0.011644
-0.011644
-0.011644
-0.011669
-0.011644
-0.011644
-0.011644
-0.011644
-0.011669
-0.011669
-0.011644
-0.011644
-0.011669
-0.011669
-0.011669
-0.011669
-0.011669
-0.011669
-0.011669
-0.011669
-0.011669
-0.011669
-0.011669
-0.011693
-0.011693
-0.011669
-0.011669
-0.011644
-0.011644
-0.011669
-0.011669
-0.011669
-0.011644
-0.011644
-0.011669
-0.011669
-0.011669
-0.011644
-0.011644
-0.011669
-0.011669
-0.011669
-0.011669
-0.011644
-0.011669
-0.011669
-0.011669
-0.011669
-0.011644
-0.011669
-0.011669
-0.011669
-0.011644
-0.011644
-0.011644
-0.011669
-0.011669
-0.011644
-0.011644
-0.011669
-0.011669
-0.011669
-0.011644
-0.011644
-0.011669
-0.011669
-0.011669
-0.011669
-0.011669
-0.011669
-0.011644
-0.011669
-0.011669
-0.011669
-0.011644
-0.011644
-0.011644
-0.011669
-0.011669
-0.011644
-0.011644
-0.011644
-0.011669
-0.011669
-0.011644
-0.011644
-0.011644
-0.011669
-0.011669
-0.011644
-0.011619
-0.011644
-0.011644
-0.011644
-0.011619
-0.011619
-0.011644
-0.011644
-0.011644
-0.011619
-0.011619
-0.011619
-0.011644
-0.011644
-0.011619
-0.011619
-0.011619
-0.011595
-0.011595
-0.011619
-0.011595
-0.011595
-0.01157
-0.011595
-0.011595
-0.011595
-0.011595
-0.01157
-0.011595
-0.011619
-0.011619
-0.011595
-0.011595
-0.011595
-0.011619
-0.011619
-0.011595
-0.011595
-0.011595
-0.011619
-0.011619
-0.011619
-0.011619
-0.011619
-0.011644
-0.011644
-0.011619
-0.011619
-0.011644
-0.011644
-0.011644
-0.011644
-0.011619
-0.011619
-0.011644
-0.011644
-0.011644
-0.011644
-0.011619
-0.011595
-0.01157
-0.01157
-0.011546
-0.011546
-0.011546
-0.01157
-0.011595
-0.011595
-0.01157
-0.011546
-0.011546
-0.011546
-0.011546
-0.011521
-0.011521
-0.011546
-0.011595
-0.011644
-0.011669
-0.011669
-0.011644
-0.011644
-0.011619
-0.011595
-0.01157
-0.01157
-0.011595
-0.011595
-0.01157
-0.01157
-0.01157
-0.01157
-0.01157
-0.01157
-0.01157
-0.01157
-0.011546
-0.01157
-0.01157
-0.01157
-0.011546
-0.01157
-0.01157
-0.011595
-0.01157
-0.01157
-0.01157
-0.01157
-0.01157
-0.01157
-0.01157
-0.01157
-0.01157
-0.01157
-0.01157
-0.011546
-0.011546
-0.011546
-0.011546
-0.011546
-0.011521
-0.011521
-0.011546
-0.011546
-0.011521
-0.011521
-0.011521
-0.011521
-0.011546
-0.011521
-0.011521
-0.011521
-0.011521
-0.011546
-0.011521
-0.011521
-0.011521
-0.011521
-0.011521
-0.011521
-0.011521
-0.011521
-0.011521
-0.011521
-0.011521
-0.011546
-0.011521
-0.011521
-0.011521
-0.011546
-0.011546
-0.011546
-0.011521
-0.011521
-0.011546
-0.011546
-0.011546
-0.011521
-0.011521
-0.011546
-0.011546
-0.011521
-0.011521
-0.011521
-0.011521
-0.011546
-0.011546
-0.011521
-0.011521
-0.011546
-0.011546
-0.011546
-0.011521
-0.011546
-0.011546
-0.011546
-0.011521
-0.011546
-0.011521
-0.011521
-0.011496
-0.011521
-0.011521
-0.011521
-0.011496
-0.011496
-0.011521
-0.011521
-0.011521
-0.011496
-0.011521
-0.011521
-0.011521
-0.011521
-0.011521
-0.011521
-0.011521
-0.011546
-0.011521
-0.011521
-0.011521
-0.011521
-0.011546
-0.011521
-0.011521
-0.011521
-0.011521
-0.011546
-0.011521
-0.011521
-0.011521
-0.011521
-0.011546
-0.011521
-0.011521
-0.011521
-0.011521
-0.011521
-0.011521
-0.011521
-0.011521
-0.011496
-0.011521
-0.011521
-0.011521
-0.011521
-0.011521
-0.011521
-0.011496
-0.011472
-0.011447
-0.011423
-0.011423
-0.011447
-0.011472
-0.011472
-0.011472
-0.011472
-0.011447
-0.011423
-0.011423
-0.011423
-0.011423
-0.011447
-0.011472
-0.011472
-0.011521
-0.01157
-0.011595
-0.01157
-0.011546
-0.011521
-0.011496
-0.011496
-0.011496
-0.011496
-0.011496
-0.011496
-0.011472
-0.011472
-0.011496
-0.011472
-0.011472
-0.011472
-0.011472
-0.011472
-0.011472
-0.011472
-0.011447
-0.011472
-0.011472
-0.011472
-0.011472
-0.011447
-0.011472
-0.011472
-0.011472
-0.011447
-0.011447
-0.011472
-0.011472
-0.011472
-0.011472
-0.011447
-0.011447
-0.011472
-0.011472
-0.011447
-0.011447
-0.011447
-0.011472
-0.011472
-0.011447
-0.011447
-0.011472
-0.011472
-0.011472
-0.011472
-0.011447
-0.011447
-0.011447
-0.011447
-0.011447
-0.011447
-0.011447
-0.011447
-0.011472
-0.011472
-0.011447
-0.011447
-0.011447
-0.011472
-0.011472
-0.011472
-0.011447
-0.011472
-0.011472
-0.011472
-0.011472
-0.011472
-0.011472
-0.011472
-0.011472
-0.011472
-0.011447
-0.011472
-0.011472
-0.011472
-0.011472
-0.011472
-0.011472
-0.011472
-0.011472
-0.011472
-0.011472
-0.011472
-0.011472
-0.011472
-0.011496
-0.011472
-0.011472
-0.011472
-0.011472
-0.011472
-0.011472
-0.011472
-0.011472
-0.011472
-0.011496
-0.011496
-0.011472
-0.011472
-0.011472
-0.011496
-0.011496
-0.011472
-0.011472
-0.011472
-0.011496
-0.011496
-0.011496
-0.011472
-0.011472
-0.011496
-0.011496
-0.011496
-0.011472
-0.011496
-0.011496
-0.011496
-0.011496
-0.011472
-0.011472
-0.011496
-0.011496
-0.011472
-0.011496
-0.011472
-0.011472
-0.011472
-0.011472
-0.011472
-0.011472
-0.011447
-0.011447
-0.011472
-0.011472
-0.011472
-0.011447
-0.011447
-0.011472
-0.011472
-0.011472
-0.011447
-0.011472
-0.011472
-0.011472
-0.011472
-0.011447
-0.011472
-0.011472
-0.011472
-0.011472
-0.011447
-0.011447
-0.011472
-0.011472
-0.011447
-0.011447
-0.011447
-0.011472
-0.011472
-0.011447
-0.011447
-0.011447
-0.011447
-0.011447
-0.011447
-0.011447
-0.011447
-0.011447
-0.011447
-0.011447
-0.011447
-0.011447
-0.011423
-0.011423
-0.011447
-0.011447
-0.011423
-0.011423
-0.011423
-0.011423
-0.011423
-0.011423
-0.011423
-0.011423
-0.011423
-0.011423
-0.011423
-0.011423
-0.011423
-0.011423
-0.011447
-0.011423
-0.011423
-0.011423
-0.011447
-0.011447
-0.011423
-0.011423
-0.011423
-0.011447
-0.011447
-0.011447
-0.011447
-0.011447
-0.011447
-0.011447
-0.011447
-0.011447
-0.011447
-0.011447
-0.011423
-0.011423
-0.011398
-0.011373
-0.011349
-0.011349
-0.011398
-0.011423
-0.011423
-0.011398
-0.011398
-0.011373
-0.011373
-0.011349
-0.011349
-0.011349
-0.011349
-0.011373
-0.011398
-0.011423
-0.011472
-0.011496
-0.011496
-0.011472
-0.011447
-0.011423
-0.011423
-0.011423
-0.011423
-0.011423
-0.011423
-0.011423
-0.011423
-0.011398
-0.011423
-0.011398
-0.011398
-0.011398
-0.011398
-0.011398
-0.011398
-0.011398
-0.011398
-0.011398
-0.011423
-0.011398
-0.011398
-0.011398
-0.011398
-0.011423
-0.011398
-0.011398
-0.011398
-0.011398
-0.011423
-0.011398
-0.011398
-0.011398
-0.011398
-0.011423
-0.011398
-0.011398
-0.011398
-0.011398
-0.011423
-0.011398
-0.011398
-0.011398
-0.011398
-0.011423
-0.011423
-0.011398
-0.011398
-0.011398
-0.011398
-0.011398
-0.011398
-0.011398
-0.011398
-0.011373
-0.011398
-0.011398
-0.011398
-0.011398
-0.011398
-0.011398
-0.011398
-0.011398
-0.011398
-0.011398
-0.011423
-0.011423
-0.011423
-0.011398
-0.011398
-0.011423
-0.011423
-0.011423
-0.011398
-0.011398
-0.011398
-0.011398
-0.011398
-0.011398
-0.011373
-0.011398
-0.011398
-0.011398
-0.011373
-0.011373
-0.011373
-0.011373
-0.011373
-0.011373
-0.011373
-0.011373
-0.011373
-0.011373
-0.011398
-0.011398
-0.011373
-0.011373
-0.011398
-0.011398
-0.011398
-0.011373
-0.011373
-0.011398
-0.011398
-0.011398
-0.011373
-0.011373
-0.011398
-0.011398
-0.011398
-0.011373
-0.011373
-0.011398
-0.011398
-0.011398
-0.011398
-0.011398
-0.011398
-0.011398
-0.011398
-0.011398
-0.011373
-0.011398
-0.011398
-0.011398
-0.011398
-0.011373
-0.011398
-0.011398
-0.011373
-0.011349
-0.011299
-0.011275
-0.011299
-0.011324
-0.011324
-0.011324
-0.011324
-0.011299
-0.011275
-0.011275
-0.01125
-0.011226
-0.01125
-0.011275
-0.011299
-0.011324
-0.011373
-0.011398
-0.011423
-0.011398
-0.011373
-0.011349
-0.011349
-0.011349
-0.011349
-0.011349
-0.011324
-0.011349
-0.011349
-0.011349
-0.011324
-0.011299
-0.011299
-0.011299
-0.011299
-0.011275
-0.011275
-0.011275
-0.011275
-0.011275
-0.011275
-0.011299
-0.011275
-0.011275
-0.011275
-0.011299
-0.011299
-0.011275
-0.011275
-0.011275
-0.011275
-0.011275
-0.011275
-0.01125
-0.011275
-0.011275
-0.011275
-0.011275
-0.01125
-0.011275
-0.011275
-0.011275
-0.01125
-0.01125
-0.01125
-0.011275
-0.01125
-0.01125
-0.01125
-0.01125
-0.01125
-0.01125
-0.01125
-0.011226
-0.01125
-0.01125
-0.01125
-0.01125
-0.01125
-0.011226
-0.011226
-0.011226
-0.01125
-0.01125
-0.01125
-0.01125
-0.01125
-0.011275
-0.011275
-0.01125
-0.01125
-0.01125
-0.011275
-0.011275
-0.01125
-0.01125
-0.01125
-0.01125
-0.01125
-0.01125
-0.01125
-0.01125
-0.011275
-0.011275
-0.011275
-0.01125
-0.01125
-0.011275
-0.011275
-0.011275
-0.011275
-0.011275
-0.011275
-0.011275
-0.011275
-0.011275
-0.011275
-0.011275
-0.011275
-0.011275
-0.011275
-0.011275
-0.01125
-0.01125
-0.011275
-0.011275
-0.011275
-0.01125
-0.01125
-0.01125
-0.011275
-0.01125
-0.01125
-0.01125
-0.01125
-0.011275
-0.01125
-0.01125
-0.01125
-0.011275
-0.011275
-0.01125
-0.01125
-0.01125
-0.01125
-0.01125
-0.01125
-0.01125
-0.01125
-0.01125
-0.011275
-0.01125
-0.01125
-0.01125
-0.01125
-0.011275
-0.01125
-0.01125
-0.01125
-0.01125
-0.01125
-0.01125
-0.01125
-0.011226
-0.011226
-0.011226
-0.011226
-0.011226
-0.011201
-0.011201
-0.011226
-0.011226
-0.011226
-0.011201
-0.011201
-0.011226
-0.011226
-0.011226
-0.011201
-0.011226
-0.011226
-0.011226
-0.011226
-0.011226
-0.011226
-0.011226
-0.011226
-0.011226
-0.011201
-0.011201
-0.011226
-0.011226
-0.011226
-0.011201
-0.011201
-0.011226
-0.011226
-0.011201
-0.011201
-0.011201
-0.011201
-0.011201
-0.011226
-0.011226
-0.011226
-0.011201
-0.011201
-0.011226
-0.011226
-0.011226
-0.011226
-0.011226
-0.011226
-0.01125
-0.011226
-0.011226
-0.011226
-0.011226
-0.01125
-0.011226
-0.011226
-0.011226
-0.01125
-0.01125
-0.01125
-0.011226
-0.011226
-0.011226
-0.011226
-0.011226
-0.011226
-0.011226
-0.01125
-0.01125
-0.011226
-0.011201
-0.011176
-0.011176
-0.011176
-0.011201
-0.011201
-0.011176
-0.011152
-0.011127
-0.011127
-0.011127
-0.011127
-0.011127
-0.011152
-0.011201
-0.01125
-0.011275
-0.011275
-0.01125
-0.01125
-0.011226
-0.011201
-0.011201
-0.011176
-0.011201
-0.011201
-0.011201
-0.011201
-0.011176
-0.011201
-0.011201
-0.011201
-0.011201
-0.011176
-0.011201
-0.011201
-0.011201
-0.011201
-0.011201
-0.011201
-0.011201
-0.011201
-0.011201
-0.011176
-0.011176
-0.011152
-0.011176
-0.011176
-0.011176
-0.011176
-0.011152
-0.011176
-0.011176
-0.011176
-0.011152
-0.011152
-0.011152
-0.011176
-0.011176
-0.011152
-0.011152
-0.011152
-0.011176
-0.011152
-0.011152
-0.011152
-0.011152
-0.011152
-0.011152
-0.011127
-0.011127
-0.011127
-0.011127
-0.011127
-0.011102
-0.011102
-0.011102
-0.011127
-0.011127
-0.011102
-0.011102
-0.011102
-0.011127
-0.011127
-0.011127
-0.011127
-0.011127
-0.011127
-0.011152
-0.011152
-0.011127
-0.011127
-0.011127
-0.011152
-0.011152
-0.011127
-0.011127
-0.011127
-0.011152
-0.011127
-0.011127
-0.011127
-0.011127
-0.011127
-0.011127
-0.011102
-0.011102
-0.011102
-0.011127
-0.011127
-0.011127
-0.011102
-0.011127
-0.011127
-0.011127
-0.011102
-0.011102
-0.011102
-0.011127
-0.011102
-0.011102
-0.011102
-0.011102
-0.011078
-0.011102
-0.011102
-0.011102
-0.011102
-0.011102
-0.011102
-0.011102
-0.011102
-0.011102
-0.011102
-0.011102
-0.011127
-0.011127
-0.011102
-0.011102
-0.011102
-0.011127
-0.011127
-0.011102
-0.011102
-0.011102
-0.011127
-0.011127
-0.011102
-0.011102
-0.011102
-0.011102
-0.011102
-0.011102
-0.011102
-0.011102
-0.011102
-0.011102
-0.011102
-0.011078
-0.011102
-0.011102
-0.011102
-0.011078
-0.011078
-0.011078
-0.011078
-0.011078
-0.011078
-0.011078
-0.011053
-0.011078
-0.011078
-0.011078
-0.011053
-0.011053
-0.011053
-0.011078
-0.011078
-0.011053
-0.011053
-0.011053
-0.011053
-0.011078
-0.011053
-0.011053
-0.011053
-0.011078
-0.011078
-0.011078
-0.011078
-0.011078
-0.011078
-0.011078
-0.011078
-0.011053
-0.011078
-0.011078
-0.011102
-0.011078
-0.011078
-0.011078
-0.011078
-0.011078
-0.011078
-0.011078
-0.011078
-0.011053
-0.011078
-0.011078
-0.011078
-0.011053
-0.011053
-0.011053
-0.011053
-0.011078
-0.011053
-0.011053
-0.011053
-0.011078
-0.011078
-0.011029
-0.011004
-0.010979
-0.010979
-0.010979
-0.011004
-0.011004
-0.011029
-0.011029
-0.011029
-0.011004
-0.010979
-0.010955
-0.010955
-0.010955
-0.010955
-0.010955
-0.011004
-0.011053
-0.011078
-0.011102
-0.011078
-0.010979
-0.011004
-0.011004
-0.011004
-0.011004
-0.011004
-0.011004
-0.011004
-0.011004
-0.011004
-0.011004
-0.011004
-0.011004
-0.011004
-0.011004
-0.011004
-0.011004
-0.011004
-0.011029
-0.011004
-0.011004
-0.011004
-0.011004
-0.011029
-0.011004
-0.010979
-0.010979
-0.011004
-0.011004
-0.011004
-0.010979
-0.010979
-0.011004
-0.011004
-0.010979
-0.010979
-0.010979
-0.010979
-0.010979
-0.010979
-0.010979
-0.010979
-0.010955
-0.010955
-0.010979
-0.010979
-0.010979
-0.010955
-0.010955
-0.010979
-0.010979
-0.010979
-0.010979
-0.010955
-0.010979
-0.010979
-0.010979
-0.010955
-0.010955
-0.010979
-0.010979
-0.010979
-0.010955
-0.010955
-0.010979
-0.010979
-0.010955
-0.010955
-0.010955
-0.010955
-0.010979
-0.010979
-0.010955
-0.010955
-0.010979
-0.010979
-0.010979
-0.010955
-0.010955
-0.010979
-0.010979
-0.011004
-0.010979
-0.010979
-0.010979
-0.010979
-0.011004
-0.011004
-0.010979
-0.010979
-0.010979
-0.011004
-0.011004
-0.010979
-0.010979
-0.010979
-0.010979
-0.010979
-0.010979
-0.010979
-0.010979
-0.010979
-0.010979
-0.010979
-0.010979
-0.010979
-0.010979
-0.010979
-0.010979
-0.010979
-0.010979
-0.010979
-0.010955
-0.01093
-0.010906
-0.010906
-0.01093
-0.010955
-0.010955
-0.010955
-0.010906
-0.010881
-0.010881
-0.010906
-0.01093
-0.010955
-0.011004
-0.011053
-0.011078
-0.011053
-0.011029
-0.010979
-0.010979
-0.010979
-0.010979
-0.010979
-0.010955
-0.010979
-0.010979
-0.010979
-0.010955
-0.010955
-0.010955
-0.010955
-0.010955
-0.010955
-0.010955
-0.010955
-0.010955
-0.010955
-0.01093
-0.01093
-0.01093
-0.010955
-0.010955
-0.01093
-0.01093
-0.01093
-0.010955
-0.01093
-0.010955
-0.01093
-0.01093
-0.01093
-0.01093
-0.01093
-0.01093
-0.01093
-0.010906
-0.01093
-0.01093
-0.01093
-0.010906
-0.010906
-0.010906
-0.01093
-0.010906
-0.010906
-0.010906
-0.010906
-0.01093
-0.01093
-0.010906
-0.010906
-0.010906
-0.01093
-0.010906
-0.010906
-0.010906
-0.010906
-0.01093
-0.01093
-0.010906
-0.010906
-0.010906
-0.01093
-0.01093
-0.010906
-0.010906
-0.010906
-0.01093
-0.01093
-0.01093
-0.01093
-0.01093
-0.01093
-0.01093
-0.01093
-0.01093
-0.01093
-0.01093
-0.010955
-0.010955
-0.01093
-0.01093
-0.01093
-0.01093
-0.01093
-0.01093
-0.01093
-0.01093
-0.01093
-0.01093
-0.01093
-0.01093
-0.01093
-0.01093
-0.01093
-0.01093
-0.01093
-0.01093
-0.010955
-0.010955
-0.01093
-0.01093
-0.01093
-0.010955
-0.010955
-0.01093
-0.01093
