2018
6
7
10
49
7.6817
0.010536
0.010561
0.010561
0.010536
0.010561
0.010586
0.010586
0.010536
0.010512
0.010536
0.010586
0.01061
0.010586
0.010561
0.010586
0.01061
0.010635
0.01061
0.010586
0.010586
0.010586
0.010586
0.010536
0.010487
0.010462
0.010487
0.010462
0.010438
0.010413
0.010413
0.010413
0.010413
0.010389
0.010389
0.010389
0.010413
0.010413
0.010389
0.010364
0.010364
0.010339
0.010364
0.010364
0.010364
0.010339
0.010339
0.010364
0.010364
0.010339
0.010315
0.010315
0.010339
0.010339
0.010315
0.010315
0.01029
0.010315
0.010315
0.010315
0.01029
0.01029
0.01029
0.010315
0.01029
0.010266
0.010266
0.01029
0.01029
0.010266
0.010241
0.010241
0.010266
0.010266
0.010266
0.010241
0.010216
0.010241
0.010266
0.010241
0.010216
0.010216
0.010216
0.010241
0.010266
0.010241
0.010216
0.010216
0.010241
0.010241
0.010216
0.010192
0.010192
0.010216
0.010216
0.010192
0.010167
0.010167
0.010192
0.010192
0.010192
0.010167
0.010167
0.010167
0.010192
0.010167
0.010142
0.010142
0.010167
0.010192
0.010167
0.010142
0.010142
0.010167
0.010167
0.010167
0.010142
0.010118
0.010142
0.010142
0.010142
0.010118
0.010093
0.010093
0.010093
0.010118
0.010118
0.010093
0.010069
0.010093
0.010118
0.010093
0.010069
0.010069
0.010069
0.010093
0.010069
0.010044
0.010044
0.010044
0.010069
0.010044
0.010019
0.010019
0.010044
0.010044
0.010044
0.010019
0.0099947
0.010019
0.010044
0.010019
0.0099947
0.0099947
0.0099947
0.010019
0.0099947
0.0099701
0.0099701
0.0099701
0.0099947
0.0099701
0.0099947
0.0099701
0.0099455
0.0099455
0.0099455
0.0099701
0.0099455
0.0099209
0.0099209
0.0099455
0.0099701
0.0099701
0.0099701
0.0099947
0.010019
0.010044
0.010044
0.010019
0.010019
0.010019
0.010044
0.010044
0.010044
0.010019
0.010044
0.010069
0.010069
0.010069
0.010069
0.010069
0.010093
0.010069
0.010044
0.0099947
0.0099701
0.0099701
0.0099455
0.0099209
0.0098962
0.0098716
0.009847
0.0098716
0.0098716
0.0098716
0.009847
0.0098224
0.009847
0.009847
0.009847
0.0098224
0.0097978
0.0098224
0.009847
0.0098224
0.0097978
0.0097978
0.0097978
0.0098224
0.0098224
0.0097978
0.0097978
0.0097978
0.0098224
0.0098224
0.0097978
0.0097978
0.0097978
0.0098224
0.0098224
0.0097978
0.0097732
0.0097732
0.0097978
0.0097978
0.0097732
0.0097485
0.0097485
0.0097732
0.0097732
0.0097485
0.0097485
0.0097239
0.0096993
0.0097239
0.0097485
0.0097485
0.0097239
0.0096993
0.0096993
0.0097239
0.0097239
0.0096993
0.0096993
0.0096993
0.0097239
0.0097239
0.0096993
0.0096993
0.0096993
0.0097239
0.0097239
0.0096993
0.0096747
0.0096747
0.0096993
0.0096993
0.0096747
0.0096501
0.0096747
0.0096747
0.0096993
0.0096747
0.0096501
0.0096501
0.0096747
0.0096747
0.0096501
0.0096501
0.0096501
0.0096254
0.0096254
0.0096501
0.0096501
0.0096501
0.0096254
0.0096254
0.0096501
0.0096501
0.0096254
0.0096008
0.0096008
0.0096254
0.0096254
0.0096008
0.0095762
0.0096008
0.0096008
0.0096254
0.0096008
0.0095762
0.0095762
0.0096008
0.0096008
0.0096008
0.0095762
0.0095762
0.0096008
0.0096008
0.0095762
0.0095516
0.0095516
0.0095762
0.0095762
0.0095516
0.0095516
0.009527
0.0095516
0.0095762
0.0095516
0.0095516
0.0095516
0.009527
0.009527
0.009527
0.0095516
0.009527
0.0095024
0.0095024
0.009527
0.009527
0.0095024
0.0094777
0.0094777
0.0095024
0.0095024
0.0095024
0.0094777
0.0094777
0.0095024
0.0095024
0.0095024
0.0094777
0.0094531
0.0094777
0.0095024
0.0094777
0.0094531
0.0094531
0.0094777
0.0094777
0.0094777
0.0094531
0.0094531
0.0094531
0.0094777
0.0094531
0.0094285
0.0094285
0.0094531
0.0094285
0.0094531
0.0094531
0.0094531
0.0094285
0.0094039
0.0094285
0.0094285
0.0094285
0.0094039
0.0093793
0.0094039
0.0094285
0.0094039
0.0093793
0.0093793
0.0094039
0.0094039
0.0094039
0.0093793
0.0093547
0.0093793
0.0094039
0.0093793
0.0093547
0.0093547
0.0093793
0.0093793
0.0093793
0.0093547
0.0093547
0.0093793
0.0093793
0.0093793
0.0093547
0.0093547
0.0093547
0.0093793
0.0093547
0.0093547
0.0094285
0.0094039
0.0094039
0.0094285
0.0094531
0.0094531
0.0094039
0.0094039
0.0094285
0.0094531
0.0094777
0.0094531
0.0094531
0.0094777
0.0095024
0.0095024
0.0094777
0.0094777
0.0094777
0.0094777
0.0094531
0.0094039
0.0093547
0.0093547
0.0093547
0.00933
0.0093054
0.0092808
0.0092808
0.0093054
0.0093054
0.0092808
0.0092562
0.0092808
0.0092808
0.0092808
0.0092562
0.0092316
0.0092562
0.0092808
0.0092316
0.0092562
0.0092316
0.009207
0.009207
0.009207
0.0092316
0.0092316
0.009207
0.0091823
0.009207
0.0092316
0.0092316
0.0091823
0.0091823
0.0091823
0.009207
0.009207
0.0091823
0.0091577
0.0091823
0.009207
0.0091823
0.0091577
0.0091331
0.0091577
0.0091577
0.0091577
0.0091331
0.0091085
0.0091331
0.0091331
0.0091331
0.0091085
0.0090839
0.0091085
0.0091331
0.0091331
0.0091085
0.0090839
0.0091085
0.0090839
0.0091085
0.0091331
0.0091331
0.0091085
0.0090839
0.0091085
0.0091331
0.0091331
0.0091085
0.0090839
0.0090839
0.0091085
0.0091085
0.0090839
0.0090592
0.0090839
0.0091085
0.0091085
0.0090839
0.0090592
0.0090592
0.0090839
0.0090839
0.0090592
0.0090346
0.0090592
0.0090592
0.0090839
0.0090592
0.0090346
0.0090346
0.0090592
0.0090592
0.0090346
0.00901
0.0090346
0.0090592
0.0090592
0.0090346
0.0090346
0.00901
0.0089854
0.00901
0.0090346
0.0090346
0.00901
0.0089854
0.0089854
0.00901
0.00901
0.0089854
0.0089608
0.0089608
0.0089854
0.00901
0.0089854
0.0089608
0.0089608
0.0089854
0.0089854
0.0089608
0.0089362
0.0089608
0.0089854
0.0089854
0.0089608
0.0089362
0.0089362
0.0089608
0.0089608
0.0089362
0.0089115
0.0089115
0.0089362
0.0089608
0.0089362
0.0089115
0.0089115
0.0088869
0.0089115
0.0089115
0.0088869
0.0088623
0.0088623
0.0088869
0.0089115
0.0088869
0.0088623
0.0088623
0.0088869
0.0088869
0.0088869
0.0088377
0.0088623
0.0088869
0.0088869
0.0088623
0.0088377
0.0088377
0.0088623
0.0088869
0.0088623
0.0088131
0.0088131
0.0088377
0.0088623
0.0088377
0.0088131
0.0088131
0.0088377
0.0088377
0.0088377
0.0087885
0.0087885
0.0088131
0.0088377
0.0088131
0.0087885
0.0087885
0.0087638
0.0087638
0.0087885
0.0088131
0.0087885
0.0087638
0.0087638
0.0087885
0.0087885
0.0087885
0.0087638
0.0087392
0.0087638
0.0087885
0.0087885
0.0087638
0.0087638
0.0088131
0.0088623
0.0088377
0.0088131
0.0088131
0.0088623
0.0088623
0.0088377
0.0088131
0.0088131
0.0088623
0.0088869
0.0088869
0.0088623
0.0088623
0.0088869
0.0089362
0.0089115
0.0088869
0.0088623
0.0088623
0.0088623
0.0087638
0.0087638
0.0087392
0.00869
0.00869
0.0087146
0.0087146
0.0087146
0.0086654
0.0086654
0.00869
0.0087146
0.00869
0.0086654
0.0086407
0.0086654
0.00869
0.0086654
0.0086407
0.0086407
0.0086654
0.00869
0.0086654
0.0086407
0.0086407
0.0086407
0.0086654
0.0086654
0.0086407
0.0086161
0.0086407
0.0086654
0.0086407
0.0086161
0.0085915
0.0086161
0.0086407
0.0086161
0.0085915
0.0085669
0.0085669
0.0085669
0.0085915
0.0085915
0.0085915
0.0085669
0.0085423
0.0085669
0.0085915
0.0085669
0.0085423
0.0085423
0.0085423
0.0085669
0.0085669
0.0085423
0.0085177
0.0085423
0.0085669
0.0085669
0.0085423
0.0085177
0.0085423
0.0085669
0.0085669
0.0085423
0.0085177
0.0085423
0.0085669
0.0085669
0.0085177
0.0085177
0.0085177
0.0085423
0.0085423
0.0085177
0.008493
0.0085177
0.0085423
0.0085423
0.0085177
0.008493
0.0084684
0.008493
0.0085177
0.0085177
0.008493
0.0084684
0.008493
0.0085177
0.0085177
0.0084684
0.0084438
0.0084684
0.008493
0.008493
0.0084684
0.0084438
0.0084438
0.008493
0.0084684
0.0084438
0.0084192
0.0084438
0.0084684
0.0084684
0.0084438
0.0084192
0.0084438
0.0084684
0.0084684
0.0084192
0.0083946
0.0084192
0.0084438
0.0084438
0.0084192
0.0083946
0.0083946
0.0084438
0.0084192
0.0084192
0.0083946
0.00837
0.00837
0.0083946
0.0084192
0.0083946
0.00837
0.00837
0.0083946
0.0083946
0.00837
0.0083453
0.0083453
0.00837
0.00837
0.0083453
0.0083207
0.0083207
0.0083453
0.00837
0.0083453
0.0082961
0.0083207
0.0083453
0.0083453
0.0083207
0.0082961
0.0082961
0.0083207
0.0083453
0.0083207
0.0082961
0.0082961
0.0083207
0.0083207
0.0082961
0.0082715
0.0082715
0.0082469
0.0082715
0.0082961
0.0082961
0.0082715
0.0082469
0.0082469
0.0082715
0.0082961
0.0082715
0.0082469
0.0082469
0.0082715
0.0082715
0.0082469
0.0082223
0.0082223
0.0082469
0.0082715
0.0082469
0.0081976
0.0082223
0.0082469
0.0082469
0.0082469
0.0081976
0.0081976
0.0082469
0.0082469
0.0082223
0.0081976
0.0082223
0.0082715
0.0082961
0.0082961
0.0082715
0.0082715
0.0083207
0.0083453
0.0083207
0.0083453
0.0083453
0.0083207
0.0083207
0.00837
0.0083946
0.00837
0.0083453
0.0083453
0.00837
0.00837
0.0083207
0.0082715
0.0082469
0.0082469
0.0082469
0.0082223
0.008173
0.008173
0.008173
0.0081976
0.008173
0.0081484
0.0081484
0.0081484
0.008173
0.0081484
0.0081238
0.0081238
0.0081484
0.008173
0.0081484
0.0081238
0.0080992
0.0081238
0.0081484
0.0081484
0.0080992
0.0080992
0.0081238
0.0080992
0.0080992
0.0081238
0.0081238
0.0080745
0.0080745
0.0080992
0.0081238
0.0080992
0.0080499
0.0080499
0.0080745
0.0080992
0.0080745
0.0080499
0.0080499
0.0080745
0.0080745
0.0080745
0.0080499
0.0080253
0.0080499
0.0080745
0.0080499
0.0080253
0.0080007
0.0080253
0.0080499
0.0080253
0.0080007
0.0080007
0.0080253
0.0080499
0.0080253
0.0080007
0.0080007
0.0080253
0.0080499
0.0080499
0.0080007
0.0080253
0.0080007
0.0080007
0.0080253
0.0080253
0.0080253
0.0080007
0.0079761
0.0080007
0.0080253
0.0080253
0.0080007
0.0079761
0.0080007
0.0080007
0.0080007
0.0079761
0.0079515
0.0079761
0.0080007
0.0080007
0.0079515
0.0079515
0.0079761
0.0079761
0.0079761
0.0079515
0.0079268
0.0079515
0.0079761
0.0079761
0.0079268
0.0079268
0.0079268
0.0079515
0.0079515
0.0079268
0.0079022
0.0079268
0.0079515
0.0079022
0.0079268
0.0079268
0.0079022
0.0078776
0.0079022
0.0079022
0.0079022
0.0078776
0.0078776
0.0078776
0.0079022
0.0079022
0.0078776
0.007853
0.007853
0.0078776
0.0078776
0.0078284
0.0078284
0.0078284
0.007853
0.007853
0.0078284
0.0078284
0.0078284
0.007853
0.007853
0.0078284
0.0078038
0.0078038
0.0078284
0.007853
0.0078038
0.0077791
0.0078038
0.0078284
0.0078284
0.0078038
0.0077791
0.0077791
0.0077545
0.0077791
0.0078038
0.0078038
0.0077791
0.0077545
0.0077545
0.0077791
0.0077791
0.0077545
0.0077545
0.0077791
0.0078284
0.007853
0.007853
0.0078284
0.0078284
0.0078776
0.0078776
0.0078284
0.0078038
0.0078284
0.0078776
0.0078776
0.0078776
0.007853
0.0078776
0.0079022
0.0079268
0.0079022
0.0078776
0.0078776
0.0079022
0.0078776
0.0078284
0.0077791
0.0077791
0.0077791
0.0077791
0.0077299
0.0077299
0.0077053
0.0076807
0.0076807
0.0077053
0.0077053
0.0076807
0.007656
0.007656
0.0076807
0.0077053
0.0076807
0.007656
0.007656
0.0076807
0.0076807
0.007656
0.007656
0.007656
0.0076807
0.0076807
0.007656
0.0076314
0.007656
0.0076807
0.0076807
0.007656
0.0076314
0.0076314
0.007656
0.007656
0.0076314
0.0076068
0.0076068
0.0076314
0.0076314
0.0076068
0.0075822
0.0075822
0.0075822
0.0075822
0.0076068
0.0076068
0.0075822
0.0075576
0.0075576
0.0076068
0.0076068
0.0075822
0.0075576
0.0075576
0.0075822
0.0076068
0.0076068
0.0075576
0.0075576
0.0076068
0.0076068
0.0075822
0.0075576
0.0075576
0.0075822
0.0076068
0.0075822
0.0075576
0.0075576
0.0075822
0.0075822
0.0075822
0.007533
0.0075576
0.0075576
0.0075822
0.0075576
0.007533
0.007533
0.0075576
0.0075822
0.0075576
0.0075576
0.007533
0.0075083
0.007533
0.0075576
0.007533
0.0075083
0.0075083
0.007533
0.007533
0.007533
0.0075083
0.0074837
0.0075083
0.007533
0.0075083
0.0074837
0.0074837
0.0075083
0.007533
0.0075083
0.0074591
0.0074591
0.0074837
0.0075083
0.0074837
0.0074591
0.0074345
0.0074591
0.0074837
0.0074837
0.0074345
0.0074345
0.0074591
0.0074837
0.0074591
0.0074345
0.0074099
0.0074345
0.0074591
0.0074345
0.0074591
0.0074345
0.0074099
0.0074099
0.0074099
0.0074345
0.0074345
0.0073853
0.0073853
0.0074099
0.0074099
0.0074099
0.0073853
0.0073606
0.0073853
0.0074099
0.0074099
0.0073606
0.0073606
0.0073606
0.0073853
0.0073853
0.0073606
0.007336
0.0073606
0.0073853
0.0073606
0.007336
0.0073114
0.007336
0.0073606
0.0073606
0.0073114
0.0073114
0.007336
0.007336
0.007336
0.0073114
0.0073114
0.0073114
0.0073114
0.0073114
0.007336
0.007336
0.0073114
0.0072868
0.0072868
0.0073114
0.0073114
0.0072868
0.0072622
0.0072868
0.0073114
0.0072868
0.0072622
0.0072622
0.0072622
0.0072868
0.0072868
0.0072622
0.0072375
0.0072622
0.0072868
0.0072868
0.0072375
0.0072375
0.0072375
0.0072868
0.0072622
0.0072375
0.0072375
0.0072375
0.0072622
0.0072622
0.0072375
0.0072129
0.0072375
0.0072622
0.0072622
0.0073114
0.007336
0.0073114
0.0072868
0.0073114
0.007336
0.007336
0.0073114
0.0072868
0.007336
0.0073606
0.0073606
0.0073606
0.007336
0.0073606
0.0074099
0.0074099
0.0073853
0.0073606
0.0073606
0.0073606
0.007336
0.0072868
0.0072375
0.0072375
0.0072375
0.0072375
0.0071883
0.0071637
0.0071637
0.0071883
0.0071883
0.0071637
0.0071391
0.0071637
0.0071883
0.0071883
0.0071637
0.0071391
0.0071391
0.0071391
0.0071391
0.0071637
0.0071637
0.0071391
0.0071145
0.0071391
0.0071637
0.0071637
0.0071391
0.0071145
0.0071145
0.0071391
0.0071391
0.0071145
0.0070898
0.0071145
0.0071391
0.0071391
0.0071145
0.0070898
0.0070898
0.0071145
0.0071145
0.0070898
0.0070652
0.0070898
0.0071145
0.0071145
0.0070898
0.0070652
0.0070652
0.0070898
0.0070898
0.0070652
0.0070406
0.0070406
0.0070652
0.0070898
0.0070652
0.0070652
0.0070406
0.0070406
0.0070406
0.0070652
0.0070898
0.0070652
0.0070406
0.0070406
0.0070652
0.0070898
0.0070652
0.0070406
0.0070406
0.0070652
0.0070652
0.0070652
0.007016
0.007016
0.0070652
0.0070652
0.0070406
0.007016
0.007016
0.0070406
0.0070652
0.0070406
0.007016
0.007016
0.0070406
0.0070406
0.0070406
0.007016
0.0069914
0.007016
0.0070406
0.007016
0.0069914
0.0069914
0.007016
0.0069668
0.0069914
0.007016
0.0069914
0.0069421
0.0069668
0.0069914
0.0069914
0.0069668
0.0069421
0.0069421
0.0069668
0.0069668
0.0069668
0.0069421
0.0069421
0.0069668
0.0069668
0.0069668
0.0069175
0.0069175
0.0069421
0.0069668
0.0069421
0.0069175
0.0069175
0.0069421
0.0069421
0.0069421
0.0069421
0.0069421
0.0069914
0.0070406
0.0070406
0.0069914
0.007016
0.0070406
0.0070406
0.007016
0.0069914
0.0070652
0.0070652
0.0070898
0.0071145
0.0070898
0.0070406
0.007016
0.007016
0.007016
0.0069668
0.0069175
0.0068929
0.0068929
0.0069175
0.0068929
0.0068437
0.0068437
0.0068437
0.0068683
0.0068683
0.0068437
0.0068191
0.0068437
0.0068683
0.0068437
0.0068191
0.0068191
0.0068191
0.0068437
0.0068437
0.0068191
0.0067944
0.0068191
0.0068437
0.0068437
0.0067944
0.0067944
0.0068191
0.0068191
0.0068191
0.0068191
0.0068191
0.0067944
0.0067698
0.0067944
0.0068191
0.0067944
0.0067698
0.0067452
0.0067698
0.0067698
0.0067698
0.0067452
0.0067206
0.0067452
0.0067452
0.0067452
0.0067206
0.006696
0.0067206
0.0067452
0.0067452
0.0067206
0.006696
0.0067206
0.0067452
0.0067452
0.0067206
0.0067206
0.0067206
0.0067452
0.0067452
0.0067206
0.0067206
0.0067206
0.0067452
0.0067452
0.0067206
0.006696
0.0067206
0.006696
0.0067206
0.0067452
0.0067452
0.006696
0.006696
0.006696
0.0067206
0.0067206
0.006696
0.0066713
0.006696
0.0067206
0.0067206
0.006696
0.0066713
0.006696
0.0067206
0.0067206
0.006696
0.0066713
0.006696
0.0067206
0.0067206
0.0066713
0.0066713
0.0066713
0.006696
0.006696
0.0066713
0.0066467
0.0066467
0.0066713
0.0066713
0.0066467
0.0066221
0.0066467
0.0066713
0.0066713
0.0066467
0.0066467
0.0066221
0.0066221
0.0066467
0.0066467
0.0066221
0.0065975
0.0066221
0.0066467
0.0066467
0.0066221
0.0065975
0.0065975
0.0066221
0.0066221
0.0065975
0.0065729
0.0065975
0.0066221
0.0066221
0.0065975
0.0065729
0.0065975
0.0066221
0.0066221
0.0065975
0.0065729
0.0065729
0.0065975
0.0066221
0.0065729
0.0065483
0.0065729
0.0065975
0.0065975
0.0065729
0.0065483
0.0065483
0.0065975
0.0065975
0.0065729
0.0065729
0.0065483
0.0065236
0.0065236
0.0065729
0.0065729
0.0065483
0.0065236
0.0065236
0.0065483
0.0065483
0.0065236
0.0065236
0.0065236
0.0065483
0.0065483
0.0065483
0.0065236
0.0065236
0.0065483
0.0065483
0.0065236
0.006499
0.0065236
0.0065483
0.0065483
0.0065236
0.006499
0.006499
0.0065236
0.0065483
0.0065236
0.006499
0.006499
0.0065236
0.0065236
0.006499
0.0064744
0.0064744
0.0064744
0.0064744
0.006499
0.0065236
0.006499
0.0064744
0.0064744
0.006499
0.006499
0.006499
0.0064744
0.0064744
0.006499
0.006499
0.0064744
0.0064744
0.0064744
0.0065236
0.0065483
0.0065483
0.0065483
0.0065483
0.0065729
0.0065975
0.0065729
0.0065236
0.0065483
0.0065729
0.0065975
0.0065975
0.0065729
0.0065975
0.0066221
0.0066467
0.0066221
0.0065975
0.0065975
0.0066221
0.0066221
0.0065729
0.006499
0.0064744
0.0064498
0.0064252
0.0064498
0.0064744
0.0064498
0.0064252
0.0064252
0.0064252
0.0064498
0.0064252
0.0064006
0.0064006
0.0064252
0.0064252
0.0064252
0.0064006
0.0064006
0.0064252
0.0064252
0.0064252
0.0064006
0.0063759
0.0064006
0.0064252
0.0064006
0.0063759
0.0063759
0.0064006
0.0064252
0.0064006
0.0063759
0.0063759
0.0064006
0.0064252
0.0064006
0.0063759
0.0063759
0.0063759
0.0063513
0.0063759
0.0064006
0.0063759
0.0063513
0.0063513
0.0063759
0.0063759
0.0063759
0.0063267
0.0063267
0.0063513
0.0063513
0.0063513
0.0063267
0.0063267
0.0063513
0.0063513
0.0063513
0.0063267
0.0063267
0.0063513
0.0063513
0.0063513
0.0063267
0.0063267
0.0063267
0.0063513
0.0063513
0.0063267
0.0063021
0.0063267
0.0063513
0.0063267
0.0063021
0.0063021
0.0063021
0.0063267
0.0063267
0.0063021
0.0063021
0.0062775
0.0062775
0.0062775
0.0063021
0.0063021
0.0062775
0.0062775
0.0062775
0.0063021
0.0063021
0.0062775
0.0062528
0.0062775
0.0063021
0.0062775
0.0062528
0.0062528
0.0062528
0.0062775
0.0062775
0.0062528
0.0062282
0.0062528
0.0062775
0.0062528
0.0062282
0.0062282
0.0062282
0.0062528
0.0062528
0.0062282
0.0062036
0.0062282
0.0062282
0.0062282
0.0062036
0.0062036
0.0062036
0.0062282
0.0062282
0.0062036
0.006179
0.006179
0.006179
0.0062036
0.0062036
0.006179
0.006179
0.006179
0.0062036
0.0062036
0.006179
0.006179
0.006179
0.0062036
0.006179
0.0061544
0.0061544
0.0061544
0.006179
0.006179
0.0061544
0.0061298
0.0061298
0.0061544
0.0061544
0.0061544
0.0061298
0.0061544
0.0061544
0.0061544
0.0061298
0.0061298
0.0061298
0.0061544
0.0061544
0.0061298
0.0061051
0.0061298
0.0061051
0.0061051
0.0061298
0.0061298
0.0061051
0.0061051
0.0061051
0.0061298
0.0061298
0.0061051
0.0060805
0.0060805
0.0061051
0.0061298
0.0061051
0.0061051
0.0061544
0.006179
0.0062036
0.006179
0.0061544
0.006179
0.006179
0.006179
0.006179
0.0061544
0.006179
0.0062282
0.0062282
0.0062282
0.0062036
0.0062282
0.0062528
0.0062528
0.0062282
0.0062036
0.0062036
0.0062036
0.006179
0.0061298
0.0060805
0.0060559
0.0060313
0.0060313
0.0060559
0.0060559
0.0060313
0.0060067
0.0060067
0.0060313
0.0060313
0.0060067
0.0059821
0.0059821
0.0060067
0.0060313
0.0060067
0.0059821
0.0059821
0.0060067
0.0060067
0.0060067
0.0059821
0.0059821
0.0060067
0.0060067
0.0060067
0.0059821
0.0059821
0.0059821
0.0060067
0.0059821
0.0059574
0.0059574
0.0059574
0.0059821
0.0059574
0.0059328
0.0059328
0.0059574
0.0059082
0.0059328
0.0059328
0.0059328
0.0059082
0.0059082
0.0059328
0.0059328
0.0059082
0.0058836
0.0058836
0.0059082
0.0059328
0.0059082
0.0058836
0.0058836
0.0059082
0.0059328
0.0059082
0.0058836
0.0058836
0.0059082
0.0059328
0.0059082
0.0058836
0.0059082
0.0059082
0.0059328
0.0059082
0.0058836
0.0058836
0.0059082
0.0059082
0.0059082
0.0058836
0.0058836
0.0059082
0.0059082
0.0058836
0.005859
0.0058836
0.005859
0.005859
0.0058836
0.0058836
0.0058836
0.005859
0.005859
0.0058836
0.0059082
0.0058836
0.005859
0.005859
0.005859
0.0058836
0.005859
0.0058344
0.0058344
0.005859
0.005859
0.005859
0.0058344
0.0058344
0.0058344
0.005859
0.0058344
0.0058097
0.0058097
0.0058344
0.0058344
0.0058344
0.0058097
0.0058097
0.0058097
0.0058344
0.0058097
0.0057851
0.0057851
0.0058097
0.0058097
0.0058097
0.0058097
0.0057851
0.0057851
0.0057605
0.0057851
0.0058097
0.0057851
0.0057605
0.0057605
0.0057851
0.0057851
0.0057851
0.0057605
0.0057605
0.0057605
0.0057851
0.0057605
0.0057605
0.0057359
0.0057605
0.0057605
0.0057605
0.0057359
0.0057359
0.0057359
0.0057605
0.0057605
0.0057359
0.0057113
0.0057359
0.0057605
0.0057359
0.0057113
0.0057113
0.0057359
0.0057359
0.0057359
0.0057113
0.0057113
0.0057113
0.0057113
0.0057113
0.0057359
0.0057113
0.0056866
0.0056866
0.0057113
0.0057359
0.0057113
0.0056866
0.0056866
0.0056866
0.0057113
0.0057113
0.0056866
0.005662
0.0056866
0.0057113
0.0057113
0.0056866
0.005662
0.0056866
0.0056866
0.0056866
0.005662
0.005662
0.005662
0.0056866
0.0056866
0.005662
0.0056374
0.005662
0.0056866
0.0056866
0.005662
0.0056374
0.005662
0.0056866
0.0056866
0.005662
0.005662
0.0056374
0.0056374
0.005662
0.0056866
0.0057113
0.0057113
0.0057113
0.0057359
0.0057605
0.0057605
0.0057359
0.0057113
0.0057359
0.0057605
0.0057605
0.0057605
0.0057605
0.0057851
0.0058097
0.0058097
0.0058097
0.0058097
0.0058097
0.0058097
0.0058097
0.0057605
0.0057359
0.0057113
0.0057113
0.0056866
0.0056374
0.0056128
0.0056128
0.0056374
0.0056374
0.0055882
0.0055882
0.0055882
0.0055636
0.0055636
0.0055882
0.0055882
0.0055636
0.0055389
0.0055636
0.0055882
0.0055882
0.0055636
0.0055389
0.0055389
0.0055636
0.0055636
0.0055389
0.0055389
0.0055389
0.0055636
0.0055636
0.0055389
0.0055143
0.0055143
0.0055389
0.0055389
0.0055143
0.0055143
0.0055143
0.0055389
0.0055389
0.0055143
0.0054897
0.0054897
0.0055143
0.0055143
0.0054897
0.0054651
0.0054897
0.0055143
0.0055143
0.0054897
0.0054897
0.0054897
0.0054651
0.0054651
0.0054897
0.0054897
0.0054897
0.0054651
0.0054897
0.0055143
0.0055143
0.0054897
0.0054651
0.0054897
0.0054897
0.0055143
0.0054897
0.0054651
0.0054651
0.0054897
0.0054897
0.0054651
0.0054405
0.0054405
0.0054651
0.0054897
0.0054651
0.0054405
0.0054405
0.0054651
0.0054651
0.0054405
0.0054159
0.0054405
0.0054405
0.0054405
0.0054405
0.0054159
0.0054159
0.0054405
0.0054159
0.0054405
0.0054159
0.0053912
0.0053912
0.0054159
0.0054159
0.0053912
0.0053666
0.0053666
0.0053912
0.0054159
0.0053912
0.0053666
0.0053666
0.0053912
0.0054159
0.0053912
0.0053666
0.0053666
0.0053912
0.0054159
0.0053912
0.0053666
0.0053666
0.0053912
0.0053912
0.0053912
0.0053666
0.0053666
0.0053666
0.0053912
0.0053666
0.005342
0.005342
0.0053666
0.0053666
0.0053666
0.005342
0.005342
0.0053174
0.005342
0.0053666
0.005342
0.0053174
0.0053174
0.005342
0.005342
0.005342
0.0053174
0.0053174
0.0053174
0.005342
0.0053174
0.0053174
0.0053174
0.0053174
0.005342
0.0053174
0.0052928
0.0052928
0.0053174
0.0053174
0.0053174
0.0052928
0.0052928
0.005342
0.0053666
0.0053666
0.0053666
0.0053666
0.0053912
0.0054159
0.0054159
0.0053666
0.0053666
0.0053912
0.0054159
0.0054159
0.0053912
0.0054405
0.0054405
0.0054405
0.0054405
0.0054159
0.005342
0.0053174
0.0053174
0.0053174
0.0052928
0.0052681
0.0052435
0.0052435
0.0052681
0.0052435
0.0052189
0.0052189
0.0052189
0.0052435
0.0052189
0.0051943
0.0051943
0.0052189
0.0052435
0.0052189
0.0051943
0.0051943
0.0052189
0.0052189
0.0052189
0.0051943
0.0051943
0.0051943
0.0052189
0.0052189
0.0051943
0.0051697
0.0051943
0.0052189
0.0051943
0.0051943
0.0051697
0.0051697
0.0051697
0.0051943
0.0051943
0.0051697
0.0051451
0.0051697
0.0051697
0.0051697
0.0051451
0.0051451
0.0051451
0.0051697
0.0051697
0.0051451
0.0051204
0.0051451
0.0051697
0.0051697
0.0051451
0.0051204
0.0051451
0.0051697
0.0051697
0.0051451
0.0051451
0.0051697
0.0051697
0.0051697
0.0051451
0.0051451
0.0051697
0.0051697
0.0051697
0.0051451
0.0051451
0.0051451
0.0051697
0.0051451
0.0051697
0.0051697
0.0051451
0.0051451
0.0051451
0.0051697
0.0051697
0.0051451
0.0051204
0.0051451
0.0051697
0.0051451
0.0051204
0.0051204
0.0051204
0.0051451
0.0051451
0.0051204
0.0051204
0.0051204
0.0051451
0.0051451
0.0051204
0.0050958
0.0051204
0.0051451
0.0051451
0.0051204
0.0050958
0.0050958
0.0051204
0.0051204
0.0050958
0.0050958
0.0050958
0.0051204
0.0051204
0.0050958
0.0050712
0.0050958
0.0050712
0.0050958
0.0051204
0.0051204
0.0050958
0.0050712
0.0050712
0.0050958
0.0050958
0.0050712
0.0050466
0.0050712
0.0050958
0.0050712
0.0050712
0.0050466
0.0050466
0.0050712
0.0050712
0.0050712
0.0050466
0.0050466
0.0050712
0.0050712
0.0050466
0.0050466
0.0050466
0.0050712
0.0050712
0.0050466
0.005022
0.0050466
0.0050466
0.0050712
0.0050466
0.005022
0.0050466
0.0050466
0.0050466
0.0050466
0.0050466
0.005022
0.005022
0.005022
0.0050466
0.0050466
0.005022
0.0049974
0.0049974
0.005022
0.005022
0.005022
0.0049974
0.0049974
0.005022
0.005022
0.0049974
0.0049727
0.0049727
0.0049974
0.0049974
0.0049974
0.0049727
0.0049727
0.0049974
0.0049974
0.0049727
0.0049727
0.0049727
0.0049974
0.0049974
0.0049727
0.0049481
0.0049727
0.0049974
0.0049974
0.0049727
0.0049481
0.0049727
0.0049727
0.0049974
0.005022
0.0050466
0.0050466
0.0050466
0.0050466
0.0050712
0.0050712
0.0050466
0.005022
0.0050466
0.0050712
0.0050958
0.0050958
0.0050712
0.0050958
0.0051204
0.0051204
0.0051204
0.0050958
0.0050958
0.0050958
0.0050958
0.0050466
0.0049974
0.0049727
0.0049727
0.0049727
0.0049481
0.0049235
0.0048989
0.0049235
0.0049481
0.0049235
0.0048989
0.0048989
0.0049235
0.0049235
0.0048989
0.0049235
0.0048989
0.0048743
0.0048743
0.0048989
0.0048989
0.0048989
0.0048743
0.0048743
0.0048743
0.0048989
0.0048743
0.0048497
0.0048497
0.0048743
0.0048743
0.0048743
0.0048497
0.0048497
0.0048743
0.0048743
0.0048743
0.004825
0.004825
0.0048497
0.0048743
0.0048497
0.004825
0.004825
0.004825
0.0048497
0.004825
0.0048004
0.0048004
0.004825
0.004825
0.004825
0.0048004
0.0048004
0.0048004
