2018
5
17
11
21
19.246
0.038403
0.038403
0.038403
0.038403
0.038403
0.038403
0.038379
0.038379
0.038403
0.038403
0.038379
0.038379
0.038379
0.038379
0.038379
0.038379
0.038379
0.038379
0.038379
0.038379
0.038379
0.038379
0.038379
0.038379
0.038379
0.038379
0.038379
0.038379
0.038379
0.038379
0.038379
0.038379
0.038379
0.038379
0.038379
0.038379
0.038379
0.038379
0.038379
0.038379
0.038379
0.038379
0.038354
0.038354
0.038379
0.038379
0.038354
0.038354
0.038354
0.038354
0.038354
0.038354
0.038354
0.038354
0.038354
0.038354
0.038354
0.038329
0.038329
0.038329
0.038329
0.038329
0.038305
0.038329
0.038329
0.038354
0.038379
0.038403
0.038428
0.038453
0.038477
0.038477
0.038453
0.038453
0.038453
0.038428
0.038329
0.038256
0.038206
0.038157
0.037862
0.037813
0.037813
0.037813
0.037813
0.037837
0.037936
0.038083
0.038231
0.03828
0.038305
0.038329
0.038329
0.038329
0.038329
0.038329
0.038329
0.038354
0.038354
0.038329
0.038329
0.038354
0.038354
0.038354
0.038329
0.038354
0.038354
0.038354
0.038354
0.038329
0.038329
0.038354
0.038354
0.038354
0.038329
0.038329
0.038354
0.038354
0.038329
0.038329
0.038329
0.038329
0.038329
0.038329
0.038329
0.038329
0.038329
0.038329
0.038329
0.038329
0.038329
0.038329
0.038329
0.038329
0.038329
0.038329
0.038329
0.038329
0.038329
0.038354
0.038354
0.038329
0.038329
0.038354
0.038354
0.038354
0.038354
0.038354
0.038379
0.038379
0.038379
0.038379
0.038354
0.038379
0.038379
0.038379
0.038354
0.038354
0.038354
0.038354
0.038354
0.038354
0.038329
0.038329
0.038329
0.038329
0.038329
0.038329
0.038329
0.038305
0.038329
0.038329
0.038329
0.038305
0.038305
0.038305
0.038329
0.038329
0.038305
0.038305
0.038305
0.038305
0.038305
0.038305
0.038305
0.038329
0.038329
0.038329
0.038305
0.038305
0.038329
0.038329
0.038329
0.038305
0.038305
0.038305
0.038305
0.038305
0.03828
0.03828
0.03828
0.038256
0.03828
0.03828
0.03828
0.038256
0.038256
0.038256
0.03828
0.03828
0.038256
0.038256
0.038256
0.03828
0.03828
0.038256
0.038256
0.038256
0.03828
0.03828
0.038256
0.038256
0.038256
0.038256
0.03828
0.038256
0.038256
0.038256
0.038256
0.038256
0.038256
0.038231
0.038231
0.038256
0.038256
0.038231
0.038231
0.038231
0.038256
0.038256
0.038231
0.038231
0.038231
0.038231
0.038231
0.038231
0.038231
0.038231
0.038231
0.038231
0.038231
0.038231
0.038231
0.038206
0.038206
0.038206
0.038206
0.038206
0.038206
0.038231
0.038231
0.03828
0.038305
0.038305
0.038329
0.038354
0.038379
0.038354
0.038329
0.038329
0.03828
0.038206
0.038133
0.038059
0.038009
0.037936
0.037862
0.037788
0.037739
0.037714
0.037739
0.037837
0.038009
0.038133
0.038182
0.038206
0.038206
0.038231
0.038231
0.038231
0.038206
0.038231
0.038231
0.038231
0.038231
0.038231
0.038231
0.038231
0.038231
0.038231
0.038231
0.038231
0.038231
0.038231
0.038231
0.038231
0.038231
0.038256
0.038256
0.038256
0.038256
0.038256
0.038256
0.038256
0.038256
0.038231
0.038231
0.038256
0.038256
0.038256
0.038256
0.038256
0.038231
0.038231
0.038256
0.038231
0.038231
0.038231
0.038231
0.038231
0.038231
0.038231
0.038231
0.038231
0.038256
0.038256
0.038256
0.038256
0.038256
0.038256
0.03828
0.03828
0.03828
0.03828
0.03828
0.03828
0.03828
0.03828
0.03828
0.03828
0.03828
0.03828
0.038256
0.038256
0.038256
0.038256
0.038256
0.038231
0.038231
0.038231
0.038206
0.038231
0.038231
0.038206
0.038206
0.038206
0.038206
0.038206
0.038206
0.038206
0.038206
0.038206
0.038206
0.038206
0.038206
0.038206
0.038206
0.038231
0.038231
0.038206
0.038206
0.038206
0.038206
0.038206
0.038206
0.038206
0.038206
0.038206
0.038206
0.038206
0.038206
0.038206
0.038206
0.038206
0.038206
0.038206
0.038206
0.038206
0.038206
0.038206
0.038206
0.038182
0.038182
0.038182
0.038206
0.038182
0.038182
0.038182
0.038182
0.038182
0.038182
0.038182
0.038182
0.038182
0.038182
0.038182
0.038157
0.038157
0.038157
0.038182
0.038182
0.038157
0.038157
0.038157
0.038182
0.038182
0.038182
0.038206
0.038231
0.03828
0.03828
0.038305
0.038305
0.038305
0.038329
0.038329
0.03828
0.038206
0.038133
0.038083
0.037763
0.037714
0.037689
0.037665
0.037665
0.037665
0.037689
0.037813
0.03796
0.038083
0.038133
0.038157
0.038157
0.038157
0.038157
0.038157
0.038182
0.038182
0.038157
0.038157
0.038157
0.038182
0.038182
0.038182
0.038157
0.038182
0.038182
0.038182
0.038182
0.038182
0.038182
0.038182
0.038182
0.038157
0.038157
0.038157
0.038182
0.038182
0.038157
0.038157
0.038157
0.038157
0.038157
0.038182
0.038182
0.038157
0.038157
0.038157
0.038157
0.038182
0.038157
0.038157
0.038182
0.038182
0.038182
0.038182
0.038182
0.038182
0.038182
0.038182
0.038182
0.038182
0.038206
0.038206
0.038206
0.038206
0.038206
0.038206
0.038231
0.038231
0.038206
0.038206
0.038206
0.038206
0.038206
0.038206
0.038182
0.038182
0.038182
0.038182
0.038157
0.038157
0.038133
0.038133
0.038133
0.038133
0.038133
0.038133
0.038108
0.038108
0.038133
0.038133
0.038133
0.038133
0.038133
0.038133
0.038133
0.038133
0.038133
0.038133
0.038133
0.038133
0.038133
0.038133
0.038133
0.038133
0.038133
0.038133
0.038133
0.038133
0.038133
0.038133
0.038133
0.038108
0.038108
0.038133
0.038133
0.038108
0.038108
0.038108
0.038108
0.038108
0.038108
0.038108
0.038108
0.038108
0.038108
0.038133
0.038133
0.038133
0.038108
0.038108
0.038108
0.038108
0.038108
0.038108
0.038108
0.038108
0.038108
0.038108
0.038108
0.038083
0.038108
0.038108
0.038108
0.038083
0.038083
0.038083
0.038083
0.038083
0.038083
0.038083
0.038083
0.038083
0.038083
0.038083
0.038083
0.038083
0.038083
0.038083
0.038083
0.038083
0.038059
0.038059
0.038083
0.038083
0.038059
0.038059
0.038059
0.038059
0.038059
0.038059
0.038059
0.038059
0.038059
0.038059
0.038059
0.038059
0.038059
0.038059
0.038059
0.038059
0.038059
0.038034
0.038059
0.038059
0.038059
0.038034
0.038034
0.038034
0.038059
0.038034
0.038034
0.038034
0.038034
0.038034
0.038034
0.038034
0.038009
0.038034
0.038034
0.038034
0.038034
0.038034
0.038034
0.038009
0.038009
0.038009
0.038009
0.038009
0.038034
0.038059
0.038108
0.038108
0.038133
0.038157
0.038182
0.038182
0.038182
0.038182
0.038133
0.038059
0.037985
0.037911
0.037862
0.037763
0.037689
0.037616
0.037566
0.037517
0.037492
0.037517
0.037517
0.037566
0.037665
0.037813
0.037936
0.038009
0.038009
0.038034
0.038034
0.038034
0.038034
0.038034
0.038034
0.038034
0.038034
0.038034
0.038034
0.038034
0.038034
0.038034
0.038034
0.038034
0.038034
0.038034
0.038009
0.038009
0.038009
0.038034
0.038034
0.038009
0.038009
0.038009
0.038034
0.038009
0.038009
0.038009
0.038009
0.038009
0.038009
0.038009
0.038009
0.038009
0.038009
0.038009
0.038009
0.038009
0.038009
0.038009
0.038009
0.038009
0.038009
0.038009
0.038009
0.038009
0.038009
0.038009
0.038009
0.038009
0.038034
0.038034
0.038034
0.038034
0.038034
0.038059
0.038059
0.038034
0.038034
0.038034
0.038034
0.038034
0.038034
0.038034
0.038034
0.038034
0.038034
0.038009
0.038009
0.038009
0.038009
0.038009
0.038009
0.037985
0.037985
0.038009
0.038009
0.038009
0.037985
0.037985
0.037985
0.038009
0.038009
0.038009
0.038009
0.038009
0.038009
0.038009
0.038009
0.038009
0.038009
0.038009
0.038009
0.038009
0.038009
0.038009
0.038009
0.038009
0.038009
0.038009
0.037985
0.037985
0.037985
0.037985
0.037985
0.037985
0.037985
0.037985
0.037985
0.037985
0.03796
0.03796
0.037985
0.037985
0.037985
0.03796
0.03796
0.037985
0.037985
0.037985
0.037985
0.037985
0.037985
0.037985
0.037985
0.037985
0.037985
0.03796
0.037985
0.037985
0.037985
0.03796
0.03796
0.03796
0.037985
0.03796
0.03796
0.03796
0.037985
0.037985
0.03796
0.03796
0.03796
0.037985
0.037985
0.037985
0.03796
0.03796
0.03796
0.037985
0.03796
0.03796
0.03796
0.03796
0.03796
0.03796
0.03796
0.03796
0.03796
0.03796
0.03796
0.03796
0.03796
0.037936
0.037936
0.037936
0.037936
0.037936
0.037936
0.037936
0.037936
0.037936
0.037936
0.037911
0.037911
0.037936
0.037936
0.037936
0.037911
0.037911
0.037911
0.037936
0.037936
0.037911
0.037911
0.037911
0.037936
0.037936
0.037911
0.037911
0.037911
0.037911
0.037911
0.037911
0.037911
0.037911
0.037911
0.037911
0.037911
0.037911
0.037911
0.037911
0.037911
0.037911
0.037911
0.037911
0.037911
0.037911
0.037886
0.037837
0.037936
0.037911
0.037911
0.037911
0.037886
0.037886
0.037862
0.037862
0.037862
0.037862
0.037837
0.037788
0.037763
0.037714
0.037665
0.037591
0.037517
0.037419
0.037345
0.037296
0.037271
0.037246
0.037296
0.037369
0.037443
0.037542
0.037616
0.03764
0.037665
0.037689
0.037788
0.037813
0.037813
0.037837
0.037862
0.037911
0.037936
0.037911
0.037911
0.037911
0.037936
0.037936
0.037936
0.037911
0.037936
0.037936
0.037936
0.037936
0.037936
0.037936
0.037936
0.037936
0.037936
0.037936
0.037936
0.037936
0.03796
0.037936
0.037936
0.03796
0.03796
0.03796
0.03796
0.03796
0.03796
0.03796
0.03796
0.03796
0.03796
0.03796
0.03796
0.037985
0.037985
0.037985
0.037985
0.037985
0.037985
0.038009
0.038009
0.038009
0.038034
0.038034
0.038034
0.038059
0.038059
0.038034
0.038059
0.038059
0.038059
0.038059
0.038059
0.038059
0.038059
0.038059
0.038059
0.038034
0.038034
0.038034
0.038034
0.038009
0.038009
0.037985
0.037985
0.037985
0.03796
0.037936
0.037936
0.037936
0.037911
0.037911
0.037886
0.037886
0.037886
0.037886
0.037886
0.037886
0.037886
0.037862
0.037862
0.037886
0.037886
0.037886
0.037862
0.037862
0.037886
0.037886
0.037886
0.037862
0.037862
0.037886
0.037886
0.037886
0.037862
0.037862
0.037862
0.037862
0.037862
0.037862
0.037862
0.037862
0.037862
0.037862
0.037837
0.037837
0.037837
0.037837
0.037837
0.037837
0.037837
0.037837
0.037813
0.037837
0.037837
0.037813
0.037813
0.037813
0.037813
0.037837
0.037813
0.037813
0.037813
0.037813
0.037837
0.037813
0.037813
0.037813
0.037813
0.037813
0.037837
0.037813
0.037813
0.037813
0.037837
0.037837
0.037813
0.037813
0.037813
0.037813
0.037813
0.037813
0.037813
0.037813
0.037837
0.037813
0.037813
0.037813
0.037813
0.037837
0.037813
0.037813
0.037837
0.037813
0.037837
0.037837
0.037837
0.037813
0.037813
0.037837
0.037837
0.037837
0.037837
0.037837
0.037837
0.037837
0.037837
0.037837
0.037837
0.037837
0.037837
0.037837
0.037837
0.037837
0.037837
0.037837
0.037837
0.037837
0.037837
0.037837
0.037837
0.037837
0.037837
0.037837
0.037837
0.037862
0.037862
0.037837
0.037837
0.037862
0.037862
0.037862
0.037813
0.037837
0.037886
0.037862
0.037862
0.037862
0.037837
0.037837
0.037837
0.037837
0.037862
0.037862
0.037837
0.037788
0.037763
0.037739
0.037714
0.03764
0.037566
0.037468
0.037419
0.037369
0.03732
0.037296
0.037345
0.037419
0.037492
0.037566
0.037616
0.037616
0.03764
0.037665
0.037665
0.037689
0.037714
0.037739
0.037763
0.037763
0.037788
0.037813
0.037862
0.037862
0.037862
0.037862
0.037862
0.037862
0.037862
0.037862
0.037862
0.037862
0.037862
0.037862
0.037862
0.037862
0.037862
0.037862
0.037862
0.037862
0.037862
0.037862
0.037862
0.037862
0.037862
0.037862
0.037862
0.037886
0.037886
0.037862
0.037862
0.037862
0.037886
0.037886
0.037862
0.037862
0.037862
0.037862
0.037862
0.037862
0.037862
0.037886
0.037886
0.037886
0.037911
0.037911
0.037911
0.037911
0.037911
0.037911
0.037936
0.037936
0.037911
0.037936
0.037936
0.037911
0.037911
0.037911
0.037886
0.037911
0.037886
0.037886
0.037862
0.037862
0.037862
0.037862
0.037837
0.037837
0.037813
0.037813
0.037813
0.037788
0.037788
0.037788
0.037788
0.037788
0.037788
0.037763
0.037763
0.037788
0.037788
0.037763
0.037788
0.037763
0.037763
0.037763
0.037763
0.037763
0.037763
0.037763
0.037763
0.037763
0.037763
0.037763
0.037763
0.037763
0.037763
0.037763
0.037763
0.037739
0.037739
0.037763
0.037763
0.037739
0.037739
0.037739
0.037739
0.037739
0.037739
0.037739
0.037739
0.037739
0.037739
0.037739
0.037739
0.037739
0.037739
0.037739
0.037739
0.037714
0.037714
0.037739
0.037714
0.037714
0.037739
0.037739
0.037714
0.037714
0.037714
0.037739
0.037714
0.037714
0.037714
0.037714
0.037714
0.037714
0.037689
0.037689
0.037714
0.037714
0.037714
0.037689
0.037689
0.037689
0.037714
0.037689
0.037689
0.037689
0.037689
0.037689
0.037689
0.037689
0.037689
0.037689
0.037689
0.037665
0.037665
0.037665
0.037665
0.037689
0.037689
0.037739
0.037788
0.037788
0.037788
0.037763
0.037689
0.037591
0.037517
0.037468
0.037394
0.037296
0.037222
0.037148
0.037123
0.037099
0.037099
0.037074
0.037123
0.037222
0.037369
0.037492
0.037542
0.037566
0.037591
0.037591
0.037591
0.037591
0.037591
0.037591
0.037591
0.037591
0.037591
0.037566
0.037591
0.037591
0.037591
0.037566
0.037566
0.037591
0.037591
0.037591
0.037566
0.037566
0.037566
0.037542
0.037566
0.037566
0.037566
0.037542
0.037542
0.037542
0.037566
0.037566
0.037542
0.037542
0.037542
0.037542
0.037542
0.037542
0.037542
0.037542
0.037542
0.037542
0.037542
0.037542
0.037542
0.037542
0.037542
0.037542
0.037542
0.037542
0.037566
0.037566
0.037566
0.037566
0.037566
0.037591
0.037591
0.037591
0.037591
0.037591
0.037591
0.037591
0.037591
0.037566
0.037566
0.037566
0.037542
0.037542
0.037542
0.037517
0.037517
0.037542
0.037542
0.037542
0.037517
0.037517
0.037517
0.037517
0.037517
0.037517
0.037517
0.037517
0.037517
0.037517
0.037517
0.037517
0.037517
0.037517
0.037542
0.037517
0.037517
0.037517
0.037542
0.037542
0.037517
0.037517
0.037517
0.037542
0.037542
0.037517
0.037517
0.037517
0.037517
0.037517
0.037517
0.037517
0.037517
0.037492
0.037517
0.037517
0.037517
0.037517
0.037492
0.037517
0.037517
0.037517
0.037492
0.037492
0.037492
0.037517
0.037517
0.037492
0.037492
0.037492
0.037517
0.037517
0.037492
0.037492
0.037492
0.037517
0.037492
0.037492
0.037492
0.037492
0.037492
0.037492
0.037492
0.037492
0.037492
0.037492
0.037492
0.037492
0.037492
0.037492
0.037492
0.037492
0.037492
0.037517
0.037492
0.037492
0.037492
0.037517
0.037517
0.037517
0.037492
0.037492
0.037517
0.037517
0.037517
0.037492
0.037492
0.037517
0.037517
0.037517
0.037492
0.037492
0.037517
0.037517
0.037517
0.037492
0.037492
0.037492
0.037517
0.037492
0.037492
0.037492
0.037517
0.037517
0.037492
0.037492
0.037517
0.037492
0.037492
0.037517
0.037517
0.037517
0.037492
0.037492
0.037492
0.037492
0.037492
0.037492
0.037492
0.037517
0.037542
0.037591
0.037591
0.037616
0.03764
0.037665
0.03764
0.03764
0.037616
0.037591
0.037492
0.037443
0.037369
0.03732
0.037246
0.037172
0.037099
0.037025
0.036976
0.036976
0.037
0.037
0.037025
0.037123
0.037271
0.037419
0.037517
0.037542
0.037542
0.037517
0.037517
0.037542
0.037542
0.037542
0.037542
0.037542
0.037542
0.037542
0.037542
0.037542
0.037542
0.037542
0.037542
0.037542
0.037542
0.037542
0.037542
0.037542
0.037542
0.037517
0.037517
0.037517
0.037517
0.037517
0.037517
0.037517
0.037517
0.037542
0.037517
0.037517
0.037517
0.037517
0.037542
0.037517
0.037517
0.037517
0.037517
0.037517
0.037542
0.037542
0.037542
0.037517
0.037517
0.037542
0.037542
0.037542
0.037542
0.037542
0.037542
0.037542
0.037566
0.037566
0.037566
0.037566
0.037566
0.037566
0.037566
0.037566
0.037566
0.037566
0.037566
0.037566
0.037566
0.037566
0.037566
0.037566
0.037542
0.037542
0.037542
0.037542
0.037542
0.037517
0.037517
0.037517
0.037517
0.037517
0.037517
0.037517
0.037492
0.037517
0.037517
0.037517
0.037517
0.037517
0.037517
0.037517
0.037517
0.037517
0.037517
0.037517
0.037517
0.037517
0.037517
0.037517
0.037517
0.037517
0.037517
0.037517
0.037517
0.037517
0.037517
0.037517
0.037517
0.037492
0.037492
0.037517
0.037492
0.037492
0.037492
0.037492
0.037492
0.037492
0.037492
0.037492
0.037492
0.037492
0.037468
0.037492
0.037492
0.037468
0.037468
0.037468
0.037492
0.037492
0.037468
0.037468
0.037468
0.037492
0.037492
0.037468
0.037468
0.037468
0.037468
0.037468
0.037468
0.037468
0.037468
0.037468
0.037468
0.037468
0.037468
0.037468
0.037468
0.037468
0.037468
0.037443
0.037468
0.037468
0.037468
0.037468
0.037468
0.037468
0.037468
0.037468
0.037468
0.037468
0.037468
0.037468
0.037468
0.037492
0.037492
0.037492
0.037468
0.037492
0.037492
0.037492
0.037492
0.037492
0.037492
0.037492
0.037492
0.037492
0.037468
0.037492
0.037492
0.037492
0.037468
0.037468
0.037468
0.037468
0.037468
0.037468
0.037468
0.037468
0.037468
0.037468
0.037468
0.037468
0.037443
0.037443
0.037443
0.037443
0.037443
0.037468
0.037492
0.037517
0.037616
0.03764
0.037616
0.037616
0.037591
0.037542
0.037468
0.037394
0.037345
0.037296
0.037222
0.037148
0.037074
0.037025
0.037
0.037
0.037025
0.037
0.037049
0.037172
0.03732
0.037443
0.037492
0.037492
0.037492
0.037517
0.037517
0.037517
0.037517
0.037517
0.037517
0.037542
0.037542
0.037517
0.037517
0.037517
0.037542
0.037517
0.037517
0.037517
0.037517
0.037517
0.037517
0.037517
0.037517
0.037517
0.037517
0.037517
0.037542
0.037542
0.037517
0.037517
0.037517
0.037542
0.037517
0.037517
0.037517
0.037517
0.037542
0.037542
0.037517
0.037517
0.037517
0.037517
0.037517
0.037517
0.037517
0.037517
0.037517
0.037517
0.037517
0.037517
0.037517
0.037517
0.037517
0.037517
0.037517
0.037517
0.037542
0.037542
0.037566
0.037566
0.037542
0.037542
0.037566
0.037566
0.037566
0.037542
0.037542
0.037566
0.037566
0.037542
0.037542
0.037542
0.037542
0.037542
0.037542
0.037517
0.037517
0.037517
0.037517
0.037517
0.037517
0.037492
0.037517
0.037517
0.037517
0.037492
0.037492
0.037492
0.037517
0.037517
0.037492
0.037492
0.037492
0.037517
0.037517
0.037517
0.037517
0.037517
0.037492
0.037517
0.037517
0.037492
0.037492
0.037517
0.037517
0.037517
0.037492
0.037492
0.037492
0.037517
0.037517
0.037517
0.037517
0.037517
0.037517
0.037517
0.037492
0.037492
0.037492
0.037492
0.037492
0.037468
0.037468
0.037468
0.037492
0.037492
0.037517
0.037542
0.037566
0.037591
0.037616
0.03764
0.03764
0.03764
0.037665
0.03764
0.037566
0.037468
0.037172
0.037099
0.037049
0.037
0.037
0.037
0.036976
0.037025
0.037123
0.037271
0.037419
0.037468
0.037492
0.037492
0.037492
0.037492
0.037492
0.037492
0.037492
0.037492
0.037492
0.037492
0.037492
0.037492
0.037492
0.037492
0.037492
0.037492
0.037517
0.037517
0.037517
0.037517
0.037517
0.037517
0.037542
0.037517
0.037517
0.037517
0.037517
0.037517
0.037517
0.037517
0.037517
0.037517
0.037517
0.037517
0.037517
0.037517
0.037492
0.037492
0.037517
0.037517
0.037517
0.037517
0.037517
0.037542
0.037542
0.037542
0.037542
0.037542
0.037566
0.037591
0.037591
0.037591
0.037591
0.037591
0.037616
0.037616
0.037616
0.037616
0.037616
0.037616
0.037616
0.037591
0.037591
0.037591
0.037591
0.037566
0.037566
0.037542
0.037492
0.037492
0.037517
0.037517
0.037517
0.037492
0.037492
0.037492
0.037492
0.037492
0.037468
0.037468
0.037468
0.037492
0.037492
0.037468
0.037468
0.037468
0.037468
0.037468
0.037443
0.037443
0.037468
0.037468
0.037468
0.037468
0.037468
0.037468
0.037468
0.037468
0.037468
0.037468
0.037468
0.037468
0.037468
0.037443
0.037443
0.037468
0.037468
0.037468
0.037468
0.037468
0.037468
0.037468
0.037468
0.037468
0.037468
0.037468
0.037468
0.037468
0.037492
0.037492
0.037468
0.037468
0.037468
0.037492
0.037492
0.037468
0.037468
0.037468
0.037492
0.037468
0.037468
0.037443
0.037468
0.037468
0.037468
0.037443
0.037443
0.037443
0.037468
0.037468
0.037443
0.037443
0.037443
0.037443
0.037443
0.037419
0.037419
0.037419
0.037517
0.037542
0.037542
0.037542
0.037542
0.037566
0.037566
0.037542
0.037443
0.037369
0.03732
0.037271
0.037148
0.037074
0.037
0.036951
0.036926
0.036902
0.036902
0.036902
0.036951
0.037074
0.037222
0.037345
0.037394
0.037419
0.037419
0.037419
0.037419
0.037419
0.037443
0.037443
0.037419
0.037419
0.037443
0.037443
0.037468
0.037443
0.037443
0.037443
0.037419
0.037419
0.037419
0.037443
0.037419
0.037419
0.037419
0.037443
0.037443
0.037419
0.037419
0.037419
0.037419
0.037419
0.037419
0.037419
0.037419
0.037443
0.037443
0.037419
0.037419
0.037419
0.037419
0.037419
0.037419
0.037394
0.037394
0.037419
0.037419
0.037419
0.037419
0.037419
0.037443
0.037443
0.037443
0.037443
0.037468
0.037468
0.037492
0.037468
0.037492
0.037468
0.037492
0.037492
0.037492
0.037468
0.037468
0.037468
0.037468
0.037468
0.037443
0.037443
0.037419
0.037443
0.037443
0.037419
0.037419
0.037419
0.037419
0.037419
0.037419
0.037394
0.037394
0.037419
0.037419
0.037419
0.037394
0.037394
0.037419
0.037419
0.037419
0.037419
0.037419
0.037419
0.037419
0.037419
0.037419
0.037419
0.037419
0.037419
0.037419
0.037419
0.037394
0.037394
0.037419
0.037419
0.037394
0.037394
0.037394
0.037394
0.037394
0.037394
0.037394
0.037394
0.037394
0.037394
0.037394
0.037369
0.037369
0.037394
0.037394
0.037394
0.037369
0.037369
0.037394
0.037394
0.037369
0.037369
0.037369
0.037369
0.037369
0.037369
0.037369
0.037394
0.037419
0.037443
0.037443
0.037443
0.037443
0.037443
0.037296
0.037246
0.037222
0.037148
0.037049
0.036976
0.036926
0.036902
0.036852
0.036852
0.036877
0.036926
0.036951
0.037
0.037099
0.037222
0.03732
0.037369
0.037369
0.037394
0.037394
0.037394
0.037394
0.037394
0.037394
0.037394
0.037419
0.037419
0.037394
0.037394
0.037394
0.037419
0.037419
0.037419
0.037419
0.037419
0.037419
0.037419
0.037419
0.037419
0.037419
0.037419
0.037419
0.037419
0.037419
0.037419
0.037419
0.037419
0.037419
0.037443
0.037419
0.037419
0.037419
0.037443
0.037443
0.037443
0.037443
0.037443
0.037468
0.037468
0.037468
0.037468
0.037468
0.037468
0.037492
0.037492
0.037492
0.037492
0.037517
0.037517
0.037517
0.037517
0.037517
0.037517
0.037517
0.037517
0.037492
0.037492
0.037492
0.037492
0.037468
0.037468
0.037443
0.037443
0.037419
0.037443
0.037419
0.037419
0.037394
0.037394
0.037394
0.037394
0.037394
0.037394
0.037394
0.037419
0.037419
0.037419
0.037394
0.037394
0.037394
0.037419
0.037419
0.037419
0.037419
0.037419
0.037419
0.037419
0.037419
0.037419
0.037419
0.037419
0.037419
0.037419
0.037419
0.037419
0.037419
0.037419
0.037419
0.037419
0.037394
0.037394
0.037419
0.037419
0.037419
0.037419
0.037394
0.037419
0.037419
0.037419
0.037394
0.037394
0.037394
0.037419
0.037419
0.037394
0.037394
0.037394
0.037419
0.037419
0.037394
0.037394
0.037394
0.037419
0.037419
0.037394
0.037394
0.037394
0.037394
0.037394
0.037394
0.037394
0.037394
0.037394
0.037394
0.037394
0.037394
0.037394
0.037394
0.037394
0.037394
0.037394
0.037394
0.037394
0.037394
0.037394
0.037394
0.037394
0.037394
0.037394
0.037394
0.037394
0.037394
0.037394
0.037394
0.037394
0.037394
0.037394
0.037369
0.037369
0.037394
0.037394
0.037369
0.037369
0.037369
0.037369
0.037369
0.037369
0.037369
0.037369
0.037369
0.037369
0.037369
0.037369
0.037369
0.037369
0.037369
0.037369
0.037369
0.037369
0.037369
0.037369
0.037369
0.037369
0.037345
0.037345
0.037345
0.037345
0.037345
0.037345
0.03732
0.03732
0.03732
0.03732
0.03732
0.03732
0.037345
0.037369
0.037419
0.037419
0.037419
0.037468
0.037492
0.037468
0.037468
0.037443
0.037419
0.037345
0.037271
0.037222
0.037172
0.037099
0.037025
0.036976
0.036902
0.036852
0.036852
0.036877
0.036877
0.036877
0.037296
0.03732
0.03732
0.03732
0.037345
0.037345
0.037345
0.037345
0.037345
0.037345
0.037345
0.037345
0.037345
0.037345
0.037345
0.037345
0.037345
0.03732
0.03732
0.037345
0.037345
0.037345
0.03732
0.03732
0.037345
0.037345
0.03732
0.03732
0.03732
0.03732
0.037345
0.03732
0.03732
0.03732
0.03732
0.03732
0.03732
0.03732
0.037296
0.03732
0.037296
0.037296
0.037296
0.037296
0.037271
0.037296
0.037296
0.037296
0.037296
0.037271
0.037271
0.037296
0.037296
0.037296
0.037296
0.037296
0.037296
0.037296
0.03732
0.03732
0.03732
0.03732
0.03732
0.03732
0.03732
0.03732
0.03732
0.037345
0.03732
0.03732
0.03732
0.03732
0.03732
0.03732
0.03732
0.037296
0.037296
0.037296
0.037296
0.037296
0.037271
0.037271
0.037271
0.037271
0.037271
0.037271
0.037246
0.037271
0.037271
0.037271
0.037271
0.037271
0.037271
0.037271
0.037271
0.037271
0.037271
0.037271
0.037271
0.037271
0.037271
0.037271
0.037271
0.037271
0.037271
0.037271
0.037246
0.037246
0.037246
0.037271
0.037271
0.037246
0.037246
0.037246
0.037246
0.037246
0.037246
0.037246
0.037246
0.037246
0.037246
0.037246
0.037246
0.037246
0.037246
0.037246
0.037246
0.037246
0.037246
0.037222
0.037222
0.037246
0.037246
0.037222
0.037222
0.037222
0.037246
0.037222
0.037222
0.037222
0.037222
0.037222
0.037222
0.037222
0.037222
0.037222
0.037222
0.037222
0.037222
0.037222
0.037222
0.037222
0.037222
0.037222
0.037197
0.037222
0.037222
0.037222
0.037222
0.037197
0.037197
0.037197
0.037197
0.037222
0.037197
0.037197
0.037197
0.037197
0.037197
0.037197
0.037197
0.037197
0.037197
0.037197
0.037197
0.037172
0.037172
0.037197
0.037197
0.037197
0.037172
0.037172
0.037172
0.037172
0.037172
0.037172
0.037172
0.037172
0.037172
0.037172
0.037172
0.037172
0.037172
0.037172
0.037172
0.037172
0.037148
0.037148
0.037148
0.037148
0.037222
0.037246
0.037271
0.037271
0.037296
0.03732
0.03732
0.03732
0.03732
0.037296
0.037246
0.037172
0.037099
0.037025
0.036951
0.036877
0.036803
0.036729
0.03668
0.036655
0.036655
0.036655
0.036705
0.036803
0.036976
0.037099
0.037148
0.037148
0.037148
0.037172
0.037172
0.037172
0.037172
0.037172
0.037172
0.037172
0.037197
0.037172
0.037172
0.037172
0.037172
0.037172
0.037172
0.037172
0.037148
0.037148
0.037148
0.037148
0.037148
0.037148
0.037123
0.037123
0.037148
0.037148
0.037123
0.037123
0.037123
0.037123
0.037148
0.037123
0.037123
0.037123
0.037123
0.037123
0.037123
0.037099
0.037099
0.037099
0.037099
0.037099
0.037099
0.037099
0.037099
0.037123
0.037099
0.037099
0.037123
0.037123
0.037123
0.037123
0.037148
0.037148
0.037123
0.037148
0.037148
0.037148
0.037148
0.037123
0.037123
0.037123
0.037123
0.037123
0.037123
0.037123
0.037123
0.037123
0.037099
0.037099
0.037099
0.037099
0.037099
0.037099
0.037099
0.037099
0.037099
0.037099
0.037099
0.037099
0.037123
0.037123
0.037148
0.037197
0.037222
0.037246
0.037296
0.03732
0.037345
0.037369
0.037394
0.037443
0.037591
0.03764
0.03764
0.037566
0.037517
0.037492
0.037468
0.037468
0.037468
0.037419
0.037246
0.037123
0.037025
0.037025
0.037
0.037
0.036976
0.036976
0.037
0.037
0.037
0.037
0.037
0.037
0.037
0.037
0.037
0.037
0.037
0.037
0.037
0.037
0.037
0.036976
0.036976
0.036976
0.036951
0.036951
0.036951
0.036951
0.036926
0.036902
0.036902
0.036902
0.036902
0.036877
0.036877
0.036877
0.036877
0.036877
0.036852
0.036852
0.036852
0.036828
0.036828
0.036828
0.036828
0.036803
0.036803
0.036828
0.036803
0.036803
0.036803
0.036803
0.036803
0.036803
0.036803
0.036779
0.036803
0.036803
0.036803
0.036803
0.036803
0.036828
0.036828
0.036828
0.036828
0.036852
0.036852
0.036877
0.036902
0.036902
0.036926
0.036926
0.036926
0.036926
0.036951
0.036951
0.036951
0.036951
0.036951
0.036976
0.036976
0.036976
0.036976
0.036976
0.036976
0.036976
0.036976
0.036976
0.036976
0.036976
0.036976
0.036976
0.036976
0.036976
0.036976
0.036976
0.036976
0.036976
0.036976
0.037
0.037
0.037
0.037
0.037
0.037
0.037
0.036976
0.036976
0.036976
0.036951
0.036951
0.036976
0.036951
0.036951
0.036951
0.036951
0.036951
0.036951
0.036951
0.036951
0.036951
0.036976
0.036976
0.036951
0.036951
0.036951
0.036976
0.036976
0.036976
0.036976
0.036976
0.036976
0.036976
0.036976
0.036976
0.036976
0.036976
0.036976
0.036976
0.036976
0.036976
0.036976
0.036976
0.036976
0.036976
0.036976
0.036976
0.036976
0.037
0.037
0.036976
0.036976
0.037
0.037
0.036976
0.036976
0.036976
0.037
0.037
0.037
0.036976
0.036976
0.036976
0.037
0.036976
0.036976
0.036976
0.036976
0.036976
0.036976
0.036976
0.036976
0.036976
0.037
0.036976
0.036976
0.036976
0.036976
0.037
0.037
0.036976
0.036976
0.037
0.037
0.037
0.036976
0.036976
0.037
0.037
0.037
0.037
0.036976
0.036976
0.036976
0.037
0.036976
0.036976
0.036976
0.036976
0.037
0.036976
0.036976
0.036976
0.037
0.037
0.037
0.036976
0.036976
0.037
0.037
0.037
0.036976
0.036976
0.037
0.037
0.036976
0.036976
0.036976
0.036976
0.036976
0.036976
0.036976
0.036951
0.036976
0.036976
0.036976
0.037
0.037
0.037099
0.037123
0.037123
0.037099
0.037099
0.037025
0.036951
0.036902
0.036852
0.036803
0.036729
0.036631
0.036582
0.036532
0.036483
0.036483
0.036483
0.036483
0.036508
0.036557
0.036705
0.036852
0.036926
0.036951
0.036976
0.036976
0.036976
0.037
0.037
0.037
0.037
0.037
0.037
0.037
0.037
0.037
0.037
0.037
0.037025
0.037025
0.037025
0.037025
0.037
0.037
0.037
0.037
0.037
0.037
0.037
0.037
0.037
0.037
0.037
0.037
0.037
0.037
0.037
0.037
0.036976
0.037
0.037
0.037
0.036976
0.036976
0.036976
0.036976
0.036976
0.036976
0.036976
0.036976
0.036976
0.036976
0.036976
0.036976
0.036976
0.036976
0.036976
0.036976
0.036976
0.037
0.037
0.037025
0.037025
0.037025
0.037025
0.037025
0.037025
0.037049
0.037049
0.037025
0.037025
0.037025
0.037049
0.037049
0.037025
0.037025
0.037025
0.037049
0.037025
0.037025
0.037025
0.037025
0.037025
0.037025
0.037025
0.037025
0.037025
0.037025
0.037025
0.037025
0.037025
0.037025
0.037025
0.037025
0.037025
0.037025
0.037025
0.037025
0.037025
0.037025
0.037049
0.037025
0.037025
0.037025
0.037049
0.037049
0.037049
0.037025
0.037025
0.037049
0.037049
0.037025
0.037025
0.037025
0.037025
0.037025
0.037025
0.037025
0.037025
0.037025
0.037025
0.037025
0.037025
0.037025
0.037025
0.037025
0.037025
0.037
0.037025
0.037025
0.037025
0.037
0.037
0.037
0.037025
0.037
0.037
0.037
0.037
0.037
0.037
0.037
0.037
0.037
0.037
0.037
0.037
0.037
0.037
0.036976
0.037
0.037
0.037
0.037
0.037
0.037
0.037
0.037
0.037
0.037
0.037
0.037
0.037
0.037
0.037
0.037
0.037
0.037
0.036976
0.036976
0.036976
0.037
0.037
0.037
0.036976
0.036976
0.037
0.037
0.037
0.036976
0.037
0.037
0.037
0.037
0.037
0.037
0.036976
0.037
0.037
0.037
0.037
0.036976
0.036976
0.037
0.037
0.037
0.036976
0.036976
0.036976
0.037
0.036976
0.036976
0.036976
0.036976
0.037
0.036976
0.036976
0.036976
0.036976
0.037
0.036976
0.036976
0.036976
0.036976
0.037
0.037
0.036976
0.036976
0.036926
0.037
0.036976
0.036976
0.036976
0.036976
0.036976
0.036976
0.036976
0.036926
0.036902
0.036877
0.036852
0.036803
0.036754
0.036631
0.036557
0.036532
0.036508
0.036459
0.036459
0.036508
0.036582
0.03668
0.036754
0.036754
0.036754
0.036779
0.036779
0.036803
0.036828
0.036852
0.036852
0.036877
0.036877
0.036902
0.036926
0.036951
0.036976
0.036976
0.036976
0.036976
0.036976
0.036976
0.036976
0.036976
0.036976
0.036976
0.036976
0.036976
0.036976
0.036976
0.036976
0.036976
0.036976
0.036976
0.036976
0.036976
0.036976
0.036976
0.036976
0.036976
0.036976
0.036976
0.036976
0.036976
0.036976
0.036976
0.036976
0.036976
0.036976
0.036976
0.036976
0.036951
0.036976
0.036976
0.036976
0.036976
0.036976
0.036976
0.037
0.037
0.037025
0.037025
0.037025
0.037025
0.037025
0.037025
0.037025
0.037025
0.037025
0.037025
0.037025
0.037025
0.037025
0.037
0.037
0.037
0.037
0.037
0.036976
0.036976
0.036976
0.036976
0.036951
0.036951
0.036951
0.036951
0.036926
0.036926
0.036926
0.036926
0.036926
0.036926
0.036902
0.036902
0.036902
0.036926
0.036902
0.036902
0.036902
0.036902
0.036902
0.036902
0.036902
0.036902
0.036902
0.036902
0.036902
0.036902
0.036902
0.036902
0.036902
0.036902
0.036902
0.036902
0.036902
0.036902
0.036902
0.036902
0.036902
0.036902
0.036902
0.036902
0.036902
0.036902
0.036902
0.036902
0.036902
0.036902
0.036902
0.036902
0.036902
0.036902
0.036902
0.036902
0.036902
0.036902
0.036902
0.036902
0.036902
0.036902
0.036902
0.036902
0.036902
0.036902
0.036902
0.036902
0.036902
0.036902
0.036902
0.036902
0.036902
0.036902
0.036902
0.036902
0.036902
0.036902
0.036902
0.036877
0.036902
0.036902
0.036902
0.036902
0.036877
0.036877
0.036902
0.036902
0.036902
0.036902
0.036902
0.036902
0.036877
0.036877
0.036877
0.036877
0.036902
0.036926
0.036951
0.036976
0.037
0.037025
0.037025
0.037
0.036926
0.036852
0.036779
0.036729
0.036655
0.036582
0.036508
0.036434
0.036385
0.036385
0.036385
0.036385
0.036409
0.036508
0.036655
0.036803
0.036852
0.036877
0.036877
0.036902
0.036902
0.036902
0.036902
0.036902
0.036902
0.036902
0.036902
0.036902
0.036902
0.036902
0.036926
0.036902
0.036902
0.036902
0.036902
0.036902
0.036902
0.036902
0.036902
0.036877
0.036877
0.036902
0.036902
0.036877
0.036877
0.036877
0.036877
0.036902
0.036902
0.036877
0.036877
0.036877
0.036902
0.036902
0.036877
0.036877
0.036902
0.036902
0.036902
0.036902
0.036902
0.036902
0.036902
0.036902
0.036902
0.036902
0.036926
0.036926
0.036926
0.036926
0.036926
0.036926
0.036951
0.036951
0.036926
0.036926
0.036926
0.036951
0.036926
0.036926
0.036926
0.036902
0.036902
0.036902
0.036902
0.036902
0.036902
0.036902
0.036902
0.036902
0.036877
0.036877
0.036877
0.036877
0.036877
0.036877
0.036877
0.036877
0.036877
0.036877
0.036877
0.036877
0.036877
0.036877
0.036877
0.036877
0.036877
0.036877
0.036877
0.036877
0.036877
0.036877
0.036877
0.036877
0.036877
0.036877
0.036877
0.036877
0.036852
0.036877
0.036877
0.036877
0.036852
0.036852
0.036852
0.036852
0.036852
0.036852
0.036852
0.036852
0.036852
0.036852
0.036852
0.036852
0.036852
0.036852
0.036852
0.036852
0.036852
0.036852
0.036852
0.036852
0.036852
0.036852
0.036852
0.036852
0.036852
0.036852
0.036852
0.036852
0.036852
0.036852
0.036852
0.036852
0.036852
0.036877
0.036877
0.036852
0.036877
0.036877
0.036877
0.036877
0.036877
0.036877
0.036877
0.036877
0.036877
0.036877
0.036877
0.036877
0.036877
0.036877
0.036902
0.036902
0.036877
0.036877
0.036877
0.036902
0.036877
0.036877
0.036877
0.036877
0.036877
0.036877
0.036877
0.036877
0.036877
0.036877
0.036877
0.036877
0.036877
0.036877
0.036877
0.036877
0.036877
0.036877
0.036877
0.036877
0.036877
0.036877
0.036902
0.036902
0.036877
0.036877
0.036902
0.036902
0.036877
0.036877
0.036877
0.036877
0.036877
0.036877
0.036877
0.036877
0.036877
0.036877
0.036877
0.036877
0.036877
0.036877
0.036877
0.036877
0.036877
0.036877
0.036877
0.036902
0.036877
0.036877
0.036877
0.036877
0.036902
0.036877
0.036828
0.036926
0.036902
0.036902
0.036877
0.036877
0.036852
0.036852
0.036828
0.036779
0.036729
0.03668
0.036631
0.036582
0.036508
0.036409
0.036335
0.036286
0.036262
0.036262
0.036311
0.03636
0.036459
0.036557
0.036631
0.036655
0.036655
0.03668
0.036705
0.036729
0.036754
0.036779
0.036779
0.036803
0.036828
0.036877
0.036902
0.036902
0.036902
0.036926
0.036926
0.036926
0.036926
0.036926
0.036926
0.036926
0.036926
0.036951
0.036951
0.036926
0.036926
0.036951
0.036951
0.036951
0.036951
0.036951
0.036951
0.036976
0.036951
0.036951
0.036951
0.036976
0.036976
0.036976
0.036951
0.036951
0.036976
0.036976
0.036976
0.036976
0.036976
0.036976
0.036976
0.036976
0.036976
0.036976
0.037
0.037025
0.037025
0.037025
0.037025
0.037025
0.037049
0.037049
0.037049
0.037049
0.037074
0.037074
0.037074
0.037074
0.037049
0.037049
0.037049
0.037049
0.037025
0.037025
0.037025
0.037025
0.037
0.036976
0.036976
0.036976
0.036976
0.036951
0.036951
0.036926
0.036926
0.036926
0.036926
0.036926
0.036902
0.036926
0.036926
0.036926
0.036902
0.036902
0.036926
0.036926
0.036926
0.036902
0.036902
0.036902
0.036926
0.036902
0.036902
0.036902
0.036902
0.036902
0.036902
0.036902
0.036902
0.036902
0.036902
0.036902
0.036902
0.036902
0.036902
0.036902
0.036902
0.036902
0.036902
0.036902
0.036902
0.036902
0.036902
0.036902
0.036902
0.036877
0.036902
0.036902
0.036902
0.036877
0.036877
0.036877
0.036877
0.036877
0.036877
0.036877
0.036877
0.036877
0.036877
0.036877
0.036877
0.036877
0.036877
0.036877
0.036877
0.036877
0.036852
0.036852
0.036852
0.036852
0.036852
0.036852
0.036852
0.036852
0.036852
0.036852
0.036852
0.036828
0.036828
0.036852
0.036852
0.036828
0.036828
0.036828
0.036852
0.036852
0.036828
0.036828
0.036828
0.036828
0.036852
0.036828
0.036828
0.036828
0.036828
0.036828
0.036828
0.036828
0.036828
0.036828
0.036828
0.036828
0.036803
0.036828
0.036803
0.036828
0.036828
0.036828
0.036803
0.036828
0.036828
0.036828
0.036828
0.036803
0.036803
0.036828
0.036828
0.036803
0.036803
0.036803
0.036828
0.036828
0.036803
0.036803
0.036803
0.036828
0.036828
0.036754
0.036803
0.036852
0.036828
0.036828
0.036803
0.036803
0.036803
0.036803
0.036803
0.036803
0.036803
0.036779
0.036729
0.036705
0.03668
0.036631
0.036286
0.036262
0.036237
0.036286
0.036335
0.036434
0.036508
0.036557
0.036582
0.036582
0.036582
0.036606
0.036631
0.036655
0.03668
0.03668
0.036705
0.036729
0.036779
0.036779
0.036779
0.036803
0.036803
0.036803
0.036803
0.036803
0.036803
0.036803
0.036803
0.036803
0.036779
0.036779
0.036803
0.036803
0.036803
0.036779
0.036803
0.036803
0.036803
0.036803
0.036803
0.036803
0.036803
0.036803
0.036803
0.036803
0.036803
0.036803
0.036803
0.036803
0.036803
0.036803
0.036803
0.036779
0.036803
0.036803
0.036803
0.036803
0.036803
0.036803
0.036828
0.036828
0.036828
0.036828
0.036828
0.036828
0.036828
0.036828
0.036828
0.036852
0.036852
0.036852
0.036852
0.036852
0.036852
0.036852
0.036852
0.036852
0.036852
0.036852
0.036828
0.036828
0.036803
0.036803
0.036779
0.036779
0.036779
0.036779
0.036779
0.036754
0.036754
0.036754
0.036754
0.036754
0.036729
0.036729
0.036729
0.036729
0.036729
0.036729
0.036729
0.036729
0.036729
0.036729
0.036729
0.036729
0.036729
0.036729
0.036729
0.036729
0.036729
0.036729
0.036729
0.036729
0.036705
0.036705
0.036705
0.036729
0.036729
0.036705
0.036729
0.036705
0.036705
0.036705
0.036705
0.036705
0.036705
0.036705
0.036705
0.036705
0.036705
0.036705
0.036705
0.036705
0.036705
0.036705
0.036705
0.036705
0.036705
0.036705
0.036705
0.036705
0.036705
0.036705
0.036705
0.036705
0.036705
0.036705
0.036705
0.036705
0.036705
0.036705
0.036705
0.036705
0.036705
0.036705
0.036705
0.036705
0.036705
0.036705
0.036705
0.036705
0.036705
0.036705
0.036705
0.036705
0.036705
0.036705
0.036705
0.036705
0.036705
0.036705
0.036705
0.036705
0.036705
0.036705
0.036705
0.036705
0.036729
0.036754
0.036803
0.036803
0.036828
0.036852
0.036828
0.036828
0.036852
0.036828
0.036779
0.03668
0.036631
0.036582
0.036483
0.036385
0.036335
0.036262
0.036237
0.036212
0.036188
0.036188
0.036655
0.03668
0.036705
0.036705
0.036705
0.036705
0.036705
0.036729
0.036729
0.036729
0.036705
0.036729
0.036729
0.036729
0.036729
0.036729
0.036729
0.036729
0.036729
0.036729
0.036729
0.036729
0.036729
0.036729
0.036729
0.036705
0.036705
0.036729
0.036729
0.036705
0.036705
0.036705
0.036729
0.036729
0.036729
0.036705
0.036729
0.036729
0.036729
0.036729
0.036729
0.036729
0.036705
0.036729
0.036729
0.036729
0.036729
0.036705
0.036729
0.036729
0.036729
0.036729
0.036729
0.036729
0.036754
0.036754
0.036754
0.036754
0.036754
0.036779
0.036779
0.036779
0.036754
0.036754
0.036754
0.036754
0.036754
0.036754
0.036729
0.036729
0.036729
0.036729
0.036705
0.036705
0.036705
0.036705
0.036705
0.036705
0.036705
0.036705
0.03668
0.03668
0.03668
0.03668
0.03668
0.03668
0.03668
0.03668
0.03668
0.03668
0.03668
0.03668
0.03668
0.03668
0.03668
0.03668
0.03668
0.03668
0.03668
0.03668
0.03668
0.03668
0.03668
0.03668
0.03668
0.036655
0.036655
0.036655
0.036655
0.036655
0.036655
0.036655
0.036655
0.036655
0.036655
0.036655
0.036655
0.036655
0.036655
0.036655
0.036655
0.036655
0.036655
0.036655
0.036655
0.036655
0.036655
0.036655
0.036655
0.03668
0.036655
0.036655
0.036655
0.036655
0.03668
0.036655
0.036655
0.036655
0.036655
0.036655
0.036655
0.036655
0.036655
0.036655
0.036655
0.036655
0.036655
0.036655
0.036655
0.036655
0.036655
0.036655
0.036655
0.036655
0.036655
0.036655
0.036631
0.036631
0.036631
0.036655
0.036631
0.036631
0.036631
0.036631
0.036631
0.036631
0.036631
0.036631
0.036631
0.036631
0.036631
0.036631
0.036631
0.036631
0.036631
0.036631
0.036631
0.036631
0.036631
0.036631
0.036631
0.036631
0.036631
0.036606
0.036631
0.036631
0.036631
0.036631
0.036606
0.036606
0.036606
0.036606
0.036606
0.036606
0.036631
0.036655
0.03668
0.036705
0.036729
0.036754
0.036754
0.036729
0.036655
0.036582
0.036508
0.036459
0.036385
0.036311
0.036237
0.036163
0.036114
0.036089
0.036089
0.036089
0.036114
0.036188
0.036335
0.036483
0.036557
0.036582
0.036582
0.036606
0.036606
0.036606
0.036606
0.036606
0.036631
0.036631
0.036631
0.036631
0.036606
0.036631
0.036631
0.036631
0.036631
0.036606
0.036631
0.036631
0.036631
0.036606
0.036631
0.036631
0.036606
0.036606
0.036631
0.036631
0.036606
0.036606
0.036606
0.036631
0.036631
0.036606
0.036606
0.036631
0.036631
0.036631
0.036606
0.036606
0.036606
0.036631
0.036631
0.036631
0.036606
0.036631
0.036631
0.036631
0.036631
0.036631
0.036631
0.036655
0.036655
0.036655
0.036655
0.036655
0.036655
0.036655
0.036655
0.03668
0.03668
0.03668
0.03668
0.03668
0.03668
0.03668
0.036655
0.036655
0.036655
0.036655
0.036655
0.036655
0.036655
0.036655
0.036655
0.036655
0.036631
0.036631
0.036655
0.036655
0.036655
0.036631
0.036631
0.036655
0.036655
0.036631
0.036631
0.036631
0.036655
0.036655
0.036655
0.036655
0.036655
0.036655
0.036655
0.036655
0.036631
0.036631
0.036655
0.036655
0.036655
0.036631
0.036631
0.036631
0.036631
0.036631
0.036631
0.036631
0.036631
0.036631
0.036631
0.036631
0.036631
0.036606
0.036606
0.036631
0.036631
0.036631
0.036631
0.036631
0.036631
0.036631
0.036631
0.036631
0.036631
0.036631
0.036655
0.036631
0.036631
0.036631
0.036631
0.036655
0.036631
0.036631
0.036631
0.036631
0.036631
0.036631
0.036631
0.036631
0.036631
0.036631
0.036631
0.036631
0.036631
0.036606
0.036606
0.036606
0.036631
0.036606
0.036606
0.036606
0.036606
0.036631
0.036606
0.036606
0.036606
0.036606
0.036631
0.036631
0.036606
0.036606
0.036631
0.036631
0.036631
0.036631
0.036606
0.036631
0.036631
0.036631
0.036631
0.036631
0.036631
0.036631
0.036631
0.036631
0.036606
0.036631
0.036631
0.036631
0.036631
0.036606
0.036606
0.036631
0.036631
0.036631
0.036606
0.036606
0.036631
0.036631
0.036631
0.036606
0.036606
0.036606
0.036606
0.036631
0.036631
0.036631
0.036655
0.036705
0.036729
0.036729
0.036754
0.036779
0.036754
0.036754
0.036729
0.03668
0.036606
0.036557
0.036483
0.036434
0.036385
0.036311
0.036262
0.036188
0.036139
0.036114
0.036139
0.036139
0.036139
0.036188
0.036606
0.036631
0.036631
0.036631
0.036655
0.036655
0.036631
0.036631
0.036655
0.036655
0.036655
0.036655
0.036655
0.036655
0.036655
0.036655
0.036655
0.036655
0.036655
0.036655
0.036655
0.036655
0.036655
0.036655
0.036655
0.036655
0.036655
0.036655
0.036655
0.036655
0.036655
0.036655
0.036655
0.036655
0.036655
0.036655
0.036655
0.036655
0.036655
0.036655
0.036655
0.036655
0.036655
0.036655
0.036655
0.036655
0.036655
0.036655
0.036655
0.036655
0.036655
0.03668
0.03668
0.03668
0.036655
0.03668
0.03668
0.036705
0.036705
0.036705
0.036705
0.036705
0.036705
0.036705
0.036705
0.036705
0.036705
0.036705
0.036705
0.036705
0.036705
0.036705
0.036705
0.03668
0.03668
0.03668
0.03668
0.03668
0.03668
0.03668
0.036655
0.036655
0.036655
0.036655
0.036655
0.036655
0.03668
0.03668
0.03668
0.03668
0.03668
0.03668
0.03668
0.03668
0.03668
0.03668
0.03668
0.03668
0.03668
0.03668
0.03668
0.03668
0.03668
0.03668
0.03668
0.03668
0.03668
0.03668
0.03668
0.03668
0.03668
0.03668
0.03668
0.03668
0.03668
0.03668
0.03668
0.03668
0.03668
0.03668
0.03668
0.03668
0.03668
0.03668
0.03668
0.03668
0.03668
0.03668
0.03668
0.03668
0.03668
0.03668
0.03668
0.03668
0.03668
0.03668
0.03668
0.03668
0.03668
0.03668
0.036705
0.03668
0.03668
0.03668
0.03668
0.036705
0.03668
0.03668
0.03668
0.03668
0.036705
0.03668
0.03668
0.03668
0.03668
0.036705
0.03668
0.03668
0.03668
0.03668
0.03668
0.03668
0.03668
0.03668
0.03668
0.03668
0.03668
0.03668
0.03668
0.03668
0.03668
0.03668
0.03668
0.03668
0.03668
0.03668
0.03668
0.03668
0.03668
0.03668
0.03668
0.03668
0.03668
0.03668
0.03668
0.036655
0.03668
0.03668
0.03668
0.036655
0.036655
0.03668
0.03668
0.03668
0.03668
0.03668
0.03668
0.03668
0.03668
0.03668
0.036655
0.036655
0.036655
0.036655
0.036655
0.036655
0.036655
0.03668
0.036705
0.036754
0.036779
0.036779
0.036803
0.036828
0.036828
0.036828
0.036828
0.036779
0.036705
0.036631
0.036582
0.036508
0.036409
0.036335
0.036286
0.036212
0.036163
0.036163
0.036163
0.036163
0.036237
0.036385
0.036508
0.036606
0.036655
0.036655
0.036655
0.036655
0.036655
0.03668
0.03668
0.03668
0.03668
0.03668
0.03668
0.03668
0.03668
0.03668
0.03668
0.03668
0.03668
0.03668
0.03668
0.036655
0.036655
0.036655
0.036655
0.036655
0.036655
0.036655
0.036655
0.036655
0.03668
0.036655
0.036655
0.036655
0.03668
0.036655
0.036655
0.036655
0.036655
0.036655
0.036655
0.036655
0.036655
0.036655
0.036655
0.03668
0.036655
0.036655
0.03668
0.03668
0.03668
0.03668
0.03668
0.03668
0.03668
0.03668
0.036705
0.036705
0.036705
0.036705
0.036705
0.036705
0.036705
0.036705
0.036705
0.036705
0.036705
0.036705
0.03668
0.03668
0.03668
0.03668
0.03668
0.036655
0.036655
0.036655
0.036655
0.036655
0.036655
0.036631
0.036631
0.036631
0.036655
0.036631
0.036631
0.036631
0.036631
0.036631
0.036655
0.036655
0.036655
0.036631
0.036631
0.036655
0.036655
0.036631
0.036631
0.036631
0.036655
0.036655
0.036631
0.036631
0.036631
0.036631
0.036631
0.036631
0.036631
0.036631
0.036631
0.036631
0.036631
0.036631
0.036631
0.036631
0.036631
0.036631
0.036606
0.036606
0.036631
0.036631
0.036631
0.036606
0.036606
0.036631
0.036631
0.036631
0.036606
0.036606
0.036606
0.036606
0.036631
0.036631
0.036631
0.036631
0.036631
0.036631
0.036631
0.036631
0.036631
0.036631
0.036631
0.036631
0.036631
0.036631
0.036631
0.036631
0.036631
0.036631
0.036631
0.036631
0.036631
0.036631
0.036631
0.036631
0.036606
0.036631
0.036631
0.036631
0.036606
0.036606
0.036631
0.036631
0.036631
0.036606
0.036606
0.036606
0.036631
0.036606
0.036631
0.036631
0.036606
0.036606
0.036606
0.036631
0.036631
0.036606
0.036606
0.036631
0.036631
0.036631
0.036606
0.036606
0.036631
0.036631
0.036631
0.036606
0.036606
0.036631
0.036631
0.036606
0.036606
0.036606
0.036606
0.036606
0.036606
0.036606
0.036582
0.036582
0.036606
0.036606
0.036606
0.036631
0.03668
0.036705
0.036729
0.036754
0.036754
0.036754
