2018
5
17
11
19
45.77
0.044459
0.044459
0.044459
0.044459
0.044459
0.044459
0.044459
0.044459
0.044435
0.044435
0.044435
0.044435
0.044435
0.04441
0.04441
0.044435
0.04441
0.04441
0.04441
0.04441
0.04441
0.04441
0.04441
0.04441
0.044385
0.044385
0.044385
0.04441
0.04441
0.04441
0.04441
0.04441
0.04441
0.04441
0.04441
0.04441
0.04441
0.04441
0.04441
0.044435
0.044459
0.044459
0.044459
0.044484
0.044484
0.044484
0.044484
0.044484
0.044508
0.044508
0.044508
0.044508
0.044508
0.044508
0.044508
0.044484
0.044484
0.044484
0.044484
0.044484
0.044484
0.044484
0.044484
0.044484
0.044484
0.044484
0.044484
0.044484
0.044484
0.044484
0.044484
0.044484
0.044484
0.044484
0.044484
0.044484
0.044484
0.044508
0.044508
0.044508
0.044508
0.044484
0.044484
0.044484
0.044484
0.044484
0.044484
0.044484
0.044484
0.044484
0.044484
0.044484
0.044484
0.044484
0.044508
0.044484
0.044484
0.044508
0.044484
0.044484
0.044484
0.044508
0.044484
0.044508
0.044484
0.044484
0.044484
0.044484
0.044484
0.044484
0.044484
0.044484
0.044484
0.044484
0.044484
0.044484
0.044484
0.044508
0.044508
0.044508
0.044533
0.044533
0.044533
0.044533
0.044533
0.044533
0.044533
0.044558
0.044558
0.044558
0.044558
0.044558
0.044558
0.044558
0.044558
0.044558
0.044558
0.044533
0.044558
0.044558
0.044558
0.044558
0.044533
0.044558
0.044558
0.044558
0.044533
0.044533
0.044533
0.044558
0.044558
0.044533
0.044533
0.044533
0.044533
0.044533
0.044508
0.044508
0.044508
0.044484
0.044435
0.04441
0.044385
0.044385
0.044385
0.044385
0.044361
0.044361
0.044361
0.044385
0.044385
0.044361
0.044361
0.044385
0.04441
0.04441
0.044385
0.044385
0.044385
0.04441
0.04441
0.044385
0.044385
0.044385
0.044435
0.044435
0.04441
0.04441
0.044435
0.044459
0.044484
0.044459
0.044459
0.044484
0.044533
0.044558
0.044558
0.044582
0.044607
0.044632
0.044705
0.044705
0.044705
0.044681
0.044681
0.044681
0.04473
0.044755
0.044755
0.044779
0.044828
0.044853
0.044878
0.044902
0.044902
0.044902
0.044878
0.044804
0.044755
0.04473
0.04473
0.04473
0.044755
0.04473
0.044705
0.04473
0.044755
0.044755
0.04473
0.044705
0.044705
0.04473
0.04473
0.044705
0.044705
0.044705
0.04473
0.044755
0.04473
0.044705
0.044705
0.044705
0.044705
0.044705
0.044705
0.044681
0.044656
0.044681
0.044705
0.044705
0.044681
0.044681
0.044681
0.044705
0.044705
0.044681
0.044681
0.044681
0.044705
0.044705
0.044681
0.044681
0.044681
0.044705
0.044705
0.044705
0.044681
0.044705
0.04473
0.04473
0.04473
0.04473
0.04473
0.044755
0.044779
0.044779
0.044755
0.044779
0.044804
0.044804
0.044828
0.044828
0.044828
0.044828
0.044828
0.044878
0.044878
0.044878
0.044853
0.044853
0.044878
0.044902
0.044878
0.044853
0.044853
0.044878
0.044878
0.044878
0.044853
0.044853
0.044878
0.044878
0.044878
0.044853
0.044853
0.044878
0.044902
0.044878
0.044853
0.044853
0.044878
0.044878
0.044853
0.044828
0.044828
0.044853
0.044853
0.044828
0.044828
0.044828
0.044828
0.044828
0.044853
0.044853
0.044853
0.044828
0.044828
0.044853
0.044853
0.044853
0.044828
0.044828
0.044828
0.044828
0.044828
0.044804
0.044804
0.044828
0.044828
0.044804
0.044779
0.044779
0.044804
0.044804
0.044779
0.044755
0.044755
0.044755
0.044779
0.044755
0.04473
0.04473
0.044755
0.044779
0.044755
0.044755
0.044755
0.044779
0.044804
0.044804
0.044828
0.044828
0.044828
0.044828
0.044853
0.044853
0.044853
0.044853
0.044853
0.044878
0.044878
0.044902
0.044878
0.044878
0.044902
0.044927
0.044927
0.044927
0.044927
0.044952
0.044976
0.044976
0.044976
0.045001
0.04505
0.045075
0.045099
0.045099
0.045124
0.045149
0.045149
0.045149
0.045099
0.045099
0.045099
0.045124
0.045124
0.045149
0.045173
0.045222
0.045272
0.045296
0.045296
0.045198
0.045099
0.045075
0.045099
0.045099
0.045099
0.045075
0.045075
0.045099
0.045099
0.045099
0.045075
0.045075
0.045075
0.045099
0.045099
0.045075
0.045075
0.045099
0.045099
0.045099
0.045075
0.04505
0.045075
0.045099
0.045099
0.045075
0.045075
0.045075
0.045099
0.045099
0.045075
0.04505
0.045075
0.045075
0.045075
0.04505
0.04505
0.045025
0.045025
0.045025
0.045025
0.045025
0.045025
0.045001
0.045001
0.045001
0.045001
0.044976
0.044952
0.044976
0.045001
0.045001
0.044976
0.044976
0.045001
0.045025
0.045025
0.045025
0.045025
0.04505
0.045075
0.045099
0.045099
0.045075
0.045099
0.045124
0.045124
0.045124
0.045124
0.045149
0.045173
0.045173
0.045173
0.045173
0.045173
0.045198
0.045198
0.045198
0.045173
0.045149
0.045149
0.045173
0.045173
0.045149
0.045124
0.045124
0.045149
0.045149
0.045124
0.045099
0.045124
0.045124
0.045124
0.045124
0.045099
0.045099
0.045099
0.045099
0.045075
0.04505
0.04505
0.045075
0.045075
0.045075
0.04505
0.045075
0.045099
0.045124
0.045099
0.045099
0.045124
0.045149
0.045149
0.045149
0.045149
0.045173
0.045198
0.045222
0.045222
0.045222
0.045222
0.045222
0.045247
0.045247
0.045247
0.045247
0.045247
0.045272
0.045272
0.045247
0.045247
0.045247
0.045247
0.045272
0.045272
0.045247
0.045272
0.045321
0.045321
0.045345
0.045345
0.045345
0.04537
0.04537
0.045345
0.045321
0.045321
0.045321
0.045321
0.045321
0.045296
0.045345
0.04537
0.045395
0.045395
0.045395
0.045395
0.04537
0.045296
0.045272
0.045247
0.045247
0.045222
0.045222
0.045247
0.045247
0.045247
0.045222
0.045247
0.045247
0.045272
0.045247
0.045247
0.045247
0.045272
0.045272
0.045272
0.045247
0.045247
0.045272
0.045272
0.045247
0.045247
0.045247
0.045247
0.045272
0.045247
0.045222
0.045222
0.045247
0.045247
0.045222
0.045222
0.045222
0.045222
0.045247
0.045222
0.045198
0.045173
0.045173
0.045198
0.045198
0.045173
0.045149
0.045173
0.045173
0.045173
0.045173
0.045149
0.045149
0.045149
0.045173
0.045149
0.045124
0.045124
0.045149
0.045149
0.045149
0.045149
0.045149
0.045149
0.045173
0.045173
0.045149
0.045149
0.045173
0.045198
0.045198
0.045173
0.045173
0.045198
0.045198
0.045198
0.045173
0.045173
0.045198
0.045173
0.045198
0.045198
0.045198
0.045173
0.045173
0.045198
0.045198
0.045198
0.045173
0.045173
0.045198
0.045198
0.045198
0.045173
0.045173
0.045198
0.045198
0.045198
0.045173
0.045173
0.045198
0.045198
0.045198
0.045173
0.045173
0.045198
0.045222
0.045198
0.045173
0.045149
0.045173
0.045198
0.045173
0.045149
0.045149
0.045173
0.045173
0.045173
0.045173
0.045222
0.045222
0.045247
0.045247
0.045272
0.045247
0.045222
0.045198
0.045198
0.045198
0.045198
0.045198
0.045222
0.045247
0.045296
0.045296
0.045272
0.045272
0.045321
0.045321
0.045272
0.045149
0.045099
0.045099
0.045124
0.045124
0.045099
0.045099
0.045099
0.045124
0.045099
0.045099
0.045075
0.045099
0.045099
0.045099
0.045075
0.045075
0.045099
0.045099
0.045075
0.045075
0.045075
0.045075
0.04505
0.04505
0.045075
0.045075
0.04505
0.045025
0.045025
0.04505
0.04505
0.045025
0.045001
0.045025
0.045025
0.045025
0.045001
0.045001
0.045001
0.045001
0.045001
0.044976
0.044976
0.044976
0.045001
0.045001
0.044976
0.044976
0.044976
0.045001
0.045001
0.045001
0.044976
0.045001
0.045025
0.045025
0.045001
0.045001
0.045025
0.045025
0.04505
0.04505
0.04505
0.045025
0.04505
0.045075
0.045075
0.04505
0.04505
0.04505
0.045075
0.045075
0.04505
0.045025
0.04505
0.04505
0.04505
0.04505
0.045025
0.045025
0.04505
0.04505
0.04505
0.045025
0.045025
0.04505
0.04505
0.045025
0.045025
0.045025
0.04505
0.045075
0.04505
0.045025
0.04505
0.04505
0.045075
0.04505
0.045025
0.045025
0.04505
0.04505
0.045025
0.045025
0.045025
0.045025
0.04505
0.045025
0.045025
0.04505
0.045099
0.045099
0.045099
0.045099
0.045099
0.045124
0.045124
0.045099
0.045075
0.04505
0.045075
0.045099
0.045099
0.045099
0.045124
0.045149
0.045173
0.045173
0.045149
0.045149
0.045173
0.045149
0.045099
0.045025
0.044976
0.045001
0.045001
0.045001
0.045001
0.045001
0.044976
0.044976
0.045001
0.045001
0.044976
0.044976
0.044976
0.045001
0.045001
0.045001
0.044976
0.044976
0.044976
0.045001
0.044976
0.044952
0.044952
0.044976
0.044976
0.044976
0.044952
0.044952
0.044952
0.044976
0.044952
0.044927
0.044927
0.044952
0.044952
0.044927
0.044902
0.044902
0.044927
0.044927
0.044927
0.044902
0.044902
0.044927
0.044902
0.044927
0.044927
0.044927
0.044902
0.044902
0.044927
0.044927
0.044927
0.044927
0.044927
0.044952
0.044952
0.044952
0.044927
0.044927
0.044952
0.044976
0.044952
0.044952
0.044952
0.044976
0.044976
0.044976
0.044976
0.044976
0.044976
0.045001
0.044976
0.044952
0.044952
0.044952
0.044976
0.044952
0.044952
0.044952
0.044952
0.044976
0.044976
0.044952
0.044976
0.044952
0.044952
0.044976
0.044976
0.044976
0.044952
0.044952
0.044976
0.044976
0.044976
0.044976
0.044976
0.044976
0.044976
0.044976
0.044976
0.044976
0.044976
0.044976
0.044976
0.044952
0.044952
0.044976
0.044976
0.044976
0.044976
0.044952
0.044976
0.045001
0.044976
0.044976
0.044976
0.044976
0.045001
0.045001
0.044976
0.044976
0.044976
0.045001
0.045001
0.045001
0.044976
0.044976
0.044976
0.045001
0.045001
0.044976
0.044976
0.044976
0.045001
0.045001
0.044976
0.044976
0.045001
0.045001
0.045001
0.044976
0.044976
0.044976
0.045001
0.045001
0.044976
0.044976
0.044976
0.045001
0.045001
0.044976
0.044976
0.045001
0.045001
0.045001
0.045001
0.044976
0.045001
0.045001
0.045001
0.045001
0.044976
0.045001
0.044976
0.045001
0.045025
0.045025
0.045001
0.044976
0.045001
0.045025
0.045025
0.045001
0.045001
0.045001
0.045001
0.045001
0.045001
0.044976
0.045001
0.045025
0.045025
0.045025
0.045025
0.04505
0.045075
0.045099
0.045099
0.045099
0.045124
0.045124
0.045124
0.045075
0.04505
0.04505
0.045075
0.045099
0.045099
0.045124
0.045149
0.045173
0.045173
0.045173
0.045099
0.045001
0.044976
0.044976
0.045001
0.045001
0.044976
0.044976
0.044976
0.045001
0.045001
0.044976
0.044976
0.044976
0.045001
0.045001
0.044976
0.044976
0.044976
0.045001
0.045001
0.044976
0.044952
0.044976
0.044976
0.044976
0.044976
0.044952
0.044952
0.044976
0.044976
0.044952
0.044927
0.044952
0.044952
0.044976
0.044952
0.044927
0.044952
0.044952
0.044927
0.044952
0.044976
0.044952
0.044952
0.044952
0.044952
0.044976
0.044952
0.044952
0.044952
0.044976
0.044976
0.044952
0.044952
0.044952
0.044976
0.044976
0.044976
0.044952
0.044976
0.045001
0.045001
0.045001
0.044976
0.045001
0.045001
0.045025
0.045025
0.045025
0.045025
0.04505
0.04505
0.045025
0.045025
0.045025
0.04505
0.04505
0.04505
0.045025
0.04505
0.045025
0.045025
0.04505
0.04505
0.04505
0.045025
0.045025
0.04505
0.04505
0.04505
0.045025
0.04505
0.04505
0.045075
0.04505
0.04505
0.04505
0.04505
0.04505
0.04505
0.04505
0.04505
0.04505
0.045075
0.04505
0.04505
0.04505
0.04505
0.045075
0.04505
0.04505
0.04505
0.04505
0.045075
0.04505
0.04505
0.045025
0.04505
0.045075
0.04505
0.04505
0.04505
0.04505
0.045075
0.045099
0.045124
0.045149
0.045149
0.045149
0.045173
0.045173
0.045149
0.045124
0.045099
0.045124
0.045124
0.045149
0.045149
0.045173
0.045222
0.045247
0.045247
0.045247
0.045272
0.045296
0.045272
0.045173
0.045075
0.04505
0.045075
0.045099
0.045075
0.04505
0.04505
0.045075
0.045075
0.045075
0.04505
0.04505
0.04505
0.04505
0.04505
0.045075
0.045075
0.04505
0.04505
0.04505
0.045075
0.045075
0.04505
0.04505
0.04505
0.045075
0.045075
0.04505
0.04505
0.04505
0.045075
0.045075
0.04505
0.04505
0.04505
0.045075
0.045075
0.04505
0.04505
0.04505
0.045075
0.045075
0.04505
0.04505
0.045075
0.045075
0.045075
0.04505
0.04505
0.045075
0.045075
0.045075
0.045099
0.045099
0.045075
0.045075
0.045075
0.045099
0.045099
0.045099
0.045099
0.045099
0.045124
0.045124
0.045124
0.045124
0.045124
0.045149
0.045149
0.045149
0.045124
0.045149
0.045173
0.045173
0.045149
0.045149
0.045149
0.045173
0.045173
0.045149
0.045149
0.045173
0.045173
0.045173
0.045149
0.045149
0.045149
0.045173
0.045173
0.045173
0.045149
0.045173
0.045173
0.045173
0.045173
0.045173
0.045149
0.045173
0.045173
0.045173
0.045173
0.045149
0.045173
0.045173
0.045173
0.045149
0.045149
0.045149
0.045173
0.045173
0.045173
0.045149
0.045149
0.045173
0.045173
0.045149
0.045149
0.045149
0.045173
0.045173
0.045173
0.045149
0.045149
0.045173
0.045173
0.045149
0.045149
0.045149
0.045173
0.045173
0.045149
0.045149
0.045173
0.045149
0.045149
0.045173
0.045173
0.045173
0.045149
0.045173
0.045173
0.045198
0.045173
0.045149
0.045173
0.045198
0.045198
0.045173
0.045149
0.045173
0.045198
0.045198
0.045173
0.045149
0.045173
0.045173
0.045198
0.045173
0.045149
0.045149
0.045173
0.045173
0.045173
0.045149
0.045149
0.045173
0.045173
0.045149
0.045149
0.045149
0.045173
0.045173
0.045173
0.045173
0.045173
0.045149
0.045149
0.045173
0.045173
0.045149
0.045149
0.045149
0.045173
0.045173
0.045149
0.045149
0.045149
0.045173
0.045173
0.045149
0.045149
0.045149
0.045173
0.045173
0.045149
0.045149
0.045149
0.045173
0.045173
0.045173
0.045149
0.045149
0.045173
0.045173
0.045173
0.045149
0.045149
0.045173
0.045173
0.045149
0.045149
0.045149
0.045149
0.045149
0.045149
0.045173
0.045149
0.045149
0.045124
0.045149
0.045149
0.045149
0.045124
0.045124
0.045149
0.045149
0.045149
0.045124
0.045124
0.045149
0.045149
0.045149
0.045124
0.045149
0.045173
0.045173
0.045149
0.045124
0.045075
0.045075
0.04505
0.045025
0.045025
0.045025
0.04505
0.045075
0.045075
0.045075
0.045075
0.045099
0.045124
0.045124
0.045149
0.045149
0.045124
0.045124
0.045149
0.045149
0.045149
0.045124
0.045124
0.045149
0.045149
0.045149
0.045124
0.045124
0.045149
0.045149
0.045149
0.045124
0.045124
0.045149
0.045149
0.045149
0.045124
0.045124
0.045149
0.045149
0.045149
0.045124
0.045124
0.045149
0.045149
0.045149
0.045124
0.045124
0.045149
0.045173
0.045173
0.045149
0.045149
0.045173
0.045149
0.045173
0.045198
0.045198
0.045173
0.045173
0.045198
0.045198
0.045198
0.045173
0.045173
0.045198
0.045222
0.045222
0.045198
0.045173
0.045198
0.045198
0.045198
0.045173
0.045173
0.045173
0.045198
0.045198
0.045173
0.045149
0.045173
0.045173
0.045173
0.045149
0.045149
0.045149
0.045173
0.045173
0.045149
0.045149
0.045149
0.045173
0.045173
0.045149
0.045173
0.045149
0.045149
0.045149
0.045173
0.045173
0.045173
0.045149
0.045173
0.045198
0.045198
0.045173
0.045173
0.045173
0.045198
0.045198
0.045173
0.045173
0.045173
0.045198
0.045198
0.045173
0.045173
0.045173
0.045198
0.045198
0.045173
0.045173
0.045173
0.045198
0.045198
0.045173
0.045173
0.045173
0.045198
0.045173
0.045173
0.045149
0.045149
0.045173
0.045149
0.045173
0.045173
0.045149
0.045149
0.045149
0.045173
0.045173
0.045149
0.045149
0.045149
0.045173
0.045173
0.045173
0.045149
0.045149
0.045173
0.045173
0.045173
0.045149
0.045149
0.045173
0.045173
0.045173
0.045149
0.045173
0.045173
0.045198
0.045173
0.045149
0.045149
0.045173
0.045173
0.045173
0.045149
0.045149
0.045173
0.045173
0.045173
0.045149
0.045222
0.045222
0.045247
0.045272
0.045296
0.045272
0.045247
0.045247
0.045247
0.045247
0.045222
0.045198
0.045222
0.045272
0.045296
0.045296
0.045296
0.045321
0.045345
0.04537
0.04537
0.045321
0.045222
0.045173
0.045173
0.045149
0.045149
0.045149
0.045149
0.045173
0.045149
0.045124
0.045149
0.045149
0.045173
0.045149
0.045124
0.045124
0.045149
0.045173
0.045173
0.045149
0.045124
0.045124
0.045149
0.045173
0.045149
0.045124
0.045124
0.045149
0.045149
0.045124
0.045124
0.045124
0.045124
0.045149
0.045124
0.045099
0.045099
0.045124
0.045124
0.045099
0.045099
0.045099
0.045099
0.045099
0.045099
0.045075
0.045075
0.045099
0.045099
0.045099
0.045075
0.045075
0.045099
0.045099
0.045099
0.045075
0.045075
0.045099
0.045124
0.045149
0.045149
0.045124
0.045124
0.045149
0.045173
0.045173
0.045149
0.045149
0.045173
0.045173
0.045173
0.045149
0.045149
0.045173
0.045173
0.045173
0.045149
0.045149
0.045173
0.045173
0.045173
0.045149
0.045149
0.045173
0.045173
0.045173
0.045149
0.045149
0.045149
0.045173
0.045173
0.045149
0.045149
0.045173
0.045173
0.045173
0.045149
0.045149
0.045149
0.045149
0.045149
0.045173
0.045149
0.045149
0.045149
0.045149
0.045173
0.045149
0.045149
0.045149
0.045149
0.045173
0.045149
0.045149
0.045149
0.045173
0.045173
0.045173
0.045149
0.045149
0.045149
0.045173
0.045173
0.045149
0.045149
0.045149
0.045173
0.045173
0.045149
0.045149
0.045173
0.045173
0.045173
0.045149
0.045149
0.045173
0.045173
0.045173
0.045173
0.045173
0.045149
0.045149
0.045149
0.045173
0.045173
0.045149
0.045149
0.045149
0.045173
0.045173
0.045149
0.045149
0.045149
0.045173
0.045173
0.045149
0.045149
0.045149
0.045173
0.045173
0.045149
0.045149
0.045149
0.045173
0.045173
0.045173
0.045149
0.045149
0.045173
0.045173
0.045149
0.045149
0.045149
0.045173
0.045173
0.045149
0.045149
0.045149
0.045149
0.045149
0.045173
0.045173
0.045149
0.045149
0.045149
0.045173
0.045173
0.045149
0.045149
0.045149
0.045173
0.045173
0.045149
0.045149
0.045149
0.045173
0.045173
0.045149
0.045149
0.045149
0.045173
0.045173
0.045149
0.045149
0.045149
0.045173
0.045173
0.045149
0.045149
0.045149
0.045173
0.045173
0.045149
0.045149
0.045149
0.045173
0.045173
0.045149
0.045173
0.045149
0.045124
0.045149
0.045149
0.045149
0.045149
0.045124
0.045124
0.045149
0.045149
0.045149
0.045124
0.045124
0.045149
0.045149
0.045149
0.045149
0.045149
0.045149
0.045124
0.045075
0.045025
0.045025
0.04505
0.04505
0.04505
0.045025
0.04505
0.045075
0.045099
0.045099
0.045099
0.045099
0.045124
0.045149
0.045149
0.045149
0.045149
0.045173
0.045149
0.045173
0.045173
0.045173
0.045149
0.045149
0.045173
0.045173
0.045173
0.045149
0.045149
0.045173
0.045173
0.045173
0.045149
0.045149
0.045173
0.045173
0.045173
0.045149
0.045149
0.045173
0.045173
0.045173
0.045149
0.045149
0.045173
0.045173
0.045173
0.045149
0.045173
0.045173
0.045198
0.045198
0.045173
0.045173
0.045198
0.045198
0.045198
0.045173
0.045222
0.045198
0.045198
0.045222
0.045247
0.045222
0.045222
0.045222
0.045247
0.045247
0.045222
0.045222
0.045222
0.045222
0.045247
0.045222
0.045198
0.045198
0.045222
0.045222
0.045222
0.045198
0.045198
0.045198
0.045198
0.045198
0.045173
0.045173
0.045173
0.045198
0.045173
0.045173
0.045149
0.045173
0.045173
0.045173
0.045149
0.045149
0.045173
0.045173
0.045173
0.045198
0.045173
0.045173
0.045173
0.045198
0.045198
0.045198
0.045173
0.045173
0.045198
0.045198
0.045198
0.045198
0.045198
0.045198
0.045198
0.045198
0.045173
0.045198
0.045198
0.045222
0.045198
0.045198
0.045173
0.045198
0.045198
0.045198
0.045173
0.045173
0.045198
0.045222
0.045198
0.045173
0.045173
0.045198
0.045198
0.045198
0.045173
0.045173
0.045173
0.045173
0.045198
0.045198
0.045198
0.045173
0.045173
0.045198
0.045198
0.045198
0.045173
0.045173
0.045173
0.045198
0.045198
0.045173
0.045173
0.045198
0.045198
0.045198
0.045173
0.045173
0.045173
0.045198
0.045198
0.045173
0.045173
0.045198
0.045198
0.045198
0.045173
0.045173
0.045173
0.045198
0.045198
0.045173
0.045173
0.045198
0.045247
0.045247
0.045272
0.045247
0.045247
0.045222
0.045222
0.045222
0.045222
0.045222
0.045247
0.045296
0.045321
0.045321
0.045321
0.045345
0.045395
0.045395
0.045345
0.045247
0.045198
0.045173
0.045173
0.045173
0.045173
0.045173
0.045173
0.045173
0.045173
0.045173
0.045173
0.045173
0.045198
0.045173
0.045149
0.045173
0.045173
0.045173
0.045173
0.045149
0.045173
0.045173
0.045173
0.045173
0.045149
0.045149
0.045149
0.045173
0.045149
0.045149
0.045124
0.045149
0.045149
0.045173
0.045149
0.045124
0.045149
0.045173
0.045173
0.045149
0.045149
0.045149
0.045173
0.045173
0.045149
0.045149
0.045149
0.045173
0.045173
0.045149
0.045149
0.045149
0.045173
0.045173
0.045173
0.045149
0.045173
0.045173
0.045198
0.045173
0.045173
0.045173
0.045198
0.045198
0.045222
0.045247
0.045222
0.045222
0.045222
0.045247
0.045272
0.045247
0.045222
0.045222
0.045247
0.045247
0.045222
0.045222
0.045222
0.045247
0.045247
0.045222
0.045222
0.045222
0.045247
0.045247
0.045222
0.045222
0.045222
0.045247
0.045247
0.045222
0.045222
0.045222
0.045247
0.045247
0.045222
0.045222
0.045222
0.045247
0.045247
0.045222
0.045222
0.045222
0.045222
0.045247
0.045247
0.045222
0.045222
0.045222
0.045222
0.045247
0.045222
0.045222
0.045222
0.045222
0.045247
0.045222
0.045222
0.045222
0.045222
0.045247
0.045222
0.045222
0.045222
0.045222
0.045247
0.045222
0.045198
0.045222
0.045222
0.045247
0.045222
0.045222
0.045222
0.045222
0.045247
0.045222
0.045198
0.045198
0.045222
0.045247
0.045222
0.045222
0.045222
0.045198
0.045222
0.045222
0.045222
0.045222
0.045222
0.045222
0.045222
0.045222
0.045222
0.045222
0.045222
0.045222
0.045247
0.045222
0.045222
0.045222
0.045222
0.045247
0.045222
0.045222
0.045222
0.045222
0.045247
0.045247
0.045222
0.045222
0.045247
0.045247
0.045247
0.045222
0.045222
0.045247
0.045247
0.045247
0.045222
0.045222
0.045222
0.045222
0.045247
0.045247
0.045247
0.045222
0.045222
0.045222
0.045247
0.045247
0.045247
0.045272
0.045296
0.045321
0.045345
0.045345
0.045321
0.045321
0.045321
0.045321
0.045296
0.045272
0.045296
0.045321
0.045345
0.045345
0.04537
0.045395
0.045395
0.045419
0.045419
0.045395
0.045345
0.045272
0.045222
0.045198
0.045198
0.045222
0.045222
0.045222
0.045222
0.045222
0.045198
0.045198
0.045198
0.045222
0.045222
0.045198
0.045198
0.045198
0.045222
0.045222
0.045198
0.045198
0.045198
0.045222
0.045222
0.045198
0.045198
0.045198
0.045222
0.045222
0.045198
0.045173
0.045198
0.045198
0.045198
0.045198
0.045173
0.045198
0.045198
0.045198
0.045198
0.045173
0.045173
0.045198
0.045198
0.045173
0.045173
0.045173
0.045149
0.045173
0.045173
0.045173
0.045173
0.045173
0.045173
0.045198
0.045198
0.045173
0.045173
0.045198
0.045198
0.045222
0.045198
0.045198
0.045222
0.045222
0.045247
0.045222
0.045222
0.045247
0.045272
0.045272
0.045247
0.045247
0.045247
0.045272
0.045272
0.045247
0.045247
0.045247
0.045272
0.045272
0.045247
0.045247
0.045247
0.045272
0.045272
0.045272
0.045272
0.045247
0.045247
0.045247
0.045272
0.045272
0.045272
0.045247
0.045272
0.045272
0.045272
0.045272
0.045272
0.045272
0.045296
0.045296
0.045272
0.045247
0.045272
0.045272
0.045272
0.045272
0.045247
0.045247
0.045272
0.045272
0.045272
0.045247
0.045247
0.045272
0.045272
0.045247
0.045247
0.045247
0.045272
0.045272
0.045272
0.045247
0.045247
0.045272
0.045272
0.045296
0.045296
0.045272
0.045247
0.045272
0.045272
0.045296
0.045272
0.045247
0.045272
0.045296
0.045296
0.045272
0.045272
0.045272
0.045296
0.045296
0.045296
0.045272
0.045272
0.045296
0.045296
0.045272
0.045272
0.045272
0.045272
0.045296
0.045272
0.045272
0.045272
0.045296
0.045296
0.045272
0.045272
0.045272
0.045272
0.045296
0.045272
0.045272
0.045272
0.045272
0.045272
0.045272
0.045296
0.045272
0.045272
0.045272
0.045272
0.045296
0.045272
0.045272
0.045272
0.045272
0.045296
0.045296
0.045272
0.045272
0.045272
0.045296
0.045272
0.045272
0.045272
0.045296
0.045296
0.045272
0.045272
0.045272
0.045296
0.045296
0.045296
0.045272
0.045272
0.045296
0.045296
0.045296
0.045272
0.045247
0.045272
0.045272
0.045296
0.045321
0.045321
0.045321
0.045345
0.04537
0.045395
0.045395
0.04537
0.045345
0.045345
0.045345
0.045321
0.045296
0.045321
0.045345
0.045395
0.045419
0.045419
0.045419
0.045444
0.045469
0.045469
0.045444
0.045345
0.045272
0.045272
0.045247
0.045247
0.045247
0.045247
0.045272
0.045272
0.045247
0.045222
0.045247
0.045247
0.045247
0.045222
0.045222
