2018
5
17
11
28
8.2611
0.090543
0.090519
0.090519
0.090543
0.090568
0.090543
0.090469
0.090396
0.090346
0.090322
0.090297
0.090297
0.090272
0.090223
0.090199
0.090149
0.0901
0.090026
0.090002
0.090051
0.090125
0.090149
0.090174
0.090248
0.090297
0.090346
0.090371
0.09042
0.090469
0.090519
0.090519
0.090519
0.090494
0.090519
0.090543
0.090543
0.090519
0.090494
0.090519
0.090543
0.090519
0.090543
0.090543
0.090543
0.090519
0.090519
0.090543
0.090568
0.090543
0.090519
0.090543
0.090568
0.090568
0.090543
0.090543
0.090543
0.090568
0.090592
0.090568
0.090543
0.090568
0.090592
0.090617
0.090592
0.090592
0.090592
0.090642
0.090642
0.090642
0.090617
0.090642
0.090691
0.090691
0.090691
0.090691
0.090691
0.09074
0.09074
0.09074
0.090716
0.09074
0.090716
0.090691
0.090716
0.090716
0.090666
0.090642
0.090617
0.090642
0.090617
0.090592
0.090568
0.090543
0.090568
0.090568
0.090519
0.090494
0.090494
0.090519
0.090519
0.090494
0.090469
0.090494
0.090519
0.090519
0.090494
0.090469
0.090494
0.090519
0.090543
0.090519
0.090494
0.090494
0.090519
0.090519
0.090519
0.090494
0.090494
0.090519
0.090543
0.090519
0.090519
0.090494
0.090494
0.090494
0.090519
0.090519
0.090494
0.090469
0.090494
0.090519
0.090519
0.090519
0.090494
0.090494
0.090519
0.090519
0.090519
0.090494
0.090494
0.090519
0.090519
0.090519
0.090494
0.090494
0.090519
0.090543
0.090519
0.090494
0.090494
0.090519
0.090543
0.090519
0.090494
0.090494
0.090519
0.090543
0.090519
0.090494
0.090494
0.090494
0.090494
0.090519
0.090543
0.090519
0.090494
0.090494
0.090519
0.090543
0.090519
0.090494
0.090494
0.090519
0.090543
0.090519
0.090494
0.090494
0.090519
0.090543
0.090543
0.090543
0.090543
0.090568
0.090592
0.090568
0.090519
0.090469
0.090445
0.09042
0.090346
0.090248
0.090248
0.090248
0.090199
0.090125
0.090075
0.090051
0.090051
0.090026
0.090026
0.090272
0.090297
0.090297
0.090346
0.090445
0.090543
0.090543
0.090519
0.090519
0.090568
0.090568
0.090568
0.090543
0.090543
0.090568
0.090592
0.090592
0.090568
0.090568
0.090592
0.090592
0.090592
0.090568
0.090568
0.090592
0.090617
0.090617
0.090592
0.090568
0.090592
0.090617
0.090617
0.090592
0.090592
0.090617
0.090617
0.090617
0.090592
0.090592
0.090617
0.090592
0.090617
0.090642
0.090642
0.090617
0.090617
0.090642
0.090666
0.090666
0.090642
0.090642
0.090691
0.090716
0.090716
0.090691
0.090691
0.090716
0.09074
0.09074
0.090716
0.090691
0.090716
0.09074
0.090716
0.090691
0.090666
0.090666
0.090691
0.090666
0.090617
0.090592
0.090592
0.090592
0.090568
0.090519
0.090494
0.090494
0.090519
0.090494
0.090469
0.090494
0.090445
0.090445
0.090469
0.090494
0.090494
0.090445
0.090445
0.090469
0.090494
0.090494
0.090469
0.090445
0.090469
0.090494
0.090494
0.090469
0.090445
0.090469
0.090494
0.090494
0.090445
0.090445
0.090469
0.090494
0.090494
0.090469
0.090445
0.090469
0.090494
0.090494
0.090469
0.090445
0.090469
0.090494
0.090494
0.090469
0.090445
0.090469
0.090494
0.090469
0.090494
0.090494
0.090469
0.090445
0.090469
0.090494
0.090469
0.090445
0.090445
0.090445
0.090469
0.090469
0.090445
0.090445
0.090469
0.090469
0.090469
0.090445
0.090445
0.090445
0.090469
0.090469
0.090445
0.09042
0.090445
0.090469
0.090469
0.090469
0.090469
0.090494
0.090519
0.090519
0.090494
0.090469
0.09042
0.09042
0.090371
0.090297
0.090248
0.090075
0.090026
0.090026
0.090002
0.089977
0.089952
0.089977
0.090051
0.090125
0.090174
0.090199
0.090223
0.090272
0.090346
0.09042
0.090445
0.09042
0.090445
0.090494
0.090494
0.090469
0.090445
0.090469
0.090494
0.090494
0.090469
0.090445
0.090469
0.090494
0.090494
0.090469
0.090469
0.090469
0.090494
0.090519
0.090494
0.090469
0.090494
0.090519
0.090519
0.090519
0.090519
0.090519
0.090494
0.090519
0.090543
0.090543
0.090519
0.090519
0.090519
0.090543
0.090568
0.090543
0.090519
0.090543
0.090568
0.090592
0.090568
0.090568
0.090568
0.090617
0.090617
0.090617
0.090592
0.090617
0.090642
0.090642
0.090642
0.090617
0.090617
0.090642
0.090642
0.090617
0.090592
0.090592
0.090592
0.090592
0.090568
0.090519
0.090519
0.090445
0.090445
0.090469
0.090469
0.090445
0.09042
0.09042
0.090445
0.090445
0.09042
0.090396
0.090396
0.09042
0.09042
0.090396
0.090371
0.090371
0.090396
0.09042
0.090396
0.090371
0.090371
0.090396
0.09042
0.090396
0.090371
0.090371
0.090396
0.09042
0.090396
0.090371
0.090371
0.090396
0.09042
0.090396
0.090371
0.090396
0.09042
0.09042
0.09042
0.09042
0.09042
0.090396
0.090396
0.09042
0.090445
0.09042
0.09042
0.090445
0.090469
0.090469
0.090445
0.090371
0.090322
0.090297
0.090248
0.090199
0.090199
0.090223
0.090199
0.090149
0.0901
0.090026
0.089977
0.089952
0.089952
0.089977
0.090002
0.090075
0.090149
0.090199
0.090223
0.090248
0.090297
0.090396
0.09042
0.090396
0.090396
0.090396
0.09042
0.090396
0.09042
0.090445
0.09042
0.090396
0.090396
0.09042
0.090445
0.09042
0.090396
0.090396
0.09042
0.090445
0.09042
0.090396
0.090396
0.09042
0.090445
0.09042
0.090396
0.09042
0.090445
0.090445
0.090445
0.09042
0.09042
0.090469
0.090469
0.090469
0.090445
0.090469
0.090494
0.090519
0.090519
0.090494
0.090494
0.090543
0.090568
0.090568
0.090543
0.090592
0.090592
0.090592
0.090617
0.090617
0.090617
0.090568
0.090568
0.090592
0.090592
0.090543
0.090519
0.090494
0.090494
0.090494
0.090469
0.09042
0.09042
0.09042
0.09042
0.090396
0.090371
0.090371
0.090371
0.090396
0.090371
0.090346
0.090346
0.090371
0.090371
0.090371
0.090346
0.090346
0.090371
0.090371
0.090371
0.090346
0.090346
0.090346
0.090371
0.090346
0.090371
0.090346
0.090322
0.090322
0.090346
0.090371
0.090371
0.090322
0.090322
0.090346
0.090371
0.090371
0.090322
0.090322
0.090346
0.090371
0.090346
0.090322
0.090322
0.090346
0.090371
0.090371
0.090346
0.090346
0.090371
0.090396
0.090396
0.090322
0.090272
0.090248
0.090199
0.090149
0.090125
0.090125
0.090125
0.090075
0.090026
0.089952
0.089903
0.089928
0.089977
0.090051
0.090125
0.090149
0.090149
0.090199
0.090272
0.090346
0.090346
0.090346
0.090322
0.090346
0.090371
0.090371
0.090346
0.090346
0.090371
0.090396
0.090371
0.090346
0.090346
0.090371
0.090396
0.090371
0.090346
0.090346
0.090371
0.090396
0.090371
0.090371
0.090346
0.090371
0.090396
0.090396
0.090371
0.090346
0.090371
0.090396
0.090396
0.09042
0.09042
0.090396
0.090396
0.09042
0.090469
0.090469
0.090445
0.090445
0.090469
0.090494
0.090519
0.090494
0.090494
0.090519
0.090543
0.090543
0.090543
0.090519
0.090543
0.090568
0.090568
0.090519
0.090519
0.090519
0.090519
0.090494
0.090469
0.09042
0.090445
0.090445
0.09042
0.090396
0.090346
0.090346
0.090371
0.090346
0.090322
0.090297
0.090322
0.090297
0.090297
0.090322
0.090322
0.090297
0.090297
0.090297
0.090322
0.090322
0.090297
0.090272
0.090297
0.090322
0.090322
0.090297
0.090272
0.090297
0.090322
0.090322
0.090297
0.090272
0.090297
0.090322
0.090322
0.090297
0.090272
0.090297
0.090322
0.090322
0.090297
0.090272
0.090297
0.090322
0.090322
0.090272
0.090272
0.090272
0.090297
0.090297
0.090272
0.090297
0.090272
0.090272
0.090272
0.090297
0.090297
0.090272
0.090272
0.090272
0.090297
0.090297
0.090272
0.090272
0.090272
0.090297
0.090297
0.090272
0.090272
0.090272
0.090297
0.090297
0.090272
0.090272
0.090272
0.090297
0.090297
0.090272
0.090248
0.090272
0.090297
0.090297
0.090272
0.090248
0.090272
0.090297
0.090297
0.090272
0.090248
0.090272
0.090297
0.090272
0.090297
0.090297
0.090272
0.090248
0.090248
0.090272
0.090297
0.090272
0.090248
0.090248
0.090272
0.090272
0.090272
0.090248
0.090248
0.090272
0.090272
0.090248
0.090248
0.090248
0.090272
0.090272
0.090272
0.090248
0.090248
0.090272
0.090272
0.090248
0.090248
0.090248
0.090272
0.090272
0.090248
0.090223
0.090248
0.090297
0.090322
0.090297
0.090272
0.090174
0.0901
0.090051
0.090051
0.090075
0.090026
0.089928
0.089879
0.089854
0.089829
0.08978
0.089731
0.089755
0.089854
0.089903
0.089952
0.089977
0.090002
0.090075
0.090149
0.090174
0.090199
0.090223
0.090248
0.090272
0.090248
0.090223
0.090223
0.090272
0.090272
0.090248
0.090223
0.090223
0.090272
0.090272
0.090248
0.090223
0.090223
0.090248
0.090272
0.090272
0.090248
0.090223
0.090248
0.090272
0.090272
0.090272
0.090248
0.090248
0.090272
0.090297
0.090272
0.090248
0.090272
0.090297
0.090297
0.090272
0.090272
0.090272
0.090297
0.090322
0.090297
0.090272
0.090297
0.090322
0.090346
0.090322
0.090322
0.090322
0.090371
0.090371
0.090371
0.090346
0.090346
0.090396
0.090396
0.090371
0.090346
0.090346
0.090371
0.090322
0.090322
0.090322
0.090297
0.090272
0.090248
0.090248
0.090248
0.090223
0.090199
0.090199
0.090199
0.090199
0.090199
0.090174
0.090174
0.090199
0.090199
0.090199
0.090174
0.090174
0.090174
0.090199
0.090199
0.090149
0.090149
0.090174
0.090199
0.090174
0.090149
0.090149
0.090174
0.090199
0.090174
0.090149
0.090149
0.090174
0.090199
0.090174
0.090149
0.090149
0.090149
0.090174
0.090199
0.090174
0.090149
0.090149
0.090174
0.090199
0.090174
0.090149
0.090149
0.090174
0.090199
0.090174
0.090149
0.090149
0.090174
0.090199
0.090174
0.090149
0.090149
0.090174
0.090174
0.090174
0.090149
0.090125
0.090149
0.090174
0.090174
0.090125
0.090125
0.090149
0.090174
0.090149
0.090125
0.090125
0.090149
0.090149
0.090149
0.090149
0.090149
0.090125
0.0901
0.090125
0.090149
0.090125
0.0901
0.0901
0.090125
0.090149
0.090125
0.0901
0.0901
0.090125
0.090149
0.090125
0.0901
0.0901
0.090125
0.090149
0.090125
0.0901
0.0901
0.090125
0.090125
0.090125
0.090125
0.090125
0.090149
0.090174
0.090174
0.090149
0.0901
0.090051
0.090051
0.089977
0.089879
0.089829
0.089854
0.089632
0.089632
0.089632
0.089583
0.089583
0.089632
0.089706
0.08978
0.089829
0.089854
0.089879
0.089952
0.090051
0.0901
0.090075
0.090075
0.0901
0.090125
0.090125
0.0901
0.0901
0.090125
0.090149
0.090149
0.090125
0.090125
0.090125
0.090149
0.090149
0.090125
0.090125
0.090149
0.090174
0.090149
0.090125
0.090125
0.090149
0.090174
0.090174
0.090149
0.090174
0.090149
0.090174
0.090199
0.090199
0.090174
0.090174
0.090199
0.090223
0.090223
0.090199
0.090199
0.090223
0.090272
0.090272
0.090248
0.090248
0.090272
0.090297
0.090297
0.090297
0.090272
0.090297
0.090322
0.090346
0.090322
0.090297
0.090322
0.090346
0.090322
0.090297
0.090272
0.090272
0.090272
0.090272
0.090223
0.090199
0.090199
0.090199
0.090174
0.090125
0.090125
0.0901
0.090075
0.090075
0.0901
0.0901
0.090075
0.090051
0.090075
0.0901
0.0901
0.090075
0.090051
0.090075
0.0901
0.0901
0.090075
0.090051
0.090075
0.0901
0.0901
0.090075
0.090051
0.090075
0.0901
0.0901
0.090075
0.090051
0.090075
0.0901
0.0901
0.090075
0.090051
0.090075
0.0901
0.0901
0.090075
0.090051
0.090075
0.090051
0.090075
0.0901
0.0901
0.090075
0.090051
0.090075
0.0901
0.0901
0.090075
0.090051
0.090075
0.0901
0.0901
0.090075
0.090051
0.090075
0.0901
0.0901
0.090075
0.090051
0.090075
0.0901
0.0901
0.090075
0.090051
0.090075
0.0901
0.0901
0.090075
0.090051
0.090075
0.090125
0.090125
0.090125
0.0901
0.090125
0.090149
0.090125
0.090051
0.089952
0.089952
0.089903
0.089829
0.08978
0.089755
0.089682
0.089608
0.089583
0.089632
0.089682
0.089731
0.089755
0.089805
0.089879
0.089903
0.089952
0.090002
0.090051
0.0901
0.0901
0.0901
0.090075
0.090075
0.0901
0.0901
0.0901
0.090075
0.090075
0.0901
0.090125
0.0901
0.090075
0.090075
0.0901
0.0901
0.0901
0.090075
0.090075
0.0901
0.090075
0.090125
0.090125
0.090125
0.0901
0.0901
0.090125
0.090149
0.090125
0.0901
0.090125
0.090149
0.090149
0.090149
0.090125
0.090125
0.090174
0.090174
0.090174
0.090149
0.090149
0.090199
0.090223
0.090199
0.090174
0.090199
0.090223
0.090248
0.090223
0.090223
0.090223
0.090248
0.090272
0.090248
0.090223
0.090223
0.090223
0.090223
0.090199
0.090149
0.090125
0.090075
0.090075
0.090075
0.090075
0.090051
0.090026
0.090026
0.090026
0.090051
0.090026
0.090002
0.090002
0.090026
0.090051
0.090026
0.090002
0.090002
0.090026
0.090026
0.090026
0.090002
0.090002
0.090026
0.090026
0.090002
0.089977
0.089977
0.090002
0.090026
0.090002
0.089977
0.089977
0.090002
0.090002
0.090002
0.089977
0.089977
0.090002
0.090002
0.090002
0.090002
0.090002
0.089977
0.089977
0.090002
0.090002
0.090002
0.089977
0.089952
0.090002
0.090002
0.089977
0.089952
0.089952
0.089977
0.090002
0.090002
0.089977
0.089977
0.089977
0.090002
0.090002
0.089977
0.089977
0.090002
0.090002
0.090002
0.089977
0.089977
0.090002
0.090002
0.090002
0.089977
0.089977
0.090002
0.090002
0.090002
0.089977
0.089977
0.089977
0.089977
0.090002
0.090002
0.090002
0.089977
0.089977
0.090002
0.090002
0.090002
0.089977
0.089952
0.089977
0.090002
0.090002
0.089977
0.089952
0.089977
0.090002
0.090002
0.089977
0.089952
0.089977
0.090002
0.090002
0.089977
0.089977
0.090002
0.090002
0.090002
0.089977
0.089977
0.090002
0.090002
0.090002
0.089977
0.089977
0.090002
0.090002
0.090002
0.090002
0.090002
0.089977
0.089952
0.089977
0.090002
0.090002
0.089977
0.089952
0.089977
0.090002
0.090002
0.089977
0.089952
0.089977
0.090002
0.089977
0.089952
0.089952
0.089977
0.089977
0.089977
0.089952
0.089928
0.089952
0.089977
0.089977
0.089977
0.089977
0.090002
0.090026
0.090026
0.090002
0.089952
0.089928
0.089854
0.089829
0.089854
0.089829
0.089829
0.089583
0.089559
0.089534
0.089509
0.089509
0.089559
0.089632
0.089706
0.089731
0.089755
0.08978
0.089879
0.089952
0.089977
0.089952
0.089952
0.089977
0.090002
0.090002
0.089977
0.089977
0.090002
0.090002
0.090002
0.089977
0.089977
0.090002
0.090002
0.090002
0.089977
0.089977
0.090002
0.090002
0.090002
0.089977
0.089977
0.090002
0.090002
0.090002
0.090002
0.090026
0.090002
0.089977
0.090002
0.090026
0.090026
0.090002
0.090002
0.090002
0.090051
0.090051
0.090026
0.090002
0.090026
0.090051
0.090051
0.090051
0.090026
0.090051
0.0901
0.0901
0.090075
0.090075
0.0901
0.090125
0.090125
0.0901
0.0901
0.090125
0.090149
0.090149
0.090125
0.0901
0.090125
0.090125
0.090125
0.090075
0.090051
0.090051
0.090075
0.089977
0.090002
0.090002
0.089952
0.089928
0.089952
0.089977
0.089977
0.089952
0.089928
0.089928
0.089952
0.089952
0.089928
0.089928
0.089928
0.089952
0.089952
0.089928
0.089903
0.089928
0.089952
0.089952
0.089928
0.089903
0.089928
0.089952
0.089952
0.089928
0.089903
0.089928
0.089952
0.089952
0.089928
0.089903
0.089928
0.089952
0.089952
0.089928
0.089903
0.089928
0.089903
0.089928
0.089952
0.089952
0.089928
0.089903
0.089928
0.089952
0.089952
0.089928
0.089903
0.089928
0.089952
0.089952
0.089928
0.089903
0.089928
0.089952
0.089952
0.089928
0.089903
0.089928
0.089952
0.089952
0.089928
0.089903
0.089928
0.089952
0.089952
0.089928
0.089903
0.089928
0.089952
0.089952
0.089928
0.089903
0.089928
0.089952
0.089952
0.089952
0.089928
0.089903
0.089928
0.089952
0.089952
0.089928
0.089903
0.089928
0.089952
0.089952
0.089928
0.089903
0.089928
0.089952
0.089952
0.089928
0.089903
0.089928
0.089952
0.089952
0.089928
0.089903
0.089928
0.089928
0.089952
0.089928
0.089903
0.089903
0.089928
0.089952
0.089928
0.089903
0.089903
0.089928
0.089952
0.089928
0.089903
0.089903
0.089928
0.089903
0.089928
0.089952
0.089928
0.089903
0.089903
0.089928
0.089952
0.089928
0.089903
0.089903
0.089928
0.089928
0.089928
0.089903
0.089903
0.089928
0.089928
0.089928
0.089903
0.089903
0.089928
0.089928
0.089928
0.089903
0.089903
0.089903
0.089854
0.089952
0.089928
0.089928
0.089952
0.089952
0.089952
0.089928
0.089928
0.089928
0.089928
0.089903
0.089854
0.08978
0.089805
0.089829
0.089854
0.089879
0.089829
0.089805
0.08978
0.089829
0.089879
0.089879
0.089854
0.089854
0.089879
0.089879
0.089879
0.089854
0.089854
0.089879
0.089879
0.089879
0.089854
0.089879
0.089903
0.089928
0.089928
0.089903
0.089903
0.089928
0.089928
0.089928
0.089903
0.089903
0.089928
0.089928
0.089928
0.089903
0.089903
0.089928
0.089952
0.089928
0.089952
0.089952
0.089928
0.089928
0.089952
0.089977
0.089952
0.089928
0.089928
0.089952
0.089977
0.089952
0.089928
0.089928
0.089952
0.089977
0.089952
0.089952
0.089928
0.089977
0.090002
0.089977
0.089952
0.089952
0.089977
0.090002
0.090002
0.089977
0.089977
0.090002
0.090002
0.090002
0.089977
0.089977
0.090002
0.090002
0.090002
0.089977
0.089977
0.089952
0.089952
0.089977
0.089977
0.089977
0.089952
0.089928
0.089952
0.089977
0.089952
0.089928
0.089928
0.089928
0.089952
0.089952
0.089903
0.089903
0.089928
0.089952
0.089928
0.089903
0.089879
0.089903
0.089928
0.089928
0.089903
0.089879
0.089903
0.089928
0.089928
0.089879
0.089879
0.089903
0.089928
0.089903
0.089879
0.089879
0.089903
0.089903
0.089903
0.089903
0.089903
0.089879
0.089854
0.089879
0.089903
0.089903
0.089854
0.089854
0.089879
0.089903
0.089879
0.089854
0.089854
0.089879
0.089903
0.089903
0.089879
0.089854
0.089879
0.089903
0.089903
0.089879
0.089854
0.089879
0.089903
0.089903
0.089854
0.089854
0.089879
0.089903
0.089903
0.089854
0.089854
0.089879
0.089879
0.089879
0.089854
0.089829
0.089854
0.089854
0.089879
0.089879
0.089854
0.089829
0.089854
0.089879
0.089879
0.089854
0.089829
0.089854
0.089879
0.089879
0.089854
0.089854
0.089854
0.089879
0.089903
0.089879
0.089879
0.089903
0.089928
0.089928
0.089903
0.089879
0.089854
0.089829
0.089805
0.089731
0.089657
0.089657
0.089632
0.089559
0.089485
0.089435
0.089411
0.089411
0.089386
0.089337
0.089362
0.089583
0.089608
0.089657
0.089731
0.089805
0.089829
0.089829
0.089854
0.089879
0.089879
0.089854
0.089829
0.089854
0.089879
0.089879
0.089854
0.089854
0.089854
0.089879
0.089903
0.089879
0.089854
0.089879
0.089903
0.089903
0.089879
0.089879
0.089879
0.089903
0.089928
0.089903
0.089879
0.089903
0.089928
0.089928
0.089928
0.089903
0.089903
0.089952
0.089952
0.089952
0.089977
0.089952
0.089952
0.089952
0.090002
0.090002
0.090002
0.089977
0.090002
0.090026
0.090051
0.090026
0.090026
0.090026
0.090075
0.090075
0.090051
0.090051
0.090051
0.090075
0.090075
0.090051
0.090026
0.090026
0.090051
0.090026
0.090002
0.089952
0.089952
0.089977
0.089952
0.089928
0.089879
0.089879
0.089879
0.089879
0.089854
0.089829
0.089829
0.089829
0.089829
0.089854
0.089854
0.089854
0.089829
0.089829
0.089854
0.089854
0.089829
0.089829
0.089829
0.089854
0.089854
0.089829
0.089805
0.089829
0.089854
0.089854
0.089829
0.089805
0.089805
0.089829
0.089854
0.089829
0.089805
0.089805
0.089829
0.089854
0.089829
0.089805
0.089805
0.089829
0.089854
0.089829
0.089805
0.089805
0.089829
0.089829
0.089829
0.089829
0.089805
0.08978
0.08978
0.089805
0.089829
0.089805
0.08978
0.08978
0.089805
0.089829
0.089805
0.08978
0.08978
0.089805
0.089805
0.089805
0.08978
0.08978
0.089805
0.089805
0.089805
0.08978
0.08978
0.089805
0.089805
0.089805
0.08978
0.08978
0.089805
0.089805
0.089805
0.08978
0.08978
0.089805
0.089805
0.089805
0.089755
0.08978
0.089805
0.089805
0.089805
0.089805
0.08978
0.08978
0.089805
0.089829
0.089805
0.08978
0.08978
0.089805
0.089805
0.089805
0.08978
0.089755
0.089805
0.089805
0.089805
0.08978
0.08978
0.089805
0.089805
0.089805
0.08978
0.08978
0.089805
0.089805
0.089805
0.089755
0.089755
0.08978
0.089805
0.08978
0.089755
0.089755
0.08978
0.089805
0.08978
0.089755
0.089755
0.089755
0.089755
0.08978
0.089805
0.08978
0.089755
0.089755
0.089755
0.08978
0.08978
0.089755
0.089755
0.089805
0.089829
0.089829
0.089805
0.08978
0.08978
0.089755
0.089706
0.089608
0.089583
0.089608
0.089632
0.089559
0.08946
0.089411
0.089386
0.089362
0.089312
0.089263
0.089312
0.089362
0.089435
0.089485
0.089509
0.089534
0.089608
0.089706
0.089755
0.08978
0.089755
0.089755
0.08978
0.089805
0.089805
0.08978
0.08978
0.08978
0.089805
0.089805
0.08978
0.08978
0.089805
0.089805
0.089805
0.08978
0.089755
0.08978
0.089805
0.089805
0.08978
0.089755
0.08978
0.089829
0.089805
0.08978
0.08978
0.089805
0.089829
0.089829
0.089805
0.089805
0.089805
0.089829
0.089829
0.089805
0.089805
0.089829
0.089854
0.089805
0.089829
0.089829
0.089805
0.089805
0.089829
0.089854
0.089854
0.089829
0.089805
0.089829
0.089854
0.089854
0.089829
0.089829
0.089829
0.089854
0.089829
0.089805
0.08978
0.08978
0.089805
0.08978
0.089731
0.089731
0.089731
0.089731
0.089706
0.089682
0.089657
0.089682
0.089682
0.089682
0.089657
0.089632
0.089657
0.089682
0.089682
0.089657
0.089632
0.089657
0.089632
0.089657
0.089682
0.089657
0.089657
0.089632
0.089657
0.089682
0.089657
0.089632
0.089632
0.089632
0.089657
0.089657
0.089632
0.089632
0.089632
0.089657
0.089657
0.089632
0.089632
0.089632
0.089657
0.089657
0.089632
0.089632
0.089632
0.089657
0.089657
0.089632
0.089608
0.089632
0.089657
0.089657
0.089632
0.089632
0.089632
0.089657
0.089657
0.089657
0.089632
0.089608
0.089632
0.089657
0.089657
0.089632
0.089608
0.089632
0.089657
0.089657
0.089632
0.089608
0.089632
0.089657
0.089657
0.089632
0.089608
0.089632
0.089657
0.089657
0.089632
0.089608
0.089608
0.089632
0.089632
0.089608
0.089608
0.089608
0.089632
0.089632
0.089632
0.089608
0.089608
0.089632
0.089632
0.089608
0.089608
0.089608
0.089632
0.089608
0.089632
0.089632
0.089608
0.089608
0.089608
0.089632
0.089632
0.089608
0.089608
0.089608
0.089632
0.089632
0.089632
0.089608
0.089608
0.089632
0.089632
0.089608
0.089608
0.089608
0.089632
0.089632
0.089608
0.089608
0.089608
0.089632
0.089632
0.089632
0.089608
0.089608
0.089632
0.089632
0.089608
0.089583
0.089608
0.089632
0.089632
0.089608
0.089583
0.089608
0.089583
0.089583
0.089608
0.089632
0.089608
0.089583
0.089583
0.089608
0.089632
0.089608
0.089583
0.089509
0.089632
0.089657
0.089608
0.089608
0.089608
0.089657
0.089657
0.089657
0.089632
0.089608
0.089632
0.089608
0.089559
0.089509
0.089485
0.089534
0.089559
0.089583
0.089583
0.089583
0.089583
0.089583
0.089534
0.089509
0.089534
0.089583
0.089583
0.089559
0.089559
0.089534
0.089509
0.089509
0.089559
0.089559
0.089559
0.089534
0.089559
0.089583
0.089583
0.089583
0.089559
0.089559
0.089583
0.089583
0.089583
0.089559
0.089559
0.089583
0.089583
0.089559
0.089534
0.089559
0.089583
0.089583
0.089559
0.089559
0.089559
0.089583
0.089583
0.089583
0.089559
0.089559
0.089583
0.089608
0.089583
0.089559
0.089559
0.089559
0.089559
0.089583
0.089608
0.089583
0.089559
0.089559
0.089583
0.089608
0.089583
0.089559
0.089559
0.089608
0.089608
0.089608
0.089583
0.089583
0.089608
0.089632
0.089608
0.089583
0.089583
0.089608
0.089632
0.089608
0.089583
0.089583
0.089608
0.089608
0.089608
0.089559
0.089559
0.089583
0.089608
0.089583
0.089559
0.089559
0.089583
0.089608
0.089583
0.089583
0.089583
0.089559
0.089559
0.089583
0.089583
0.089583
0.089559
0.089559
0.089583
0.089583
0.089583
0.089559
0.089534
0.089559
0.089583
0.089583
0.089559
0.089534
0.089559
0.089583
0.089559
0.089534
0.089534
0.089559
0.089583
0.089559
0.089534
0.089534
0.089559
0.089583
0.089559
0.089534
0.089534
0.089559
0.089583
0.089559
0.089534
0.089534
0.089559
0.089534
0.089559
0.089583
0.089559
0.089534
0.089534
0.089559
0.089583
0.089559
0.089534
0.089534
0.089559
0.089583
0.089559
0.089534
0.089534
0.089559
0.089583
0.089559
0.089534
0.089534
0.089559
0.089559
0.089559
0.089534
0.089534
0.089559
0.089583
0.089559
0.089534
0.089534
0.089559
0.089559
0.089559
0.089534
0.089534
0.089559
0.089583
0.089559
0.089534
0.089583
0.089559
0.089534
0.089559
0.089583
0.089608
0.089583
0.089583
0.089608
0.089632
0.089608
0.089534
0.08946
0.08946
0.089411
0.089362
0.089312
0.089288
0.089214
0.089189
0.089165
0.089115
0.089066
0.089066
0.089066
0.089115
0.08914
0.089189
0.089263
0.089337
0.089362
0.089386
0.089411
0.089509
0.089559
0.089583
0.089559
0.089534
0.089559
0.089583
0.089583
0.089583
0.089559
0.089559
0.089559
0.089608
0.089583
0.089559
0.089559
0.089583
0.089608
0.089608
0.089583
0.089583
0.089583
0.089608
0.089608
0.089608
0.089583
0.089608
0.089632
0.089632
0.089608
0.089608
0.089608
0.089632
0.089657
0.089632
0.089608
0.089632
0.089657
0.089682
0.089657
0.089657
0.089682
0.089706
0.089731
0.089706
0.089706
0.089731
0.089755
0.08978
0.08978
0.089755
0.089755
0.089755
0.08978
0.089755
0.089731
0.089682
0.089682
0.089706
0.089682
0.089632
0.089608
0.089608
0.089608
0.089583
0.089559
0.089534
0.089534
0.089534
0.089534
0.089509
0.089509
0.089509
0.089534
0.089534
0.089509
0.089485
0.089485
0.089509
0.089534
0.089509
0.089485
0.089509
0.089534
0.089534
0.089509
0.089485
0.089509
0.089485
0.089485
0.089534
0.089534
0.089509
0.089485
0.089485
0.089509
0.089534
0.089509
0.089485
0.089485
0.089509
0.089509
0.089485
0.089485
0.089485
0.089509
0.089509
0.089485
0.089485
0.089485
0.089509
0.089509
0.089485
0.08946
0.089485
0.089509
0.089509
0.089509
0.089485
0.089485
0.089509
0.089509
0.089485
0.089485
0.089485
0.089509
0.089509
0.089509
0.089534
0.089509
0.089485
0.089485
0.089509
0.089534
0.089509
0.089485
0.089485
0.089509
0.089509
0.089509
0.089485
0.089485
0.089509
0.089509
0.089509
0.089485
0.089485
0.089509
0.089509
0.089509
0.089485
0.089485
0.089509
0.089534
0.089509
0.089485
0.089485
0.089509
0.089509
0.089509
0.089485
0.089485
0.089509
0.089509
0.089509
0.089485
0.089485
0.089485
0.089485
0.089509
0.089509
0.089485
0.08946
0.089485
0.089509
0.089534
0.089534
0.089509
0.089534
0.089559
0.089559
0.089534
0.08946
0.089435
0.089411
0.089362
0.089312
0.089263
0.089238
0.089189
0.08914
0.089091
0.089042
0.089017
0.089017
0.089017
0.089066
0.089091
0.08914
0.089238
0.089288
0.089312
0.089337
0.089411
0.089485
0.089534
0.089509
0.089534
0.089509
0.089509
0.089534
0.089559
0.089534
0.089509
0.089509
0.089534
0.089559
0.089534
0.089509
0.089509
0.089534
0.089559
0.089534
0.089509
0.089534
0.089559
0.089559
0.089559
0.089534
0.089534
0.089559
0.089583
0.089559
0.089534
0.089534
0.089559
0.089583
0.089583
0.089559
0.089559
0.089583
0.089608
0.089583
0.089583
0.089583
0.089608
0.089632
0.089632
0.089657
0.089657
0.089632
0.089632
0.089657
0.089682
0.089682
0.089657
0.089657
0.089682
0.089682
0.089682
0.089632
0.089632
0.089632
0.089657
0.089608
0.089583
0.089559
0.089559
0.089559
0.089534
0.089509
0.089485
0.089485
0.089509
0.089485
0.089435
0.089435
0.08946
0.089485
0.08946
0.089435
0.089435
0.08946
0.08946
0.08946
0.089435
0.089435
0.089435
0.089435
0.08946
0.089485
0.08946
0.089435
0.089435
0.08946
0.089485
0.08946
0.089435
0.089435
0.08946
0.089485
0.08946
0.089435
0.089435
0.08946
0.08946
0.08946
0.089435
0.089435
0.08946
0.08946
0.08946
0.089435
0.089435
0.08946
0.08946
0.08946
0.089435
0.089435
0.089435
0.08946
0.08946
0.089435
0.089435
0.08946
0.08946
0.08946
0.08946
0.08946
0.089435
0.089435
0.08946
0.08946
0.08946
0.089435
0.089435
0.08946
0.089485
0.089485
0.08946
0.089435
0.08946
0.089485
0.089485
0.08946
0.089435
0.08946
0.089485
0.089485
0.08946
0.089435
0.08946
0.089485
0.08946
0.089435
0.089435
0.08946
0.089485
0.08946
0.089435
0.089435
0.08946
0.08946
0.08946
0.089435
0.089435
0.089435
0.089411
0.089435
0.08946
0.08946
0.089435
0.089411
0.089435
0.08946
0.08946
0.089435
0.089435
0.089435
0.08946
0.08946
0.089435
0.089411
0.089435
0.08946
0.08946
0.089435
0.089411
0.089435
0.08946
0.08946
0.089435
0.089411
0.089435
0.08946
0.08946
0.089435
0.089411
0.089435
0.08946
0.08946
0.089411
0.089411
0.089411
0.08946
0.08946
0.089435
0.089485
0.08946
0.08946
0.089485
0.089509
0.08946
0.089386
0.089337
0.089288
0.089288
0.089312
0.089263
0.089189
0.08914
0.089115
0.089066
0.088992
0.088918
0.088943
0.089017
0.089066
0.089115
0.08914
0.089189
0.089263
0.089312
0.089362
0.089386
0.089435
0.08946
0.089485
0.08946
0.089435
0.08946
0.089485
0.089485
0.08946
0.089435
0.08946
0.089485
0.08946
0.089485
0.08946
0.089435
0.089435
0.089485
0.089485
0.08946
0.089435
0.089435
0.08946
0.08946
0.08946
0.089435
0.089435
0.08946
0.089485
0.08946
0.089435
0.089435
0.089485
0.089485
0.08946
0.089435
0.08946
0.089485
0.089485
0.08946
0.08946
0.08946
0.089509
0.089509
0.089485
0.089485
0.089485
0.089534
0.089534
0.089509
0.089509
0.089534
0.089509
0.089534
0.089534
0.089559
0.089509
0.089485
0.089485
0.089485
0.089485
0.08946
0.089411
0.089411
0.089411
0.089411
0.089362
0.089337
0.089312
0.089337
0.089337
0.089312
0.089288
0.089288
0.089288
0.089312
0.089263
0.089238
0.089238
0.089263
0.089288
0.089263
0.089238
0.089238
0.089263
0.089263
0.089238
0.089238
0.089238
0.089263
0.089263
0.089238
0.089238
0.089214
0.089189
0.089189
0.089214
0.089214
0.089189
0.089165
0.089165
0.089189
0.089189
0.089165
0.08914
0.08914
0.089165
0.089189
0.089165
0.08914
0.08914
0.089165
0.089165
0.08914
0.089115
0.089115
0.08914
0.089165
0.08914
0.089115
0.089115
0.08914
0.089165
0.08914
0.089115
0.089115
0.08914
0.08914
0.08914
0.089115
0.089115
0.08914
0.089115
0.08914
0.089165
0.08914
0.089115
0.089115
0.08914
0.08914
0.08914
0.089115
0.089115
0.08914
0.08914
0.08914
0.089115
0.089115
0.08914
0.08914
0.08914
0.089115
0.089115
0.08914
0.08914
0.089115
0.089091
0.089091
0.089115
0.08914
0.089115
0.089091
0.089091
0.089115
0.08914
0.089115
0.089091
0.089091
0.089115
0.08914
0.089115
0.089091
0.089115
0.089091
0.089091
0.089115
0.089115
0.089115
0.089091
0.089091
0.089115
0.089115
0.089115
0.089066
0.089066
0.089091
0.089115
0.089091
0.089066
0.089066
0.089091
0.089115
0.089091
0.089066
0.089066
0.089091
0.08914
0.08914
0.089115
0.089115
0.08914
0.089165
0.089091
0.089017
0.088968
0.088943
0.088943
0.088943
0.088894
0.08882
0.088771
0.088746
0.088598
0.088672
0.088722
0.088746
0.088771
0.088845
0.088918
0.088943
0.088992
0.089042
0.089091
0.089115
0.089091
0.089066
0.089066
0.089091
0.089115
0.089115
0.089066
0.089066
0.089091
0.089115
0.089115
0.089091
0.089066
0.089091
0.089115
0.089115
0.089091
0.089091
0.089115
0.08914
0.089115
0.089091
0.089091
0.089115
0.08914
0.08914
0.089115
0.089115
0.089115
0.08914
0.089165
0.089165
0.08914
0.08914
0.089165
0.089189
0.089189
0.089165
0.089165
0.089214
0.089238
0.089238
0.089214
0.089214
0.089238
0.089263
0.089263
0.089238
0.089238
0.089263
0.089312
0.089288
0.089263
0.089263
0.089288
0.089312
0.089288
0.089263
0.089238
0.089238
0.089238
0.089214
0.089189
0.089165
0.089165
0.089165
0.08914
0.089091
0.089066
0.089042
0.089017
0.089042
0.089066
0.089042
0.089017
0.089017
0.089042
0.089066
0.089042
0.089017
0.089017
0.089017
0.089042
0.089042
0.089017
0.089017
0.089042
0.089066
0.089042
0.089017
0.089017
0.089017
0.089042
0.089042
0.089017
0.089017
0.089017
0.089042
0.089042
0.089017
0.088992
0.089017
0.089042
0.089042
0.089017
0.088992
0.089017
0.089042
0.089017
0.089042
0.089042
0.089017
0.088992
0.089017
0.089042
0.089042
0.089017
0.088992
0.089017
0.089042
0.089042
0.089017
0.089017
0.089017
0.089042
0.089042
0.089017
0.088992
0.089017
0.089042
0.089042
0.089017
0.088992
0.089017
0.089042
0.089042
0.089017
0.088992
0.089017
0.089042
0.089042
0.089017
0.088992
0.089017
0.089042
0.089042
0.089017
0.088992
0.089017
0.088992
0.089017
0.089042
0.089042
0.089017
0.088992
0.089017
0.089042
0.089042
0.089017
0.088992
0.089017
0.089042
0.089042
0.089017
0.088992
0.089017
0.089042
0.089042
0.089017
0.089017
0.089017
0.089042
0.089042
0.089017
0.088992
0.089017
0.089042
0.089042
0.089017
0.088992
0.089017
0.089042
0.089042
0.089017
0.088992
0.089017
0.089042
0.089042
0.089017
0.088992
0.088992
0.088992
0.089017
0.089017
0.088992
0.088992
0.088992
0.089017
0.089017
0.088992
0.088992
0.088992
0.089042
0.089066
0.089042
0.089042
0.089042
0.089066
0.089042
0.088968
0.088918
0.088869
0.088845
0.08882
0.088771
0.088672
0.088623
0.088623
0.088598
0.088549
0.0885
0.0885
0.088574
0.088623
0.088648
0.088697
0.088746
0.088795
0.089042
0.089042
0.089017
0.089017
0.089017
0.089042
0.089066
0.089042
0.089017
0.089017
0.089042
0.089066
0.089042
0.089017
0.089017
0.089042
0.089066
0.089042
0.089017
0.089017
0.089042
0.089066
0.089042
0.089017
0.089042
0.089066
0.089066
0.089042
0.089042
0.089042
0.089066
0.089091
0.089066
0.089042
0.089042
0.089091
0.089091
0.089066
0.089042
0.089066
0.089066
0.089115
0.089115
0.089115
0.089091
0.089091
0.08914
0.089165
0.08914
0.089115
0.08914
0.089165
0.089189
0.089165
0.08914
0.089165
0.089189
0.089189
0.089165
0.08914
0.08914
0.08914
0.08914
0.089091
0.089066
0.089042
0.089066
0.089066
0.089042
0.088992
0.088992
0.088992
0.088992
0.088992
0.088943
0.088943
0.088968
0.088992
0.088968
0.088943
0.088968
0.088943
0.088943
0.088968
0.088968
0.088943
0.088918
0.088943
0.088968
0.088968
0.088968
0.088943
0.088943
0.088968
0.088968
0.088968
0.088943
0.088943
0.088968
0.088968
0.088968
0.088918
0.088943
0.088968
0.088968
0.088943
0.088943
0.088943
0.088943
0.088968
0.088943
0.088943
0.088943
0.088968
0.088968
0.088968
0.088943
0.088943
0.088968
0.088968
0.088968
0.088968
0.088968
0.088943
0.088943
0.088968
0.088968
0.088943
0.088943
0.088943
0.088968
0.088968
0.088968
0.088918
0.088918
0.088968
0.088968
0.088968
0.088943
0.088943
0.088968
0.088968
0.088968
0.088943
0.088943
0.088943
0.088968
0.088968
0.088943
0.088943
0.088943
0.088968
0.088968
0.088943
0.088918
0.088943
0.088968
0.088943
0.088918
0.088918
0.088918
0.088918
0.088943
0.088968
0.088943
0.088918
0.088918
0.088943
0.088943
0.088943
0.088918
0.088894
0.088943
0.088943
0.088943
0.088918
0.088918
0.088918
0.088943
0.088943
0.088918
0.088918
0.088918
0.088943
0.088943
0.088918
0.088918
0.088918
0.088943
0.088943
0.088918
0.088894
0.088918
0.088943
0.088943
0.088894
0.088894
0.088918
0.088943
0.088918
0.088943
0.088943
0.088943
0.088943
0.088968
0.088992
0.088992
0.088918
0.088869
0.088845
0.08882
0.088795
0.088771
0.088771
0.088722
0.088672
0.088623
0.088549
0.088475
0.088451
0.088475
0.0885
0.088525
0.088574
0.088648
0.088697
0.088746
0.088771
0.08882
0.088894
0.088943
0.088943
0.088918
0.088918
0.088943
0.088968
0.088968
0.088943
0.088943
0.088943
0.088943
0.088943
0.088968
0.088968
0.088943
0.088918
0.088943
0.088968
0.088968
0.088943
0.088943
0.088968
0.088968
0.088968
0.088943
0.088943
0.088968
0.088992
0.088992
0.088968
0.088943
0.088968
0.088992
0.088992
0.088968
0.088968
0.088992
0.089017
0.089017
0.088992
0.088992
0.089017
0.089042
0.089042
0.089017
0.089017
0.089042
0.089091
0.089091
0.089066
0.089091
0.089066
0.089091
0.089115
0.089115
0.089091
0.089066
0.089091
0.089091
0.089091
0.089042
0.089017
0.089017
0.089042
0.089017
0.088968
0.088943
0.088943
0.088968
0.088943
0.088918
0.088894
0.088894
0.088918
0.088918
0.088894
0.088869
0.088894
0.088918
0.088918
0.088894
0.088869
0.088894
0.088918
0.088918
0.088869
0.088869
0.088894
0.088918
0.088918
0.088918
0.088918
0.088894
0.088869
0.088894
0.088894
0.088894
0.088869
0.088869
0.088869
0.088894
0.088894
0.088894
0.088869
0.088869
0.088894
0.088894
0.088894
0.088869
0.088894
0.088918
0.088918
0.088894
0.088869
0.088894
0.088894
0.088894
0.088869
0.088869
0.088869
0.088894
0.088894
0.088869
0.088869
0.088869
0.088894
0.088894
0.088869
0.088845
0.088869
0.088845
0.088869
0.088894
0.088894
0.088869
0.088845
0.088869
0.088894
0.088894
0.088869
0.088845
0.088869
0.088894
0.088894
0.088869
0.088845
0.088869
0.088894
0.088894
0.088869
0.088845
0.088869
0.088894
0.088894
0.088869
0.088845
0.088869
0.088894
0.088894
0.088869
0.088845
0.088845
0.088894
0.088894
0.088869
0.088845
0.088869
0.088894
0.088894
0.088869
0.088869
0.088845
0.088845
0.088869
0.088894
0.088869
0.088845
0.088845
0.088869
0.088894
0.088869
0.088845
0.088869
0.088894
0.088894
0.088869
0.088845
0.088845
0.088869
0.088894
0.088869
0.088845
0.088845
0.088869
0.088894
0.088869
0.088845
0.088845
0.088869
0.088894
0.088869
0.088845
0.088845
0.088869
0.088869
0.088869
0.088845
0.088845
0.088869
0.088869
0.088869
0.088869
0.088771
0.088845
0.088869
0.088894
0.088894
0.088894
0.088869
0.088894
0.088918
0.088918
0.088894
0.088869
0.088845
0.088845
0.08882
0.088771
0.088771
0.088795
0.088845
0.088894
0.088869
0.08882
0.088795
0.088795
0.08882
0.08882
0.08882
0.08882
0.088845
0.088845
0.08882
0.088795
0.088795
0.08882
0.088845
0.08882
0.088795
0.08882
0.088845
0.088845
0.088869
0.088869
0.088869
0.088845
0.088845
0.088869
0.088894
0.088869
0.088845
0.088845
0.088869
0.088869
0.088869
0.088845
0.088845
0.088869
0.088869
0.088869
0.088845
0.088845
0.088869
0.088894
0.088869
0.088845
0.088845
0.088869
0.088894
0.088869
0.088845
0.088845
0.088869
0.088869
0.088869
0.08882
0.088845
0.088869
0.088869
0.088869
0.088894
0.088869
0.088845
0.088845
0.088869
0.088894
0.088869
0.088845
0.088845
0.088894
0.088894
0.088869
0.088869
0.088869
0.088894
0.088894
0.088869
0.088845
0.088869
0.088894
0.088894
0.088869
0.088845
0.088845
0.088869
0.088894
0.088869
0.088845
0.088845
0.088869
0.088869
0.088845
0.08882
0.08882
0.088845
0.088869
0.088845
0.08882
0.08882
0.088845
0.08882
0.088845
0.088845
0.088845
0.08882
0.08882
0.08882
0.088845
0.08882
0.088795
0.088795
0.08882
0.088845
0.08882
0.088795
0.088795
0.08882
0.088845
0.08882
0.088795
0.088795
0.08882
0.08882
0.08882
0.088795
0.088795
0.08882
0.08882
0.08882
0.088795
0.088795
0.08882
0.088845
0.08882
0.088795
0.088795
0.08882
0.08882
0.08882
0.088795
0.08882
0.088795
0.088795
0.08882
0.08882
0.08882
0.088795
0.088795
0.08882
0.08882
0.08882
0.088795
0.088771
0.088795
0.08882
0.08882
0.088795
0.088771
0.088795
0.08882
0.08882
0.088795
0.088771
0.088795
0.08882
0.08882
0.088795
0.088771
0.088795
0.08882
0.088795
0.088771
0.088771
0.088795
0.08882
0.08882
0.088795
0.088795
0.08882
0.088845
0.088845
0.08882
0.088771
0.088697
0.088648
0.088623
0.088623
0.088598
0.0885
0.088426
0.088401
0.088401
0.088377
0.088303
0.088278
0.088328
0.088401
0.088451
0.088475
0.088525
0.088574
0.088648
0.088672
0.088722
0.088771
0.088795
0.088845
0.088845
0.08882
0.088795
0.08882
0.088845
0.088845
0.08882
0.088795
0.08882
0.088845
0.088845
0.08882
0.088795
0.08882
0.08882
0.088845
0.088845
0.08882
0.08882
0.088845
0.088869
0.088869
0.088845
0.088845
0.088845
0.088894
0.088894
0.088869
0.088845
0.088869
0.088918
0.088918
0.088894
0.088894
0.088894
0.088943
0.088943
0.088918
0.088918
0.088943
0.088968
0.088992
0.088968
0.088968
0.088992
0.089017
0.089017
0.089017
0.088992
0.089017
0.089042
0.089042
0.089017
0.089017
0.088968
0.088943
0.088943
0.088968
0.088943
0.088894
0.088869
0.088845
0.088869
0.088845
0.08882
0.088795
0.088795
0.08882
0.08882
0.088795
0.088771
0.088771
0.088795
0.088795
0.088771
0.088746
0.088771
0.088795
0.088795
0.088771
0.088746
0.088771
0.088795
0.088795
0.088771
0.088746
0.088771
0.088795
0.088795
0.088771
0.088746
0.088771
0.088795
0.088771
0.088795
0.088795
0.088771
0.088746
0.088771
0.088771
0.088795
0.088771
0.088746
0.088746
0.088771
0.088795
0.088771
0.088746
0.088746
0.088771
0.088771
0.088746
0.088746
0.088746
0.088771
0.088795
0.088771
0.088746
0.088746
0.088795
0.088795
0.088771
0.088746
0.088746
0.088795
0.088795
0.088771
0.088771
0.088771
0.088795
0.088795
0.088771
0.088746
0.088771
0.088746
0.088771
0.088795
0.088795
0.088771
0.088746
0.088771
0.088795
0.088795
0.088771
0.088746
0.088771
0.088795
0.088795
0.088771
0.088746
0.088771
0.088795
0.088795
0.088771
0.088746
0.088746
0.088795
0.088795
0.088771
0.088746
0.088746
0.088795
0.088795
0.088771
0.088746
0.088746
0.088771
0.088795
0.088771
0.088746
0.088746
0.088771
0.088795
0.088795
0.088771
0.088746
0.088771
0.088795
0.08882
0.088795
0.088795
0.088795
0.088845
0.088845
0.088795
0.088722
0.088697
0.088672
0.088623
0.088574
0.088525
0.088475
0.088426
0.088401
0.088352
0.088278
0.088278
0.088254
0.088303
0.088328
0.088352
0.088426
0.0885
0.088549
0.088574
0.088598
0.088672
0.088746
0.088771
0.088771
0.088746
0.088771
0.088795
0.088771
0.088795
0.088795
0.088795
0.088771
0.088771
0.088795
0.088795
0.088771
0.088771
0.088771
0.088795
0.088795
0.088795
0.088746
0.088771
0.088795
0.088795
0.088795
0.088771
0.088771
0.088795
0.088795
0.088795
0.088771
0.088771
0.088795
0.088795
0.088795
0.088771
0.088771
0.088795
0.08882
0.088795
0.088771
0.088771
0.08882
0.08882
0.08882
0.088795
0.088845
0.08882
0.08882
0.088845
0.088869
0.088869
0.088845
0.088845
0.088869
0.088894
0.088869
0.088845
0.08882
0.088845
0.088845
0.08882
0.088771
0.088771
0.088771
0.088771
0.088746
0.088722
0.088697
0.088722
0.088722
0.088697
0.088672
0.088672
0.088697
0.088697
0.088672
0.088648
0.088648
0.088672
0.088697
0.088672
0.088648
0.088648
0.088672
0.088697
0.088672
0.088697
0.088672
0.088648
0.088648
0.088672
0.088697
0.088672
0.088648
0.088648
0.088672
0.088697
0.088672
0.088648
0.088648
0.088672
0.088697
0.088672
0.088648
0.088648
0.088672
0.088697
0.088672
0.088648
0.088648
0.088672
0.088697
0.088672
0.088648
0.088648
0.088672
0.088672
0.088672
0.088648
0.088648
0.088648
0.088672
0.088672
0.088648
0.088648
0.088648
0.088648
0.088672
0.088672
0.088672
0.088648
0.088623
0.088648
0.088672
0.088672
0.088648
0.088623
0.088648
0.088672
0.088672
0.088623
0.088623
0.088648
0.088672
0.088672
0.088648
0.088623
0.088672
0.088672
0.088672
0.088648
0.088648
0.088672
0.088672
0.088672
0.088648
0.088623
0.088672
0.088672
0.088672
0.088648
0.088623
0.088672
0.088672
0.088672
0.088672
0.088648
0.088648
0.088648
0.088672
0.088672
0.088648
0.088648
0.088672
0.088672
0.088672
0.088648
0.088623
0.088648
0.088672
0.088672
0.088648
0.088623
0.088648
0.088672
0.088672
0.088648
0.088623
0.088648
0.088672
0.088672
0.088648
0.088623
0.088648
0.088672
0.088648
0.088623
0.088623
0.088648
0.088672
0.088672
0.088648
0.088648
0.088672
0.088722
0.088672
0.088648
0.088623
0.088525
0.088475
0.0885
0.088525
0.0885
0.088401
0.088328
0.088303
0.088278
0.088229
0.088155
0.088155
0.088254
0.088303
0.088352
0.088377
0.088401
0.088475
0.088549
0.088598
0.088623
0.088623
0.088648
0.088672
0.088672
0.088648
0.088648
0.088672
0.088697
0.088697
0.088672
0.088648
0.088672
0.088697
0.088697
0.088672
0.088648
0.088672
0.088672
0.088672
0.088697
0.088697
0.088672
0.088672
0.088672
0.088722
0.088722
0.088672
0.088672
0.088697
0.088722
0.088722
0.088697
0.088672
0.088697
0.088722
0.088722
0.088697
0.088697
0.088722
0.088746
0.088746
0.088722
0.088722
0.088746
0.088771
0.088771
0.088746
0.088746
0.088771
0.088795
0.08882
0.088795
0.088795
0.088795
0.088845
0.088845
0.088845
0.08882
0.088795
0.088771
0.088771
0.088795
0.088771
0.088746
0.088697
0.088697
0.088722
0.088697
0.088672
0.088648
0.088648
0.088672
0.088672
0.088623
0.088623
0.088623
0.088648
0.088648
0.088623
0.088598
0.088623
0.088648
0.088648
0.088623
0.088598
0.088623
0.088648
0.088648
0.088623
0.088623
0.088623
0.088648
0.088648
0.088623
0.088598
0.088623
0.088598
0.088623
0.088648
0.088648
0.088623
0.088598
0.088623
0.088648
0.088648
0.088623
0.088598
0.088623
0.088648
0.088648
0.088623
0.088598
0.088623
0.088648
0.088648
0.088623
0.088598
0.088623
0.088648
0.088648
0.088623
0.088598
0.088623
0.088648
0.088648
0.088623
0.088598
0.088623
0.088648
0.088648
0.088623
0.088598
0.088623
0.088648
0.088648
0.088623
0.088648
0.088623
0.088598
0.088598
0.088623
0.088648
0.088623
0.088598
0.088623
0.088648
0.088648
0.088623
0.088598
0.088598
0.088623
0.088648
0.088623
0.088598
0.088598
0.088648
0.088648
0.088623
0.088598
0.088623
0.088648
0.088648
0.088623
0.088598
0.088623
0.088623
0.088648
0.088623
0.088598
0.088598
0.088623
0.088648
0.088623
0.088598
0.088598
0.088623
0.088598
0.088623
0.088623
0.088623
0.088598
0.088598
0.088623
0.088623
0.088598
0.088598
0.088598
0.088623
0.088623
0.088598
0.088574
0.088598
0.088623
0.088623
0.088598
0.088574
0.088598
0.088623
0.088623
0.088598
0.088574
0.088598
0.088623
0.088648
0.088648
0.088623
0.088648
0.088672
0.088623
0.088574
0.0885
0.088451
0.088451
0.088475
0.088451
0.088352
0.08818
0.088106
0.088081
0.088155
0.088229
0.088254
0.088278
0.088328
0.088401
0.088475
0.088525
0.088549
0.088574
0.088623
0.088623
0.088623
0.088598
0.088598
0.088623
0.088648
0.088623
0.088598
0.088623
0.088648
0.088648
0.088623
0.088598
0.088623
0.088648
0.088648
0.088623
0.088623
0.088623
0.088648
0.088672
0.088648
0.088623
0.088623
0.088648
0.088672
0.088672
0.088672
0.088672
0.088648
0.088648
0.088672
0.088697
0.088672
0.088648
0.088672
0.088697
0.088697
0.088697
0.088672
0.088672
0.088722
0.088746
0.088722
0.088722
0.088722
0.088771
0.088771
0.088771
0.088746
0.088746
0.088795
0.08882
0.088795
0.088771
0.088771
0.088795
0.08882
0.088795
0.088771
0.088746
0.088771
0.088771
0.088746
0.088697
0.088697
0.088623
0.088623
0.088623
0.088623
0.088623
0.088574
0.088574
0.088598
0.088623
0.088598
0.088574
0.088574
0.088598
0.088623
0.088598
0.088574
0.088574
0.088598
0.088623
0.088598
0.088574
0.088574
0.088598
0.088623
0.088598
0.088574
0.088574
0.088598
0.088623
0.088598
0.088574
0.088574
0.088598
0.088623
0.088598
0.088574
0.088574
0.088598
0.088623
0.088598
0.088623
0.088598
0.088574
0.088574
0.088598
0.088598
0.088598
0.088574
0.088574
0.088598
0.088598
0.088598
0.088574
0.088574
0.088598
0.088598
0.088598
0.088574
0.088574
0.088598
0.088598
0.088598
0.088574
0.088574
0.088598
0.088598
0.088598
0.088574
0.088574
0.088598
0.088598
0.088598
0.088574
0.088574
0.088574
0.088598
0.088598
0.088574
0.088549
0.088574
0.088549
0.088574
0.088598
0.088598
0.088574
0.088549
0.088574
0.088598
0.088598
0.088574
0.088549
0.088574
0.088598
0.088598
0.088574
0.088549
0.088574
0.088598
0.088598
0.088574
0.088549
0.088574
0.088598
0.088598
0.088549
0.088549
0.088574
0.088598
0.088598
0.088549
0.088549
0.088574
0.088598
0.088574
0.088549
0.088549
0.088574
0.088598
0.088574
0.088549
0.088549
0.088549
0.088574
0.088598
0.088574
0.088549
0.088549
0.088574
0.088598
0.088574
0.088549
0.088549
0.088574
0.088598
0.088623
0.088598
0.088598
0.088623
0.088648
0.088598
0.088525
0.0885
0.088451
0.088426
0.088377
0.088352
0.088278
0.088229
0.088205
0.08818
0.088131
0.088081
0.088057
0.088106
0.088155
0.08818
0.088229
0.088303
0.088352
0.088401
0.088598
0.088574
0.088574
0.088574
0.088598
0.088598
0.088574
0.088574
0.088598
0.088623
0.088623
0.088598
0.088574
0.088598
0.088623
0.088623
0.088598
0.088574
0.088598
0.088623
0.088623
0.088598
0.088598
0.088598
0.088623
0.088623
0.088598
0.088598
0.088623
0.088648
0.088648
0.088623
0.088598
0.088623
0.088648
0.088648
0.088623
0.088623
0.088648
0.088672
