2018
5
17
11
27
20.891
0.089337
0.089337
0.089337
0.089362
0.089362
0.089362
0.089337
0.089337
0.089362
0.089362
0.089362
0.089337
0.089337
0.089362
0.089362
0.089362
0.089337
0.089337
0.089362
0.089386
0.089362
0.089362
0.089362
0.089362
0.089386
0.089362
0.089362
0.089362
0.089362
0.089386
0.089386
0.089362
0.089362
0.089386
0.089386
0.089386
0.089362
0.089362
0.089386
0.089386
0.089386
0.089411
0.089411
0.089386
0.089386
0.089411
0.08946
0.08946
0.089435
0.08946
0.08946
0.08946
0.089386
0.089337
0.089288
0.089238
0.089214
0.089189
0.089115
0.089042
0.089017
0.089017
0.088968
0.088943
0.088894
0.088918
0.088992
0.089042
0.089091
0.08914
0.089189
0.089238
0.089288
0.089337
0.089411
0.089435
0.08946
0.08946
0.08946
0.08946
0.089485
0.08946
0.089485
0.089509
0.089509
0.089485
0.089485
0.089509
0.089509
0.089509
0.089509
0.089509
0.089509
0.089534
0.089534
0.089534
0.089509
0.089534
0.089559
0.089559
0.089534
0.089534
0.089559
0.089583
0.089583
0.089559
0.089559
0.089583
0.089583
0.089583
0.089583
0.089583
0.089608
0.089632
0.089632
0.089632
0.089632
0.089657
0.089682
0.089682
0.089731
0.089731
0.089731
0.089731
0.089731
0.089755
0.089755
0.089755
0.089731
0.089755
0.089755
0.089755
0.089731
0.089706
0.089706
0.089706
0.089682
0.089657
0.089632
0.089608
0.089608
0.089608
0.089559
0.089559
0.089559
0.089559
0.089559
0.089534
0.089534
0.089534
0.089559
0.089559
0.089534
0.089534
0.089559
0.089559
0.089559
0.089559
0.089534
0.089559
0.089559
0.089559
0.089559
0.089559
0.089559
0.089559
0.089559
0.089583
0.089559
0.089559
0.089559
0.089583
0.089583
0.089559
0.089559
0.089559
0.089583
0.089583
0.089583
0.089583
0.089583
0.089583
0.089608
0.089583
0.089583
0.089583
0.089608
0.089608
0.089583
0.089583
0.089583
0.089608
0.089608
0.089608
0.089583
0.089583
0.089608
0.089608
0.089608
0.089583
0.089608
0.089608
0.089608
0.089632
0.089632
0.089608
0.089608
0.089608
0.089632
0.089632
0.089632
0.089608
0.089608
0.089632
0.089632
0.089632
0.089632
0.089632
0.089657
0.089657
0.089632
0.089632
0.089632
0.089632
0.089657
0.089657
0.089632
0.089657
0.089657
0.089682
0.089657
0.089657
0.089657
0.089682
0.089682
0.089682
0.089657
0.089682
0.089682
0.089706
0.089706
0.089706
0.089706
0.089682
0.089706
0.089706
0.089731
0.089706
0.089706
0.089706
0.089731
0.089731
0.089731
0.089706
0.089706
0.089731
0.089731
0.089731
0.089706
0.089731
0.089731
0.089755
0.089731
0.089731
0.089755
0.08978
0.089805
0.089805
0.089805
0.089805
0.089805
0.08978
0.089731
0.089657
0.089608
0.089608
0.089632
0.089608
0.089534
0.08946
0.089288
0.089288
0.089337
0.089411
0.08946
0.089485
0.089534
0.089583
0.089657
0.089706
0.089755
0.08978
0.089805
0.089829
0.089829
0.089805
0.089805
0.089829
0.089829
0.089829
0.089829
0.089829
0.089854
0.089854
0.089854
0.089829
0.089829
0.089854
0.089854
0.089854
0.089829
0.089854
0.089854
0.089879
0.089854
0.089854
0.089854
0.089879
0.089879
0.089879
0.089903
0.089903
0.089903
0.089903
0.089928
0.089928
0.089928
0.089903
0.089928
0.089928
0.089952
0.089952
0.089952
0.089952
0.089977
0.090002
0.090002
0.090002
0.090002
0.090026
0.090051
0.090051
0.090026
0.090051
0.090075
0.090075
0.090075
0.090075
0.090075
0.090075
0.0901
0.090075
0.090075
0.090051
0.090051
0.090051
0.090051
0.090026
0.090002
0.090002
0.089928
0.089952
0.089928
0.089903
0.089903
0.089903
0.089903
0.089903
0.089879
0.089879
0.089879
0.089903
0.089903
0.089879
0.089879
0.089879
0.089903
0.089903
0.089879
0.089879
0.089903
0.089903
0.089903
0.089879
0.089879
0.089879
0.089903
0.089903
0.089879
0.089879
0.089879
0.089903
0.089903
0.089879
0.089879
0.089879
0.089903
0.089903
0.089879
0.089879
0.089879
0.089879
0.089879
0.089903
0.089903
0.089879
0.089879
0.089879
0.089903
0.089903
0.089879
0.089879
0.089903
0.089903
0.089903
0.089903
0.089879
0.089903
0.089903
0.089903
0.089903
0.089879
0.089903
0.089903
0.089903
0.089903
0.089879
0.089903
0.089903
0.089903
0.089903
0.089879
0.089903
0.089903
0.089903
0.089903
0.089903
0.089903
0.089928
0.089903
0.089928
0.089928
0.089903
0.089903
0.089903
0.089928
0.089928
0.089903
0.089903
0.089928
0.089928
0.089928
0.089928
0.089903
0.089928
0.089928
0.089928
0.089928
0.089903
0.089928
0.089928
0.089952
0.089928
0.089903
0.089928
0.089952
0.089952
0.089928
0.089928
0.089928
0.089928
0.089928
0.089928
0.089928
0.089928
0.089952
0.089952
0.089928
0.089928
0.089928
0.089928
0.089952
0.089952
0.089928
0.089928
0.089952
0.089977
0.090002
0.090002
0.090002
0.090002
0.090026
0.089977
0.089903
0.089854
0.089805
0.08978
0.089805
0.089755
0.089682
0.089632
0.089583
0.089559
0.089509
0.08946
0.08946
0.089534
0.089583
0.089632
0.089682
0.089731
0.08978
0.089829
0.089879
0.089928
0.089952
0.089977
0.090002
0.090002
0.089977
0.090002
0.090002
0.090002
0.090026
0.090026
0.090026
0.090002
0.090026
0.090026
0.090026
0.090026
0.090002
0.090026
0.090026
0.090051
0.090026
0.090026
0.090026
0.090051
0.090051
0.090026
0.090026
0.090026
0.090051
0.090051
0.090051
0.090051
0.090051
0.090075
0.090075
0.090051
0.090051
0.090051
0.090075
0.090075
0.090075
0.090075
0.090075
0.0901
0.090125
0.090149
0.090174
0.090149
0.090149
0.090174
0.090199
0.090199
0.090199
0.090174
0.090199
0.090199
0.090223
0.090223
0.090199
0.090199
0.090199
0.090199
0.090174
0.090125
0.090125
0.090125
0.0901
0.090075
0.090051
0.090051
0.090051
0.090051
0.090026
0.090002
0.090002
0.090026
0.090026
0.090026
0.090002
0.090002
0.090026
0.090026
0.090026
0.090002
0.090002
0.090002
0.090002
0.090026
0.090026
0.090026
0.090026
0.090026
0.090026
0.090051
0.090026
0.090026
0.090026
0.090026
0.090051
0.090026
0.090026
0.090026
0.090026
0.090051
0.090026
0.090026
0.090026
0.090026
0.090051
0.090026
0.090026
0.090026
0.090026
0.090051
0.090026
0.090026
0.090026
0.090026
0.090051
0.090026
0.090026
0.090026
0.090051
0.090051
0.090051
0.090051
0.090051
0.090026
0.090026
0.090051
0.090051
0.090051
0.090026
0.090026
0.090051
0.090051
0.090051
0.090026
0.090026
0.090051
0.090051
0.090051
0.090026
0.090026
0.090051
0.090075
0.090051
0.090051
0.090051
0.090051
0.090075
0.090051
0.090051
0.090051
0.090075
0.090075
0.090075
0.090051
0.090051
0.090075
0.090075
0.090075
0.090075
0.090051
0.090075
0.090075
0.090075
0.0901
0.0901
0.090075
0.090075
0.090075
0.0901
0.0901
0.090075
0.090075
0.0901
0.0901
0.0901
0.090075
0.090075
0.0901
0.0901
0.0901
0.0901
0.090075
0.0901
0.090125
0.090125
0.0901
0.0901
0.0901
0.090125
0.090125
0.090125
0.090125
0.090149
0.090174
0.090174
0.090174
0.090174
0.090125
0.0901
0.090051
0.089977
0.089829
0.089731
0.089706
0.089682
0.089682
0.089657
0.089608
0.089657
0.089731
0.08978
0.089854
0.089879
0.089903
0.089952
0.090026
0.0901
0.090125
0.090125
0.090149
0.090174
0.090174
0.090149
0.090149
0.090174
0.090174
0.090174
0.090174
0.090174
0.090174
0.090199
0.090199
0.090174
0.090174
0.090199
0.090199
0.090199
0.090199
0.090199
0.090199
0.090223
0.090223
0.090223
0.090223
0.090223
0.090223
0.090223
0.090248
0.090248
0.090248
0.090223
0.090248
0.090272
0.090272
0.090248
0.090248
0.090272
0.090297
0.090297
0.090272
0.090272
0.090297
0.090322
0.090322
0.090322
0.090322
0.090346
0.090371
0.090371
0.090371
0.090371
0.090396
0.090396
0.090396
0.090396
0.090371
0.090396
0.090396
0.090396
0.090371
0.090346
0.090272
0.090272
0.090272
0.090272
0.090248
0.090223
0.090223
0.090223
0.090223
0.090199
0.090199
0.090199
0.090199
0.090199
0.090199
0.090199
0.090199
0.090223
0.090223
0.090199
0.090199
0.090199
0.090223
0.090223
0.090199
0.090199
0.090199
0.090223
0.090223
0.090223
0.090199
0.090199
0.090223
0.090223
0.090223
0.090199
0.090199
0.090223
0.090223
0.090223
0.090223
0.090223
0.090223
0.090223
0.090248
0.090223
0.090223
0.090223
0.090248
0.090248
0.090248
0.090223
0.090223
0.090248
0.090248
0.090248
0.090248
0.090248
0.090272
0.090272
0.090272
0.090248
0.090248
0.090272
0.090272
0.090272
0.090248
0.090272
0.090272
0.090272
0.090272
0.090272
0.090272
0.090272
0.090297
0.090272
0.090272
0.090272
0.090272
0.090297
0.090297
0.090297
0.090272
0.090272
0.090297
0.090297
0.090297
0.090272
0.090272
0.090297
0.090297
0.090297
0.090297
0.090297
0.090297
0.090322
0.090297
0.090297
0.090297
0.090297
0.090322
0.090297
0.090297
0.090297
0.090322
0.090322
0.090322
0.090297
0.090297
0.090322
0.090322
0.090322
0.090297
0.090297
0.090322
0.090346
0.090322
0.090322
0.090322
0.090322
0.090322
0.090346
0.090346
0.090322
0.090322
0.090346
0.090346
0.090346
0.090322
0.090322
0.090346
0.090346
0.090346
0.090322
0.090322
0.090346
0.090346
0.090346
0.090346
0.090371
0.090396
0.09042
0.09042
0.09042
0.090396
0.090396
0.090346
0.090322
0.090199
0.090174
0.090248
0.090223
0.090149
0.090051
0.090002
0.089977
0.089952
0.089903
0.089854
0.089879
0.0901
0.090125
0.090199
0.090272
0.090322
0.090346
0.090371
0.090396
0.090396
0.090396
0.090396
0.090396
0.09042
0.09042
0.09042
0.090396
0.090396
0.09042
0.090445
0.09042
0.09042
0.09042
0.09042
0.090445
0.090445
0.09042
0.09042
0.09042
0.090445
0.090445
0.09042
0.09042
0.090445
0.090445
0.090445
0.090445
0.090445
0.090445
0.090469
0.090469
0.090469
0.090469
0.090469
0.090469
0.090494
0.090494
0.090494
0.090494
0.090494
0.090519
0.090543
0.090543
0.090519
0.090543
0.090543
0.090568
0.090568
0.090568
0.090568
0.090592
0.090617
0.090617
0.090592
0.090592
0.090617
0.090617
0.090617
0.090592
0.090592
0.090592
0.090592
0.090592
0.090543
0.090543
0.090543
0.090519
0.090519
0.090469
0.090469
0.090469
0.09042
0.090445
0.090445
0.090445
0.090445
0.09042
0.09042
0.090445
0.090445
0.09042
0.09042
0.09042
0.090445
0.090445
0.09042
0.09042
0.090445
0.090445
0.090445
0.090445
0.09042
0.090445
0.090469
0.090445
0.090445
0.090445
0.090445
0.090469
0.090469
0.090445
0.090445
0.090445
0.090469
0.090469
0.090469
0.090445
0.090469
0.090469
0.090469
0.090469
0.090494
0.090469
0.090469
0.090469
0.090494
0.090494
0.090469
0.090469
0.090469
0.090494
0.090494
0.090469
0.090469
0.090469
0.090494
0.090494
0.090469
0.090469
0.090469
0.090494
0.090494
0.090469
0.090469
0.090494
0.090494
0.090494
0.090494
0.090469
0.090469
0.090494
0.090494
0.090494
0.090469
0.090494
0.090494
0.090494
0.090494
0.090494
0.090494
0.090519
0.090494
0.090519
0.090519
0.090494
0.090494
0.090494
0.090519
0.090519
0.090519
0.090494
0.090519
0.090519
0.090519
0.090519
0.090519
0.090519
0.090519
0.090543
0.090519
0.090519
0.090519
0.090543
0.090543
0.090519
0.090519
0.090519
0.090543
0.090543
0.090543
0.090519
0.090519
0.090543
0.090543
0.090543
0.090543
0.090543
0.090543
0.090568
0.090543
0.090543
0.090543
0.090543
0.090543
0.090568
0.090568
0.090568
0.090543
0.090543
0.090568
0.090568
0.090543
0.090543
0.090568
0.090592
0.090617
0.090617
0.090592
0.090617
0.090617
0.090568
0.090519
0.090371
0.090445
0.090445
0.090445
0.090396
0.090322
0.090248
0.090223
0.090174
0.090125
0.090075
0.090075
0.090149
0.090199
0.090248
0.090297
0.090322
0.090396
0.090445
0.090592
0.090617
0.090592
0.090592
0.090592
0.090617
0.090617
0.090617
0.090617
0.090617
0.090642
0.090642
0.090642
0.090617
0.090617
0.090642
0.090642
0.090642
0.090617
0.090617
0.090642
0.090642
0.090642
0.090642
0.090642
0.090642
0.090666
0.090666
0.090642
0.090642
0.090666
0.090666
0.090666
0.090666
0.090666
0.090691
0.090691
0.090691
0.090691
0.090691
0.090716
0.090716
0.09074
0.090765
0.090765
0.09074
0.090765
0.090789
0.090789
0.090789
0.090789
0.090789
0.090814
0.090839
0.090839
0.090814
0.090814
0.090839
0.090863
0.090839
0.090814
0.090814
0.090814
0.090814
0.090789
0.090765
0.090765
0.09074
0.09074
0.090716
0.090691
0.090691
0.090691
0.090691
0.090666
0.090642
0.090642
0.090666
0.090666
0.090642
0.090666
0.090642
0.090642
0.090642
0.090642
0.090666
0.090666
0.090642
0.090642
0.090666
0.090666
0.090666
0.090642
0.090642
0.090666
0.090666
0.090666
0.090642
0.090642
0.090666
0.090666
0.090666
0.090666
0.090642
0.090666
0.090691
0.090666
0.090666
0.090666
0.090666
0.090666
0.090666
0.090666
0.090666
0.090666
0.090691
0.090666
0.090666
0.090666
0.090666
0.090666
0.090666
0.090691
0.090691
0.090666
0.090666
0.090691
0.090691
0.090691
0.090666
0.090666
0.090691
0.090691
0.090691
0.090691
0.090666
0.090691
0.090716
0.090691
0.090691
0.090691
0.090691
0.090716
0.090716
0.090691
0.090691
0.090691
0.090716
0.090716
0.090691
0.090691
0.090716
0.090716
0.090716
0.090716
0.090691
0.090716
0.090716
0.090716
0.090716
0.090716
0.090716
0.090716
0.090716
0.09074
0.09074
0.090716
0.090716
0.090716
0.09074
0.09074
0.090716
0.090716
0.09074
0.09074
0.09074
0.090716
0.090716
0.09074
0.09074
0.09074
0.090716
0.090716
0.09074
0.09074
0.09074
0.09074
0.090716
0.09074
0.09074
0.09074
0.09074
0.090716
0.09074
0.09074
0.09074
0.09074
0.090716
0.09074
0.090765
0.090814
0.090814
0.090789
0.090716
0.090666
0.090617
0.090568
0.090568
0.090519
0.090469
0.090396
0.090371
0.090346
0.090322
0.090272
0.090248
0.090297
0.090371
0.090396
0.090445
0.090494
0.090543
0.090617
0.090642
0.090716
0.090765
0.090789
0.090789
0.090789
0.090789
0.090789
0.090814
0.090814
0.090789
0.090789
0.090789
0.090814
0.090814
0.090814
0.090789
0.090814
0.090814
0.090814
0.090839
0.090839
0.090814
0.090814
0.090839
0.090839
0.090839
0.090839
0.090839
0.090839
0.090863
0.090863
0.090863
0.090863
0.090863
0.090888
0.090888
0.090888
0.090863
0.090888
0.090912
0.090912
0.090912
0.090912
0.090912
0.090937
0.090937
0.090937
0.090937
0.090962
0.090986
0.090986
0.090986
0.090986
0.091011
0.091011
0.091036
0.091036
0.09106
0.091036
0.091011
0.091011
0.091011
0.091011
0.090986
0.090962
0.090962
0.090962
0.090937
0.090912
0.090888
0.090888
0.090863
0.090863
0.090863
0.090839
0.090839
0.090839
0.090839
0.090839
0.090839
0.090839
0.090839
0.090863
0.090839
0.090839
0.090839
0.090863
0.090863
0.090839
0.090839
0.090839
0.090863
0.090863
0.090863
0.090839
0.090839
0.090863
0.090863
0.090888
0.090863
0.090863
0.090863
0.090863
0.090888
0.090863
0.090863
0.090863
0.090888
0.090912
0.090912
0.090912
0.090912
0.090912
0.090912
0.090839
0.090765
0.090716
0.090666
0.090642
0.090617
0.090568
0.090494
0.090469
0.090445
0.09042
0.090371
0.090346
0.090396
0.090469
0.090519
0.090543
0.090617
0.090666
0.090716
0.09074
0.090814
0.090912
0.090912
0.090912
0.090912
0.090937
0.090937
0.090912
0.090912
0.090937
0.090937
0.090937
0.090912
0.090937
0.090937
0.090962
0.090937
0.090937
0.090937
0.090962
0.090962
0.090962
0.090962
0.090962
0.090986
0.090986
0.090986
0.090986
0.090986
0.091011
0.091011
0.091011
0.091011
0.091011
0.091036
0.09106
0.09106
0.091036
0.09106
0.091085
0.091085
0.091134
0.091134
0.091159
0.091134
0.091159
0.091183
0.091208
0.091208
0.091183
0.091183
0.091208
0.091208
0.091208
0.091183
0.091159
0.091159
0.091159
0.091134
0.091109
0.091085
0.09106
0.09106
0.091036
0.091011
0.090986
0.090986
0.090986
0.090962
0.090937
0.090937
0.090937
0.090962
0.090937
0.090937
0.090937
0.090937
0.090962
0.090962
0.090937
0.090937
0.090937
0.090962
0.090962
0.090962
0.090937
0.090937
0.090962
0.090962
0.090962
0.090962
0.090962
0.090962
0.090986
0.090962
0.090962
0.090962
0.090962
0.090986
0.090986
0.090962
0.090962
0.090962
0.090986
0.090962
0.090962
0.090962
0.090962
0.090986
0.090986
0.090962
0.090962
0.090986
0.090986
0.090986
0.090962
0.090962
0.090986
0.090986
0.090986
0.090986
0.090986
0.090962
0.090986
0.090986
0.090986
0.090986
0.090986
0.090986
0.091011
0.090986
0.090986
0.090986
0.090986
0.091011
0.091011
0.090986
0.090986
0.091011
0.091011
0.091011
0.090986
0.090986
0.091011
0.091011
0.091011
0.091011
0.090986
0.091011
0.091036
0.091011
0.091011
0.091011
0.091011
0.091036
0.091036
0.091011
0.091011
0.091011
0.091036
0.091011
0.091036
0.091011
0.091011
0.091011
0.091036
0.091036
0.091011
0.091011
0.091011
0.091036
0.091036
0.091011
0.091011
0.091011
0.091036
0.091036
0.091011
0.091011
0.091011
0.091036
0.091036
0.091036
0.091011
0.091036
0.091036
0.091036
0.091036
0.091011
0.091036
0.09106
0.091085
0.091085
0.091085
0.091085
0.091109
0.09106
0.091011
0.090962
0.090912
0.090888
0.09074
0.090716
0.090666
0.090617
0.090568
0.090543
0.090592
0.090666
0.090691
0.09074
0.090789
0.090839
0.090888
0.090937
0.091011
0.091036
0.09106
0.091085
0.09106
0.09106
0.091085
0.091085
0.091109
0.091085
0.091085
0.091085
0.091109
0.091109
0.091109
0.091085
0.091085
0.091109
0.091109
0.091109
0.091085
0.091109
0.091109
0.091109
0.091109
0.091109
0.091109
0.091109
0.091109
0.091134
0.091134
0.091134
0.091134
0.091134
0.091159
0.091159
0.091134
0.091134
0.091159
0.091159
0.091159
0.091183
0.091159
0.091159
0.091183
0.091208
0.091208
0.091208
0.091208
0.091233
0.091233
0.091233
0.091233
0.091233
0.091257
0.091257
0.091257
0.091257
0.091257
0.091282
0.091282
0.091282
0.091257
0.091257
0.091257
0.091257
0.091208
0.091183
0.091159
0.091159
0.091134
0.091134
0.091134
0.091134
0.091109
0.091109
0.091109
0.091109
0.091109
0.091085
0.091085
0.091109
0.091109
0.091109
0.091085
0.091085
0.091109
0.091109
0.091109
0.091085
0.091085
0.091109
0.091134
0.091109
0.091109
0.091109
0.091109
0.091134
0.091109
0.091109
0.091109
0.091109
0.091134
0.091109
0.091109
0.091109
0.091109
0.091109
0.091134
0.091134
0.091134
0.091109
0.091109
0.091134
0.091134
0.091134
0.091109
0.091109
0.091134
0.091134
0.091134
0.091109
0.091109
0.091134
0.091134
0.091134
0.091109
0.091109
0.091134
0.091134
0.091134
0.091109
0.091109
0.091134
0.091134
0.091134
0.091109
0.091109
0.091134
0.091134
0.091134
0.091109
0.091134
0.091134
0.091134
0.091134
0.091159
0.091134
0.091134
0.091159
0.091159
0.091159
0.091134
0.091134
0.091159
0.091159
0.091159
0.091134
0.091134
0.091159
0.091159
0.091159
0.091159
0.091159
0.091159
0.091183
0.091159
0.091159
0.091159
0.091159
0.091159
0.091159
0.091159
0.091159
0.091159
0.091183
0.091159
0.091159
0.091159
0.091159
0.091183
0.091159
0.091159
0.091159
0.091159
0.091183
0.091183
0.091159
0.091159
0.091159
0.091159
0.091183
0.091159
0.091159
0.091159
0.091159
0.091183
0.091183
0.091159
0.091159
0.091159
0.091183
0.091183
0.091183
0.091183
0.091208
0.091233
0.091233
0.091233
0.091208
0.091183
0.091134
0.091109
0.091036
0.090986
0.091011
0.091011
0.090937
0.090839
0.090814
0.090789
0.090765
0.090716
0.090691
0.09074
0.090814
0.091036
0.091134
0.091183
0.091208
0.091208
0.091208
0.091233
0.091233
0.091208
0.091208
0.091233
0.091233
0.091233
0.091233
0.091233
0.091233
0.091257
0.091257
0.091233
0.091233
0.091257
0.091257
0.091257
0.091257
0.091233
0.091257
0.091257
0.091257
0.091257
0.091257
0.091257
0.091282
0.091282
0.091257
0.091257
0.091282
0.091282
0.091306
0.091282
0.091282
0.091306
0.091331
0.091331
0.091331
0.091331
0.091331
0.091356
0.09138
0.09138
0.09138
0.09138
0.09138
0.091405
0.091405
0.091405
0.091405
0.091405
0.091429
0.091429
0.091429
0.091429
0.091429
0.091429
0.091429
0.091405
0.091405
0.091405
0.091405
0.09138
0.091356
0.091331
0.091331
0.091331
0.091306
0.091282
0.091257
0.091257
0.091257
0.091257
0.091257
0.091233
0.091233
0.091233
0.091257
0.091257
0.091233
0.091233
0.091233
0.091257
0.091257
0.091257
0.091233
0.091257
0.091257
0.091257
0.091257
0.091257
0.091257
0.091282
0.091282
0.091282
0.091257
0.091257
0.091282
0.091282
0.091257
0.091257
0.091257
0.091282
0.091282
0.091257
0.091257
0.091257
0.091282
0.091282
0.091257
0.091257
0.091257
0.091282
0.091282
0.091306
0.091331
0.091331
0.091306
0.091257
0.091233
0.091183
0.091109
0.09106
0.091085
0.09106
0.091011
0.090937
0.090863
0.090839
0.090839
0.090789
0.090814
0.090863
0.090912
0.090986
0.091036
0.091085
0.091109
0.091159
0.091233
0.091306
0.091306
0.091306
0.091306
0.091331
0.091331
0.091331
0.091331
0.091331
0.091331
0.091356
0.091331
0.091331
0.091331
0.091356
0.091356
0.09138
0.091356
0.091356
0.091356
0.09138
0.09138
0.09138
0.09138
0.09138
0.091405
0.091405
0.091405
0.09138
0.091405
0.091429
0.091429
0.091429
0.091429
0.091429
0.091454
0.091479
0.091479
0.091479
0.091479
0.091503
0.091528
0.091528
0.091528
0.091553
0.091577
0.091577
0.091577
0.091577
0.091577
0.091602
0.091626
0.091602
0.091602
0.091577
0.091553
0.091528
0.091528
0.091528
0.091503
0.091454
0.091454
0.091429
0.091429
0.091405
0.09138
0.09138
0.09138
0.09138
0.091356
0.091356
0.091356
0.091356
0.09138
0.091356
0.091356
0.091356
0.091356
0.091356
0.091356
0.091356
0.091356
0.091356
0.09138
0.091356
0.091356
0.091356
0.091356
0.09138
0.091356
0.091356
0.091356
0.091356
0.09138
0.09138
0.09138
0.09138
0.091356
0.091356
0.09138
0.09138
0.09138
0.091356
0.091356
0.09138
0.09138
0.09138
0.091356
0.091356
0.09138
0.09138
0.09138
0.091356
0.091356
0.09138
0.09138
0.09138
0.091356
0.091356
0.09138
0.09138
0.09138
0.09138
0.09138
0.09138
0.09138
0.09138
0.09138
0.09138
0.09138
0.091405
0.09138
0.09138
0.09138
0.09138
0.09138
0.091405
0.09138
0.09138
0.09138
0.09138
0.091405
0.091405
0.09138
0.09138
0.09138
0.091405
0.091405
0.09138
0.09138
0.091405
0.091405
0.091405
0.09138
0.09138
0.091405
0.091405
0.091405
0.09138
0.09138
0.091405
0.091405
0.091405
0.091405
0.091405
0.091405
0.091429
0.091405
0.091405
0.091405
0.091405
0.091405
0.091405
0.091405
0.091405
0.091405
0.09138
0.091405
0.091429
0.091429
0.091429
0.091454
0.091454
0.091479
0.091479
0.091454
0.091405
0.091356
0.091331
0.091257
0.091183
0.091159
0.091134
0.091085
0.091011
0.090986
0.090962
0.090962
0.090937
0.090912
0.090962
0.091011
0.091085
0.091159
0.091183
0.091208
0.091257
0.091331
0.091405
0.091429
0.091429
0.091429
0.091454
0.091454
0.091479
0.091479
0.091479
0.091479
0.091479
0.091503
0.091503
0.091479
0.091479
0.091479
0.091503
0.091503
0.091503
0.091503
0.091503
0.091528
0.091528
0.091503
0.091503
0.091503
0.091528
0.091528
0.091528
0.091528
0.091528
0.091553
0.091553
0.091528
0.091528
0.091528
0.091553
0.091553
0.091553
0.091553
0.091553
0.091577
0.091577
0.091577
0.091577
0.091577
0.091602
0.091626
0.091651
0.091651
0.091651
0.091626
0.091651
0.091651
0.091676
0.091651
0.091651
0.091651
0.091651
0.091651
0.091626
0.091602
0.091602
0.091602
0.091577
0.091553
0.091528
0.091528
0.091528
0.091528
0.091503
0.091479
0.091479
0.091503
0.091479
0.091479
0.091479
0.091479
0.091479
0.091479
0.091479
0.091479
0.091479
0.091479
0.091479
0.091479
0.091503
0.091503
0.091528
0.091553
0.091577
0.091602
0.091626
0.091626
0.091651
0.091676
0.091676
0.091651
0.091602
0.091602
0.091577
0.091577
0.091577
0.091626
0.091725
0.091873
0.09202
0.092193
0.092316
0.092365
0.092266
0.09202
0.091749
0.091553
0.091503
0.091503
0.091479
0.091429
0.091429
0.091429
0.091429
0.091454
0.091429
0.091429
0.091429
0.091454
0.091429
0.091429
0.091454
0.091429
0.091429
0.091429
0.091429
0.091454
0.091429
0.091405
0.091405
0.091429
0.091429
0.091405
0.091405
0.091405
0.091405
0.091405
0.09138
0.09138
0.09138
0.09138
0.09138
0.091356
0.091356
0.091331
0.091356
0.091356
0.091331
0.091306
0.091306
0.091306
0.091306
0.091306
0.091282
0.091282
0.091282
0.091282
0.091257
0.091257
0.091233
0.091233
0.091233
0.091233
0.091233
0.091233
0.091233
0.091233
0.091257
0.091257
0.091257
0.091257
0.091257
0.091306
0.091306
0.091306
0.091306
0.091331
0.091356
0.09138
0.09138
0.09138
0.09138
0.091405
0.091429
0.091429
0.091429
0.091429
0.091454
0.091479
0.091454
0.091454
0.091454
0.091479
0.091503
0.091479
0.091479
0.091479
0.091503
0.091503
0.091528
0.091528
0.091503
0.091503
0.091528
0.091528
0.091528
0.091528
0.091528
0.091528
0.091553
0.091528
0.091528
0.091528
0.091528
0.091553
0.091553
0.091528
0.091528
0.091553
0.091553
0.091553
0.091528
0.091528
0.091553
0.091553
0.091553
0.091528
0.091528
0.091553
0.091553
0.091553
0.091553
0.091553
0.091553
0.091553
0.091553
0.091553
0.091553
0.091577
0.091553
0.091577
0.091577
0.091577
0.091553
0.091553
0.091577
0.091577
0.091577
0.091553
0.091553
0.091577
0.091577
0.091577
0.091553
0.091553
0.091577
0.091577
0.091577
0.091577
0.091577
0.091577
0.091602
0.091577
0.091577
0.091577
0.091577
0.091602
0.091602
0.091577
0.091577
0.091577
0.091602
0.091577
0.091577
0.091577
0.091577
0.091602
0.091602
0.091577
0.091602
0.091577
0.091577
0.091602
0.091602
0.091602
0.091577
0.091577
0.091577
0.091602
0.091602
0.091577
0.091577
0.091602
0.091602
0.091602
0.091577
0.091577
0.091602
0.091602
0.091602
0.091602
0.091577
0.091602
0.091602
0.091602
0.091577
0.091577
0.091602
0.091602
0.091602
0.091602
0.091602
0.091602
0.091602
0.091602
0.091602
0.091602
0.091626
0.091651
0.091626
0.091602
0.091577
0.091503
0.091454
0.091479
0.091479
0.091454
0.091356
0.091282
0.091257
0.091233
0.091183
0.091134
0.091159
0.091208
0.091282
0.091331
0.091356
0.09138
0.091454
0.091528
0.091577
0.091602
0.091626
0.091626
0.091651
0.091651
0.091651
0.091651
0.091651
0.091676
0.091676
0.091651
0.091651
0.091651
0.091676
0.091676
0.091651
0.091651
0.091651
0.091676
0.091676
0.091676
0.091676
0.091676
0.091676
0.0917
0.0917
0.0917
0.091676
0.0917
0.0917
0.0917
0.0917
0.0917
0.0917
0.091725
0.091725
0.091725
0.0917
0.091725
0.091749
0.091749
0.091725
0.091725
0.091749
0.091749
0.091774
0.091774
0.091749
0.091774
0.091774
0.091799
0.091799
0.091774
0.091799
0.091823
0.091823
0.091823
0.091823
0.091823
0.091799
0.091799
0.091799
0.091799
0.091774
0.091749
0.091749
0.091749
0.091725
0.0917
0.0917
0.091676
0.0917
0.091676
0.091676
0.091651
0.091651
0.091676
0.091651
0.091651
0.091626
0.091651
0.091651
0.091651
0.091651
0.091651
0.091651
0.091651
0.091676
0.091651
0.091651
0.091676
0.091676
0.091676
0.091676
0.091651
0.091676
0.091676
0.091676
0.091676
0.091676
0.091651
0.091651
0.091676
0.091676
0.091676
0.091651
0.091676
0.091676
0.091676
0.091676
0.091651
0.091676
0.091676
0.091676
0.091676
0.091651
0.091676
0.091676
0.091676
0.091676
0.091651
0.091651
0.091676
0.091676
0.091676
0.091651
0.091676
0.091676
0.091676
0.091676
0.091651
0.091676
0.091676
0.091676
0.091676
0.091676
0.091676
0.091676
0.091676
0.091676
0.0917
0.091676
0.091676
0.091676
0.091676
0.0917
0.091676
0.091676
0.091676
0.091676
0.0917
0.091676
0.091676
0.091676
0.091676
0.0917
0.091676
0.091676
0.091676
0.091676
0.0917
0.091676
0.091676
0.091676
0.091676
0.0917
0.091676
0.091676
0.091676
0.091676
0.0917
0.091676
0.091676
0.091676
0.0917
0.0917
0.091676
0.0917
0.091676
0.091676
0.091676
0.091676
0.0917
0.091676
0.091676
0.091676
0.091676
0.0917
0.091676
0.091676
0.091676
0.091676
0.091676
0.091676
0.091676
0.091676
0.091676
0.0917
0.091676
0.091676
0.091676
0.0917
0.091725
0.091725
0.091725
0.091725
0.091725
0.091725
0.091651
0.091602
0.091553
0.091528
0.091503
0.091503
0.091454
0.09138
0.091331
0.091159
0.091208
0.091282
0.091331
0.09138
0.091405
0.091454
0.091528
0.091577
0.091626
0.091676
0.0917
0.0917
0.0917
0.0917
0.0917
0.091725
0.091725
0.091725
0.091725
0.091725
0.091725
0.091749
0.091725
0.091725
0.091725
0.091725
0.091749
0.091749
0.091725
0.091725
0.091749
0.091749
0.091749
0.091725
0.091725
0.091749
0.091749
0.091749
0.091749
0.091774
0.091774
0.091774
0.091774
0.091799
0.091799
0.091774
0.091774
0.091799
0.091799
0.091799
0.091799
0.091799
0.091823
0.091823
0.091848
0.091823
0.091823
0.091848
0.091873
0.091873
0.091873
0.091873
0.091873
0.091897
0.091897
0.091897
0.091873
0.091897
0.091897
0.091897
0.091873
0.091873
0.091873
0.091873
0.091848
0.091823
0.091823
0.091823
0.091799
0.091749
0.091749
0.091725
0.091725
0.091725
0.091725
0.091725
0.091725
0.0917
0.0917
0.091725
0.091725
0.091725
0.0917
0.0917
0.0917
0.091725
0.091725
0.0917
0.0917
0.0917
0.091725
0.091725
0.0917
0.0917
0.091725
0.091725
0.091725
0.091725
0.091725
0.091725
0.091725
0.091725
0.091725
0.0917
0.091725
0.091725
0.091725
0.091725
0.0917
0.091725
0.091725
0.091725
0.091725
0.091725
0.091725
0.091725
0.091725
0.091749
0.091749
0.091725
0.091725
0.091725
0.091749
0.091749
0.091725
0.091725
0.091725
0.091749
0.091749
0.091725
0.091725
0.091749
0.091749
0.091749
0.091749
0.091725
0.091749
0.091749
0.091749
0.091749
0.091725
0.091749
0.091749
0.091749
0.091749
0.091725
0.091749
0.091749
0.091749
0.091749
0.091749
0.091749
0.091725
0.091749
0.091749
0.091749
0.091725
0.091725
0.091725
0.091749
0.091749
0.091725
0.091725
0.091725
0.091749
0.091749
0.091725
0.091725
0.091749
0.091774
0.091799
0.091799
0.091774
0.091799
0.091799
0.091749
0.091676
0.091626
0.091577
0.091528
0.091479
0.091454
0.091405
0.091331
0.091306
0.091306
0.091257
0.091233
0.091208
0.091405
0.091479
0.091528
0.091577
0.091626
0.091676
0.091725
0.091749
0.091774
0.091749
0.091749
0.091774
0.091774
0.091774
0.091774
0.091774
0.091774
0.091774
0.091774
0.091774
0.091774
0.091774
0.091774
0.091799
0.091774
0.091774
0.091774
0.091799
0.091799
0.091799
0.091799
0.091799
0.091823
0.091823
0.091823
0.091799
0.091823
0.091823
0.091848
0.091848
0.091873
0.091848
0.091848
0.091848
0.091873
0.091873
0.091873
0.091873
0.091873
0.091897
0.091922
0.091922
0.091922
0.091922
0.091946
0.091946
0.091946
0.091946
0.091971
0.091971
0.091996
0.091971
0.091971
0.091971
0.091971
0.091971
0.091971
0.091946
0.091922
0.091922
0.091922
0.091897
0.091873
0.091848
0.091848
0.091848
0.091823
0.091799
0.091774
0.091799
0.091749
0.091774
0.091774
0.091749
0.091749
0.091749
0.091774
0.091774
0.091749
0.091749
0.091749
0.091774
0.091774
0.091774
0.091749
0.091749
0.091774
0.091774
0.091749
0.091749
0.091749
0.091774
0.091774
0.091774
0.091749
0.091749
0.091774
0.091774
0.091774
0.091749
0.091774
0.091774
0.091774
0.091774
0.091774
0.091774
0.091774
0.091799
0.091774
0.091774
0.091774
0.091774
0.091774
0.091774
0.091774
0.091774
0.091774
0.091774
0.091774
0.091799
0.091774
0.091774
0.091774
0.091774
0.091799
0.091774
0.091774
0.091774
0.091774
0.091799
0.091799
0.091799
0.091823
0.091848
0.091848
0.091848
0.091823
0.091823
0.091799
0.091749
0.0917
0.091626
0.091577
0.091553
0.091528
0.091479
0.091405
0.091356
0.091356
0.091356
0.09138
0.091429
0.091503
0.091528
0.091577
0.091626
0.091676
0.091725
0.091774
0.091799
0.091823
0.091823
0.091823
0.091823
0.091823
0.091823
0.091848
0.091848
0.091823
0.091823
0.091848
0.091848
0.091848
0.091848
0.091848
0.091848
0.091873
0.091848
0.091848
0.091848
0.091873
0.091873
0.091873
0.091873
0.091873
0.091873
0.091897
0.091897
0.091873
0.091873
0.091897
0.091897
0.091922
0.091946
0.091946
0.091922
0.091946
0.091946
0.091971
0.091971
0.091971
0.091971
0.091996
0.09202
0.09202
0.09202
0.09202
0.092045
0.092045
0.09207
0.092045
0.092045
0.09207
0.09207
0.09207
0.092045
0.09202
0.09202
0.09202
0.091996
0.091971
0.091946
0.091946
0.091946
0.091922
0.091873
0.091873
0.091848
0.091848
0.091848
0.091823
0.091823
0.091799
0.091799
0.091823
0.091823
0.091823
0.091799
0.091799
0.091823
0.091823
0.091823
0.091823
0.091799
0.091823
0.091823
0.091823
0.091823
0.091823
0.091823
0.091848
0.091848
0.091823
0.091823
0.091823
0.091848
0.091848
0.091823
0.091823
0.091848
0.091848
0.091848
0.091823
0.091823
0.091823
0.091848
0.091848
0.091823
0.091823
0.091848
0.091823
0.091848
0.091848
0.091848
0.091848
0.091848
0.091848
0.091848
0.091848
0.091848
0.091848
0.091848
0.091873
0.091873
0.091848
0.091848
0.091848
0.091873
0.091873
0.091848
0.091848
0.091873
0.091873
0.091873
0.091873
0.091873
0.091873
0.091873
0.091897
0.091873
0.091873
0.091873
0.091897
0.091897
0.091873
0.091873
0.091873
0.091873
0.091873
0.091873
0.091873
0.091873
0.091873
0.091873
0.091897
0.091897
0.091873
0.091873
0.091873
0.091897
0.091897
0.091873
0.091873
0.091873
0.091922
0.091922
0.091922
0.091922
0.091922
0.091946
0.091897
0.091823
0.091774
0.091725
0.0917
0.0917
0.091676
0.091626
0.091553
0.091528
0.091479
0.091429
0.09138
0.091356
0.091429
0.091479
0.091528
0.091577
0.091626
0.091676
0.091897
0.091922
0.091922
0.091922
0.091897
0.091922
0.091922
0.091922
0.091922
0.091922
0.091922
0.091946
0.091946
0.091922
0.091922
0.091922
0.091946
0.091946
0.091946
0.091946
0.091946
0.091971
0.091971
0.091946
0.091946
0.091946
0.091971
0.091971
0.091971
0.091971
0.091971
0.091996
0.091996
0.091996
0.091971
0.091996
0.091996
0.09202
0.091996
0.091996
0.092045
0.092045
0.09207
0.09207
0.09207
0.09207
0.092094
0.092119
0.092119
0.092119
0.092119
0.092119
0.092143
0.092143
0.092143
0.092119
0.092119
0.092143
0.092143
0.092119
0.092094
0.092094
0.092094
0.09207
0.092045
0.09202
0.09202
0.09202
0.091996
0.091996
0.091971
0.091946
0.091971
0.091971
0.091946
0.091922
0.091946
0.091946
0.091946
0.091946
0.091946
0.091946
0.091946
0.091922
0.091946
0.091946
0.091946
0.091922
0.091922
0.091946
0.091946
0.091946
0.091922
0.091922
0.091946
0.091946
0.091946
0.091922
0.091922
0.091946
0.091946
0.091946
0.091946
0.091946
0.091946
0.091946
0.091946
0.091946
0.091946
0.091946
0.091971
0.091946
0.091946
0.091946
0.091971
0.091971
0.091971
0.091946
0.091946
0.091971
0.091946
0.091971
0.091971
0.091971
0.091971
0.091971
0.091971
0.091971
0.091971
0.091971
0.091946
0.091971
0.091971
0.091971
0.091971
0.091946
0.091971
0.091971
0.091971
0.091946
0.091946
0.091971
0.091971
0.091971
0.091971
0.091946
0.091971
0.091971
0.091996
0.091996
0.091996
0.09202
0.092045
0.09202
0.091996
0.091946
0.091922
0.091873
0.091823
0.091774
0.091626
0.091577
0.091553
0.091528
0.091479
0.091503
0.091528
0.091577
0.091651
0.091725
0.091749
0.091774
0.091823
0.091897
0.091971
0.091996
0.091996
0.091996
0.091996
0.09202
0.09202
0.091996
0.091996
0.09202
0.09202
0.09202
0.09202
0.09202
0.09202
0.09202
0.09202
0.09202
0.09202
0.09202
0.09202
0.09202
0.09202
0.09202
0.09202
0.092045
0.092045
0.092045
0.092045
0.092045
0.092045
0.092045
0.09207
0.09207
0.09207
0.09207
0.09207
0.092094
0.092094
0.092094
0.092094
0.092119
0.092119
0.092143
0.092119
0.092143
0.092143
0.092168
0.092193
0.092168
0.092193
0.092193
0.092217
0.092217
0.092217
0.092193
0.092217
0.092217
0.092217
0.092193
0.092168
0.092168
0.092168
0.092143
0.092119
0.092094
0.092045
0.09202
0.09202
0.09202
0.09202
0.091996
0.091996
0.091996
0.091996
0.091996
0.091996
0.091971
0.091996
0.091996
0.091996
0.091996
0.091971
0.091996
0.091996
0.091996
0.091996
0.091996
0.091996
0.09202
0.09202
0.091996
0.091996
0.091996
0.09202
0.09202
0.091996
0.091996
0.09202
0.09202
0.09202
0.091996
0.091996
0.091996
0.09202
0.09202
0.09202
0.09202
0.091996
0.091996
0.091996
0.09202
0.09202
0.091996
0.091996
0.09202
0.09202
0.09202
0.09202
0.091996
0.09202
0.09202
0.09202
0.09202
0.091996
0.09202
0.09202
0.09202
0.09202
0.09202
0.09202
0.09202
0.092045
0.09202
0.09202
0.09202
0.092045
0.092045
0.09202
0.09202
0.09202
0.092045
0.092045
0.09202
0.09202
0.09202
0.09202
0.09202
0.09202
0.092045
0.09202
0.09202
0.09202
0.092045
0.092045
0.09202
0.09202
0.09202
0.092045
0.092045
0.092045
0.09202
0.092045
0.092045
0.092045
0.092045
0.092045
0.092045
0.092045
0.092045
0.092045
0.092045
0.092045
0.092045
0.092045
0.092045
0.092045
0.092045
0.092045
0.092045
0.092045
0.092045
0.092045
0.092045
0.09207
0.092045
0.09207
0.092045
0.092045
0.092045
0.09207
0.09207
0.09207
0.092045
0.09207
0.09207
0.09207
0.09207
0.092045
0.092045
0.09207
0.092094
0.092094
0.092094
0.092094
0.092119
0.092119
0.092094
0.092045
0.09202
0.091971
0.091922
0.091873
0.091873
0.091848
0.091774
0.091725
0.091676
0.091651
0.091626
0.091602
0.091602
0.091651
0.0917
0.091749
0.091823
0.091996
0.09207
0.092094
0.092094
0.092094
0.092094
0.092119
0.092119
0.092119
0.092094
0.092119
0.092119
0.092119
0.092119
0.092119
0.092119
0.092119
0.092143
0.092119
0.092119
0.092119
0.092119
0.092143
0.092143
0.092119
0.092119
0.092143
0.092143
0.092143
0.092143
0.092143
0.092168
0.092168
0.092168
0.092143
0.092168
0.092168
0.092193
0.092168
0.092168
0.092193
0.092193
0.092193
0.092217
0.092242
0.092242
0.092217
0.092242
0.092266
0.092266
0.092266
0.092266
0.092266
0.092291
0.092316
0.092291
0.092291
0.092291
0.092316
0.092316
0.092316
0.092291
0.092291
0.092291
0.092291
0.092291
0.092266
0.092242
0.092242
0.092242
0.092217
0.092193
0.092168
0.092168
0.092168
0.092143
0.092119
0.092119
0.092119
0.092119
0.092119
0.092119
0.092094
0.092094
0.092119
0.092119
0.092119
0.092094
0.092094
0.092119
0.092119
0.092119
0.092094
0.092094
0.092119
0.092119
0.092119
0.092094
0.092094
0.092119
0.092119
0.092119
0.092119
0.092094
0.092119
0.092119
0.092119
0.092119
0.092094
0.092119
0.092119
0.092119
0.092094
0.092094
0.092119
0.092119
0.092119
0.092094
0.092119
0.092119
0.092119
0.092143
0.092143
0.092119
0.092119
0.092143
0.092143
0.092143
0.092143
0.092119
0.092143
0.092143
0.092143
0.092119
0.092119
0.092143
0.092143
0.092143
0.092143
0.092119
0.092143
0.092143
0.092143
0.092143
0.092119
0.092143
0.092143
0.092143
0.092143
0.092119
0.092143
0.092143
0.092143
0.092143
0.092143
0.092143
0.092143
0.092143
0.092143
0.092143
0.092143
0.092143
0.092168
0.092168
0.092143
0.092143
0.092143
0.092168
0.092168
0.092143
0.092143
0.092168
0.092168
0.092168
0.092143
0.092143
0.092168
0.092193
0.092193
0.092193
0.092193
0.092193
0.092193
0.092143
0.09207
0.092045
0.091971
0.091922
0.091897
0.091848
0.091799
0.091725
0.091725
0.0917
0.091676
0.091626
0.091602
0.091676
0.091725
0.091774
0.091971
0.09202
0.092094
0.092143
0.092168
0.092168
0.092168
0.092168
0.092168
0.092193
0.092193
0.092168
0.092168
0.092168
0.092193
0.092193
0.092193
0.092168
0.092193
0.092193
0.092193
0.092193
0.092193
0.092193
0.092217
0.092217
0.092193
0.092193
0.092217
0.092217
0.092217
0.092217
0.092217
0.092217
0.092242
0.092242
0.092242
0.092242
0.092242
0.092242
0.092266
0.092266
0.092291
0.092291
0.092291
0.092291
0.092316
0.092316
0.092316
0.09234
0.09234
0.092365
0.092365
0.092365
0.092365
0.09239
0.09239
0.09239
0.09239
0.092365
0.09239
0.09239
0.09239
0.092365
0.09234
0.092316
0.092316
0.092316
0.092291
0.092266
0.092242
0.092242
0.092217
0.092193
0.092193
0.092168
0.092193
0.092193
0.092168
0.092168
0.092168
0.092143
0.092143
0.092168
0.092168
0.092168
0.092168
0.092168
0.092168
0.092193
0.092193
0.092168
0.092193
0.092242
0.092242
0.092266
0.092291
0.092316
0.09234
0.092365
0.092365
0.09234
0.09234
0.092316
0.092316
0.092266
0.092266
0.092266
0.092291
0.092365
0.092488
0.092611
0.092783
0.092956
0.093054
0.093005
0.092783
0.092513
0.092291
0.092217
0.092119
0.092119
0.092119
0.092119
0.092119
0.092119
0.092143
0.092119
0.092119
0.092119
0.092119
0.092143
0.092119
0.092119
0.092119
0.092119
0.092143
0.092119
0.092119
0.092119
0.092119
0.092119
0.092119
0.092094
0.092094
0.092094
0.092119
0.092094
0.092094
0.09207
0.092094
0.092094
0.09207
0.09207
0.09207
0.09207
0.09207
0.092045
0.092045
0.09202
0.091996
0.091996
0.091996
0.091996
0.091971
0.091971
0.091946
0.091971
0.091971
0.091946
0.091946
0.091922
0.091946
0.091946
0.091946
0.091922
0.091922
0.091946
0.091946
0.091946
0.091946
0.091946
0.091971
0.091971
0.091996
0.091971
0.091996
0.09202
0.092045
0.092045
0.092045
0.092045
0.09207
0.092094
0.092094
0.092094
0.092094
0.092119
0.092143
0.092143
0.092168
0.092168
0.092168
0.092168
0.092193
0.092193
0.092168
0.092168
0.092193
0.092193
0.092193
0.092193
0.092193
0.092193
0.092217
0.092217
0.092193
0.092193
0.092217
0.092217
0.092217
0.092193
0.092193
0.092217
0.092217
0.092217
0.092193
0.092193
0.092217
0.092217
0.092217
0.092217
0.092217
0.092217
0.092242
0.092217
0.092217
0.092217
0.092242
0.092242
0.092242
0.092242
0.092217
0.092217
0.092242
0.092242
0.092242
0.092217
0.092217
0.092242
0.092242
0.092242
0.092217
0.092217
0.092242
0.092242
0.092242
0.092242
0.092242
0.092242
0.092242
0.092242
0.092242
0.092217
0.092242
0.092242
0.092242
0.092217
0.092217
0.092242
0.092242
0.092242
0.092217
0.092217
0.092242
0.092242
0.092242
0.092217
0.092217
0.092242
0.092217
0.092242
0.092242
0.092242
0.092242
0.092217
0.092242
0.092242
0.092242
0.092217
0.092217
0.092242
0.092242
0.092242
0.092217
0.092217
0.092242
0.092242
0.092242
0.092217
0.092217
0.092242
0.092242
0.092242
0.092242
0.092242
0.092242
0.092242
0.092242
0.092242
0.092242
0.092242
0.092266
0.092266
0.092242
0.092242
0.092266
0.092266
0.092266
0.092242
0.092266
0.092242
0.092242
0.092242
0.092266
0.092266
0.092242
0.092242
0.092242
0.092242
0.092242
0.092242
0.092242
0.092242
0.092242
0.092242
0.092242
0.092242
0.092242
0.092266
0.092266
0.092242
0.092242
0.092242
0.092266
0.092266
0.092242
0.092242
0.092242
0.092266
0.092266
0.092217
0.092193
0.092316
0.092316
0.092316
0.092316
0.09234
0.092365
0.092365
0.092168
0.092143
0.092143
0.092094
0.091996
0.091946
0.091946
0.091946
0.091922
0.091897
0.091897
0.091946
0.09202
0.09207
0.092119
0.092193
0.092242
0.092266
0.092266
0.092266
0.092266
0.092291
0.092291
0.092266
0.092266
0.092291
0.092291
0.092291
0.092291
0.092266
0.092291
0.092291
0.092291
0.092291
0.092266
0.092291
0.092291
0.092291
0.092291
0.092291
0.092316
0.092291
0.092316
0.092316
0.09234
0.092316
0.092316
0.092316
0.09234
0.09234
0.092316
0.092316
0.092316
0.09234
0.09234
0.09234
0.09234
0.09234
0.09234
0.092365
0.09234
0.09234
0.09234
0.092365
0.092365
0.092365
0.092365
0.092365
0.09239
0.09239
0.092365
0.092365
0.092365
0.09239
0.09239
0.09239
0.09239
0.09239
0.09239
0.09239
0.09239
0.09239
0.092365
0.09234
0.09234
0.092365
0.092365
0.09234
0.092316
0.092316
0.092316
0.092316
0.092316
0.092291
0.092291
0.092316
0.092316
0.092291
0.092291
0.092291
0.092291
0.092316
0.092291
0.092291
0.092291
0.092291
0.092291
0.092291
0.092291
0.092291
0.092291
0.092291
0.092291
0.092291
0.092291
0.092291
0.092316
0.092291
0.092291
0.092291
0.092291
0.092291
0.092291
0.092291
0.092291
0.092266
0.092266
0.092291
0.092291
0.092291
0.092266
0.092266
0.092291
0.092291
0.092291
0.092291
0.092291
0.092291
0.092291
0.092291
0.092291
0.092316
0.09234
0.09234
0.09234
0.092316
0.092291
0.092242
0.092193
0.092143
0.09207
0.092045
0.092045
0.091996
0.091922
0.091873
0.091848
0.091848
0.091823
0.091799
0.09202
0.09207
0.092094
0.092143
0.092217
0.092291
0.092316
0.092316
0.092316
0.09234
0.092365
0.092365
0.09234
0.09234
0.092365
0.092365
0.092365
0.092365
0.09234
0.092365
0.092365
0.092365
0.092365
0.092365
0.092365
0.09239
0.092365
0.092365
0.092365
0.092365
0.09239
0.09239
0.092365
0.09239
0.09239
0.092414
0.092414
0.09239
0.09239
0.092414
0.092414
0.092439
0.092463
0.092463
0.092463
0.092463
0.092488
0.092513
0.092513
0.092513
0.092537
0.092537
0.092562
0.092586
0.092562
0.092586
0.092586
0.092611
0.092611
0.092586
0.092586
0.092586
0.092586
0.092562
0.092537
0.092513
0.092513
0.092488
0.092463
0.092439
0.092414
0.092414
0.09239
0.09239
0.092365
0.09234
0.09234
0.09234
0.09234
0.092316
0.092316
0.092316
0.092316
0.092316
0.09234
0.092316
0.092316
0.092316
0.092316
0.092316
0.092316
0.092316
0.092316
0.092316
0.092316
0.092316
0.092316
0.092316
0.092316
0.092316
0.092316
0.092291
0.092291
0.092316
0.092316
0.092316
0.092316
0.092291
0.092316
0.092316
0.092316
0.092316
0.092316
0.092316
0.092316
0.092316
0.092316
0.092316
0.092316
0.09234
0.09234
0.092365
0.09234
0.092291
0.092242
0.092193
0.092143
0.09207
0.092045
0.09202
0.091971
0.091922
0.091922
0.091873
0.091848
0.091823
0.091848
0.091897
0.091946
0.091996
0.09207
0.092119
0.092143
0.092168
0.092217
0.092291
0.09234
0.09234
0.09234
0.09234
0.09234
0.092365
0.092365
0.092365
0.09234
0.092365
0.092365
0.092365
0.092365
0.092365
0.092365
0.092365
0.092365
0.09239
0.09239
0.09239
0.09239
0.09239
0.092414
0.092414
0.09239
0.09239
0.092414
0.092414
0.092439
0.092439
0.092414
0.092439
0.092463
0.092463
0.092463
0.092463
0.092463
0.092488
0.092513
0.092488
0.092488
0.092513
0.092537
0.092537
0.092537
0.092537
0.092562
0.092586
0.092586
0.092586
0.092586
0.092586
0.092586
0.092586
0.092562
0.092537
0.092513
0.092488
0.092463
0.092463
0.092439
0.092414
0.09239
0.09239
0.09239
0.092365
0.092365
0.09234
0.09234
0.09234
0.09234
0.09234
0.092316
0.092316
0.09234
0.09234
0.09234
0.09234
0.09234
0.09234
0.092365
0.09234
0.09234
0.09234
0.09234
0.092365
0.09234
0.09234
0.09234
0.09234
0.092365
0.09234
0.09234
0.09234
0.09234
0.09234
0.092365
0.092365
0.092365
0.09234
0.09234
0.092365
0.092365
0.092365
0.092365
0.092365
0.092365
0.092365
0.092365
0.09234
0.092365
0.092365
0.092365
0.092365
0.092365
0.092365
0.092365
0.092365
0.092365
0.092365
0.092365
0.092365
0.092365
0.092365
0.092365
0.092365
0.092365
0.092365
0.092365
0.092365
0.092365
0.092365
0.09239
0.092365
0.09239
0.092365
0.092365
0.092365
0.092365
0.09239
0.092365
0.092365
0.092365
0.092365
0.09239
0.092365
0.092365
0.092365
0.09239
0.09239
0.09239
0.092365
0.092365
0.09239
0.09239
0.09239
0.092365
0.092365
0.09239
0.09239
0.09239
0.092365
0.09239
0.09239
0.09239
0.09239
0.09239
0.09239
0.09239
0.092414
0.09239
0.09239
0.09239
0.09239
0.09239
0.092414
0.092414
0.092414
0.09239
0.09239
0.092414
0.092414
0.092414
0.09239
0.09239
0.092414
0.092414
0.092414
0.09239
0.09239
0.092414
0.092414
0.092414
0.09239
0.09239
0.092414
0.092439
0.092439
0.092439
0.092463
0.092463
0.092439
0.09239
0.092365
0.092291
0.092266
0.092266
0.092266
0.092217
0.092119
0.09207
0.092045
0.091996
0.091946
0.092094
0.092143
0.092193
0.092242
0.092316
0.092365
0.092414
0.092439
0.092439
0.092439
0.092439
0.092439
0.092439
0.092463
0.092463
0.092439
0.092439
0.092463
0.092463
0.092463
0.092439
0.092439
0.092463
0.092463
0.092463
0.092463
0.092463
0.092463
0.092488
0.092488
0.092463
0.092463
0.092488
0.092488
0.092488
0.092488
0.092488
0.092488
0.092513
0.092513
0.092513
0.092513
0.092513
0.092513
0.092513
0.092537
0.092537
0.092537
0.092537
0.092537
0.092562
0.092562
0.092562
0.092562
0.092586
0.092586
0.092586
0.092586
0.092586
0.092611
0.092611
0.092611
0.092611
0.092586
0.092611
0.092611
0.092611
0.092611
0.092586
0.092586
0.092586
0.092586
0.092562
0.092537
0.092537
0.092537
0.092513
0.092488
0.092488
0.092488
