2018
5
17
11
27
20.891
0.065827
0.065827
0.065803
0.065803
0.065803
0.065803
0.065803
0.065803
0.065803
0.065778
0.065803
0.065803
0.065803
0.065778
0.065778
0.065803
0.065803
0.065803
0.065778
0.065778
0.065803
0.065803
0.065803
0.065803
0.065803
0.065803
0.065803
0.065803
0.065803
0.065803
0.065803
0.065803
0.065803
0.065803
0.065803
0.065803
0.065803
0.065803
0.065803
0.065803
0.065803
0.065803
0.065827
0.065827
0.065852
0.065876
0.065901
0.065901
0.065901
0.065852
0.065778
0.065704
0.06563
0.065532
0.065458
0.06536
0.065261
0.065212
0.065261
0.065335
0.065409
0.065458
0.065483
0.065556
0.065606
0.06563
0.06568
0.065729
0.065753
0.065778
0.065827
0.065827
0.065827
0.065852
0.065852
0.065876
0.065876
0.065876
0.065901
0.065901
0.065926
0.065926
0.065901
0.065901
0.065901
0.065926
0.065926
0.065926
0.065926
0.065926
0.065926
0.06595
0.065926
0.065926
0.065926
0.06595
0.06595
0.06595
0.065926
0.06595
0.06595
0.06595
0.06595
0.06595
0.06595
0.06595
0.06595
0.06595
0.06595
0.06595
0.06595
0.06595
0.06595
0.06595
0.06595
0.065975
0.065975
0.065975
0.06595
0.065975
0.065975
0.065975
0.065975
0.065975
0.065975
0.065975
0.06595
0.065975
0.065975
0.06595
0.06595
0.06595
0.06595
0.06595
0.06595
0.065926
0.065926
0.065926
0.065926
0.065926
0.065926
0.065926
0.065926
0.065926
0.065926
0.065926
0.065926
0.065926
0.06595
0.065926
0.065926
0.065926
0.06595
0.06595
0.065926
0.065926
0.065926
0.065926
0.06595
0.065926
0.065926
0.065901
0.065901
0.065926
0.065926
0.065926
0.065926
0.065926
0.065926
0.065926
0.065926
0.065901
0.065901
0.065926
0.065926
0.065926
0.065926
0.065926
0.065926
0.065926
0.065926
0.065926
0.065926
0.065926
0.06595
0.06595
0.065926
0.065926
0.06595
0.06595
0.06595
0.065926
0.065926
0.06595
0.06595
0.06595
0.06595
0.06595
0.06595
0.06595
0.06595
0.065975
0.06595
0.06595
0.06595
0.065975
0.065975
0.065975
0.06595
0.06595
0.065975
0.065975
0.065975
0.06595
0.06595
0.065975
0.065975
0.065975
0.06595
0.06595
0.065975
0.065975
0.065975
0.065975
0.065975
0.065975
0.065975
0.065975
0.065975
0.065975
0.065975
0.065975
0.065975
0.065975
0.065975
0.065975
0.065975
0.065975
0.065975
0.065975
0.066
0.066
0.066
0.066024
0.066024
0.066
0.066
0.066024
0.066024
0.066024
0.066024
0.066
0.066024
0.066024
0.066024
0.066024
0.066024
0.066024
0.066049
0.066024
0.066024
0.066024
0.066049
0.066073
0.066098
0.066123
0.066147
0.066172
0.066147
0.066098
0.066024
0.06595
0.065876
0.065778
0.065655
0.065532
0.065433
0.065409
0.065458
0.065507
0.065753
0.065803
0.065852
0.065901
0.06595
0.066
0.066024
0.066049
0.066049
0.066073
0.066098
0.066147
0.066123
0.066147
0.066147
0.066172
0.066172
0.066172
0.066172
0.066172
0.066197
0.066197
0.066172
0.066172
0.066197
0.066197
0.066197
0.066197
0.066197
0.066197
0.066221
0.066221
0.066221
0.066221
0.066246
0.066246
0.066246
0.066246
0.066246
0.066246
0.06627
0.06627
0.06627
0.06627
0.06627
0.06627
0.06627
0.066295
0.066295
0.06627
0.066295
0.066295
0.06632
0.06632
0.066295
0.066295
0.06632
0.066344
0.066344
0.06632
0.06632
0.066344
0.066344
0.066344
0.066344
0.066344
0.066344
0.066369
0.066369
0.066344
0.066344
0.066344
0.066344
0.066344
0.06632
0.06632
0.06632
0.06632
0.06632
0.066295
0.066295
0.066295
0.066295
0.06632
0.06632
0.06632
0.066295
0.06632
0.06632
0.06632
0.06632
0.06632
0.06632
0.066344
0.06632
0.06632
0.06632
0.06632
0.066344
0.066344
0.066344
0.06632
0.06632
0.066344
0.066344
0.066344
0.06632
0.066344
0.066344
0.066344
0.066344
0.066344
0.066344
0.066344
0.066369
0.066344
0.066344
0.066344
0.066369
0.066369
0.066369
0.066369
0.066369
0.066344
0.066344
0.066369
0.066369
0.066369
0.066344
0.066369
0.066369
0.066369
0.066369
0.066344
0.066369
0.066369
0.066369
0.066369
0.066369
0.066369
0.066369
0.066393
0.066369
0.066369
0.066369
0.066393
0.066393
0.066393
0.066369
0.066393
0.066393
0.066393
0.066393
0.066393
0.066393
0.066393
0.066393
0.066393
0.066393
0.066393
0.066393
0.066393
0.066418
0.066418
0.066393
0.066393
0.066393
0.066418
0.066418
0.066418
0.066393
0.066418
0.066418
0.066418
0.066418
0.066418
0.066418
0.066418
0.066418
0.066418
0.066418
0.066418
0.066443
0.066443
0.066443
0.066418
0.066418
0.066443
0.066443
0.066443
0.066418
0.066443
0.066443
0.066443
0.066443
0.066418
0.066443
0.066443
0.066467
0.066443
0.066467
0.066443
0.066467
0.066467
0.066492
0.066517
0.066541
0.066566
0.06659
0.066566
0.066517
0.066443
0.066369
0.066295
0.066197
0.066073
0.065926
0.065827
0.065827
0.065876
0.06595
0.066024
0.066049
0.066123
0.066172
0.066221
0.06627
0.066295
0.066344
0.066393
0.066443
0.066443
0.066443
0.066467
0.066492
0.066541
0.066517
0.066517
0.066541
0.066541
0.066541
0.066566
0.066541
0.066541
0.066541
0.066541
0.066566
0.066541
0.066541
0.066541
0.066566
0.066566
0.066566
0.066566
0.066566
0.06659
0.06659
0.06659
0.06659
0.06659
0.06659
0.066615
0.066615
0.06659
0.06659
0.066615
0.066615
0.066615
0.066615
0.066615
0.066615
0.06664
0.06664
0.066615
0.066615
0.06664
0.06664
0.066664
0.06664
0.06664
0.066664
0.066664
0.066689
0.066689
0.066689
0.066664
0.066664
0.066689
0.066689
0.066689
0.066664
0.066664
0.066664
0.066664
0.066664
0.06664
0.06664
0.06664
0.06664
0.06664
0.066615
0.066615
0.066615
0.066615
0.066615
0.066615
0.066615
0.066615
0.066615
0.066615
0.066615
0.066615
0.066615
0.06664
0.06664
0.066615
0.066615
0.06664
0.06664
0.06664
0.066664
0.066664
0.06664
0.06664
0.06664
0.066664
0.066664
0.06664
0.06664
0.06664
0.066664
0.066664
0.06664
0.06664
0.066664
0.066664
0.066664
0.066664
0.066664
0.066664
0.066689
0.066689
0.066664
0.066664
0.066689
0.066689
0.066689
0.066689
0.066664
0.066689
0.066689
0.066689
0.066689
0.066664
0.066689
0.066689
0.066689
0.066664
0.066664
0.066664
0.066664
0.066689
0.066689
0.066689
0.066689
0.066689
0.066689
0.066689
0.066713
0.066689
0.066689
0.066689
0.066713
0.066713
0.066689
0.066689
0.066713
0.066713
0.066713
0.066713
0.066689
0.066713
0.066713
0.066713
0.066713
0.066713
0.066713
0.066713
0.066713
0.066713
0.066713
0.066713
0.066713
0.066713
0.066713
0.066713
0.066713
0.066738
0.066738
0.066713
0.066738
0.066738
0.066738
0.066738
0.066738
0.066738
0.066738
0.066738
0.066738
0.066738
0.066738
0.066738
0.066713
0.066738
0.066738
0.066738
0.066738
0.066738
0.066738
0.066763
0.066763
0.066738
0.066738
0.066738
0.066763
0.066763
0.066763
0.066763
0.066763
0.066812
0.066837
0.066861
0.066861
0.066861
0.066812
0.066738
0.066664
0.066566
0.066467
0.066369
0.066197
0.066295
0.066369
0.066393
0.066443
0.066492
0.066541
0.06659
0.06664
0.06664
0.066689
0.066713
0.066763
0.066763
0.066738
0.066763
0.066787
0.066812
0.066812
0.066812
0.066812
0.066837
0.066837
0.066837
0.066837
0.066837
0.066837
0.066837
0.066837
0.066837
0.066837
0.066837
0.066861
0.066837
0.066837
0.066837
0.066861
0.066861
0.066861
0.066861
0.066886
0.066886
0.066886
0.066886
0.066886
0.066886
0.066886
0.066886
0.066886
0.06691
0.06691
0.066886
0.06691
0.06691
0.066935
0.066935
0.06691
0.06691
0.066935
0.066935
0.066935
0.066935
0.066935
0.06696
0.06696
0.06696
0.066935
0.066935
0.06696
0.06696
0.06696
0.066935
0.066935
0.06696
0.06696
0.066935
0.066935
0.066935
0.066935
0.066935
0.06691
0.06691
0.066886
0.066886
0.066886
0.066886
0.066886
0.066886
0.066886
0.066886
0.06691
0.066886
0.066886
0.066886
0.066886
0.066886
0.066886
0.066886
0.066886
0.066886
0.06691
0.06691
0.066886
0.066886
0.066886
0.06691
0.066886
0.066886
0.066886
0.066886
0.066886
0.066886
0.066886
0.066886
0.066886
0.066886
0.066886
0.066886
0.066861
0.066886
0.066886
0.06691
0.066886
0.066886
0.066886
0.066886
0.06691
0.066886
0.066886
0.066886
0.066886
0.06691
0.06691
0.066886
0.066886
0.066886
0.06691
0.066886
0.066886
0.066861
0.066886
0.066886
0.066886
0.066861
0.066861
0.066861
0.066886
0.066886
0.066861
0.066861
0.066861
0.066886
0.066886
0.066861
0.066861
0.066886
0.066886
0.066886
0.066886
0.066861
0.066886
0.066886
0.06691
0.06691
0.066886
0.066886
0.06691
0.06691
0.06691
0.06691
0.066886
0.06691
0.06691
0.06691
0.06691
0.06691
0.06691
0.066935
0.066935
0.06691
0.06691
0.066935
0.066935
0.066935
0.066935
0.066935
0.066935
0.06696
0.066935
0.066935
0.066935
0.066935
0.06696
0.06696
0.066935
0.066935
0.066935
0.066935
0.06696
0.066935
0.06696
0.06696
0.06696
0.06696
0.06696
0.06696
0.06696
0.06696
0.066984
0.066984
0.06696
0.06696
0.06696
0.066984
0.066984
0.066984
0.066984
0.066984
0.067033
0.067058
0.067083
0.067083
0.067058
0.067033
0.06696
0.066886
0.066787
0.066689
0.066541
0.066467
0.066393
0.066344
0.066369
0.066443
0.066517
0.066566
0.06659
0.06664
0.066713
0.066763
0.06691
0.066935
0.066935
0.06691
0.066935
0.06696
0.066984
0.066984
0.066984
0.066984
0.067009
0.067009
0.067009
0.066984
0.067009
0.067009
0.067009
0.067009
0.066984
0.066984
0.067009
0.067009
0.067009
0.066984
0.067009
0.067009
0.067033
0.067009
0.067009
0.067009
0.067033
0.067033
0.067033
0.067009
0.067033
0.067033
0.067033
0.067033
0.067009
0.067009
0.067009
0.067033
0.067033
0.067058
0.067058
0.067033
0.067058
0.067083
0.067083
0.067083
0.067058
0.067083
0.067083
0.067107
0.067083
0.067083
0.067083
0.067107
0.067107
0.067107
0.067083
0.067083
0.067107
0.067107
0.067083
0.067083
0.067058
0.067083
0.067058
0.067058
0.067033
0.067033
0.067033
0.067033
0.067033
0.067009
0.067009
0.067033
0.067033
0.067009
0.067033
0.067033
0.067009
0.067009
0.067033
0.067033
0.067033
0.067033
0.067033
0.067058
0.067058
0.067058
0.067058
0.067058
0.067058
0.067083
0.067058
0.067058
0.067058
0.067058
0.067083
0.067058
0.067058
0.067058
0.067058
0.067083
0.067058
0.067058
0.067058
0.067058
0.067083
0.067058
0.067058
0.067058
0.067083
0.067083
0.067083
0.067058
0.067058
0.067083
0.067083
0.067083
0.067083
0.067083
0.067083
0.067083
0.067083
0.067107
0.067083
0.067083
0.067083
0.067107
0.067107
0.067107
0.067083
0.067083
0.067107
0.067107
0.067107
0.067083
0.067083
0.067107
0.067107
0.067107
0.067083
0.067083
0.067107
0.067107
0.067107
0.067083
0.067083
0.067107
0.067107
0.067107
0.067107
0.067107
0.067107
0.067132
0.067107
0.067107
0.067132
0.067107
0.067107
0.067132
0.067132
0.067132
0.067107
0.067107
0.067132
0.067132
0.067132
0.067132
0.067132
0.067132
0.067132
0.067132
0.067132
0.067132
0.067132
0.067157
0.067132
0.067132
0.067132
0.067132
0.067157
0.067132
0.067132
0.067132
0.067132
0.067157
0.067157
0.067132
0.067132
0.067157
0.067157
0.067157
0.067157
0.067157
0.067157
0.067181
0.067181
0.067181
0.067181
0.067157
0.067157
0.067181
0.067181
0.067181
0.067157
0.067181
0.067181
0.067206
0.06723
0.06728
0.067304
0.067304
0.06728
0.06723
0.067157
0.067083
0.066984
0.066812
0.066812
0.066664
0.066566
0.066541
0.06659
0.066664
0.066738
0.066763
0.066837
0.066886
0.066935
0.066984
0.067009
0.067058
0.067107
0.067157
0.067157
0.067157
0.06723
0.06723
0.067255
0.06728
0.06728
0.067255
0.067255
0.06728
0.06728
0.06728
0.067255
0.067255
0.06728
0.06728
0.06728
0.06728
0.06728
0.06728
0.067304
0.067304
0.06728
0.06728
0.067304
0.067329
0.067329
0.067304
0.067304
0.067329
0.067329
0.067329
0.067329
0.067304
0.067329
0.067329
0.067329
0.067329
0.067329
0.067329
0.067354
0.067354
0.067354
0.067354
0.067354
0.067354
0.067354
0.067378
0.067378
0.067354
0.067354
0.067378
0.067378
0.067378
0.067378
0.067378
0.067378
0.067378
0.067378
0.067378
0.067354
0.067354
0.067354
0.067354
0.067354
0.067329
0.067329
0.067354
0.067329
0.067329
0.067329
0.067329
0.067329
0.067329
0.067329
0.067304
0.067329
0.067329
0.067329
0.067329
0.067329
0.067329
0.067329
0.067329
0.067354
0.067354
0.067329
0.067329
0.067354
0.067354
0.067354
0.067354
0.067354
0.067354
0.067354
0.067378
0.067354
0.067354
0.067354
0.067378
0.067378
0.067354
0.067354
0.067354
0.067378
0.067378
0.067378
0.067354
0.067354
0.067378
0.067378
0.067378
0.067354
0.067354
0.067378
0.067378
0.067354
0.067354
0.067354
0.067378
0.067378
0.067354
0.067378
0.067354
0.067354
0.067354
0.067378
0.067378
0.067354
0.067354
0.067354
0.067378
0.067378
0.067354
0.067354
0.067354
0.067354
0.067378
0.067354
0.067354
0.067354
0.067354
0.067378
0.067354
0.067354
0.067354
0.067378
0.067378
0.067378
0.067378
0.067378
0.067378
0.067403
0.067378
0.067378
0.067378
0.067403
0.067403
0.067403
0.067403
0.067403
0.067403
0.067403
0.067427
0.067427
0.067403
0.067403
0.067403
0.067427
0.067427
0.067427
0.067403
0.067427
0.067427
0.067427
0.067427
0.067427
0.067427
0.067427
0.067452
0.067427
0.067427
0.067427
0.067452
0.067452
0.067452
0.067427
0.067427
0.067452
0.067452
0.067452
0.067452
0.067452
0.067452
0.067477
0.067452
0.067452
0.067452
0.067477
0.067501
0.067501
0.067526
0.067526
0.067452
0.067378
0.067304
0.067206
0.067083
0.066984
0.066861
0.066837
0.066886
0.066935
0.067009
0.067058
0.067107
0.067181
0.067206
0.067255
0.067304
0.067354
0.067378
0.067427
0.067452
0.067452
0.067477
0.067477
0.067501
0.067501
0.067501
0.067526
0.067526
0.06755
0.067526
0.067526
0.06755
0.06755
0.06755
0.06755
0.067526
0.06755
0.06755
0.06755
0.067575
0.067575
0.067575
0.067575
0.0676
0.0676
0.0676
0.067575
0.0676
0.0676
0.067624
0.0676
0.0676
0.0676
0.0676
0.067624
0.067624
0.0676
0.0676
0.067624
0.067624
0.067624
0.067624
0.067624
0.067649
0.067649
0.067649
0.067624
0.067649
0.067649
0.067674
0.067674
0.067649
0.067649
0.067674
0.067674
0.067674
0.067674
0.067674
0.067674
0.067649
0.067674
0.067674
0.067649
0.067649
0.067624
0.067649
0.067649
0.067649
0.067624
0.067624
0.067649
0.067649
0.067624
0.067624
0.067624
0.067624
0.067649
0.067649
0.067624
0.067624
0.067624
0.067649
0.067649
0.067649
0.067649
0.067649
0.067649
0.067649
0.067649
0.067624
0.067649
0.067649
0.067649
0.067649
0.067624
0.067624
0.067649
0.067624
0.067624
0.067624
0.067624
0.067624
0.067649
0.067649
0.067624
0.067624
0.067649
0.067674
0.067674
0.067698
0.067723
0.067747
0.067772
0.067723
0.067624
0.06755
0.067477
0.067378
0.06728
0.067181
0.067107
0.067033
0.067058
0.067132
0.067206
0.067255
0.067304
0.067378
0.067427
0.067477
0.067526
0.06755
0.067575
0.067624
0.067649
0.067649
0.067649
0.067649
0.067674
0.067698
0.067698
0.067698
0.067698
0.067698
0.067723
0.067723
0.067698
0.067698
0.067698
0.067723
0.067723
0.067698
0.067698
0.067723
0.067723
0.067747
0.067723
0.067723
0.067747
0.067747
0.067747
0.067747
0.067747
0.067747
0.067772
0.067747
0.067747
0.067747
0.067747
0.067772
0.067772
0.067747
0.067747
0.067747
0.067772
0.067772
0.067772
0.067772
0.067772
0.067772
0.067797
0.067821
0.067821
0.067797
0.067797
0.067797
0.067821
0.067797
0.067797
0.067772
0.067797
0.067797
0.067797
0.067772
0.067772
0.067772
0.067772
0.067772
0.067747
0.067723
0.067747
0.067747
0.067747
0.067723
0.067723
0.067723
0.067747
0.067747
0.067723
0.067723
0.067747
0.067747
0.067747
0.067723
0.067723
0.067723
0.067747
0.067747
0.067747
0.067723
0.067723
0.067723
0.067747
0.067747
0.067723
0.067723
0.067723
0.067747
0.067747
0.067723
0.067723
0.067723
0.067747
0.067747
0.067747
0.067747
0.067747
0.067747
0.067747
0.067747
0.067747
0.067747
0.067747
0.067747
0.067747
0.067747
0.067747
0.067747
0.067747
0.067747
0.067723
0.067747
0.067747
0.067747
0.067747
0.067723
0.067723
0.067747
0.067747
0.067747
0.067747
0.067723
0.067747
0.067747
0.067747
0.067747
0.067747
0.067747
0.067747
0.067747
0.067747
0.067723
0.067747
0.067747
0.067747
0.067747
0.067723
0.067747
0.067747
0.067747
0.067747
0.067723
0.067747
0.067747
0.067747
0.067747
0.067723
0.067723
0.067747
0.067747
0.067723
0.067723
0.067723
0.067723
0.067723
0.067723
0.067723
0.067723
0.067723
0.067723
0.067723
0.067723
0.067723
0.067723
0.067723
0.067723
0.067723
0.067723
0.067723
0.067723
0.067723
0.067723
0.067698
0.067723
0.067723
0.067723
0.067698
0.067698
0.067698
0.067723
0.067723
0.067723
0.067698
0.067698
0.067723
0.067747
0.067747
0.067772
0.067821
0.067846
0.067821
0.067772
0.067698
0.067624
0.06755
0.067477
0.067354
0.06723
0.067181
0.06723
0.067304
0.067354
0.067403
0.067427
0.067477
0.067526
0.067575
0.067624
0.067649
0.067649
0.067674
0.067674
0.067698
0.067723
0.067747
0.067747
0.067747
0.067772
0.067747
0.067747
0.067747
0.067772
0.067772
0.067772
0.067747
0.067747
0.067772
0.067772
0.067772
0.067772
0.067772
0.067797
0.067797
0.067797
0.067797
0.067797
0.067821
0.067821
0.067821
0.067821
0.067821
0.067821
0.067821
0.067821
0.067846
0.067821
0.067821
0.067821
0.067846
0.067846
0.067846
0.067846
0.067846
0.067846
0.06787
0.06787
0.06787
0.06787
0.06787
0.067895
0.067895
0.06787
0.06787
0.067895
0.067895
0.067895
0.06787
0.067895
0.067895
0.067895
0.067895
0.067895
0.06787
0.067895
0.067895
0.06787
0.06787
0.067846
0.067846
0.067846
0.067846
0.067846
0.067846
0.067821
0.067821
0.067846
0.067846
0.067846
0.067846
0.067821
0.067821
0.067846
0.067846
0.067821
0.067821
0.067846
0.067846
0.067846
0.067821
0.067821
0.067846
0.067846
0.067846
0.067846
0.067821
0.067846
0.067846
0.067846
0.067846
0.067821
0.067846
0.067846
0.067846
0.067846
0.067846
0.067846
0.06787
0.067846
0.06787
0.06787
0.067846
0.067846
0.06787
0.06787
0.06787
0.06787
0.06787
0.06787
0.06787
0.06787
0.06787
0.06787
0.06787
0.06787
0.06787
0.06787
0.06787
0.06787
0.06787
0.06787
0.06787
0.06787
0.06787
0.067895
0.067895
0.06787
0.06787
0.067895
0.067895
0.067895
0.067895
0.06787
0.067895
0.067895
0.067895
0.067895
0.06787
0.067895
0.067895
0.06792
0.06792
0.067895
0.067895
0.06792
0.06792
0.06792
0.06792
0.06792
0.06792
0.06792
0.06792
0.06792
0.06792
0.06792
0.067944
0.067944
0.06792
0.06792
0.06792
0.067944
0.067944
0.06792
0.06792
0.06792
0.067944
0.067944
0.06792
0.06792
0.06792
0.067944
0.067944
0.06792
0.06792
0.06792
0.067944
0.067944
0.06792
0.06792
0.06792
0.067944
0.067944
0.067944
0.067944
0.067944
0.067944
0.067969
0.067969
0.067969
0.067944
0.067944
0.067969
0.067969
0.067969
0.067969
0.067994
0.068018
0.068067
0.068092
0.068092
0.068067
0.068018
0.067969
0.06787
0.067772
0.067674
0.067575
0.067452
0.067354
0.067329
0.067378
0.067452
0.067526
0.067575
0.0676
0.067674
0.067723
0.067797
0.067821
0.067969
0.067969
0.067994
0.068043
0.068043
0.068043
0.068043
0.068043
0.068067
0.068067
0.068067
0.068043
0.068067
0.068067
0.068067
0.068067
0.068067
0.068067
0.068067
0.068092
0.068067
0.068067
0.068092
0.068092
0.068117
0.068092
0.068092
0.068092
0.068117
0.068117
0.068117
0.068117
0.068117
0.068117
0.068141
0.068117
0.068117
0.068117
0.068117
0.068141
0.068141
0.068141
0.068141
0.068141
0.068166
0.068166
0.068166
0.068141
0.068166
0.068166
0.068191
0.068166
0.068166
0.068166
0.068191
0.068191
0.068191
0.068166
0.068166
0.068191
0.068191
0.068166
0.068166
0.068166
0.068166
0.068166
0.068141
0.068141
0.068141
0.068141
0.068141
0.068141
0.068117
0.068117
0.068141
0.068141
0.068141
0.068117
0.068117
0.068141
0.068141
0.068166
0.068141
0.068141
0.068141
0.068141
0.068166
0.068141
0.068141
0.068141
0.068166
0.068166
0.068141
0.068141
0.068141
0.068166
0.068166
0.068166
0.068141
0.068141
0.068166
0.068166
0.068166
0.068166
0.068166
0.068166
0.068191
0.068166
0.068166
0.068166
0.068166
0.068191
0.068191
0.068166
0.068166
0.068166
0.068191
0.068191
0.068191
0.068191
0.068289
0.06824
0.068191
0.068141
0.068043
0.06792
0.067797
0.067698
0.067575
0.067477
0.067477
0.067526
0.067624
0.067723
0.067747
0.067797
0.067846
0.06792
0.067994
0.068018
0.068043
0.068067
0.068117
0.068141
0.068141
0.068141
0.068166
0.068191
0.068215
0.068215
0.068191
0.068215
0.068215
0.06824
0.06824
0.068215
0.068215
0.06824
0.06824
0.06824
0.068264
0.068264
0.068264
0.068289
0.068289
0.068289
0.068289
0.068289
0.068289
0.068314
0.068314
0.068314
0.068314
0.068314
0.068314
0.068314
0.068314
0.068314
0.068314
0.068338
0.068314
0.068314
0.068314
0.068314
0.068338
0.068338
0.068338
0.068338
0.068338
0.068363
0.068363
0.068338
0.068338
0.068363
0.068387
0.068363
0.068363
0.068338
0.068363
0.068363
0.068314
0.068338
0.068314
0.068289
0.068289
0.068289
0.068314
0.068289
0.068264
0.068264
0.068289
0.068289
0.068289
0.068264
0.068264
0.068289
0.068289
0.068289
0.068264
0.068264
0.068289
0.068289
0.068289
0.068289
0.068289
0.068289
0.068289
0.068289
0.068289
0.068289
0.068289
0.068289
0.068289
0.068264
0.068264
0.068264
0.068289
0.068289
0.068264
0.068264
0.068264
0.068264
0.068264
0.068289
0.068289
0.068264
0.068264
0.068264
0.068289
0.068289
0.068264
0.068264
0.068289
0.068289
0.068289
0.068264
0.068264
0.068264
0.068289
0.068289
0.068264
0.068264
0.068264
0.068289
0.068289
0.068264
0.068264
0.068264
0.068264
0.068264
0.068264
0.06824
0.068264
0.068264
0.068264
0.068264
0.06824
0.068264
0.068264
0.068264
0.068289
0.068264
0.068264
0.068264
0.068289
0.068289
0.068264
0.068264
0.068264
0.068289
0.068289
0.068264
0.068264
0.068289
0.068289
0.068289
0.068289
0.068264
0.068289
0.068289
0.068289
0.068289
0.068289
0.068289
0.068289
0.068289
0.068289
0.068289
0.068289
0.068314
0.068314
0.068289
0.068289
0.068289
0.068314
0.068314
0.068289
0.068289
0.068289
0.068314
0.068289
0.068314
0.068314
0.068314
0.068338
0.068363
0.068412
0.068437
0.068437
0.068387
0.068314
0.068264
0.068191
0.068067
0.067969
0.067895
0.067821
0.067747
0.067747
0.067797
0.06787
0.067944
0.067994
0.068018
0.068067
0.068117
0.068191
0.068215
0.06824
0.06824
0.068289
0.068314
0.068338
0.068314
0.068314
0.068363
0.068387
0.068387
0.068363
0.068363
0.068363
0.068387
0.068387
0.068387
0.068387
0.068387
0.068387
0.068387
0.068412
0.068387
0.068387
0.068387
0.068412
0.068412
0.068412
0.068387
0.068387
0.068412
0.068412
0.068412
0.068387
0.068412
0.068412
0.068437
0.068412
0.068412
0.068412
0.068437
0.068437
0.068437
0.068437
0.068437
0.068461
0.068461
0.068461
0.068461
0.068461
0.068486
0.068486
0.068486
0.068511
0.068486
0.068486
0.068486
0.068511
0.068511
0.068486
0.068486
0.068486
0.068486
0.068486
0.068486
0.068461
0.068461
0.068486
0.068461
0.068461
0.068437
0.068437
0.068461
0.068461
0.068437
0.068437
0.068412
0.068437
0.068437
0.068437
0.068412
0.068412
0.068437
0.068437
0.068412
0.068412
0.068412
0.068412
0.068412
0.068412
0.068412
0.068412
0.068412
0.068387
0.068412
0.068412
0.068437
0.068437
0.068437
0.068486
0.068511
0.068535
0.068535
0.068584
0.068609
0.068658
0.068683
0.068707
0.068781
0.06888
0.068978
0.069052
0.069126
0.0692
0.069224
0.069224
0.069224
0.069224
0.069175
0.068954
0.068806
0.068683
0.068584
0.068511
0.068461
0.068412
0.068387
0.068363
0.068363
0.068363
0.068363
0.068338
0.068338
0.068338
0.068338
0.068314
0.068314
0.068338
0.068314
0.068314
0.068289
0.068314
0.068314
0.068314
0.068289
0.068289
0.068289
0.068289
0.068289
0.068264
0.068264
0.068264
0.068289
0.068264
0.06824
0.06824
0.06824
0.06824
0.068215
0.068191
0.068166
0.068166
0.068166
0.068141
0.068117
0.068117
0.068117
0.068092
0.068092
0.068067
0.068043
0.068043
0.068043
0.068018
0.068043
0.068018
0.068018
0.068018
0.068043
0.068067
0.068067
0.068067
0.068067
0.068117
0.068141
0.068141
0.068166
0.068166
0.068215
0.06824
0.06824
0.068264
0.068264
0.068289
0.068314
0.068338
0.068338
0.068338
0.068363
0.068387
0.068387
0.068387
0.068387
0.068412
0.068437
0.068437
0.068437
0.068437
0.068437
0.068461
0.068461
0.068437
0.068437
0.068437
0.068461
0.068461
0.068461
0.068461
0.068461
0.068461
0.068486
0.068461
0.068461
0.068461
0.068461
0.068461
0.068461
0.068461
0.068461
0.068461
0.068461
0.068461
0.068461
0.068461
0.068461
0.068486
0.068461
0.068461
0.068461
0.068461
0.068486
0.068461
0.068461
0.068461
0.068461
0.068486
0.068461
0.068461
0.068461
0.068461
0.068461
0.068461
0.068461
0.068461
0.068461
0.068437
0.068461
0.068461
0.068461
0.068437
0.068437
0.068461
0.068461
0.068461
0.068461
0.068461
0.068461
0.068486
0.068486
0.068461
0.068461
0.068461
0.068486
0.068486
0.068461
0.068461
0.068486
0.068486
0.068486
0.068486
0.068461
0.068486
0.068486
0.068486
0.068486
0.068461
0.068486
0.068486
0.068486
0.068486
0.068486
0.068486
0.068511
0.068511
0.068511
0.068511
0.068511
0.068486
0.068511
0.068535
0.068535
0.068511
0.068511
0.068511
0.068535
0.068535
0.068511
0.068511
0.068511
0.068535
0.068535
0.068511
0.068511
0.068511
0.068535
0.068535
0.068535
0.068535
0.068535
0.06856
0.06856
0.068535
0.068535
0.068535
0.06856
0.06856
0.06856
0.06856
0.068584
0.068609
0.068634
0.068658
0.068658
0.068511
0.068412
0.068314
0.068215
0.068117
0.067969
0.06792
0.067944
0.067994
0.068067
0.068117
0.068141
0.068215
0.068264
0.068314
0.068363
0.068387
0.068437
0.068486
0.068511
0.068511
0.068511
0.068535
0.068584
0.068609
0.068609
0.068584
0.068609
0.068609
0.068634
0.068609
0.068609
0.068609
0.068634
0.068634
0.068634
0.068634
0.068634
0.068658
0.068658
0.068683
0.068658
0.068658
0.068658
0.068683
0.068683
0.068683
0.068658
0.068658
0.068683
0.068683
0.068683
0.068658
0.068658
0.068683
0.068707
0.068683
0.068683
0.068683
0.068707
0.068707
0.068707
0.068707
0.068707
0.068732
0.068757
0.068732
0.068732
0.068732
0.068757
0.068781
0.068757
0.068757
0.068781
0.068781
0.068806
0.068781
0.068781
0.068781
0.068781
0.068781
0.068781
0.068781
0.068781
0.068757
0.068757
0.068757
0.068757
0.068732
0.068732
0.068732
0.068732
0.068732
0.068732
0.068707
0.068707
0.068707
0.068732
0.068707
0.068707
0.068683
0.068707
0.068707
0.068707
0.068683
0.068683
0.068707
0.068707
0.068683
0.068683
0.068683
0.068683
0.068707
0.068683
0.068683
0.068683
0.068683
0.068683
0.068683
0.068683
0.068683
0.068683
0.068683
0.068707
0.068683
0.068683
0.068658
0.068683
0.068683
0.068683
0.068658
0.068658
0.068683
0.068683
0.068658
0.068658
0.068658
0.068658
0.068683
0.068658
0.068658
0.068658
0.068658
0.068683
0.068683
0.068658
0.068658
0.068683
0.068683
0.068683
0.068658
0.068658
0.068683
0.068683
0.068683
0.068658
0.068658
0.068683
0.068683
0.068683
0.068683
0.068683
0.068683
0.068683
0.068683
0.068707
0.068707
0.068707
0.068707
0.068707
0.068732
0.068707
0.068707
0.068707
0.068707
0.068707
0.068707
0.068707
0.068683
0.068707
0.068707
0.068707
0.068683
0.068707
0.068707
0.068732
0.068707
0.068707
0.068707
0.068707
0.068707
0.068707
0.068707
0.068683
0.068707
0.068707
0.068707
0.068683
0.068683
0.068707
0.068683
0.068707
0.068707
0.068707
0.068683
0.068683
0.068683
0.068707
0.068707
0.068683
0.068683
0.068707
0.068732
0.068732
0.068707
0.068707
0.068732
0.068732
0.068732
0.068707
0.068707
0.068732
0.068757
0.068781
0.068806
0.068831
0.068855
0.068855
0.068806
0.068732
0.068683
0.068609
0.068511
0.068387
0.068264
0.068141
0.068092
0.068117
0.068191
0.06824
0.068486
0.068511
0.06856
0.068609
0.068658
0.068707
0.068707
0.068707
0.068732
0.068757
0.068806
0.068806
0.068806
0.068806
0.068831
0.068831
0.068831
0.068806
0.068831
0.068831
0.068831
0.068831
0.068806
0.068831
0.068831
0.068831
0.068806
0.068806
0.068831
0.068831
0.068855
0.068831
0.068831
0.068855
0.068855
0.068855
0.068855
0.068855
0.068855
0.068855
0.068855
0.06888
0.06888
0.068855
0.068855
0.068855
0.06888
0.06888
0.06888
0.06888
0.06888
0.068904
0.068904
0.06888
0.06888
0.068904
0.068929
0.068929
0.068904
0.068904
0.068929
0.068929
0.068954
0.068929
0.068929
0.068929
0.068954
0.068954
0.068929
0.068904
0.068904
0.068904
0.068904
0.06888
0.06888
0.06888
0.06888
0.06888
0.06888
0.068855
0.068855
0.068855
0.068855
0.06888
0.068855
0.068855
0.068855
0.068855
0.06888
0.06888
0.068855
0.068855
0.068855
0.06888
0.06888
0.06888
0.06888
0.06888
0.068904
0.068904
0.06888
0.06888
0.06888
0.068904
0.068904
0.068904
0.068904
0.068904
0.068904
0.068929
0.068904
0.068904
0.068904
0.068929
0.068929
0.068929
0.068929
0.068929
0.068954
0.068954
0.068954
0.068954
0.068954
0.068929
0.068929
0.068954
0.068954
0.068929
0.068929
0.068929
0.068929
0.068929
0.068929
0.068904
0.068904
0.068904
0.068929
0.068904
0.068904
0.068904
0.068929
0.068904
0.068904
0.068904
0.068904
0.068904
0.068929
0.068904
0.068904
0.068904
0.068904
0.068929
0.068904
0.068904
0.068904
0.068904
0.068929
0.068904
0.068904
0.068904
0.068904
0.068904
0.068929
0.068954
0.068929
0.068929
0.068929
0.068954
0.068954
0.068954
0.068954
0.068954
0.068954
0.068978
0.068978
0.068954
0.068954
0.068978
0.069003
0.069028
0.069028
0.069077
0.069101
0.069077
0.069003
0.068929
0.068831
0.068757
0.068658
0.068535
0.068437
0.068363
0.068338
0.068387
0.068437
0.068511
0.06856
0.068609
0.068683
0.068707
0.06888
0.068904
0.068929
0.068929
0.068954
0.068954
0.068978
0.068978
0.068978
0.068978
0.069003
0.069003
0.068978
0.068978
0.069003
0.069003
0.068978
0.068978
0.068978
0.069003
0.069003
0.069003
0.068978
0.069003
0.069003
0.069028
0.069028
0.069003
0.069028
0.069028
0.069052
0.069028
0.069028
0.069028
0.069052
0.069052
0.069052
0.069028
0.069028
0.069052
0.069052
0.069077
0.069077
0.069077
0.069077
0.069077
0.069101
0.069126
0.069126
0.069101
0.069101
0.069126
0.069151
0.069151
0.069126
0.069151
0.069151
0.069151
0.069151
0.069151
0.069151
0.069151
0.069151
0.069151
0.069126
0.069126
0.069126
0.069126
0.069126
0.069101
0.069077
0.069101
0.069101
0.069077
0.069052
0.069052
0.069077
0.069077
0.069077
0.069052
0.069077
0.069077
0.069052
0.069077
0.069077
0.069077
0.069077
0.069052
0.069052
0.069077
0.069077
0.069052
0.069052
0.069052
0.069077
0.069077
0.069052
0.069052
0.069077
0.069101
0.069077
0.069077
0.069077
0.069101
0.069101
0.069101
0.069101
0.069101
0.069101
0.069126
0.069126
0.069101
0.069101
0.069126
0.069126
0.069126
0.069101
0.069101
0.069126
0.069126
0.069101
0.069126
0.069126
0.069101
0.069101
0.069101
0.069101
0.069101
0.069101
0.069077
0.069101
0.069101
0.069101
0.069077
0.069077
0.069077
0.069101
0.069101
0.069077
0.069077
0.069101
0.069126
0.069151
0.069175
0.069175
0.069151
0.069101
0.069028
0.068929
0.068831
0.068757
0.068658
0.068609
0.068511
0.068461
0.068535
0.068634
0.068707
0.068732
0.068757
0.068978
0.069003
0.069028
0.069077
0.069126
0.069101
0.069101
0.069126
0.069151
0.069175
0.069151
0.069151
0.069175
0.0692
0.0692
0.069175
0.069175
0.069175
0.0692
0.0692
0.069175
0.069175
0.069175
0.0692
0.0692
0.0692
0.0692
0.0692
0.069224
0.069224
0.0692
0.0692
0.0692
0.069224
0.069224
0.0692
0.0692
0.0692
0.069224
0.069224
0.069224
0.069224
0.0692
0.0692
0.0692
0.069224
0.069224
0.069224
0.0692
0.069224
0.069249
0.069249
0.069249
0.069249
0.069249
0.069274
0.069274
0.069274
0.069274
0.069274
0.069298
0.069298
0.069274
0.069249
0.069249
0.069274
0.069274
0.069249
0.069224
0.069224
0.069224
0.069224
0.0692
0.0692
0.0692
0.0692
0.0692
0.0692
0.069175
0.069175
0.069175
0.069175
0.0692
0.0692
0.069175
0.069175
0.069175
0.069175
0.069175
0.069175
0.069175
0.069175
0.069175
0.069175
0.069175
0.069151
0.069175
0.069175
0.069175
0.069175
0.069151
0.069151
0.069175
0.069175
0.069175
0.069151
0.069151
0.069175
0.069175
0.069175
0.069151
0.069151
0.069175
0.069175
0.069175
0.069151
0.069151
0.069175
0.069175
0.069151
0.069175
0.069175
0.069151
0.069151
0.069175
0.069175
0.069151
0.069151
0.069151
0.069151
0.069151
0.069151
0.069151
0.069151
0.069151
0.069151
0.069151
0.069126
0.069126
0.069151
0.069151
0.069126
0.069126
0.069126
0.069126
0.069151
0.069126
0.069126
0.069126
0.069126
0.069126
0.069126
0.069101
0.069126
0.069126
0.069126
0.069126
0.069126
0.069126
0.069151
0.069126
0.069151
0.069175
0.069151
0.069151
0.069151
0.069151
0.069175
0.069151
0.069151
0.069151
0.069175
0.0692
0.0692
0.069224
0.069274
0.069298
0.069274
0.069224
0.069151
0.069077
0.069003
0.06888
0.068757
0.068658
0.068535
0.068535
0.06856
0.068634
0.068707
0.068757
0.068806
0.06888
0.068904
0.068978
0.069003
0.069052
0.069101
0.069151
0.069151
0.069224
0.069224
0.069224
0.069224
0.069249
0.069224
0.069224
0.069224
0.069224
0.069224
0.069224
0.0692
0.0692
0.069224
0.069224
0.069224
0.069224
0.069224
0.069249
0.069249
0.069249
0.069224
0.069224
0.069249
0.069249
0.069249
0.069249
0.069249
0.069249
0.069274
0.069249
0.069249
0.069249
0.069274
0.069274
0.069274
0.069274
0.069274
0.069298
0.069298
0.069323
0.069298
0.069298
0.069298
0.069323
0.069323
0.069323
0.069323
0.069323
0.069323
0.069348
0.069348
0.069323
0.069323
0.069323
0.069323
0.069323
0.069298
0.069298
0.069298
0.069298
0.069298
0.069274
0.069249
0.069274
0.069274
0.069274
0.069249
0.069249
0.069249
0.069274
0.069249
0.069249
0.069249
0.069249
0.069274
0.069274
0.069249
0.069249
0.069249
0.069249
0.069274
0.069274
0.069274
0.069249
0.069249
0.069249
0.069274
0.069274
0.069249
0.069249
0.069274
0.069274
0.069274
0.069249
0.069249
0.069274
0.069274
0.069274
0.069249
0.069249
0.069274
0.069274
0.069274
0.069249
0.069249
0.069274
0.069274
0.069274
0.069249
0.069249
0.069249
0.069274
0.069249
0.069249
0.069249
0.069249
0.069249
0.069249
0.069249
0.069249
0.069249
0.069249
0.069249
0.069274
0.069274
0.069249
0.069249
0.069249
0.069274
0.069274
0.069249
0.069249
0.069249
0.069249
0.069249
0.069249
0.069249
0.069249
0.069274
0.069274
0.069249
0.069249
0.069249
0.069274
0.069274
0.069274
0.069298
0.069323
0.069372
0.069397
0.069372
0.069348
0.069298
0.069249
0.069151
0.069052
0.068929
0.068831
0.068732
0.068757
0.068855
0.06888
0.068929
0.068954
0.069028
0.069101
0.069151
0.069151
0.069175
0.069224
0.069274
0.069274
0.069274
0.069274
0.069298
0.069323
0.069323
0.069323
0.069323
0.069348
0.069348
0.069348
0.069348
0.069348
0.069348
0.069348
0.069348
0.069348
0.069348
0.069348
0.069372
0.069372
0.069372
0.069372
0.069372
0.069397
0.069421
0.069397
0.069397
0.069421
0.069421
0.069421
0.069446
0.069446
0.069446
0.069421
0.069446
0.069446
0.069471
0.069446
0.069446
0.069446
0.069471
0.069471
0.069471
0.069471
0.069471
0.069495
0.069495
0.069495
0.069471
0.069495
0.06952
0.06952
0.069495
0.069495
0.069495
0.069495
0.069495
0.069495
0.069471
0.069471
0.069471
0.069471
0.069446
0.069446
0.069421
0.069446
0.069446
0.069421
0.069421
0.069397
0.069397
0.069397
0.069421
0.069421
0.069421
0.069397
0.069421
0.069421
0.069421
0.069421
0.069397
0.069397
0.069421
0.069421
0.069421
0.069397
0.069421
0.069421
0.069421
0.069421
0.069397
0.069397
0.069421
0.069421
0.069421
0.069397
0.069397
0.069421
0.069421
0.069421
0.069397
0.069397
0.069421
0.069421
0.069421
0.069421
0.069421
0.069397
0.069397
0.069421
0.069421
0.069421
0.069397
0.069397
0.069421
0.069421
0.069421
0.069397
0.069397
0.069421
0.069421
0.069397
0.069397
0.069397
0.069421
0.069421
0.069421
0.069397
0.069397
0.069421
0.069421
0.069421
0.069397
0.069397
0.069421
0.069421
0.069421
0.069397
0.069421
0.069421
0.069446
0.069421
0.069421
0.069421
0.069446
0.069446
0.069446
0.069446
0.069446
0.069446
0.069446
0.069446
0.069471
0.069446
0.069446
0.069446
0.069446
0.069446
0.069446
0.069446
0.069446
0.069446
0.069446
0.069446
0.069446
0.069446
0.069446
0.069471
0.069446
0.069446
0.069446
0.069446
0.069471
0.069446
0.069446
0.069446
0.069446
0.069471
0.069446
0.069446
0.069446
0.069446
0.069471
0.069446
0.069446
0.069446
0.069446
0.069446
0.069471
0.069471
0.069471
0.069446
0.069446
0.069471
0.069471
0.069471
0.069446
0.069446
0.069471
0.069471
0.069495
0.069495
0.06952
0.069569
0.069594
0.069594
0.069544
0.069471
0.069421
0.069348
0.069249
0.069126
0.069028
0.068929
0.068855
0.068855
0.068904
0.068978
0.069052
0.069101
0.069151
0.069175
0.069224
0.069298
0.069348
0.069372
0.069397
0.069471
0.069471
0.069495
0.06952
0.069544
0.06952
0.06952
0.06952
0.069544
0.069544
0.069544
0.06952
0.06952
0.069544
0.069544
0.069544
0.069544
0.069544
0.069544
0.069569
0.069569
0.069544
0.069544
0.069569
0.069569
0.069569
0.069544
0.069544
0.069569
0.069569
0.069569
0.069544
0.069544
0.069544
0.069569
0.069569
0.069544
0.069544
0.069569
0.069569
0.069569
0.069594
0.069594
0.069569
0.069569
0.069594
0.069618
0.069594
0.069594
0.069594
0.069594
0.069618
0.069618
0.069594
0.069594
0.069618
0.069618
0.069618
0.069618
0.069594
0.069594
0.069618
0.069594
0.069594
0.069569
0.069569
0.069594
0.069569
0.069569
0.069544
0.069544
0.069569
0.069569
0.069544
0.069544
0.069544
0.069569
0.069569
0.069544
0.069544
0.069544
0.069544
0.069569
0.069569
0.069544
0.069544
0.069544
0.069569
0.069569
0.069544
0.069544
0.069544
0.069569
0.069569
0.069544
0.069544
0.069544
0.069569
0.069569
0.069569
0.069569
0.069569
0.069594
0.069594
0.069594
0.069594
0.069594
0.069618
0.069618
0.069618
0.069594
0.069618
0.069618
0.069618
0.069618
0.069594
0.069618
0.069618
0.069618
0.069594
0.069618
0.069594
0.069594
0.069618
0.069618
0.069594
0.069569
0.069594
0.069594
0.069594
0.069594
0.069569
0.069594
0.069594
0.069594
0.069594
0.069594
0.069594
0.069618
0.069618
0.069618
0.069594
0.069594
0.069618
0.069618
0.069618
0.069618
0.069618
0.069618
0.069618
0.069618
0.069594
0.069594
0.069618
0.069618
0.069594
0.069594
0.069594
0.069594
0.069594
0.069594
0.069569
0.069544
0.069569
0.069569
0.069594
0.069569
0.069569
0.069569
0.069569
0.069569
0.069569
0.069569
0.069569
0.069594
0.069618
0.069618
0.069643
0.069692
0.069692
0.069668
0.069594
0.069495
0.069421
0.069348
0.069249
0.069151
0.069052
0.068978
0.068978
0.069052
0.069126
0.069175
0.069224
0.069274
0.069348
0.069372
0.069421
0.069471
0.069495
0.069569
0.069594
0.069618
0.069618
0.069618
0.069618
0.069643
0.069643
0.069643
0.069618
0.069643
0.069643
0.069668
0.069643
0.069643
0.069643
0.069668
0.069668
0.069668
0.069668
0.069668
0.069692
0.069692
0.069692
0.069668
0.069692
0.069692
0.069717
0.069692
0.069692
0.069692
0.069717
0.069717
0.069717
0.069692
0.069717
0.069717
0.069741
0.069741
0.069717
0.069741
0.069741
0.069741
0.069766
0.069766
0.069766
0.069766
0.069766
0.069791
0.069791
0.069791
0.069766
0.069766
0.069791
0.069791
0.069791
0.069766
0.069766
0.069791
0.069791
0.069766
0.069741
0.069741
0.069766
0.069766
0.069741
0.069717
0.069717
0.069717
0.069741
0.069717
0.069692
0.069692
0.069717
0.069717
0.069717
0.069692
0.069692
0.069692
0.069717
0.069717
0.069717
0.069692
0.069692
0.069692
0.069717
0.069717
0.069692
0.069668
0.069668
0.069668
0.069692
0.069692
0.069668
0.069668
0.069692
0.069717
0.069741
0.069741
0.069766
0.069815
0.069865
0.069865
0.069889
0.069938
0.069988
0.070061
0.070135
0.070209
0.070308
0.070406
0.07048
0.070529
0.070505
0.070505
0.070529
0.070529
0.070332
0.070086
0.069963
0.069668
0.069643
0.069643
0.069643
0.069618
0.069594
0.069594
0.069618
0.069618
0.069618
0.069594
0.069594
0.069594
0.069594
0.069594
0.069569
0.069569
0.069569
0.069569
0.069569
0.069544
0.06952
0.06952
0.069544
0.06952
0.069495
0.069495
0.069495
0.069495
0.069495
0.069471
0.069446
0.069446
0.069446
0.069446
0.069421
0.069397
0.069397
0.069397
0.069397
0.069348
0.069323
0.069298
0.069274
0.069274
0.069274
0.069274
0.069249
0.069224
0.069249
0.069249
0.069224
0.0692
0.0692
0.0692
0.069224
0.069224
0.069224
0.069224
0.069249
0.069274
0.069298
0.069298
0.069298
0.069348
0.069372
0.069397
0.069397
0.069421
0.069446
0.069471
0.069495
0.069495
0.06952
0.069544
0.069569
0.069569
0.069569
0.069569
0.069594
0.069643
0.069643
0.069643
0.069643
0.069643
0.069643
0.069668
0.069643
0.069643
0.069643
0.069643
0.069668
0.069668
0.069643
0.069643
0.069643
0.069668
0.069668
0.069668
0.069643
0.069668
0.069668
0.069668
0.069668
0.069643
0.069668
0.069692
0.069668
0.069668
0.069668
0.069668
0.069668
0.069668
0.069668
0.069643
0.069668
0.069692
0.069692
0.069668
0.069668
0.069668
0.069668
0.069692
0.069692
0.069668
0.069668
0.069668
0.069692
0.069692
0.069692
0.069668
0.069692
0.069692
0.069717
0.069692
0.069692
0.069692
0.069717
0.069717
0.069692
0.069692
0.069692
0.069717
0.069717
0.069692
0.069692
0.069692
0.069717
0.069717
0.069717
0.069692
0.069717
0.069717
0.069717
0.069717
0.069692
0.069717
0.069741
0.069741
0.069717
0.069741
0.069741
0.069741
0.069741
0.069766
0.069766
0.069766
0.069741
0.069766
0.069766
0.069766
0.069766
0.069766
0.069766
0.069791
0.069791
0.069766
0.069766
0.069766
0.069791
0.069791
0.069766
0.069766
0.069766
0.069791
0.069791
0.069766
0.069766
0.069766
0.069791
0.069791
0.069766
0.069766
0.069766
0.069791
0.069791
0.069766
0.069766
0.069766
0.069791
0.069766
0.069791
0.069791
0.069791
0.069791
0.069791
0.069815
0.069815
0.069815
0.069791
0.069815
0.069815
0.069815
0.069815
0.069791
0.069791
0.069815
0.069815
0.069815
0.069791
0.069791
0.069815
0.069815
0.069791
0.069791
0.069791
0.069791
0.069815
0.069791
0.069791
0.069791
0.069791
0.069791
0.069889
0.069889
0.069889
0.069865
0.069815
0.069717
0.069618
0.069249
0.069101
0.069003
0.069028
0.069052
0.069126
0.0692
0.069274
0.069323
0.069372
0.069397
0.069446
0.06952
0.069618
0.069692
0.069766
0.069791
0.06984
0.069865
0.069865
0.069865
0.06984
0.06984
0.069865
0.069865
0.069865
0.06984
0.069865
0.069865
0.069889
0.069889
0.069865
0.069889
0.069889
0.069914
0.069914
0.069889
0.069889
0.069914
0.069938
0.069914
0.069938
0.069914
0.069914
0.069914
0.069914
0.069914
0.069914
0.069914
0.069914
0.069938
0.069938
0.069938
0.069938
0.069938
0.069963
0.069963
0.069963
0.069963
0.069963
0.069988
0.070012
0.070012
0.069988
0.069988
0.070012
0.070037
0.070037
0.070037
0.070037
0.070061
0.070061
0.070061
0.070061
0.070061
0.070061
0.070086
0.070061
0.070061
0.070037
0.070012
0.070012
0.070012
0.070012
0.069988
0.069963
0.069938
0.069938
0.069938
0.069938
0.069914
0.069914
0.069914
0.069914
0.069914
0.069889
0.069889
0.069914
0.069914
0.069914
0.069889
0.069889
0.069914
0.069938
0.069938
0.069914
0.069914
0.069914
0.069938
0.069938
0.069914
0.069914
0.069938
0.069938
0.069938
0.069938
0.069938
0.069938
0.069963
0.069938
0.069963
0.069963
0.069938
0.069938
0.069938
0.069963
0.069963
0.069938
0.069938
0.069938
0.069963
0.069963
0.069938
0.069938
0.069938
0.069963
0.069963
0.069938
0.069963
0.069988
0.070037
0.070061
0.070061
0.070037
0.070012
0.069938
0.069865
0.069741
0.069643
0.06952
0.069446
0.069323
0.069249
0.069298
0.069397
0.069495
0.06952
0.069569
0.069618
0.069668
0.069815
0.069865
0.069914
0.069914
0.069889
0.069889
0.069914
0.069938
0.069914
0.069914
0.069914
0.069938
0.069938
0.069938
0.069938
0.069938
0.069938
0.069963
0.069963
0.069938
0.069938
0.069938
0.069963
0.069963
0.069963
0.069963
0.069963
0.069988
0.069988
0.069988
0.069988
0.069988
0.070012
0.070012
0.069988
0.069988
0.070012
0.070037
0.070012
0.070012
0.070012
0.070012
0.069988
0.070012
0.070012
0.070012
0.070012
0.070012
0.070012
0.070037
0.070037
0.070037
0.070012
0.070037
0.070037
0.070037
0.070037
0.070012
0.070037
0.070037
0.070037
0.070012
0.070012
0.070012
0.070012
0.070012
0.069988
0.069988
0.069988
0.069988
0.069988
0.069988
0.069963
0.069988
0.069988
0.069988
0.069988
0.069963
0.069963
0.069988
0.069963
0.069988
0.069988
0.069988
0.069963
0.069988
0.069988
0.069988
0.069963
0.069963
0.069963
0.069988
0.069988
0.069963
0.069963
0.069963
0.069988
0.069988
0.069963
0.069963
0.069963
0.069963
0.069988
0.069988
0.069963
0.069988
0.069988
0.070012
0.070012
0.069988
0.070012
0.070012
0.070012
0.070012
0.070012
0.070012
0.070037
0.070037
0.070037
0.070061
0.070061
0.069988
0.069914
0.06984
0.069741
0.069618
0.06952
0.069446
0.069372
0.069372
0.069421
0.069495
0.069569
0.069594
0.069643
0.069692
0.069741
0.069791
0.06984
0.069865
0.069865
0.069889
0.069914
0.069938
0.069938
0.069963
0.069963
0.069988
0.069988
0.070012
0.070012
0.069988
0.070012
0.070012
0.070012
0.070012
0.070012
0.070012
0.070012
0.070037
0.070037
0.070061
0.070037
0.070037
0.070037
0.070061
0.070061
0.070037
0.070037
0.070037
0.070037
0.070061
0.070037
0.070037
0.070037
0.070037
0.070061
0.070037
0.070037
0.070037
0.070061
0.070061
0.070061
0.070061
0.070061
0.070086
0.070086
0.070086
0.070086
0.070086
0.070086
0.070111
0.070111
0.070086
0.070086
0.070111
0.070111
0.070111
0.070086
0.070086
0.070061
0.070061
0.070061
0.070061
0.070061
0.070037
0.070037
0.070037
0.070037
0.070037
0.070037
0.070012
0.070037
0.070061
0.070037
0.070037
0.070037
0.070037
0.070061
0.070037
0.070037
0.070037
0.070061
0.070061
0.070061
0.070037
0.070037
0.070061
0.070061
0.070061
0.070037
0.070037
0.070061
0.070061
0.070061
0.070037
0.070037
0.070061
0.070061
0.070061
0.070061
0.070061
0.070061
0.070061
0.070061
0.070086
0.070061
0.070061
0.070061
0.070061
0.070061
0.070061
0.070061
0.070061
0.070061
0.070086
0.070086
0.070061
0.070061
0.070061
0.070086
0.070061
0.070061
0.070061
0.070061
0.070086
0.070086
0.070061
0.070061
0.070061
0.070086
0.070061
0.070061
0.070061
0.070061
0.070086
0.070086
0.070061
0.070061
0.070086
0.070086
0.070111
0.070111
0.070111
0.070111
0.070086
0.070111
0.070111
0.070111
0.070111
0.070111
0.070111
0.070111
0.070111
0.070111
0.070111
0.070111
0.070111
0.070111
0.070111
0.070111
0.070111
0.070111
0.070111
0.070111
0.070111
0.070111
0.070111
0.070111
0.070111
0.070086
0.070111
0.070111
0.070111
0.070111
0.070111
0.070111
0.070111
0.070111
0.070111
0.070111
0.070111
0.070086
0.070111
0.070111
0.070111
0.070086
0.070086
0.070111
0.070111
0.070111
0.070086
0.070086
0.070086
0.070111
0.070111
0.070086
0.070086
0.070111
0.070135
0.07016
0.07016
0.070209
0.070209
0.070209
0.07016
0.070111
0.070037
0.069963
0.069865
0.069766
0.069643
0.06952
0.069471
0.06952
0.069569
0.069643
0.069692
0.069741
0.069791
0.070012
0.070061
0.070061
0.070061
0.070086
0.070111
0.070135
0.070135
0.070135
0.070135
0.07016
0.07016
0.070135
0.070135
0.07016
0.07016
0.07016
0.07016
0.07016
0.07016
0.07016
0.070185
0.07016
0.07016
0.07016
0.070185
0.070185
0.070185
0.070185
0.070185
0.070209
0.070209
0.070185
0.070185
0.070185
0.070209
0.070209
0.070185
0.070185
0.070185
0.070185
0.070185
0.070209
0.070209
0.070209
0.070209
0.070209
0.070234
0.070234
0.070209
0.070209
0.070234
0.070234
0.070234
0.070234
0.070209
0.070234
0.070234
0.070234
0.070234
0.070234
0.070234
0.070234
0.070234
0.070209
0.070185
0.070185
0.070209
0.070209
0.070185
0.07016
0.07016
0.070185
0.070185
0.07016
0.07016
0.07016
0.07016
0.07016
0.07016
