2018
5
17
11
28
8.2611
0.071809
0.071859
0.071883
0.071834
0.07176
0.071711
0.071637
0.071539
0.071415
0.071268
0.071145
0.071046
0.071046
0.071071
0.071145
0.071218
0.071292
0.071366
0.071415
0.071465
0.071514
0.071563
0.071612
0.071637
0.071662
0.071662
0.071686
0.071711
0.071735
0.071735
0.071735
0.07176
0.071785
0.07176
0.07176
0.07176
0.071785
0.071785
0.071785
0.07176
0.071809
0.071785
0.071785
0.071809
0.071834
0.071834
0.071809
0.071809
0.071834
0.071859
0.071859
0.071834
0.071834
0.071859
0.071859
0.071859
0.071859
0.071834
0.071859
0.071883
0.071883
0.071859
0.071859
0.071859
0.071883
0.071883
0.071859
0.071834
0.071859
0.071883
0.071883
0.071859
0.071859
0.071883
0.071908
0.071908
0.071883
0.071883
0.071908
0.071932
0.071883
0.071908
0.071908
0.071883
0.071859
0.071859
0.071859
0.071859
0.071834
0.071809
0.071809
0.071834
0.071834
0.071809
0.071785
0.071809
0.071809
0.071809
0.071809
0.071785
0.071785
0.071809
0.071809
0.071785
0.071785
0.071809
0.071834
0.071834
0.071809
0.071809
0.071809
0.071834
0.071834
0.071809
0.071785
0.071809
0.071809
0.071809
0.071785
0.071785
0.071785
0.071785
0.071785
0.071809
0.071809
0.071785
0.071785
0.071785
0.071809
0.071809
0.071785
0.071785
0.071785
0.071809
0.071809
0.071785
0.071785
0.071785
0.071809
0.071809
0.071785
0.07176
0.071785
0.071785
0.071785
0.07176
0.07176
0.07176
0.071785
0.071785
0.07176
0.071735
0.07176
0.071785
0.07176
0.07176
0.071735
0.07176
0.071785
0.071785
0.071785
0.071785
0.07176
0.07176
0.07176
0.071785
0.071785
0.071785
0.07176
0.071785
0.071809
0.071809
0.071785
0.071785
0.071785
0.071809
0.071809
0.071809
0.071809
0.071859
0.071908
0.071932
0.071908
0.071859
0.071785
0.071735
0.071637
0.071514
0.071391
0.071317
0.071268
0.071169
0.071145
0.071218
0.071292
0.071391
0.071415
0.071465
0.071489
0.071563
0.071686
0.071735
0.071785
0.071785
0.07176
0.07176
0.071785
0.071809
0.071834
0.071809
0.071785
0.071809
0.071809
0.071809
0.071809
0.071785
0.071809
0.071834
0.071834
0.071834
0.071809
0.071809
0.071834
0.071859
0.071834
0.071809
0.071834
0.071859
0.071883
0.071859
0.071859
0.071859
0.071883
0.071908
0.071883
0.071883
0.071883
0.071908
0.071908
0.071908
0.071932
0.071908
0.071908
0.071908
0.071932
0.071932
0.071932
0.071932
0.071932
0.071957
0.071982
0.071982
0.071957
0.071982
0.072006
0.072006
0.071982
0.071982
0.071982
0.072006
0.072006
0.071982
0.071957
0.071957
0.071982
0.071982
0.071957
0.071932
0.071932
0.071957
0.071957
0.071957
0.071932
0.071932
0.071957
0.071982
0.071957
0.071957
0.071957
0.071982
0.071957
0.071982
0.072006
0.071982
0.071957
0.071957
0.071982
0.071982
0.071957
0.071957
0.071957
0.071957
0.071982
0.071957
0.071932
0.071932
0.071957
0.071982
0.071957
0.071957
0.071957
0.071957
0.071982
0.071957
0.071932
0.071957
0.071982
0.071982
0.071982
0.071957
0.071957
0.071982
0.071982
0.071982
0.071957
0.071957
0.071982
0.071982
0.071982
0.071957
0.071957
0.071932
0.071932
0.071957
0.071957
0.071957
0.071932
0.071932
0.071957
0.071957
0.071957
0.071932
0.071932
0.071957
0.071957
0.071957
0.071932
0.071932
0.071957
0.071957
0.071932
0.071932
0.071932
0.071932
0.071957
0.071957
0.071957
0.071957
0.072006
0.072031
0.072055
0.072031
0.071982
0.071932
0.071883
0.071785
0.071662
0.071563
0.071514
0.07144
0.071539
0.071612
0.071612
0.071637
0.071686
0.071735
0.071809
0.071834
0.071859
0.071883
0.071932
0.071957
0.071957
0.071932
0.071932
0.071982
0.071982
0.071982
0.071982
0.071982
0.071982
0.072006
0.072006
0.071982
0.071957
0.071982
0.072006
0.071982
0.071982
0.071982
0.071982
0.072006
0.072006
0.072006
0.072006
0.072031
0.072031
0.072031
0.072006
0.072006
0.072006
0.072006
0.072031
0.072031
0.072031
0.072006
0.072006
0.072006
0.072031
0.072006
0.071982
0.071982
0.072006
0.072006
0.072006
0.071982
0.071982
0.072006
0.072031
0.072006
0.072006
0.072006
0.072006
0.072031
0.072031
0.072006
0.072006
0.072031
0.072031
0.072031
0.072006
0.071982
0.072006
0.072006
0.072006
0.071982
0.071957
0.071957
0.071957
0.071957
0.071957
0.071932
0.071932
0.071908
0.071932
0.071957
0.071957
0.071932
0.071908
0.071932
0.071957
0.071932
0.071932
0.071908
0.071932
0.071957
0.071932
0.071932
0.071908
0.071932
0.071957
0.071932
0.071908
0.071908
0.071932
0.071932
0.071932
0.071908
0.071908
0.071908
0.071932
0.071932
0.071908
0.071908
0.071932
0.071957
0.071932
0.071932
0.071908
0.071932
0.071908
0.071908
0.071932
0.071957
0.071932
0.071957
0.072006
0.072055
0.072031
0.072006
0.071957
0.071908
0.071859
0.07176
0.071612
0.071465
0.071366
0.071268
0.071218
0.071218
0.071268
0.071366
0.07144
0.071489
0.071539
0.071588
0.071662
0.071735
0.07176
0.071785
0.071809
0.071834
0.071883
0.071883
0.071883
0.071908
0.071932
0.071957
0.071932
0.071932
0.071957
0.071932
0.071932
0.071932
0.071957
0.071957
0.071932
0.071932
0.071932
0.071957
0.071957
0.071957
0.071957
0.071982
0.072006
0.072006
0.072006
0.072006
0.072006
0.072031
0.072031
0.072031
0.072006
0.072031
0.072055
0.072055
0.072031
0.072006
0.072031
0.072055
0.072055
0.072031
0.072031
0.072031
0.072055
0.072055
0.072055
0.072031
0.072055
0.07208
0.072055
0.07208
0.07208
0.072055
0.072055
0.072055
0.072055
0.072055
0.072031
0.072031
0.072031
0.072031
0.072031
0.072006
0.072006
0.072006
0.072031
0.072031
0.072006
0.071982
0.071982
0.072006
0.072006
0.072006
0.071982
0.071982
0.072006
0.072006
0.071982
0.071957
0.071982
0.071982
0.072006
0.071982
0.071957
0.071957
0.071982
0.071982
0.071957
0.071957
0.071957
0.071932
0.071932
0.071957
0.071982
0.071957
0.071932
0.071932
0.071957
0.071957
0.071957
0.071932
0.071932
0.071957
0.071982
0.071957
0.071957
0.071957
0.071982
0.071982
0.071982
0.071982
0.072006
0.07208
0.072105
0.072055
0.072006
0.071982
0.071932
0.071834
0.071711
0.071563
0.071465
0.071366
0.071292
0.071268
0.071317
0.071415
0.071514
0.071563
0.071809
0.071834
0.071859
0.071883
0.071932
0.071957
0.071982
0.071982
0.071982
0.072006
0.072031
0.072055
0.072031
0.072006
0.072031
0.072055
0.072055
0.072031
0.072006
0.072006
0.072031
0.072055
0.072031
0.072031
0.072031
0.072055
0.072055
0.072055
0.072055
0.072055
0.07208
0.072105
0.072105
0.07208
0.072105
0.072129
0.072129
0.072129
0.072105
0.072105
0.072129
0.072129
0.072154
0.072154
0.072154
0.072129
0.072154
0.072154
0.072179
0.072154
0.072154
0.072154
0.072179
0.072179
0.072179
0.072154
0.072154
0.072179
0.072179
0.072179
0.072154
0.072129
0.072154
0.072154
0.072129
0.072105
0.072105
0.072105
0.072129
0.072105
0.07208
0.07208
0.072105
0.072105
0.07208
0.07208
0.072055
0.07208
0.07208
0.07208
0.072105
0.07208
0.07208
0.07208
0.07208
0.072105
0.07208
0.072055
0.072055
0.07208
0.07208
0.07208
0.072055
0.072055
0.07208
0.07208
0.07208
0.072055
0.072055
0.072055
0.07208
0.072055
0.072031
0.072055
0.072055
0.07208
0.072055
0.072055
0.072055
0.072055
0.07208
0.07208
0.072055
0.072055
0.072055
0.07208
0.07208
0.072055
0.072055
0.07208
0.072055
0.072055
0.07208
0.07208
0.072055
0.072055
0.072055
0.07208
0.07208
0.072055
0.072055
0.072055
0.07208
0.072055
0.072055
0.072055
0.072055
0.07208
0.07208
0.072055
0.072055
0.07208
0.07208
0.07208
0.07208
0.072055
0.07208
0.072105
0.07208
0.072055
0.072055
0.07208
0.07208
0.07208
0.072055
0.072055
0.07208
0.072105
0.07208
0.07208
0.072105
0.07208
0.07208
0.07208
0.072105
0.07208
0.07208
0.07208
0.07208
0.072105
0.07208
0.07208
0.072055
0.07208
0.07208
0.07208
0.072055
0.072055
0.07208
0.07208
0.07208
0.072055
0.072055
0.07208
0.07208
0.07208
0.072055
0.072055
0.07208
0.07208
0.07208
0.07208
0.07208
0.072105
0.072129
0.072179
0.072179
0.072203
0.072203
0.072179
0.071809
0.071711
0.071588
0.071465
0.071391
0.071415
0.071514
0.071588
0.071637
0.071662
0.071735
0.071809
0.071859
0.071883
0.071908
0.071957
0.072006
0.072055
0.072031
0.072031
0.072055
0.072105
0.072105
0.072105
0.072105
0.072105
0.072129
0.072129
0.072105
0.072105
0.072129
0.072154
0.072129
0.072129
0.072129
0.072129
0.072154
0.072154
0.072154
0.072129
0.072154
0.072179
0.072179
0.072179
0.072179
0.072154
0.072179
0.072203
0.072179
0.072179
0.072179
0.072179
0.072203
0.072203
0.072179
0.072179
0.072203
0.072228
0.072228
0.072203
0.072203
0.072228
0.072228
0.072228
0.072228
0.072203
0.072228
0.072252
0.072252
0.072228
0.072203
0.072228
0.072252
0.072252
0.072228
0.072203
0.072228
0.072228
0.072228
0.072203
0.072203
0.072179
0.072179
0.072179
0.072203
0.072203
0.072179
0.072154
0.072179
0.072179
0.072179
0.072154
0.072154
0.072154
0.072154
0.072154
0.072154
0.072129
0.072129
0.072154
0.072154
0.072129
0.072129
0.072129
0.072129
0.072129
0.072105
0.072105
0.072105
0.072105
0.072105
0.07208
0.072055
0.07208
0.072105
0.072105
0.07208
0.072055
0.07208
0.07208
0.07208
0.07208
0.072055
0.072031
0.072055
0.07208
0.07208
0.072031
0.072031
0.072031
0.072055
0.072055
0.072031
0.072006
0.072031
0.072031
0.072031
0.072031
0.072006
0.072031
0.072031
0.072055
0.072031
0.072031
0.072031
0.072055
0.072055
0.072031
0.072031
0.072031
0.072055
0.072055
0.072031
0.072031
0.072031
0.072055
0.072055
0.072055
0.072031
0.072055
0.072055
0.072055
0.07208
0.07208
0.07208
0.072055
0.072055
0.07208
0.072105
0.07208
0.072055
0.07208
0.07208
0.072105
0.07208
0.07208
0.07208
0.072105
0.072105
0.07208
0.07208
0.07208
0.072105
0.072105
0.072105
0.072105
0.072105
0.072154
0.072203
0.072203
0.072154
0.072105
0.072055
0.072006
0.071883
0.07176
0.071662
0.071588
0.071514
0.07144
0.071686
0.071711
0.071735
0.071785
0.071859
0.071932
0.071932
0.071932
0.071982
0.072031
0.072055
0.072031
0.072031
0.072055
0.07208
0.07208
0.07208
0.072055
0.072055
0.07208
0.072105
0.072105
0.07208
0.07208
0.072105
0.072129
0.072105
0.072105
0.072105
0.072129
0.072129
0.072129
0.072105
0.072129
0.072154
0.072154
0.072154
0.072129
0.072129
0.072154
0.072179
0.072179
0.072179
0.072154
0.072154
0.072179
0.072179
0.072179
0.072154
0.072179
0.072203
0.072203
0.072203
0.072179
0.072179
0.072203
0.072228
0.072228
0.072203
0.072203
0.072228
0.072252
0.072228
0.072228
0.072228
0.072252
0.072252
0.072228
0.072203
0.072203
0.072228
0.072228
0.072203
0.072179
0.072179
0.072203
0.072203
0.072179
0.072179
0.072154
0.072154
0.072154
0.072179
0.072179
0.072179
0.072154
0.072154
0.072154
0.072179
0.072179
0.072154
0.072129
0.072154
0.072179
0.072154
0.072129
0.072129
0.072129
0.072154
0.072129
0.072129
0.072105
0.072129
0.072129
0.072129
0.072105
0.07208
0.072105
0.072105
0.072105
0.07208
0.07208
0.07208
0.072105
0.072105
0.07208
0.07208
0.07208
0.072105
0.07208
0.07208
0.07208
0.072055
0.072055
0.072055
0.07208
0.072055
0.072031
0.072031
0.072055
0.07208
0.072055
0.072031
0.072031
0.072055
0.072055
0.072055
0.072031
0.072031
0.072031
0.072055
0.072055
0.072031
0.072031
0.072055
0.07208
0.072055
0.072031
0.072031
0.072055
0.07208
0.072105
0.072105
0.072154
0.072179
0.072179
0.072129
0.072055
0.071982
0.071908
0.071465
0.071415
0.07144
0.071514
0.071563
0.071612
0.071662
0.071735
0.071785
0.071834
0.071883
0.071932
0.071982
0.072031
0.072031
0.072031
0.072055
0.07208
0.072105
0.072105
0.072105
0.072105
0.072129
0.072129
0.072105
0.072105
0.072105
0.072129
0.072129
0.072105
0.072105
0.072105
0.072129
0.072129
0.072105
0.072105
0.072129
0.072154
0.072154
0.072129
0.072154
0.072154
0.072154
0.072154
0.072179
0.072179
0.072154
0.072154
0.072154
0.072179
0.072179
0.072154
0.072154
0.072179
0.072203
0.072203
0.072203
0.072203
0.072203
0.072228
0.072228
0.072228
0.072203
0.072228
0.072252
0.072252
0.072252
0.072228
0.072252
0.072277
0.072277
0.072252
0.072228
0.072252
0.072252
0.072252
0.072228
0.072203
0.072228
0.072228
0.072203
0.072228
0.072203
0.072179
0.072179
0.072203
0.072203
0.072203
0.072203
0.072179
0.072203
0.072228
0.072228
0.072203
0.072203
0.072203
0.072228
0.072228
0.072203
0.072203
0.072228
0.072252
0.072252
0.072228
0.072203
0.072228
0.072252
0.072252
0.072228
0.072203
0.072228
0.072252
0.072252
0.072228
0.072228
0.072228
0.072252
0.072252
0.072228
0.072228
0.072228
0.072203
0.072203
0.072228
0.072228
0.072203
0.072179
0.072203
0.072203
0.072203
0.072179
0.072179
0.072179
0.072179
0.072179
0.072154
0.072154
0.072154
0.072179
0.072179
0.072154
0.072129
0.072129
0.072154
0.072154
0.072129
0.072129
0.072129
0.072154
0.072154
0.072129
0.072105
0.072129
0.072129
0.072129
0.072105
0.072105
0.072105
0.072129
0.072129
0.072129
0.072129
0.072105
0.072105
0.072105
0.072129
0.072129
0.072105
0.07208
0.072105
0.072129
0.072129
0.072105
0.072105
0.072105
0.072129
0.072129
0.072105
0.072105
0.072105
0.072129
0.072129
0.072105
0.072105
0.072105
0.072129
0.072129
0.072105
0.072105
0.072105
0.072129
0.072129
0.072105
0.07208
0.072105
0.072105
0.072105
0.072105
0.07208
0.07208
0.07208
0.07208
0.072105
0.072105
0.07208
0.07208
0.07208
0.072105
0.072105
0.07208
0.07208
0.07208
0.072105
0.072105
0.072105
0.07208
0.07208
0.072105
0.072129
0.072105
0.07208
0.072105
0.072129
0.072129
0.072129
0.072129
0.072179
0.072228
0.072277
0.072277
0.072252
0.072203
0.072179
0.072105
0.072006
0.071834
0.071711
0.071686
0.071563
0.071514
0.071735
0.07176
0.071809
0.071834
0.071932
0.071982
0.072006
0.072031
0.07208
0.072105
0.072129
0.072129
0.072129
0.072154
0.072179
0.072203
0.072179
0.072179
0.072179
0.072203
0.072203
0.072203
0.072179
0.072203
0.072203
0.072228
0.072203
0.072179
0.072179
0.072203
0.072228
0.072203
0.072203
0.072203
0.072228
0.072228
0.072228
0.072203
0.072228
0.072228
0.072228
0.072252
0.072252
0.072252
0.072228
0.072228
0.072252
0.072277
0.072252
0.072252
0.072252
0.072277
0.072277
0.072277
0.072277
0.072277
0.072302
0.072302
0.072302
0.072277
0.072277
0.072302
0.072326
0.072302
0.072277
0.072277
0.072302
0.072302
0.072302
0.072277
0.072277
0.072277
0.072302
0.072277
0.072252
0.072228
0.072252
0.072252
0.072252
0.072228
0.072228
0.072228
0.072228
0.072228
0.072252
0.072252
0.072228
0.072228
0.072252
0.072252
0.072252
0.072228
0.072228
0.072252
0.072277
0.072252
0.072252
0.072252
0.072252
0.072277
0.072252
0.072252
0.072252
0.072252
0.072277
0.072277
0.072252
0.072252
0.072277
0.072277
0.072277
0.072252
0.072252
0.072277
0.072277
0.072277
0.072277
0.072252
0.072277
0.072302
0.072302
0.072302
0.072302
0.072277
0.072277
0.072302
0.072302
0.072302
0.072302
0.072277
0.072302
0.072326
0.072302
0.072302
0.072302
0.072302
0.072326
0.072326
0.072302
0.072302
0.072302
0.072326
0.072326
0.072302
0.072302
0.072326
0.072326
0.072326
0.072302
0.072302
0.072326
0.072351
0.072326
0.072326
0.072302
0.072326
0.072351
0.072351
0.072326
0.072326
0.072326
0.072326
0.072351
0.072351
0.072326
0.072326
0.072326
0.072351
0.072351
0.072326
0.072326
0.072351
0.072351
0.072351
0.072326
0.072326
0.072351
0.072375
0.072375
0.072351
0.072351
0.072351
0.072375
0.072375
0.072351
0.072351
0.072351
0.072375
0.072375
0.072351
0.072351
0.072375
0.072375
0.072375
0.072375
0.072351
0.072375
0.0724
0.0724
0.072375
0.0724
0.0724
0.072375
0.0724
0.072425
0.072425
0.0724
0.0724
0.0724
0.072425
0.072425
0.072425
0.0724
0.072425
0.072449
0.072449
0.072425
0.072425
0.072425
0.072449
0.072449
0.072425
0.072425
0.072425
0.072449
0.072449
0.072425
0.072351
0.072449
0.072474
0.072449
0.0724
0.072351
0.072326
0.072277
0.072179
0.07208
0.071982
0.071883
0.071735
0.071391
0.071391
0.07144
0.071465
0.071539
0.071588
0.071686
0.071785
0.071859
0.071957
0.072055
0.072179
0.072252
0.072302
0.072326
0.072375
0.0724
0.072425
0.072425
0.072449
0.072474
0.072499
0.072523
0.072523
0.072523
0.072548
0.072572
0.072597
0.072572
0.072572
0.072597
0.072622
0.072622
0.072622
0.072597
0.072622
0.072646
0.072646
0.072646
0.072622
0.072646
0.072646
0.072646
0.072671
0.072671
0.072671
0.072646
0.072671
0.072696
0.072696
0.072671
0.072671
0.072696
0.07272
0.07272
0.07272
0.07272
0.072745
0.072769
0.072794
0.072769
0.072769
0.072794
0.072819
0.072843
0.072843
0.072843
0.072843
0.072868
0.072892
0.072868
0.072843
0.072868
0.072868
0.072868
0.072843
0.072819
0.072794
0.072794
0.072769
0.072671
0.072646
0.072622
0.072597
0.072572
0.072572
0.072572
0.072548
0.072523
0.072523
0.072523
0.072523
0.072499
0.072474
0.072474
0.072499
0.072499
0.072474
0.072449
0.072449
0.072474
0.072474
0.072474
0.072449
0.072449
0.072474
0.072474
0.072449
0.072449
0.072449
0.072449
0.072474
0.072449
0.072449
0.072449
0.072449
0.072474
0.072449
0.072425
0.072425
0.072449
0.072449
0.072449
0.072474
0.072449
0.072425
0.072425
0.072449
0.072474
0.072449
0.072425
0.072449
0.072449
0.072474
0.072449
0.072425
0.072449
0.072449
0.072474
0.072449
0.072449
0.072449
0.072474
0.072474
0.072474
0.072449
0.072449
0.072474
0.072499
0.072474
0.072449
0.072449
0.072474
0.072474
0.072474
0.072449
0.072449
0.072474
0.072474
0.072449
0.072474
0.072449
0.072449
0.072449
0.072474
0.072449
0.072425
0.072425
0.072449
0.072474
0.072449
0.072449
0.072449
0.072474
0.072474
0.072474
0.072449
0.072474
0.072523
0.072548
0.072572
0.072548
0.072499
0.072449
0.0724
0.072302
0.072203
0.07208
0.072006
0.071957
0.071859
0.071834
0.071908
0.071982
0.072055
0.07208
0.072105
0.072154
0.072203
0.072277
0.0724
0.072425
0.072425
0.0724
0.072425
0.072449
0.072474
0.072474
0.072449
0.072449
0.072474
0.072499
0.072499
0.072474
0.072474
0.072474
0.072499
0.072474
0.072474
0.072474
0.072499
0.072499
0.072499
0.072499
0.072499
0.072499
0.072523
0.072523
0.072523
0.072523
0.072523
0.072548
0.072548
0.072523
0.072523
0.072523
0.072548
0.072548
0.072523
0.072523
0.072523
0.072523
0.072523
0.072548
0.072548
0.072523
0.072523
0.072548
0.072572
0.072572
0.072548
0.072548
0.072572
0.072597
0.072597
0.072572
0.072572
0.072597
0.072597
0.072597
0.072572
0.072572
0.072572
0.072597
0.072572
0.072548
0.072548
0.072548
0.072548
0.072548
0.072523
0.072523
0.072523
0.072523
0.072523
0.072523
0.072499
0.072523
0.072523
0.072523
0.072523
0.072523
0.072499
0.072474
0.072499
0.072523
0.072499
0.072499
0.072474
0.072499
0.072499
0.072499
0.072474
0.072474
0.072474
0.072499
0.072499
0.072474
0.072449
0.072474
0.072499
0.072474
0.072474
0.072449
0.072474
0.072474
0.072474
0.072449
0.072449
0.072474
0.072474
0.072474
0.072474
0.072449
0.072474
0.072499
0.072499
0.072474
0.072474
0.072474
0.072474
0.072499
0.072499
0.072499
0.072499
0.072474
0.072499
0.072523
0.072523
0.072499
0.072474
0.072499
0.072523
0.072523
0.072499
0.072474
0.072499
0.072523
0.072499
0.072499
0.072474
0.072499
0.072523
0.072499
0.072474
0.072474
0.072474
0.072499
0.072499
0.072474
0.072474
0.072474
0.072499
0.072499
0.072474
0.072474
0.072474
0.072499
0.072474
0.072474
0.072474
0.072449
0.072474
0.072499
0.072499
0.072474
0.072474
0.072474
0.072499
0.072499
0.072499
0.072474
0.072474
0.072499
0.072499
0.072499
0.072474
0.072474
0.072499
0.072499
0.072474
0.072474
0.072474
0.072499
0.072499
0.072474
0.072474
0.072474
0.072499
0.072499
0.072474
0.072474
0.072474
0.072499
0.072499
0.072474
0.072474
0.072474
0.072499
0.072499
0.072499
0.072499
0.072474
0.072474
0.072474
0.072499
0.072499
0.072474
0.072474
0.072499
0.072548
0.072572
0.072597
0.072597
0.072572
0.072548
0.072499
0.0724
0.072302
0.072203
0.072105
0.071982
0.071859
0.071809
0.071859
0.071932
0.072006
0.072055
0.07208
0.072129
0.072179
0.072252
0.072277
0.072302
0.072351
0.072425
0.072449
0.072425
0.072425
0.072449
0.072499
0.072523
0.072523
0.072523
0.072499
0.072499
0.072523
0.072523
0.072499
0.072499
0.072499
0.072523
0.072523
0.072499
0.072499
0.072499
0.072523
0.072523
0.072499
0.072499
0.072499
0.072523
0.072523
0.072523
0.072499
0.072499
0.072523
0.072523
0.072523
0.072499
0.072499
0.072523
0.072523
0.072523
0.072499
0.072523
0.072523
0.072548
0.072548
0.072523
0.072572
0.072572
0.072572
0.072597
0.072597
0.072597
0.072572
0.072572
0.072597
0.072597
0.072597
0.072572
0.072572
0.072597
0.072597
0.072572
0.072548
0.072548
0.072548
0.072548
0.072523
0.072499
0.072499
0.072523
0.072523
0.072499
0.072499
0.072499
0.072499
0.072523
0.072499
0.072474
0.072474
0.072499
0.072523
0.072499
0.072474
0.072474
0.072499
0.072523
0.072523
0.072523
0.072523
0.072499
0.072499
0.072523
0.072523
0.072499
0.072499
0.072499
0.072499
0.072523
0.072499
0.072499
0.072499
0.072499
0.072523
0.072499
0.072499
0.072499
0.072499
0.072523
0.072499
0.072499
0.072499
0.072499
0.072523
0.072523
0.072499
0.072499
0.072499
0.072523
0.072499
0.072499
0.072474
0.072499
0.072523
0.072499
0.072499
0.072499
0.072499
0.072499
0.072523
0.072499
0.072499
0.072474
0.072499
0.072523
0.072499
0.072474
0.072474
0.072499
0.072499
0.072499
0.072474
0.072474
0.072474
0.072499
0.072474
0.072449
0.072449
0.072474
0.072474
0.072474
0.072449
0.072449
0.072474
0.072474
0.072449
0.072449
0.072425
0.072449
0.072474
0.072449
0.072425
0.072425
0.072449
0.072474
0.072449
0.072425
0.072449
0.072425
0.072425
0.072449
0.072474
0.072449
0.072425
0.072425
0.072449
0.072474
0.072449
0.072425
0.072425
0.072449
0.072474
0.072449
0.072449
0.072425
0.072449
0.072449
0.072449
0.072425
0.072425
0.072449
0.072449
0.072449
0.072425
0.072425
0.072425
0.072449
0.072449
0.072425
0.0724
0.072425
0.072425
0.072425
0.0724
0.0724
0.0724
0.072425
0.072425
0.072425
0.072425
0.0724
0.0724
0.072425
0.072425
0.072425
0.0724
0.0724
0.072425
0.072425
0.072351
0.072425
0.072425
0.072425
0.0724
0.072375
0.072326
0.072252
0.072203
0.072129
0.072055
0.071932
0.07176
0.071612
0.071514
0.07144
0.071342
0.071317
0.071342
0.071415
0.071465
0.071489
0.071563
0.071662
0.071785
0.071883
0.071982
0.07208
0.072326
0.072326
0.072375
0.072425
0.072425
0.072425
0.072425
0.072474
0.072499
0.072523
0.072523
0.072499
0.072523
0.072548
0.072548
0.072523
0.072523
0.072548
0.072572
0.072572
0.072572
0.072548
0.072572
0.072597
0.072597
0.072572
0.072572
0.072597
0.072597
0.072597
0.072597
0.072572
0.072597
0.072622
0.072622
0.072622
0.072622
0.072622
0.072646
0.072646
0.072671
0.072696
0.072671
0.072671
0.072696
0.072745
0.072745
0.072745
0.072745
0.072794
0.072819
0.072819
0.072819
0.072819
0.072819
0.072843
0.072843
0.072819
0.072819
0.072819
0.072843
0.072819
0.072794
0.072769
0.072745
0.072745
0.07272
0.072696
0.072646
0.072646
0.072622
0.072622
0.072572
0.072548
0.072548
0.072548
0.072523
0.072499
0.072499
0.072474
0.072449
0.072474
0.072474
0.072474
0.072474
0.072449
0.072449
0.072474
0.072474
0.072474
0.072449
0.072449
0.072474
0.072474
0.072474
0.072449
0.072474
0.072499
0.072499
0.072474
0.072449
0.072474
0.072474
0.072499
0.072474
0.072449
0.072474
0.072499
0.072499
0.072474
0.072449
0.072474
0.072499
0.072499
0.072474
0.072474
0.072474
0.072499
0.072499
0.072474
0.072499
0.072474
0.072474
0.072474
0.072499
0.072499
0.072474
0.072449
0.072474
0.072474
0.072499
0.072474
0.072449
0.072449
0.072474
0.072474
0.072449
0.072449
0.072449
0.072474
0.072474
0.072449
0.072425
0.072449
0.072474
0.072474
0.072449
0.072449
0.072449
0.072474
0.072474
0.072449
0.072449
0.072449
0.072474
0.072474
0.072474
0.072449
0.072449
0.072474
0.072474
0.072499
0.072523
0.072523
0.072523
0.072548
0.072597
0.072597
0.072548
0.072474
0.0724
0.072326
0.072252
0.072129
0.072006
0.071932
0.071883
0.071883
0.071932
0.072006
0.07208
0.072129
0.072179
0.072203
0.072228
0.072302
0.072351
0.072375
0.0724
0.072425
0.072449
0.072449
0.072474
0.072474
0.072474
0.072474
0.072499
0.072523
0.072499
0.072499
0.072523
0.072523
0.072548
0.072548
0.072548
0.072548
0.072548
0.072572
0.072572
0.072572
0.072548
0.072572
0.072572
0.072597
0.072597
0.072572
0.072597
0.072597
0.072622
0.072597
0.072597
0.072597
0.072622
0.072622
0.072597
0.072597
0.072597
0.072597
0.072622
0.072597
0.072572
0.072572
0.072597
0.072622
0.072622
0.072597
0.072597
0.072622
0.072646
0.072622
0.072646
0.072622
0.072622
0.072622
0.072646
0.072622
0.072597
0.072597
0.072622
0.072622
0.072597
0.072572
0.072572
0.072597
0.072597
0.072597
0.072572
0.072548
0.072572
0.072597
0.072597
0.072572
0.072572
0.072597
0.072597
0.072597
0.072572
0.072572
0.072572
0.072597
0.072597
0.072572
0.072572
0.072572
0.072597
0.072572
0.072548
0.072548
0.072572
0.072572
0.072572
0.072572
0.072572
0.072548
0.072548
0.072548
0.072572
0.072572
0.072548
0.072548
0.072548
0.072572
0.072572
0.072548
0.072548
0.072572
0.072572
0.072572
0.072548
0.072548
0.072572
0.072572
0.072572
0.072548
0.072548
0.072572
0.072572
0.072572
0.072548
0.072548
0.072572
0.072572
0.072572
0.072548
0.072548
0.072548
0.072572
0.072572
0.072548
0.072548
0.072548
0.072523
0.072548
0.072548
0.072548
0.072548
0.072523
0.072548
0.072548
0.072548
0.072523
0.072523
0.072523
0.072548
0.072548
0.072523
0.072499
0.072523
0.072548
0.072548
0.072523
0.072523
0.072523
0.072548
0.072548
0.072523
0.072523
0.072523
0.072548
0.072548
0.072523
0.072523
0.072523
0.072523
0.072523
0.072499
0.072499
0.072523
0.072523
0.072523
0.072523
0.072523
0.072499
0.072499
0.072499
0.072548
0.072548
0.072548
0.072548
0.072622
0.072646
0.072622
0.072548
0.072474
0.072425
0.072375
0.072277
0.072154
0.072055
0.071957
0.071932
0.071957
0.072006
0.07208
0.072154
0.072203
0.072252
0.072277
0.072302
0.072375
0.072425
0.072449
0.072474
0.072499
0.072523
0.072548
0.072548
0.072548
0.072548
0.072572
0.072597
0.072622
0.072622
0.072597
0.072597
0.072597
0.072622
0.072622
0.072597
0.072597
0.072622
0.072646
0.072646
0.072622
0.072622
0.072622
0.072646
0.072646
0.072646
0.072622
0.072646
0.072646
0.072671
0.072646
0.072622
0.072646
0.072646
0.072646
0.072646
0.072622
0.072622
0.072646
0.072646
0.072646
0.072646
0.072646
0.072671
0.072671
0.072671
0.072646
0.072696
0.072696
0.072696
0.07272
0.07272
0.07272
0.072696
0.07272
0.072745
0.072745
0.07272
0.07272
0.07272
0.07272
0.07272
0.072696
0.072671
0.072696
0.072696
0.072696
0.072671
0.072646
0.072671
0.072671
0.072671
0.072671
0.072646
0.072646
0.072671
0.072671
0.072671
0.072646
0.072646
0.072671
0.072696
0.072671
0.072646
0.072671
0.072671
0.072696
0.072696
0.072696
0.072671
0.072646
0.072646
0.072671
0.072671
0.072671
0.072646
0.072671
0.072671
0.072671
0.072646
0.072646
0.072646
0.072671
0.072671
0.072646
0.072646
0.072646
0.072671
0.072671
0.072646
0.072646
0.072646
0.072671
0.072671
0.072646
0.072646
0.072646
0.072671
0.072671
0.072646
0.072646
0.072646
0.072671
0.072671
0.072646
0.072646
0.072646
0.072622
0.072646
0.072646
0.072671
0.072646
0.072622
0.072622
0.072646
0.072646
0.072646
0.072622
0.072622
0.072646
0.072646
0.072646
0.072622
0.072646
0.072646
0.072671
0.072646
0.072622
0.072622
0.072646
0.072671
0.072646
0.072622
0.072622
0.072646
0.072646
0.072622
0.072622
0.072622
0.072622
0.072646
0.072622
0.072597
0.072597
0.072622
0.072622
0.072622
0.072646
0.072622
0.072597
0.072622
0.072622
0.072646
0.072622
0.072622
0.072622
0.072646
0.072646
0.072622
0.072622
0.072622
0.072622
0.072646
0.072622
0.072597
0.072597
0.072622
0.072622
0.072597
0.072597
0.072597
0.072597
0.072597
0.072597
0.072572
0.072572
0.072597
0.072597
0.072597
0.072572
0.072572
0.072597
0.072597
0.072597
0.072572
0.072597
0.072622
0.072696
0.07272
0.072696
0.072646
0.072572
0.072499
0.072425
0.072326
0.072179
0.072055
0.071957
0.071957
0.072006
0.072055
0.072129
0.072154
0.072228
0.072302
0.072326
0.072375
0.0724
0.072449
0.072523
0.072548
0.072548
0.072548
0.072572
0.072622
0.072622
0.072597
0.072622
0.072646
0.072646
0.072646
0.072622
0.072622
0.072646
0.072671
0.072646
0.072646
0.072646
0.072646
0.072671
0.072696
0.072696
0.072671
0.072671
0.072696
0.07272
0.07272
0.072696
0.072696
0.07272
0.07272
0.07272
0.072696
0.072696
0.07272
0.07272
0.07272
0.072696
0.072696
0.07272
0.072745
0.072745
0.07272
0.07272
0.072745
0.072769
0.072745
0.072745
0.072745
0.072745
0.072769
0.072769
0.072745
0.072745
0.072745
0.072769
0.072769
0.072745
0.072745
0.072696
0.072696
0.072696
0.072696
0.072671
0.072646
0.072622
0.072622
0.072622
0.072597
0.072572
0.072572
0.072572
0.072597
0.072572
0.072548
0.072548
0.072572
0.072572
0.072572
0.072548
0.072548
0.072572
0.072572
0.072572
0.072548
0.072548
0.072548
0.072572
0.072548
0.072548
0.072523
0.072548
0.072572
0.072548
0.072523
0.072523
0.072548
0.072523
0.072548
0.072548
0.072548
0.072523
0.072523
0.072548
0.072548
0.072548
0.072523
0.072523
0.072548
0.072572
0.072572
0.072548
0.072523
0.072548
0.072572
0.072572
0.072548
0.072548
0.072572
0.072597
0.072597
0.072572
0.072572
0.072597
0.072622
0.072622
0.072597
0.072597
0.072622
0.072646
0.072646
0.072622
0.072597
0.072622
0.072622
0.072622
0.072597
0.072622
0.072597
0.072597
0.072597
0.072622
0.072622
0.072597
0.072572
0.072597
0.072622
0.072622
0.072597
0.072572
0.072597
0.072622
0.072622
0.072597
0.072572
0.072597
0.072597
0.072597
0.072572
0.072572
0.072597
0.072597
0.072597
0.072597
0.072572
0.072597
0.072622
0.072597
0.072597
0.072572
0.072597
0.072622
0.072597
0.072597
0.072572
0.072597
0.072622
0.072597
0.072622
0.072622
0.072597
0.072597
0.072597
0.072622
0.072622
0.072597
0.072597
0.072622
0.072646
0.072646
0.072622
0.072622
0.072622
0.072646
0.072646
0.072646
0.072622
0.072646
0.072696
0.07272
0.07272
0.072745
0.072794
0.072819
0.072794
0.07272
0.072646
0.072572
0.072499
0.0724
0.072252
0.072129
0.072055
0.072055
0.072105
0.072154
0.072228
0.072449
0.072499
0.072548
0.072597
0.072646
0.072671
0.072671
0.072696
0.07272
0.072745
0.072769
0.072745
0.072769
0.072794
0.072794
0.072794
0.072769
0.072794
0.072819
0.072819
0.072794
0.072769
0.072794
0.072819
0.072819
0.072794
0.072794
0.072794
0.072819
0.072819
0.072819
0.072794
0.072819
0.072843
0.072843
0.072819
0.072819
0.072819
0.072843
0.072843
0.072843
0.072819
0.072819
0.072819
0.072843
0.072843
0.072843
0.072819
0.072819
0.072843
0.072868
0.072843
0.072843
0.072843
0.072868
0.072868
0.072868
0.072843
0.072843
0.072868
0.072892
0.072868
0.072843
0.072868
0.072868
0.072868
0.072843
0.072843
0.072843
0.072843
0.072843
0.072819
0.072819
0.072819
0.072819
0.072819
0.072794
0.072794
0.072794
0.072794
0.072769
0.072794
0.072819
0.072794
0.072769
0.072769
0.072794
0.072819
0.072794
0.072769
0.072769
0.072794
0.072819
0.072794
0.072769
0.072769
0.072794
0.072794
0.072794
0.072769
0.072769
0.072769
0.072794
0.072769
0.072745
0.072745
0.072769
0.072769
0.072769
0.072745
0.072745
0.072769
0.072769
0.072745
0.072745
0.072745
0.072745
0.072769
0.072745
0.072745
0.072745
0.07272
0.07272
0.072745
0.072745
0.072745
0.07272
0.07272
0.072745
0.072745
0.072745
0.07272
0.07272
0.072745
0.072745
0.072745
0.07272
0.07272
0.072745
0.072745
0.072745
0.07272
0.07272
0.072745
0.072769
0.072745
0.07272
0.07272
0.072745
0.072769
0.072745
0.072745
0.072745
0.072769
0.072769
0.072769
0.072745
0.072745
0.072769
0.072769
0.072769
0.072769
0.072769
0.072745
0.072745
0.072769
0.072769
0.072769
0.072745
0.072745
0.072745
0.072769
0.072745
0.07272
0.07272
0.072745
0.072745
0.072745
0.07272
0.07272
0.072745
0.072745
0.072745
0.07272
0.07272
0.07272
0.072745
0.07272
0.072696
0.072696
0.07272
0.07272
0.07272
0.072696
0.072696
0.07272
0.07272
0.072696
0.072696
0.072671
0.072696
0.072696
0.07272
0.07272
0.072696
0.072696
0.07272
0.07272
0.07272
0.072696
0.072696
0.07272
0.072769
0.072769
0.072794
0.072819
0.072843
0.072819
0.072745
0.072646
0.072572
0.072499
0.0724
0.072302
0.072203
0.072129
0.072129
0.072203
0.072277
0.072326
0.072351
0.072425
0.072474
0.072523
0.072548
0.072597
0.072622
0.072671
0.07272
0.07272
0.072769
0.072769
0.072794
0.072819
0.072819
0.072794
0.072794
0.072794
0.072819
0.072819
0.072794
0.072794
0.072794
0.072819
0.072819
0.072794
0.072794
0.072819
0.072843
0.072843
0.072843
0.072819
0.072843
0.072868
0.072868
0.072843
0.072843
0.072843
0.072868
0.072868
0.072843
0.072843
0.072843
0.072868
0.072868
0.072843
0.072843
0.072868
0.072892
0.072892
0.072917
0.072892
0.072892
0.072917
0.072917
0.072917
0.072892
0.072892
0.072917
0.072942
0.072942
0.072917
0.072917
0.072917
0.072942
0.072942
0.072917
0.072917
0.072917
0.072942
0.072917
0.072917
0.072892
0.072917
0.072917
0.072917
0.072892
0.072868
0.072868
0.072892
0.072892
0.072868
0.072843
0.072868
0.072892
0.072868
0.072843
0.072843
0.072843
0.072868
0.072843
0.072868
0.072868
0.072843
0.072843
0.072868
0.072868
0.072868
0.072843
0.072843
0.072843
0.072868
0.072868
0.072843
0.072843
0.072843
0.072868
0.072868
0.072843
0.072843
0.072843
0.072868
0.072868
0.072843
0.072843
0.072843
0.072868
0.072868
0.072843
0.072843
0.072843
0.072868
0.072868
0.072843
0.072843
0.072843
0.072868
0.072868
0.072843
0.072843
0.072843
0.072843
0.072843
0.072868
0.072868
0.072843
0.072843
0.072843
0.072868
0.072868
0.072843
0.072843
0.072843
0.072868
0.072868
0.072843
0.072819
0.072843
0.072868
0.072868
0.072843
0.072819
0.072843
0.072868
0.072868
0.072843
0.072843
0.072843
0.072868
0.072868
0.072843
0.072819
0.072843
0.072868
0.072868
0.072843
0.072819
0.072843
0.072868
0.072868
0.072868
0.072868
0.072843
0.072843
0.072843
0.072868
0.072868
0.072843
0.072843
0.072843
0.072868
0.072868
0.072868
0.072843
0.072868
0.072868
0.072868
0.072868
0.072843
0.072843
0.072868
0.072868
0.072868
0.072843
0.072843
0.072868
0.072868
0.072868
0.072843
0.072843
0.072868
0.072868
0.072868
0.072843
0.072843
0.072868
0.072868
0.072843
0.072819
0.072843
0.072892
0.072942
0.072966
0.072991
0.072942
0.072868
0.072843
0.072794
0.072696
0.072572
0.072449
0.072326
0.072252
0.072228
0.072252
0.072302
0.072375
0.072449
0.072499
0.072523
0.072548
0.072622
0.072671
0.07272
0.072745
0.072769
0.072794
0.072819
0.072843
0.072843
0.072868
0.072868
0.072892
0.072917
0.072892
0.072892
0.072892
0.072917
0.072917
0.072917
0.072917
0.072892
0.072892
0.072892
0.072917
0.072917
0.072917
0.072892
0.072892
0.072917
0.072942
0.072917
0.072917
0.072917
0.072942
0.072942
0.072942
0.072917
0.072917
0.072942
0.072966
0.072942
0.072917
0.072942
0.072942
0.072966
0.072942
0.072942
0.072942
0.072966
0.072966
0.072966
0.072942
0.072966
0.072991
0.072991
0.072991
0.072966
0.072966
0.072991
0.072991
0.073016
0.072991
0.072966
0.072966
0.072991
0.072991
0.072966
0.072942
0.072942
0.072942
0.072966
0.072942
0.072917
0.072917
0.072942
0.072942
0.072942
0.072917
0.072917
0.072942
0.072942
0.072942
0.072917
0.072917
0.072942
0.072942
0.072942
0.072917
0.072917
0.072942
0.072942
0.072942
0.072917
0.072917
0.072942
0.072942
0.072942
0.072917
0.072917
0.072917
0.072917
0.072942
0.072942
0.072942
0.072917
0.072917
0.072942
0.072942
0.072942
0.072917
0.072917
0.072942
0.072942
0.072942
0.072917
0.072917
0.072942
0.072942
0.072917
0.072917
0.072917
0.072917
0.072942
0.072942
0.072917
0.072917
0.072917
0.072942
0.072942
0.072917
0.072917
0.072942
0.072942
0.072942
0.072917
0.072917
0.072917
0.072942
0.072942
0.072942
0.072942
0.072917
0.072917
0.072942
0.072942
0.072942
0.072917
0.072917
0.072942
0.072966
0.072942
0.072917
0.072917
0.072942
0.072942
0.072942
0.072917
0.072917
0.072942
0.072942
0.072942
0.072917
0.072917
0.072942
0.072942
0.072942
0.072917
0.072917
0.072942
0.072942
0.072942
0.072917
0.072917
0.072942
0.072942
0.072942
0.072917
0.072917
0.072942
0.072917
0.072942
0.072942
0.072917
0.072917
0.072942
0.072942
0.072942
0.072917
0.072917
0.072942
0.072942
0.072942
0.072917
0.072917
0.072942
0.072966
0.072966
0.072942
0.072942
0.072942
0.072966
0.072966
0.072942
0.072942
0.072966
0.072991
0.072991
0.072966
0.072966
0.072966
0.072991
0.072991
0.072991
0.072966
0.072991
0.073016
0.073016
0.072991
0.072991
0.072991
0.072991
0.072942
0.07304
0.07304
0.072991
0.072966
0.072942
0.072942
0.072868
0.072769
0.072696
0.072646
0.072548
0.072375
0.072203
0.07208
0.072006
0.071957
0.071908
0.071908
0.071957
0.072031
0.07208
0.072154
0.072228
0.072326
0.072449
0.072572
0.072671
0.072745
0.072819
0.072868
0.072917
0.072942
0.072942
0.072966
0.072991
0.073016
0.07304
0.073114
0.073114
0.073114
0.073089
0.073089
0.073139
0.073114
0.073114
0.073114
0.073114
0.073139
0.073139
0.073139
0.073139
0.073163
0.073163
0.073188
0.073163
0.073163
0.073163
0.073188
0.073188
0.073163
0.073163
0.073188
0.073212
0.073212
0.073188
0.073188
0.073212
0.073237
0.073237
0.073237
0.073212
0.073262
0.073286
0.073286
0.073286
0.073286
0.073311
0.07336
0.073385
0.073409
0.073434
0.073409
0.073409
0.073434
0.073434
0.073434
0.073409
0.073409
0.073409
0.073409
0.073385
0.073336
0.073311
0.073286
0.073286
0.073262
0.073237
0.073188
0.073188
0.073188
0.073163
0.073114
0.073089
0.073089
0.073089
0.073089
0.07304
0.07304
0.07304
0.07304
0.07304
0.073016
0.073016
0.073016
0.07304
0.07304
0.073016
0.07304
0.073016
0.072991
0.073016
0.07304
0.07304
0.073016
0.072991
0.073016
0.07304
0.07304
0.073016
0.072991
0.073016
0.07304
0.07304
0.073016
0.073016
0.073016
0.07304
0.07304
0.07304
0.073016
0.07304
0.073065
0.073065
0.07304
0.073016
0.07304
0.07304
0.07304
0.07304
0.073016
0.073016
0.07304
0.07304
0.07304
0.073016
0.073016
0.07304
0.073016
0.07304
0.07304
0.073016
0.073016
0.073016
0.07304
0.07304
0.073016
0.073016
0.073016
0.07304
0.07304
0.073016
0.073016
0.073016
0.07304
0.07304
0.073016
0.072991
0.073016
0.073016
0.07304
0.073016
0.072991
0.073016
0.07304
0.07304
0.073016
0.073016
0.073016
0.07304
0.07304
0.07304
0.073016
0.07304
0.073065
0.073089
0.073114
0.073114
0.072991
0.072917
0.072819
0.072745
0.072646
0.072548
0.072425
0.0724
0.072449
0.072548
0.072597
0.072646
0.072671
0.072745
0.072794
0.072843
0.072868
0.072892
0.072942
0.072991
0.073016
0.072991
0.073016
0.07304
0.073065
0.073065
0.073065
0.073065
0.073089
0.073089
0.073089
0.073089
0.073089
0.073114
0.073114
0.073089
0.073089
0.073089
0.073114
0.073114
0.073139
0.073114
0.073114
0.073114
0.073139
0.073139
0.073139
0.073114
0.073114
0.073139
0.073139
0.073139
0.073114
0.073114
0.073139
0.073139
0.073114
0.073089
0.073114
0.073139
0.073139
0.073114
0.073114
0.073114
0.073139
0.073139
0.073139
0.073114
0.073139
0.073163
0.073163
0.073163
0.073139
0.073139
0.073163
0.073188
0.073163
0.073139
0.073139
0.073163
0.073114
0.073139
0.073139
0.073114
0.073089
0.073089
0.073114
0.073114
0.073114
0.073089
0.073089
0.073114
0.073114
0.073114
0.073089
0.073089
0.073114
0.073114
0.073114
0.073089
0.073089
0.073114
0.073139
0.073114
0.073114
0.073089
0.073114
0.073139
0.073114
0.073089
0.073089
0.073114
0.073139
0.073114
0.073089
0.073089
0.073114
0.073139
0.073114
0.073089
0.073114
0.073114
0.073114
0.073114
0.073139
0.073139
0.073114
0.073114
0.073139
0.073139
0.073139
0.073114
0.073114
0.073114
0.073139
0.073139
0.073114
0.073114
0.073139
0.073139
0.073139
0.073114
0.073114
0.073114
0.073139
0.073114
0.073114
0.073089
0.073114
0.073139
0.073139
0.073114
0.073114
0.073139
0.073139
0.073139
0.073114
0.073114
0.073139
0.073163
0.073163
0.073163
0.073163
0.073139
0.073139
0.073163
0.073188
0.073188
0.073163
0.073163
0.073188
0.073188
0.073188
0.073163
0.073163
0.073188
0.073188
0.073188
0.073163
0.073163
0.073188
0.073188
0.073188
0.073163
0.073163
0.073163
0.073188
0.073188
0.073163
0.073139
0.073163
0.073163
0.073163
0.073139
0.073114
0.073139
0.073163
0.073139
0.073114
0.073114
0.073114
0.073139
0.073163
0.073163
0.073163
0.073188
0.073237
0.073262
0.073237
0.073163
0.073089
0.07304
0.072966
0.072843
0.072745
0.072646
0.072572
0.072548
0.072572
0.072646
0.072696
0.072769
0.072819
0.072843
0.072868
0.072917
0.072966
0.073016
0.07304
0.073065
0.073089
0.073114
0.073114
0.073114
0.073114
0.073139
0.073163
0.073188
0.073188
0.073163
0.073188
0.073163
0.073163
0.073188
0.073188
0.073188
0.073163
0.073163
0.073188
0.073188
0.073188
0.073188
0.073163
0.073188
0.073212
0.073212
0.073188
0.073163
0.073188
0.073212
0.073212
0.073188
0.073188
0.073188
0.073212
0.073212
0.073188
0.073188
0.073212
0.073237
0.073237
0.073212
0.073212
0.073237
0.073262
0.073262
0.073237
0.073237
0.073262
0.073286
0.073286
0.073311
0.073311
0.073286
0.073286
0.073286
0.073311
0.073311
0.073286
0.073286
0.073286
0.073311
0.073286
0.073262
0.073262
0.073262
0.073262
0.073262
0.073237
0.073212
0.073212
0.073237
0.073237
0.073212
0.073188
0.073212
0.073212
0.073212
0.073188
0.073188
0.073188
0.073212
0.073212
0.073188
0.073188
0.073188
0.073212
0.073212
0.073188
0.073188
0.073188
0.073188
0.073188
0.073212
0.073212
0.073188
0.073188
0.073188
0.073212
0.073212
0.073188
0.073188
0.073212
0.073212
0.073212
0.073212
0.073188
0.073212
0.073212
0.073212
0.073212
0.073188
0.073212
0.073237
0.073212
0.073212
0.073188
0.073212
0.073237
0.073237
0.073212
0.073188
0.073212
0.073237
0.073237
0.073212
0.073188
0.073212
0.073237
0.073237
0.073237
0.073237
0.073212
0.073188
0.073212
0.073237
0.073237
0.073212
0.073212
0.073212
0.073237
0.073237
0.073212
0.073188
0.073212
0.073237
0.073237
0.073212
0.073188
0.073212
0.073237
0.073237
0.073212
0.073188
0.073212
0.073212
0.073237
0.073212
0.073188
0.073212
0.073237
0.073237
0.073212
0.073188
0.073212
0.073237
0.073237
0.073212
0.073188
0.073212
0.073212
0.073237
0.073237
0.073212
0.073212
0.073212
0.073237
0.073237
0.073237
0.073212
0.073212
0.073237
0.073237
0.073212
0.073212
0.073212
0.073237
0.073237
0.073237
0.073212
0.073212
0.073237
0.073262
0.073237
0.073212
0.073237
0.073237
0.073262
0.073237
0.073212
0.073237
0.073262
0.073262
0.073237
0.073237
0.073262
0.073311
0.073336
0.07336
0.07336
0.073212
0.073114
0.073016
0.072917
0.072819
0.072671
0.072597
0.072597
0.072671
0.072745
0.072794
0.072819
0.072868
0.072942
0.072991
0.07304
0.073065
0.073089
0.073163
0.073212
0.073188
0.073188
0.073212
0.073262
0.073286
0.073262
0.073262
0.073262
0.073286
0.073286
0.073286
0.073262
0.073262
0.073286
0.073311
0.073286
0.073262
0.073262
0.073286
0.073311
0.073311
0.073336
0.073311
0.073311
0.073311
0.073336
0.07336
0.073336
0.073311
0.073336
0.07336
0.07336
0.07336
0.073336
0.073336
0.07336
0.07336
0.07336
0.073336
0.073336
0.07336
0.073385
0.07336
0.07336
0.07336
0.073385
0.073385
0.073385
0.07336
0.07336
0.073385
0.073409
0.073409
0.073385
0.073385
0.073409
0.073409
0.073409
0.073385
0.073385
0.07336
0.07336
0.073385
0.073385
0.07336
0.07336
0.07336
0.07336
0.073385
0.07336
0.073336
0.073336
0.07336
0.07336
0.07336
0.073336
0.073336
0.07336
0.073385
0.07336
0.073336
0.07336
0.07336
0.073385
0.073385
0.07336
0.07336
0.073385
0.073409
0.073385
0.07336
0.07336
0.073385
0.073409
0.073385
0.07336
0.07336
0.073385
0.073409
0.073385
0.073385
0.073385
0.07336
0.07336
0.073385
0.073385
0.073385
0.07336
0.07336
0.073385
0.073385
0.073385
0.07336
0.07336
0.07336
0.073385
0.07336
0.073336
0.073336
0.07336
0.073385
0.07336
0.073336
0.073336
0.07336
0.073385
0.07336
0.073336
0.073336
0.07336
0.07336
0.07336
0.073336
0.073336
0.07336
0.07336
0.07336
0.073336
0.073336
0.07336
0.073336
0.073336
0.07336
0.073336
0.073336
0.073311
0.073336
0.07336
0.073336
0.073336
0.073336
0.07336
0.07336
0.07336
0.073336
0.073336
0.07336
0.07336
0.07336
0.073336
0.073336
0.07336
0.07336
0.07336
0.073336
0.073311
0.073336
0.07336
0.073336
0.073311
0.073311
0.073336
0.073336
0.073336
0.073311
0.073311
0.073336
0.07336
0.073336
0.073336
0.073336
0.073336
0.073311
0.073336
0.07336
0.07336
0.073336
0.073336
0.073336
0.07336
0.07336
0.073336
0.073336
0.073336
0.07336
0.07336
0.073336
0.073336
0.073336
0.07336
0.07336
0.073336
0.073336
0.07336
0.073385
0.073409
0.073409
0.073434
0.073459
0.073459
0.073409
0.073311
0.073237
0.073163
0.073065
0.072942
0.072794
0.072696
0.072671
0.072745
0.072942
0.073016
0.07304
0.073089
0.073139
0.073163
0.073237
0.073262
0.073262
0.073262
0.073286
0.073336
0.07336
0.073336
0.073336
0.07336
0.073385
0.073385
0.07336
0.07336
0.073385
0.073409
0.073409
0.073385
0.073385
0.073385
0.073409
0.073409
0.073385
0.073385
0.073409
0.073434
0.073434
0.073409
0.073409
0.073434
0.073459
0.073434
0.073434
0.073434
0.073434
0.073434
0.073434
0.073459
0.073459
0.073434
0.073434
0.073434
0.073459
0.073459
0.073459
0.073434
0.073459
0.073483
0.073483
0.073483
0.073459
0.073483
0.073508
0.073508
0.073483
0.073483
0.073508
0.073508
0.073508
0.073508
0.073483
0.073508
0.073533
0.073508
0.073483
0.073483
0.073483
0.073508
0.073483
0.073459
0.073459
0.073459
0.073459
0.073459
0.073459
0.073459
0.073434
0.073409
0.073434
0.073459
0.073459
0.073434
0.073434
0.073434
0.073459
0.073483
0.073459
0.073434
0.073459
0.073483
0.073459
0.073434
0.073434
0.073434
0.073459
0.073459
0.073434
0.073434
0.073434
0.073459
0.073459
0.073434
0.073409
0.073434
0.073459
0.073459
0.073434
0.073409
0.073434
0.073459
0.073459
0.073434
0.073434
0.073434
0.073434
0.073459
0.073483
0.073483
0.073459
0.073459
0.073459
0.073483
0.073483
0.073483
0.073459
0.073483
0.073483
0.073508
0.073483
0.073459
0.073483
0.073508
0.073508
0.073483
0.073459
0.073483
0.073483
0.073508
0.073483
0.073459
0.073483
0.073508
0.073508
0.073483
0.073459
0.073483
0.073508
0.073508
0.073483
0.073459
0.073459
0.073483
0.073483
0.073483
0.073508
0.073483
0.073459
0.073459
0.073483
0.073483
0.073483
0.073459
0.073459
0.073483
0.073483
0.073483
0.073459
0.073459
0.073483
0.073483
0.073483
0.073459
0.073483
0.073483
0.073483
0.073483
0.073459
0.073483
0.073508
0.073508
0.073483
0.073459
0.073459
0.073483
0.073508
0.073483
0.073459
0.073483
0.073483
0.073508
0.073483
0.073459
0.073483
0.073483
0.073483
0.073508
0.073483
0.073459
0.073459
0.073483
0.073483
0.073483
0.073459
0.073483
0.073508
0.073508
0.073508
0.073533
0.073582
0.073606
0.073606
0.073533
0.073434
0.073385
0.073311
0.073212
0.073089
0.072991
0.072892
0.072868
0.072917
0.072966
0.073016
0.073065
0.073114
0.073163
0.073188
0.073237
0.073286
0.073336
0.07336
0.073385
0.073409
0.073409
0.073459
0.073483
0.073508
0.073508
0.073483
0.073483
0.073508
0.073508
0.073508
0.073483
0.073508
0.073533
0.073533
0.073508
0.073508
0.073508
0.073533
0.073533
0.073533
0.073508
0.073508
0.073533
0.073557
0.073557
0.073533
0.073557
0.073582
0.073582
0.073582
0.073557
0.073557
0.073582
0.073582
0.073582
0.073582
0.073582
0.073606
0.073606
0.073582
0.073582
