2018
5
17
11
29
57.165
0.061839
0.061839
0.061839
0.061864
0.061864
0.061839
0.061815
0.061815
0.061839
0.061839
0.061839
0.061815
0.061815
0.061839
0.061839
0.061815
0.06179
0.061815
0.061815
0.061839
0.061815
0.06179
0.06179
0.061815
0.061815
0.061815
0.06179
0.06179
0.061815
0.061815
0.06179
0.061765
0.061765
0.06179
0.06179
0.06179
0.061765
0.061765
0.061765
0.06179
0.061765
0.061765
0.061741
0.061716
0.061716
0.061741
0.061741
0.061716
0.061716
0.061716
0.061741
0.061741
0.061716
0.061691
0.061716
0.061741
0.061716
0.061716
0.061691
0.061691
0.061716
0.061716
0.061691
0.061667
0.061691
0.061716
0.061716
0.061691
0.061667
0.061667
0.061691
0.061716
0.061691
0.061667
0.061667
0.061691
0.061691
0.061667
0.061642
0.061642
0.061593
0.061593
0.061593
0.061568
0.061544
0.061495
0.061445
0.061421
0.061396
0.061347
0.061273
0.061224
0.061175
0.06115
0.061125
0.061076
0.061051
0.061051
0.061076
0.061076
0.06115
0.061248
0.061322
0.061396
0.061396
0.061396
0.061421
0.06147
0.061519
0.061495
0.061495
0.061519
0.061568
0.061618
0.061618
0.061618
0.061618
0.061642
0.061642
0.061642
0.061642
0.061642
0.061618
0.061618
0.061642
0.061667
0.061642
0.061618
0.061618
0.061642
0.061667
0.061667
0.061642
0.061642
0.061667
0.061691
0.061667
0.061642
0.061667
0.061691
0.061716
0.061691
0.061667
0.061667
0.061691
0.061716
0.061691
0.061667
0.061691
0.061716
0.061716
0.061716
0.061716
0.061716
0.061741
0.061765
0.061741
0.061716
0.061716
0.061765
0.061765
0.06179
0.061765
0.061741
0.061716
0.061716
0.061716
0.061716
0.061667
0.061642
0.061642
0.061642
0.061618
0.061593
0.061568
0.061568
0.061568
0.061544
0.061519
0.061495
0.061519
0.061519
0.061519
0.06147
0.061495
0.061495
0.061495
0.061495
0.06147
0.061445
0.06147
0.061495
0.061495
0.06147
0.061445
0.06147
0.061495
0.061495
0.06147
0.06147
0.06147
0.061445
0.06147
0.061495
0.06147
0.061445
0.061445
0.06147
0.061495
0.06147
0.061445
0.061445
0.06147
0.061495
0.06147
0.061445
0.061445
0.061445
0.06147
0.06147
0.061421
0.061421
0.061445
0.06147
0.061445
0.061421
0.061421
0.061421
0.061445
0.061421
0.061396
0.061396
0.061421
0.061421
0.061421
0.061396
0.061371
0.061396
0.061421
0.061421
0.061421
0.061421
0.061371
0.061371
0.061396
0.061396
0.061396
0.061371
0.061371
0.061396
0.061396
0.061396
0.061371
0.061347
0.061371
0.061396
0.061371
0.061347
0.061347
0.061371
0.061396
0.061371
0.061371
0.061371
0.061371
0.061396
0.061396
0.061347
0.061347
0.061371
0.061396
0.061421
0.061396
0.061396
0.061396
0.061396
0.061396
0.061347
0.061298
0.061298
0.061125
0.06115
0.061199
0.061199
0.061199
0.061199
0.061273
0.061347
0.061371
0.061371
0.061371
0.061445
0.061519
0.061495
0.061421
0.061322
0.061347
0.061371
0.061347
0.061322
0.061322
0.061322
0.061347
0.061347
0.061322
0.061298
0.061322
0.061347
0.061347
0.061322
0.061298
0.061322
0.061347
0.061347
0.061322
0.061322
0.061322
0.061347
0.061347
0.061322
0.061322
0.061298
0.061322
0.061322
0.061322
0.061298
0.061273
0.061298
0.061322
0.061322
0.061298
0.061273
0.061298
0.061322
0.061298
0.061273
0.061273
0.061298
0.061322
0.061298
0.061273
0.061273
0.061298
0.061322
0.061322
0.061298
0.061273
0.061298
0.061322
0.061322
0.061298
0.061298
0.061298
0.061322
0.061322
0.061322
0.061298
0.061322
0.061322
0.061322
0.061322
0.061322
0.061298
0.061298
0.061322
0.061347
0.061347
0.061322
0.061298
0.061298
0.061322
0.061322
0.061298
0.061298
0.061298
0.061322
0.061322
0.061298
0.061298
0.061298
0.061322
0.061322
0.061298
0.061298
0.061298
0.061322
0.061347
0.061298
0.061273
0.061298
0.061347
0.061347
0.061322
0.061298
0.061298
0.061322
0.061322
0.061298
0.061298
0.061322
0.061298
0.061322
0.061347
0.061347
0.061322
0.061298
0.061298
0.061322
0.061322
0.061298
0.061273
0.061298
0.061322
0.061322
0.061298
0.061273
0.061298
0.061322
0.061322
0.061298
0.061273
0.061273
0.061322
0.061322
0.061298
0.061273
0.061273
0.061298
0.061298
0.061273
0.061273
0.061273
0.061298
0.061298
0.061273
0.061248
0.061248
0.061273
0.061273
0.061248
0.061273
0.061248
0.061248
0.061248
0.061273
0.061273
0.061248
0.061248
0.061248
0.061273
0.061273
0.061273
0.061273
0.061273
0.061298
0.061298
0.061298
0.061273
0.061298
0.061322
0.061322
0.061322
0.061298
0.061298
0.061322
0.061322
0.061322
0.061298
0.061298
0.061322
0.061322
0.061322
0.061298
0.061298
0.061322
0.061322
0.061322
0.061298
0.061298
0.061322
0.061322
0.061322
0.061322
0.061298
0.061248
0.061224
0.061224
0.061175
0.061101
0.061051
0.061027
0.061051
0.061076
0.061076
0.061076
0.061125
0.061175
0.061224
0.061224
0.061224
0.061273
0.061347
0.061396
0.061347
0.061224
0.061175
0.061199
0.061199
0.061175
0.06115
0.06115
0.06115
0.06115
0.06115
0.061125
0.061125
0.061125
0.06115
0.061125
0.061101
0.061125
0.061101
0.061101
0.061101
0.061125
0.061125
0.061101
0.061101
0.061125
0.061125
0.061125
0.061101
0.061101
0.061101
0.061125
0.061101
0.061101
0.061101
0.061101
0.061101
0.061101
0.061076
0.061076
0.061101
0.061101
0.061076
0.061076
0.061076
0.061076
0.061076
0.061076
0.061051
0.061051
0.061076
0.061076
0.061051
0.061051
0.061051
0.061051
0.061051
0.061051
0.061051
0.061027
0.061027
0.061051
0.061051
0.061051
0.061027
0.061027
0.061027
0.061051
0.061027
0.061027
0.061002
0.061027
0.061027
0.061027
0.061002
0.061002
0.061002
0.061027
0.061027
0.061002
0.061002
0.061002
0.061027
0.061002
0.061002
0.061002
0.061002
0.061027
0.061027
0.061002
0.061002
0.061002
0.061002
0.061002
0.060978
0.060978
0.061002
0.060978
0.060978
0.060978
0.060978
0.060953
0.060953
0.060978
0.060978
0.060978
0.060953
0.060953
0.060953
0.060953
0.060953
0.060928
0.060928
0.060953
0.060953
0.060928
0.060928
0.060928
0.060928
0.060928
0.060928
0.060904
0.060904
0.060904
0.060904
0.060904
0.060879
0.060879
0.060879
0.060879
0.060879
0.060879
0.060854
0.060879
0.060879
0.060879
0.060854
0.060854
0.060854
0.060879
0.060879
0.060879
0.060854
0.060854
0.060854
0.060879
0.060879
0.060854
0.060854
0.060854
0.060854
0.060879
0.060854
0.060854
0.060854
0.060879
0.060879
0.060854
0.060854
0.060879
0.060879
0.060879
0.060879
0.060879
0.060879
0.060879
0.060879
0.060879
0.060854
0.060879
0.060879
0.060879
0.060854
0.060854
0.060854
0.060879
0.060854
0.060854
0.060854
0.06083
0.06083
0.06083
0.060854
0.060854
0.06083
0.06083
0.06083
0.06083
0.06083
0.060805
0.060805
0.060805
0.06083
0.060805
0.060805
0.060781
0.060781
0.060805
0.060781
0.060781
0.060781
0.060781
0.060805
0.060805
0.060781
0.060781
0.060781
0.060805
0.060805
0.060805
0.060805
0.060805
0.06083
0.060805
0.060781
0.060756
0.060731
0.060608
0.060608
0.060633
0.060658
0.060658
0.060658
0.060658
0.060707
0.060731
0.060731
0.060731
0.060756
0.060756
0.060731
0.060707
0.060707
0.060731
0.060756
0.060756
0.060756
0.060731
0.060756
0.060756
0.060756
0.060731
0.060731
0.060731
0.060756
0.060756
0.060731
0.060731
0.060731
0.060756
0.060756
0.060731
0.060731
0.060731
0.060756
0.060756
0.060756
0.060756
0.060731
0.060731
0.060731
0.060756
0.060756
0.060731
0.060731
0.060731
0.060756
0.060756
0.060756
0.060731
0.060756
0.060756
0.060756
0.060756
0.060756
0.060781
0.060781
0.060805
0.060781
0.060756
0.060756
0.060781
0.060781
0.060756
0.060756
0.060756
0.060781
0.060781
0.060756
0.060756
0.060756
0.060781
0.060781
0.060756
0.060756
0.060756
0.060781
0.060731
0.060756
0.060756
0.060731
0.060731
0.060731
0.060731
0.060731
0.060707
0.060707
0.060707
0.060707
0.060707
0.060707
0.060682
0.060682
0.060707
0.060707
0.060707
0.060682
0.060682
0.060707
0.060707
0.060682
0.060682
0.060682
0.060682
0.060707
0.060682
0.060682
0.060682
0.060707
0.060707
0.060682
0.060682
0.060682
0.060682
0.060682
0.060682
0.060658
0.060682
0.060658
0.060682
0.060682
0.060682
0.060682
0.060658
0.060682
0.060682
0.060682
0.060682
0.060658
0.060658
0.060682
0.060682
0.060658
0.060658
0.060658
0.060682
0.060682
0.060658
0.060658
0.060658
0.060682
0.060682
0.060658
0.060658
0.060658
0.060682
0.060682
0.060682
0.060658
0.060658
0.060682
0.060682
0.060658
0.060658
0.060658
0.060682
0.060682
0.060658
0.060658
0.060658
0.060633
0.060633
0.060658
0.060658
0.060633
0.060633
0.060633
0.060633
0.060633
0.060633
0.060633
0.060633
0.060633
0.060633
0.060633
0.060608
0.060633
0.060658
0.060682
0.060682
0.060658
0.060658
0.060658
0.060658
0.060633
0.060608
0.060584
0.060559
0.06051
0.060436
0.060387
0.060387
0.060411
0.060461
0.060461
0.060485
0.06051
0.060633
0.060682
0.060756
0.060781
0.060731
0.060633
0.060608
0.060633
0.060633
0.060608
0.060584
0.060608
0.060608
0.060608
0.060608
0.060608
0.060608
0.060608
0.060608
0.060584
0.060584
0.060584
0.060608
0.060608
0.060584
0.060584
0.060584
0.060608
0.060608
0.060584
0.060584
0.060584
0.060584
0.060608
0.060584
0.060584
0.060584
0.060584
0.060608
0.060584
0.060584
0.060584
0.060584
0.060559
0.060584
0.060608
0.060584
0.060559
0.060584
0.060584
0.060584
0.060584
0.060559
0.060559
0.060584
0.060584
0.060584
0.060559
0.060559
0.060584
0.060584
0.060584
0.060559
0.060559
0.060584
0.060584
0.060584
0.060559
0.060559
0.060584
0.060584
0.060559
0.060559
0.060559
0.060584
0.060584
0.060559
0.060559
0.060559
0.060584
0.060584
0.060584
0.060559
0.060559
0.060534
0.060559
0.060559
0.060559
0.060534
0.060534
0.060559
0.060559
0.060584
0.060559
0.060559
0.060559
0.060559
0.060559
0.060534
0.060534
0.060534
0.060559
0.060559
0.060534
0.060534
0.060534
0.060559
0.060559
0.060534
0.060534
0.060559
0.060559
0.060559
0.060534
0.060534
0.060559
0.060559
0.060559
0.060534
0.060534
0.060534
0.060534
0.060534
0.060534
0.060559
0.060534
0.060534
0.060534
0.060534
0.060534
0.060534
0.06051
0.06051
0.060534
0.060534
0.06051
0.06051
0.060534
0.060534
0.060534
0.06051
0.06051
0.060534
0.060534
0.060534
0.06051
0.06051
0.06051
0.060534
0.060534
0.06051
0.06051
0.06051
0.060534
0.060534
0.06051
0.06051
0.06051
0.060534
0.06051
0.06051
0.060485
0.060485
0.06051
0.06051
0.060534
0.06051
0.06051
0.06051
0.060534
0.060534
0.060534
0.06051
0.06051
0.06051
0.060485
0.060461
0.060436
0.060387
0.060338
0.060288
0.060288
0.060288
0.060313
0.060338
0.060338
0.060362
0.060387
0.060461
0.060485
0.06051
0.060534
0.060584
0.060658
0.060633
0.060534
0.060461
0.060461
0.060461
0.060461
0.060461
0.060461
0.060436
0.060411
0.060411
0.060436
0.060436
0.060436
0.060411
0.060411
0.060411
0.060436
0.060436
0.060411
0.060411
0.060411
0.060436
0.060436
0.060411
0.060411
0.060436
0.060436
0.060436
0.060411
0.060411
0.060411
0.060411
0.060411
0.060411
0.060387
0.060387
0.060411
0.060411
0.060411
0.060387
0.060387
0.060411
0.060387
0.060387
0.060387
0.060387
0.060387
0.060387
0.060387
0.060387
0.060387
0.060387
0.060387
0.060387
0.060387
0.060387
0.060362
0.060387
0.060387
0.060387
0.060387
0.060362
0.060387
0.060387
0.060411
0.060387
0.060387
0.060387
0.060411
0.060411
0.060387
0.060362
0.060362
0.060387
0.060387
0.060362
0.060362
0.060362
0.060362
0.060362
0.060362
0.060338
0.060338
0.060362
0.060362
0.060338
0.060338
0.060338
0.060313
0.060313
0.060338
0.060338
0.060313
0.060313
0.060313
0.060313
0.060313
0.060313
0.060288
0.060313
0.060313
0.060313
0.060313
0.060288
0.060288
0.060313
0.060313
0.060288
0.060288
0.060288
0.060313
0.060313
0.060288
0.060288
0.060288
0.060313
0.060313
0.060288
0.060288
0.060288
0.060288
0.060288
0.060288
0.060264
0.060288
0.060264
0.060264
0.060264
0.060264
0.060264
0.060264
0.060264
0.060288
0.060264
0.060264
0.060264
0.060288
0.060288
0.060288
0.060288
0.060264
0.060264
0.060264
0.060239
0.06019
0.060116
0.060042
0.060042
0.060042
0.060042
0.060067
0.060091
0.060141
0.06019
0.060239
0.060264
0.060288
0.060313
0.060362
0.060411
0.060362
0.060288
0.060214
0.060214
0.060214
0.06019
0.06019
0.06019
0.060165
0.06019
0.06019
0.06019
0.060165
0.060165
0.06019
0.06019
0.06019
0.060165
0.060165
0.06019
0.06019
0.06019
0.060165
0.060165
0.06019
0.06019
0.060165
0.060165
0.060165
0.06019
0.06019
0.060165
0.060165
0.060165
0.060165
0.060165
0.060165
0.060141
0.060141
0.060141
0.060165
0.060141
0.060116
0.060116
0.060141
0.060116
0.060141
0.060141
0.060141
0.060141
0.060141
0.060141
0.060141
0.060141
0.060116
0.060116
0.060141
0.060141
0.060141
0.060116
0.060116
0.060141
0.060141
0.060116
0.060116
0.060116
0.060141
0.060141
0.060141
0.060116
0.060116
0.060116
0.060116
0.060116
0.060091
0.060091
0.060116
0.060116
0.060091
0.060091
0.060091
0.060091
0.060091
0.060091
0.060067
0.060091
0.060067
0.060067
0.060091
0.060091
0.060091
0.060067
0.060067
0.060067
0.060067
0.060067
0.060067
0.060067
0.060067
0.060091
0.060067
0.060067
0.060067
0.060067
0.060067
0.060067
0.060067
0.060067
0.060067
0.060067
0.060067
0.060042
0.060042
0.060042
0.060042
0.060042
0.060042
0.060018
0.060042
0.060042
0.060042
0.060018
0.060018
0.060042
0.060042
0.060018
0.060018
0.060018
0.059993
0.059993
0.060018
0.060018
0.060018
0.059993
0.059993
0.060018
0.060018
0.060018
0.059993
0.059993
0.060018
0.060018
0.060018
0.059993
0.059993
0.060018
0.060018
0.060018
0.059993
0.059993
0.060018
0.060018
0.060018
0.059993
0.060018
0.060018
0.060018
0.060018
0.059993
0.059993
0.059993
0.060018
0.060018
0.059993
0.059993
0.059993
0.059993
0.060018
0.060018
0.060018
0.059993
0.059993
0.060018
0.060018
0.060018
0.059993
0.059993
0.059993
0.060018
0.059993
0.059993
0.059993
0.060018
0.060018
0.060018
0.060018
0.060042
0.060042
0.060067
0.060067
0.060042
0.060042
0.060018
0.060018
0.059968
0.059919
0.059845
0.059821
0.059821
0.059821
0.059821
0.059821
0.05987
0.059919
0.059968
0.060141
0.060116
0.060042
0.059968
0.059968
0.059968
0.059968
0.059944
0.059968
0.059968
0.059944
0.059944
0.059944
0.059968
0.059968
0.059944
0.059944
0.059944
0.059944
0.059944
0.059944
0.059944
0.059944
0.059944
0.059944
0.059944
0.059944
0.059919
0.059919
0.059944
0.059919
0.059919
0.059894
0.059919
0.059919
0.059894
0.059894
0.05987
0.059894
0.059894
0.059845
0.059845
0.059845
0.059821
0.059821
0.059845
0.059845
0.059845
0.059821
0.059796
0.059821
0.059821
0.059821
0.059796
0.059796
0.059821
0.059821
0.059821
0.059796
0.059796
0.059796
0.059821
0.059796
0.059796
0.059771
0.059796
0.059796
0.059796
0.059771
0.059771
0.059796
0.059796
0.059796
0.059796
0.059771
0.059796
0.059796
0.059796
0.059771
0.059771
0.059771
0.059747
0.059771
0.059771
0.059771
0.059771
0.059747
0.059747
0.059771
0.059771
0.059747
0.059747
0.059747
0.059747
0.059747
0.059747
0.059722
0.059722
0.059747
0.059747
0.059722
0.059722
0.059722
0.059722
0.059722
0.059722
0.059722
0.059722
0.059747
0.059747
0.059722
0.059722
0.059722
0.059722
0.059722
0.059697
0.059697
0.059697
0.059722
0.059697
0.059697
0.059697
0.059697
0.059722
0.059722
0.059722
0.059722
0.059697
0.059697
0.059697
0.059673
0.059648
0.059599
0.059574
0.059525
0.059476
0.059476
0.059476
0.059501
0.059525
0.05955
0.059599
0.059648
0.059722
0.059747
0.059771
0.059796
0.059845
0.059894
0.059845
0.059771
0.059697
0.059673
0.059697
0.059697
0.059697
0.059673
0.059648
0.059648
0.059673
0.059648
0.059648
0.059673
0.059648
0.059648
0.059648
0.059673
0.059673
0.059648
0.059624
0.059648
0.059648
0.059648
0.059648
0.059648
0.059624
0.059648
0.059624
0.059624
0.059599
0.059624
0.059624
0.059624
0.059599
0.059599
0.059599
0.059599
0.059599
0.059574
0.059574
0.059574
0.059574
0.059574
0.05955
0.05955
0.059525
0.059525
0.059525
0.059501
0.059501
0.059501
0.059476
0.059476
0.059501
0.059501
0.059476
0.059476
0.059476
0.059501
0.059501
0.059476
0.059476
0.059476
0.059501
0.059501
0.059476
0.059476
0.059476
0.059501
0.059501
0.059501
0.059501
0.059501
0.059525
0.059525
0.059501
0.059501
0.059501
0.059525
0.059525
0.059501
0.059501
0.059501
0.059525
0.059525
0.059525
0.059525
0.059525
0.05955
0.05955
0.05955
0.05955
0.05955
0.059525
0.059525
0.05955
0.05955
0.05955
0.05955
0.05955
0.05955
0.059574
0.05955
0.05955
0.05955
0.05955
0.05955
0.05955
0.059525
0.05955
0.05955
0.05955
0.05955
0.059525
0.059525
0.05955
0.05955
0.059525
0.059525
0.059525
0.059525
0.059525
0.059525
0.059501
0.059501
0.059525
0.059525
0.059501
0.059501
0.059501
0.059501
0.059501
0.059501
0.059501
0.059501
0.059476
0.059476
0.059501
0.059501
0.059501
0.059501
0.059501
0.059501
0.059501
0.059501
0.059501
0.059501
0.059501
0.059501
0.059501
0.059501
0.059501
0.059501
0.059501
0.059501
0.059476
0.059476
0.059501
0.059476
0.059476
0.059476
0.059476
0.059476
0.059501
0.059501
0.059501
0.059501
0.059501
0.059501
0.059501
0.059402
0.059377
0.059304
0.059254
0.059254
0.059254
0.059279
0.059279
0.059304
0.059328
0.059377
0.059427
0.059451
0.059476
0.059525
0.059599
0.059624
0.059574
0.059501
0.059451
0.059451
0.059427
0.059402
0.059402
0.059402
0.059402
0.059402
0.059377
0.059377
0.059402
0.059402
0.059377
0.059353
0.059353
0.059353
0.059377
0.059377
0.059377
0.059377
0.059377
0.059353
0.059377
0.059353
0.059353
0.059353
0.059377
0.059377
0.059353
0.059353
0.059353
0.059353
0.059353
0.059353
0.059328
0.059328
0.059328
0.059328
0.059328
0.059304
0.059304
0.059328
0.059328
0.059304
0.059304
0.059304
0.059304
0.059328
0.059304
0.059279
0.059279
0.059304
0.059328
0.059304
0.059304
0.059304
0.059304
0.059328
0.059304
0.059304
0.059279
0.059304
0.059304
0.059328
0.059328
0.059328
0.059304
0.059304
0.059328
0.059353
0.059328
0.059328
0.059328
0.059353
0.059353
0.059353
0.059328
0.059328
0.059353
0.059377
0.059353
0.059328
0.059328
0.059353
0.059377
0.059353
0.059353
0.059353
0.059353
0.059377
0.059353
0.059353
0.059328
0.059353
0.059377
0.059377
0.059328
0.059328
0.059328
0.059353
0.059328
0.059328
0.059328
0.059304
0.059304
0.059328
0.059328
0.059328
0.059304
0.059304
0.059328
0.059353
0.059328
0.059304
0.059304
0.059328
0.059353
0.059328
0.059304
0.059304
0.059328
0.059328
0.059328
0.059304
0.059304
0.059304
0.059328
0.059304
0.059279
0.059279
0.059304
0.059304
0.059304
0.059279
0.059279
0.059279
0.059304
0.059304
0.059279
0.059304
0.059328
0.059279
0.059279
0.059254
0.05923
0.059156
0.059082
0.059057
0.059082
0.059082
0.059082
0.059107
0.059156
0.059205
0.059254
0.059279
0.059304
0.059328
0.059377
0.059427
0.059402
0.059328
0.059254
0.059279
0.059254
0.05923
0.05923
0.059254
0.059254
0.059254
0.05923
0.05923
0.05923
0.059254
0.059254
0.05923
0.05923
0.059254
0.059254
0.059254
0.05923
0.059254
0.05923
0.05923
0.059254
0.059254
0.059254
0.059254
0.05923
0.059254
0.059279
0.059254
0.059254
0.05923
0.059254
0.059254
0.059254
0.05923
0.05923
0.05923
0.059254
0.05923
0.059205
0.059205
0.059205
0.05923
0.059205
0.059181
0.059181
0.059181
0.059205
0.059205
0.059181
0.059156
0.059181
0.059205
0.059181
0.059181
0.059156
0.059181
0.059205
0.059181
0.059205
0.059205
0.059181
0.059181
0.059205
0.05923
0.05923
0.059205
0.059205
0.05923
0.059254
0.059254
0.05923
0.059205
0.05923
0.059254
0.059254
0.05923
0.059205
0.05923
0.059254
0.059254
0.05923
0.05923
0.059254
0.059279
0.059254
0.05923
0.05923
0.05923
0.059254
0.059254
0.05923
0.05923
0.05923
0.059254
0.059254
0.05923
0.059205
0.05923
0.059205
0.05923
0.05923
0.05923
0.059205
0.059205
0.059205
0.05923
0.05923
0.059205
0.059181
0.059205
0.05923
0.05923
0.059205
0.059181
0.059205
0.05923
0.05923
0.059205
0.059181
0.059205
0.05923
0.05923
0.059205
0.059205
0.059205
0.05923
0.05923
0.059205
0.059205
0.059205
0.05923
0.05923
0.05923
0.059205
0.05923
0.05923
0.05923
0.05923
0.05923
0.05923
0.05923
0.05923
0.059254
0.059254
0.05923
0.059205
0.05923
0.059254
0.059254
0.05923
0.059205
0.059205
0.05923
0.05923
0.059205
0.059205
0.059205
0.05923
0.05923
0.059205
0.059205
0.059205
0.05923
0.05923
0.059205
0.059205
0.059205
0.05923
0.05923
0.059205
0.059205
0.059205
0.05923
0.05923
0.059205
0.059205
0.059205
0.059205
0.059205
0.05923
0.05923
0.059205
0.059181
0.059181
0.05923
0.059205
0.059181
0.059181
0.059181
0.059205
0.059205
0.059205
0.059181
0.059181
0.059205
0.059205
0.059205
0.059181
0.059181
0.059205
0.059205
0.059181
0.059156
0.059181
0.059181
0.059181
0.059181
0.059156
0.059156
0.059181
0.059156
0.059131
0.059107
0.059082
0.059107
0.059082
0.059057
0.058836
0.058762
0.058713
0.058688
0.058688
0.058639
0.05859
0.05859
0.05859
0.058639
0.058664
0.058737
0.058836
0.05891
0.058959
0.058984
0.059008
0.059033
0.059082
0.059107
0.059107
0.059107
0.059131
0.059181
0.05923
0.05923
0.05923
0.05923
0.059254
0.059279
0.059254
0.05923
0.05923
0.059254
0.059279
0.059254
0.05923
0.059254
0.059279
0.059279
0.059279
0.059304
0.059279
0.059254
0.059254
0.059279
0.059279
0.059279
0.059254
0.059279
0.059304
0.059304
0.059304
0.059279
0.059279
0.059304
0.059328
0.059328
0.059304
0.059328
0.059353
0.059353
0.059353
0.059353
0.059353
0.059377
0.059402
0.059402
0.059377
0.059377
0.059402
0.059427
0.059427
0.059402
0.059402
0.059402
0.059427
0.059402
0.059377
0.059377
0.059328
0.059304
0.059304
0.059304
0.059279
0.059254
0.05923
0.05923
0.05923
0.059205
0.059181
0.059181
0.059181
0.059205
0.059181
0.059156
0.059131
0.059131
0.059156
0.059156
0.059131
0.059131
0.059131
0.059156
0.059156
0.059131
0.059131
0.059156
0.059156
0.059156
0.059131
0.059131
0.059156
0.059156
0.059156
0.059131
0.059131
0.059156
0.059156
0.059156
0.059181
0.059156
0.059131
0.059131
0.059156
0.059156
0.059156
0.059107
0.059107
0.059131
0.059156
0.059131
0.059107
0.059107
0.059131
0.059131
0.059131
0.059107
0.059107
0.059131
0.059131
0.059131
0.059107
0.059107
0.059107
0.059131
0.059107
0.059082
0.059082
0.059107
0.059107
0.059107
0.059082
0.059082
0.059107
0.059107
0.059107
0.059082
0.059082
0.059107
0.059057
0.059082
0.059107
0.059082
0.059057
0.059057
0.059082
0.059107
0.059082
0.059057
0.059057
0.059082
0.059107
0.059082
0.059057
0.059057
0.059082
0.059082
0.059107
0.059082
0.059057
0.059082
0.059082
0.059082
0.059057
0.059057
0.059082
0.059107
0.059082
0.059057
0.059057
0.059082
0.059082
0.059082
0.059057
0.059057
0.059057
0.059082
0.059082
0.059057
0.059033
0.059057
0.059082
0.059082
0.059057
0.059033
0.059057
0.059082
0.059057
0.059057
0.059033
0.059057
0.059057
0.059033
0.059008
0.058984
0.058984
0.058959
0.058959
0.05891
0.05886
0.058811
0.058787
0.058762
0.058713
0.058639
0.058614
0.05859
0.05859
0.05854
0.058491
0.058467
0.058491
0.05854
0.058565
0.058639
0.058762
0.058836
0.05886
0.058885
0.059008
0.058984
0.059008
0.059033
0.059082
0.059107
0.059107
0.059107
0.059107
0.059131
0.059131
0.059107
0.059107
0.059107
0.059131
0.059131
0.059107
0.059107
0.059107
0.059131
0.059156
0.059131
0.059107
0.059131
0.059156
0.059156
0.059131
0.059107
0.059131
0.059156
0.059156
0.059131
0.059107
0.059131
0.059156
0.059156
0.059156
0.059131
0.059156
0.059181
0.059181
0.059205
0.05923
0.059205
0.05923
0.059254
0.059279
0.059279
0.059254
0.059254
0.059279
0.059304
0.059304
0.059279
0.059279
0.059279
0.059304
0.059304
0.059279
0.059254
0.059254
0.059279
0.059254
0.05923
0.059181
0.059181
0.059181
0.059181
0.059156
0.059131
0.059131
0.059131
0.059131
0.059082
0.059057
0.059082
0.059082
0.059082
0.059057
0.059033
0.059057
0.059033
0.059033
0.059057
0.059057
0.059033
0.059033
0.059057
0.059082
0.059082
0.059057
0.059033
0.059057
0.059082
0.059082
0.059057
0.059057
0.059057
0.059082
0.059082
0.059082
0.059057
0.059082
0.059082
0.059082
0.059082
0.059057
0.059057
0.059082
0.059107
0.059082
0.059057
0.059057
0.059082
0.059082
0.059057
0.059033
0.059057
0.059082
0.059082
0.059057
0.059082
0.059057
0.059033
0.059033
0.059057
0.059082
0.059057
0.059033
0.059057
0.059057
0.059082
0.059057
0.059033
0.059057
0.059057
0.059082
0.059057
0.059033
0.059033
0.059057
0.059057
0.059057
0.059033
0.059033
0.059057
0.059057
0.059033
0.059008
0.059008
0.059033
0.059057
0.059033
0.059008
0.059008
0.059033
0.059057
0.059033
0.059033
0.059033
0.059033
0.059057
0.059082
0.059082
0.059057
0.059082
0.059082
0.059107
0.059082
0.059057
0.059033
0.059008
0.058959
0.058885
0.058836
0.058836
0.05886
0.05891
0.05891
0.05891
0.058959
0.059033
0.059082
0.059107
0.059082
0.059131
0.05923
0.05923
0.059156
0.059033
0.059033
0.059057
0.059057
0.059033
0.059008
0.059008
0.059033
0.059033
0.059008
0.058984
0.059008
0.058984
0.058984
0.059008
0.059033
0.059008
0.059008
0.059008
0.059033
0.059033
0.059008
0.059008
0.059008
0.059033
0.059033
0.059033
0.059008
0.059008
0.059033
0.059033
0.059033
0.059008
0.059008
0.059033
0.059033
0.059033
0.059008
0.059008
0.059033
0.059033
0.059033
0.059008
0.059008
0.059033
0.059033
0.059033
0.059008
0.059008
0.059033
0.059033
0.059008
0.059033
0.059033
0.059008
0.058984
0.059008
0.059033
0.059033
0.059008
0.058984
0.059008
0.059033
0.059008
0.059008
0.059008
0.059033
0.059057
0.059033
0.059033
0.059033
0.059057
0.059082
0.059057
0.059033
0.059033
0.059057
0.059057
0.059057
0.059033
0.059033
0.059057
0.059082
0.059057
0.059033
0.059033
0.059057
0.059082
0.059057
0.059033
0.059033
0.059033
0.059033
0.059057
0.059057
0.059057
0.059033
0.059033
0.059057
0.059082
0.059057
0.059033
0.059033
0.059057
0.059082
0.059057
0.059033
0.059033
0.059057
0.059082
0.059057
0.059033
0.059033
0.059033
0.059057
0.059057
0.059033
0.059008
0.059033
0.059057
0.059033
0.059008
0.059008
0.059008
0.059033
0.059033
0.059008
0.059008
0.059008
0.059033
0.059033
0.059033
0.059033
0.059008
0.059008
0.059008
0.059033
0.059033
0.059008
0.059008
0.059008
0.059033
0.059033
0.059008
0.059008
0.059008
0.059057
0.059033
0.059008
0.059008
0.059033
0.059057
0.059057
0.059033
0.059008
0.059033
0.059057
0.059033
0.059008
0.059008
0.059033
0.059057
0.059033
0.059008
0.059008
0.059033
0.059057
0.059033
0.059008
0.059008
0.059008
0.059008
0.059008
0.059033
0.059033
0.059033
0.059008
0.059008
0.059033
0.059033
0.059008
0.059008
0.059033
0.059057
0.059057
0.059033
0.059033
0.059082
0.059107
0.059131
0.059107
0.059082
0.059082
0.059107
0.059107
0.059057
0.059008
0.058959
0.058934
0.05891
0.058885
0.058885
0.05891
0.058959
0.058984
0.059008
0.059057
0.059082
0.059131
0.059156
0.059181
0.059107
0.059082
0.059082
0.059082
0.059107
0.059082
0.059057
0.059057
0.059082
0.059082
0.059082
0.059057
0.059057
0.059057
0.059082
0.059082
0.059057
0.059057
0.059057
0.059082
0.059082
0.059057
0.059057
0.059057
0.059082
0.059107
0.059082
0.059057
0.059082
0.059107
0.059107
0.059082
0.059057
0.059082
0.059107
0.059107
0.059082
0.059057
0.059082
0.059107
0.059082
0.059107
0.059107
0.059082
0.059057
0.059057
0.059082
0.059107
0.059082
0.059057
0.059057
0.059082
0.059082
0.059082
0.059057
0.059057
0.059082
0.059082
0.059082
0.059057
0.059057
0.059082
0.059082
0.059057
0.059057
0.059057
0.059082
0.059082
0.059057
0.059057
0.059057
0.059082
0.059082
0.059082
0.059057
0.059082
0.059082
0.059107
0.059082
0.059057
0.059082
0.059082
0.059082
0.059107
0.059107
0.059082
0.059082
0.059082
0.059131
0.059131
0.059107
0.059082
0.059107
0.059107
0.059131
0.059107
0.059082
0.059082
0.059107
0.059131
0.059107
0.059082
0.059082
0.059131
0.059131
0.059107
0.059082
0.059082
0.059107
0.059131
0.059107
0.059082
0.059082
0.059107
0.059107
0.059107
0.059082
0.059082
0.059107
0.059107
0.059107
0.059107
0.059082
0.059057
0.059082
0.059082
0.059107
0.059082
0.059057
0.059082
0.059082
0.059082
0.059082
0.059057
0.059057
0.059082
0.059082
0.059057
0.059033
0.059033
0.059082
0.059082
0.059057
0.059057
0.059033
0.059082
0.059082
0.059057
0.059033
0.059033
0.059082
0.059082
0.059057
0.059057
0.059057
0.059082
0.059082
0.059082
0.059057
0.059057
0.059057
0.059033
0.059057
0.059082
0.059057
0.059033
0.059033
0.059057
0.059082
0.059057
0.059033
0.059033
0.059057
0.059057
0.059057
0.059033
0.059033
0.059057
0.059082
0.059057
0.059033
0.059033
0.059057
0.059057
0.059057
0.059033
0.059033
0.059033
0.059057
0.059033
0.059008
0.059008
0.059033
0.059033
0.059033
0.059008
0.059008
0.059033
0.059033
0.059033
0.059033
0.059033
0.059008
0.059008
0.059008
0.059033
0.059008
0.059008
0.059008
0.059033
0.059057
0.059033
0.058984
0.058959
0.058959
0.058959
0.058934
0.05886
0.058836
0.058811
0.058811
0.058787
0.058762
0.058787
0.058811
0.058811
0.058811
0.058762
0.058787
0.058836
0.05886
0.058836
0.058836
0.058836
0.058885
0.058934
0.058984
0.058959
0.058959
0.058984
0.058959
0.058984
0.058984
0.058959
0.058934
0.058959
0.058984
0.058984
0.058959
0.058934
0.058959
0.058984
0.058959
0.058934
0.058934
0.058959
0.058984
0.058959
0.058934
0.058934
0.058934
0.058959
0.058959
0.058934
0.058934
0.058934
0.058959
0.058959
0.058934
0.058934
0.058934
0.058959
0.058959
0.058934
0.058934
0.058959
0.058984
0.058959
0.058934
0.058934
0.058959
0.058934
0.058959
0.058984
0.058984
0.058959
0.058959
0.058959
0.058984
0.058984
0.058959
0.058959
0.058959
0.058984
0.058984
0.058959
0.058959
0.058959
0.058984
0.058959
0.058959
0.058934
0.058934
0.058959
0.058959
0.058934
0.05891
0.058934
0.058959
0.058934
0.05891
0.05891
0.058934
0.058934
0.058934
0.05891
0.05891
0.05891
0.058934
0.058934
0.058934
0.058934
0.05891
0.05891
0.05891
0.058934
0.05891
0.058885
0.058885
0.05891
0.058934
0.058934
0.05891
0.05891
0.05891
0.058934
0.058934
0.05891
0.05891
0.05891
0.058934
0.058934
0.05891
0.058885
0.05891
0.058934
0.058934
0.05891
0.058885
0.05891
0.058934
0.058934
0.05891
0.058885
0.05891
0.058934
0.058934
0.05891
0.058885
0.058885
0.058885
0.058885
0.05891
0.05891
0.058885
0.05886
0.058885
0.05891
0.05891
0.058885
0.05886
0.058885
0.05891
0.05891
0.058885
0.05886
0.058885
0.05891
0.05891
0.058885
0.05886
0.058885
0.05891
0.05891
0.058885
0.05886
0.058885
0.05891
0.05891
0.058885
0.05886
0.058885
0.05891
0.05891
0.058885
0.05886
0.058885
0.058885
0.05891
0.058885
0.05891
0.058885
0.05886
0.05886
0.058885
0.058885
0.05886
0.058836
0.05886
0.05886
0.058885
0.05886
0.058836
0.058836
0.05886
0.05886
0.058836
0.058811
0.058836
0.058836
0.05886
0.058836
0.058811
0.058811
0.058836
0.05886
0.058836
0.058811
0.058836
0.05886
0.05886
0.058836
0.058836
0.058836
0.05886
0.05886
0.058836
0.058811
0.058811
0.058811
0.058762
0.058737
0.058664
0.058639
0.058614
0.05859
0.058565
0.058516
0.058491
0.058467
0.058467
0.058442
0.058393
0.058393
0.058417
0.058516
0.058614
0.058639
0.058664
0.058713
0.058787
0.058836
0.05886
0.05886
0.058885
0.05891
0.05891
0.05891
0.058885
0.058885
0.05891
0.058934
0.05891
0.058885
0.05891
0.058934
0.058934
0.05891
0.058885
0.05891
0.058885
0.058885
0.05891
0.05891
0.05891
0.058885
0.058885
0.05891
0.05891
0.05891
0.058885
0.058885
0.05891
0.05891
0.05891
0.058885
0.058885
0.05891
0.058934
0.05891
0.058885
0.05891
0.058934
0.058959
0.058934
0.05891
0.058934
0.058959
0.058984
0.058959
0.058959
0.058959
0.058984
0.059008
0.059008
0.058984
0.058984
0.059008
0.059008
0.059008
0.059008
0.058984
0.058934
0.058934
0.058934
0.058934
0.05891
0.058885
0.05886
0.058885
0.058885
0.05886
0.058836
0.058836
0.058836
0.058836
0.058836
0.058811
0.058811
0.058811
0.058836
0.058836
0.058811
0.058811
0.058811
0.058811
0.058811
0.058787
0.058787
0.058811
0.058811
0.058811
0.058787
0.058787
0.058811
0.058811
0.058811
0.058787
0.058787
0.058787
0.058787
0.058787
0.058787
0.058787
0.058762
0.058787
0.058787
0.058787
0.058787
0.058762
0.058787
0.058787
0.058787
0.058762
0.058762
0.058787
0.058787
0.058787
0.058762
0.058762
0.058787
0.058787
0.058787
0.058762
0.058762
0.058787
0.058787
0.058787
0.058787
0.058762
0.058787
0.058787
0.058787
0.058787
0.058762
0.058787
0.058787
0.058787
0.058787
0.058762
0.058762
0.058787
0.058787
0.058787
0.058762
0.058762
0.058787
0.058787
0.058787
0.058762
0.058762
0.058762
0.058787
0.058787
0.058762
0.058762
0.058762
0.058762
0.058762
0.058762
0.058737
0.058762
0.058762
0.058762
0.058762
0.058737
0.058762
0.058762
0.058787
0.058762
0.058762
0.058762
0.058787
0.058787
0.058762
0.058762
0.058762
0.058787
0.058787
0.058762
0.058762
0.058762
0.058737
0.058762
0.058762
0.058762
0.058762
0.058737
0.058762
0.058762
0.058762
0.058762
0.058737
0.058737
0.058762
0.058762
0.058737
0.058713
0.058713
0.058713
0.058688
0.058664
0.058664
0.058664
0.058639
0.05859
0.05854
0.058491
0.058467
0.058417
0.058393
0.058368
0.058344
0.058344
0.058294
0.05827
0.058245
0.05827
0.058319
0.058417
0.058614
0.058664
0.058688
0.058737
0.058762
0.058787
0.058811
0.058811
0.058787
0.058787
0.058787
0.058811
0.058811
0.058811
0.058787
0.058787
0.058811
0.058836
0.058811
0.058811
0.058811
0.058836
0.058836
0.058836
0.058836
0.058836
0.058836
0.05886
0.058836
0.058836
0.058836
0.058836
0.05886
0.058836
0.058836
0.058836
0.05886
0.05886
0.058836
0.058836
0.05886
0.058885
0.05891
0.05891
0.05891
0.05891
0.05891
0.058934
0.058959
0.058959
0.058959
0.058959
0.058984
0.058984
0.058984
0.058984
0.058984
0.059008
0.059008
0.059008
0.058984
0.058959
0.058984
0.058984
0.058959
0.058934
0.05891
0.05891
0.05891
0.058885
0.05886
0.058836
0.058836
0.058836
0.058811
0.058787
0.058787
0.058787
0.058787
0.058762
0.058737
0.058737
0.058737
0.058737
0.058737
0.058737
0.058713
0.058713
0.058737
0.058737
0.058737
0.058713
0.058713
0.058713
0.058737
0.058713
0.058713
0.058713
0.058713
0.058737
0.058737
0.058737
0.058737
0.058762
0.058762
0.058737
0.058737
0.058737
0.058762
0.058762
0.058737
0.058737
0.058737
0.058762
0.058762
0.058762
0.058737
0.058737
0.058762
0.058762
0.058762
0.058762
0.058762
0.058762
0.058762
0.058811
0.058811
0.058787
0.058787
0.058762
0.058762
0.058762
0.058737
0.058688
0.058639
0.05859
0.058565
0.05854
0.058516
0.058565
0.05859
0.05859
0.058614
0.058664
0.058737
0.058787
0.058811
0.058811
0.05886
0.05891
0.058885
0.058836
0.058737
0.058713
0.058713
0.058713
0.058713
0.058713
0.058688
0.058688
0.058664
0.058688
0.058688
0.058688
0.058688
0.058688
0.058688
0.058688
0.058688
0.058664
0.058664
0.058688
0.058688
0.058688
0.058664
0.058664
0.058664
0.058688
0.058688
0.058664
0.058664
0.058664
0.058688
0.058664
0.058639
0.058639
0.058664
0.058664
0.058664
0.058639
0.058639
0.058664
0.058639
0.058639
0.058639
0.058639
0.058639
0.058639
0.058639
0.058639
0.058639
0.058639
0.058639
0.058639
0.058639
0.058639
0.058614
0.058614
0.058639
0.058639
0.058639
0.058639
0.058639
0.058664
0.058664
0.058664
0.058664
0.058664
0.058664
0.058688
0.058664
0.058664
0.058664
0.058664
0.058688
0.058688
0.058688
0.058688
0.058688
0.058688
0.058664
0.058664
0.058664
0.058664
0.058664
0.058664
0.058639
0.058639
0.058639
0.058664
0.058639
0.058639
0.058639
0.058639
0.058639
0.058639
0.058664
0.058664
0.058639
0.058614
0.058639
0.058664
0.058639
0.058639
0.058639
0.058639
0.058664
0.058664
0.058639
0.058639
0.058639
0.058664
0.058664
0.058639
0.058639
0.058639
0.058664
0.058664
0.058639
0.058639
0.058639
0.058664
0.058664
0.058639
0.058639
0.058639
0.058639
0.058639
0.058639
0.058614
0.058614
0.058614
0.058614
0.058639
0.058639
0.058614
0.05859
0.058614
0.058614
0.058614
0.058614
0.05859
0.058614
0.058614
0.058614
0.058614
0.058614
0.058614
0.058614
0.058639
0.058614
0.058614
0.058614
0.058614
0.058614
0.058614
0.05859
0.058614
0.058614
0.058614
0.058614
0.05859
0.058614
0.058614
0.058614
0.058614
0.05859
0.058614
0.058614
0.058614
0.058614
0.058614
0.058614
0.05859
0.058614
0.058614
0.058614
0.05859
0.05859
0.05859
0.058614
0.05859
0.05859
0.05859
0.05859
0.05859
0.05859
0.05859
0.05859
0.05859
0.05859
0.05859
0.05859
0.05859
0.05859
0.05859
0.05859
0.05859
0.058565
0.058565
0.058614
0.058639
0.058639
0.058614
0.058639
0.058639
0.058614
0.05859
0.058565
0.05854
0.058393
0.058417
0.058442
0.058442
0.058442
0.058491
0.058565
0.05859
0.058614
0.058614
0.058664
0.058762
0.058762
0.058688
0.05859
0.058565
0.058614
0.058614
0.05859
0.058565
0.058565
0.05859
0.05859
0.058565
0.058565
0.058565
0.05859
0.05859
0.058565
0.058565
0.058565
0.05859
0.05859
0.058565
0.058565
0.058565
0.058565
0.058565
0.058565
0.05854
0.05854
0.05854
0.05854
0.05854
0.05854
0.05854
0.058516
0.058516
0.05854
0.05854
0.058516
0.058491
0.058516
0.058516
0.058516
0.058516
0.058491
0.058516
0.058516
0.05854
0.058516
0.058516
0.058516
0.058516
0.05854
0.058516
0.058516
0.058516
0.05854
0.05854
0.05854
0.058516
0.058516
0.05854
0.05854
0.05854
0.058516
0.05854
0.05854
0.058565
0.058565
0.058565
0.058565
0.05854
0.05854
0.058565
0.058565
0.05854
0.05854
0.05854
0.05854
0.05854
0.05854
0.05854
0.058516
0.05854
0.05854
0.05854
0.058516
0.058516
0.05854
0.05854
0.05854
0.058516
0.058516
0.05854
0.05854
0.05854
0.058516
0.058516
0.05854
0.05854
0.05854
0.058516
0.058516
0.05854
0.05854
0.058516
0.058516
0.05854
0.058516
0.058516
0.05854
0.05854
0.05854
0.058516
0.058516
0.05854
0.05854
0.05854
0.058565
0.058565
0.058565
0.05859
0.05859
0.058565
0.058565
0.05854
0.058516
0.058467
0.058368
0.058344
0.058344
0.058368
0.058368
0.058368
0.058417
0.058491
0.05854
0.05859
0.05859
0.058614
0.058664
0.058737
0.058713
0.058614
0.05854
0.058516
0.05854
0.058516
0.058491
0.058491
0.058491
0.058491
0.058491
0.058491
0.058491
0.058467
0.058467
0.058491
0.058491
0.058491
0.058467
0.058467
0.058491
0.058491
0.058491
0.058491
0.058467
0.058491
0.058491
0.058491
0.058467
0.058467
0.058491
0.058491
0.058467
0.058467
0.058467
0.058467
0.058467
0.058467
0.058467
0.058442
0.058467
0.058467
0.058467
0.058467
0.058442
0.058442
0.058442
0.058467
0.058467
0.058467
0.058442
0.058442
0.058442
0.058467
0.058442
0.058442
0.058442
0.058442
0.058467
0.058467
0.058442
0.058442
0.058442
0.058467
0.058467
0.058442
0.058442
0.058467
0.058467
0.058467
0.058442
0.058442
0.058467
0.058467
0.058467
0.058467
0.058467
0.058491
0.058516
0.058516
0.058491
0.058491
0.058491
0.058491
0.058491
0.058491
0.058491
0.058491
0.058467
0.058491
0.058491
0.058491
0.058467
0.058467
0.058467
0.058491
0.058491
0.058467
0.058467
0.058467
0.058491
0.058491
0.058467
0.058467
0.058467
0.058491
0.058491
0.058491
0.058467
0.058491
0.058491
0.058491
0.058491
0.058467
0.058491
0.058491
0.058491
0.058491
0.058491
0.058491
0.058491
0.058491
0.058491
0.058467
0.058491
0.058491
0.058467
0.058491
0.058491
0.058467
0.058442
0.058467
0.058467
0.058467
0.058467
0.058467
0.058467
0.058467
0.058491
0.058467
0.058467
0.058467
0.058491
0.058491
0.058467
0.058467
0.058467
0.058491
0.058491
0.058467
0.058467
0.058467
0.058491
0.058491
0.058467
0.058467
0.058491
0.058491
0.058491
0.058491
0.058491
0.058491
0.058491
0.058516
0.058491
0.058491
0.058516
0.058491
0.058491
0.058516
0.058516
0.058516
0.058491
0.058516
0.058516
0.05854
0.058516
0.058491
0.058516
0.05854
0.058565
0.05854
0.058516
0.058516
0.05854
0.05854
0.05854
0.05854
0.05854
0.058565
0.05859
0.058565
0.058565
0.058565
0.058565
0.05854
0.058516
0.058442
0.058393
0.058368
0.058344
0.058344
0.058344
0.058368
0.058417
0.058442
0.05859
0.058639
0.058688
0.058664
0.05859
0.05854
0.05854
0.05854
0.05854
0.05854
0.05854
0.05854
0.058516
0.058516
0.05854
0.05854
0.058516
0.058516
0.058516
0.058516
0.058516
0.058516
0.058516
0.058516
0.05854
0.05854
0.058516
0.058516
0.058516
0.058516
0.05854
0.058516
0.058516
0.058516
0.05854
0.058516
0.058516
0.058516
0.058516
0.05854
0.058516
0.05854
0.058516
0.058516
0.058516
0.058516
0.058516
0.058516
0.058516
0.058516
0.058516
0.058516
0.058516
0.058516
0.058516
0.058516
0.058516
0.058516
0.058491
0.058491
0.058516
0.058516
0.058516
0.058516
0.058516
0.058516
0.05854
0.05854
0.058516
0.058516
0.05854
0.05854
0.05854
0.05854
0.05854
0.058565
0.058565
0.05854
0.05854
0.05854
0.05854
0.05854
0.058565
0.058565
0.05854
0.05854
0.05854
0.058565
0.058565
0.058565
0.05854
0.058565
0.058565
0.05859
0.058565
0.05854
0.05854
0.058565
0.058565
0.058565
0.058565
0.058565
0.058565
0.058565
0.058565
0.058565
0.058565
0.058565
0.05859
0.058565
0.058565
0.058565
0.058565
0.05859
0.058565
0.058565
0.058565
0.058565
0.05859
0.058565
0.058565
0.058565
0.058565
0.05854
0.058565
0.05859
0.058565
0.058565
0.05854
0.058565
0.058565
0.058565
0.05854
0.05854
0.058565
0.058565
0.058565
0.05854
0.05854
0.058565
0.058565
0.058565
0.05854
0.05854
0.058565
0.058565
0.058565
0.05854
0.05854
0.058565
0.058565
0.058565
0.05854
0.05854
0.058565
0.058565
0.058565
0.05854
0.05854
0.058565
0.05854
0.058565
0.058565
0.058565
0.05854
0.05854
0.05854
0.058565
0.05854
0.05854
0.05854
0.05854
0.05854
0.05854
0.05854
0.05854
0.05854
0.05854
0.05854
0.05854
0.058516
0.05854
0.05854
0.05854
0.05854
0.058516
0.058516
0.05854
0.05854
0.058516
0.058516
0.058516
0.05854
0.058516
0.058516
0.058491
0.058516
0.058516
0.058516
0.058491
0.058516
0.058491
0.058491
0.058491
0.058516
0.058516
0.058516
0.058491
0.058516
0.05854
0.05854
0.058565
0.058565
0.05859
0.05859
0.058565
0.058516
0.058491
0.058491
0.058467
0.058442
0.058368
0.058344
0.058344
0.058344
0.058344
0.058368
0.058368
0.058368
0.058368
0.058393
0.058417
0.058442
0.058442
0.058467
0.058467
0.058417
0.058417
0.058442
0.058516
0.058516
0.058516
0.058516
0.058491
0.058516
0.058516
0.058516
0.058516
0.058491
0.058491
0.058516
0.058516
0.058491
0.058491
0.058491
0.058516
0.058516
0.058491
0.058491
0.058491
0.058516
0.058516
0.058491
0.058491
0.058491
0.058516
0.058491
0.058491
0.058491
0.058491
0.058491
0.058491
0.058491
0.058467
0.058491
0.058491
0.058491
0.058491
0.058467
0.058491
0.058491
0.058516
0.058516
0.058491
0.058491
0.058491
0.058516
0.058516
0.058491
0.058491
0.058491
0.058491
0.058516
0.058491
0.058491
0.058491
0.058491
0.058516
0.058491
0.058491
0.058491
0.058491
0.058491
0.058491
0.058467
0.058467
0.058491
0.058491
0.058467
0.058467
0.058467
0.058467
0.058467
0.058467
0.058442
0.058467
0.058467
0.058467
0.058467
0.058442
0.058467
0.058467
0.058467
0.058491
0.058491
0.058467
0.058467
0.058467
0.058467
0.058491
0.058467
0.058442
0.058467
0.058491
0.058491
0.058467
0.058467
0.058467
0.058491
0.058491
0.058491
0.058467
0.058491
0.058491
0.058491
0.058491
0.058467
0.058491
0.058491
0.058491
0.058491
0.058467
0.058467
0.058491
0.058491
0.058467
0.058467
0.058467
0.058467
0.058491
0.058467
0.058467
0.058467
0.058442
0.058442
0.058467
0.058467
0.058467
0.058442
0.058442
0.058467
0.058467
0.058467
0.058442
0.058442
0.058467
0.058467
0.058467
0.058442
0.058442
0.058467
0.058467
0.058467
0.058442
0.058442
0.058467
0.058467
0.058467
0.058442
0.058442
0.058467
0.058467
0.058467
0.058442
0.058442
0.058467
0.058467
0.058442
0.058442
0.058442
0.058442
0.058442
0.058442
0.058442
0.058442
0.058417
0.058417
0.058442
0.058442
0.058442
0.058417
0.058417
0.058442
0.058442
0.058417
0.058417
0.058393
0.058417
0.058417
0.058417
0.058393
0.058393
0.058393
0.058417
0.058393
0.058368
0.058368
0.058393
0.058393
0.058393
0.058368
0.058368
0.058393
0.058393
0.058393
0.058368
0.058368
0.058393
0.058393
0.058393
0.058393
0.058344
0.058319
0.058319
0.058294
0.05827
0.05822
0.058196
0.058147
0.058122
0.058122
0.058097
0.058097
0.058073
0.058048
0.057999
0.057974
0.057999
0.058073
0.058196
0.058294
0.058344
0.058368
0.058393
0.058393
0.058417
0.058417
0.058393
0.058393
0.058393
0.058417
0.058393
0.058393
0.058393
0.058393
0.058417
0.058417
0.058393
0.058393
0.058393
0.058393
0.058417
0.058417
0.058417
0.058393
0.058393
0.058417
0.058417
0.058417
0.058417
0.058393
0.058417
0.058442
0.058417
0.058417
0.058417
0.058417
0.058442
0.058442
0.058417
0.058417
0.058442
0.058442
0.058442
0.058442
0.058442
0.058442
0.058467
0.058467
0.058467
0.058467
0.058467
0.058491
0.058491
0.058467
0.058467
0.058491
0.058491
0.058491
0.058467
0.058491
0.058467
0.058467
0.058467
0.058467
0.058467
0.058442
0.058417
0.058417
0.058442
0.058417
0.058393
0.058393
0.058393
0.058393
0.058393
0.058368
0.058344
0.058368
0.058368
0.058368
0.058344
0.058344
0.058344
0.058368
0.058368
0.058393
0.058417
0.058442
0.058491
0.058516
0.05854
0.058565
0.058614
0.058688
0.058737
0.058762
0.058836
0.058934
0.059033
0.059181
0.059181
0.059107
0.058959
0.058836
0.058713
0.05859
0.058467
0.058368
0.058344
0.058319
0.058319
0.058294
0.058245
0.058245
0.058245
0.058245
0.058245
0.05822
0.05822
0.05822
0.05822
0.05822
0.058196
0.058196
0.058196
0.058196
0.058196
0.058171
0.058171
0.058171
0.058196
0.058171
0.058171
0.058147
0.058147
0.058171
0.058147
0.058147
0.058122
0.058122
0.058097
0.058097
0.058097
0.058097
0.058073
0.058073
0.058073
0.058073
0.058073
0.058048
0.058023
0.058048
0.058048
0.058048
0.058023
0.058023
0.058023
0.058048
0.058048
0.058048
0.058023
0.058048
0.058073
0.058073
0.058073
0.058073
0.058097
0.058122
0.058147
0.058147
0.058147
0.058171
0.058196
0.05822
0.058196
0.05822
0.05822
0.058245
0.058245
0.05827
0.05827
0.05827
0.05827
0.05827
0.05827
0.058294
0.05827
0.05827
0.05827
0.058294
0.058294
0.05827
0.05827
0.05827
0.058294
0.058294
0.05827
0.05827
0.05827
0.05827
0.05827
0.05827
0.058245
0.05827
0.05827
0.05827
0.05827
0.05827
0.05827
0.05827
0.05827
0.05827
0.058245
0.05827
0.05827
0.05827
0.05827
0.05827
0.05827
0.05827
0.05827
0.05827
0.05827
0.05827
0.05827
0.05827
0.058294
0.05827
0.05827
0.05827
0.05827
0.05827
0.05827
0.058245
0.05827
0.05827
0.05827
0.05827
0.058245
0.058245
0.05827
0.05827
0.058245
0.058245
0.058245
0.05827
0.05827
0.058245
0.058245
0.058245
0.058245
0.05827
0.058245
0.058245
0.058245
0.05827
0.05827
0.058245
0.058245
0.058245
0.058245
0.058245
0.058245
0.05827
0.058245
0.058245
0.058245
0.058245
0.05827
0.05827
0.058245
0.058245
0.05827
0.05827
0.058245
0.058245
0.058245
0.058245
0.058245
0.058245
0.058245
0.058245
0.058245
0.058245
0.058245
0.05822
0.05822
0.058245
0.058245
0.058245
0.05822
0.05822
0.058245
0.058245
0.05822
0.05822
0.05822
0.05822
0.058245
0.058245
0.05822
0.05822
0.05822
0.05822
0.058245
0.05822
0.05822
0.05822
0.05822
0.058245
0.05822
0.05822
0.05822
0.05822
0.05822
0.05822
0.05822
0.05822
0.058245
0.058245
0.058245
0.05822
0.05822
0.05822
0.058245
0.05822
0.058196
0.058196
0.05822
0.05822
0.05822
0.058196
0.058196
0.05822
0.058245
0.058245
0.058245
0.05822
0.05822
