2018
3
27
16
30
6.2338
0.0085915
0.0085915
0.0086161
0.0086161
0.0086161
0.0086161
0.0086161
0.0086161
0.0086161
0.0086161
0.0086161
0.0086161
0.0086161
0.0086161
0.0085915
0.0086161
0.0086161
0.0085915
0.0085915
0.0085915
0.0085915
0.0085915
0.0085915
0.0085915
0.0085915
0.0085915
0.0085915
0.0085915
0.0085915
0.0085915
0.0085915
0.0085915
0.0085669
0.0085423
0.008493
0.0084438
0.0084438
0.0084438
0.008493
0.0085669
0.0095024
0.0093793
0.0091823
0.0089115
0.00869
0.0086407
0.0086407
0.0086161
0.0086161
0.0086161
0.0085915
0.0085915
0.0085915
0.0085915
0.0085915
0.0085915
0.0085915
0.0085915
0.0085915
0.0085915
0.0085915
0.0085915
0.0085915
0.0085915
0.0085915
0.0085915
0.0085915
0.0085915
0.0086161
0.0085915
0.0085915
0.0085915
0.0085915
0.0085915
0.0085915
0.0085915
0.0085915
0.0085915
0.0085915
0.0085915
0.0085915
0.0085915
0.0085915
0.0085915
0.0085915
0.0085915
0.0086161
0.0086161
0.0086161
0.0086161
0.0086161
0.0086161
0.0086161
0.0086407
0.0086407
0.0086407
0.0086407
0.0086161
0.0086161
0.0086161
0.0086161
0.0085915
0.0085915
0.0085915
0.0085915
0.0085915
0.0085915
0.0085915
0.0085915
0.0085915
0.0085915
0.0085915
0.0085915
0.0085915
0.0085915
0.0085915
0.0085915
0.0085915
0.0085915
0.0085915
0.0085915
0.0086161
0.0086161
0.0086161
0.0086161
0.0086161
0.0086161
0.0086161
0.0086161
0.0086161
0.0086161
0.0086161
0.0086407
0.0086407
0.0086407
0.0086407
0.0086407
0.0086407
0.0086407
0.0086407
0.0086407
0.0086407
0.0086407
0.0086407
0.0086407
0.0086407
0.0086407
0.0086407
0.0086407
0.0086407
0.0086407
0.0086407
0.0086407
0.0086654
0.0086407
0.0086407
0.0086654
0.0086654
0.0086654
0.0086654
0.0086654
0.0086654
0.0086654
0.0086654
0.0086654
0.00869
0.00869
0.00869
0.0086654
0.0086654
0.0086654
0.0086654
0.0086654
0.0086654
0.0086654
0.0086654
0.0086654
0.00869
0.00869
0.00869
0.00869
0.00869
0.00869
0.00869
0.00869
0.00869
0.00869
0.00869
0.00869
0.00869
0.00869
0.00869
0.00869
0.00869
0.00869
0.00869
0.00869
0.00869
0.00869
0.00869
0.00869
0.00869
0.00869
0.0086654
0.0086407
0.0085915
0.0085423
0.0085423
0.0085423
0.0085915
0.0086654
0.0088377
0.0091823
0.0095024
0.0096254
0.0095024
0.0092808
0.0089854
0.0087885
0.0087638
0.0087392
0.0087146
0.0087146
0.0087146
0.00869
0.00869
0.00869
0.00869
0.00869
0.00869
0.00869
0.00869
0.00869
0.00869
0.00869
0.00869
0.00869
0.00869
0.00869
0.0087146
0.0087146
0.0087146
0.0087146
0.0087146
0.0087146
0.0087146
0.0087146
0.0087146
0.0087146
0.0087146
0.0087146
0.0087146
0.0087146
0.0087146
0.0087146
0.0087146
0.0087146
0.0087146
0.0087146
0.0087392
0.0087392
0.0087392
0.0087392
0.0087392
0.0087638
0.0087638
0.0087638
0.0087638
0.0087638
0.0087638
0.0087638
0.0087638
0.0087638
0.0087638
0.0087638
0.0087392
0.0087392
0.0087392
0.0087392
0.0087392
0.0087392
0.0087392
0.0087392
0.0087392
0.0087638
0.0087638
0.0087638
0.0087638
0.0087638
0.0087638
0.0087638
0.0087638
0.0087638
0.0087638
0.0087638
0.0087638
0.0087638
0.0087638
0.0087638
0.0087638
0.0087638
0.0087638
0.0087638
0.0087638
0.0087638
0.0087638
0.0087638
0.0087638
0.0087638
0.0087885
0.0087885
0.0087885
0.0087885
0.0087885
0.0087885
0.0087638
0.0087885
0.0087638
0.0087638
0.0087638
0.0087638
0.0087638
0.0087638
0.0087638
0.0087638
0.0087638
0.0087638
0.0087638
0.0087638
0.0087638
0.0087638
0.0087638
0.0087638
0.0087638
0.0087638
0.0087638
0.0087638
0.0087638
0.0087638
0.0087638
0.0087638
0.0087638
0.0087638
0.0087392
0.0087392
0.0087392
0.0087392
0.0087392
0.0087392
0.0087392
0.0087392
0.0087392
0.0087392
0.0087392
0.0087146
0.0087146
0.0087146
0.0087146
0.0087146
0.0087392
0.0087392
0.0087392
0.0087392
0.0087392
0.0087392
0.0087392
0.0087392
0.0087146
0.0087146
0.0087146
0.0087146
0.0087146
0.0087146
0.0087146
0.0087146
0.0087146
0.0087146
0.0087146
0.0087146
0.0087146
0.0087146
0.0087146
0.0087146
0.0087146
0.00869
0.0086654
0.0086407
0.0085915
0.0085423
0.0085423
0.0085423
0.0085915
0.0086654
0.0087885
0.0091331
0.0094777
0.0096254
0.009527
0.0093054
0.0090346
0.0087146
0.0087146
0.00869
0.00869
0.00869
0.0086654
0.0086654
0.0086654
0.0086654
0.0086654
0.0086654
0.0086654
0.0086654
0.0086654
0.0086654
0.0086654
0.0086654
0.0086654
0.0086654
0.0086654
0.0086654
0.0086654
0.0086654
0.0086654
0.0086654
0.0086654
0.0086654
0.0086654
0.0086654
0.0086654
0.0086654
0.0086654
0.0086654
0.0086407
0.0086407
0.0086407
0.0086407
0.0086407
0.0086407
0.0086407
0.0086654
0.0086654
0.0086654
0.00869
0.00869
0.00869
0.00869
0.00869
0.00869
0.00869
0.00869
0.00869
0.00869
0.0086654
0.0086654
0.0086654
0.0086654
0.0086654
0.0086654
0.0086407
0.0086407
0.0086407
0.0086407
0.0086407
0.0086407
0.0086407
0.0086407
0.0086407
0.0086407
0.0086407
0.0086407
0.0086407
0.0086407
0.0086407
0.0086407
0.0086407
0.0086407
0.0086407
0.0086407
0.0086407
0.0086407
0.0086407
0.0086407
0.0086407
0.0086407
0.0086407
0.0086407
0.0086407
0.0086407
0.0086407
0.0086407
0.0086407
0.0086407
0.0086407
0.0086407
0.0086407
0.0086407
0.0086407
0.0086407
0.0086407
0.0086407
0.0086407
0.0086407
0.0086407
0.0086407
0.0086407
0.0086407
0.0086407
0.0086407
0.0086654
0.0086407
0.0086407
0.0086654
0.0086407
0.0086654
0.0086654
0.0086654
0.0086654
0.0086407
0.0086407
0.0086407
0.0086407
0.0086407
0.0086407
0.0086407
0.0086407
0.0086407
0.0086407
0.0086407
0.0086407
0.0086407
0.0086407
0.0086407
0.0086407
0.0086407
0.0086407
0.0086407
0.0086407
0.0086407
0.0086407
0.0086407
0.0086407
0.0086407
0.0086407
0.0086407
0.0086161
0.0086161
0.0086161
0.0086161
0.0086407
0.0086407
0.0086407
0.0086407
0.0086407
0.0086407
0.0086407
0.0086654
0.0086654
0.0086654
0.0086407
0.0086407
0.0086407
0.0086407
0.0086407
0.0086407
0.0086407
0.0086407
0.0086407
0.0086407
0.0086407
0.0086407
0.0086407
0.0086407
0.0086407
0.0086407
0.0086161
0.0085915
0.0085669
0.0085177
0.008493
0.0084684
0.008493
0.0085915
0.0086407
0.0088869
0.0092808
0.0095516
0.0095762
0.0093793
0.0091331
0.0088377
0.0087146
0.00869
0.0086654
0.0086654
0.0086407
0.0086407
0.0086161
0.0086161
0.0086161
0.0086161
0.0086161
0.0086161
0.0086161
0.0086161
0.0086161
0.0086161
0.0086161
0.0086161
0.0086161
0.0086161
0.0086161
0.0086161
0.0086161
0.0086161
0.0086161
0.0086161
0.0086161
0.0086161
0.0086161
0.0086161
0.0086161
0.0086161
0.0086161
0.0086161
0.0086161
0.0086161
0.0085915
0.0085915
0.0085915
0.0086161
0.0086161
0.0086161
0.0086161
0.0086161
0.0086161
0.0086161
0.0086407
0.0086407
0.0086407
0.0086407
0.0086407
0.0086407
0.0086407
0.0086407
0.0086161
0.0086161
0.0086161
0.0086161
0.0086161
0.0086161
0.0086161
0.0086161
0.0086161
0.0086161
0.0086161
0.0086161
0.0086161
0.0086161
0.0086161
0.0086161
0.0086161
0.0086161
0.0086161
0.0086161
0.0086161
0.0086161
0.0086161
0.0086161
0.0086161
0.0086161
0.0086161
0.0086161
0.0086161
0.0086161
0.0086161
0.0086161
0.0086161
0.0086161
0.0086161
0.0086161
0.0086161
0.0086161
0.0086161
0.0086161
0.0086161
0.0086161
0.0086161
0.0086161
0.0086161
0.0086161
0.0086161
0.0086161
0.0086161
0.0086161
0.0086161
0.0086161
0.0086161
0.0086161
0.0086161
0.0086161
0.0086161
0.0086161
0.0086161
0.0086161
0.0086161
0.0086161
0.0086407
0.0086161
0.0086161
0.0086407
0.0086407
0.0086407
0.0086407
0.0086407
0.0086407
0.0086407
0.0086407
0.0086407
0.0086161
0.0086161
0.0086161
0.0086161
0.0086161
0.0086161
0.0086161
0.0086161
0.0086161
0.0086161
0.0086161
0.0086161
0.0086161
0.0086161
0.0086407
0.0086407
0.0086407
0.0086407
0.0086407
0.0086407
0.0086407
0.0086407
0.0086407
0.0086407
0.0086407
0.0086407
0.0086407
0.0086407
0.0086407
0.0086407
0.0086407
0.0086407
0.0086407
0.0086407
0.0086407
0.0086407
0.0086407
0.0086654
0.0086654
0.0086654
0.0086654
0.00869
0.00869
0.00869
0.0086654
0.0086654
0.00869
0.00869
0.00869
0.00869
0.00869
0.00869
0.00869
0.00869
0.00869
0.00869
0.00869
0.00869
0.00869
0.00869
0.00869
0.00869
0.00869
0.00869
0.0086654
0.0086407
0.0085915
0.0085423
0.0085423
0.0085177
0.0085915
0.0086654
0.0087885
0.0091331
0.0094777
0.0096254
0.009527
0.0093054
0.0090346
0.0088131
0.0087638
0.0087146
0.00869
0.00869
0.00869
0.00869
0.0086654
0.0086654
0.0086654
0.0086654
0.0086654
0.0086654
0.0086654
0.00869
0.00869
0.00869
0.00869
0.00869
0.00869
0.00869
0.00869
0.00869
0.00869
0.00869
0.00869
0.00869
0.00869
0.00869
0.00869
0.00869
0.00869
0.00869
0.00869
0.00869
0.00869
0.00869
0.00869
0.00869
0.00869
0.00869
0.00869
0.0087146
0.0087146
0.0087146
0.0087146
0.0087146
0.0087146
0.0087146
0.0087146
0.0087146
0.0087146
0.0087146
0.0087146
0.0087146
0.0087146
0.0087146
0.0087146
0.0087146
0.00869
0.00869
0.00869
0.0087146
0.0087146
0.0087146
0.0087146
0.0087146
0.0087146
0.0087146
0.0087146
0.0087146
0.0087146
0.0087146
0.0087146
0.0087146
0.0087146
0.0087146
0.0087146
0.0087146
0.0087146
0.0087146
0.0087146
0.0087146
0.0087146
0.0087146
0.0087146
0.0087146
0.0087146
0.0087146
0.0087146
0.0087146
0.0087146
0.0087146
0.0087146
0.0087146
0.0087146
0.0087146
0.0087146
0.0087146
0.0087146
0.0087146
0.0087146
0.0087146
0.0087146
0.0087146
0.0087146
0.0087146
0.0087146
0.0087146
0.0087146
0.0087146
0.0087146
0.0087146
0.0087146
0.0087146
0.0087146
0.0087392
0.0087392
0.0087392
0.0087392
0.0087392
0.0087392
0.0087392
0.0087392
0.0087392
0.0087392
0.0087392
0.0087392
0.0087392
0.0087392
0.0087392
0.0087392
0.0087392
0.0087392
0.0087392
0.0087146
0.0087146
0.0087146
0.0087146
0.0087146
0.0087146
0.0087146
0.0087146
0.0087146
0.0087146
0.0087146
0.0087146
0.0087146
0.0087146
0.0087146
0.0087146
0.0087146
0.0087146
0.0087146
0.0087146
0.0087146
0.0087146
0.0087146
0.0087146
0.0087146
0.0087146
0.0087146
0.0087146
0.0087146
0.0087146
0.0087146
0.0087146
0.0087146
0.0087392
0.0087392
0.0087392
0.0087392
0.0087392
0.0087392
0.0087392
0.0087392
0.0087392
0.0087392
0.0087392
0.0087392
0.0087392
0.0087392
0.0087392
0.0087392
0.0087392
0.0087392
0.0087392
0.0087392
0.0087392
0.0087392
0.0087392
0.0087392
0.0087392
0.0087392
0.0087392
0.0087146
0.0087146
0.00869
0.0086407
0.0086161
0.0085669
0.0085669
0.0089362
0.00933
0.0096008
0.0096254
0.0094531
0.009207
0.0089362
0.0088131
0.0087885
0.0087638
0.0087392
0.0087146
0.0087146
0.0087146
0.00869
0.00869
0.00869
0.00869
0.00869
0.00869
0.00869
0.00869
0.00869
0.00869
0.00869
0.00869
0.00869
0.00869
0.00869
0.00869
0.00869
0.00869
0.00869
0.0087146
0.0087146
0.0087146
0.00869
0.00869
0.00869
0.00869
0.00869
0.00869
0.00869
0.00869
0.00869
0.00869
0.00869
0.00869
0.00869
0.00869
0.00869
0.00869
0.00869
0.0087146
0.0087146
0.0087146
0.0087146
0.0087146
0.0087146
0.0087146
0.0087146
0.0087146
0.0087146
0.0087146
0.0087146
0.00869
0.00869
0.00869
0.00869
0.00869
0.00869
0.00869
0.00869
0.00869
0.00869
0.00869
0.00869
0.00869
0.00869
0.00869
0.00869
0.00869
0.00869
0.00869
0.00869
0.00869
0.00869
0.00869
0.00869
0.00869
0.00869
0.00869
0.00869
0.00869
0.00869
0.00869
0.00869
0.00869
0.00869
0.00869
0.00869
0.00869
0.00869
0.00869
0.00869
0.00869
0.00869
0.00869
0.00869
0.00869
0.00869
0.00869
0.00869
0.00869
0.00869
0.00869
0.00869
0.00869
0.00869
0.00869
0.0087146
0.0087146
0.0087146
0.0087146
0.0087146
0.0087146
0.0087146
0.0087146
0.0087146
0.0087146
0.0087146
0.0087146
0.0087146
0.0087146
0.0087146
0.0087146
0.0087146
0.0087146
0.0087146
0.0087146
0.0087146
0.0087146
0.0087146
0.0087146
0.0087146
0.0087146
0.0087146
0.0087146
0.0087146
0.0087146
0.0087146
0.0087146
0.0087146
0.0087146
0.0087146
0.0087146
0.0087146
0.00869
0.00869
0.00869
0.00869
0.00869
0.00869
0.00869
0.00869
0.00869
0.00869
0.00869
0.00869
0.00869
0.00869
0.00869
0.00869
0.00869
0.0087146
0.0087146
0.0087146
0.0087146
0.0087146
0.0087146
0.0087146
0.0087146
0.0087146
0.0087146
0.0087146
0.0087146
0.0087146
0.0087146
0.0087146
0.0087146
0.0087146
0.0087146
0.0087146
0.0087146
0.0087146
0.0087146
0.0087146
0.0087146
0.0087146
0.0087146
0.0086654
0.0086407
0.0085915
0.0085669
0.0085423
0.0085423
0.0086161
0.00869
0.0088623
0.009207
0.009527
0.0096008
0.0094777
0.0092562
0.0089854
0.0088131
0.0087885
0.0087638
0.0087392
0.0087392
0.0087146
0.0087146
0.00869
0.00869
0.00869
0.00869
0.00869
0.00869
0.00869
0.00869
0.00869
0.00869
0.00869
0.00869
0.00869
0.00869
0.00869
0.00869
0.00869
0.00869
0.00869
0.00869
0.00869
0.00869
0.00869
0.00869
0.00869
0.0086654
0.0086654
0.0086654
0.0086654
0.0086654
0.0086654
0.0086654
0.0086654
0.0086654
0.0086654
0.0086654
0.0086654
0.00869
0.00869
0.00869
0.00869
0.00869
0.00869
0.00869
0.00869
0.00869
0.00869
0.00869
0.00869
0.00869
0.00869
0.00869
0.00869
0.00869
0.00869
0.00869
0.00869
0.00869
0.00869
0.00869
0.00869
0.00869
0.00869
0.00869
0.00869
0.00869
0.00869
0.00869
0.00869
0.00869
0.00869
0.00869
0.00869
0.00869
0.00869
0.00869
0.00869
0.00869
0.00869
0.00869
0.0087146
0.0087146
0.0087146
0.0087146
0.0087146
0.0087146
0.0087146
0.0087146
0.0087146
0.0087146
0.0087146
0.0087146
0.0087146
0.0087146
0.0087146
0.00869
0.0087146
0.0087146
0.00869
0.00869
0.0087146
0.0087146
0.0087146
0.0087146
0.0087146
0.0087146
0.0087146
0.0087146
0.0087146
0.0087146
0.0087146
0.0087146
0.0087146
0.0087146
0.0087146
0.0087146
0.0087146
0.0087146
0.0087146
0.0087146
0.0087146
0.0087146
0.0087146
0.0087146
0.0087146
0.0087146
0.0087146
0.0087146
0.0087146
0.0087146
0.0087146
0.0087146
0.0087146
0.0087146
0.0087146
0.0087146
0.0087146
0.0087146
0.0087146
0.0087146
0.0087146
0.0087146
0.0087146
0.0087146
0.0087146
0.0087146
0.0087146
0.0087146
0.0087146
0.0087146
0.0087146
0.0087146
0.0087146
0.0087146
0.0087146
0.0087146
0.0087146
0.0087146
0.0087146
0.0087392
0.0087392
0.0087392
0.0087392
0.0087392
0.0087392
0.0087392
0.0087392
0.0087392
0.0087392
0.0087392
0.0087392
0.0087392
0.0087392
0.0087392
0.0087392
0.0087392
0.0087392
0.0087392
0.0087392
0.0087392
0.0087392
0.0087392
0.0087146
0.0087146
0.00869
0.0086654
0.0086407
0.0085915
0.0085669
0.0085669
0.0086161
0.00869
0.0088131
0.0091577
0.0094777
0.0096008
0.0095024
0.0092808
0.0090346
0.0088377
0.0087885
0.0087638
0.0087392
0.0087392
0.0087146
0.0087146
0.00869
0.00869
0.00869
0.00869
0.00869
0.00869
0.00869
0.00869
0.0086654
0.00869
0.00869
0.0086654
0.00869
0.00869
0.00869
0.00869
0.00869
0.00869
0.00869
0.00869
0.00869
0.00869
0.00869
0.0086654
0.00869
0.0086654
0.0086654
0.0086654
0.0086654
0.0086654
0.0086654
0.0086654
0.0086654
0.0086654
0.0086654
0.0086654
0.0086654
0.0086654
0.0086654
0.0086654
0.00869
0.00869
0.00869
0.00869
0.00869
0.00869
0.00869
0.00869
0.00869
0.00869
0.00869
0.00869
0.0086654
0.00869
0.00869
0.0086654
0.0086654
0.00869
0.00869
0.00869
0.00869
0.00869
0.00869
0.00869
0.00869
0.00869
0.00869
0.00869
0.00869
0.00869
0.00869
0.00869
0.00869
0.00869
0.00869
0.00869
0.00869
0.00869
0.00869
0.00869
0.00869
0.00869
0.00869
0.00869
0.00869
0.00869
0.00869
0.00869
0.00869
0.00869
0.00869
0.00869
0.00869
0.00869
0.00869
0.00869
0.00869
0.00869
0.00869
0.00869
0.00869
0.00869
0.00869
0.00869
0.00869
0.00869
0.00869
0.00869
0.00869
0.00869
0.00869
0.0087146
0.0087146
0.00869
0.00869
0.0087146
0.0087146
0.0087146
0.0087146
0.0087146
0.0087146
0.0087146
0.0087146
0.0087146
0.0087146
0.0087146
0.0087146
0.0087146
0.0087146
0.0087146
0.0087146
0.0087146
0.0087146
0.0087146
0.0087146
0.0087146
0.0087146
0.0087146
0.0087146
0.0087146
0.0087146
0.0087146
0.0087146
0.0087146
0.0087146
0.0087146
0.0087146
0.0087146
0.0087146
0.0087146
0.0087146
0.0087146
0.0087146
0.0087146
0.00869
0.00869
0.00869
0.00869
0.00869
0.00869
0.00869
0.0087146
0.0087146
0.0087146
0.0087146
0.0087146
0.0087146
0.0087146
0.0087146
0.0087146
0.0087146
0.0087146
0.0087146
0.0087146
0.0087146
0.0087146
0.0087146
0.0087146
0.0087146
0.0087146
0.0087146
0.0087146
0.0087146
0.0087146
0.0087392
0.0087392
0.0087146
0.00869
0.0086654
0.0086407
0.0085915
0.0085669
0.0085669
0.0086161
0.00869
0.0088377
0.0091823
0.0094777
0.0096008
0.0094777
0.0092808
0.0090346
0.0088377
0.0087885
0.0087638
0.0087392
0.0087392
0.0087146
0.0087146
0.00869
0.00869
0.00869
0.00869
0.00869
0.00869
0.00869
0.00869
0.00869
0.00869
0.00869
0.00869
0.00869
0.00869
0.00869
0.00869
0.00869
0.00869
0.00869
0.00869
0.00869
0.00869
0.00869
0.00869
0.00869
0.00869
0.00869
0.00869
0.0086654
0.0086654
0.0086654
0.0086654
0.0086654
0.0086654
0.0086654
0.00869
0.00869
0.00869
0.00869
0.00869
0.00869
0.00869
0.00869
0.00869
0.00869
0.00869
0.00869
0.00869
0.00869
0.00869
0.00869
0.00869
0.00869
0.00869
0.00869
0.00869
0.00869
0.00869
0.00869
0.00869
0.00869
0.00869
0.00869
0.00869
0.00869
0.00869
0.00869
0.00869
0.00869
0.00869
0.00869
0.00869
0.00869
0.00869
0.00869
0.00869
0.00869
0.00869
0.0087146
0.00869
0.00869
0.00869
0.0087146
0.0087146
0.0087146
0.0087146
0.0087146
0.0087146
0.0087146
0.0087146
0.0087146
0.0087146
0.0087146
0.00869
0.00869
0.0087146
0.0087146
0.00869
0.0087146
0.0087146
0.0087146
0.0087146
0.0087146
0.0087146
0.0087146
0.0087146
0.0087146
0.0087146
0.0087146
0.0087146
0.0087146
0.0087146
0.0087146
0.0087146
0.0087146
0.0087146
0.0087146
0.0087146
0.0087146
0.0087146
0.0087146
0.0087146
0.0087146
0.0087146
0.0087146
0.0087146
0.0087146
0.0087146
0.0087146
0.0087146
0.0087146
0.0087146
0.0087146
0.0087146
0.0087146
0.0087146
0.0087146
0.0087146
0.0087146
0.0087146
0.0087146
0.0087146
0.0087146
0.0087146
0.0087146
0.0087146
0.0087146
0.0087146
0.0087146
0.0087146
0.0087146
0.0087146
0.0087146
0.00869
0.00869
0.00869
0.00869
0.00869
0.00869
0.0087146
0.0087146
0.0087146
0.0087146
0.0087146
0.0087146
0.0087146
0.0087146
0.0087146
0.0087146
0.0087146
0.0087146
0.0087146
0.0087146
0.0087146
0.0087146
0.0087146
0.0087146
0.0087146
0.0087146
0.0087146
0.0087146
0.0087146
0.0087146
0.0087146
0.00869
0.0086654
0.0086161
0.0085915
0.0085669
0.0085669
0.0086161
0.0087146
0.0088623
0.009207
0.0095024
0.0095762
0.0094531
0.0092562
0.00901
0.0088377
0.0087885
0.0087638
0.0087392
0.0087146
0.00869
0.00869
0.00869
0.00869
0.00869
0.00869
0.00869
0.00869
0.00869
0.00869
0.00869
0.00869
0.00869
0.00869
0.00869
0.00869
0.00869
0.00869
0.00869
0.00869
0.00869
0.00869
0.00869
0.00869
0.00869
0.00869
0.00869
0.00869
0.00869
0.0086654
0.0086654
0.0086654
0.0086654
0.0086654
0.0086654
0.0086654
0.0086654
0.0086654
0.0086654
0.00869
0.00869
0.00869
0.00869
0.00869
0.00869
0.00869
0.00869
0.00869
0.00869
0.00869
0.00869
0.00869
0.00869
0.00869
0.00869
0.00869
0.00869
0.00869
0.00869
0.00869
0.00869
0.00869
0.00869
0.00869
0.00869
0.00869
0.00869
0.00869
0.00869
0.00869
0.00869
0.00869
0.00869
0.00869
0.00869
0.00869
0.00869
0.00869
0.00869
0.00869
0.00869
0.00869
0.00869
0.00869
0.00869
0.00869
0.00869
0.00869
0.0087146
0.0087146
0.0087146
0.00869
0.00869
0.00869
0.0087146
0.0087146
0.0087146
0.0087146
0.0087146
0.0087146
0.0087146
0.0087146
0.0087146
0.0087146
0.0087146
0.0087146
0.0087146
0.0087146
0.0087146
0.0087146
0.0087146
0.0087146
0.0087146
0.0087146
0.0087392
0.0087392
0.0087392
0.0087392
0.0087392
0.0087392
0.0087146
0.0087146
0.0087146
0.0087392
0.0087146
0.0087146
0.0087146
0.0087146
0.0087146
0.0087146
0.0087146
0.0087146
0.0087146
0.0087146
0.0087392
0.0087392
0.0087392
0.0087146
0.0087146
0.0087146
0.0087146
0.0087146
0.0087146
0.0087146
0.0087146
0.0087146
0.0087146
0.0087146
0.0087146
0.0087146
0.0087146
0.0087146
0.0087146
0.0087146
0.0087146
0.0087146
0.0087146
0.0087146
0.0087146
0.0087146
0.0087146
0.0087146
0.0087146
0.0087146
0.0087146
0.0087146
0.0087146
0.0087392
0.0087392
0.0087392
0.0087392
0.0087392
0.0087392
0.0087146
0.0087146
0.0087146
0.0087392
0.0087392
0.0087392
0.0087392
0.0087392
0.0087392
0.0087392
0.0087392
0.0087392
0.0087392
0.0087392
0.0087392
0.0087392
0.0087146
0.00869
0.0086407
0.0086161
0.0085915
0.0085669
0.0086161
0.00869
0.0087885
0.0090839
0.0093054
0.0090839
0.0088623
0.0088131
0.0087638
0.0087638
0.0087392
0.0087146
0.0087146
0.0087146
0.00869
0.00869
0.00869
0.00869
0.00869
0.00869
0.00869
0.00869
0.00869
0.00869
0.00869
0.00869
0.00869
0.00869
0.00869
0.00869
0.00869
0.00869
0.00869
0.00869
0.00869
0.00869
0.00869
0.00869
0.00869
0.00869
0.00869
0.00869
0.00869
0.00869
0.00869
0.00869
0.00869
0.00869
0.00869
0.00869
0.00869
0.00869
0.00869
0.00869
0.00869
0.00869
0.00869
0.00869
0.0087146
0.0087146
0.0087146
0.0087146
0.00869
0.00869
0.00869
0.00869
0.00869
0.00869
0.00869
0.00869
0.00869
0.00869
0.00869
0.00869
0.00869
0.00869
0.00869
0.00869
0.00869
0.00869
0.00869
0.00869
0.00869
0.00869
0.00869
0.00869
0.00869
0.00869
0.00869
0.00869
0.00869
0.00869
0.00869
0.00869
0.00869
0.00869
0.00869
0.00869
0.00869
0.00869
0.00869
0.00869
0.00869
0.00869
0.00869
0.00869
0.00869
0.00869
0.00869
0.00869
0.00869
0.00869
0.00869
0.00869
0.00869
0.00869
0.00869
0.00869
0.00869
0.00869
0.00869
0.00869
0.00869
0.0087146
0.0087146
0.0087146
0.0087146
0.0087146
0.0087146
0.0087146
0.0087146
0.0087146
0.0087146
0.0087146
0.0087146
0.0087146
0.0087146
0.0087146
0.0087146
0.0087146
0.0087146
0.0087146
0.0087146
0.0087146
0.0087146
0.0087146
0.0087146
0.0087146
0.0087146
0.0087146
0.0087146
0.0087146
0.0087146
0.0087146
0.0087146
0.0087146
0.0087146
0.0087146
0.0087146
0.0087146
0.0087146
0.0087146
0.0087146
0.0087146
0.0087146
0.00869
0.00869
0.00869
0.00869
0.00869
0.00869
0.00869
0.00869
0.00869
0.00869
0.00869
0.00869
0.0087146
0.0087146
0.0087146
0.0087146
0.0087146
0.0087146
0.0087146
0.0087146
0.0087146
0.0087146
0.0087146
0.0087146
0.0087146
0.0087146
0.0087146
0.0087146
0.0087146
0.0087146
0.0087146
0.0087146
0.0087146
0.0087146
0.0087146
0.0087146
0.0087146
0.0087146
0.00869
0.0085669
0.0085669
0.0086407
0.0087146
0.0089115
0.0092562
0.009527
0.0095516
0.0094039
0.0091823
0.0089362
0.0088131
0.0087885
0.0087392
0.0087392
0.0087146
0.0087146
0.0087146
0.00869
0.00869
0.00869
0.00869
0.00869
0.00869
0.0086654
0.0086654
0.0086654
0.0086654
0.0086654
0.0086654
0.0086654
0.00869
0.00869
0.00869
0.00869
0.00869
0.00869
0.00869
0.00869
0.00869
0.00869
0.00869
0.00869
0.00869
0.00869
0.0086654
0.0086654
0.0086654
0.0086654
0.0086654
0.0086654
0.0086654
0.0086654
0.0086654
0.0086654
0.0086654
0.0086654
0.0086654
0.00869
0.00869
0.00869
0.00869
0.00869
0.00869
0.00869
0.00869
0.00869
0.0086654
0.0086654
0.0086654
0.0086654
0.0086654
0.0086654
0.0086654
0.0086654
0.0086654
0.0086654
0.0086654
0.0086654
0.0086654
0.0086654
0.0086654
0.0086654
0.0086654
0.0086654
0.0086654
0.0086654
0.0086654
0.0086654
0.0086654
0.0086654
0.0086654
0.0086654
0.0086654
0.0086654
0.0086654
0.0086654
0.0086654
0.0086654
0.0086654
0.0086654
0.0086654
0.00869
0.00869
0.00869
0.00869
0.00869
0.00869
0.00869
0.00869
0.00869
0.00869
0.00869
0.00869
0.00869
0.00869
0.00869
0.00869
0.00869
0.00869
0.00869
0.00869
0.00869
0.00869
0.00869
0.00869
0.00869
0.00869
0.00869
0.00869
0.0087146
0.0087146
0.0087146
0.0087146
0.0087146
0.0087146
0.0087146
0.0087146
0.0087146
0.0087146
0.0087146
0.0087146
0.0087146
0.0087146
0.0087146
0.0087146
0.0087146
0.0087146
0.0087146
0.0087146
0.0087146
0.0087146
0.00869
0.00869
0.0087146
0.0087146
0.0087146
0.00869
0.00869
0.00869
0.00869
0.00869
0.00869
0.0087146
0.0087146
0.0087146
0.0087146
0.0087146
0.0087146
0.0087146
0.0087146
0.0087146
0.0087146
0.0087146
0.00869
0.00869
0.00869
0.00869
0.00869
0.00869
0.00869
0.0087146
0.0087146
0.0087146
0.0087146
0.0087146
0.0087146
0.0087392
0.0087392
0.0087392
0.0087146
0.0087146
0.0087146
0.0087146
0.0087146
0.0087146
0.0087146
0.0087146
0.0087146
0.0087146
0.0087146
0.0087146
0.0087146
0.0087146
0.0087146
0.00869
0.0086654
0.0086161
0.0085915
0.0085669
0.0085669
0.0086161
0.00869
0.0088623
0.0091823
0.0094777
0.0095762
0.0094285
0.0092316
0.0089854
0.0088377
0.0087885
0.0087638
0.0087392
0.0087146
0.0087146
0.00869
0.00869
0.00869
0.00869
0.00869
0.00869
0.00869
0.0086654
0.0086654
0.0086654
0.0086654
0.0086654
0.0086654
0.00869
0.00869
0.00869
0.00869
0.00869
0.00869
0.00869
0.00869
0.00869
0.00869
0.00869
0.00869
0.00869
0.0086654
0.0086654
0.0086654
0.0086654
0.0086654
0.0086654
0.0086654
0.0086654
0.0086654
0.0086654
0.0086654
0.0086654
0.0086654
0.0086654
0.0086654
0.00869
0.00869
0.00869
0.00869
0.00869
0.00869
0.00869
0.00869
0.00869
0.00869
0.00869
0.0086654
0.0086654
