2018
6
28
9
27
15.118
-0.012235
-0.012235
-0.012235
-0.012235
-0.012235
-0.012235
-0.012235
-0.012235
-0.012235
-0.012235
-0.012235
-0.012235
-0.012235
-0.012235
-0.012235
-0.012235
-0.012235
-0.012235
-0.012235
-0.012235
-0.012235
-0.012235
-0.012235
-0.012235
-0.012235
-0.012235
-0.012235
-0.012235
-0.01226
-0.01226
-0.01226
-0.01226
-0.01226
-0.01226
-0.01226
-0.01226
-0.01226
-0.01226
-0.01226
-0.01226
-0.01226
-0.01226
-0.01226
-0.01226
-0.01226
-0.012235
-0.01226
-0.01226
-0.012235
-0.012235
-0.012235
-0.012235
-0.012235
-0.012235
-0.012235
-0.012235
-0.012235
-0.012235
-0.012235
-0.012235
-0.01226
-0.01226
-0.01226
-0.01226
-0.012235
-0.01226
-0.01226
-0.01226
-0.01226
-0.012235
-0.012235
-0.01226
-0.01226
-0.01226
-0.01226
-0.01226
-0.01226
-0.01226
-0.01226
-0.01226
-0.012284
-0.012284
-0.012284
-0.012284
-0.012284
-0.012309
-0.012309
-0.012309
-0.012309
-0.012309
-0.012309
-0.012309
-0.012309
-0.012309
-0.012309
-0.012309
-0.012309
-0.012309
-0.012309
-0.012309
-0.012309
-0.012309
-0.012309
-0.012309
-0.012309
-0.012333
-0.012309
-0.012309
-0.012309
-0.012309
-0.012333
-0.012333
-0.012309
-0.012309
-0.012333
-0.012333
-0.012333
-0.012333
-0.012333
-0.012333
-0.012333
-0.012333
-0.012333
-0.012333
-0.012333
-0.012333
-0.012333
-0.012333
-0.012333
-0.012333
-0.012333
-0.012333
-0.012358
-0.012333
-0.012333
-0.012333
-0.012309
-0.012309
-0.012284
-0.012284
-0.01226
-0.01226
-0.01226
-0.01226
-0.012235
-0.012235
-0.012235
-0.012235
-0.012235
-0.01226
-0.012309
-0.012333
-0.012358
-0.012358
-0.012358
-0.012358
-0.012333
-0.012309
-0.012309
-0.012284
-0.012235
-0.01226
-0.01226
-0.01226
-0.01226
-0.01226
-0.012284
-0.012284
-0.012284
-0.012284
-0.012309
-0.012309
-0.012309
-0.012309
-0.012309
-0.012309
-0.012309
-0.012309
-0.012309
-0.012309
-0.012309
-0.012309
-0.012309
-0.012309
-0.012309
-0.012309
-0.012309
-0.012309
-0.012309
-0.012309
-0.012309
-0.012333
-0.012333
-0.012333
-0.012333
-0.012333
-0.012333
-0.012358
-0.012358
-0.012358
-0.012383
-0.012383
-0.012383
-0.012383
-0.012383
-0.012383
-0.012383
-0.012383
-0.012383
-0.012383
-0.012383
-0.012383
-0.012383
-0.012383
-0.012383
-0.012383
-0.012383
-0.012383
-0.012407
-0.012407
-0.012407
-0.012407
-0.012432
-0.012432
-0.012432
-0.012432
-0.012456
-0.012456
-0.012456
-0.012456
-0.012456
-0.012481
-0.012481
-0.012481
-0.012481
-0.012481
-0.012506
-0.012506
-0.012506
-0.012506
-0.012555
-0.012555
-0.012555
-0.01258
-0.012555
-0.01258
-0.01258
-0.01258
-0.012604
-0.012604
-0.01258
-0.012604
-0.012604
-0.012604
-0.012604
-0.012604
-0.012604
-0.01258
-0.01258
-0.01258
-0.01258
-0.01258
-0.01258
-0.01258
-0.01258
-0.012604
-0.012604
-0.012604
-0.012604
-0.012604
-0.012604
-0.012604
-0.012604
-0.012604
-0.012604
-0.012629
-0.012629
-0.012629
-0.012629
-0.012653
-0.012653
-0.012653
-0.012678
-0.012678
-0.012678
-0.012678
-0.012678
-0.012678
-0.012678
-0.012678
-0.012678
-0.012678
-0.012678
-0.012678
-0.012678
-0.012678
-0.012678
-0.012678
-0.012678
-0.012678
-0.012678
-0.012678
-0.012678
-0.012678
-0.012678
-0.012678
-0.012678
-0.012678
-0.012678
-0.012678
-0.012678
-0.012678
-0.012678
-0.012678
-0.012678
-0.012678
-0.012678
-0.012678
-0.012678
-0.012678
-0.012653
-0.012653
-0.012653
-0.012653
-0.012653
-0.012678
-0.012678
-0.012678
-0.012678
-0.012703
-0.012703
-0.012703
-0.012727
-0.012727
-0.012727
-0.012727
-0.012752
-0.012752
-0.012776
-0.012776
-0.012776
-0.012776
-0.012801
-0.012801
-0.012801
-0.012801
-0.012801
-0.012801
-0.012801
-0.012801
-0.012801
-0.012826
-0.012826
-0.012826
-0.012826
-0.012826
-0.012826
-0.012826
-0.01285
-0.01285
-0.01285
-0.012875
-0.012875
-0.012875
-0.012875
-0.012875
-0.012875
-0.0129
-0.0129
-0.012924
-0.012924
-0.012924
-0.012924
-0.012924
-0.012924
-0.012949
-0.012949
-0.012949
-0.012949
-0.012973
-0.012973
-0.012973
-0.012973
-0.012973
-0.012998
-0.012998
-0.012998
-0.012998
-0.012998
-0.013023
-0.013023
-0.013023
-0.013023
-0.013023
-0.013047
-0.013047
-0.013047
-0.013047
-0.013047
-0.013047
-0.013072
-0.013097
-0.013097
-0.013097
-0.013097
-0.013097
-0.013097
-0.013097
-0.013097
-0.013097
-0.013097
-0.013072
-0.013072
-0.013072
-0.013072
-0.013072
-0.013072
-0.013047
-0.013047
-0.013047
-0.013047
-0.013072
-0.013097
-0.013146
-0.01317
-0.01317
-0.01317
-0.01317
-0.01317
-0.013146
-0.013121
-0.013121
-0.013097
-0.013072
-0.013047
-0.013047
-0.013047
-0.013047
-0.013047
-0.013023
-0.013023
-0.013023
-0.012998
-0.012998
-0.012998
-0.012973
-0.012973
-0.012973
-0.012949
-0.012924
-0.012924
-0.0129
-0.0129
-0.0129
-0.0129
-0.0129
-0.0129
-0.012924
-0.012924
-0.012924
-0.012924
-0.012924
-0.012949
-0.012949
-0.012949
-0.012949
-0.012949
-0.012949
-0.012973
-0.012973
-0.012973
-0.012973
-0.012973
-0.012973
-0.012973
-0.012973
-0.012973
-0.012973
-0.012973
-0.012973
-0.012949
-0.012949
-0.012949
-0.012949
-0.012949
-0.012949
-0.012949
-0.012949
-0.012949
-0.012973
-0.012973
-0.012973
-0.012973
-0.012998
-0.012998
-0.012998
-0.013023
-0.013023
-0.013023
-0.013047
-0.013047
-0.013072
-0.013072
-0.013072
-0.013097
-0.013097
-0.013121
-0.013121
-0.013121
-0.013121
-0.013121
-0.013146
-0.013146
-0.013146
-0.01317
-0.01317
-0.01317
-0.01317
-0.01317
-0.01317
-0.01317
-0.013195
-0.013195
-0.013195
-0.013195
-0.013195
-0.013195
-0.013195
-0.01317
-0.01317
-0.01317
-0.01317
-0.01317
-0.01317
-0.01317
-0.013146
-0.013146
-0.013146
-0.013146
-0.013146
-0.013121
-0.013121
-0.013121
-0.013146
-0.013121
-0.013121
-0.013146
-0.013146
-0.013146
-0.013146
-0.01317
-0.01317
-0.01317
-0.013195
-0.013195
-0.013195
-0.013195
-0.013195
-0.01322
-0.01322
-0.01322
-0.01322
-0.01322
-0.01322
-0.013244
-0.013244
-0.013244
-0.013244
-0.013244
-0.013244
-0.013244
-0.013244
-0.013244
-0.013244
-0.013244
-0.013269
-0.013269
-0.013269
-0.013269
-0.013269
-0.013293
-0.013293
-0.013293
-0.013293
-0.013293
-0.013293
-0.013293
-0.013293
-0.013293
-0.013293
-0.013293
-0.013293
-0.013293
-0.013293
-0.013293
-0.013293
-0.013269
-0.013269
-0.013269
-0.013269
-0.013293
-0.013293
-0.013293
-0.013293
-0.013318
-0.013318
-0.013318
-0.013318
-0.013343
-0.013343
-0.013343
-0.013343
-0.013343
-0.013343
-0.013367
-0.013367
-0.013367
-0.013367
-0.013392
-0.013392
-0.013417
-0.013417
-0.013441
-0.013441
-0.013466
-0.013466
-0.013466
-0.01349
-0.01349
-0.01349
-0.013515
-0.013515
-0.013515
-0.013515
-0.013515
-0.013515
-0.013515
-0.013515
-0.013515
-0.013515
-0.013515
-0.013515
-0.013515
-0.013515
-0.013515
-0.01354
-0.01354
-0.013564
-0.013564
-0.013564
-0.013564
-0.013564
-0.013564
-0.01354
-0.01354
-0.01354
-0.013515
-0.01349
-0.01349
-0.01349
-0.01349
-0.01349
-0.013466
-0.013466
-0.013466
-0.013466
-0.01349
-0.013515
-0.013564
-0.013589
-0.013613
-0.013613
-0.013638
-0.013613
-0.013589
-0.013564
-0.013564
-0.013564
-0.01354
-0.013515
-0.01354
-0.01354
-0.01354
-0.01354
-0.01354
-0.01354
-0.01354
-0.01354
-0.01354
-0.01354
-0.01354
-0.01354
-0.013515
-0.013515
-0.013515
-0.013515
-0.013515
-0.013515
-0.013515
-0.01349
-0.013515
-0.01349
-0.01349
-0.013515
-0.013515
-0.013515
-0.013515
-0.01354
-0.01354
-0.01354
-0.013564
-0.013564
-0.013564
-0.013564
-0.013589
-0.013589
-0.013613
-0.013613
-0.013613
-0.013613
-0.013638
-0.013638
-0.013638
-0.013663
-0.013663
-0.013663
-0.013663
-0.013663
-0.013663
-0.013663
-0.013663
-0.013663
-0.013687
-0.013687
-0.013687
-0.013687
-0.013687
-0.013687
-0.013687
-0.013687
-0.013687
-0.013712
-0.013712
-0.013712
-0.013712
-0.013737
-0.013737
-0.013737
-0.013761
-0.013761
-0.013786
-0.013786
-0.013786
-0.01381
-0.01381
-0.01381
-0.01381
-0.01381
-0.01381
-0.013835
-0.013835
-0.013835
-0.013835
-0.01386
-0.01386
-0.01386
-0.01386
-0.01386
-0.01386
-0.01386
-0.013884
-0.013884
-0.013884
-0.013884
-0.013884
-0.013909
-0.013909
-0.013909
-0.013909
-0.013909
-0.013909
-0.013909
-0.013909
-0.013909
-0.013909
-0.013909
-0.013909
-0.013909
-0.013909
-0.013909
-0.013909
-0.013909
-0.013909
-0.013884
-0.013884
-0.013884
-0.013884
-0.013884
-0.013909
-0.013909
-0.013934
-0.013934
-0.013958
-0.013958
-0.013958
-0.013958
-0.013958
-0.013983
-0.013983
-0.013983
-0.013983
-0.013983
-0.013983
-0.013983
-0.013983
-0.014007
-0.014007
-0.014007
-0.014007
-0.014007
-0.014007
-0.014007
-0.014032
-0.014032
-0.014032
-0.014032
-0.014032
-0.014032
-0.014032
-0.014032
-0.014032
-0.014032
-0.014032
-0.014057
-0.014057
-0.014057
-0.014057
-0.014057
-0.014057
-0.014057
-0.014081
-0.014081
-0.014081
-0.014106
-0.014106
-0.014106
-0.014106
-0.01413
-0.01413
-0.01413
-0.01413
-0.01413
-0.01413
-0.01413
-0.01413
-0.01413
-0.01413
-0.01413
-0.01413
-0.014155
-0.014155
-0.014155
-0.01413
-0.01413
-0.01413
-0.014155
-0.014155
-0.014155
-0.014155
-0.014155
-0.014155
-0.01418
-0.01418
-0.01418
-0.014204
-0.014204
-0.014204
-0.014204
-0.014204
-0.014204
-0.014229
-0.014229
-0.014229
-0.014254
-0.014254
-0.014254
-0.014254
-0.014254
-0.014278
-0.014278
-0.014278
-0.014278
-0.014278
-0.014278
-0.014278
-0.014278
-0.014278
-0.014303
-0.014303
-0.014303
-0.014303
-0.014303
-0.014303
-0.014303
-0.014327
-0.014327
-0.014327
-0.014327
-0.014327
-0.014327
-0.014327
-0.014327
-0.014352
-0.014352
-0.014352
-0.014352
-0.014352
-0.014352
-0.014352
-0.014352
-0.014352
-0.014377
-0.014352
-0.014352
-0.014352
-0.014377
-0.014377
-0.014377
-0.014401
-0.014401
-0.014401
-0.014401
-0.014401
-0.014401
-0.014377
-0.014377
-0.014377
-0.014352
-0.014352
-0.014352
-0.014352
-0.014352
-0.014352
-0.014327
-0.014327
-0.014352
-0.014377
-0.014401
-0.014426
-0.014475
-0.0145
-0.0145
-0.0145
-0.0145
-0.0145
-0.014475
-0.014475
-0.01445
-0.01445
-0.014426
-0.014426
-0.014426
-0.014426
-0.014426
-0.014426
-0.014426
-0.014426
-0.014426
-0.014426
-0.014426
-0.014426
-0.014426
-0.014426
-0.01445
-0.014426
-0.014426
-0.014426
-0.014426
-0.014426
-0.01445
-0.01445
-0.01445
-0.01445
-0.01445
-0.01445
-0.01445
-0.014475
-0.014475
-0.014475
-0.014475
-0.014475
-0.014475
-0.014475
-0.014475
-0.014475
-0.014475
-0.014475
-0.014475
-0.014475
-0.014475
-0.014475
-0.014475
-0.014475
-0.014475
-0.014475
-0.01445
-0.01445
-0.01445
-0.01445
-0.01445
-0.01445
-0.01445
-0.01445
-0.01445
-0.01445
-0.01445
-0.01445
-0.01445
-0.014475
-0.014475
-0.014475
-0.014475
-0.014475
-0.014475
-0.014475
-0.014475
-0.014475
-0.014475
-0.0145
-0.0145
-0.0145
-0.0145
-0.0145
-0.0145
-0.0145
-0.0145
-0.014524
-0.014524
-0.014524
-0.014524
-0.014524
-0.014524
-0.014524
-0.014524
-0.014549
-0.014549
-0.014549
-0.014549
-0.014549
-0.014549
-0.014549
-0.014549
-0.014549
-0.014549
-0.014549
-0.014549
-0.014549
-0.014549
-0.014549
-0.014549
-0.014549
-0.014549
-0.014549
-0.014549
-0.014549
-0.014549
-0.014549
-0.014549
-0.014549
-0.014549
-0.014549
-0.014549
-0.014549
-0.014574
-0.014574
-0.014574
-0.014574
-0.014574
-0.014574
-0.014574
-0.014574
-0.014574
-0.014574
-0.014574
-0.014574
-0.014598
-0.014574
-0.014574
-0.014574
-0.014574
-0.014574
-0.014574
-0.014574
-0.014574
-0.014574
-0.014574
-0.014574
-0.014574
-0.014574
-0.014574
-0.014574
-0.014574
-0.014574
-0.014574
-0.014574
-0.014574
-0.014574
-0.014574
-0.014574
-0.014574
-0.014574
-0.014574
-0.014574
-0.014574
-0.014574
-0.014598
-0.014598
-0.014574
-0.014574
-0.014574
-0.014574
-0.014574
-0.014574
-0.014574
-0.014574
-0.014574
-0.014574
-0.014574
-0.014574
-0.014574
-0.014574
-0.014574
-0.014574
-0.014598
-0.014598
-0.014598
-0.014598
-0.014598
-0.014598
-0.014598
-0.014598
-0.014598
-0.014598
-0.014598
-0.014598
-0.014598
-0.014598
-0.014598
-0.014598
-0.014598
-0.014598
-0.014598
-0.014598
-0.014598
-0.014598
-0.014598
-0.014598
-0.014598
-0.014598
-0.014598
-0.014598
-0.014623
-0.014623
-0.014623
-0.014623
-0.014623
-0.014623
-0.014623
-0.014623
-0.014623
-0.014623
-0.014623
-0.014623
-0.014623
-0.014623
-0.014623
-0.014647
-0.014647
-0.014647
-0.014647
-0.014647
-0.014623
-0.014623
-0.014623
-0.014623
-0.014598
-0.014598
-0.014574
-0.014574
-0.014598
-0.014598
-0.014574
-0.014574
-0.014574
-0.014598
-0.014623
-0.014647
-0.014697
-0.014721
-0.014746
-0.014721
-0.014697
-0.014697
-0.014672
-0.014647
-0.014647
-0.014623
-0.014623
-0.014623
-0.014623
-0.014623
-0.014623
-0.014623
-0.014623
-0.014623
-0.014623
-0.014623
-0.014623
-0.014623
-0.014623
-0.014623
-0.014623
-0.014623
-0.014623
-0.014623
-0.014623
-0.014623
-0.014623
-0.014623
-0.014623
-0.014623
-0.014623
-0.014647
-0.014623
-0.014623
-0.014623
-0.014647
-0.014647
-0.014647
-0.014647
-0.014647
-0.014647
-0.014647
-0.014647
-0.014647
-0.014647
-0.014623
-0.014647
-0.014623
-0.014623
-0.014623
-0.014623
-0.014623
-0.014623
-0.014623
-0.014623
-0.014623
-0.014623
-0.014623
-0.014623
-0.014623
-0.014623
-0.014623
-0.014623
-0.014623
-0.014623
-0.014623
-0.014623
-0.014623
-0.014647
-0.014647
-0.014647
-0.014647
-0.014647
-0.014647
-0.014647
-0.014647
-0.014647
-0.014647
-0.014672
-0.014672
-0.014672
-0.014672
-0.014672
-0.014672
-0.014672
-0.014672
-0.014697
-0.014697
-0.014697
-0.014697
-0.014697
-0.014697
-0.014697
-0.014697
-0.014697
-0.014697
-0.014697
-0.014697
-0.014697
-0.014697
-0.014697
-0.014697
-0.014697
-0.014697
-0.014697
-0.014697
-0.014697
-0.014697
-0.014697
-0.014697
-0.014721
-0.014697
-0.014697
-0.014721
-0.014721
-0.014721
-0.014697
-0.014721
-0.014721
-0.014721
-0.014721
-0.014721
-0.014721
-0.014721
-0.014721
-0.014721
-0.014721
-0.014721
-0.014721
-0.014721
-0.014721
-0.014721
-0.014721
-0.014721
-0.014721
-0.014721
-0.014721
-0.014721
-0.014721
-0.014721
-0.014721
-0.014721
-0.014721
-0.014721
-0.014721
-0.014721
-0.014721
-0.014721
-0.014721
-0.014746
-0.014746
-0.014746
-0.014746
-0.014746
-0.014746
-0.014746
-0.014746
-0.014746
-0.014746
-0.014746
-0.014746
-0.014746
-0.014746
-0.014746
-0.014746
-0.014746
-0.014746
-0.014746
-0.014746
-0.014746
-0.014746
-0.014746
-0.014746
-0.014746
-0.014746
-0.014746
-0.014746
-0.014746
-0.014746
-0.014746
-0.014746
-0.014746
-0.014746
-0.014746
-0.014746
-0.014746
-0.014746
-0.014746
-0.014746
-0.014746
-0.014746
-0.014746
-0.014746
-0.014746
-0.014746
-0.014746
-0.014771
-0.014771
-0.014771
-0.014746
-0.014746
-0.014746
-0.014746
-0.014746
-0.014746
-0.014771
-0.014771
-0.014771
-0.014771
-0.014771
-0.014771
-0.014771
-0.014771
-0.014771
-0.014771
-0.014771
-0.014771
-0.014771
-0.014795
-0.014771
-0.014771
-0.014771
-0.014771
-0.014771
-0.014771
-0.014771
-0.014771
-0.014795
-0.014795
-0.014795
-0.014795
-0.014795
-0.014795
-0.014795
-0.014795
-0.014795
-0.014795
-0.014795
-0.014795
-0.014795
-0.01482
-0.01482
-0.014795
-0.01482
-0.01482
-0.01482
-0.01482
-0.014795
-0.014795
-0.014795
-0.01482
-0.01482
-0.01482
-0.014844
-0.014844
-0.014844
-0.014844
-0.01482
-0.01482
-0.01482
-0.014795
-0.014795
-0.014771
-0.014771
-0.014771
-0.014771
-0.014771
-0.014771
-0.014771
-0.014746
-0.014771
-0.014795
-0.01482
-0.014869
-0.014894
-0.014918
-0.014918
-0.014918
-0.014918
-0.014844
-0.01482
-0.014795
-0.014795
-0.014795
-0.014795
-0.014795
-0.014795
-0.014795
-0.014795
-0.014795
-0.014795
-0.014771
-0.014771
-0.014771
-0.014771
-0.014771
-0.014771
-0.014746
-0.014746
-0.014746
-0.014746
-0.014746
-0.014746
-0.014746
-0.014746
-0.014746
-0.014746
-0.014746
-0.014746
-0.014746
-0.014721
-0.014721
-0.014721
-0.014721
-0.014721
-0.014721
-0.014721
-0.014721
-0.014721
-0.014721
-0.014721
-0.014721
-0.014721
-0.014721
-0.014721
-0.014721
-0.014721
-0.014721
-0.014697
-0.014697
-0.014697
-0.014697
-0.014697
-0.014672
-0.014672
-0.014672
-0.014672
-0.014672
-0.014672
-0.014672
-0.014672
-0.014672
-0.014672
-0.014697
-0.014697
-0.014697
-0.014697
-0.014697
-0.014697
-0.014697
-0.014697
-0.014697
-0.014721
-0.014721
-0.014721
-0.014721
-0.014746
-0.014746
-0.014746
-0.014795
-0.014795
-0.014795
-0.01482
-0.01482
-0.01482
-0.014844
-0.014844
-0.014844
-0.014844
-0.014844
-0.014844
-0.014844
-0.014844
-0.014844
-0.014844
-0.014844
-0.014844
-0.014844
-0.014844
-0.01482
-0.01482
-0.01482
-0.01482
-0.01482
-0.01482
-0.01482
-0.01482
-0.01482
-0.01482
-0.01482
-0.01482
-0.01482
-0.01482
-0.01482
-0.014844
-0.014844
-0.014844
-0.014844
-0.014869
-0.014894
-0.014918
-0.014918
-0.014918
-0.014918
-0.014918
-0.014918
-0.014918
-0.014918
-0.014918
-0.014918
-0.014943
-0.014943
-0.014943
-0.014943
-0.014943
-0.014943
-0.014943
-0.014967
-0.014967
-0.014967
-0.014967
-0.014992
-0.014992
-0.014992
-0.015017
-0.015017
-0.015017
-0.015017
-0.015041
-0.015041
-0.015041
-0.015041
-0.015066
-0.015066
-0.015066
-0.015066
-0.015091
-0.015091
-0.015091
-0.015115
-0.015115
-0.015115
-0.015115
-0.015115
-0.015115
-0.015115
-0.015115
-0.015115
-0.015115
-0.015115
-0.015115
-0.01514
-0.01514
-0.01514
-0.01514
-0.01514
-0.015164
-0.015164
-0.015164
-0.015164
-0.015164
-0.015164
-0.015189
-0.015164
-0.015189
-0.015189
-0.015189
-0.015189
-0.015189
-0.015189
-0.015189
-0.015189
-0.015214
-0.015214
-0.015214
-0.015214
-0.015214
-0.015238
-0.015238
-0.015238
-0.015238
-0.015263
-0.015263
-0.015263
-0.015263
-0.015263
-0.015263
-0.015263
-0.015263
-0.015287
-0.015287
-0.015287
-0.015287
-0.015287
-0.015287
-0.015287
-0.015287
-0.015287
-0.015287
-0.015312
-0.015312
-0.015312
-0.015312
-0.015312
-0.015312
-0.015312
-0.015312
-0.015312
-0.015337
-0.015337
-0.015337
-0.015337
-0.015337
-0.015337
-0.015337
-0.015337
-0.015312
-0.015337
-0.015337
-0.015361
-0.015361
-0.015361
-0.015337
-0.015337
-0.015337
-0.015337
-0.015312
-0.015312
-0.015312
-0.015312
-0.015312
-0.015287
-0.015287
-0.015287
-0.015312
-0.015337
-0.015361
-0.015411
-0.015435
-0.01546
-0.01546
-0.01546
-0.015435
-0.015435
-0.015411
-0.015411
-0.015386
-0.015361
-0.015337
-0.015337
-0.015337
-0.015337
-0.015337
-0.015337
-0.015337
-0.015337
-0.015337
-0.015337
-0.015337
-0.015312
-0.015312
-0.015312
-0.015312
-0.015312
-0.015312
-0.015312
-0.015312
-0.015312
-0.015312
-0.015312
-0.015312
-0.015312
-0.015312
-0.015312
-0.015312
-0.015312
-0.015312
-0.015312
-0.015312
-0.015312
-0.015312
-0.015312
-0.015312
-0.015312
-0.015312
-0.015312
-0.015312
-0.015312
-0.015312
-0.015312
-0.015312
-0.015312
-0.015312
-0.015287
-0.015287
-0.015287
-0.015312
-0.015312
-0.015312
-0.015312
-0.015312
-0.015312
-0.015312
-0.015312
-0.015312
-0.015312
-0.015312
-0.015337
-0.015337
-0.015337
-0.015337
-0.015337
-0.015361
-0.015361
-0.015361
-0.015361
-0.015361
-0.015386
-0.015386
-0.015386
-0.015386
-0.015386
-0.015411
-0.015411
-0.015411
-0.015411
-0.015411
-0.015411
-0.015411
-0.015435
-0.015435
-0.015435
-0.015435
-0.015435
-0.01546
-0.01546
-0.01546
-0.01546
-0.01546
-0.01546
-0.01546
-0.01546
-0.01546
-0.01546
-0.01546
-0.01546
-0.01546
-0.01546
-0.01546
-0.01546
-0.01546
-0.015484
-0.015484
-0.015484
-0.015484
-0.015484
-0.015484
-0.015484
-0.015484
-0.015509
-0.015509
-0.015509
-0.015509
-0.015509
-0.015509
-0.015534
-0.015534
-0.015534
-0.015534
-0.015534
-0.015534
-0.015534
-0.015534
-0.015534
-0.015558
-0.015558
-0.015558
-0.015558
-0.015534
-0.015558
-0.015558
-0.015558
-0.015558
-0.015558
-0.015583
-0.015583
-0.015583
-0.015583
-0.015583
-0.015583
-0.015583
-0.015583
-0.015583
-0.015583
-0.015608
-0.015608
-0.015608
-0.015608
-0.015608
-0.015608
-0.015608
-0.015608
-0.015608
-0.015608
-0.015608
-0.015608
-0.015632
-0.015632
-0.015632
-0.015632
-0.015632
-0.015632
-0.015657
-0.015657
-0.015657
-0.015657
-0.015657
-0.015657
-0.015657
-0.015657
-0.015657
-0.015657
-0.015657
-0.015657
-0.015657
-0.015657
-0.015657
-0.015681
-0.015681
-0.015657
-0.015657
-0.015657
-0.015657
-0.015657
-0.015657
-0.015657
-0.015657
-0.015681
-0.015681
-0.015681
-0.015681
-0.015681
-0.015681
-0.015681
-0.015681
-0.015681
-0.015681
-0.015681
-0.015681
-0.015681
-0.015681
-0.015681
-0.015681
-0.015681
-0.015681
-0.015681
-0.015681
-0.015681
-0.015681
-0.015706
-0.015706
-0.015706
-0.015706
-0.015706
-0.015706
-0.015706
-0.015706
-0.015706
-0.015706
-0.015706
-0.015706
-0.015706
-0.015706
-0.015706
-0.015706
-0.015706
-0.015706
-0.015706
-0.015706
-0.015706
-0.015706
-0.015706
-0.015706
-0.015706
-0.015706
-0.015706
-0.015706
-0.015706
-0.015706
-0.015706
-0.015706
-0.015706
-0.015731
-0.015731
-0.015731
-0.015731
-0.015731
-0.015731
-0.015731
-0.015731
-0.015731
-0.015731
-0.015731
-0.015731
-0.015755
-0.015755
-0.015755
-0.015755
-0.015755
-0.015755
-0.015731
-0.015731
-0.015731
-0.015706
-0.015706
-0.015706
-0.015706
-0.015706
-0.015706
-0.015681
-0.015681
-0.015681
-0.015706
-0.015731
-0.01578
-0.015804
-0.015829
-0.015854
-0.015854
-0.015854
-0.015829
-0.015829
-0.015804
-0.015804
-0.01578
-0.015755
-0.015755
-0.015731
-0.015731
-0.015731
-0.015731
-0.015731
-0.015731
-0.015731
-0.015731
-0.015731
-0.015731
-0.015731
-0.015731
-0.015731
-0.015731
-0.015731
-0.015731
-0.015706
-0.015706
-0.015706
-0.015706
-0.015706
-0.015706
-0.015706
-0.015706
-0.015706
-0.015706
-0.015731
-0.015706
-0.015731
-0.015706
-0.015731
-0.015731
-0.015731
-0.015731
-0.015731
-0.015731
-0.015731
-0.015731
-0.015731
-0.015731
-0.015731
-0.015731
-0.015731
-0.015706
-0.015706
-0.015706
-0.015706
-0.015706
-0.015706
-0.015706
-0.015706
-0.015706
-0.015706
-0.015706
-0.015706
-0.015706
-0.015731
-0.015731
-0.015731
-0.015731
-0.015731
-0.015731
-0.015755
-0.015755
-0.015755
-0.015755
-0.015755
-0.015755
-0.015755
-0.015755
-0.015755
-0.01578
-0.01578
-0.01578
-0.01578
-0.01578
-0.01578
-0.01578
-0.01578
-0.01578
-0.01578
-0.01578
-0.01578
-0.01578
-0.01578
-0.01578
-0.01578
-0.01578
-0.01578
-0.01578
-0.01578
-0.01578
-0.01578
-0.01578
-0.01578
-0.01578
-0.01578
-0.01578
-0.01578
-0.01578
-0.01578
-0.01578
-0.01578
-0.01578
-0.01578
-0.01578
-0.01578
-0.01578
-0.01578
-0.01578
-0.01578
-0.01578
-0.01578
-0.01578
-0.01578
-0.01578
-0.01578
-0.01578
-0.01578
-0.015804
-0.015804
-0.01578
-0.015804
-0.015804
-0.015804
-0.015804
-0.015804
-0.015804
-0.015804
-0.015804
-0.015804
-0.015804
-0.015804
-0.015804
-0.015804
-0.015804
-0.015804
-0.015804
-0.015804
-0.015804
-0.015804
-0.015804
-0.015804
-0.015804
-0.015804
-0.015804
-0.015804
-0.015804
-0.015804
-0.015804
-0.015804
-0.015804
-0.015804
-0.015804
-0.015804
-0.015804
-0.015804
-0.015804
-0.015804
-0.015804
-0.015804
-0.015804
-0.015804
-0.015804
-0.015804
-0.015804
-0.015804
-0.015804
-0.015804
-0.015804
-0.015804
-0.015804
-0.015804
-0.015804
-0.015804
-0.015804
-0.01578
-0.01578
-0.01578
-0.01578
-0.01578
-0.01578
-0.01578
-0.01578
-0.01578
-0.01578
-0.01578
-0.01578
-0.01578
-0.01578
-0.01578
-0.01578
-0.01578
-0.01578
-0.01578
-0.01578
-0.01578
-0.01578
-0.01578
-0.01578
-0.01578
-0.01578
-0.01578
-0.01578
-0.01578
-0.01578
-0.015804
-0.015804
-0.015804
-0.015804
-0.015804
-0.015804
-0.015804
-0.015804
-0.015804
-0.015804
-0.015804
-0.015804
-0.015804
-0.015804
-0.015804
-0.015804
-0.015804
-0.015804
-0.015804
-0.015804
-0.015804
-0.015804
-0.015804
-0.015804
-0.015829
-0.015829
-0.015854
-0.015854
-0.015854
-0.015854
-0.015854
-0.015829
-0.015829
-0.015804
-0.015804
-0.01578
-0.015755
-0.015731
-0.015706
-0.015681
-0.015681
-0.015706
-0.015731
-0.015755
-0.01578
-0.015804
-0.015804
-0.015829
-0.015804
-0.015804
-0.01578
-0.015755
-0.015755
-0.015731
-0.015706
-0.015706
-0.015706
-0.015706
-0.015706
-0.015706
-0.015706
-0.015706
-0.015706
-0.015706
-0.015706
-0.015706
-0.015706
-0.015706
-0.015706
-0.015706
-0.015706
-0.015706
-0.015706
-0.015706
-0.015706
-0.015706
-0.015706
-0.015706
-0.015706
-0.015706
-0.015706
-0.015681
-0.015681
-0.015706
-0.015706
-0.015706
-0.015706
-0.015706
-0.015731
-0.015731
-0.015731
-0.015755
-0.015755
-0.015755
-0.015755
-0.015755
-0.015755
-0.015755
-0.015755
-0.015755
-0.015755
-0.015755
-0.015755
-0.015755
-0.015755
-0.015755
-0.015731
-0.015731
-0.015731
-0.015731
-0.015731
-0.015731
-0.015731
-0.015731
-0.015755
-0.015755
-0.015755
-0.015755
-0.015755
-0.015755
-0.01578
-0.01578
-0.01578
-0.015804
-0.015804
-0.015804
-0.015804
-0.015804
-0.015829
-0.015829
-0.015854
-0.015854
-0.015854
-0.015878
-0.015878
-0.015903
-0.015903
-0.015928
-0.015928
-0.015928
-0.015952
-0.015952
-0.015952
-0.015952
-0.015952
-0.015952
-0.015952
-0.015952
-0.015952
-0.015952
-0.015952
-0.015952
-0.015928
-0.015928
-0.015928
-0.015903
-0.015903
-0.015903
-0.015903
-0.015903
-0.015903
-0.015903
-0.015903
-0.015903
-0.015903
-0.015903
-0.015903
-0.015903
-0.015903
-0.015903
-0.015928
-0.015928
-0.015928
-0.015952
-0.015952
-0.015977
-0.015977
-0.015977
-0.015977
-0.016001
-0.016001
-0.016001
-0.016001
-0.016001
-0.016001
-0.016001
-0.016001
-0.016001
-0.016001
-0.016001
-0.016001
-0.016001
-0.016001
-0.016001
-0.016001
-0.016001
-0.016026
-0.016026
-0.016026
-0.016051
-0.016051
-0.016051
-0.016051
-0.016051
-0.016051
-0.016075
-0.016075
-0.016075
-0.016075
-0.016075
-0.016075
-0.016051
-0.016051
-0.016051
-0.016051
-0.016026
-0.016026
-0.016001
-0.016001
-0.015977
-0.015977
-0.015977
-0.015977
-0.015952
-0.015977
-0.015977
-0.015977
-0.015977
-0.015977
-0.016001
-0.016001
-0.016001
-0.016026
-0.016026
-0.016026
-0.016051
-0.016051
-0.016051
-0.016051
-0.016075
-0.016075
-0.016075
-0.016075
-0.016051
-0.016051
-0.016051
-0.016051
-0.016051
-0.016051
-0.016051
-0.016051
-0.016051
-0.016051
-0.016051
-0.016051
-0.016051
-0.016051
-0.016051
-0.016075
-0.016075
-0.016075
-0.016075
-0.0161
-0.0161
-0.0161
-0.0161
-0.0161
-0.016124
-0.016124
-0.016124
-0.016124
-0.016124
-0.016124
-0.016124
-0.016124
-0.016124
