2018
6
28
9
28
47.704
-0.083724
-0.083724
-0.083749
-0.083773
-0.083798
-0.083798
-0.083798
-0.083823
-0.083823
-0.083798
-0.083823
-0.083823
-0.083823
-0.083847
-0.083847
-0.083847
-0.083847
-0.083847
-0.083847
-0.083847
-0.083847
-0.083872
-0.083872
-0.083847
-0.083823
-0.083823
-0.083823
-0.083823
-0.083823
-0.083823
-0.083823
-0.083798
-0.083823
-0.083847
-0.083847
-0.083823
-0.083823
-0.083823
-0.083823
-0.083823
-0.083847
-0.083847
-0.083847
-0.083872
-0.083847
-0.083847
-0.083847
-0.083847
-0.083847
-0.083847
-0.083847
-0.083847
-0.083847
-0.083847
-0.083847
-0.083847
-0.083847
-0.083847
-0.083847
-0.083847
-0.083872
-0.083872
-0.083847
-0.083847
-0.083847
-0.083847
-0.083847
-0.083847
-0.083847
-0.083847
-0.083847
-0.083823
-0.083823
-0.083823
-0.083823
-0.083823
-0.083798
-0.083798
-0.083798
-0.083798
-0.083798
-0.083798
-0.083798
-0.083798
-0.083798
-0.083798
-0.083798
-0.083798
-0.083798
-0.083773
-0.083773
-0.083773
-0.083749
-0.083749
-0.083724
-0.0837
-0.0837
-0.083724
-0.083724
-0.083724
-0.083724
-0.083724
-0.083724
-0.083724
-0.0837
-0.0837
-0.0837
-0.0837
-0.0837
-0.083675
-0.0837
-0.0837
-0.083675
-0.08365
-0.083626
-0.083626
-0.083626
-0.083626
-0.083626
-0.083601
-0.083576
-0.083552
-0.083552
-0.083576
-0.083552
-0.083552
-0.083552
-0.083527
-0.083527
-0.083503
-0.083503
-0.083478
-0.083478
-0.083503
-0.083503
-0.083478
-0.083478
-0.083478
-0.083478
-0.083478
-0.083478
-0.083478
-0.083503
-0.083503
-0.083478
-0.083478
-0.083453
-0.083478
-0.083478
-0.083478
-0.083453
-0.083453
-0.083429
-0.083453
-0.083453
-0.083453
-0.083453
-0.083453
-0.083453
-0.083453
-0.083429
-0.083429
-0.083429
-0.083429
-0.083429
-0.083453
-0.083453
-0.083453
-0.083453
-0.083429
-0.083429
-0.083429
-0.083404
-0.083404
-0.083404
-0.08338
-0.083404
-0.083404
-0.08338
-0.08338
-0.083404
-0.083404
-0.08338
-0.08338
-0.083404
-0.083404
-0.083404
-0.083404
-0.083429
-0.083429
-0.083429
-0.083429
-0.083429
-0.083429
-0.083429
-0.083429
-0.083429
-0.083429
-0.083429
-0.083453
-0.083453
-0.083453
-0.083453
-0.083453
-0.083453
-0.083453
-0.083453
-0.083453
-0.083478
-0.083478
-0.083478
-0.083478
-0.083478
-0.083478
-0.083503
-0.083503
-0.083503
-0.083503
-0.083478
-0.083478
-0.083478
-0.083503
-0.083503
-0.083503
-0.083503
-0.083503
-0.083503
-0.083503
-0.083478
-0.083478
-0.083478
-0.083478
-0.083478
-0.083503
-0.083478
-0.083478
-0.083478
-0.083478
-0.083453
-0.083453
-0.083429
-0.083429
-0.083429
-0.083429
-0.083429
-0.083429
-0.083429
-0.083429
-0.083429
-0.083429
-0.083453
-0.083453
-0.083453
-0.083478
-0.083478
-0.083478
-0.083478
-0.083503
-0.083503
-0.083527
-0.083527
-0.083503
-0.083503
-0.083503
-0.083527
-0.083527
-0.083552
-0.083576
-0.083552
-0.083552
-0.083552
-0.083576
-0.083576
-0.083601
-0.083601
-0.083601
-0.083601
-0.083601
-0.083601
-0.083601
-0.083626
-0.083601
-0.083626
-0.08365
-0.0837
-0.083749
-0.083798
-0.083896
-0.08397
-0.084044
-0.084143
-0.084192
-0.084069
-0.083773
-0.08365
-0.083626
-0.083626
-0.083675
-0.0837
-0.083724
-0.083749
-0.083749
-0.083749
-0.083749
-0.083773
-0.083773
-0.083749
-0.083749
-0.083749
-0.083749
-0.083773
-0.083773
-0.083773
-0.083773
-0.083798
-0.083773
-0.083773
-0.083773
-0.083773
-0.083773
-0.083773
-0.083773
-0.083773
-0.083773
-0.083798
-0.083823
-0.083823
-0.083823
-0.083847
-0.083847
-0.083872
-0.083896
-0.083896
-0.083896
-0.083896
-0.083921
-0.083921
-0.083921
-0.083921
-0.083921
-0.083921
-0.083921
-0.083946
-0.083946
-0.083946
-0.083946
-0.083946
-0.083946
-0.083946
-0.083946
-0.083946
-0.083921
-0.083921
-0.083946
-0.083946
-0.083946
-0.08397
-0.08397
-0.08397
-0.083995
-0.08402
-0.084044
-0.084069
-0.084093
-0.084093
-0.084093
-0.084069
-0.084093
-0.084093
-0.084118
-0.084118
-0.084118
-0.084143
-0.084167
-0.084143
-0.084143
-0.084143
-0.084167
-0.084167
-0.084167
-0.084167
-0.084192
-0.084192
-0.084192
-0.084192
-0.084192
-0.084192
-0.084167
-0.084167
-0.084167
-0.084167
-0.084167
-0.084192
-0.084192
-0.084192
-0.084192
-0.084192
-0.084192
-0.084192
-0.084192
-0.084217
-0.084217
-0.084241
-0.084241
-0.084241
-0.084241
-0.084241
-0.084241
-0.084241
-0.084266
-0.084266
-0.084266
-0.084266
-0.084266
-0.08429
-0.084266
-0.08429
-0.08429
-0.08429
-0.08429
-0.084315
-0.084315
-0.084315
-0.08434
-0.08434
-0.08434
-0.08434
-0.084364
-0.084364
-0.084389
-0.084413
-0.084413
-0.084413
-0.084438
-0.084438
-0.084413
-0.084438
-0.084438
-0.084438
-0.084438
-0.084438
-0.084438
-0.084438
-0.084438
-0.084438
-0.084438
-0.084438
-0.084438
-0.084438
-0.084463
-0.084463
-0.084463
-0.08434
-0.084192
-0.084167
-0.084167
-0.084167
-0.084192
-0.084217
-0.084217
-0.084241
-0.084266
-0.084266
-0.084266
-0.08429
-0.08429
-0.08429
-0.08429
-0.08429
-0.084315
-0.084315
-0.084315
-0.084315
-0.084315
-0.084315
-0.084315
-0.084315
-0.084315
-0.08434
-0.08434
-0.08434
-0.08434
-0.084364
-0.084364
-0.08434
-0.084364
-0.084364
-0.084364
-0.084364
-0.084364
-0.084364
-0.084389
-0.084364
-0.084364
-0.084364
-0.084364
-0.084364
-0.084364
-0.084364
-0.084364
-0.084364
-0.084364
-0.084364
-0.084364
-0.084364
-0.084364
-0.084364
-0.084389
-0.084413
-0.084413
-0.084413
-0.084413
-0.084413
-0.084438
-0.084413
-0.084413
-0.084389
-0.084413
-0.084413
-0.084389
-0.084389
-0.084389
-0.084389
-0.084364
-0.084389
-0.084389
-0.084364
-0.084364
-0.084389
-0.084389
-0.084413
-0.084389
-0.084389
-0.084389
-0.084413
-0.084413
-0.084413
-0.084413
-0.084413
-0.084413
-0.084438
-0.084413
-0.084413
-0.084438
-0.084438
-0.084438
-0.084438
-0.084438
-0.084438
-0.084438
-0.084438
-0.084438
-0.084438
-0.084438
-0.084438
-0.084438
-0.084438
-0.084438
-0.084413
-0.084413
-0.084586
-0.08466
-0.084733
-0.084807
-0.084906
-0.084881
-0.08466
-0.084413
-0.08434
-0.08434
-0.084364
-0.084389
-0.084389
-0.084389
-0.084364
-0.084364
-0.084364
-0.084364
-0.084364
-0.084364
-0.08434
-0.084364
-0.084364
-0.08434
-0.08434
-0.08434
-0.08434
-0.08434
-0.08434
-0.08434
-0.08434
-0.08434
-0.084364
-0.084364
-0.084364
-0.084364
-0.084364
-0.08434
-0.08434
-0.08434
-0.08434
-0.08434
-0.08434
-0.084315
-0.08434
-0.08434
-0.08434
-0.08434
-0.084315
-0.084315
-0.084315
-0.084315
-0.084315
-0.084315
-0.08429
-0.08429
-0.08429
-0.08429
-0.08429
-0.08429
-0.084266
-0.084266
-0.084266
-0.084266
-0.084266
-0.084266
-0.084241
-0.084241
-0.084241
-0.084241
-0.084217
-0.084217
-0.084192
-0.084192
-0.084192
-0.084192
-0.084167
-0.084167
-0.084167
-0.084143
-0.084118
-0.084118
-0.084093
-0.084093
-0.084118
-0.084118
-0.084118
-0.084093
-0.084069
-0.084069
-0.084069
-0.084044
-0.084044
-0.08402
-0.08402
-0.08402
-0.083995
-0.083995
-0.08397
-0.08397
-0.08397
-0.083946
-0.083921
-0.083921
-0.083921
-0.083896
-0.083896
-0.083896
-0.083896
-0.083896
-0.083896
-0.083896
-0.083896
-0.083872
-0.083872
-0.083872
-0.083847
-0.083847
-0.083823
-0.083823
-0.083773
-0.083773
-0.083773
-0.083749
-0.083749
-0.083749
-0.083749
-0.083749
-0.083724
-0.083724
-0.0837
-0.0837
-0.0837
-0.0837
-0.083675
-0.08365
-0.08365
-0.08365
-0.083626
-0.083601
-0.083601
-0.083626
-0.083626
-0.083601
-0.083601
-0.083601
-0.083576
-0.083576
-0.083552
-0.083552
-0.083552
-0.083527
-0.083527
-0.083527
-0.083527
-0.083527
-0.083527
-0.083527
-0.083503
-0.083503
-0.083453
-0.083453
-0.083453
-0.083453
-0.083453
-0.083453
-0.083453
-0.083453
-0.083453
-0.083453
-0.083453
-0.083453
-0.083478
-0.083478
-0.083478
-0.083453
-0.083453
-0.083478
-0.083453
-0.083453
-0.083429
-0.083429
-0.083453
-0.083453
-0.083429
-0.083404
-0.083404
-0.083404
-0.083404
-0.083404
-0.083404
-0.08338
-0.08338
-0.083404
-0.08338
-0.08338
-0.08338
-0.08338
-0.08338
-0.08338
-0.08338
-0.08338
-0.083404
-0.083404
-0.083404
-0.083404
-0.083404
-0.083404
-0.083404
-0.083404
-0.08338
-0.08338
-0.08338
-0.08338
-0.08338
-0.08338
-0.08338
-0.08338
-0.083355
-0.083355
-0.083355
-0.083355
-0.083355
-0.083355
-0.083355
-0.08338
-0.08338
-0.083355
-0.083355
-0.083355
-0.083355
-0.08333
-0.08333
-0.08333
-0.08333
-0.08333
-0.083306
-0.083306
-0.083306
-0.083306
-0.083306
-0.08333
-0.083306
-0.083306
-0.083306
-0.083306
-0.083306
-0.083306
-0.083306
-0.083306
-0.083306
-0.083306
-0.08333
-0.08333
-0.08333
-0.083306
-0.08333
-0.08333
-0.083306
-0.083306
-0.083306
-0.083306
-0.08333
-0.08333
-0.083306
-0.08333
-0.083355
-0.08338
-0.08333
-0.08333
-0.08338
-0.083355
-0.08333
-0.083355
-0.083355
-0.083355
-0.083355
-0.083355
-0.08333
-0.08333
-0.083355
-0.083355
-0.08333
-0.08333
-0.08333
-0.08333
-0.083306
-0.083306
-0.083306
-0.083306
-0.083281
-0.083281
-0.083306
-0.08333
-0.08338
-0.083429
-0.083478
-0.083552
-0.083626
-0.083724
-0.083798
-0.083724
-0.083404
-0.083207
-0.083183
-0.083183
-0.083207
-0.083232
-0.083232
-0.083232
-0.083256
-0.083256
-0.083256
-0.083256
-0.083256
-0.083256
-0.083256
-0.083256
-0.083281
-0.083306
-0.08333
-0.08333
-0.08333
-0.08333
-0.08333
-0.08333
-0.08333
-0.08333
-0.08333
-0.08333
-0.08333
-0.08333
-0.08333
-0.083355
-0.083355
-0.083355
-0.08338
-0.08338
-0.08338
-0.08338
-0.08338
-0.08338
-0.08338
-0.08338
-0.08338
-0.08338
-0.08338
-0.08338
-0.08338
-0.08338
-0.08338
-0.08338
-0.08338
-0.08338
-0.08338
-0.083355
-0.083355
-0.083355
-0.08333
-0.08333
-0.08338
-0.08338
-0.08338
-0.08338
-0.08338
-0.083404
-0.083404
-0.083404
-0.083404
-0.083404
-0.083404
-0.083404
-0.083404
-0.083429
-0.083453
-0.083453
-0.083478
-0.083478
-0.083478
-0.083478
-0.083478
-0.083503
-0.083503
-0.083527
-0.083527
-0.083527
-0.083527
-0.083552
-0.083552
-0.083552
-0.083552
-0.083552
-0.083552
-0.083552
-0.083552
-0.083552
-0.083552
-0.083552
-0.083552
-0.083552
-0.083576
-0.083576
-0.083576
-0.083576
-0.083601
-0.083626
-0.083626
-0.083601
-0.083601
-0.083601
-0.083626
-0.083626
-0.083626
-0.083601
-0.083601
-0.083626
-0.083626
-0.083626
-0.083626
-0.083626
-0.08365
-0.08365
-0.08365
-0.083626
-0.083626
-0.083626
-0.083626
-0.083626
-0.083626
-0.08365
-0.08365
-0.083675
-0.083675
-0.083675
-0.0837
-0.0837
-0.0837
-0.083724
-0.083724
-0.083724
-0.083773
-0.083798
-0.083798
-0.083798
-0.083798
-0.083823
-0.083847
-0.083872
-0.083872
-0.083872
-0.083872
-0.083896
-0.083896
-0.083896
-0.083872
-0.083872
-0.083896
-0.083896
-0.083896
-0.083921
-0.083921
-0.083921
-0.083946
-0.083946
-0.08397
-0.08397
-0.08397
-0.08397
-0.08397
-0.08397
-0.083995
-0.083995
-0.083995
-0.083995
-0.083995
-0.083995
-0.083995
-0.08402
-0.08402
-0.08402
-0.084044
-0.084044
-0.084044
-0.084044
-0.084044
-0.084044
-0.084044
-0.084044
-0.084044
-0.084069
-0.084069
-0.084069
-0.084069
-0.084069
-0.084093
-0.084093
-0.084093
-0.084118
-0.084118
-0.084143
-0.084143
-0.084143
-0.084143
-0.084143
-0.084167
-0.084167
-0.084167
-0.084167
-0.084167
-0.084167
-0.084192
-0.084192
-0.084167
-0.084167
-0.084167
-0.084167
-0.084167
-0.084192
-0.084192
-0.084192
-0.084192
-0.084217
-0.084192
-0.084192
-0.084192
-0.084192
-0.084192
-0.084192
-0.084192
-0.084192
-0.084217
-0.084217
-0.084217
-0.084192
-0.084192
-0.084192
-0.084192
-0.084192
-0.084192
-0.084192
-0.084217
-0.084217
-0.084217
-0.084217
-0.084217
-0.084217
-0.084217
-0.084217
-0.084217
-0.084217
-0.084217
-0.084241
-0.084241
-0.084217
-0.084217
-0.084217
-0.084217
-0.084217
-0.084192
-0.084192
-0.084241
-0.084241
-0.084241
-0.084241
-0.084241
-0.084241
-0.084241
-0.084241
-0.084241
-0.084241
-0.084217
-0.084217
-0.084217
-0.084217
-0.084217
-0.084241
-0.084192
-0.084167
-0.084241
-0.084266
-0.08429
-0.084364
-0.084438
-0.084512
-0.08461
-0.084684
-0.084635
-0.084389
-0.084143
-0.084118
-0.084118
-0.084143
-0.084167
-0.084167
-0.084167
-0.084167
-0.084167
-0.084143
-0.084143
-0.084167
-0.084143
-0.084143
-0.084143
-0.084143
-0.084143
-0.084167
-0.084167
-0.084167
-0.084167
-0.084167
-0.084167
-0.084167
-0.084167
-0.084143
-0.084143
-0.084143
-0.084143
-0.084118
-0.084118
-0.084118
-0.084118
-0.084093
-0.084093
-0.084093
-0.084069
-0.084069
-0.084069
-0.084044
-0.084044
-0.084044
-0.08402
-0.08402
-0.08402
-0.083995
-0.083995
-0.083995
-0.08397
-0.08397
-0.08397
-0.083946
-0.083921
-0.083921
-0.083921
-0.083896
-0.083872
-0.083872
-0.083872
-0.083872
-0.083847
-0.083847
-0.083823
-0.083823
-0.083823
-0.083823
-0.083798
-0.083798
-0.083773
-0.083749
-0.083749
-0.083749
-0.083749
-0.083749
-0.083749
-0.083724
-0.083724
-0.0837
-0.0837
-0.083675
-0.083675
-0.083675
-0.083675
-0.08365
-0.083626
-0.083626
-0.083601
-0.083601
-0.083576
-0.083576
-0.083552
-0.083527
-0.083503
-0.083503
-0.083478
-0.083478
-0.083478
-0.083453
-0.083453
-0.083453
-0.083429
-0.083429
-0.083429
-0.083453
-0.083453
-0.083453
-0.083453
-0.083453
-0.083453
-0.083453
-0.083453
-0.083453
-0.083453
-0.083453
-0.083429
-0.083429
-0.083429
-0.083429
-0.083429
-0.083404
-0.083404
-0.083429
-0.083429
-0.083429
-0.083404
-0.083404
-0.083404
-0.08338
-0.08338
-0.08338
-0.08338
-0.08338
-0.08338
-0.08338
-0.083404
-0.083404
-0.083404
-0.08338
-0.08338
-0.08338
-0.08338
-0.08338
-0.08338
-0.083355
-0.083355
-0.083355
-0.083355
-0.083355
-0.083355
-0.083355
-0.083355
-0.083355
-0.083355
-0.083355
-0.083355
-0.083355
-0.083355
-0.083355
-0.083355
-0.083355
-0.083355
-0.083355
-0.08333
-0.08333
-0.08333
-0.08333
-0.08333
-0.08333
-0.08333
-0.08333
-0.08333
-0.08333
-0.08333
-0.08333
-0.08333
-0.08333
-0.08333
-0.08333
-0.08333
-0.08333
-0.08333
-0.08333
-0.08333
-0.083306
-0.083306
-0.08333
-0.08333
-0.08333
-0.08333
-0.08333
-0.08333
-0.08333
-0.08333
-0.083306
-0.08333
-0.08333
-0.083306
-0.08333
-0.083306
-0.083306
-0.08333
-0.08333
-0.08333
-0.083306
-0.083306
-0.083306
-0.083306
-0.083281
-0.083306
-0.083306
-0.083306
-0.083306
-0.083281
-0.083281
-0.083281
-0.083281
-0.083256
-0.083256
-0.083256
-0.083256
-0.083256
-0.083256
-0.083256
-0.083256
-0.083256
-0.083232
-0.083232
-0.083232
-0.083207
-0.083207
-0.083183
-0.083207
-0.083207
-0.083207
-0.083207
-0.083207
-0.083207
-0.083207
-0.083207
-0.083232
-0.083232
-0.083256
-0.083256
-0.083256
-0.083232
-0.083232
-0.083232
-0.083232
-0.083232
-0.083232
-0.083232
-0.083232
-0.083232
-0.083232
-0.083232
-0.083232
-0.083232
-0.083232
-0.083232
-0.083232
-0.083232
-0.083232
-0.083232
-0.083232
-0.083256
-0.083232
-0.083232
-0.083232
-0.083232
-0.083232
-0.083232
-0.083256
-0.083256
-0.083256
-0.083256
-0.083256
-0.083256
-0.083256
-0.083256
-0.083256
-0.083281
-0.083281
-0.08333
-0.08338
-0.083429
-0.083478
-0.083552
-0.08365
-0.083749
-0.083823
-0.083749
-0.083478
-0.08333
-0.083355
-0.083355
-0.083355
-0.08338
-0.08338
-0.08338
-0.08338
-0.083404
-0.083404
-0.083429
-0.083429
-0.083429
-0.083429
-0.083404
-0.083404
-0.083404
-0.083404
-0.083404
-0.083404
-0.083404
-0.083404
-0.083429
-0.083429
-0.083404
-0.083404
-0.083404
-0.083404
-0.083404
-0.083404
-0.083404
-0.083404
-0.083404
-0.083429
-0.083453
-0.083453
-0.083478
-0.083478
-0.083503
-0.083503
-0.083527
-0.083527
-0.083527
-0.083527
-0.083527
-0.083527
-0.083527
-0.083527
-0.083527
-0.083527
-0.083527
-0.083527
-0.083527
-0.083527
-0.083527
-0.083527
-0.083527
-0.083527
-0.083527
-0.083527
-0.083552
-0.083552
-0.083552
-0.083576
-0.083576
-0.083576
-0.083576
-0.083576
-0.083576
-0.083601
-0.083601
-0.083601
-0.083601
-0.083626
-0.083626
-0.083626
-0.08365
-0.083626
-0.08365
-0.083675
-0.083675
-0.083675
-0.083675
-0.083675
-0.083675
-0.08365
-0.08365
-0.08365
-0.083675
-0.083675
-0.083675
-0.0837
-0.0837
-0.083675
-0.0837
-0.0837
-0.0837
-0.0837
-0.0837
-0.0837
-0.083724
-0.083724
-0.083724
-0.083724
-0.083749
-0.083749
-0.083749
-0.083773
-0.083773
-0.083749
-0.083749
-0.083749
-0.083749
-0.083749
-0.083749
-0.083749
-0.083773
-0.083773
-0.083773
-0.083773
-0.083823
-0.083847
-0.083847
-0.083872
-0.083872
-0.083896
-0.083896
-0.083896
-0.083896
-0.083921
-0.083946
-0.08397
-0.08397
-0.083995
-0.083995
-0.08402
-0.08402
-0.08402
-0.084044
-0.084044
-0.084044
-0.084044
-0.084044
-0.084044
-0.084044
-0.084069
-0.084069
-0.084069
-0.084093
-0.084093
-0.084069
-0.084069
-0.084069
-0.084069
-0.084093
-0.084093
-0.084093
-0.084093
-0.084118
-0.084118
-0.084118
-0.084118
-0.084118
-0.084118
-0.084118
-0.084118
-0.084118
-0.084143
-0.084118
-0.084118
-0.084143
-0.084167
-0.084143
-0.084118
-0.084118
-0.084143
-0.084143
-0.084143
-0.084118
-0.084143
-0.084167
-0.084167
-0.084143
-0.084167
-0.084167
-0.084167
-0.084143
-0.084143
-0.084143
-0.084167
-0.084167
-0.084192
-0.084167
-0.084167
-0.084143
-0.084118
-0.084118
-0.084118
-0.084118
-0.084118
-0.084069
-0.084093
-0.084093
-0.084118
-0.084143
-0.084143
-0.084143
-0.084143
-0.084118
-0.084118
-0.084143
-0.084143
-0.084167
-0.084192
-0.084167
-0.084143
-0.084143
-0.084167
-0.084192
-0.084192
-0.084167
-0.084167
-0.084167
-0.084167
-0.084143
-0.084143
-0.084143
-0.084167
-0.084167
-0.084143
-0.084118
-0.084143
-0.084143
-0.084143
-0.084167
-0.084167
-0.084167
-0.084143
-0.084143
-0.084143
-0.084143
-0.084143
-0.084143
-0.084143
-0.084143
-0.084143
-0.084118
-0.084118
-0.084143
-0.084143
-0.084143
-0.084118
-0.084118
-0.084118
-0.084143
-0.084118
-0.084118
-0.084118
-0.084118
-0.084118
-0.084118
-0.084118
-0.084093
-0.084118
-0.084118
-0.084118
-0.084118
-0.084118
-0.084143
-0.084143
-0.084143
-0.084143
-0.084167
-0.084192
-0.084217
-0.084266
-0.084364
-0.084413
-0.084487
-0.084586
-0.084069
-0.084044
-0.084069
-0.084093
-0.084093
-0.084093
-0.084093
-0.084093
-0.084093
-0.084093
-0.084069
-0.084069
-0.084069
-0.084069
-0.084044
-0.084069
-0.084069
-0.084069
-0.084069
-0.084044
-0.084044
-0.084044
-0.084044
-0.084044
-0.084044
-0.084044
-0.084044
-0.084044
-0.084044
-0.08402
-0.08402
-0.08402
-0.08402
-0.083995
-0.083995
-0.083995
-0.083995
-0.08402
-0.083995
-0.083995
-0.08397
-0.083946
-0.083946
-0.083946
-0.083946
-0.083921
-0.083921
-0.083921
-0.083921
-0.083921
-0.083921
-0.083896
-0.083896
-0.083872
-0.083872
-0.083872
-0.083847
-0.083847
-0.083847
-0.083872
-0.083847
-0.083823
-0.083823
-0.083823
-0.083823
-0.083823
-0.083798
-0.083798
-0.083798
-0.083773
-0.083773
-0.083749
-0.083749
-0.083749
-0.083749
-0.083749
-0.083749
-0.083724
-0.083749
-0.083749
-0.083724
-0.0837
-0.0837
-0.0837
-0.083675
-0.083675
-0.083675
-0.083675
-0.08365
-0.08365
-0.08365
-0.08365
-0.08365
-0.083626
-0.083601
-0.083601
-0.083601
-0.083601
-0.083601
-0.083601
-0.083601
-0.083601
-0.083576
-0.083576
-0.083576
-0.083576
-0.083576
-0.083576
-0.083576
-0.083552
-0.083552
-0.083552
-0.083552
-0.083552
-0.083552
-0.083552
-0.083552
-0.083552
-0.083552
-0.083527
-0.083527
-0.083527
-0.083527
-0.083527
-0.083527
-0.083527
-0.083527
-0.083503
-0.083503
-0.083503
-0.083503
-0.083503
-0.083503
-0.083503
-0.083527
-0.083503
-0.083503
-0.083503
-0.083503
-0.083503
-0.083503
-0.083478
-0.083478
-0.083503
-0.083503
-0.083478
-0.083478
-0.083478
-0.083478
-0.083478
-0.083478
-0.083478
-0.083478
-0.083453
-0.083453
-0.083478
-0.083478
-0.083478
-0.083478
-0.083453
-0.083478
-0.083478
-0.083478
-0.083478
-0.083478
-0.083478
-0.083453
-0.083453
-0.083429
-0.083429
-0.083429
-0.083429
-0.083429
-0.083429
-0.083429
-0.083429
-0.083429
-0.083404
-0.083404
-0.083404
-0.083404
-0.083404
-0.083404
-0.083404
-0.083404
-0.083404
-0.083404
-0.083429
-0.083429
-0.083429
-0.083429
-0.083429
-0.083429
-0.083429
-0.083429
-0.083453
-0.083429
-0.083429
-0.083429
-0.083429
-0.083404
-0.083404
-0.083404
-0.083404
-0.083404
-0.083429
-0.083429
-0.083404
-0.083404
-0.083404
-0.083404
-0.083429
-0.083429
-0.083429
-0.083429
-0.083429
-0.083429
-0.083429
-0.083429
-0.083429
-0.083429
-0.083404
-0.083429
-0.083429
-0.083429
-0.083453
-0.083453
-0.083453
-0.083453
-0.083453
-0.083453
-0.083453
-0.083453
-0.083453
-0.083453
-0.083453
-0.083453
-0.083453
-0.083453
-0.083453
-0.083478
-0.083453
-0.083478
-0.083478
-0.083478
-0.083478
-0.083478
-0.083478
-0.083478
-0.083478
-0.083453
-0.083453
-0.083453
-0.083453
-0.083453
-0.083453
-0.083453
-0.083453
-0.083478
-0.083453
-0.083453
-0.083478
-0.083478
-0.083478
-0.083478
-0.083478
-0.083478
-0.083478
-0.083478
-0.083478
-0.083503
-0.083478
-0.083478
-0.083478
-0.083478
-0.083478
-0.083478
-0.083478
-0.083478
-0.083478
-0.0837
-0.083773
-0.083872
-0.08397
-0.084044
-0.08397
-0.083675
-0.083478
-0.083453
-0.083478
-0.083503
-0.083527
-0.083527
-0.083527
-0.083527
-0.083527
-0.083503
-0.083503
-0.083503
-0.083503
-0.083503
-0.083503
-0.083478
-0.083503
-0.083503
-0.083503
-0.083503
-0.083503
-0.083503
-0.083478
-0.083478
-0.083478
-0.083478
-0.083478
-0.083478
-0.083478
-0.083478
-0.083453
-0.083478
-0.083478
-0.083478
-0.083503
-0.083503
-0.083503
-0.083503
-0.083503
-0.083503
-0.083503
-0.083503
-0.083503
-0.083503
-0.083503
-0.083503
-0.083478
-0.083503
-0.083503
-0.083503
-0.083503
-0.083503
-0.083527
-0.083527
-0.083527
-0.083527
-0.083527
-0.083527
-0.083527
-0.083552
-0.083552
-0.083552
-0.083527
-0.083552
-0.083527
-0.083527
-0.083527
-0.083527
-0.083527
-0.083552
-0.083552
-0.083552
-0.083552
-0.083527
-0.083527
-0.083527
-0.083527
-0.083552
-0.083552
-0.083552
-0.083552
-0.083552
-0.083552
-0.083527
-0.083527
-0.083527
-0.083527
-0.083527
-0.083527
-0.083527
-0.083503
-0.083527
-0.083503
-0.083503
-0.083503
-0.083478
-0.083478
-0.083478
-0.083478
-0.083478
-0.083478
-0.083478
-0.083478
-0.083478
-0.083478
-0.083478
-0.083503
-0.083503
-0.083503
-0.083527
-0.083527
-0.083527
-0.083527
-0.083503
-0.083503
-0.083527
-0.083527
-0.083552
-0.083552
-0.083552
-0.083552
-0.083552
-0.083552
-0.083552
-0.083552
-0.083552
-0.083552
-0.083576
-0.083576
-0.083576
-0.083576
-0.083576
-0.083576
-0.083601
-0.083601
-0.083601
-0.083601
-0.083601
-0.083626
-0.083626
-0.08365
-0.08365
-0.08365
-0.08365
-0.08365
-0.083675
-0.083675
-0.083675
-0.083675
-0.083675
-0.083675
-0.083675
-0.083675
-0.08365
-0.08365
-0.083675
-0.083675
-0.083675
-0.083675
-0.083675
-0.0837
-0.0837
-0.0837
-0.0837
-0.0837
-0.0837
-0.0837
-0.0837
-0.0837
-0.0837
-0.0837
-0.0837
-0.0837
-0.0837
-0.0837
-0.0837
-0.0837
-0.0837
-0.0837
-0.0837
-0.083724
-0.083724
-0.083724
-0.083724
-0.083724
-0.083749
-0.083749
-0.083749
-0.083773
-0.083773
-0.083773
-0.083773
-0.083773
-0.083773
-0.083798
-0.083773
-0.083798
-0.083773
-0.083773
-0.083773
-0.083773
-0.083773
-0.083773
-0.083773
-0.083773
-0.083798
-0.083798
-0.083798
-0.083798
-0.083798
-0.083823
-0.083823
-0.083798
-0.083798
-0.083798
-0.083823
-0.083823
-0.083823
-0.083823
-0.083823
-0.083823
-0.083823
-0.083823
-0.083823
-0.083823
-0.083823
-0.083847
-0.083847
-0.083847
-0.083872
-0.083872
-0.083872
-0.083896
-0.083872
-0.083872
-0.083872
-0.083896
-0.083921
-0.083921
-0.083921
-0.083921
-0.083896
-0.083896
-0.083896
-0.083896
-0.083896
-0.083896
-0.083896
-0.083896
-0.083896
-0.083921
-0.083896
-0.083896
-0.083896
-0.083896
-0.083896
-0.083896
-0.083872
-0.083872
-0.083872
-0.083872
-0.083872
-0.083872
-0.083896
-0.083896
-0.083896
-0.083872
-0.083872
-0.083872
-0.083872
-0.083872
-0.083872
-0.083872
-0.083872
-0.083872
-0.083872
-0.083872
-0.083896
-0.083921
-0.08397
-0.083995
-0.084044
-0.084118
-0.084192
-0.08429
-0.084389
-0.08434
-0.084069
-0.083847
-0.083823
-0.083823
-0.083847
-0.083847
-0.083847
-0.083847
-0.083847
-0.083847
-0.083847
-0.083847
-0.083847
-0.083847
-0.083847
-0.083847
-0.083847
-0.083823
-0.083823
-0.083823
-0.083823
-0.083823
-0.083823
-0.083798
-0.083798
-0.083823
-0.083823
-0.083798
-0.083798
-0.083798
-0.083798
-0.083798
-0.083823
-0.083823
-0.083823
-0.083798
-0.083798
-0.083798
-0.083823
-0.083798
-0.083798
-0.083798
-0.083798
-0.083798
-0.083798
-0.083798
-0.083798
-0.083798
-0.083798
-0.083798
-0.083798
-0.083798
-0.083798
-0.083773
-0.083773
-0.083798
-0.083798
-0.083798
-0.083773
-0.083773
-0.083798
-0.083773
-0.083773
-0.083773
-0.083773
-0.083773
-0.083724
-0.083749
-0.083749
-0.083773
-0.083724
-0.0837
-0.0837
-0.0837
-0.083724
-0.083724
-0.083675
-0.083675
-0.083675
-0.0837
-0.083675
-0.08365
-0.083626
-0.083626
-0.083626
-0.083626
-0.083601
-0.083601
-0.083576
-0.083552
-0.083552
-0.083527
-0.083527
-0.083527
-0.083527
-0.083527
-0.083527
-0.083503
-0.083503
-0.083478
-0.083478
-0.083478
-0.083478
-0.083478
-0.083478
-0.083478
-0.083478
-0.083478
-0.083478
-0.083478
-0.083453
-0.083453
-0.083453
-0.083453
-0.083453
-0.083453
-0.083429
-0.083429
-0.083429
-0.083429
-0.083429
-0.083429
-0.083429
-0.083404
-0.083404
-0.083404
-0.083404
-0.083404
-0.083404
-0.083404
-0.083404
-0.083404
-0.083404
-0.083404
-0.083404
-0.083404
-0.083404
-0.083404
-0.083404
-0.083404
-0.083404
-0.083404
-0.083404
-0.083429
-0.083429
-0.083429
-0.083429
-0.083429
-0.083429
-0.083404
-0.083429
-0.083429
-0.083404
-0.083404
-0.08338
-0.08338
-0.083404
-0.083404
-0.083404
-0.083404
-0.083404
-0.083429
-0.083429
-0.083429
-0.083429
-0.083429
-0.083404
-0.083404
-0.083404
-0.083404
-0.083404
-0.083404
-0.083404
-0.083404
-0.083404
-0.08338
-0.08338
-0.08338
-0.08338
-0.08338
-0.08338
-0.08338
-0.08338
-0.083404
-0.083404
-0.083404
-0.083404
-0.083429
-0.083404
-0.083404
-0.083404
-0.083404
-0.083404
-0.083404
-0.08338
-0.08338
-0.08338
-0.08338
-0.08338
-0.08338
-0.083355
-0.083355
-0.083355
-0.083355
-0.08333
-0.08333
-0.08333
-0.08333
-0.08333
-0.08333
-0.083306
-0.083306
-0.083306
-0.083306
-0.083281
-0.083281
-0.083306
-0.083306
-0.083281
-0.083281
-0.083281
-0.083256
-0.083256
-0.083256
-0.083281
-0.083256
