2018
6
28
9
26
52.081
-0.017011
-0.017011
-0.017011
-0.017011
-0.017011
-0.017011
-0.017011
-0.017011
-0.017011
-0.017011
-0.017011
-0.017011
-0.017011
-0.017035
-0.017035
-0.017035
-0.017011
-0.017011
-0.017035
-0.017035
-0.017011
-0.017011
-0.017011
-0.017011
-0.017011
-0.017011
-0.017011
-0.017011
-0.017011
-0.017011
-0.016986
-0.016986
-0.016986
-0.016986
-0.016986
-0.016986
-0.017011
-0.017011
-0.017011
-0.017011
-0.01706
-0.01706
-0.01706
-0.01706
-0.017085
-0.017085
-0.017085
-0.017085
-0.017085
-0.017109
-0.017109
-0.017109
-0.017109
-0.017109
-0.017134
-0.017134
-0.017109
-0.017134
-0.017134
-0.017134
-0.017134
-0.017134
-0.017134
-0.017134
-0.017134
-0.017134
-0.017134
-0.017134
-0.017134
-0.017134
-0.017134
-0.017134
-0.017134
-0.017134
-0.017134
-0.017134
-0.017134
-0.017158
-0.017158
-0.017183
-0.017208
-0.017232
-0.017232
-0.017232
-0.017232
-0.017257
-0.017257
-0.017257
-0.017257
-0.017257
-0.017257
-0.017281
-0.017281
-0.017281
-0.017281
-0.017281
-0.017281
-0.017281
-0.017281
-0.017281
-0.017281
-0.017281
-0.017281
-0.017281
-0.017281
-0.017281
-0.017281
-0.017281
-0.017281
-0.017281
-0.017281
-0.017306
-0.017306
-0.017306
-0.017306
-0.017306
-0.017331
-0.017331
-0.017331
-0.017331
-0.017355
-0.017355
-0.01738
-0.01738
-0.01738
-0.01738
-0.01738
-0.01738
-0.01738
-0.01738
-0.01738
-0.01738
-0.017405
-0.017405
-0.017405
-0.017405
-0.017405
-0.017405
-0.017405
-0.017405
-0.017405
-0.017405
-0.017429
-0.017429
-0.017429
-0.017429
-0.017429
-0.017429
-0.017429
-0.017429
-0.017429
-0.017429
-0.017429
-0.017454
-0.017454
-0.017454
-0.017454
-0.017454
-0.017454
-0.017454
-0.017478
-0.017478
-0.017454
-0.017478
-0.017478
-0.017478
-0.017478
-0.017478
-0.017478
-0.017478
-0.017478
-0.017478
-0.017478
-0.017478
-0.017478
-0.017478
-0.017478
-0.017478
-0.017478
-0.017478
-0.017478
-0.017478
-0.017478
-0.017478
-0.017478
-0.017478
-0.017478
-0.017478
-0.017478
-0.017478
-0.017478
-0.017503
-0.017503
-0.017503
-0.017503
-0.017503
-0.017503
-0.017503
-0.017503
-0.017503
-0.017528
-0.017528
-0.017528
-0.017528
-0.017528
-0.017528
-0.017552
-0.017552
-0.017552
-0.017552
-0.017552
-0.017552
-0.017552
-0.017552
-0.017552
-0.017552
-0.017552
-0.017552
-0.017577
-0.017552
-0.017552
-0.017552
-0.017552
-0.017552
-0.017552
-0.017552
-0.017552
-0.017552
-0.017552
-0.017577
-0.017577
-0.017602
-0.017626
-0.017626
-0.017626
-0.017626
-0.017626
-0.017577
-0.017528
-0.017503
-0.017405
-0.017405
-0.01738
-0.01738
-0.017355
-0.017331
-0.017331
-0.017355
-0.017405
-0.017454
-0.017528
-0.017552
-0.017577
-0.017602
-0.017602
-0.017577
-0.017577
-0.017552
-0.017577
-0.017577
-0.017552
-0.017552
-0.017552
-0.017552
-0.017528
-0.017528
-0.017528
-0.017528
-0.017528
-0.017528
-0.017528
-0.017503
-0.017503
-0.017503
-0.017503
-0.017503
-0.017503
-0.017503
-0.017503
-0.017503
-0.017503
-0.017528
-0.017503
-0.017503
-0.017528
-0.017528
-0.017528
-0.017528
-0.017528
-0.017528
-0.017528
-0.017528
-0.017528
-0.017528
-0.017528
-0.017528
-0.017528
-0.017528
-0.017503
-0.017503
-0.017503
-0.017503
-0.017503
-0.017503
-0.017503
-0.017503
-0.017503
-0.017503
-0.017478
-0.017478
-0.017478
-0.017478
-0.017478
-0.017478
-0.017478
-0.017478
-0.017478
-0.017454
-0.017454
-0.017454
-0.017478
-0.017478
-0.017478
-0.017478
-0.017503
-0.017503
-0.017503
-0.017503
-0.017503
-0.017503
-0.017503
-0.017528
-0.017528
-0.017528
-0.017528
-0.017528
-0.017528
-0.017552
-0.017528
-0.017528
-0.017528
-0.017528
-0.017552
-0.017552
-0.017552
-0.017552
-0.017528
-0.017552
-0.017552
-0.017552
-0.017552
-0.017552
-0.017552
-0.017552
-0.017552
-0.017552
-0.017552
-0.017552
-0.017552
-0.017552
-0.017552
-0.017552
-0.017577
-0.017577
-0.017577
-0.017577
-0.017552
-0.017552
-0.017552
-0.017552
-0.017552
-0.017552
-0.017552
-0.017552
-0.017552
-0.017552
-0.017552
-0.017577
-0.017577
-0.017602
-0.017602
-0.017602
-0.017626
-0.017626
-0.017626
-0.017651
-0.017651
-0.017651
-0.017675
-0.017675
-0.017675
-0.017675
-0.017675
-0.017675
-0.017675
-0.017675
-0.017675
-0.017675
-0.017675
-0.017675
-0.017675
-0.017675
-0.017675
-0.017675
-0.017675
-0.017675
-0.0177
-0.0177
-0.0177
-0.0177
-0.0177
-0.0177
-0.0177
-0.0177
-0.0177
-0.0177
-0.0177
-0.017725
-0.017725
-0.0177
-0.017725
-0.017725
-0.017725
-0.017725
-0.017725
-0.017725
-0.017725
-0.017725
-0.017725
-0.017725
-0.017725
-0.017725
-0.017725
-0.017725
-0.017725
-0.017725
-0.017749
-0.017749
-0.017749
-0.017749
-0.017749
-0.017749
-0.017749
-0.017749
-0.017749
-0.017774
-0.017749
-0.017749
-0.017774
-0.017774
-0.017774
-0.017774
-0.017774
-0.017774
-0.017774
-0.017774
-0.017774
-0.017774
-0.017774
-0.017774
-0.017774
-0.017774
-0.017774
-0.017774
-0.017774
-0.017774
-0.017774
-0.017798
-0.017798
-0.017798
-0.017798
-0.017774
-0.017774
-0.017774
-0.017774
-0.017774
-0.017774
-0.017774
-0.017774
-0.017774
-0.017774
-0.017774
-0.017774
-0.017774
-0.017774
-0.017774
-0.017774
-0.017774
-0.017774
-0.017774
-0.017774
-0.017774
-0.017774
-0.017774
-0.017774
-0.017774
-0.017774
-0.017774
-0.017774
-0.017774
-0.017774
-0.017774
-0.017774
-0.017774
-0.017749
-0.017749
-0.017749
-0.017749
-0.017749
-0.017749
-0.017749
-0.017749
-0.017749
-0.017749
-0.017749
-0.017749
-0.017749
-0.017749
-0.017749
-0.017725
-0.017725
-0.017749
-0.017774
-0.017798
-0.017798
-0.017798
-0.017798
-0.017798
-0.017749
-0.0177
-0.017651
-0.017626
-0.017602
-0.017577
-0.017577
-0.017577
-0.017552
-0.017528
-0.017503
-0.017503
-0.017478
-0.017503
-0.017528
-0.017602
-0.017675
-0.017725
-0.017749
-0.017774
-0.017798
-0.017774
-0.017749
-0.017749
-0.017749
-0.017749
-0.017749
-0.017725
-0.017725
-0.017725
-0.017725
-0.017725
-0.017749
-0.017725
-0.017725
-0.017725
-0.017725
-0.017725
-0.017725
-0.017725
-0.0177
-0.0177
-0.017725
-0.017725
-0.017725
-0.017725
-0.017725
-0.017749
-0.017749
-0.017749
-0.017749
-0.017749
-0.017774
-0.017774
-0.017774
-0.017774
-0.017798
-0.017798
-0.017798
-0.017798
-0.017798
-0.017798
-0.017798
-0.017823
-0.017798
-0.017798
-0.017798
-0.017798
-0.017798
-0.017798
-0.017798
-0.017798
-0.017798
-0.017798
-0.017798
-0.017798
-0.017774
-0.017774
-0.017774
-0.017774
-0.017774
-0.017749
-0.017749
-0.017749
-0.017749
-0.017749
-0.017749
-0.017749
-0.017749
-0.017774
-0.017774
-0.017774
-0.017774
-0.017798
-0.017798
-0.017823
-0.017823
-0.017823
-0.017848
-0.017848
-0.017848
-0.017872
-0.017872
-0.017872
-0.017872
-0.017897
-0.017897
-0.017897
-0.017897
-0.017922
-0.017897
-0.017897
-0.017897
-0.017897
-0.017897
-0.017897
-0.017897
-0.017897
-0.017897
-0.017897
-0.017897
-0.017897
-0.017897
-0.017897
-0.017897
-0.017897
-0.017897
-0.017897
-0.017897
-0.017897
-0.017897
-0.017922
-0.017922
-0.017897
-0.017897
-0.017922
-0.017922
-0.017922
-0.017922
-0.017922
-0.017922
-0.017946
-0.017946
-0.017946
-0.017946
-0.017946
-0.017946
-0.017946
-0.017922
-0.017922
-0.017922
-0.017922
-0.017922
-0.017922
-0.017922
-0.017922
-0.017922
-0.017922
-0.017922
-0.017922
-0.017922
-0.017922
-0.017922
-0.017922
-0.017922
-0.017922
-0.017922
-0.017946
-0.017946
-0.017946
-0.017946
-0.017946
-0.017946
-0.017971
-0.017971
-0.017971
-0.017971
-0.017971
-0.017971
-0.017971
-0.017971
-0.017971
-0.017971
-0.017971
-0.017971
-0.017971
-0.017971
-0.017971
-0.017971
-0.017995
-0.017971
-0.017971
-0.017971
-0.017971
-0.017971
-0.017971
-0.017971
-0.017971
-0.017971
-0.017971
-0.017971
-0.017971
-0.017971
-0.017971
-0.017971
-0.017971
-0.017971
-0.017971
-0.017971
-0.017971
-0.017971
-0.017971
-0.017971
-0.017971
-0.017971
-0.017971
-0.017971
-0.017971
-0.017971
-0.017946
-0.017971
-0.017946
-0.017946
-0.017971
-0.017971
-0.017971
-0.017946
-0.017946
-0.017946
-0.017946
-0.017946
-0.017946
-0.017946
-0.017971
-0.017971
-0.017946
-0.017946
-0.017971
-0.017971
-0.017971
-0.017971
-0.017971
-0.017971
-0.017946
-0.017946
-0.017946
-0.017946
-0.017946
-0.017946
-0.017946
-0.017946
-0.017946
-0.017946
-0.017946
-0.017946
-0.017946
-0.017946
-0.017946
-0.017946
-0.017946
-0.017946
-0.017922
-0.017922
-0.017922
-0.017922
-0.017922
-0.017922
-0.017922
-0.017922
-0.017922
-0.017897
-0.017897
-0.017897
-0.017897
-0.017922
-0.017922
-0.017946
-0.017946
-0.017946
-0.017971
-0.017946
-0.017897
-0.017848
-0.017823
-0.017774
-0.017774
-0.017749
-0.017725
-0.017725
-0.0177
-0.017675
-0.017651
-0.017626
-0.017626
-0.017651
-0.0177
-0.017749
-0.017798
-0.017848
-0.017897
-0.017922
-0.017922
-0.017897
-0.017897
-0.017872
-0.017872
-0.017872
-0.017872
-0.017872
-0.017848
-0.017848
-0.017848
-0.017848
-0.017848
-0.017848
-0.017848
-0.017848
-0.017848
-0.017848
-0.017848
-0.017848
-0.017848
-0.017848
-0.017848
-0.017848
-0.017848
-0.017848
-0.017848
-0.017848
-0.017848
-0.017848
-0.017848
-0.017848
-0.017848
-0.017848
-0.017848
-0.017848
-0.017848
-0.017848
-0.017823
-0.017823
-0.017823
-0.017823
-0.017823
-0.017848
-0.017823
-0.017823
-0.017823
-0.017823
-0.017823
-0.017823
-0.017823
-0.017798
-0.017798
-0.017798
-0.017798
-0.017798
-0.017774
-0.017798
-0.017774
-0.017774
-0.017774
-0.017774
-0.017774
-0.017774
-0.017774
-0.017774
-0.017774
-0.017774
-0.017774
-0.017774
-0.017798
-0.017798
-0.017798
-0.017823
-0.017823
-0.017823
-0.017823
-0.017823
-0.017823
-0.017848
-0.017848
-0.017848
-0.017848
-0.017848
-0.017848
-0.017848
-0.017848
-0.017848
-0.017848
-0.017848
-0.017848
-0.017848
-0.017848
-0.017848
-0.017848
-0.017848
-0.017848
-0.017848
-0.017848
-0.017848
-0.017848
-0.017848
-0.017848
-0.017848
-0.017848
-0.017848
-0.017823
-0.017848
-0.017848
-0.017823
-0.017848
-0.017823
-0.017823
-0.017823
-0.017848
-0.017848
-0.017848
-0.017823
-0.017848
-0.017848
-0.017823
-0.017823
-0.017823
-0.017823
-0.017848
-0.017848
-0.017848
-0.017848
-0.017848
-0.017848
-0.017848
-0.017848
-0.017848
-0.017848
-0.017848
-0.017848
-0.017848
-0.017848
-0.017848
-0.017848
-0.017848
-0.017848
-0.017848
-0.017848
-0.017848
-0.017848
-0.017848
-0.017848
-0.017848
-0.017848
-0.017848
-0.017848
-0.017848
-0.017848
-0.017848
-0.017848
-0.017848
-0.017848
-0.017848
-0.017848
-0.017848
-0.017848
-0.017848
-0.017872
-0.017872
-0.017848
-0.017848
-0.017872
-0.017872
-0.017872
-0.017848
-0.017872
-0.017872
-0.017872
-0.017872
-0.017872
-0.017872
-0.017872
-0.017872
-0.017872
-0.017897
-0.017897
-0.017897
-0.017897
-0.017897
-0.017897
-0.017897
-0.017897
-0.017897
-0.017897
-0.017897
-0.017897
-0.017897
-0.017897
-0.017897
-0.017897
-0.017897
-0.017897
-0.017897
-0.017897
-0.017897
-0.017897
-0.017897
-0.017897
-0.017897
-0.017897
-0.017897
-0.017897
-0.017897
-0.017897
-0.017897
-0.017897
-0.017897
-0.017872
-0.017872
-0.017872
-0.017872
-0.017872
-0.017872
-0.017872
-0.017872
-0.017872
-0.017872
-0.017872
-0.017872
-0.017848
-0.017848
-0.017848
-0.017848
-0.017872
-0.017872
-0.017872
-0.017872
-0.017872
-0.017872
-0.017872
-0.017872
-0.017872
-0.017872
-0.017872
-0.017872
-0.017872
-0.017872
-0.017872
-0.017848
-0.017872
-0.017872
-0.017872
-0.017872
-0.017872
-0.017872
-0.017848
-0.017848
-0.017848
-0.017848
-0.017848
-0.017848
-0.017848
-0.017848
-0.017848
-0.017848
-0.017823
-0.017823
-0.017823
-0.017823
-0.017823
-0.017823
-0.017798
-0.017823
-0.017823
-0.017823
-0.017823
-0.017848
-0.017848
-0.017872
-0.017872
-0.017872
-0.017848
-0.017823
-0.017774
-0.017725
-0.0177
-0.017675
-0.017651
-0.017651
-0.017626
-0.017602
-0.017602
-0.017577
-0.017552
-0.017528
-0.017725
-0.017774
-0.017798
-0.017823
-0.017823
-0.017823
-0.017798
-0.017798
-0.017798
-0.017798
-0.017798
-0.017774
-0.017774
-0.017798
-0.017798
-0.017798
-0.017798
-0.017774
-0.017774
-0.017774
-0.017774
-0.017774
-0.017774
-0.017774
-0.017774
-0.017774
-0.017774
-0.017749
-0.017749
-0.017749
-0.017749
-0.017749
-0.017749
-0.017749
-0.017749
-0.017749
-0.017749
-0.017749
-0.017749
-0.017774
-0.017774
-0.017774
-0.017774
-0.017774
-0.017774
-0.017774
-0.017774
-0.017774
-0.017774
-0.017774
-0.017774
-0.017774
-0.017774
-0.017774
-0.017774
-0.017749
-0.017749
-0.017749
-0.017749
-0.017749
-0.017749
-0.017749
-0.017725
-0.017725
-0.017725
-0.017725
-0.017725
-0.017725
-0.0177
-0.0177
-0.017725
-0.017725
-0.017725
-0.017725
-0.017725
-0.017725
-0.017749
-0.017749
-0.017774
-0.017774
-0.017823
-0.017823
-0.017848
-0.017848
-0.017872
-0.017872
-0.017872
-0.017872
-0.017897
-0.017897
-0.017897
-0.017897
-0.017897
-0.017897
-0.017897
-0.017897
-0.017897
-0.017897
-0.017897
-0.017897
-0.017897
-0.017897
-0.017897
-0.017897
-0.017922
-0.017897
-0.017897
-0.017897
-0.017897
-0.017897
-0.017897
-0.017897
-0.017897
-0.017897
-0.017897
-0.017897
-0.017897
-0.017897
-0.017897
-0.017897
-0.017922
-0.017922
-0.017922
-0.017922
-0.017922
-0.017922
-0.017922
-0.017922
-0.017922
-0.017922
-0.017922
-0.017946
-0.017922
-0.017922
-0.017922
-0.017922
-0.017922
-0.017922
-0.017922
-0.017922
-0.017922
-0.017922
-0.017922
-0.017897
-0.017897
-0.017897
-0.017897
-0.017897
-0.017897
-0.017897
-0.017897
-0.017897
-0.017897
-0.017872
-0.017872
-0.017897
-0.017897
-0.017872
-0.017872
-0.017872
-0.017872
-0.017872
-0.017872
-0.017872
-0.017872
-0.017872
-0.017872
-0.017872
-0.017872
-0.017848
-0.017848
-0.017848
-0.017848
-0.017848
-0.017848
-0.017848
-0.017848
-0.017848
-0.017848
-0.017848
-0.017848
-0.017848
-0.017848
-0.017848
-0.017848
-0.017848
-0.017848
-0.017848
-0.017848
-0.017848
-0.017848
-0.017848
-0.017848
-0.017823
-0.017823
-0.017823
-0.017823
-0.017823
-0.017823
-0.017823
-0.017798
-0.017798
-0.017798
-0.017798
-0.017798
-0.017774
-0.017774
-0.017774
-0.017749
-0.017749
-0.017749
-0.017749
-0.017725
-0.017725
-0.017725
-0.017725
-0.017725
-0.0177
-0.0177
-0.0177
-0.017675
-0.0177
-0.0177
-0.0177
-0.017725
-0.017725
-0.017749
-0.017725
-0.017725
-0.017725
-0.017651
-0.017626
-0.017602
-0.017552
-0.017528
-0.017503
-0.017503
-0.017478
-0.017454
-0.017454
-0.017405
-0.017454
-0.017503
-0.017577
-0.017602
-0.017651
-0.017675
-0.017675
-0.017651
-0.017626
-0.017626
-0.017626
-0.017626
-0.017602
-0.017602
-0.017602
-0.017602
-0.017602
-0.017602
-0.017577
-0.017577
-0.017577
-0.017577
-0.017577
-0.017577
-0.017577
-0.017577
-0.017577
-0.017552
-0.017552
-0.017552
-0.017528
-0.017528
-0.017528
-0.017528
-0.017528
-0.017528
-0.017528
-0.017528
-0.017528
-0.017528
-0.017528
-0.017528
-0.017552
-0.017552
-0.017552
-0.017552
-0.017552
-0.017552
-0.017552
-0.017552
-0.017552
-0.017552
-0.017552
-0.017552
-0.017552
-0.017528
-0.017528
-0.017528
-0.017528
-0.017528
-0.017503
-0.017503
-0.017503
-0.017503
-0.017478
-0.017478
-0.017478
-0.017478
-0.017478
-0.017478
-0.017454
-0.017454
-0.017454
-0.017454
-0.017454
-0.017454
-0.017478
-0.017478
-0.017478
-0.017503
-0.017528
-0.017528
-0.017528
-0.017528
-0.017552
-0.017552
-0.017552
-0.017552
-0.017552
-0.017552
-0.017552
-0.017552
-0.017552
-0.017552
-0.017552
-0.017577
-0.017577
-0.017577
-0.017577
-0.017577
-0.017577
-0.017577
-0.017577
-0.017577
-0.017577
-0.017577
-0.017577
-0.017577
-0.017577
-0.017577
-0.017577
-0.017577
-0.017577
-0.017577
-0.017577
-0.017577
-0.017577
-0.017577
-0.017577
-0.017602
-0.017602
-0.017602
-0.017602
-0.017602
-0.017602
-0.017602
-0.017602
-0.017602
-0.017602
-0.017602
-0.017602
-0.017626
-0.017626
-0.017626
-0.017626
-0.017626
-0.017626
-0.017626
-0.017626
-0.017626
-0.017602
-0.017602
-0.017626
-0.017626
-0.017602
-0.017602
-0.017602
-0.017602
-0.017602
-0.017602
-0.017602
-0.017602
-0.017602
-0.017602
-0.017602
-0.017602
-0.017602
-0.017602
-0.017602
-0.017626
-0.017626
-0.017602
-0.017626
-0.017626
-0.017626
-0.017626
-0.017626
-0.017626
-0.017626
-0.017626
-0.017626
-0.017626
-0.017626
-0.017626
-0.017626
-0.017626
-0.017626
-0.017626
-0.017626
-0.017626
-0.017626
-0.017626
-0.017626
-0.017626
-0.017626
-0.017626
-0.017626
-0.017626
-0.017626
-0.017626
-0.017626
-0.017626
-0.017626
-0.017626
-0.017626
-0.017651
-0.017651
-0.017626
-0.017626
-0.017626
-0.017651
-0.017651
-0.017651
-0.017626
-0.017651
-0.017651
-0.017651
-0.017651
-0.017651
-0.017651
-0.017651
-0.017651
-0.017626
-0.017626
-0.017626
-0.017626
-0.017626
-0.017626
-0.017626
-0.017626
-0.017626
-0.017626
-0.017626
-0.017626
-0.017626
-0.017626
-0.017626
-0.017626
-0.017602
-0.017602
-0.017602
-0.017602
-0.017602
-0.017602
-0.017602
-0.017602
-0.017602
-0.017602
-0.017602
-0.017626
-0.017626
-0.017626
-0.017626
-0.017626
-0.017626
-0.017602
-0.017602
-0.017602
-0.017602
-0.017602
-0.017626
-0.017626
-0.017626
-0.017626
-0.017626
-0.017626
-0.017626
-0.017626
-0.017626
-0.017626
-0.017626
-0.017626
-0.017626
-0.017626
-0.017626
-0.017626
-0.017626
-0.017626
-0.017626
-0.017626
-0.017626
-0.017626
-0.017626
-0.017626
-0.017602
-0.017602
-0.017602
-0.017602
-0.017602
-0.017651
-0.017651
-0.017651
-0.017651
-0.017602
-0.017552
-0.017528
-0.017503
-0.017478
-0.017454
-0.017454
-0.017429
-0.017405
-0.01738
-0.017355
-0.017355
-0.017355
-0.017355
-0.017405
-0.017478
-0.017528
-0.017577
-0.017626
-0.017651
-0.017651
-0.017626
-0.017626
-0.017602
-0.017602
-0.017602
-0.017602
-0.017577
-0.017577
-0.017577
-0.017577
-0.017602
-0.017577
-0.017577
-0.017577
-0.017577
-0.017602
-0.017602
-0.017602
-0.017602
-0.017577
-0.017577
-0.017577
-0.017577
-0.017577
-0.017577
-0.017577
-0.017577
-0.017577
-0.017577
-0.017577
-0.017577
-0.017577
-0.017577
-0.017577
-0.017577
-0.017577
-0.017577
-0.017577
-0.017577
-0.017577
-0.017577
-0.017577
-0.017577
-0.017577
-0.017577
-0.017552
-0.017552
-0.017552
-0.017552
-0.017552
-0.017552
-0.017552
-0.017552
-0.017552
-0.017552
-0.017552
-0.017552
-0.017552
-0.017552
-0.017552
-0.017552
-0.017528
-0.017528
-0.017528
-0.017528
-0.017528
-0.017552
-0.017552
-0.017552
-0.017552
-0.017552
-0.017577
-0.017577
-0.017602
-0.017602
-0.017626
-0.017626
-0.017626
-0.017651
-0.017651
-0.017651
-0.017651
-0.017651
-0.017675
-0.0177
-0.0177
-0.0177
-0.0177
-0.0177
-0.0177
-0.0177
-0.0177
-0.0177
-0.0177
-0.0177
-0.017651
-0.017651
-0.017651
-0.017626
-0.017626
-0.017626
-0.017626
-0.017626
-0.017651
-0.017651
-0.017651
-0.017651
-0.017651
-0.017675
-0.017675
-0.017675
-0.0177
-0.017725
-0.017725
-0.017725
-0.017749
-0.017749
-0.017774
-0.017798
-0.017848
-0.017872
-0.017897
-0.017897
-0.017922
-0.017872
-0.017823
-0.017774
-0.017749
-0.017725
-0.0177
-0.0177
-0.0177
-0.0177
-0.017675
-0.017651
-0.0177
-0.017774
-0.017848
-0.017897
-0.017946
-0.017971
-0.017971
-0.017971
-0.017946
-0.017946
-0.017946
-0.017946
-0.017922
-0.017922
-0.017922
-0.017922
-0.017922
-0.017922
-0.017946
-0.017946
-0.017946
-0.017946
-0.017946
-0.017946
-0.017946
-0.017971
-0.017946
-0.017946
-0.017946
-0.017946
-0.017946
-0.017946
-0.017946
-0.017946
-0.017946
-0.017946
-0.017946
-0.017946
-0.017946
-0.017946
-0.017971
-0.017971
-0.017995
-0.017995
-0.017995
-0.017995
-0.01802
-0.01802
-0.01802
-0.01802
-0.01802
-0.01802
-0.01802
-0.01802
-0.01802
-0.01802
-0.018045
-0.018045
-0.01802
-0.01802
-0.018045
-0.018045
-0.018045
-0.01802
-0.01802
-0.01802
-0.01802
-0.01802
-0.01802
-0.01802
-0.018045
-0.018045
-0.018045
-0.018045
-0.018045
-0.018069
-0.018069
-0.018069
-0.018094
-0.018094
-0.018118
-0.018118
-0.018143
-0.018143
-0.018143
-0.018143
-0.018143
-0.018143
-0.018168
-0.018143
-0.018143
-0.018168
-0.018143
-0.018143
-0.018143
-0.018143
-0.018143
-0.018143
-0.018143
-0.018143
-0.018143
-0.018143
-0.018143
-0.018143
-0.018168
-0.018143
-0.018143
-0.018143
-0.018143
-0.018143
-0.018168
-0.018143
-0.018168
-0.018168
-0.018168
-0.018168
-0.018168
-0.018192
-0.018192
-0.018192
-0.018217
-0.018217
-0.018217
-0.018217
-0.018217
-0.018217
-0.018217
-0.018217
-0.018217
-0.018217
-0.018242
-0.018217
-0.018242
-0.018242
-0.018242
-0.018242
-0.018242
-0.018242
-0.018242
-0.018242
-0.018242
-0.018242
-0.018217
-0.018242
-0.018242
-0.018242
-0.018242
-0.018242
-0.018242
-0.018242
-0.018242
-0.018242
-0.018242
-0.018242
-0.018242
-0.018242
-0.018242
-0.018242
-0.018242
-0.018242
-0.018242
-0.018242
-0.018242
-0.018242
-0.018242
-0.018242
-0.018242
-0.018242
-0.018242
-0.018242
-0.018242
-0.018242
-0.018242
-0.018242
-0.018242
-0.018242
-0.018242
-0.018242
-0.018242
-0.018242
-0.018242
-0.018242
-0.018242
-0.018242
-0.018242
-0.018242
-0.018242
-0.018242
-0.018242
-0.018242
-0.018242
-0.018242
-0.018242
-0.018242
-0.018242
-0.018242
-0.018242
-0.018242
-0.018242
-0.018242
-0.018217
-0.018217
-0.018217
-0.018217
-0.018217
-0.018217
-0.018217
-0.018217
-0.018217
-0.018217
-0.018217
-0.018217
-0.018217
-0.018217
-0.018217
-0.018217
-0.018217
-0.018217
-0.018217
-0.018217
-0.018217
-0.018217
-0.018217
-0.018217
-0.018192
-0.018192
-0.018192
-0.018192
-0.018192
-0.018192
-0.018192
-0.018192
-0.018192
-0.018192
-0.018192
-0.018192
-0.018192
-0.018192
-0.018192
-0.018192
-0.018192
-0.018192
-0.018192
-0.018192
-0.018192
-0.018192
-0.018192
-0.018192
-0.018168
-0.018168
-0.018168
-0.018168
-0.018168
-0.018168
-0.018143
-0.018168
-0.018168
-0.018143
-0.018143
-0.018143
-0.018168
-0.018168
-0.018168
-0.018168
-0.018168
-0.018168
-0.018168
-0.018168
-0.018168
-0.018168
-0.018143
-0.018143
-0.018143
-0.018143
-0.018143
-0.018143
-0.018143
-0.018143
-0.018143
-0.018143
-0.018118
-0.018143
-0.018118
-0.018118
-0.018118
-0.018118
-0.018118
-0.018118
-0.018118
-0.018118
-0.018094
-0.018094
-0.018094
-0.018094
-0.018094
-0.018094
-0.018069
-0.018069
-0.018069
-0.018069
-0.018069
-0.018094
-0.018094
-0.018118
-0.018118
-0.018118
-0.018118
-0.018118
-0.018069
-0.01802
-0.017971
-0.017946
-0.017922
-0.017897
-0.017872
-0.017872
-0.017872
-0.017848
-0.017823
-0.017798
-0.017922
-0.017971
-0.01802
-0.018045
-0.018069
-0.018069
-0.018069
-0.018045
-0.018045
-0.018045
-0.018045
-0.01802
-0.01802
-0.01802
-0.01802
-0.01802
-0.01802
-0.01802
-0.01802
-0.01802
-0.01802
-0.017995
-0.017995
-0.017995
-0.017995
-0.017995
-0.017995
-0.017995
-0.017995
-0.017995
-0.017995
-0.017995
-0.017995
-0.017995
-0.017995
-0.017995
-0.017995
-0.017995
-0.017995
-0.017995
-0.017995
-0.017995
-0.017995
-0.017995
-0.017971
-0.017971
-0.017995
-0.017971
-0.017971
-0.017971
-0.017971
-0.017971
-0.017971
-0.017971
-0.017971
-0.017946
-0.017946
-0.017946
-0.017946
-0.017946
-0.017946
-0.017946
-0.017946
-0.017922
-0.017922
-0.017922
-0.017922
-0.017922
-0.017897
-0.017897
-0.017897
-0.017897
-0.017897
-0.017897
-0.017922
-0.017897
-0.017897
-0.017922
-0.017922
-0.017922
-0.017946
-0.017946
-0.017946
-0.017946
-0.017946
-0.017946
-0.017946
-0.017971
-0.017971
-0.017971
-0.017971
-0.017971
-0.017971
-0.017971
-0.017971
-0.017971
-0.017971
-0.017971
-0.017971
-0.017971
-0.017971
-0.017971
-0.017971
-0.017971
-0.017971
-0.017971
-0.017971
-0.017971
-0.017971
-0.017971
-0.017971
-0.017971
-0.017971
-0.017971
-0.017971
-0.017971
-0.017971
-0.017971
-0.017971
-0.017971
-0.017995
-0.017995
-0.017995
-0.017995
-0.017995
-0.017995
-0.017995
-0.017995
-0.017995
-0.017995
-0.017995
-0.017995
-0.017995
-0.017995
-0.017995
-0.017995
-0.017995
-0.017995
-0.017995
-0.017995
-0.017995
-0.017971
-0.017971
-0.017971
-0.017971
-0.017995
-0.017995
-0.017971
-0.017971
-0.017971
-0.017971
-0.017971
-0.017971
-0.017971
-0.017971
-0.017971
-0.017995
-0.017995
-0.017971
-0.017995
-0.017995
-0.017995
-0.017995
-0.017995
-0.017971
-0.017971
-0.017995
-0.017995
-0.017995
-0.017995
-0.017971
-0.017971
-0.017971
-0.017995
-0.017995
-0.017995
-0.017995
-0.017995
-0.017995
-0.017995
-0.017995
-0.017995
-0.017995
-0.017995
-0.017995
-0.017995
-0.017995
-0.017995
-0.017995
-0.017995
-0.017995
-0.017995
-0.017995
-0.017995
-0.017995
-0.017995
-0.017995
-0.017995
-0.017995
-0.017995
-0.017995
-0.017995
-0.017995
-0.017995
-0.017995
-0.01802
-0.017995
-0.017995
-0.017995
-0.017995
-0.017995
-0.017995
-0.017995
-0.017995
-0.017995
-0.017995
-0.017995
-0.017995
-0.017995
-0.017995
-0.017995
-0.017995
-0.017995
-0.017995
-0.017995
-0.017995
-0.017995
-0.017995
-0.017995
-0.017995
-0.017995
-0.017971
-0.017971
-0.017971
-0.017971
-0.017971
-0.017971
-0.017971
-0.017971
-0.017971
-0.017995
-0.017995
-0.017995
-0.017995
-0.017995
-0.017995
-0.017995
-0.017995
-0.017995
-0.017995
-0.017995
-0.017995
-0.017995
-0.017995
-0.017995
-0.017995
-0.017995
-0.01802
-0.01802
-0.01802
-0.01802
-0.01802
-0.01802
-0.01802
-0.01802
-0.01802
-0.01802
-0.01802
-0.01802
-0.01802
-0.01802
-0.01802
-0.01802
-0.01802
-0.01802
-0.01802
-0.01802
-0.01802
-0.01802
-0.017995
-0.01802
-0.01802
-0.018045
-0.018069
-0.018069
-0.018069
-0.018069
-0.01802
-0.017971
-0.017946
-0.017922
-0.017897
-0.017872
-0.017848
-0.017848
-0.017823
-0.017798
-0.017774
-0.017749
-0.017749
-0.017749
-0.017774
-0.017848
-0.017897
-0.017946
-0.017995
-0.01802
-0.018045
-0.01802
-0.01802
-0.01802
-0.01802
-0.01802
-0.017995
-0.017995
-0.017995
-0.017995
-0.017995
-0.017995
-0.017995
-0.017995
-0.017971
-0.017971
-0.017971
-0.017971
-0.017971
-0.017971
-0.017971
-0.017971
-0.017971
-0.017971
-0.017971
-0.017971
-0.017995
-0.017995
-0.017995
-0.017995
-0.017995
-0.017995
-0.01802
-0.01802
-0.01802
-0.01802
-0.01802
-0.01802
-0.01802
-0.018045
-0.018045
-0.018045
-0.018045
-0.018045
-0.018045
-0.018045
-0.018045
-0.01802
-0.018045
-0.018045
-0.018045
-0.01802
-0.01802
-0.018045
-0.018045
-0.018045
-0.01802
-0.01802
-0.01802
-0.01802
-0.01802
-0.01802
-0.01802
-0.01802
-0.01802
-0.01802
-0.01802
-0.01802
-0.01802
-0.018045
-0.018045
-0.018069
-0.018069
-0.018069
-0.018094
-0.018094
-0.018118
-0.018118
-0.018118
-0.018118
-0.018118
-0.018143
-0.018143
-0.018143
-0.018168
-0.018168
-0.018168
-0.018192
-0.018192
-0.018192
-0.018192
-0.018217
-0.018217
