2018
6
28
9
21
24.574
-0.047093
-0.047118
-0.047143
-0.047192
-0.047167
-0.047167
-0.047143
-0.047118
-0.047118
-0.047143
-0.047143
-0.047118
-0.047143
-0.047143
-0.047143
-0.047143
-0.047143
-0.047143
-0.047143
-0.047143
-0.047143
-0.047143
-0.047143
-0.047143
-0.047143
-0.047143
-0.047143
-0.047143
-0.047143
-0.047143
-0.047143
-0.047143
-0.047143
-0.047118
-0.047118
-0.047118
-0.047118
-0.047118
-0.047118
-0.047118
-0.047118
-0.047118
-0.047118
-0.047093
-0.047093
-0.047093
-0.047093
-0.047093
-0.047093
-0.047093
-0.047093
-0.047093
-0.047093
-0.047093
-0.047093
-0.047069
-0.047069
-0.047069
-0.047069
-0.047069
-0.047069
-0.047069
-0.047069
-0.047069
-0.047069
-0.047069
-0.047069
-0.047069
-0.047069
-0.047069
-0.047044
-0.047044
-0.047044
-0.047044
-0.047044
-0.047044
-0.047044
-0.047044
-0.047044
-0.047044
-0.047044
-0.047044
-0.047044
-0.047019
-0.047044
-0.047019
-0.047019
-0.047019
-0.047019
-0.047019
-0.047019
-0.047019
-0.047019
-0.047019
-0.047019
-0.047019
-0.046995
-0.046995
-0.046995
-0.046995
-0.046995
-0.046995
-0.046995
-0.046995
-0.046995
-0.046995
-0.046995
-0.04697
-0.04697
-0.04697
-0.04697
-0.04697
-0.04697
-0.04697
-0.04697
-0.046946
-0.046946
-0.046946
-0.046946
-0.046921
-0.046921
-0.046921
-0.046921
-0.046921
-0.046896
-0.046896
-0.046896
-0.046896
-0.046896
-0.046896
-0.046896
-0.046896
-0.046896
-0.046896
-0.046872
-0.046872
-0.046872
-0.046872
-0.046872
-0.046872
-0.046872
-0.046872
-0.046847
-0.046847
-0.046847
-0.046847
-0.046847
-0.046847
-0.046847
-0.046847
-0.046823
-0.046823
-0.046823
-0.046823
-0.046823
-0.046823
-0.046798
-0.046798
-0.046798
-0.046798
-0.046773
-0.046773
-0.046773
-0.046773
-0.046773
-0.046773
-0.046773
-0.046773
-0.046749
-0.046749
-0.046773
-0.046749
-0.046749
-0.046749
-0.046749
-0.046749
-0.046749
-0.046749
-0.046749
-0.046724
-0.046724
-0.046724
-0.046724
-0.046724
-0.046724
-0.046724
-0.046724
-0.046724
-0.046699
-0.046699
-0.046699
-0.046699
-0.046699
-0.046699
-0.046699
-0.046675
-0.046675
-0.046675
-0.046675
-0.046675
-0.04665
-0.04665
-0.04665
-0.04665
-0.04665
-0.04665
-0.04665
-0.046626
-0.046626
-0.046626
-0.046626
-0.046626
-0.046601
-0.046601
-0.046601
-0.046601
-0.046601
-0.046601
-0.046601
-0.046601
-0.046601
-0.046601
-0.046601
-0.046601
-0.046601
-0.046601
-0.046601
-0.046601
-0.046601
-0.046576
-0.046576
-0.046576
-0.046576
-0.046576
-0.046576
-0.046576
-0.046576
-0.046576
-0.046576
-0.046576
-0.046576
-0.046576
-0.046576
-0.046576
-0.046576
-0.046552
-0.046552
-0.046552
-0.046552
-0.046552
-0.046552
-0.046552
-0.046552
-0.046552
-0.046527
-0.046527
-0.046527
-0.046502
-0.046502
-0.046502
-0.046552
-0.046601
-0.04665
-0.046724
-0.046798
-0.046823
-0.046872
-0.046946
-0.046872
-0.046626
-0.046429
-0.046404
-0.046379
-0.046404
-0.046429
-0.046453
-0.046429
-0.046429
-0.046404
-0.046404
-0.046429
-0.046429
-0.046429
-0.046429
-0.046429
-0.046429
-0.046429
-0.046429
-0.046429
-0.046429
-0.046429
-0.046429
-0.046429
-0.046429
-0.046429
-0.046429
-0.046404
-0.046404
-0.046404
-0.046404
-0.046404
-0.046404
-0.046404
-0.046404
-0.046404
-0.046404
-0.046379
-0.046379
-0.046379
-0.046379
-0.046379
-0.046379
-0.046379
-0.046355
-0.046355
-0.046355
-0.046355
-0.046355
-0.04633
-0.04633
-0.04633
-0.04633
-0.046306
-0.046306
-0.046306
-0.046306
-0.046306
-0.046306
-0.046306
-0.046306
-0.046306
-0.046281
-0.046281
-0.046281
-0.046281
-0.046281
-0.046281
-0.046281
-0.046281
-0.046256
-0.046256
-0.046256
-0.046256
-0.046256
-0.046256
-0.046256
-0.046256
-0.046256
-0.046256
-0.046256
-0.046256
-0.046232
-0.046232
-0.046232
-0.046232
-0.046232
-0.046232
-0.046232
-0.046232
-0.046232
-0.046232
-0.046232
-0.046232
-0.046232
-0.046232
-0.046232
-0.046232
-0.046232
-0.046232
-0.046232
-0.046232
-0.046207
-0.046207
-0.046207
-0.046207
-0.046207
-0.046207
-0.046207
-0.046207
-0.046207
-0.046182
-0.046182
-0.046182
-0.046158
-0.046158
-0.046158
-0.046158
-0.046158
-0.046158
-0.046158
-0.046158
-0.046133
-0.046133
-0.046133
-0.046133
-0.046133
-0.046109
-0.046109
-0.046109
-0.046109
-0.046109
-0.046109
-0.046084
-0.046084
-0.046084
-0.046084
-0.046084
-0.046084
-0.046084
-0.046084
-0.046084
-0.046084
-0.046084
-0.046084
-0.046084
-0.046084
-0.046084
-0.046059
-0.046059
-0.046059
-0.046059
-0.046059
-0.046059
-0.046059
-0.046059
-0.046059
-0.046035
-0.046035
-0.046035
-0.046035
-0.046035
-0.046035
-0.046035
-0.046035
-0.04601
-0.04601
-0.04601
-0.04601
-0.04601
-0.04601
-0.04601
-0.045986
-0.045986
-0.045986
-0.045986
-0.045986
-0.045986
-0.045986
-0.045961
-0.045961
-0.045961
-0.045961
-0.045961
-0.045961
-0.045936
-0.045936
-0.045936
-0.045936
-0.045936
-0.045936
-0.045936
-0.045936
-0.045936
-0.045936
-0.045912
-0.045912
-0.045912
-0.045912
-0.045912
-0.045912
-0.045912
-0.045887
-0.045887
-0.045887
-0.045887
-0.045887
-0.045887
-0.045887
-0.045887
-0.045887
-0.045862
-0.045862
-0.045862
-0.045862
-0.045862
-0.045862
-0.045862
-0.045862
-0.045862
-0.045862
-0.045838
-0.045838
-0.045838
-0.045838
-0.045838
-0.045838
-0.045838
-0.045838
-0.045838
-0.045838
-0.045838
-0.045838
-0.045813
-0.045813
-0.045813
-0.045813
-0.045813
-0.045813
-0.045813
-0.045813
-0.045813
-0.045813
-0.045813
-0.045789
-0.045789
-0.045789
-0.045789
-0.045789
-0.045789
-0.045789
-0.045764
-0.045764
-0.045764
-0.045764
-0.045764
-0.045764
-0.045764
-0.045764
-0.045764
-0.045739
-0.045739
-0.045739
-0.045739
-0.045739
-0.045739
-0.045739
-0.045739
-0.045739
-0.045739
-0.045715
-0.045715
-0.04569
-0.04569
-0.04569
-0.045739
-0.045789
-0.045838
-0.045912
-0.04601
-0.046035
-0.046084
-0.046158
-0.046109
-0.045838
-0.045616
-0.045567
-0.045567
-0.045567
-0.045592
-0.045616
-0.045592
-0.045592
-0.045616
-0.045616
-0.045616
-0.045616
-0.045616
-0.045616
-0.045641
-0.045641
-0.045641
-0.045641
-0.045641
-0.045641
-0.045641
-0.045641
-0.045616
-0.045616
-0.045641
-0.045641
-0.045641
-0.045616
-0.045616
-0.045616
-0.045616
-0.045616
-0.045616
-0.045616
-0.045616
-0.045616
-0.045616
-0.045616
-0.045592
-0.045592
-0.045616
-0.045592
-0.045616
-0.045592
-0.045592
-0.045592
-0.045592
-0.045592
-0.045592
-0.045567
-0.045567
-0.045567
-0.045567
-0.045542
-0.045542
-0.045567
-0.045567
-0.045567
-0.045542
-0.045542
-0.045542
-0.045542
-0.045542
-0.045542
-0.045542
-0.045542
-0.045542
-0.045542
-0.045542
-0.045518
-0.045542
-0.045542
-0.045542
-0.045518
-0.045518
-0.045518
-0.045542
-0.045542
-0.045542
-0.045518
-0.045518
-0.045518
-0.045518
-0.045518
-0.045518
-0.045518
-0.045518
-0.045493
-0.045493
-0.045518
-0.045518
-0.045493
-0.045493
-0.045493
-0.045493
-0.045493
-0.045518
-0.045518
-0.045518
-0.045518
-0.045518
-0.045493
-0.045493
-0.045518
-0.045518
-0.045518
-0.045493
-0.045493
-0.045518
-0.045518
-0.045518
-0.045518
-0.045493
-0.045493
-0.045493
-0.045493
-0.045493
-0.045493
-0.045493
-0.045493
-0.045493
-0.045493
-0.045493
-0.045493
-0.045493
-0.045469
-0.045469
-0.045469
-0.045469
-0.045469
-0.045469
-0.045469
-0.045444
-0.045444
-0.045469
-0.045469
-0.045469
-0.045444
-0.045444
-0.045469
-0.045469
-0.045469
-0.045444
-0.045444
-0.045444
-0.045444
-0.045444
-0.045444
-0.045444
-0.045444
-0.045444
-0.045444
-0.045444
-0.045444
-0.045444
-0.045444
-0.045444
-0.045444
-0.045444
-0.045444
-0.045444
-0.045444
-0.045444
-0.045444
-0.045444
-0.045444
-0.045419
-0.045419
-0.045419
-0.045419
-0.045419
-0.045419
-0.045419
-0.045419
-0.045419
-0.045419
-0.045419
-0.045419
-0.045419
-0.045419
-0.045419
-0.045395
-0.045395
-0.045419
-0.045419
-0.045395
-0.045395
-0.045419
-0.045395
-0.045395
-0.045395
-0.045395
-0.045395
-0.045395
-0.045395
-0.045395
-0.045395
-0.045395
-0.045395
-0.045395
-0.045395
-0.045395
-0.045395
-0.045395
-0.045395
-0.04537
-0.04537
-0.045395
-0.04537
-0.04537
-0.04537
-0.04537
-0.04537
-0.04537
-0.04537
-0.04537
-0.04537
-0.04537
-0.04537
-0.04537
-0.04537
-0.04537
-0.04537
-0.04537
-0.04537
-0.04537
-0.04537
-0.04537
-0.04537
-0.04537
-0.04537
-0.04537
-0.04537
-0.04537
-0.04537
-0.045345
-0.045345
-0.045345
-0.045345
-0.045345
-0.045345
-0.045345
-0.045345
-0.045345
-0.045345
-0.045345
-0.045345
-0.045345
-0.045345
-0.045345
-0.045345
-0.045345
-0.045345
-0.045321
-0.045321
-0.045321
-0.045321
-0.045296
-0.045296
-0.045296
-0.045321
-0.045395
-0.045419
-0.045493
-0.045567
-0.045592
-0.045616
-0.045665
-0.045641
-0.045469
-0.045272
-0.045222
-0.045198
-0.045222
-0.045247
-0.045272
-0.045272
-0.045247
-0.045247
-0.045222
-0.045222
-0.045222
-0.045247
-0.045247
-0.045247
-0.045247
-0.045247
-0.045247
-0.045247
-0.045247
-0.045247
-0.045247
-0.045247
-0.045247
-0.045247
-0.045247
-0.045247
-0.045247
-0.045247
-0.045247
-0.045247
-0.045247
-0.045247
-0.045247
-0.045222
-0.045222
-0.045222
-0.045222
-0.045222
-0.045222
-0.045198
-0.045198
-0.045198
-0.045198
-0.045198
-0.045198
-0.045198
-0.045173
-0.045173
-0.045173
-0.045173
-0.045173
-0.045173
-0.045173
-0.045149
-0.045149
-0.045149
-0.045149
-0.045149
-0.045149
-0.045124
-0.045124
-0.045124
-0.045124
-0.045124
-0.045124
-0.045124
-0.045099
-0.045099
-0.045099
-0.045099
-0.045099
-0.045099
-0.045099
-0.045075
-0.045075
-0.045075
-0.045075
-0.045075
-0.045075
-0.045075
-0.045075
-0.045075
-0.045075
-0.045075
-0.045075
-0.045075
-0.045075
-0.04505
-0.04505
-0.04505
-0.04505
-0.04505
-0.04505
-0.04505
-0.04505
-0.04505
-0.04505
-0.04505
-0.04505
-0.04505
-0.04505
-0.04505
-0.04505
-0.04505
-0.045025
-0.045025
-0.045025
-0.045025
-0.045025
-0.045025
-0.045025
-0.045025
-0.045025
-0.045025
-0.045025
-0.045001
-0.045001
-0.045001
-0.045001
-0.045001
-0.045001
-0.045001
-0.045001
-0.045001
-0.045001
-0.044976
-0.044976
-0.044976
-0.044976
-0.044976
-0.044976
-0.044976
-0.044976
-0.044976
-0.044976
-0.044952
-0.044952
-0.044952
-0.044952
-0.044952
-0.044952
-0.044952
-0.044952
-0.044952
-0.044952
-0.044952
-0.044952
-0.044927
-0.044927
-0.044927
-0.044927
-0.044927
-0.044927
-0.044927
-0.044927
-0.044927
-0.044927
-0.044927
-0.044902
-0.044902
-0.044902
-0.044902
-0.044902
-0.044902
-0.044902
-0.044902
-0.044902
-0.044902
-0.044878
-0.044878
-0.044878
-0.044878
-0.044878
-0.044878
-0.044878
-0.044878
-0.044878
-0.044878
-0.044853
-0.044853
-0.044853
-0.044853
-0.044853
-0.044853
-0.044853
-0.044853
-0.044853
-0.044853
-0.044853
-0.044828
-0.044828
-0.044828
-0.044828
-0.044828
-0.044828
-0.044828
-0.044828
-0.044828
-0.044828
-0.044828
-0.044828
-0.044804
-0.044804
-0.044804
-0.044804
-0.044804
-0.044804
-0.044804
-0.044804
-0.044804
-0.044779
-0.044779
-0.044779
-0.044779
-0.044779
-0.044779
-0.044779
-0.044779
-0.044779
-0.044779
-0.044755
-0.044755
-0.044755
-0.044755
-0.044755
-0.044755
-0.044755
-0.044755
-0.044755
-0.04473
-0.04473
-0.04473
-0.04473
-0.04473
-0.04473
-0.04473
-0.04473
-0.04473
-0.04473
-0.04473
-0.04473
-0.04473
-0.04473
-0.04473
-0.04473
-0.04473
-0.04473
-0.04473
-0.044705
-0.044705
-0.044705
-0.044705
-0.044705
-0.044705
-0.044705
-0.044705
-0.044705
-0.044705
-0.044681
-0.044681
-0.044681
-0.044681
-0.044681
-0.044681
-0.044681
-0.044681
-0.044681
-0.044681
-0.044681
-0.044656
-0.044681
-0.044656
-0.044656
-0.044656
-0.044656
-0.044656
-0.044632
-0.044632
-0.044607
-0.044632
-0.044705
-0.044755
-0.044828
-0.044902
-0.044976
-0.045001
-0.045075
-0.045099
-0.044952
-0.044656
-0.044533
-0.044508
-0.044508
-0.044508
-0.044558
-0.044533
-0.044533
-0.044558
-0.044558
-0.044558
-0.044558
-0.044582
-0.044582
-0.044582
-0.044582
-0.044582
-0.044582
-0.044582
-0.044582
-0.044582
-0.044582
-0.044582
-0.044582
-0.044582
-0.044582
-0.044582
-0.044582
-0.044582
-0.044558
-0.044582
-0.044558
-0.044558
-0.044558
-0.044558
-0.044558
-0.044558
-0.044558
-0.044558
-0.044558
-0.044558
-0.044558
-0.044558
-0.044558
-0.044558
-0.044558
-0.044533
-0.044533
-0.044533
-0.044533
-0.044533
-0.044533
-0.044533
-0.044533
-0.044508
-0.044508
-0.044508
-0.044533
-0.044508
-0.044508
-0.044508
-0.044508
-0.044508
-0.044508
-0.044508
-0.044508
-0.044508
-0.044508
-0.044508
-0.044508
-0.044484
-0.044484
-0.044484
-0.044484
-0.044484
-0.044484
-0.044484
-0.044484
-0.044484
-0.044484
-0.044484
-0.044484
-0.044484
-0.044484
-0.044484
-0.044484
-0.044484
-0.044484
-0.044459
-0.044459
-0.044459
-0.044459
-0.044484
-0.044459
-0.044459
-0.044459
-0.044459
-0.044459
-0.044459
-0.044484
-0.044484
-0.044484
-0.044484
-0.044484
-0.044459
-0.044459
-0.044459
-0.044459
-0.044459
-0.044459
-0.044459
-0.044459
-0.044459
-0.044459
-0.044459
-0.044459
-0.044459
-0.044459
-0.044435
-0.044435
-0.044435
-0.044435
-0.044435
-0.044435
-0.044435
-0.044435
-0.04441
-0.04441
-0.044435
-0.04441
-0.04441
-0.04441
-0.04441
-0.04441
-0.04441
-0.04441
-0.04441
-0.04441
-0.04441
-0.04441
-0.04441
-0.04441
-0.04441
-0.04441
-0.04441
-0.04441
-0.04441
-0.04441
-0.04441
-0.04441
-0.04441
-0.04441
-0.04441
-0.04441
-0.044385
-0.044385
-0.044385
-0.044385
-0.044385
-0.044385
-0.044385
-0.044385
-0.044385
-0.044385
-0.044385
-0.044385
-0.044385
-0.044385
-0.044385
-0.044385
-0.044385
-0.044385
-0.044385
-0.044385
-0.044385
-0.044385
-0.044385
-0.044385
-0.044385
-0.044385
-0.044385
-0.044385
-0.044361
-0.044361
-0.044361
-0.044361
-0.044361
-0.044361
-0.044361
-0.044361
-0.044361
-0.044361
-0.044361
-0.044361
-0.044361
-0.044361
-0.044361
-0.044361
-0.044361
-0.044361
-0.044361
-0.044361
-0.044361
-0.044361
-0.044361
-0.044361
-0.044361
-0.044361
-0.044361
-0.044361
-0.044361
-0.044361
-0.044361
-0.044361
-0.044361
-0.044361
-0.044361
-0.044361
-0.044361
-0.044361
-0.044361
-0.044361
-0.044336
-0.044361
-0.044361
-0.044361
-0.044361
-0.044361
-0.044336
-0.044336
-0.044361
-0.044361
-0.044361
-0.044361
-0.044336
-0.044336
-0.044336
-0.044336
-0.044336
-0.044336
-0.044336
-0.044336
-0.044336
-0.044336
-0.044336
-0.044336
-0.044336
-0.044336
-0.044336
-0.044336
-0.044336
-0.044336
-0.044336
-0.044336
-0.044336
-0.044336
-0.044336
-0.044336
-0.044336
-0.044336
-0.044336
-0.044336
-0.044336
-0.044312
-0.044312
-0.044312
-0.044312
-0.044312
-0.044287
-0.044287
-0.044287
-0.044361
-0.04441
-0.044459
-0.044533
-0.044558
-0.044582
-0.044632
-0.044656
-0.044533
-0.044312
-0.044213
-0.044213
-0.044213
-0.044238
-0.044262
-0.044238
-0.044213
-0.044238
-0.044238
-0.044238
-0.044238
-0.044238
-0.044238
-0.044262
-0.044262
-0.044262
-0.044262
-0.044262
-0.044262
-0.044262
-0.044262
-0.044262
-0.044262
-0.044262
-0.044262
-0.044262
-0.044262
-0.044287
-0.044287
-0.044262
-0.044262
-0.044262
-0.044262
-0.044262
-0.044262
-0.044262
-0.044262
-0.044262
-0.044262
-0.044262
-0.044262
-0.044238
-0.044238
-0.044238
-0.044238
-0.044238
-0.044238
-0.044238
-0.044238
-0.044238
-0.044238
-0.044213
-0.044213
-0.044213
-0.044213
-0.044213
-0.044213
-0.044213
-0.044213
-0.044213
-0.044213
-0.044213
-0.044188
-0.044188
-0.044188
-0.044188
-0.044188
-0.044188
-0.044188
-0.044188
-0.044188
-0.044188
-0.044188
-0.044188
-0.044164
-0.044164
-0.044188
-0.044188
-0.044188
-0.044164
-0.044164
-0.044164
-0.044164
-0.044164
-0.044164
-0.044164
-0.044164
-0.044164
-0.044164
-0.044164
-0.044164
-0.044164
-0.044164
-0.044164
-0.044164
-0.044164
-0.044139
-0.044139
-0.044139
-0.044139
-0.044139
-0.044139
-0.044139
-0.044139
-0.044139
-0.044139
-0.044139
-0.044139
-0.044139
-0.044139
-0.044139
-0.044115
-0.044139
-0.044139
-0.044115
-0.044115
-0.044115
-0.044115
-0.044115
-0.044115
-0.044115
-0.044115
-0.044115
-0.044115
-0.044115
-0.04409
-0.04409
-0.04409
-0.04409
-0.04409
-0.04409
-0.04409
-0.04409
-0.04409
-0.04409
-0.04409
-0.04409
-0.04409
-0.04409
-0.04409
-0.04409
-0.04409
-0.04409
-0.04409
-0.04409
-0.044065
-0.044065
-0.044065
-0.044065
-0.044065
-0.044065
-0.044065
-0.044065
-0.044065
-0.044065
-0.044041
-0.044041
-0.044041
-0.044041
-0.044041
-0.044041
-0.044041
-0.044041
-0.044041
-0.044041
-0.044016
-0.044016
-0.044016
-0.044016
-0.044016
-0.044016
-0.044016
-0.044016
-0.044016
-0.044016
-0.044016
-0.044016
-0.044016
-0.043992
-0.043992
-0.043992
-0.043992
-0.043992
-0.043992
-0.043992
-0.043992
-0.043992
-0.043992
-0.043992
-0.043992
-0.043992
-0.043992
-0.043992
-0.043992
-0.043992
-0.043992
-0.043967
-0.043967
-0.043967
-0.043967
-0.043967
-0.043967
-0.043967
-0.043967
-0.043967
-0.043967
-0.043967
-0.043967
-0.043967
-0.043967
-0.043967
-0.043967
-0.043967
-0.043967
-0.043942
-0.043942
-0.043942
-0.043942
-0.043942
-0.043942
-0.043942
-0.043942
-0.043942
-0.043942
-0.043942
-0.043942
-0.043942
-0.043942
-0.043942
-0.043942
-0.043942
-0.043942
-0.043942
-0.043918
-0.043918
-0.043918
-0.043918
-0.043918
-0.043918
-0.043918
-0.043918
-0.043918
-0.043918
-0.043918
-0.043918
-0.043893
-0.043893
-0.043893
-0.043893
-0.043893
-0.043893
-0.043893
-0.043893
-0.043893
-0.043893
-0.043893
-0.043893
-0.043893
-0.043893
-0.043893
-0.043893
-0.043893
-0.043893
-0.043893
-0.043893
-0.043893
-0.043893
-0.043893
-0.043893
-0.043893
-0.043893
-0.043893
-0.043893
-0.043868
-0.043868
-0.043868
-0.043868
-0.043868
-0.043844
-0.043844
-0.043819
-0.043844
-0.043893
-0.043967
-0.044016
-0.044262
-0.044312
-0.044238
-0.043967
-0.04377
-0.043745
-0.043745
-0.043745
-0.04377
-0.043795
-0.043795
-0.04377
-0.04377
-0.04377
-0.04377
-0.043795
-0.043795
-0.043795
-0.043795
-0.043819
-0.043819
-0.043819
-0.043819
-0.043819
-0.043819
-0.043819
-0.043819
-0.043819
-0.043819
-0.043819
-0.043819
-0.043819
-0.043819
-0.043819
-0.043819
-0.043819
-0.043819
-0.043819
-0.043819
-0.043819
-0.043819
-0.043819
-0.043819
-0.043819
-0.043819
-0.043819
-0.043819
-0.043819
-0.043819
-0.043819
-0.043819
-0.043819
-0.043795
-0.043795
-0.043795
-0.043819
-0.043819
-0.043795
-0.043795
-0.043795
-0.043795
-0.043795
-0.043795
-0.043795
-0.043795
-0.043795
-0.043795
-0.043795
-0.04377
-0.04377
-0.04377
-0.04377
-0.043795
-0.043795
-0.043795
-0.04377
-0.04377
-0.04377
-0.04377
-0.04377
-0.04377
-0.04377
-0.04377
-0.04377
-0.04377
-0.04377
-0.04377
-0.04377
-0.04377
-0.04377
-0.04377
-0.04377
-0.04377
-0.04377
-0.04377
-0.04377
-0.04377
-0.04377
-0.04377
-0.04377
-0.04377
-0.04377
-0.04377
-0.04377
-0.04377
-0.04377
-0.04377
-0.04377
-0.04377
-0.04377
-0.04377
-0.04377
-0.04377
-0.04377
-0.04377
-0.04377
-0.04377
-0.04377
-0.04377
-0.04377
-0.04377
-0.04377
-0.04377
-0.04377
-0.04377
-0.043745
-0.043745
-0.043745
-0.04377
-0.043745
-0.043745
-0.043745
-0.043745
-0.043745
-0.043745
-0.043745
-0.043745
-0.043745
-0.043745
-0.043745
-0.043745
-0.043745
-0.043745
-0.043745
-0.043745
-0.043745
-0.043745
-0.043745
-0.043745
-0.043745
-0.043745
-0.043745
-0.043745
-0.043745
-0.043745
-0.043745
-0.043745
-0.043745
-0.043721
-0.043721
-0.043745
-0.043745
-0.043721
-0.043721
-0.043721
-0.043721
-0.043721
-0.043721
-0.043721
-0.043721
-0.043721
-0.043721
-0.043721
-0.043721
-0.043721
-0.043721
-0.043721
-0.043721
-0.043721
-0.043721
-0.043721
-0.043721
-0.043721
-0.043721
-0.043721
-0.043721
-0.043721
-0.043696
-0.043721
-0.043721
-0.043721
-0.043721
-0.043696
-0.043696
-0.043696
-0.043721
-0.043721
-0.043696
-0.043696
-0.043721
-0.043721
-0.043696
-0.043696
-0.043696
-0.043696
-0.043721
-0.043721
-0.043696
-0.043696
-0.043696
-0.043696
-0.043696
-0.043696
-0.043696
-0.043696
-0.043696
-0.043696
-0.043696
-0.043696
-0.043696
-0.043696
-0.043696
-0.043696
-0.043696
-0.043696
-0.043696
-0.043696
-0.043696
-0.043696
-0.043671
-0.043696
-0.043696
-0.043721
-0.043696
-0.043696
-0.043696
-0.043696
-0.043696
-0.043671
-0.043696
-0.043696
-0.043696
-0.043671
-0.043671
-0.043696
-0.043696
-0.043696
-0.043696
-0.043696
-0.043696
-0.043696
-0.043696
-0.043696
-0.043696
-0.043696
-0.043696
-0.043696
-0.043696
-0.043671
-0.043671
-0.043696
-0.043696
-0.043696
-0.043696
-0.043696
-0.043696
-0.043671
-0.043671
-0.043671
-0.043671
-0.043647
-0.043671
-0.043721
-0.04377
-0.043819
-0.043893
-0.043918
-0.043967
-0.044016
-0.044016
-0.043598
-0.043622
-0.043647
-0.043671
-0.043647
-0.043622
-0.043598
-0.043598
-0.043622
-0.043622
-0.043622
-0.043622
-0.043622
-0.043622
-0.043647
-0.043647
-0.043622
-0.043647
-0.043647
-0.043647
-0.043647
-0.043647
-0.043647
-0.043647
-0.043647
-0.043671
-0.043671
-0.043671
-0.043671
-0.043647
-0.043647
-0.043647
-0.043647
-0.043647
-0.043671
-0.043647
-0.043647
-0.043647
-0.043647
-0.043647
-0.043647
-0.043647
-0.043647
-0.043647
-0.043647
-0.043647
-0.043622
-0.043622
-0.043622
-0.043622
-0.043622
-0.043622
-0.043622
-0.043622
-0.043622
-0.043622
-0.043622
-0.043622
-0.043622
-0.043622
-0.043622
-0.043622
-0.043622
-0.043598
-0.043598
-0.043598
-0.043598
-0.043598
-0.043598
-0.043598
-0.043598
-0.043598
-0.043598
-0.043598
-0.043598
-0.043598
-0.043598
-0.043598
-0.043598
-0.043598
-0.043598
-0.043598
-0.043598
-0.043598
-0.043598
-0.043598
-0.043598
-0.043598
-0.043598
-0.043598
-0.043598
-0.043598
-0.043598
-0.043598
-0.043598
-0.043598
-0.043598
-0.043598
-0.043598
-0.043598
-0.043598
-0.043598
-0.043598
-0.043598
-0.043598
-0.043598
-0.043598
-0.043598
-0.043598
-0.043598
-0.043598
-0.043598
-0.043598
-0.043598
-0.043598
-0.043598
-0.043598
-0.043598
-0.043573
-0.043573
-0.043573
-0.043573
-0.043573
-0.043573
-0.043573
-0.043573
-0.043573
-0.043573
-0.043573
-0.043573
-0.043573
-0.043573
-0.043573
-0.043573
-0.043573
-0.043573
-0.043573
-0.043573
-0.043573
-0.043573
-0.043573
-0.043573
-0.043573
-0.043573
-0.043573
-0.043573
-0.043573
-0.043573
-0.043573
-0.043573
-0.043548
-0.043548
-0.043548
-0.043548
-0.043548
-0.043548
-0.043548
-0.043548
-0.043548
-0.043548
-0.043548
-0.043548
-0.043548
-0.043548
-0.043548
-0.043548
-0.043524
-0.043524
-0.043548
-0.043524
-0.043524
-0.043524
-0.043524
-0.043524
-0.043524
-0.043524
-0.043524
-0.043524
-0.043524
-0.043524
-0.043524
-0.043524
-0.043524
-0.043524
-0.043524
-0.043524
-0.043524
-0.043524
-0.043524
-0.043524
-0.043499
-0.043499
-0.043499
-0.043499
-0.043499
-0.043499
-0.043499
-0.043499
-0.043499
-0.043499
-0.043499
-0.043499
-0.043499
-0.043499
-0.043499
-0.043499
-0.043499
-0.043499
-0.043499
-0.043499
-0.043499
-0.043499
-0.043499
-0.043475
-0.043475
-0.043475
-0.043475
-0.043475
-0.043475
-0.043475
-0.043475
-0.043475
-0.043475
-0.043475
-0.043475
-0.043475
-0.043475
-0.043475
-0.043475
-0.043475
-0.043475
-0.043475
-0.043475
-0.043475
-0.043475
-0.043475
-0.043475
-0.043475
-0.043475
-0.043475
-0.043475
-0.043475
-0.043475
-0.043475
-0.043475
-0.043475
-0.043475
-0.04345
-0.04345
-0.04345
-0.04345
-0.04345
-0.04345
-0.04345
-0.04345
-0.04345
-0.04345
-0.04345
-0.04345
-0.04345
-0.04345
-0.04345
-0.04345
-0.04345
-0.04345
-0.04345
-0.04345
-0.04345
-0.04345
-0.04345
-0.04345
-0.04345
-0.04345
-0.04345
-0.043425
-0.043425
-0.043425
-0.043425
-0.043425
-0.043425
-0.043401
-0.043475
-0.043524
-0.043573
-0.043671
-0.043721
-0.043745
-0.043819
-0.043868
-0.04377
-0.043475
-0.043327
-0.043302
-0.043302
-0.043302
-0.043351
-0.043376
-0.043351
-0.043351
-0.043327
-0.043327
-0.043327
-0.043351
-0.043351
-0.043351
-0.043351
-0.043376
-0.043376
-0.043376
-0.043376
-0.043376
-0.043376
-0.043376
-0.043376
-0.043376
-0.043376
-0.043376
-0.043376
-0.043376
-0.043376
-0.043376
-0.043376
-0.043376
-0.043376
-0.043376
-0.043376
-0.043376
-0.043376
-0.043376
-0.043376
-0.043376
-0.043376
-0.043376
-0.043376
-0.043376
-0.043376
-0.043376
-0.043351
-0.043351
-0.043351
-0.043351
-0.043351
-0.043351
-0.043351
-0.043351
-0.043351
-0.043351
-0.043351
-0.043327
-0.043327
-0.043327
-0.043327
-0.043327
-0.043327
-0.043327
-0.043327
-0.043327
-0.043327
-0.043327
-0.043327
-0.043327
-0.043327
-0.043327
-0.043327
-0.043327
-0.043327
-0.043327
-0.043327
-0.043327
-0.043327
-0.043327
-0.043327
-0.043327
-0.043327
-0.043327
-0.043327
-0.043327
-0.043327
-0.043327
-0.043327
-0.043327
-0.043327
-0.043327
-0.043327
-0.043327
-0.043327
-0.043327
-0.043327
-0.043327
-0.043327
-0.043327
-0.043327
-0.043327
-0.043327
-0.043327
-0.043327
-0.043327
-0.043327
-0.043327
-0.043327
-0.043327
-0.043327
-0.043327
-0.043327
-0.043302
-0.043302
-0.043302
-0.043302
-0.043302
-0.043302
-0.043302
-0.043302
-0.043278
-0.043278
-0.043278
-0.043278
-0.043278
-0.043278
-0.043278
-0.043278
-0.043278
-0.043278
-0.043278
-0.043278
-0.043278
-0.043278
-0.043278
-0.043278
-0.043278
-0.043278
-0.043278
-0.043278
-0.043278
-0.043278
-0.043253
-0.043253
-0.043253
-0.043278
-0.043278
-0.043278
-0.043253
-0.043253
-0.043253
-0.043253
-0.043253
-0.043253
-0.043253
-0.043228
-0.043228
-0.043253
-0.043253
-0.043253
-0.043253
-0.043253
-0.043253
-0.043253
-0.043253
-0.043228
-0.043228
-0.043228
-0.043228
-0.043228
-0.043253
-0.043253
-0.043253
-0.043253
-0.043253
-0.043228
-0.043228
-0.043228
-0.043228
-0.043228
-0.043228
-0.043228
-0.043228
-0.043228
-0.043228
-0.043228
-0.043228
-0.043228
-0.043228
-0.043228
-0.043228
-0.043228
-0.043204
-0.043204
-0.043204
-0.043204
-0.043204
-0.043228
-0.043228
-0.043228
-0.043228
-0.043228
-0.043228
-0.043204
-0.043204
-0.043204
-0.043228
-0.043204
-0.043204
-0.043204
-0.043204
-0.043204
-0.043204
-0.043228
-0.043228
-0.043228
-0.043228
-0.043204
-0.043204
-0.043204
-0.043204
-0.043204
-0.043204
-0.043204
-0.043204
-0.043204
-0.043204
-0.043204
-0.043204
-0.043204
-0.043204
-0.043204
-0.043204
-0.043204
-0.043204
-0.043204
-0.043204
-0.043204
-0.043204
-0.043204
-0.043204
-0.043204
-0.043204
-0.043204
-0.043204
-0.043204
-0.043204
-0.043204
-0.043204
-0.043204
-0.043204
-0.043204
-0.043204
-0.043204
-0.043204
-0.043204
-0.043204
-0.043204
-0.043204
-0.043204
-0.043204
-0.043204
-0.043204
-0.043204
-0.043204
-0.043179
-0.043179
-0.043204
