2018
6
28
9
21
24.574
-0.035178
-0.035203
-0.035228
-0.035252
-0.035277
-0.035277
-0.035252
-0.035252
-0.035277
-0.035277
-0.035252
-0.035228
-0.035228
-0.035228
-0.035203
-0.035203
-0.035203
-0.035203
-0.035228
-0.035228
-0.035252
-0.035252
-0.035252
-0.035277
-0.035277
-0.035302
-0.035302
-0.035302
-0.035302
-0.035326
-0.035351
-0.035351
-0.035351
-0.035351
-0.035351
-0.035351
-0.035351
-0.035375
-0.0354
-0.0354
-0.035425
-0.035449
-0.035449
-0.035449
-0.035449
-0.035449
-0.035474
-0.035498
-0.035498
-0.035523
-0.035523
-0.035498
-0.035498
-0.035498
-0.035474
-0.035474
-0.035474
-0.035498
-0.035498
-0.035498
-0.035498
-0.035523
-0.035523
-0.035548
-0.035548
-0.035548
-0.035548
-0.035572
-0.035597
-0.035597
-0.035597
-0.035622
-0.035622
-0.035622
-0.035622
-0.035622
-0.035646
-0.035646
-0.035671
-0.035671
-0.035695
-0.035695
-0.035671
-0.035671
-0.035671
-0.035695
-0.035695
-0.035695
-0.035695
-0.03572
-0.03572
-0.03572
-0.03572
-0.03572
-0.03572
-0.03572
-0.03572
-0.03572
-0.035745
-0.035745
-0.03572
-0.035745
-0.035745
-0.035745
-0.035769
-0.035769
-0.035794
-0.035794
-0.035818
-0.035818
-0.035818
-0.035818
-0.035843
-0.035868
-0.035868
-0.035868
-0.035868
-0.035868
-0.035868
-0.035892
-0.035942
-0.035942
-0.035942
-0.035966
-0.035966
-0.035991
-0.035991
-0.035991
-0.035991
-0.036015
-0.036015
-0.03604
-0.03604
-0.03604
-0.03604
-0.03604
-0.036065
-0.036065
-0.036065
-0.036089
-0.036114
-0.036114
-0.036139
-0.036139
-0.036163
-0.036163
-0.036163
-0.036163
-0.036163
-0.036163
-0.036163
-0.036163
-0.036163
-0.036163
-0.036163
-0.036163
-0.036163
-0.036163
-0.036163
-0.036163
-0.036237
-0.036237
-0.036237
-0.036262
-0.036262
-0.036262
-0.036262
-0.036262
-0.036262
-0.036262
-0.036286
-0.036311
-0.036311
-0.036311
-0.036311
-0.036311
-0.036311
-0.036311
-0.036311
-0.036286
-0.036311
-0.036311
-0.036335
-0.036335
-0.036335
-0.036335
-0.03636
-0.03636
-0.036385
-0.036385
-0.036385
-0.036385
-0.036385
-0.036409
-0.036409
-0.036434
-0.036434
-0.036434
-0.036459
-0.036459
-0.036483
-0.036483
-0.036483
-0.036483
-0.036508
-0.036532
-0.036532
-0.036532
-0.036532
-0.036557
-0.036557
-0.036532
-0.036532
-0.036532
-0.036532
-0.036532
-0.036532
-0.036532
-0.036557
-0.036582
-0.036606
-0.036606
-0.036631
-0.036631
-0.036631
-0.036631
-0.036631
-0.036631
-0.036631
-0.036655
-0.036655
-0.03668
-0.03668
-0.03668
-0.03668
-0.036705
-0.036705
-0.036729
-0.036754
-0.036754
-0.036828
-0.036852
-0.036852
-0.036877
-0.036877
-0.036877
-0.036877
-0.036902
-0.036926
-0.036926
-0.036926
-0.036926
-0.036926
-0.036951
-0.036951
-0.036976
-0.036976
-0.037
-0.037
-0.037
-0.036976
-0.036951
-0.036926
-0.036877
-0.036828
-0.036754
-0.03668
-0.036655
-0.036754
-0.037049
-0.037271
-0.037345
-0.037369
-0.037394
-0.037419
-0.037443
-0.037443
-0.037468
-0.037443
-0.037443
-0.037345
-0.03732
-0.037296
-0.037296
-0.037296
-0.03732
-0.03732
-0.037345
-0.037345
-0.037345
-0.037369
-0.037345
-0.037345
-0.037345
-0.037345
-0.037369
-0.037369
-0.037394
-0.037419
-0.037443
-0.037443
-0.037443
-0.037468
-0.037468
-0.037492
-0.037517
-0.037517
-0.037517
-0.037542
-0.037542
-0.037542
-0.037542
-0.037542
-0.037542
-0.037542
-0.037542
-0.037566
-0.037566
-0.037566
-0.037566
-0.037616
-0.037616
-0.037616
-0.037616
-0.03764
-0.03764
-0.037665
-0.037665
-0.037689
-0.037689
-0.037689
-0.037689
-0.037689
-0.037689
-0.037714
-0.037714
-0.037714
-0.037714
-0.037714
-0.037739
-0.037739
-0.037739
-0.037739
-0.037739
-0.037739
-0.037763
-0.037763
-0.037763
-0.037763
-0.037763
-0.037788
-0.037813
-0.037813
-0.037813
-0.037837
-0.037837
-0.037862
-0.037862
-0.037837
-0.037837
-0.037886
-0.037911
-0.037936
-0.03796
-0.037985
-0.037985
-0.037985
-0.038009
-0.038009
-0.038009
-0.038034
-0.038034
-0.038034
-0.038034
-0.038034
-0.038034
-0.038034
-0.038059
-0.038083
-0.038083
-0.038083
-0.038083
-0.038083
-0.038083
-0.038083
-0.038083
-0.038083
-0.038108
-0.038133
-0.038133
-0.038133
-0.038133
-0.038133
-0.038133
-0.038133
-0.038157
-0.038157
-0.038157
-0.038182
-0.038206
-0.038231
-0.038256
-0.038256
-0.038256
-0.03828
-0.03828
-0.03828
-0.03828
-0.03828
-0.03828
-0.038256
-0.038256
-0.038256
-0.038231
-0.038231
-0.038231
-0.038231
-0.038231
-0.038231
-0.038256
-0.038256
-0.038256
-0.038231
-0.038256
-0.03828
-0.03828
-0.03828
-0.03828
-0.03828
-0.03828
-0.038305
-0.038329
-0.038329
-0.038329
-0.038354
-0.038354
-0.038354
-0.038329
-0.038329
-0.038329
-0.038329
-0.038329
-0.038329
-0.038329
-0.038354
-0.038354
-0.038354
-0.038379
-0.038379
-0.038403
-0.038403
-0.038403
-0.038403
-0.038403
-0.038403
-0.038403
-0.038403
-0.038403
-0.038428
-0.038428
-0.038428
-0.038428
-0.038428
-0.038428
-0.038453
-0.038453
-0.038477
-0.038477
-0.038477
-0.038477
-0.038502
-0.038502
-0.038502
-0.038502
-0.038502
-0.038502
-0.038526
-0.038526
-0.038551
-0.038551
-0.038526
-0.038526
-0.038526
-0.038526
-0.038526
-0.038526
-0.038526
-0.038526
-0.038551
-0.038576
-0.0386
-0.0386
-0.0386
-0.038625
-0.038625
-0.038625
-0.03865
-0.03865
-0.03865
-0.03865
-0.03865
-0.03865
-0.03865
-0.038674
-0.038674
-0.038674
-0.038699
-0.038699
-0.038674
-0.038674
-0.038674
-0.038699
-0.038699
-0.038699
-0.038723
-0.038723
-0.038723
-0.038723
-0.038748
-0.038773
-0.038773
-0.038748
-0.038748
-0.038773
-0.038748
-0.038748
-0.038773
-0.038773
-0.038773
-0.038773
-0.038773
-0.038773
-0.038797
-0.038797
-0.038797
-0.038797
-0.038797
-0.038797
-0.038797
-0.038797
-0.038822
-0.038822
-0.038822
-0.038797
-0.038773
-0.038748
-0.038723
-0.038674
-0.038625
-0.038551
-0.038477
-0.038428
-0.038477
-0.038748
-0.038994
-0.039068
-0.039117
-0.039117
-0.039117
-0.039142
-0.039142
-0.039117
-0.039117
-0.039093
-0.039068
-0.039043
-0.039019
-0.039019
-0.038994
-0.038994
-0.038994
-0.03897
-0.038994
-0.039019
-0.039019
-0.038994
-0.038994
-0.038994
-0.038994
-0.039019
-0.039019
-0.039019
-0.039043
-0.039043
-0.039068
-0.039068
-0.039068
-0.039068
-0.039093
-0.039093
-0.039068
-0.039043
-0.039043
-0.039043
-0.039019
-0.039019
-0.039043
-0.039043
-0.039043
-0.039068
-0.039142
-0.039117
-0.039117
-0.039117
-0.039142
-0.039142
-0.039142
-0.039166
-0.039166
-0.039191
-0.039191
-0.039191
-0.039191
-0.039166
-0.039166
-0.039142
-0.039142
-0.039142
-0.039142
-0.039166
-0.039166
-0.039191
-0.039191
-0.039191
-0.039216
-0.039216
-0.03924
-0.039216
-0.039216
-0.039216
-0.039216
-0.039216
-0.039216
-0.039216
-0.039216
-0.039216
-0.039216
-0.039216
-0.039216
-0.03924
-0.03924
-0.03924
-0.039216
-0.039216
-0.039216
-0.039216
-0.039216
-0.039216
-0.039216
-0.039216
-0.03924
-0.03924
-0.03924
-0.039216
-0.039216
-0.039191
-0.039216
-0.039216
-0.03924
-0.03924
-0.039265
-0.039265
-0.039265
-0.039265
-0.039265
-0.039265
-0.039265
-0.039265
-0.039265
-0.039265
-0.039265
-0.039265
-0.03924
-0.03924
-0.03924
-0.03924
-0.03924
-0.03924
-0.03924
-0.039216
-0.039265
-0.039265
-0.039265
-0.039265
-0.039265
-0.039265
-0.039265
-0.039265
-0.039265
-0.039265
-0.03924
-0.03924
-0.03924
-0.03924
-0.039216
-0.039191
-0.039191
-0.039191
-0.039216
-0.039216
-0.039216
-0.039216
-0.039191
-0.039191
-0.039191
-0.039191
-0.039191
-0.039191
-0.039216
-0.039216
-0.03924
-0.03924
-0.039265
-0.039265
-0.03929
-0.03929
-0.03929
-0.03929
-0.03929
-0.03929
-0.03929
-0.03929
-0.03929
-0.03929
-0.039265
-0.039265
-0.03924
-0.03924
-0.03924
-0.039216
-0.03924
-0.03924
-0.03924
-0.039216
-0.039191
-0.039191
-0.039216
-0.039216
-0.039216
-0.039216
-0.03924
-0.03924
-0.03924
-0.03924
-0.03924
-0.039265
-0.039265
-0.039265
-0.03929
-0.039265
-0.039265
-0.039265
-0.039265
-0.039265
-0.039265
-0.039265
-0.039265
-0.039265
-0.039265
-0.03929
-0.03929
-0.039265
-0.039265
-0.039265
-0.039265
-0.03929
-0.03929
-0.03929
-0.03929
-0.03929
-0.039265
-0.039265
-0.039265
-0.03929
-0.03929
-0.03929
-0.03929
-0.03929
-0.039314
-0.039314
-0.039314
-0.03929
-0.03929
-0.03929
-0.03929
-0.039314
-0.03929
-0.03929
-0.03929
-0.03929
-0.03929
-0.03929
-0.039265
-0.039265
-0.039265
-0.03929
-0.039314
-0.039314
-0.039314
-0.039339
-0.039339
-0.039339
-0.039339
-0.039363
-0.039363
-0.039388
-0.039413
-0.039413
-0.039437
-0.039437
-0.039437
-0.039437
-0.039437
-0.039413
-0.039413
-0.039363
-0.039339
-0.03929
-0.03924
-0.039166
-0.039093
-0.039043
-0.039093
-0.039314
-0.03956
-0.039634
-0.039659
-0.039659
-0.039683
-0.039708
-0.039733
-0.039708
-0.039733
-0.039733
-0.039733
-0.039733
-0.039708
-0.039659
-0.039634
-0.03961
-0.03961
-0.03961
-0.03961
-0.03961
-0.03961
-0.03961
-0.03961
-0.03961
-0.03961
-0.03961
-0.03961
-0.03961
-0.039634
-0.039634
-0.039634
-0.039634
-0.039634
-0.039659
-0.039659
-0.039659
-0.039659
-0.039659
-0.039634
-0.039634
-0.039634
-0.039634
-0.039634
-0.039634
-0.039634
-0.039634
-0.039634
-0.039634
-0.03961
-0.039634
-0.039634
-0.039634
-0.039634
-0.039634
-0.039634
-0.039634
-0.039659
-0.039659
-0.039683
-0.039683
-0.039683
-0.039683
-0.039683
-0.039683
-0.039683
-0.039683
-0.039683
-0.039683
-0.039683
-0.039683
-0.039683
-0.039683
-0.039708
-0.039708
-0.039708
-0.039708
-0.039708
-0.039708
-0.039708
-0.039733
-0.039733
-0.039733
-0.039708
-0.039733
-0.039733
-0.039733
-0.039708
-0.039708
-0.039708
-0.039708
-0.039733
-0.039708
-0.039708
-0.039733
-0.039733
-0.039733
-0.039757
-0.039757
-0.039757
-0.039782
-0.039807
-0.039831
-0.039831
-0.039831
-0.039807
-0.039807
-0.039831
-0.039831
-0.039831
-0.039856
-0.039856
-0.039856
-0.039856
-0.039856
-0.039856
-0.039856
-0.03988
-0.039856
-0.03988
-0.03988
-0.039905
-0.039905
-0.039905
-0.039905
-0.039905
-0.03993
-0.03993
-0.039905
-0.039905
-0.039905
-0.039905
-0.03993
-0.03993
-0.03993
-0.03993
-0.03993
-0.039979
-0.039979
-0.039979
-0.039979
-0.039979
-0.039979
-0.039979
-0.039979
-0.039979
-0.039954
-0.039979
-0.039979
-0.039979
-0.039979
-0.039979
-0.039979
-0.039979
-0.039979
-0.039979
-0.039979
-0.040003
-0.040003
-0.040003
-0.040003
-0.040003
-0.040003
-0.040028
-0.040028
-0.040028
-0.040028
-0.040053
-0.040053
-0.040053
-0.040028
-0.040028
-0.040028
-0.040028
-0.040053
-0.040053
-0.040053
-0.040102
-0.040102
-0.040127
-0.040127
-0.040127
-0.040151
-0.040151
-0.040151
-0.040176
-0.040176
-0.040176
-0.040176
-0.040176
-0.040176
-0.040176
-0.040176
-0.040176
-0.040176
-0.040176
-0.040176
-0.040176
-0.040176
-0.040176
-0.040176
-0.040176
-0.040176
-0.040176
-0.040176
-0.040176
-0.0402
-0.0402
-0.0402
-0.0402
-0.0402
-0.0402
-0.0402
-0.0402
-0.0402
-0.040225
-0.0402
-0.040176
-0.040176
-0.040176
-0.040176
-0.040176
-0.040176
-0.0402
-0.0402
-0.0402
-0.0402
-0.040225
-0.040225
-0.04025
-0.04025
-0.04025
-0.04025
-0.04025
-0.04025
-0.04025
-0.040274
-0.040274
-0.040274
-0.040274
-0.040274
-0.040274
-0.040274
-0.04025
-0.04025
-0.04025
-0.040274
-0.040299
-0.040299
-0.040299
-0.040299
-0.040299
-0.040299
-0.040274
-0.040274
-0.040274
-0.04025
-0.040299
-0.040323
-0.040323
-0.040348
-0.040348
-0.040348
-0.040348
-0.040348
-0.040348
-0.040348
-0.040348
-0.040348
-0.040373
-0.040373
-0.040373
-0.040348
-0.040373
-0.040373
-0.040348
-0.040348
-0.040373
-0.040373
-0.040373
-0.040373
-0.040348
-0.040323
-0.040299
-0.04025
-0.040176
-0.040127
-0.040028
-0.039954
-0.039954
-0.040077
-0.040397
-0.040545
-0.040594
-0.040619
-0.040644
-0.040668
-0.040693
-0.040668
-0.040644
-0.040619
-0.04057
-0.04052
-0.040496
-0.040471
-0.040471
-0.040447
-0.040447
-0.040447
-0.040447
-0.040447
-0.040422
-0.040422
-0.040422
-0.040422
-0.040447
-0.040447
-0.040447
-0.040447
-0.040447
-0.040447
-0.040471
-0.040471
-0.040496
-0.040496
-0.040496
-0.040496
-0.040496
-0.040496
-0.040496
-0.040471
-0.040447
-0.040447
-0.040447
-0.040447
-0.040447
-0.040471
-0.040471
-0.040471
-0.040496
-0.040496
-0.040496
-0.040496
-0.040496
-0.040496
-0.040496
-0.04052
-0.04052
-0.04052
-0.04052
-0.04052
-0.040496
-0.04052
-0.04052
-0.04052
-0.04052
-0.040496
-0.04052
-0.04052
-0.04052
-0.040496
-0.040496
-0.040496
-0.040471
-0.040496
-0.040496
-0.040496
-0.040471
-0.040471
-0.040471
-0.040496
-0.040496
-0.040496
-0.04052
-0.04052
-0.040496
-0.040496
-0.04052
-0.04052
-0.04052
-0.04052
-0.04052
-0.04052
-0.04052
-0.04052
-0.04052
-0.04052
-0.04052
-0.04052
-0.04052
-0.040496
-0.040496
-0.040496
-0.04052
-0.04052
-0.04052
-0.04052
-0.040496
-0.040496
-0.040496
-0.040496
-0.040496
-0.04052
-0.04052
-0.04052
-0.04052
-0.040545
-0.040545
-0.040545
-0.04052
-0.04052
-0.04052
-0.04052
-0.04052
-0.040545
-0.040545
-0.040545
-0.04052
-0.04052
-0.04052
-0.04052
-0.04052
-0.040545
-0.040545
-0.040545
-0.040545
-0.040545
-0.040545
-0.040545
-0.040545
-0.04057
-0.04057
-0.04057
-0.04057
-0.04057
-0.04057
-0.04057
-0.04057
-0.04057
-0.04057
-0.04057
-0.04057
-0.040594
-0.040594
-0.040619
-0.040619
-0.040594
-0.040594
-0.040594
-0.040594
-0.040594
-0.040594
-0.040594
-0.040594
-0.040594
-0.040594
-0.040594
-0.04057
-0.040594
-0.040594
-0.040619
-0.040619
-0.040619
-0.040619
-0.040619
-0.040619
-0.040619
-0.040619
-0.040644
-0.040644
-0.040644
-0.040644
-0.040644
-0.040644
-0.040668
-0.040668
-0.040668
-0.040644
-0.040644
-0.040644
-0.040644
-0.040644
-0.040619
-0.040619
-0.040619
-0.040619
-0.040644
-0.040619
-0.040619
-0.040594
-0.040594
-0.040594
-0.040619
-0.040619
-0.040619
-0.040619
-0.040619
-0.040594
-0.040594
-0.040594
-0.040594
-0.040594
-0.040594
-0.040594
-0.040594
-0.04057
-0.04057
-0.04057
-0.04057
-0.04057
-0.04057
-0.04057
-0.040594
-0.040594
-0.040594
-0.040594
-0.040594
-0.040594
-0.040594
-0.040594
-0.040594
-0.040594
-0.040594
-0.04057
-0.04057
-0.04057
-0.040545
-0.040545
-0.04052
-0.04052
-0.04052
-0.04052
-0.040545
-0.04057
-0.04057
-0.04057
-0.04057
-0.04052
-0.04052
-0.04052
-0.040545
-0.040545
-0.040545
-0.04052
-0.04052
-0.04052
-0.04052
-0.04052
-0.04052
-0.040545
-0.040545
-0.04057
-0.04057
-0.04057
-0.04057
-0.04057
-0.04057
-0.04057
-0.04057
-0.040545
-0.04052
-0.040496
-0.040471
-0.040447
-0.040397
-0.040323
-0.04025
-0.040176
-0.040102
-0.040127
-0.040299
-0.04057
-0.040668
-0.040717
-0.040742
-0.040742
-0.040767
-0.040717
-0.040717
-0.040693
-0.040668
-0.040619
-0.040594
-0.04057
-0.04057
-0.04057
-0.04057
-0.04057
-0.040545
-0.040545
-0.040545
-0.040545
-0.040545
-0.040545
-0.04057
-0.04057
-0.04057
-0.04057
-0.04057
-0.04057
-0.04057
-0.040545
-0.040545
-0.040545
-0.040545
-0.040545
-0.04057
-0.04057
-0.04057
-0.04057
-0.040594
-0.040594
-0.040594
-0.040594
-0.040594
-0.040594
-0.040594
-0.040619
-0.040619
-0.040619
-0.040619
-0.040619
-0.040619
-0.040619
-0.040619
-0.040594
-0.040594
-0.040594
-0.040594
-0.040594
-0.04057
-0.04057
-0.04057
-0.04057
-0.04057
-0.040545
-0.040545
-0.040545
-0.040545
-0.040545
-0.040545
-0.040545
-0.040545
-0.040545
-0.04052
-0.04052
-0.04052
-0.04052
-0.04052
-0.040545
-0.040545
-0.04057
-0.04057
-0.04057
-0.04057
-0.04057
-0.04057
-0.04057
-0.04057
-0.04057
-0.040545
-0.040545
-0.040545
-0.04057
-0.040594
-0.040594
-0.040619
-0.040619
-0.040594
-0.040594
-0.040594
-0.04057
-0.04057
-0.04057
-0.04057
-0.040545
-0.040545
-0.04057
-0.04057
-0.040594
-0.040594
-0.040619
-0.040619
-0.040594
-0.040594
-0.040619
-0.040619
-0.040644
-0.040644
-0.040644
-0.040668
-0.040668
-0.040693
-0.040693
-0.040693
-0.040693
-0.040693
-0.040668
-0.040668
-0.040644
-0.040644
-0.040644
-0.040644
-0.040619
-0.040644
-0.040619
-0.040619
-0.040644
-0.040644
-0.040644
-0.040644
-0.040668
-0.040668
-0.040668
-0.040668
-0.040668
-0.040668
-0.040668
-0.040668
-0.040668
-0.040668
-0.040668
-0.040644
-0.040644
-0.040668
-0.040668
-0.040668
-0.040668
-0.040644
-0.040644
-0.040668
-0.040668
-0.040668
-0.040668
-0.040668
-0.040693
-0.040693
-0.040693
-0.040693
-0.040717
-0.040717
-0.040717
-0.040693
-0.040693
-0.040693
-0.040693
-0.040717
-0.040717
-0.040717
-0.040717
-0.040742
-0.040742
-0.040742
-0.040742
-0.040767
-0.040767
-0.040767
-0.040767
-0.040767
-0.040767
-0.040742
-0.040742
-0.040742
-0.040717
-0.040717
-0.040717
-0.040717
-0.040717
-0.040742
-0.040742
-0.040742
-0.040742
-0.040742
-0.040742
-0.040767
-0.040767
-0.040742
-0.040791
-0.040791
-0.040791
-0.040767
-0.040767
-0.040767
-0.040767
-0.040767
-0.040742
-0.040742
-0.040742
-0.040742
-0.040742
-0.040767
-0.040767
-0.040767
-0.040767
-0.040767
-0.040767
-0.040767
-0.040767
-0.040767
-0.040767
-0.040767
-0.040767
-0.040767
-0.040767
-0.040767
-0.040791
-0.040791
-0.040816
-0.040791
-0.040791
-0.040791
-0.040816
-0.040816
-0.040816
-0.04084
-0.04084
-0.04084
-0.04084
-0.04084
-0.04084
-0.04084
-0.04084
-0.04084
-0.04084
-0.04084
-0.04084
-0.04084
-0.040865
-0.040865
-0.04089
-0.040865
-0.04089
-0.04089
-0.040914
-0.040914
-0.040939
-0.040939
-0.040964
-0.040964
-0.040964
-0.040964
-0.040964
-0.040964
-0.040964
-0.040964
-0.040964
-0.040964
-0.040939
-0.040939
-0.040939
-0.040939
-0.040939
-0.040964
-0.040939
-0.040914
-0.04089
-0.04084
-0.04052
-0.040471
-0.04057
-0.04084
-0.041062
-0.041111
-0.041136
-0.041136
-0.04116
-0.04116
-0.04116
-0.04116
-0.04116
-0.041136
-0.041136
-0.041111
-0.041062
-0.041037
-0.041013
-0.040988
-0.040964
-0.040964
-0.040964
-0.040964
-0.040964
-0.040964
-0.040964
-0.040939
-0.040939
-0.040914
-0.040939
-0.040939
-0.040939
-0.040964
-0.040939
-0.040939
-0.040939
-0.040939
-0.040914
-0.040914
-0.040964
-0.040964
-0.040964
-0.040964
-0.040964
-0.040964
-0.040964
-0.040964
-0.040964
-0.040939
-0.040939
-0.040939
-0.040939
-0.040939
-0.040964
-0.040964
-0.040964
-0.040964
-0.040939
-0.040939
-0.040939
-0.040939
-0.040939
-0.040939
-0.040964
-0.040964
-0.040964
-0.040964
-0.040964
-0.040964
-0.040964
-0.040939
-0.040939
-0.040939
-0.040939
-0.040939
-0.040914
-0.040914
-0.04089
-0.04089
-0.040914
-0.040914
-0.040939
-0.040939
-0.040939
-0.040964
-0.040988
-0.041013
-0.041013
-0.041013
-0.040988
-0.040988
-0.040964
-0.040964
-0.040964
-0.040964
-0.040964
-0.040964
-0.040964
-0.040939
-0.040939
-0.040939
-0.040939
-0.040939
-0.040939
-0.040939
-0.040939
-0.040939
-0.040939
-0.040939
-0.040939
-0.040914
-0.040914
-0.04089
-0.04089
-0.04089
-0.04089
-0.04089
-0.04089
-0.040865
-0.040865
-0.040865
-0.040865
-0.040865
-0.040865
-0.040865
-0.04084
-0.04084
-0.04084
-0.04084
-0.04084
-0.04084
-0.04084
-0.04084
-0.04084
-0.04084
-0.04084
-0.04084
-0.040865
-0.040865
-0.04084
-0.04084
-0.040816
-0.04084
-0.04084
-0.04084
-0.04084
-0.04084
-0.04084
-0.04084
-0.040816
-0.040816
-0.040816
-0.040816
-0.040816
-0.040816
-0.040791
-0.040791
-0.040767
-0.040767
-0.040767
-0.040767
-0.040767
-0.040767
-0.040767
-0.040767
-0.040742
-0.040742
-0.040742
-0.040717
-0.040717
-0.040742
-0.040742
-0.040742
-0.040717
-0.040717
-0.040717
-0.040717
-0.040717
-0.040717
-0.040717
-0.040717
-0.040693
-0.040693
-0.040693
-0.040693
-0.040693
-0.040693
-0.040668
-0.040668
-0.040668
-0.040668
-0.040668
-0.040668
-0.040668
-0.040693
-0.040668
-0.040668
-0.040668
-0.040693
-0.040668
-0.040644
-0.040644
-0.040619
-0.040619
-0.040619
-0.040619
-0.040594
-0.040594
-0.040594
-0.040594
-0.04057
-0.04057
-0.04057
-0.04057
-0.04057
-0.04057
-0.04057
-0.04057
-0.04057
-0.04057
-0.040594
-0.040594
-0.040594
-0.040594
-0.040594
-0.040594
-0.040594
-0.040594
-0.040594
-0.04057
-0.040545
-0.040545
-0.040545
-0.04057
-0.040545
-0.040545
-0.040545
-0.04052
-0.04052
-0.040496
-0.040496
-0.04052
-0.04052
-0.04052
-0.04052
-0.04052
-0.04052
-0.04052
-0.04052
-0.040496
-0.040496
-0.040496
-0.040471
-0.040471
-0.040471
-0.040471
-0.040471
-0.040471
-0.040471
-0.040471
-0.040471
-0.040471
-0.040471
-0.040471
-0.040471
-0.040471
-0.040471
-0.040496
-0.040496
-0.040471
-0.040447
-0.040422
-0.040397
-0.040348
-0.040274
-0.040225
-0.040151
-0.040077
-0.040102
-0.040693
-0.040693
-0.040693
-0.040693
-0.040693
-0.040668
-0.040668
-0.040668
-0.040644
-0.040619
-0.04057
-0.04052
-0.040496
-0.040496
-0.040471
-0.040471
-0.040447
-0.040447
-0.040447
-0.040447
-0.040471
-0.040471
-0.040471
-0.040447
-0.040447
-0.040447
-0.040447
-0.040447
-0.040447
-0.040447
-0.040447
-0.040447
-0.040471
-0.040471
-0.040496
-0.040496
-0.040471
-0.040471
-0.040471
-0.040471
-0.040471
-0.040496
-0.040471
-0.040471
-0.040447
-0.040447
-0.040447
-0.040447
-0.040447
-0.040447
-0.040447
-0.040447
-0.040447
-0.040447
-0.040447
-0.040447
-0.040447
-0.040447
-0.040422
-0.040422
-0.040422
-0.040422
-0.040422
-0.040422
-0.040422
-0.040422
-0.040422
-0.040422
-0.040447
-0.040447
-0.040447
-0.040447
-0.040447
-0.040447
-0.040422
-0.040422
-0.040422
-0.040447
-0.040447
-0.040447
-0.040447
-0.040447
-0.040447
-0.040447
-0.040447
-0.040471
-0.040471
-0.040471
-0.040471
-0.040447
-0.040471
-0.040447
-0.040447
-0.040447
-0.040471
-0.040471
-0.040471
-0.040471
-0.040447
-0.040447
-0.040447
-0.040447
-0.040471
-0.040471
-0.040471
-0.040471
-0.040471
-0.040471
-0.040471
-0.040471
-0.040496
-0.040496
-0.040496
-0.040471
-0.040471
-0.040471
-0.040471
-0.040496
-0.040496
-0.040496
-0.04052
-0.04052
-0.04052
-0.04052
-0.04052
-0.04052
-0.040545
-0.040545
-0.040545
-0.040545
-0.04057
-0.040545
-0.04057
-0.04057
-0.04057
-0.04057
-0.040594
-0.040594
-0.040594
-0.040594
-0.04057
-0.04057
-0.04057
-0.04057
-0.040545
-0.040545
-0.04057
-0.04057
-0.04057
-0.040545
-0.04057
-0.040545
-0.040545
-0.04057
-0.040545
-0.040545
-0.04057
-0.04057
-0.04057
-0.04057
-0.040545
-0.040545
-0.040545
-0.040545
-0.040545
-0.040545
-0.040545
-0.040545
-0.040545
-0.04057
-0.04057
-0.04057
-0.04057
-0.040594
-0.040619
-0.040619
-0.040644
-0.040644
-0.040668
-0.040668
-0.040668
-0.040668
-0.040668
-0.040668
-0.040644
-0.040644
-0.040644
-0.040644
-0.040644
-0.040644
-0.040644
-0.040644
-0.040644
-0.040644
-0.040644
-0.040619
-0.040619
-0.040619
-0.040619
-0.040619
-0.040644
-0.040668
-0.040668
-0.040668
-0.040668
-0.040644
-0.040644
-0.040644
-0.040668
-0.040668
-0.040668
-0.040668
-0.040644
-0.040644
-0.040668
-0.040644
-0.040668
-0.040668
-0.040668
-0.040668
-0.040668
-0.040644
-0.040644
-0.040644
-0.040619
-0.040619
-0.040619
-0.040594
-0.040594
-0.040594
-0.040594
-0.040594
-0.040594
-0.040594
-0.040594
-0.040619
-0.040619
-0.040619
-0.040594
-0.040594
-0.040594
-0.040594
-0.040619
-0.040619
-0.040619
-0.040619
-0.040619
-0.040594
-0.040594
-0.040594
-0.040594
-0.040594
-0.040594
-0.040594
-0.040619
-0.040619
-0.040644
-0.040644
-0.040644
-0.040644
-0.040644
-0.040644
-0.040644
-0.040644
-0.040644
-0.040644
-0.040644
-0.040644
-0.040644
-0.040644
-0.040644
-0.040644
-0.040644
-0.040644
-0.040644
-0.040644
-0.040644
-0.040644
-0.040644
-0.040644
-0.040594
-0.04057
-0.040545
-0.040496
-0.040447
-0.040373
-0.040299
-0.040225
-0.040176
-0.040274
-0.040545
-0.040717
-0.040767
-0.040791
-0.040791
-0.040816
-0.040816
-0.040816
-0.040816
-0.040816
-0.040816
-0.040791
-0.040791
-0.040742
-0.040717
-0.040668
-0.040644
-0.040619
-0.040594
-0.040594
-0.04057
-0.04057
-0.040594
-0.04057
-0.04057
-0.04057
-0.04057
-0.04057
-0.04057
-0.040594
-0.040594
-0.040594
-0.040594
-0.040594
-0.040594
-0.040594
-0.040594
-0.040594
-0.040594
-0.040619
-0.040619
-0.040619
-0.040594
-0.040594
-0.040594
-0.04057
-0.04057
-0.04057
-0.04057
-0.04057
-0.04057
-0.04057
-0.04057
-0.04057
-0.040545
-0.04057
-0.04057
-0.04057
-0.040594
-0.04057
-0.04057
-0.04057
-0.04057
-0.04057
-0.04057
-0.040545
-0.040545
-0.040545
-0.04052
-0.04052
-0.04057
-0.04057
-0.04057
-0.040545
-0.040545
-0.040545
-0.040545
-0.040545
-0.040545
-0.040545
-0.040545
-0.040545
-0.040545
-0.040545
-0.040545
-0.040545
-0.040545
-0.04057
-0.04057
-0.04057
-0.040594
-0.040594
-0.040594
-0.040594
-0.040594
-0.040594
-0.040594
-0.040594
-0.040594
-0.040594
-0.040594
-0.040594
-0.040594
-0.040594
-0.040594
-0.040594
-0.040594
-0.040594
-0.040594
-0.040594
-0.04057
-0.04057
-0.04057
-0.04057
-0.04057
-0.040545
-0.04057
-0.04057
-0.04057
-0.04057
-0.04057
-0.04057
-0.04057
-0.04057
-0.04057
-0.040594
-0.040594
-0.040594
-0.04057
-0.04057
-0.04057
-0.04057
-0.04057
-0.040594
-0.040594
-0.040594
-0.040594
-0.040594
-0.040594
-0.040594
-0.040594
-0.040594
-0.040594
-0.04057
-0.04057
-0.040594
-0.040594
-0.04057
-0.04057
-0.04057
-0.04057
-0.04057
-0.04057
-0.04057
-0.04057
-0.04057
-0.04057
-0.040545
-0.04052
-0.04052
-0.04052
-0.04052
-0.040545
-0.040545
-0.040545
-0.040545
-0.040545
-0.040545
-0.040545
-0.040545
-0.040545
-0.040545
-0.040545
-0.040545
-0.04057
-0.04057
-0.040545
-0.040545
-0.040545
-0.040545
-0.040545
-0.040545
-0.040545
-0.040545
-0.040545
-0.040545
-0.040545
-0.04052
-0.04052
-0.04052
-0.040496
-0.040496
-0.040496
-0.040496
-0.040496
-0.040496
-0.040496
-0.040496
-0.040496
-0.040496
-0.040496
-0.04052
-0.040496
-0.040471
-0.040471
-0.040447
-0.040471
-0.040471
-0.040471
-0.040471
-0.040471
-0.040471
-0.040471
-0.040471
-0.040471
-0.040471
-0.040447
-0.040447
-0.040422
-0.040422
-0.040422
-0.040422
-0.040422
-0.040422
-0.040422
-0.040397
-0.040397
-0.040397
-0.040397
-0.040373
-0.040348
-0.040348
-0.040348
-0.040348
-0.040348
-0.040373
-0.040348
-0.040323
-0.040323
-0.040299
-0.040299
-0.040299
-0.040274
-0.040299
-0.040299
-0.040274
-0.040274
-0.040299
-0.040299
-0.040299
-0.040323
-0.040323
-0.040323
-0.040323
-0.040323
-0.040348
-0.040323
-0.040323
-0.040323
-0.040299
-0.040299
-0.040299
-0.040274
-0.040274
-0.040274
-0.040274
-0.040274
-0.04025
-0.040274
-0.040274
