2018
6
28
9
23
44.372
0.0037911
0.0037911
0.0037911
0.0037911
0.0037911
0.0037911
0.0037911
0.0037911
0.0037911
0.0037911
0.0037665
0.0037665
0.0037665
0.0037665
0.0037665
0.0037665
0.0037665
0.0037665
0.0037665
0.0037665
0.0037665
0.0037665
0.0037665
0.0037665
0.0037665
0.0037665
0.0037665
0.0037665
0.0037665
0.0037665
0.0037665
0.0037665
0.0037665
0.0037665
0.0037665
0.0037665
0.0037665
0.0037665
0.0037665
0.0037665
0.0037665
0.0037419
0.0037665
0.0037665
0.0037665
0.0037665
0.0037665
0.0037665
0.0037665
0.0037665
0.0037419
0.0037419
0.0037419
0.0037419
0.0037419
0.0037419
0.0037419
0.0037419
0.0037419
0.0037419
0.0037419
0.0037172
0.0037419
0.0037419
0.0037172
0.0037419
0.0037419
0.0037419
0.0037419
0.0037419
0.0037419
0.0037419
0.0037419
0.0037419
0.0037419
0.0037665
0.0037419
0.0037419
0.0037419
0.0037419
0.0037419
0.0037419
0.0037419
0.0037419
0.0037172
0.0037172
0.0037172
0.0037172
0.0037172
0.0037172
0.0037172
0.0037172
0.0037172
0.0037172
0.0037172
0.0037172
0.0037172
0.0037172
0.0037172
0.0037172
0.0037172
0.0037172
0.0037172
0.0037172
0.0037172
0.0036926
0.0037172
0.0036926
0.0036926
0.0036926
0.0036926
0.0036926
0.0037172
0.0036926
0.0036926
0.0036926
0.0036926
0.0036926
0.0036926
0.0036926
0.0036926
0.0036926
0.0036926
0.0036926
0.0036926
0.0036926
0.0036926
0.0036926
0.0036926
0.0036926
0.003668
0.003668
0.003668
0.003668
0.003668
0.003668
0.003668
0.003668
0.0036926
0.0036926
0.0036926
0.0036926
0.0036926
0.0036926
0.0036926
0.0036926
0.0036926
0.0036926
0.0036926
0.0036926
0.0036926
0.0036926
0.0036926
0.0036926
0.0036926
0.0036926
0.0036926
0.0036926
0.0036926
0.0036926
0.003668
0.0036926
0.0036926
0.003668
0.003668
0.003668
0.003668
0.003668
0.0036926
0.0036926
0.0036926
0.003668
0.003668
0.003668
0.003668
0.003668
0.003668
0.003668
0.003668
0.003668
0.003668
0.0036926
0.0036926
0.0036926
0.0036926
0.0036926
0.0036926
0.0036926
0.0036926
0.0036926
0.003668
0.003668
0.003668
0.003668
0.003668
0.003668
0.003668
0.003668
0.003668
0.003668
0.003668
0.003668
0.003668
0.0036926
0.0036926
0.0036926
0.0036926
0.0036926
0.0036926
0.0036926
0.0036926
0.0036926
0.0036926
0.003668
0.003668
0.003668
0.003668
0.0036926
0.0036926
0.0036926
0.0036926
0.0036926
0.0036926
0.0036926
0.0036926
0.0036926
0.0036926
0.0036926
0.0036926
0.0036926
0.0036926
0.0036926
0.0036926
0.0036926
0.0036926
0.0036926
0.0036926
0.0036926
0.0036926
0.0036926
0.0036926
0.0036926
0.0036926
0.0036926
0.0036926
0.0036926
0.0036926
0.0036926
0.0036926
0.0036926
0.0036926
0.003668
0.003668
0.003668
0.0036926
0.0036926
0.003668
0.003668
0.0036926
0.0036926
0.0036926
0.003668
0.003668
0.0036926
0.0036926
0.0036926
0.0036926
0.0036926
0.0036926
0.0036926
0.0036926
0.0036926
0.0036926
0.0036926
0.0036926
0.0036926
0.0036926
0.0036926
0.0036926
0.0036926
0.0036926
0.0036926
0.0036926
0.0036926
0.0036926
0.0036926
0.0036926
0.0036926
0.0036926
0.0036926
0.0036926
0.0036926
0.0036926
0.0036926
0.0036926
0.0036926
0.0036926
0.0036926
0.0036926
0.0036926
0.0036926
0.0036926
0.0036926
0.0036926
0.0036926
0.0036926
0.0037172
0.0037172
0.0037172
0.0037172
0.0036926
0.0037172
0.0036926
0.0036926
0.0036926
0.0037172
0.0036926
0.0037172
0.0037172
0.0037172
0.0037172
0.0037172
0.0037172
0.0037172
0.0037172
0.0037172
0.0037172
0.0037172
0.0037172
0.0037172
0.0037172
0.0037172
0.0037172
0.0037172
0.0037172
0.0037172
0.0037172
0.0037172
0.0037172
0.0037172
0.0037172
0.0037172
0.0037172
0.0037172
0.0037172
0.0037172
0.0037172
0.0037172
0.0037172
0.0037172
0.0037172
0.0037172
0.0037172
0.0037172
0.0037172
0.0037172
0.0037172
0.0037172
0.0037172
0.0037172
0.0037172
0.0037172
0.0037172
0.0037172
0.0037172
0.0037172
0.0037172
0.0037172
0.0037172
0.0037172
0.0037172
0.0037172
0.0037172
0.0037172
0.0037172
0.0037172
0.0037172
0.0037172
0.0037172
0.0037172
0.0037172
0.0037172
0.0037172
0.0037172
0.0037172
0.0037172
0.0037172
0.0037172
0.0037172
0.0037172
0.0037172
0.0037172
0.0037172
0.0037172
0.0037172
0.0037172
0.0037172
0.0036926
0.0036926
0.0037172
0.0037172
0.0037172
0.0037172
0.0037172
0.0037172
0.0037172
0.0037172
0.0037172
0.0037172
0.0037172
0.0037172
0.0037172
0.0037172
0.0037172
0.0037172
0.0037172
0.0037172
0.0037172
0.0036926
0.0036926
0.0036926
0.0036926
0.0037172
0.0037172
0.0036926
0.0036926
0.0036926
0.0036926
0.0036926
0.0036926
0.0036926
0.0036926
0.0036926
0.0036926
0.0036926
0.0036926
0.0036926
0.0036926
0.0036926
0.0036926
0.0036926
0.0036926
0.0036926
0.0036926
0.0036926
0.0036926
0.0036926
0.0036926
0.0036926
0.0036926
0.0036926
0.0036926
0.0036926
0.0036926
0.0036926
0.0036926
0.0036926
0.0036926
0.0036926
0.0036926
0.0036926
0.0036926
0.0036926
0.0036926
0.0036926
0.0036926
0.0036926
0.0036926
0.0036926
0.0036926
0.0036926
0.0036926
0.0036926
0.0036926
0.0036926
0.0036926
0.0036926
0.0036926
0.0036926
0.0036926
0.0036926
0.0036926
0.0036926
0.0036926
0.0036926
0.0036926
0.003668
0.003668
0.003668
0.003668
0.003668
0.003668
0.0036926
0.0036926
0.003668
0.003668
0.003668
0.003668
0.003668
0.003668
0.003668
0.003668
0.003668
0.003668
0.003668
0.003668
0.003668
0.003668
0.003668
0.003668
0.003668
0.0036926
0.0036926
0.0036926
0.003668
0.003668
0.003668
0.0036434
0.0036434
0.0036434
0.0036434
0.0036434
0.0036434
0.0036434
0.0036434
0.0036434
0.0036434
0.0036434
0.0036434
0.0036434
0.0036434
0.0036434
0.003668
0.0036434
0.003668
0.003668
0.0036434
0.0036434
0.0036434
0.0036434
0.0036434
0.0036434
0.0036434
0.0036434
0.0036434
0.0036434
0.0036434
0.0036434
0.0036434
0.0036434
0.0036434
0.0036434
0.0036434
0.0036434
0.0036434
0.0036434
0.0036434
0.0036434
0.0036434
0.0036434
0.0036434
0.0036434
0.0036434
0.0036188
0.0036188
0.0036188
0.0036188
0.0036188
0.0036188
0.0036188
0.0036188
0.0036188
0.0036188
0.0036188
0.0036188
0.0036188
0.0036188
0.0036188
0.0036188
0.0036188
0.0036188
0.0036188
0.0036188
0.0035942
0.0035942
0.0035942
0.0035942
0.0035942
0.0035942
0.0035942
0.0035942
0.0035942
0.0035942
0.0035942
0.0035942
0.0035942
0.0035942
0.0035942
0.0035942
0.0035942
0.0035942
0.0035942
0.0035942
0.0035942
0.0035942
0.0035942
0.0035942
0.0035942
0.0035942
0.0035942
0.0035942
0.0035942
0.0035942
0.0035942
0.0035942
0.0035942
0.0035942
0.0035695
0.0035695
0.0035695
0.0035942
0.0035942
0.0035695
0.0035695
0.0035695
0.0035695
0.0035695
0.0035695
0.0035695
0.0035695
0.0035695
0.0035695
0.0035695
0.0035695
0.0035695
0.0035695
0.0035695
0.0035695
0.0035695
0.0035695
0.0035695
0.0035449
0.0035449
0.0035449
0.0035449
0.0035449
0.0035449
0.0035449
0.0035449
0.0035449
0.0035449
0.0035449
0.0035449
0.0035449
0.0035449
0.0035449
0.0035449
0.0035449
0.0035449
0.0035449
0.0035449
0.0035449
0.0035449
0.0035449
0.0035449
0.0035449
0.0035449
0.0035203
0.0035203
0.0035203
0.0035203
0.0035203
0.0035203
0.0035203
0.0035203
0.0035203
0.0035203
0.0035203
0.0035203
0.0035203
0.0035203
0.0034957
0.0034957
0.0034957
0.0034957
0.0034957
0.0034957
0.0034957
0.0034957
0.0034957
0.0034957
0.0034957
0.0034957
0.0034957
0.0034711
0.0034711
0.0034711
0.0034711
0.0034711
0.0034711
0.0034711
0.0034711
0.0034711
0.0034711
0.0034711
0.0034465
0.0034465
0.0034465
0.0034465
0.0034465
0.0034465
0.0034465
0.0034465
0.0034465
0.0034465
0.0034465
0.0034465
0.0034465
0.0034465
0.0034218
0.0034218
0.0034218
0.0034218
0.0034218
0.0034218
0.0034218
0.0034218
0.0034218
0.0034218
0.0033972
0.0033972
0.0033972
0.0033972
0.0033972
0.0033972
0.0033972
0.0033972
0.0033972
0.0033972
0.0033972
0.0033972
0.0033726
0.0033972
0.0033726
0.0033726
0.0033726
0.0033726
0.0033726
0.0033726
0.0033726
0.0033726
0.0033726
0.003348
0.003348
0.003348
0.003348
0.003348
0.003348
0.003348
0.003348
0.003348
0.003348
0.003348
0.0033234
0.003348
0.0033234
0.0033234
0.0033234
0.0033234
0.0033234
0.0033234
0.0033234
0.0033234
0.0032987
0.0032987
0.0032987
0.0032987
0.0032987
0.0032987
0.0032987
0.0032987
0.0032987
0.0032987
0.0032741
0.0032741
0.0032741
0.0032741
0.0032741
0.0032741
0.0032741
0.0032741
0.0032741
0.0032741
0.0032741
0.0032741
0.0032741
0.0032741
0.0032741
0.0032741
0.0032495
0.0032495
0.0032495
0.0032495
0.0032495
0.0032495
0.0032495
0.0032495
0.0032495
0.0032495
0.0032495
0.0032495
0.0032495
0.0032249
0.0032249
0.0032249
0.0032249
0.0032003
0.0032003
0.0032003
0.0032249
0.0032003
0.0032003
0.0032003
0.0032003
0.0032003
0.0032003
0.0032003
0.0032003
0.0032003
0.0032003
0.0032003
0.0032003
0.0032003
0.0032003
0.0032003
0.0032003
0.0031757
0.0031757
0.0031757
0.0031757
0.0031757
0.0031757
0.0031757
0.0031757
0.0031757
0.0031757
0.0031757
0.003151
0.003151
0.003151
0.003151
0.003151
0.003151
0.003151
0.003151
0.003151
0.003151
0.003151
0.003151
0.003151
0.003151
0.003151
0.0031264
0.0031264
0.0031264
0.0031264
0.0031264
0.0031264
0.0031264
0.0031264
0.0031264
0.0031264
0.0031264
0.0031264
0.0031264
0.0031264
0.0031264
0.0031264
0.0031018
0.0031018
0.0031018
0.0031018
0.0031018
0.0031018
0.0031018
0.0031018
0.0031018
0.0031018
0.0031018
0.0031018
0.0030772
0.0030772
0.0030772
0.0030772
0.0031018
0.0031018
0.0031018
0.0030772
0.0030772
0.0030772
0.0030772
0.0030772
0.0030772
0.0030772
0.0030772
0.0030772
0.0030772
0.0030772
0.0030772
0.0030772
0.0030772
0.0030772
0.0030772
0.0030772
0.0030772
0.0030772
0.0030772
0.0030772
0.0030772
0.0030772
0.0030772
0.0030772
0.0030526
0.0030526
0.0030526
0.0030526
0.0030526
0.0030526
0.0030526
0.0030526
0.0030526
0.0030526
0.0030526
0.0030526
0.0030526
0.0030526
0.0030526
0.0030526
0.0030526
0.0030526
0.0030526
0.0030526
0.0030526
0.0030526
0.0030526
0.0030526
0.0030526
0.0030526
0.0030526
0.0030526
0.0030526
0.003028
0.003028
0.003028
0.003028
0.003028
0.003028
0.003028
0.003028
0.003028
0.003028
0.003028
0.003028
0.003028
0.0030033
0.0030033
0.0030033
0.0030033
0.0030033
0.0030033
0.0030033
0.0030033
0.0030033
0.0030033
0.0030033
0.0030033
0.0030033
0.0030033
0.0030033
0.0030033
0.0030033
0.0030033
0.0030033
0.0030033
0.0030033
0.0030033
0.0030033
0.0030033
0.0030033
0.0030033
0.0030033
0.0030033
0.0030033
0.0030033
0.0030033
0.0029787
0.0029787
0.0029787
0.0029787
0.0029787
0.0029787
0.0029787
0.0029787
0.0029787
0.0029787
0.0029787
0.0029787
0.0029787
0.0029787
0.0029787
0.0029787
0.0029787
0.0029541
0.0029541
0.0029541
0.0029541
0.0029541
0.0029541
0.0029541
0.0029541
0.0029541
0.0029541
0.0029541
0.0029541
0.0029541
0.0029541
0.0029541
0.0029541
0.0029541
0.0029541
0.0029541
0.0029541
0.0029541
0.0029541
0.0029295
0.0029295
0.0029295
0.0029541
0.0029295
0.0029295
0.0029295
0.0029295
0.0029295
0.0029295
0.0029295
0.0029295
0.0029295
0.0029295
0.0029295
0.0029295
0.0029295
0.0029295
0.0029295
0.0029295
0.0029295
0.0029295
0.0029295
0.0029295
0.0029295
0.0029295
0.0029295
0.0029295
0.0029295
0.0029295
0.0029295
0.0029295
0.0029295
0.0029295
0.0029295
0.0029295
0.0029295
0.0029295
0.0029295
0.0029295
0.0029295
0.0029049
0.0029049
0.0029049
0.0029049
0.0029049
0.0029049
0.0029049
0.0029049
0.0029049
0.0029049
0.0029049
0.0029049
0.0029049
0.0029049
0.0029049
0.0029049
0.0029049
0.0029049
0.0029049
0.0029049
0.0029049
0.0029049
0.0029049
0.0029049
0.0029049
0.0029049
0.0029049
0.0029049
0.0029049
0.0029049
0.0028802
0.0028802
0.0028802
0.0028802
0.0028802
0.0028802
0.0028802
0.0028802
0.0028802
0.0028802
0.0028556
0.0028556
0.0028802
0.0028556
0.0028556
0.0028802
0.0028802
0.0028802
0.0028802
0.0028802
0.0028802
0.0028802
0.0028802
0.0028802
0.0028802
0.0028802
0.0028802
0.0028802
0.0028802
0.0028802
0.0028802
0.0028802
0.0028802
0.0028802
0.0028802
0.0028802
0.0028802
0.0028802
0.0028802
0.0028802
0.0028802
0.0028802
0.0028802
0.0028802
0.0028802
0.0028802
0.0028802
0.0028802
0.0028802
0.0028802
0.0028802
0.0028802
0.0028802
0.0028802
0.0028802
0.0028802
0.0028802
0.0028802
0.0028802
0.0028802
0.0028556
0.0028556
0.0028802
0.0028802
0.0028802
0.0028556
0.0028556
0.0028556
0.0028556
0.0028556
0.0028556
0.0028556
0.0028556
0.0028556
0.0028556
0.0028556
0.0028556
0.0028556
0.0028556
0.0028556
0.0028556
0.0028556
0.0028556
0.0028556
0.0028556
0.0028556
0.0028556
0.0028556
0.0028556
0.0028556
0.0028556
0.0028556
0.0028556
0.0028556
0.0028556
0.0028556
0.0028556
0.0028802
0.0028802
0.0028802
0.0028802
0.0028802
0.0028802
0.0028802
0.0028802
0.0028802
0.0028802
0.0028802
0.0028802
0.0028802
0.0028802
0.0028802
0.0028802
0.0028802
0.0028802
0.0028802
0.0028802
0.0028802
0.0028802
0.0028802
0.0028802
0.0028802
0.0028802
0.0028802
0.0028802
0.0028802
0.0028802
0.0028802
0.0028802
0.0028802
0.0028802
0.0028802
0.0028802
0.0028802
0.0028802
0.0028802
0.0028802
0.0028802
0.0028802
0.0028802
0.0028802
0.0028802
0.0028802
0.0028802
0.0029049
0.0028802
0.0028802
0.0028556
0.0028556
0.0028556
0.0028556
0.0028556
0.0028802
0.0028802
0.0028802
0.0028556
0.0028556
0.0028556
0.0028556
0.0028556
0.0028556
0.0028556
0.0028802
0.0028802
0.0028802
0.0028802
0.0028802
0.0028802
0.0028802
0.0028802
0.0028802
0.0028802
0.0028802
0.0028802
0.0028802
0.0028802
0.0028802
0.0028802
0.0028802
0.0028802
0.0028802
0.0028802
0.0028802
0.0028802
0.0028802
0.0028802
0.0028802
0.0028802
0.0028802
0.0028802
0.0028802
0.0028802
0.0028802
0.0028802
0.0028802
0.0028556
0.0028556
0.0028556
0.0028556
0.0028556
0.0028802
0.0028802
0.0028802
0.0028556
0.0028556
0.0028556
0.0028556
0.0028556
0.0028556
0.0028556
0.0028556
0.0028556
0.0028556
0.0028556
0.0028556
0.0028556
0.0028556
0.0028556
0.0028556
0.0028556
0.0028556
0.0028556
0.0028556
0.0028556
0.0028556
0.0028802
0.0028802
0.0028556
0.0028802
0.0028802
0.0028556
0.0028556
0.0028556
0.0028556
0.0028556
0.0028556
0.0028802
0.0028802
0.0028802
0.0028802
0.0028802
0.0028802
0.0028802
0.0028802
0.0028802
0.0028556
0.0028556
0.0028802
0.0028802
0.0028802
0.0028802
0.0028802
0.0028802
0.0028802
0.0028802
0.0028556
0.0028556
0.0028556
0.0028556
0.0028802
0.0028556
0.0028802
0.0028802
0.0028802
0.0028802
0.0028802
0.0028802
0.0028802
0.0028802
0.0028802
0.0028802
0.0028802
0.0028802
0.0028556
0.0028556
0.0028802
0.0028802
0.0028802
0.0028802
0.0028802
0.0028802
0.0028556
0.0028556
0.0028556
0.0028556
0.0028802
0.0028802
0.0028556
0.0028802
0.0028802
0.0028556
0.0028802
0.0028802
0.0028802
0.0028802
0.0028556
0.0028802
0.0028556
0.0028556
0.0028556
0.0028556
0.0028556
0.0028556
0.0028556
0.0028556
0.0028556
0.0028556
0.0028556
0.0028556
0.0028556
0.0028556
0.0028556
0.0028556
0.0028556
0.0028556
0.0028556
0.0028556
0.0028556
0.0028556
0.0028556
0.0028556
0.0028556
0.0028556
0.0028556
0.0028556
0.0028556
0.0028556
0.0028556
0.0028556
0.0028556
0.0028556
0.0028556
0.0028556
0.0028556
0.0028556
0.0028556
0.0028556
0.0028556
0.0028556
0.002831
0.002831
0.002831
0.002831
0.002831
0.002831
0.0028556
0.0028556
0.0028556
0.0028556
0.002831
0.002831
0.002831
0.002831
0.002831
0.002831
0.002831
0.002831
0.002831
0.002831
0.002831
0.002831
0.002831
0.002831
0.002831
0.002831
0.0028064
0.0028064
0.0028064
0.0028064
0.0028064
0.0028064
0.0028064
0.0028064
0.0028064
0.0028064
0.0028064
0.0028064
0.0028064
0.0028064
0.0028064
0.0028064
0.0028064
0.0028064
0.0028064
0.0028064
0.0027818
0.0027818
0.0027818
0.0027818
0.0027818
0.0027818
0.0027818
0.0027818
0.0027818
0.0027818
0.0027818
0.0027818
0.0027818
0.0027818
0.0027818
0.0027818
0.0027818
0.0027818
0.0027818
0.0027818
0.0027818
0.0027818
0.0027818
0.0027818
0.0027818
0.0027818
0.0027818
0.0027818
0.0027572
0.0027572
0.0027572
0.0027572
0.0027572
0.0027572
0.0027572
0.0027572
0.0027572
0.0027572
0.0027572
0.0027572
0.0027572
0.0027325
0.0027325
0.0027325
0.0027325
0.0027325
0.0027325
0.0027325
0.0027325
0.0027325
0.0027325
0.0027325
0.0027325
0.0027079
0.0027079
0.0027079
0.0027325
0.0027079
0.0027079
0.0027079
0.0027079
0.0027079
0.0027079
0.0027079
0.0027079
0.0027079
0.0027079
0.0027079
0.0027079
0.0027079
0.0027079
0.0027079
0.0026833
0.0026833
0.0026833
0.0026833
0.0026833
0.0027079
0.0027079
0.0027079
0.0027079
0.0027079
0.0027079
0.0026833
0.0026833
0.0026833
0.0026587
0.0026587
0.0026587
0.0026587
0.0026587
0.0026587
0.0026587
0.0026587
0.0026587
0.0026587
0.0026587
0.0026587
0.0026587
0.0026587
0.0026587
0.0026587
0.0026587
0.0026833
0.0026833
0.0026587
0.0026587
0.0026587
0.0026587
0.0026587
0.0026587
0.0026587
0.0026587
0.0026587
0.0026587
0.0026341
0.0026587
0.0026341
0.0026341
0.0026341
0.0026341
0.0026341
0.0026341
0.0026341
0.0026341
0.0026341
0.0026341
0.0026341
0.0026341
0.0026341
0.0026341
0.0026341
0.0026341
0.0026341
0.0026341
0.0026341
0.0026341
0.0026341
0.0026341
0.0026341
0.0026341
0.0026341
0.0026095
0.0026095
0.0026095
0.0026095
0.0026095
0.0026095
0.0026095
0.0026095
0.0026095
0.0026095
0.0026095
0.0026095
0.0026095
0.0026095
0.0026095
0.0026095
0.0026095
0.0026095
0.0025848
0.0026095
0.0026095
0.0026095
0.0025848
0.0025848
0.0025848
0.0025848
0.0025848
0.0025848
0.0025848
0.0026095
0.0026095
0.0026095
0.0026095
0.0026095
0.0026095
0.0026095
0.0026095
0.0026095
0.0026095
0.0026095
0.0026095
0.0026095
0.0026095
0.0026095
0.0026095
0.0026095
0.0026095
0.0026095
0.0026095
0.0026095
0.0026095
0.0026095
0.0026095
0.0026095
0.0026095
0.0026095
0.0026095
0.0026095
0.0026095
0.0025848
0.0025848
0.0026095
0.0026095
0.0025848
0.0026095
0.0025848
0.0026095
0.0026095
0.0026095
0.0025848
0.0025848
0.0025848
0.0025848
0.0025848
0.0025848
0.0025848
0.0025848
0.0025848
0.0025848
0.0025848
0.0025848
0.0025848
0.0025848
0.0025848
0.0025848
0.0025848
0.0025848
0.0025848
0.0025848
0.0025848
0.0025848
0.0025848
0.0025848
0.0025848
0.0025848
0.0025848
0.0025848
0.0025848
0.0025848
0.0025848
0.0025848
0.0025848
0.0025848
0.0025848
0.0025602
0.0025602
0.0025602
0.0025848
0.0025848
0.0025602
0.0025602
0.0025602
0.0025602
0.0025602
0.0025602
0.0025602
0.0025602
0.0025602
0.0025602
0.0025602
0.0025602
0.0025602
0.0025602
0.0025602
0.0025602
0.0025602
0.0025602
0.0025602
0.0025602
0.0025602
0.0025602
0.0025602
0.0025602
0.0025602
0.0025602
0.0025602
0.0025602
0.0025602
0.0025602
0.0025602
0.0025602
0.0025602
0.0025602
0.0025602
0.0025602
0.0025602
0.0025356
0.0025356
0.0025356
0.0025356
0.0025356
0.0025356
0.0025356
0.0025356
0.0025356
0.0025356
0.0025356
0.0025356
0.0025356
0.0025356
0.0025356
0.0025356
0.0025356
0.0025356
0.0025356
0.0025356
0.0025356
0.0025356
0.0025356
0.0025356
0.0025356
0.0025356
0.0025356
0.0025356
0.0025356
0.0025356
0.0025356
0.0025356
0.0025356
0.0025356
0.0025356
0.0025356
0.0025356
0.0025356
0.0025356
0.0025356
0.0025356
0.0025356
0.0025356
0.0025356
0.0025356
0.0025356
0.0025356
0.0025356
0.0025356
0.0025356
0.0025356
0.0025356
0.0025356
0.0025356
0.0025356
0.0025356
0.0025356
0.0025356
0.0025356
0.0025356
0.0025356
0.002511
0.002511
0.002511
0.002511
0.002511
0.002511
0.002511
0.002511
0.002511
0.002511
0.002511
0.002511
0.002511
0.002511
0.002511
0.002511
0.002511
0.002511
0.002511
0.002511
0.002511
0.002511
0.002511
0.002511
0.002511
0.002511
0.002511
0.002511
0.002511
0.002511
0.0024864
0.002511
0.002511
0.002511
0.002511
0.002511
0.002511
0.002511
0.002511
0.002511
0.002511
0.0024864
0.0024864
0.0024864
0.0024864
0.0024864
0.0024864
0.0024864
0.0024864
0.0024864
0.0024864
0.0024864
0.0024864
0.0024864
0.0024864
0.002511
0.002511
0.002511
0.002511
0.002511
0.0024864
0.002511
0.002511
0.002511
0.0024864
0.0024864
0.0024864
0.0024864
0.0024864
0.0024864
0.0024864
0.002511
0.002511
0.0024864
0.0024864
0.0024864
0.0024864
0.0024864
0.0024864
0.0024864
0.0024864
0.0024864
0.0024864
0.0024864
0.0024864
0.0024864
0.0024864
0.0024864
0.0024864
0.0024864
0.0024864
0.0024864
0.0024864
0.0024864
0.0024864
0.0024864
0.0024864
0.0024864
0.0024864
0.002511
0.002511
0.002511
0.002511
0.0024864
0.0024864
0.0024864
0.0024864
0.0024864
0.0024864
0.0024864
0.0024864
0.0024864
0.0024864
0.0024864
0.0024864
0.0024864
0.0024864
0.0024864
0.0024864
0.0024864
0.0024864
0.0024864
0.0024864
0.0024864
0.0024864
0.0024864
0.0024864
0.0024864
0.0024864
0.0024864
0.0024864
0.0024864
0.0024864
0.0024864
0.002511
0.002511
0.002511
0.002511
0.002511
0.002511
0.002511
0.002511
0.002511
0.002511
0.002511
0.002511
0.002511
0.002511
0.002511
0.002511
0.002511
0.002511
0.002511
0.002511
0.002511
0.002511
0.002511
0.002511
0.002511
0.002511
0.0024864
0.0024864
0.0024864
0.0024864
0.0024864
0.0024864
0.0024864
0.0024864
0.0024864
0.0024864
0.0024864
0.0024864
0.002511
0.0024864
0.0024864
0.0024864
0.0024864
0.002511
0.002511
0.002511
0.002511
0.002511
0.002511
0.002511
0.002511
0.002511
0.002511
0.002511
0.002511
0.002511
0.002511
0.002511
0.002511
0.002511
0.002511
0.002511
0.002511
0.0024864
0.0024864
0.002511
0.002511
0.002511
0.002511
0.0024864
0.0024864
0.0024864
0.0024864
0.0024864
0.0024864
0.0024864
0.0024864
0.0024864
0.0024864
0.0024864
0.0024864
0.0024864
0.0024864
0.0024864
0.0024864
0.0024864
0.0024864
0.0024864
0.0024864
0.0024864
0.0024864
0.0024864
0.0024864
0.0024618
0.0024618
0.0024618
0.0024618
0.0024618
0.0024618
0.0024618
0.0024618
0.0024618
0.0024618
0.0024618
0.0024618
0.0024618
0.0024618
0.0024618
0.0024618
0.0024618
0.0024618
0.0024618
0.0024618
0.0024618
0.0024618
0.0024618
0.0024371
0.0024371
0.0024371
0.0024371
0.0024371
0.0024371
0.0024371
0.0024371
0.0024371
0.0024371
0.0024371
0.0024371
0.0024371
0.0024371
0.0024371
0.0024371
0.0024371
0.0024371
0.0024371
0.0024371
0.0024371
0.0024371
0.0024371
0.0024371
0.0024371
0.0024371
0.0024371
0.0024371
0.0024371
0.0024371
0.0024371
0.0024371
0.0024125
0.0024125
0.0024371
0.0024371
0.0024125
0.0024125
0.0024125
0.0024125
0.0024125
0.0024125
0.0024125
0.0024125
0.0024125
0.0024125
0.0024125
0.0024125
0.0024125
0.0023879
0.0024125
0.0023879
0.0024125
0.0024125
0.0024125
0.0023879
0.0024125
0.0023879
0.0023879
0.0023879
0.0023879
0.0023879
0.0023879
0.0023879
0.0023879
0.0023879
0.0023879
0.0023879
0.0023879
0.0023879
0.0023879
0.0023879
0.0023879
0.0023879
0.0023879
0.0023879
0.0023879
0.0023879
0.0023879
0.0023879
0.0023879
0.0023879
0.0023879
0.0023879
0.0023879
0.0023633
0.0023633
0.0023633
0.0023633
0.0023633
0.0023633
0.0023633
0.0023633
0.0023633
0.0023633
0.0023633
0.0023633
0.0023633
0.0023633
0.0023633
0.0023633
0.0023633
0.0023633
0.0023879
0.0023879
0.0023879
0.0023633
0.0023633
0.0023633
0.0023633
0.0023633
0.0023633
0.0023633
0.0023633
0.0023633
0.0023633
0.0023633
0.0023633
0.0023633
0.0023633
0.0023633
0.0023633
0.0023633
0.0023633
0.0023633
0.0023633
0.0023633
0.0023633
0.0023633
0.0023633
0.0023633
0.0023633
0.0023633
0.0023633
0.0023387
0.0023387
0.0023387
0.0023387
0.0023387
0.0023387
0.0023633
0.0023387
0.0023387
0.0023387
0.0023387
0.0023387
0.0023387
0.0023387
0.0023387
0.0023387
0.0023387
0.0023387
0.0023387
0.0023387
0.0023387
0.0023387
0.0023387
0.0023387
0.0023387
0.0023387
0.0023387
0.0023387
0.0023387
0.0023387
0.0023387
0.0023387
0.0023387
0.0023387
0.0023387
0.0023387
0.0023387
0.0023387
0.0023387
0.0023387
0.0023387
0.0023387
0.0023387
0.0023387
0.0023387
0.0023387
0.0023387
0.0023387
0.0023387
0.0023387
0.0023387
0.0023387
0.0023387
0.0023387
0.0023387
0.0023387
0.0023387
0.0023387
0.0023387
0.0023387
0.0023387
0.0023387
0.0023387
0.0023387
0.0023387
0.0023387
0.0023387
0.0023387
0.0023387
0.0023387
0.0023387
0.0023387
0.0023387
0.0023387
0.0023387
0.002314
0.002314
0.002314
0.002314
0.002314
0.002314
0.002314
0.002314
0.002314
0.002314
0.002314
0.002314
0.002314
0.002314
0.002314
0.002314
0.002314
0.002314
0.002314
0.0023387
0.0023387
0.0023387
0.002314
0.0022894
0.0022894
0.0022894
0.0022894
0.0022894
0.0022894
0.002314
0.0022894
0.0022894
0.0022894
0.0022894
0.0022894
0.0022894
0.0022894
0.0022894
0.002314
0.002314
0.002314
0.002314
0.002314
0.002314
0.002314
0.0022894
0.0022894
0.0022894
0.0022894
0.0022894
0.0022894
0.0022894
0.0022894
0.0022894
0.0022894
0.0022894
0.0022894
0.0022894
0.0022894
0.0022894
0.0022894
0.0022894
0.0022648
0.0022648
0.0022648
0.0022648
0.0022648
0.0022648
0.0022648
0.0022648
0.0022648
0.0022648
0.0022648
0.0022648
0.0022648
0.0022648
0.0022648
0.0022648
0.0022648
0.0022402
0.0022402
0.0022402
0.0022402
0.0022402
0.0022402
0.0022402
0.0022402
0.0022402
0.0022402
0.0022402
0.0022402
0.0022402
0.0022402
0.0022402
0.0022156
0.0022156
0.0022156
0.0022156
0.0022156
0.0022156
0.0022156
0.0022156
0.0022156
0.0022156
0.0022156
0.0022156
0.0022156
0.0022156
0.0022156
0.0022156
0.0022156
0.0022156
0.0022156
0.002191
0.0022156
0.002191
0.002191
0.002191
0.002191
0.002191
0.002191
0.002191
0.002191
0.002191
0.002191
0.002191
0.002191
0.002191
0.002191
0.002191
0.0021663
0.0021663
0.0021663
0.0021663
0.0021663
0.0021663
0.0021663
0.0021663
0.0021663
0.0021663
0.0021663
0.0021663
0.0021663
0.0021663
0.0021663
0.0021663
0.0021663
0.0021663
0.0021663
0.0021663
0.0021663
0.0021663
0.0021663
0.0021417
0.0021417
0.0021417
0.0021417
0.0021417
0.0021417
0.0021417
0.0021417
0.0021417
0.0021417
0.0021417
0.0021417
0.0021417
0.0021417
0.0021417
0.0021417
0.0021417
0.0021417
0.0021417
0.0021417
0.0021171
0.0021171
0.0021171
0.0021171
0.0021171
0.0021171
0.0021171
0.0021171
0.0021171
0.0021171
0.0021171
0.0021171
0.0021171
0.0021171
0.0021171
0.0021171
0.0020925
0.0020925
0.0020925
0.0020925
0.0020925
0.0020925
0.0020925
0.0020925
0.0020925
0.0020925
0.0020925
0.0020925
0.0020925
0.0020925
0.0020925
0.0020925
0.0020925
0.0020925
0.0020925
0.0020925
0.0020925
0.0020925
0.0020925
0.0020925
0.0020925
0.0020925
0.0020679
0.0020679
0.0020679
0.0020925
0.0020925
0.0020925
0.0020679
