2018
6
28
9
25
33.587
-0.056325
-0.056276
-0.056251
-0.056276
-0.0563
-0.056325
-0.0563
-0.056276
-0.056276
-0.056276
-0.0563
-0.0563
-0.056325
-0.056349
-0.056349
-0.056374
-0.056374
-0.056374
-0.056399
-0.056399
-0.056399
-0.056374
-0.056374
-0.056399
-0.056399
-0.056399
-0.056399
-0.056399
-0.056423
-0.056423
-0.056423
-0.056423
-0.056423
-0.056423
-0.056423
-0.056423
-0.056423
-0.056423
-0.056423
-0.056399
-0.056374
-0.056374
-0.056374
-0.056374
-0.056374
-0.056374
-0.056349
-0.056349
-0.056349
-0.056349
-0.056349
-0.056349
-0.056349
-0.056325
-0.056325
-0.056349
-0.056349
-0.056349
-0.056349
-0.056349
-0.056349
-0.056349
-0.056349
-0.056349
-0.056349
-0.056349
-0.056325
-0.056325
-0.056325
-0.056325
-0.0563
-0.0563
-0.0563
-0.0563
-0.0563
-0.0563
-0.0563
-0.0563
-0.0563
-0.0563
-0.056276
-0.056276
-0.056276
-0.056276
-0.056276
-0.056276
-0.056276
-0.056276
-0.056276
-0.056276
-0.056251
-0.056251
-0.056251
-0.056251
-0.056251
-0.056251
-0.056251
-0.056251
-0.056251
-0.056251
-0.056251
-0.056226
-0.056226
-0.056226
-0.056202
-0.056202
-0.056202
-0.056202
-0.056177
-0.056177
-0.056177
-0.056177
-0.056177
-0.056153
-0.056153
-0.056153
-0.056153
-0.056128
-0.056128
-0.056128
-0.056128
-0.056103
-0.056103
-0.056103
-0.056103
-0.056103
-0.056103
-0.056103
-0.056103
-0.056103
-0.056103
-0.056079
-0.056079
-0.056079
-0.056079
-0.056079
-0.056079
-0.056079
-0.056079
-0.056079
-0.056079
-0.056079
-0.056079
-0.056054
-0.056054
-0.056054
-0.056054
-0.056054
-0.056054
-0.056054
-0.056054
-0.056029
-0.056029
-0.056005
-0.056005
-0.056005
-0.056005
-0.056005
-0.056005
-0.056005
-0.05598
-0.05598
-0.05598
-0.05598
-0.055956
-0.055956
-0.055956
-0.055956
-0.055956
-0.055956
-0.055931
-0.055931
-0.055931
-0.055931
-0.055931
-0.055931
-0.055931
-0.055931
-0.055931
-0.055931
-0.055931
-0.055931
-0.055906
-0.055906
-0.055906
-0.055906
-0.055906
-0.055906
-0.055906
-0.055906
-0.055882
-0.055882
-0.055882
-0.055882
-0.055882
-0.055882
-0.055882
-0.055882
-0.055882
-0.055857
-0.055857
-0.055857
-0.055857
-0.055857
-0.055857
-0.055833
-0.055833
-0.055833
-0.055833
-0.055833
-0.055808
-0.055808
-0.055808
-0.055808
-0.055808
-0.055808
-0.055808
-0.055808
-0.055808
-0.055808
-0.055808
-0.055783
-0.055783
-0.055783
-0.055783
-0.055783
-0.055783
-0.055783
-0.055783
-0.055759
-0.055759
-0.055759
-0.055759
-0.055759
-0.055759
-0.055759
-0.055759
-0.055759
-0.055734
-0.055734
-0.055734
-0.055734
-0.055734
-0.055734
-0.055734
-0.055734
-0.055734
-0.055734
-0.055709
-0.055709
-0.055709
-0.055709
-0.055709
-0.055685
-0.055709
-0.055685
-0.055685
-0.055685
-0.055685
-0.055685
-0.055685
-0.05566
-0.05566
-0.05566
-0.05566
-0.05566
-0.05566
-0.05566
-0.05566
-0.05566
-0.05566
-0.05566
-0.05566
-0.05566
-0.05566
-0.055636
-0.055636
-0.055636
-0.055636
-0.055611
-0.055882
-0.05598
-0.056029
-0.056079
-0.056177
-0.056128
-0.055857
-0.055562
-0.055463
-0.055439
-0.055414
-0.055439
-0.055463
-0.055463
-0.055463
-0.055463
-0.055463
-0.055463
-0.055488
-0.055512
-0.055537
-0.055537
-0.055562
-0.055562
-0.055586
-0.055586
-0.055586
-0.055586
-0.055562
-0.055586
-0.055586
-0.055586
-0.055586
-0.055586
-0.055586
-0.055586
-0.055586
-0.055586
-0.055586
-0.055562
-0.055586
-0.055586
-0.055586
-0.055586
-0.055586
-0.055562
-0.055562
-0.055562
-0.055562
-0.055562
-0.055562
-0.055562
-0.055562
-0.055562
-0.055562
-0.055562
-0.055562
-0.055562
-0.055562
-0.055562
-0.055537
-0.055537
-0.055537
-0.055537
-0.055537
-0.055537
-0.055537
-0.055537
-0.055537
-0.055537
-0.055512
-0.055512
-0.055512
-0.055512
-0.055512
-0.055512
-0.055512
-0.055512
-0.055512
-0.055512
-0.055488
-0.055488
-0.055488
-0.055512
-0.055512
-0.055488
-0.055512
-0.055512
-0.055512
-0.055512
-0.055512
-0.055488
-0.055488
-0.055488
-0.055488
-0.055488
-0.055488
-0.055512
-0.055512
-0.055512
-0.055512
-0.055488
-0.055488
-0.055488
-0.055488
-0.055488
-0.055488
-0.055488
-0.055488
-0.055488
-0.055488
-0.055488
-0.055488
-0.055488
-0.055488
-0.055488
-0.055488
-0.055488
-0.055488
-0.055488
-0.055488
-0.055488
-0.055488
-0.055488
-0.055488
-0.055488
-0.055488
-0.055488
-0.055488
-0.055488
-0.055463
-0.055463
-0.055439
-0.055439
-0.055439
-0.055439
-0.055439
-0.055439
-0.055439
-0.055439
-0.055439
-0.055439
-0.055439
-0.055439
-0.055439
-0.055439
-0.055439
-0.055439
-0.055439
-0.055414
-0.055414
-0.055414
-0.055414
-0.055439
-0.055439
-0.055439
-0.055439
-0.055414
-0.055414
-0.055414
-0.055439
-0.055414
-0.055414
-0.055414
-0.055414
-0.055414
-0.055414
-0.055414
-0.055414
-0.055414
-0.055414
-0.055414
-0.055414
-0.055389
-0.055389
-0.055414
-0.055414
-0.055414
-0.055414
-0.055414
-0.055414
-0.055414
-0.055414
-0.055414
-0.055389
-0.055389
-0.055389
-0.055389
-0.055389
-0.055389
-0.055389
-0.055389
-0.055389
-0.055389
-0.055389
-0.055389
-0.055389
-0.055389
-0.055365
-0.055365
-0.055389
-0.055389
-0.055389
-0.055389
-0.055389
-0.055389
-0.055389
-0.055389
-0.055365
-0.055365
-0.055365
-0.055365
-0.055365
-0.055365
-0.055365
-0.055365
-0.055365
-0.055365
-0.055365
-0.055365
-0.055365
-0.055365
-0.05534
-0.05534
-0.055365
-0.055365
-0.055365
-0.05534
-0.05534
-0.055365
-0.055365
-0.05534
-0.05534
-0.05534
-0.05534
-0.05534
-0.05534
-0.05534
-0.05534
-0.05534
-0.055316
-0.055316
-0.055316
-0.055316
-0.055316
-0.055316
-0.055316
-0.055316
-0.055316
-0.055316
-0.055316
-0.055316
-0.055316
-0.055316
-0.055316
-0.055316
-0.055316
-0.055316
-0.055316
-0.055316
-0.055316
-0.055316
-0.055316
-0.055291
-0.055266
-0.055266
-0.055316
-0.055389
-0.055439
-0.055512
-0.055611
-0.055636
-0.055685
-0.055759
-0.055734
-0.055512
-0.055266
-0.055192
-0.055168
-0.055143
-0.055192
-0.055168
-0.055143
-0.055168
-0.055192
-0.055192
-0.055217
-0.055217
-0.055217
-0.055242
-0.055242
-0.055242
-0.055266
-0.055242
-0.055242
-0.055242
-0.055266
-0.055266
-0.055266
-0.055266
-0.055266
-0.055291
-0.055291
-0.055291
-0.055291
-0.055291
-0.055291
-0.055291
-0.055316
-0.055316
-0.055291
-0.055291
-0.055291
-0.055291
-0.055291
-0.055291
-0.055291
-0.055291
-0.055291
-0.055291
-0.055291
-0.055291
-0.055291
-0.055266
-0.055266
-0.055266
-0.055266
-0.055266
-0.055266
-0.055291
-0.055291
-0.055291
-0.055266
-0.055266
-0.055266
-0.055266
-0.055291
-0.055291
-0.055266
-0.055291
-0.055291
-0.055291
-0.055291
-0.055291
-0.055291
-0.055266
-0.055266
-0.055291
-0.055291
-0.055291
-0.055266
-0.055266
-0.055242
-0.055266
-0.055266
-0.055266
-0.055266
-0.055266
-0.055266
-0.055242
-0.055242
-0.055242
-0.055242
-0.055242
-0.055242
-0.055242
-0.055242
-0.055242
-0.055242
-0.055242
-0.055242
-0.055242
-0.055266
-0.055242
-0.055266
-0.055266
-0.055266
-0.055266
-0.055266
-0.055266
-0.055291
-0.055291
-0.055291
-0.055291
-0.055316
-0.055291
-0.055316
-0.055316
-0.055316
-0.055316
-0.055316
-0.055316
-0.05534
-0.05534
-0.055316
-0.055316
-0.055316
-0.055316
-0.055316
-0.055316
-0.055316
-0.055316
-0.055316
-0.055316
-0.055316
-0.055316
-0.055316
-0.055316
-0.055316
-0.055316
-0.055316
-0.055316
-0.055316
-0.055316
-0.055316
-0.055316
-0.055316
-0.055316
-0.055316
-0.055316
-0.055316
-0.055316
-0.055291
-0.055291
-0.055291
-0.055291
-0.055291
-0.055291
-0.055291
-0.055291
-0.055291
-0.055291
-0.055291
-0.055291
-0.055291
-0.055291
-0.055291
-0.055291
-0.055291
-0.055291
-0.055291
-0.055291
-0.055291
-0.055291
-0.055291
-0.055291
-0.055291
-0.055291
-0.055291
-0.055291
-0.055291
-0.055266
-0.055291
-0.055266
-0.055266
-0.055266
-0.055291
-0.055291
-0.055266
-0.055266
-0.055266
-0.055266
-0.055266
-0.055266
-0.055266
-0.055266
-0.055266
-0.055291
-0.055291
-0.055266
-0.055266
-0.055266
-0.055266
-0.055266
-0.055266
-0.055266
-0.055266
-0.055266
-0.055266
-0.055266
-0.055266
-0.055266
-0.055266
-0.055242
-0.055242
-0.055242
-0.055242
-0.055242
-0.055242
-0.055242
-0.055242
-0.055242
-0.055242
-0.055242
-0.055242
-0.055242
-0.055217
-0.055242
-0.055217
-0.055217
-0.055217
-0.055217
-0.055217
-0.055217
-0.055217
-0.055217
-0.055217
-0.055217
-0.055217
-0.055217
-0.055217
-0.055217
-0.055217
-0.055217
-0.055217
-0.055217
-0.055217
-0.055217
-0.055217
-0.055217
-0.055217
-0.055217
-0.055217
-0.055217
-0.055217
-0.055217
-0.055217
-0.055217
-0.055217
-0.055217
-0.055217
-0.055217
-0.055217
-0.055217
-0.055217
-0.055217
-0.055217
-0.055217
-0.055217
-0.055217
-0.055217
-0.055217
-0.055217
-0.055217
-0.055217
-0.055217
-0.055217
-0.055192
-0.055192
-0.055192
-0.055217
-0.055266
-0.05534
-0.055414
-0.055488
-0.055562
-0.055611
-0.05566
-0.055734
-0.05566
-0.055045
-0.055045
-0.055045
-0.055069
-0.055069
-0.055069
-0.055045
-0.055045
-0.055069
-0.055094
-0.055119
-0.055143
-0.055143
-0.055168
-0.055168
-0.055192
-0.055192
-0.055192
-0.055192
-0.055192
-0.055192
-0.055192
-0.055192
-0.055192
-0.055192
-0.055192
-0.055192
-0.055192
-0.055192
-0.055192
-0.055192
-0.055192
-0.055192
-0.055192
-0.055192
-0.055192
-0.055192
-0.055192
-0.055192
-0.055168
-0.055168
-0.055168
-0.055168
-0.055168
-0.055168
-0.055168
-0.055168
-0.055168
-0.055168
-0.055168
-0.055168
-0.055168
-0.055168
-0.055168
-0.055168
-0.055168
-0.055168
-0.055168
-0.055168
-0.055168
-0.055168
-0.055168
-0.055168
-0.055168
-0.055168
-0.055143
-0.055143
-0.055143
-0.055143
-0.055143
-0.055143
-0.055143
-0.055143
-0.055143
-0.055143
-0.055143
-0.055143
-0.055143
-0.055143
-0.055143
-0.055143
-0.055143
-0.055143
-0.055143
-0.055143
-0.055119
-0.055119
-0.055143
-0.055143
-0.055119
-0.055119
-0.055143
-0.055143
-0.055143
-0.055143
-0.055143
-0.055143
-0.055143
-0.055143
-0.055143
-0.055143
-0.055143
-0.055119
-0.055119
-0.055119
-0.055119
-0.055119
-0.055119
-0.055119
-0.055119
-0.055119
-0.055119
-0.055119
-0.055119
-0.055119
-0.055119
-0.055119
-0.055119
-0.055119
-0.055094
-0.055094
-0.055094
-0.055094
-0.055094
-0.055094
-0.055094
-0.055094
-0.055094
-0.055094
-0.055094
-0.055069
-0.055069
-0.055119
-0.055192
-0.055242
-0.055291
-0.05534
-0.055389
-0.055439
-0.055463
-0.055365
-0.055094
-0.054946
-0.054922
-0.054897
-0.054897
-0.054897
-0.054922
-0.054922
-0.054922
-0.054897
-0.054897
-0.054922
-0.054946
-0.054971
-0.054996
-0.054996
-0.05502
-0.05502
-0.055045
-0.055045
-0.055045
-0.055045
-0.055045
-0.05502
-0.05502
-0.05502
-0.05502
-0.05502
-0.05502
-0.05502
-0.055045
-0.055045
-0.055045
-0.055045
-0.055045
-0.055045
-0.055045
-0.055045
-0.055045
-0.055045
-0.055045
-0.055045
-0.055045
-0.055045
-0.055045
-0.055045
-0.055045
-0.055045
-0.055045
-0.055045
-0.055045
-0.055045
-0.055045
-0.055045
-0.055045
-0.055045
-0.05502
-0.05502
-0.05502
-0.05502
-0.05502
-0.05502
-0.05502
-0.05502
-0.05502
-0.05502
-0.054996
-0.054996
-0.054996
-0.054996
-0.054996
-0.054996
-0.054996
-0.054996
-0.054996
-0.054996
-0.054996
-0.054996
-0.054996
-0.054996
-0.054996
-0.054996
-0.054996
-0.054996
-0.054996
-0.054971
-0.054971
-0.054996
-0.054971
-0.054996
-0.054996
-0.054996
-0.054996
-0.054996
-0.054996
-0.054996
-0.054996
-0.054996
-0.054996
-0.054996
-0.054996
-0.054996
-0.054996
-0.054996
-0.054996
-0.054996
-0.054996
-0.054996
-0.054996
-0.054996
-0.054996
-0.054996
-0.054971
-0.054971
-0.054971
-0.054971
-0.054971
-0.054971
-0.054971
-0.054971
-0.054971
-0.054971
-0.054971
-0.054971
-0.054971
-0.054971
-0.054971
-0.054971
-0.054971
-0.054971
-0.054971
-0.054971
-0.054971
-0.054971
-0.054971
-0.054996
-0.054971
-0.054971
-0.054971
-0.054971
-0.054971
-0.054971
-0.054971
-0.054971
-0.054971
-0.054971
-0.054946
-0.054946
-0.054946
-0.054946
-0.054946
-0.054946
-0.054946
-0.054946
-0.054946
-0.054946
-0.054946
-0.054946
-0.054922
-0.054922
-0.054922
-0.054922
-0.054922
-0.054922
-0.054922
-0.054922
-0.054922
-0.054922
-0.054922
-0.054922
-0.054922
-0.054922
-0.054922
-0.054922
-0.054922
-0.054922
-0.054922
-0.054922
-0.054897
-0.054922
-0.054922
-0.054922
-0.054922
-0.054897
-0.054922
-0.054897
-0.054897
-0.054897
-0.054897
-0.054897
-0.054897
-0.054897
-0.054897
-0.054897
-0.054897
-0.054897
-0.054897
-0.054897
-0.054897
-0.054897
-0.054897
-0.054897
-0.054897
-0.054897
-0.054897
-0.054897
-0.054897
-0.054872
-0.054872
-0.054872
-0.054872
-0.054872
-0.054872
-0.054872
-0.054872
-0.054872
-0.054872
-0.054848
-0.054848
-0.054848
-0.054848
-0.054848
-0.054848
-0.054848
-0.054848
-0.054823
-0.054848
-0.054848
-0.054848
-0.054823
-0.054823
-0.054823
-0.054823
-0.054823
-0.054823
-0.054823
-0.054823
-0.054823
-0.054823
-0.054823
-0.054823
-0.054823
-0.054823
-0.054823
-0.054823
-0.054823
-0.054823
-0.054823
-0.054823
-0.054823
-0.054823
-0.054823
-0.054823
-0.054823
-0.054823
-0.054823
-0.054823
-0.054823
-0.054823
-0.054823
-0.054823
-0.054823
-0.054823
-0.054823
-0.054823
-0.054823
-0.054848
-0.054848
-0.054848
-0.054848
-0.054848
-0.054848
-0.054848
-0.054848
-0.054848
-0.054848
-0.054848
-0.054848
-0.054848
-0.054848
-0.054848
-0.054848
-0.054848
-0.054848
-0.054848
-0.054848
-0.054848
-0.054848
-0.054848
-0.054848
-0.054872
-0.054872
-0.054872
-0.054872
-0.054872
-0.054848
-0.054848
-0.054848
-0.054872
-0.054848
-0.054848
-0.054848
-0.054848
-0.054848
-0.054823
-0.054823
-0.054872
-0.054946
-0.054996
-0.055069
-0.055143
-0.055192
-0.055217
-0.055266
-0.055266
-0.055045
-0.054823
-0.054725
-0.0547
-0.0547
-0.054725
-0.054774
-0.054774
-0.054749
-0.054725
-0.054725
-0.054725
-0.054749
-0.054774
-0.054799
-0.054799
-0.054823
-0.054823
-0.054848
-0.054848
-0.054823
-0.054823
-0.054823
-0.054848
-0.054872
-0.054848
-0.054848
-0.054848
-0.054848
-0.054848
-0.054848
-0.054848
-0.054848
-0.054823
-0.054848
-0.054823
-0.054823
-0.054848
-0.054823
-0.054823
-0.054823
-0.054823
-0.054823
-0.054823
-0.054799
-0.054823
-0.054823
-0.054823
-0.054823
-0.054823
-0.054823
-0.054823
-0.054823
-0.054799
-0.054799
-0.054799
-0.054823
-0.054799
-0.054799
-0.054823
-0.054823
-0.054823
-0.054799
-0.054799
-0.054774
-0.054774
-0.054774
-0.054774
-0.054774
-0.054774
-0.054749
-0.054749
-0.054749
-0.054749
-0.054749
-0.054749
-0.054749
-0.054749
-0.054725
-0.054749
-0.054749
-0.054749
-0.054749
-0.054725
-0.054725
-0.054725
-0.054725
-0.054725
-0.054725
-0.054725
-0.054725
-0.054725
-0.0547
-0.0547
-0.0547
-0.0547
-0.0547
-0.0547
-0.0547
-0.0547
-0.0547
-0.0547
-0.0547
-0.0547
-0.054725
-0.0547
-0.0547
-0.054725
-0.054725
-0.054725
-0.0547
-0.0547
-0.0547
-0.0547
-0.0547
-0.0547
-0.0547
-0.0547
-0.0547
-0.0547
-0.0547
-0.0547
-0.0547
-0.0547
-0.054676
-0.054676
-0.054676
-0.054676
-0.054676
-0.054676
-0.054676
-0.054676
-0.054676
-0.054676
-0.054676
-0.054676
-0.0547
-0.0547
-0.0547
-0.0547
-0.0547
-0.0547
-0.0547
-0.0547
-0.054676
-0.054676
-0.054676
-0.054676
-0.054676
-0.054676
-0.054651
-0.054651
-0.054651
-0.054651
-0.054651
-0.054651
-0.054651
-0.054651
-0.054651
-0.054651
-0.054626
-0.054651
-0.054651
-0.054626
-0.054626
-0.054626
-0.054626
-0.054626
-0.054626
-0.054626
-0.054626
-0.054626
-0.054626
-0.054626
-0.054651
-0.054651
-0.054626
-0.054626
-0.054626
-0.054626
-0.054626
-0.054626
-0.054626
-0.054626
-0.054626
-0.054626
-0.054626
-0.054626
-0.054626
-0.054626
-0.054626
-0.054626
-0.054626
-0.054602
-0.054602
-0.054602
-0.054602
-0.054626
-0.054626
-0.054602
-0.054602
-0.054626
-0.054626
-0.054626
-0.054626
-0.054626
-0.054626
-0.054626
-0.054626
-0.054626
-0.054626
-0.054626
-0.054626
-0.054626
-0.054651
-0.054651
-0.054626
-0.054626
-0.054651
-0.054651
-0.054651
-0.054651
-0.054651
-0.054651
-0.054676
-0.054676
-0.054676
-0.054676
-0.054676
-0.054676
-0.054676
-0.054676
-0.054676
-0.054676
-0.054676
-0.054676
-0.054676
-0.054676
-0.054676
-0.054676
-0.054651
-0.054651
-0.054676
-0.054749
-0.054823
-0.054897
-0.054971
-0.055045
-0.055069
-0.055143
-0.055192
-0.05502
-0.054725
-0.054577
-0.054528
-0.054503
-0.054503
-0.054528
-0.054552
-0.054528
-0.054528
-0.054503
-0.054503
-0.054528
-0.054602
-0.054602
-0.054602
-0.054602
-0.054602
-0.054577
-0.054602
-0.054602
-0.054602
-0.054602
-0.054602
-0.054626
-0.054626
-0.054626
-0.054651
-0.054651
-0.054651
-0.054676
-0.054676
-0.054676
-0.054676
-0.0547
-0.054676
-0.054676
-0.054676
-0.054676
-0.054676
-0.054676
-0.054676
-0.054676
-0.054676
-0.054676
-0.054676
-0.054676
-0.054676
-0.054676
-0.054676
-0.054676
-0.054676
-0.054676
-0.0547
-0.0547
-0.0547
-0.0547
-0.0547
-0.0547
-0.0547
-0.0547
-0.0547
-0.0547
-0.0547
-0.0547
-0.0547
-0.054725
-0.054725
-0.054725
-0.0547
-0.0547
-0.0547
-0.054725
-0.0547
-0.0547
-0.0547
-0.0547
-0.0547
-0.054676
-0.054676
-0.054676
-0.054676
-0.054676
-0.054676
-0.054651
-0.054651
-0.054651
-0.054651
-0.054651
-0.054651
-0.054651
-0.054651
-0.054651
-0.054651
-0.054651
-0.054651
-0.054651
-0.054651
-0.054651
-0.054651
-0.054676
-0.054676
-0.054676
-0.054676
-0.054676
-0.0547
-0.0547
-0.054725
-0.054725
-0.054725
-0.054725
-0.054749
-0.054749
-0.054749
-0.054749
-0.054749
-0.054749
-0.054774
-0.054774
-0.054774
-0.054774
-0.054774
-0.054774
-0.054749
-0.054749
-0.054749
-0.054749
-0.054749
-0.054749
-0.054749
-0.054749
-0.054725
-0.054725
-0.054774
-0.054774
-0.054774
-0.054799
-0.054799
-0.054799
-0.054799
-0.054823
-0.054823
-0.054823
-0.054823
-0.054823
-0.054823
-0.054823
-0.054799
-0.054799
-0.054823
-0.054799
-0.054799
-0.054799
-0.054799
-0.054799
-0.054774
-0.054774
-0.054774
-0.054774
-0.054774
-0.054774
-0.054774
-0.054774
-0.054774
-0.054774
-0.054799
-0.054774
-0.054774
-0.054774
-0.054799
-0.054799
-0.054799
-0.054799
-0.054799
-0.054799
-0.054799
-0.054823
-0.054799
-0.054799
-0.054799
-0.054823
-0.054823
-0.054823
-0.054823
-0.054823
-0.054823
-0.054799
-0.054799
-0.054799
-0.054799
-0.054799
-0.054799
-0.054799
-0.054799
-0.054799
-0.054799
-0.054799
-0.054799
-0.054799
-0.054799
-0.054799
-0.054799
-0.054799
-0.054799
-0.054799
-0.054774
-0.054774
-0.054774
-0.054749
-0.054749
-0.054749
-0.054774
-0.054774
-0.054749
-0.054749
-0.054749
-0.054749
-0.054749
-0.054749
-0.054749
-0.054749
-0.054749
-0.054749
-0.054749
-0.054749
-0.054749
-0.054749
-0.054749
-0.054749
-0.054749
-0.054749
-0.054749
-0.054749
-0.054749
-0.054749
-0.054749
-0.054749
-0.054749
-0.054749
-0.054749
-0.054749
-0.054749
-0.054749
-0.054749
-0.054749
-0.054749
-0.054749
-0.054774
-0.054774
-0.054774
-0.054749
-0.054749
-0.054749
-0.054774
-0.054774
-0.054774
-0.054774
-0.054774
-0.054774
-0.054774
-0.054774
-0.054799
-0.054799
-0.054799
-0.054799
-0.054799
-0.054799
-0.054823
-0.054823
-0.054823
-0.054848
-0.054848
-0.054823
-0.054823
-0.054823
-0.054823
-0.054823
-0.054823
-0.054799
-0.054799
-0.054848
-0.054922
-0.054971
-0.055045
-0.055143
-0.055168
-0.055192
-0.055266
-0.055266
-0.055069
-0.054799
-0.0547
-0.054651
-0.0547
-0.054676
-0.054651
-0.054651
-0.054626
-0.054651
-0.054676
-0.0547
-0.0547
-0.0547
-0.054725
-0.054725
-0.054725
-0.054725
-0.054725
-0.054725
-0.054725
-0.054749
-0.054749
-0.054749
-0.054774
-0.054774
-0.054774
-0.054774
-0.054774
-0.054799
-0.054799
-0.054799
-0.054799
-0.054799
-0.054799
-0.054799
-0.054774
-0.054774
-0.054774
-0.054774
-0.054774
-0.054774
-0.054749
-0.054749
-0.054725
-0.054749
-0.054749
-0.054749
-0.054749
-0.054749
-0.054774
-0.054774
-0.054799
-0.054799
-0.054799
-0.054799
-0.054823
-0.054823
-0.054823
-0.054823
-0.054823
-0.054823
-0.054823
-0.054823
-0.054823
-0.054799
-0.054799
-0.054799
-0.054774
-0.054799
-0.054799
-0.054799
-0.054774
-0.054774
-0.054774
-0.054774
-0.054749
-0.054749
-0.054749
-0.054749
-0.054749
-0.054749
-0.054749
-0.054749
-0.054725
-0.054725
-0.054725
-0.054725
-0.054725
-0.054725
-0.0547
-0.0547
-0.0547
-0.0547
-0.0547
-0.0547
-0.0547
-0.0547
-0.054725
-0.054725
-0.054725
-0.054749
-0.054749
-0.054749
-0.054774
-0.054774
-0.054774
-0.054799
-0.054799
-0.054799
-0.054823
-0.054823
-0.054823
-0.054823
-0.054848
-0.054848
-0.054848
-0.054848
-0.054848
-0.054848
-0.054848
-0.054848
-0.054823
-0.054823
-0.054823
-0.054823
-0.054848
-0.054946
-0.054996
-0.055045
-0.055094
-0.055143
-0.055168
-0.055192
-0.055119
-0.054872
-0.054725
-0.054676
-0.054676
-0.054676
-0.054676
-0.0547
-0.0547
-0.054676
-0.054651
-0.054651
-0.054676
-0.0547
-0.054725
-0.054749
-0.054749
-0.054774
-0.054774
-0.054774
-0.054774
-0.054774
-0.054774
-0.054749
-0.054749
-0.054749
-0.054725
-0.054725
-0.054725
-0.054725
-0.054749
-0.054774
-0.054774
-0.054799
-0.054799
-0.054799
-0.054823
-0.054823
-0.054823
-0.054823
-0.054823
-0.054823
-0.054823
-0.054823
-0.054823
-0.054823
-0.054823
-0.054823
-0.054848
-0.054823
-0.054823
-0.054823
-0.054823
-0.054823
-0.054823
-0.054823
-0.054823
-0.054823
-0.054823
-0.054823
-0.054823
-0.054823
-0.054823
-0.054823
-0.054823
-0.054799
-0.054799
-0.054799
-0.054799
-0.054799
-0.054799
-0.054799
-0.054799
-0.054799
-0.054799
-0.054799
-0.054799
-0.054799
-0.054799
-0.054799
-0.054799
-0.054799
-0.054799
-0.054799
-0.054799
-0.054799
-0.054799
-0.054799
-0.054799
-0.054799
-0.054799
-0.054799
-0.054799
-0.054799
-0.054799
-0.054799
-0.054799
-0.054799
-0.054799
-0.054799
-0.054799
-0.054799
-0.054799
-0.054799
-0.054799
-0.054799
-0.054774
-0.054799
-0.054799
-0.054799
-0.054774
-0.054774
-0.054774
-0.054774
-0.054774
-0.054774
-0.054774
-0.054774
-0.054774
-0.054774
-0.054749
-0.054749
-0.054749
-0.054749
-0.054749
-0.054749
-0.054749
-0.054749
-0.054749
-0.054749
-0.054749
-0.054774
-0.054774
-0.054774
-0.054774
-0.054774
-0.054749
-0.054749
-0.054774
-0.054749
-0.054749
-0.054749
-0.054749
-0.054749
-0.054749
-0.054749
-0.054725
-0.054725
-0.054749
-0.054725
-0.054725
-0.054725
-0.054725
-0.0547
-0.054725
-0.054725
-0.054725
-0.0547
-0.0547
-0.0547
-0.0547
-0.0547
-0.0547
-0.0547
-0.0547
-0.0547
-0.0547
-0.0547
-0.0547
-0.0547
-0.0547
-0.0547
-0.0547
-0.0547
-0.0547
-0.0547
-0.0547
-0.0547
-0.054676
-0.054676
-0.054676
-0.054676
-0.054676
-0.054676
-0.054676
-0.054676
-0.054676
-0.054676
-0.054676
-0.054676
-0.054651
-0.054651
-0.054651
-0.054651
-0.054651
-0.054651
-0.054651
-0.054651
-0.054626
-0.054626
-0.054626
-0.054626
-0.054626
-0.054651
-0.054651
-0.054626
-0.054626
-0.054651
-0.054651
-0.054626
-0.054626
-0.054626
-0.054626
-0.054602
-0.054602
-0.054602
-0.054602
-0.054602
-0.054602
-0.054602
-0.054602
-0.054602
-0.054602
-0.054602
-0.054602
-0.054602
-0.054602
-0.054602
-0.054577
-0.054577
-0.054577
-0.054577
-0.054577
-0.054577
-0.054577
-0.054577
-0.054577
-0.054552
-0.054552
-0.054552
-0.054552
-0.054552
-0.054552
-0.054552
-0.054552
-0.054552
-0.054552
-0.054552
-0.054552
-0.054552
-0.054552
-0.054552
-0.054552
-0.054552
-0.054552
-0.054552
-0.054528
-0.054528
-0.054528
-0.054528
-0.054528
-0.054528
-0.054528
-0.054528
-0.054528
-0.054528
-0.054528
-0.054528
-0.054528
-0.054528
-0.054503
-0.054503
-0.054528
-0.054528
-0.054528
-0.054503
-0.054528
-0.054528
-0.054528
-0.054503
-0.054503
-0.054503
-0.054503
-0.054503
-0.054503
-0.054503
-0.054503
-0.054503
-0.054503
-0.054503
-0.054503
-0.054503
-0.054503
-0.054503
-0.054479
-0.054479
-0.054503
-0.054503
-0.054503
-0.054503
-0.054503
-0.054503
-0.054503
-0.054479
-0.054479
-0.054479
-0.054479
-0.054479
-0.054479
-0.054479
-0.054454
-0.054429
-0.054429
-0.054454
-0.054528
-0.054602
-0.054651
-0.054725
-0.054799
-0.054848
-0.054922
-0.054971
-0.054872
-0.054552
-0.054331
-0.054282
-0.054257
-0.054257
-0.054282
-0.054306
-0.054282
-0.054282
-0.054282
-0.054257
-0.054282
-0.054306
-0.054331
-0.054331
-0.054331
-0.054355
-0.054355
-0.054355
-0.054355
-0.05438
-0.05438
-0.05438
-0.054355
-0.054355
-0.054355
-0.054355
-0.05438
-0.054355
-0.054355
-0.054355
-0.054355
-0.054355
-0.054355
-0.054355
-0.054355
-0.054355
-0.054355
-0.054355
-0.054355
-0.054355
-0.054355
-0.054355
-0.054355
-0.054331
-0.054331
-0.054331
-0.054331
-0.054331
-0.054331
-0.054331
-0.054331
-0.054331
-0.054331
-0.054331
-0.054306
-0.054306
-0.054306
-0.054331
-0.054306
-0.054306
-0.054306
-0.054306
-0.054306
-0.054306
-0.054282
-0.054282
-0.054282
-0.054282
-0.054282
-0.054282
-0.054282
-0.054282
-0.054257
-0.054257
-0.054257
-0.054282
-0.054257
-0.054257
-0.054257
-0.054257
-0.054257
-0.054232
-0.054232
-0.054232
-0.054232
-0.054232
-0.054208
-0.054232
-0.054232
-0.054232
-0.054232
-0.054232
-0.054208
-0.054208
-0.054208
-0.054208
-0.054208
-0.054208
-0.054208
-0.054232
-0.054232
-0.054208
-0.054208
-0.054208
-0.054208
-0.054208
-0.054232
-0.054232
-0.054232
-0.054232
-0.054232
-0.054208
-0.054208
-0.054232
-0.054208
-0.054208
-0.054208
-0.054208
-0.054208
-0.054208
-0.054208
-0.054208
-0.054208
-0.054208
-0.054208
-0.054208
-0.054208
-0.054183
-0.054183
-0.054183
-0.054208
-0.054208
-0.054208
-0.054208
-0.054208
-0.054208
-0.054208
-0.054208
-0.054208
-0.054208
-0.054208
-0.054183
-0.054183
-0.054208
-0.054183
-0.054183
-0.054183
-0.054183
-0.054159
-0.054183
-0.054159
-0.054159
-0.054159
-0.054159
-0.054159
-0.054159
-0.054159
-0.054159
-0.054134
-0.054134
-0.054134
-0.054134
-0.054134
-0.054134
-0.054134
-0.054134
-0.054134
-0.054134
-0.054134
-0.054134
-0.054134
-0.054134
-0.054134
-0.054134
-0.054134
-0.054109
-0.054109
-0.054134
-0.054134
-0.054134
-0.054134
-0.054109
-0.054109
-0.054109
-0.054109
-0.054134
-0.054109
-0.054109
-0.054109
-0.054109
-0.054109
-0.054085
-0.054109
-0.054109
-0.054109
-0.054109
-0.054109
-0.054085
-0.054085
-0.054109
-0.054085
-0.054085
-0.054085
-0.054085
-0.054085
-0.054109
-0.054109
-0.054109
-0.054085
-0.054085
-0.054085
-0.054085
-0.054085
-0.054085
-0.054085
-0.054085
-0.054085
-0.054085
-0.054085
-0.054085
-0.054085
-0.054085
-0.054085
-0.054085
-0.05406
-0.05406
