2018
6
28
9
19
54.394
-0.025504
-0.025504
-0.025504
-0.025528
-0.025528
-0.025504
-0.025504
-0.025504
-0.025504
-0.025504
-0.025504
-0.025504
-0.025504
-0.025504
-0.025504
-0.025504
-0.025504
-0.025504
-0.025504
-0.025504
-0.025504
-0.025504
-0.025504
-0.025504
-0.025504
-0.025504
-0.025504
-0.025528
-0.025528
-0.025528
-0.025528
-0.025528
-0.025504
-0.025504
-0.025528
-0.025528
-0.025528
-0.025528
-0.025528
-0.025504
-0.025528
-0.025528
-0.025528
-0.025528
-0.025528
-0.025528
-0.025528
-0.025528
-0.025528
-0.025528
-0.025528
-0.025528
-0.025528
-0.025528
-0.025528
-0.025528
-0.025528
-0.025528
-0.025528
-0.025528
-0.025528
-0.025528
-0.025528
-0.025504
-0.025504
-0.025504
-0.025504
-0.025528
-0.025553
-0.025578
-0.025602
-0.025602
-0.025627
-0.025651
-0.025627
-0.025578
-0.025528
-0.025504
-0.025479
-0.025455
-0.025479
-0.025479
-0.025455
-0.025479
-0.025504
-0.025553
-0.025578
-0.025578
-0.025578
-0.025553
-0.025553
-0.025528
-0.025528
-0.025504
-0.025504
-0.025504
-0.025479
-0.025479
-0.025479
-0.025479
-0.025479
-0.025479
-0.025479
-0.025479
-0.025479
-0.025479
-0.025455
-0.025455
-0.025455
-0.025455
-0.025455
-0.025455
-0.025455
-0.025455
-0.025455
-0.02543
-0.02543
-0.02543
-0.02543
-0.02543
-0.02543
-0.02543
-0.02543
-0.02543
-0.02543
-0.02543
-0.02543
-0.02543
-0.02543
-0.025405
-0.02543
-0.025405
-0.025405
-0.025405
-0.025405
-0.025405
-0.025405
-0.025405
-0.025381
-0.025381
-0.025381
-0.025381
-0.025381
-0.025381
-0.025381
-0.025381
-0.025381
-0.025381
-0.025381
-0.025381
-0.025381
-0.025381
-0.025381
-0.025381
-0.025381
-0.025381
-0.025381
-0.025381
-0.025381
-0.025381
-0.025381
-0.025381
-0.025381
-0.025381
-0.025381
-0.025381
-0.025381
-0.025381
-0.025381
-0.025381
-0.025381
-0.025381
-0.025381
-0.025381
-0.025381
-0.025381
-0.025381
-0.025381
-0.025381
-0.025381
-0.025381
-0.025381
-0.025381
-0.025381
-0.025381
-0.025381
-0.025381
-0.025381
-0.025381
-0.025381
-0.025381
-0.025381
-0.025381
-0.025381
-0.025356
-0.025356
-0.025381
-0.025356
-0.025356
-0.025356
-0.025356
-0.025356
-0.025356
-0.025356
-0.025356
-0.025356
-0.025356
-0.025356
-0.025356
-0.025356
-0.025356
-0.025356
-0.025356
-0.025356
-0.025356
-0.025356
-0.025356
-0.025356
-0.025356
-0.025356
-0.025356
-0.025356
-0.025356
-0.025356
-0.025356
-0.025356
-0.025356
-0.025356
-0.025381
-0.025381
-0.025381
-0.025381
-0.025381
-0.025381
-0.025381
-0.025381
-0.025381
-0.025381
-0.025381
-0.025381
-0.025381
-0.025381
-0.025381
-0.025381
-0.025381
-0.025381
-0.025405
-0.025381
-0.025381
-0.025381
-0.025381
-0.025381
-0.025381
-0.025381
-0.025381
-0.025381
-0.025381
-0.025381
-0.025381
-0.025381
-0.025381
-0.025381
-0.025381
-0.025381
-0.025381
-0.025381
-0.025381
-0.025381
-0.025381
-0.025381
-0.025381
-0.025381
-0.025381
-0.025381
-0.025381
-0.025381
-0.025381
-0.025381
-0.025381
-0.025381
-0.025381
-0.025381
-0.025381
-0.025381
-0.025381
-0.025381
-0.025381
-0.025381
-0.025381
-0.025381
-0.025381
-0.025381
-0.025381
-0.025381
-0.025381
-0.025405
-0.025405
-0.025405
-0.025405
-0.025405
-0.025405
-0.025405
-0.025405
-0.025405
-0.025405
-0.025405
-0.025405
-0.025405
-0.025405
-0.025405
-0.025405
-0.025405
-0.025405
-0.025405
-0.025405
-0.025405
-0.025381
-0.025405
-0.02543
-0.025455
-0.025528
-0.025528
-0.025553
-0.025504
-0.02543
-0.025381
-0.025356
-0.025331
-0.025307
-0.025307
-0.025331
-0.025331
-0.025331
-0.025331
-0.025307
-0.025307
-0.025356
-0.025381
-0.025405
-0.025405
-0.025405
-0.025381
-0.025381
-0.025381
-0.025381
-0.025356
-0.025356
-0.025356
-0.025356
-0.025356
-0.025356
-0.025356
-0.025356
-0.025356
-0.025356
-0.025356
-0.025356
-0.025356
-0.025356
-0.025356
-0.025331
-0.025331
-0.025331
-0.025307
-0.025307
-0.025307
-0.025307
-0.025307
-0.025307
-0.025307
-0.025307
-0.025307
-0.025307
-0.025307
-0.025307
-0.025307
-0.025307
-0.025282
-0.025282
-0.025282
-0.025307
-0.025307
-0.025307
-0.025282
-0.025282
-0.025282
-0.025307
-0.025282
-0.025282
-0.025307
-0.025307
-0.025282
-0.025282
-0.025282
-0.025307
-0.025282
-0.025282
-0.025307
-0.025307
-0.025307
-0.025307
-0.025331
-0.025331
-0.025356
-0.025356
-0.025356
-0.025356
-0.025381
-0.025381
-0.025381
-0.025381
-0.025405
-0.025405
-0.025405
-0.025405
-0.025405
-0.025405
-0.025405
-0.025405
-0.025405
-0.025405
-0.025405
-0.02543
-0.02543
-0.02543
-0.02543
-0.02543
-0.02543
-0.02543
-0.02543
-0.02543
-0.02543
-0.025455
-0.025455
-0.025455
-0.02543
-0.02543
-0.02543
-0.02543
-0.02543
-0.02543
-0.02543
-0.02543
-0.02543
-0.02543
-0.02543
-0.025405
-0.025405
-0.025405
-0.025405
-0.025405
-0.025405
-0.025405
-0.025405
-0.025405
-0.025405
-0.025405
-0.025405
-0.025405
-0.025405
-0.025405
-0.025405
-0.025405
-0.025405
-0.02543
-0.02543
-0.02543
-0.02543
-0.02543
-0.02543
-0.02543
-0.02543
-0.025405
-0.025405
-0.025405
-0.025405
-0.025405
-0.025405
-0.025405
-0.02543
-0.02543
-0.02543
-0.02543
-0.02543
-0.02543
-0.02543
-0.02543
-0.025455
-0.025455
-0.02543
-0.02543
-0.02543
-0.025455
-0.025455
-0.025455
-0.02543
-0.02543
-0.02543
-0.02543
-0.02543
-0.02543
-0.02543
-0.02543
-0.02543
-0.02543
-0.02543
-0.02543
-0.02543
-0.02543
-0.02543
-0.02543
-0.02543
-0.02543
-0.02543
-0.02543
-0.02543
-0.025405
-0.025405
-0.025405
-0.025405
-0.025405
-0.025405
-0.025381
-0.025381
-0.025381
-0.025381
-0.025381
-0.025381
-0.025381
-0.025381
-0.025356
-0.025356
-0.025356
-0.025356
-0.025356
-0.025356
-0.025331
-0.025331
-0.025331
-0.025331
-0.025331
-0.025331
-0.025331
-0.025307
-0.025307
-0.025307
-0.025307
-0.025307
-0.025307
-0.025307
-0.025282
-0.025282
-0.025282
-0.025282
-0.025258
-0.025258
-0.025258
-0.025258
-0.025258
-0.025258
-0.025282
-0.025282
-0.025282
-0.025282
-0.025282
-0.025282
-0.025282
-0.025282
-0.025307
-0.025307
-0.025307
-0.025307
-0.025307
-0.025307
-0.025307
-0.025331
-0.025331
-0.025331
-0.025331
-0.025331
-0.025356
-0.025356
-0.025356
-0.025356
-0.025356
-0.025356
-0.025356
-0.025356
-0.025356
-0.025356
-0.025356
-0.025356
-0.025356
-0.025356
-0.025331
-0.025331
-0.025331
-0.025356
-0.025356
-0.025381
-0.025405
-0.025405
-0.025331
-0.025282
-0.025258
-0.025208
-0.025184
-0.025134
-0.025134
-0.025159
-0.025134
-0.02511
-0.025085
-0.025061
-0.025085
-0.02511
-0.02511
-0.02511
-0.02511
-0.025061
-0.025036
-0.025036
-0.025011
-0.024987
-0.024962
-0.024938
-0.024913
-0.024913
-0.024913
-0.024913
-0.024913
-0.024913
-0.024888
-0.024888
-0.024888
-0.024888
-0.024888
-0.024864
-0.024864
-0.024864
-0.024814
-0.024814
-0.02479
-0.02479
-0.02479
-0.024765
-0.024741
-0.024716
-0.024691
-0.024667
-0.024642
-0.024618
-0.024618
-0.024618
-0.024593
-0.024593
-0.024593
-0.024593
-0.024568
-0.024568
-0.024568
-0.024568
-0.024568
-0.024568
-0.024593
-0.024593
-0.024618
-0.024642
-0.024642
-0.024667
-0.024691
-0.024691
-0.024716
-0.024741
-0.024765
-0.02479
-0.02479
-0.024814
-0.024839
-0.024864
-0.024987
-0.024987
-0.025011
-0.025011
-0.025036
-0.025061
-0.025061
-0.025085
-0.025085
-0.02511
-0.02511
-0.02511
-0.025134
-0.025134
-0.025134
-0.025134
-0.025159
-0.025159
-0.025159
-0.025159
-0.025159
-0.025134
-0.025134
-0.025134
-0.025134
-0.025134
-0.025134
-0.025134
-0.025134
-0.025134
-0.025134
-0.025134
-0.02511
-0.02511
-0.02511
-0.02511
-0.02511
-0.02511
-0.02511
-0.025085
-0.025036
-0.025036
-0.025011
-0.025011
-0.025011
-0.024987
-0.024987
-0.024962
-0.024962
-0.024938
-0.024938
-0.024938
-0.024938
-0.024938
-0.024962
-0.024987
-0.025011
-0.025061
-0.025085
-0.02511
-0.025134
-0.025134
-0.025085
-0.024987
-0.024962
-0.024938
-0.024913
-0.024913
-0.024913
-0.024938
-0.024938
-0.024938
-0.024938
-0.024962
-0.025036
-0.02511
-0.025134
-0.025184
-0.025184
-0.025208
-0.025184
-0.025184
-0.025184
-0.025184
-0.025184
-0.025208
-0.025208
-0.025233
-0.025233
-0.025258
-0.025282
-0.025282
-0.025307
-0.025307
-0.025307
-0.025307
-0.025307
-0.025331
-0.025331
-0.025331
-0.025307
-0.025307
-0.025282
-0.025258
-0.025258
-0.025233
-0.025233
-0.025208
-0.025208
-0.025184
-0.025159
-0.025159
-0.025134
-0.025134
-0.025134
-0.02511
-0.02511
-0.025085
-0.025085
-0.025085
-0.025061
-0.025061
-0.025085
-0.025085
-0.02511
-0.02511
-0.025134
-0.025159
-0.025184
-0.025184
-0.025184
-0.025184
-0.025184
-0.025184
-0.025184
-0.025184
-0.025208
-0.025208
-0.025208
-0.025208
-0.025233
-0.025233
-0.025258
-0.025258
-0.025282
-0.025307
-0.025331
-0.025356
-0.025381
-0.025381
-0.025405
-0.025405
-0.02543
-0.02543
-0.025455
-0.025455
-0.025479
-0.025504
-0.025528
-0.025528
-0.025602
-0.025627
-0.025627
-0.025651
-0.025676
-0.025676
-0.025701
-0.025701
-0.025725
-0.025725
-0.02575
-0.02575
-0.02575
-0.02575
-0.025775
-0.025775
-0.025775
-0.025775
-0.025775
-0.025799
-0.025799
-0.025799
-0.025824
-0.025824
-0.025824
-0.025824
-0.025824
-0.025824
-0.025824
-0.025824
-0.025824
-0.025799
-0.025799
-0.025799
-0.025799
-0.025799
-0.025799
-0.025799
-0.025799
-0.025799
-0.025824
-0.025824
-0.025848
-0.025848
-0.025848
-0.025848
-0.025873
-0.025873
-0.025873
-0.025898
-0.025898
-0.025898
-0.025898
-0.025922
-0.025922
-0.025922
-0.025922
-0.025922
-0.025922
-0.025922
-0.025922
-0.025922
-0.025922
-0.025922
-0.025922
-0.025898
-0.025898
-0.025898
-0.025898
-0.025898
-0.025898
-0.025898
-0.025898
-0.025898
-0.025898
-0.025898
-0.025898
-0.025898
-0.025898
-0.025898
-0.025898
-0.025898
-0.025898
-0.025898
-0.025873
-0.025873
-0.025873
-0.025873
-0.025848
-0.025848
-0.025848
-0.025848
-0.025824
-0.025824
-0.025824
-0.025824
-0.025824
-0.025824
-0.025824
-0.025824
-0.025824
-0.025824
-0.025824
-0.025824
-0.025824
-0.025824
-0.025824
-0.025824
-0.025824
-0.025824
-0.025824
-0.025824
-0.025824
-0.025824
-0.025848
-0.025848
-0.025848
-0.025848
-0.025848
-0.025848
-0.025873
-0.025873
-0.025873
-0.025873
-0.025873
-0.025873
-0.025873
-0.025873
-0.025873
-0.025873
-0.025848
-0.025848
-0.025848
-0.025848
-0.025848
-0.025848
-0.025848
-0.025848
-0.025824
-0.025824
-0.025824
-0.025824
-0.025824
-0.025824
-0.025799
-0.025799
-0.025799
-0.025799
-0.025799
-0.025799
-0.025799
-0.025799
-0.025799
-0.025799
-0.025799
-0.025799
-0.025775
-0.025775
-0.025775
-0.025775
-0.02575
-0.02575
-0.025725
-0.025725
-0.025725
-0.025725
-0.025701
-0.025701
-0.025701
-0.025701
-0.025701
-0.025701
-0.025676
-0.025676
-0.025676
-0.025651
-0.025651
-0.025627
-0.025602
-0.025602
-0.025578
-0.025578
-0.025578
-0.025578
-0.025578
-0.025602
-0.025602
-0.025602
-0.025627
-0.025627
-0.025651
-0.025651
-0.025651
-0.025651
-0.025676
-0.025676
-0.025676
-0.025676
-0.025676
-0.025701
-0.025701
-0.025725
-0.025725
-0.025725
-0.025725
-0.025701
-0.025725
-0.025701
-0.025701
-0.025701
-0.025676
-0.025676
-0.025676
-0.025701
-0.025725
-0.02575
-0.025775
-0.025775
-0.025799
-0.025799
-0.025824
-0.02575
-0.025676
-0.025651
-0.025602
-0.025578
-0.025553
-0.025578
-0.025578
-0.025578
-0.025578
-0.025553
-0.025553
-0.025553
-0.025578
-0.025578
-0.025578
-0.025578
-0.025553
-0.025528
-0.02543
-0.025381
-0.025356
-0.025331
-0.025282
-0.025258
-0.025233
-0.025208
-0.025184
-0.025184
-0.025184
-0.025184
-0.025208
-0.025208
-0.025208
-0.025233
-0.025258
-0.025258
-0.025282
-0.025282
-0.025282
-0.025282
-0.025282
-0.025282
-0.025282
-0.025282
-0.025282
-0.025258
-0.025258
-0.025258
-0.025233
-0.025233
-0.025208
-0.025208
-0.025208
-0.025208
-0.025184
-0.025184
-0.025208
-0.025208
-0.025258
-0.025258
-0.025258
-0.025282
-0.025282
-0.025307
-0.025307
-0.025307
-0.025331
-0.025331
-0.025331
-0.025356
-0.025381
-0.025381
-0.025381
-0.025405
-0.025405
-0.02543
-0.02543
-0.025455
-0.025479
-0.025479
-0.025504
-0.025504
-0.025528
-0.025528
-0.025553
-0.025578
-0.025578
-0.025602
-0.025602
-0.025627
-0.025651
-0.025651
-0.025676
-0.025676
-0.025701
-0.025701
-0.025701
-0.025725
-0.02575
-0.02575
-0.02575
-0.02575
-0.02575
-0.02575
-0.02575
-0.02575
-0.02575
-0.025775
-0.025775
-0.025775
-0.025775
-0.025775
-0.025775
-0.025775
-0.025775
-0.025775
-0.025775
-0.025775
-0.025775
-0.025775
-0.02575
-0.02575
-0.02575
-0.02575
-0.02575
-0.02575
-0.02575
-0.02575
-0.02575
-0.02575
-0.02575
-0.02575
-0.02575
-0.02575
-0.02575
-0.025775
-0.025775
-0.025775
-0.025799
-0.025799
-0.025799
-0.025799
-0.025799
-0.025799
-0.025824
-0.025824
-0.025824
-0.025824
-0.025824
-0.025824
-0.025848
-0.025848
-0.025848
-0.025848
-0.025848
-0.025848
-0.025848
-0.025848
-0.025873
-0.025873
-0.025873
-0.025873
-0.025873
-0.025873
-0.025873
-0.025873
-0.025873
-0.025873
-0.025873
-0.025873
-0.025848
-0.025848
-0.025848
-0.025848
-0.025848
-0.025848
-0.025848
-0.025848
-0.025848
-0.025848
-0.025848
-0.025848
-0.025848
-0.025848
-0.025848
-0.025848
-0.025848
-0.025873
-0.025873
-0.025873
-0.025873
-0.025873
-0.025873
-0.025873
-0.025873
-0.025873
-0.025873
-0.025848
-0.025848
-0.025848
-0.025848
-0.025848
-0.025848
-0.025848
-0.025848
-0.025848
-0.025848
-0.025848
-0.025848
-0.025848
-0.025848
-0.025848
-0.025848
-0.025848
-0.025848
-0.025848
-0.025848
-0.025848
-0.025848
-0.025848
-0.025848
-0.025848
-0.025848
-0.025848
-0.025848
-0.025848
-0.025848
-0.025848
-0.025824
-0.025824
-0.025824
-0.025824
-0.025824
-0.025824
-0.025824
-0.025824
-0.025824
-0.025824
-0.025824
-0.025824
-0.025824
-0.025824
-0.025824
-0.025824
-0.025848
-0.025848
-0.025848
-0.025848
-0.025848
-0.025848
-0.025848
-0.025824
-0.025848
-0.025848
-0.025848
-0.025824
-0.025824
-0.025824
-0.025848
-0.025848
-0.025873
-0.025898
-0.025898
-0.025922
-0.025922
-0.025848
-0.025799
-0.025775
-0.02575
-0.025701
-0.025676
-0.025676
-0.025701
-0.025701
-0.025676
-0.025651
-0.025627
-0.025651
-0.025676
-0.025701
-0.025701
-0.025701
-0.025701
-0.025676
-0.025676
-0.025651
-0.025627
-0.025602
-0.025578
-0.025553
-0.025553
-0.025528
-0.025528
-0.025504
-0.025504
-0.025504
-0.025479
-0.025479
-0.025405
-0.025405
-0.025405
-0.025405
-0.025381
-0.025381
-0.025356
-0.025356
-0.025331
-0.025282
-0.025258
-0.025233
-0.025184
-0.025159
-0.02511
-0.025085
-0.025061
-0.025036
-0.025011
-0.025011
-0.024987
-0.024962
-0.024938
-0.024938
-0.024938
-0.024913
-0.024913
-0.024913
-0.024913
-0.024913
-0.024938
-0.024938
-0.024938
-0.024938
-0.024962
-0.024962
-0.024987
-0.024987
-0.025011
-0.025011
-0.025085
-0.025085
-0.025085
-0.02511
-0.02511
-0.02511
-0.025134
-0.025159
-0.025159
-0.025184
-0.025208
-0.025208
-0.025233
-0.025258
-0.025282
-0.025307
-0.025331
-0.025356
-0.025381
-0.025405
-0.02543
-0.025455
-0.025455
-0.025479
-0.025479
-0.025504
-0.025504
-0.025504
-0.025528
-0.025528
-0.025528
-0.025528
-0.025528
-0.025528
-0.025528
-0.025528
-0.025528
-0.025504
-0.025504
-0.025479
-0.025381
-0.025356
-0.025356
-0.025356
-0.025356
-0.025331
-0.025331
-0.025331
-0.025331
-0.025331
-0.025331
-0.025331
-0.025307
-0.025307
-0.025307
-0.025282
-0.025282
-0.025282
-0.025282
-0.025282
-0.025282
-0.025307
-0.025307
-0.025307
-0.025331
-0.025331
-0.025356
-0.025356
-0.025356
-0.025381
-0.025381
-0.025381
-0.025405
-0.02543
-0.02543
-0.025455
-0.025455
-0.025479
-0.025504
-0.025528
-0.025602
-0.025602
-0.025627
-0.025627
-0.025651
-0.025651
-0.025676
-0.025676
-0.025676
-0.025701
-0.025701
-0.025701
-0.025725
-0.025725
-0.025725
-0.025725
-0.02575
-0.02575
-0.02575
-0.025725
-0.025725
-0.025725
-0.025725
-0.025725
-0.025701
-0.025701
-0.025701
-0.025676
-0.025651
-0.025651
-0.025627
-0.025627
-0.025602
-0.025602
-0.025578
-0.025578
-0.025578
-0.025578
-0.025578
-0.025578
-0.025578
-0.025578
-0.025578
-0.025578
-0.025578
-0.025578
-0.025578
-0.025602
-0.025602
-0.025602
-0.025602
-0.025627
-0.025627
-0.025627
-0.025627
-0.025651
-0.025651
-0.025651
-0.025651
-0.025651
-0.025676
-0.025676
-0.025676
-0.025676
-0.025676
-0.025676
-0.025676
-0.025676
-0.025676
-0.025701
-0.025701
-0.025701
-0.025701
-0.025701
-0.025701
-0.025701
-0.025701
-0.025701
-0.025701
-0.025701
-0.025701
-0.025701
-0.025701
-0.025701
-0.025725
-0.025725
-0.025725
-0.02575
-0.02575
-0.02575
-0.02575
-0.025775
-0.025775
-0.025775
-0.025775
-0.025799
-0.025799
-0.025799
-0.025799
-0.025824
-0.025824
-0.025824
-0.025824
-0.025824
-0.025824
-0.025824
-0.025824
-0.025824
-0.025824
-0.025824
-0.025848
-0.025848
-0.025848
-0.025824
-0.025824
-0.025824
-0.025824
-0.025824
-0.025824
-0.025824
-0.025824
-0.025824
-0.025824
-0.025824
-0.025824
-0.025824
-0.025824
-0.025824
-0.025824
-0.025799
-0.025775
-0.025775
-0.025799
-0.025799
-0.025799
-0.025799
-0.025799
-0.025799
-0.025775
-0.025775
-0.025676
-0.025578
-0.025504
-0.025455
-0.025405
-0.025356
-0.025331
-0.025331
-0.025331
-0.025307
-0.025282
-0.025258
-0.025258
-0.025282
-0.025307
-0.025356
-0.025381
-0.025381
-0.025356
-0.025356
-0.025356
-0.025381
-0.025381
-0.025381
-0.025381
-0.025405
-0.025405
-0.02543
-0.02543
-0.025455
-0.025455
-0.025479
-0.025479
-0.025504
-0.025504
-0.025504
-0.025528
-0.025528
-0.025528
-0.025528
-0.025528
-0.025528
-0.025528
-0.025528
-0.025528
-0.025528
-0.025528
-0.025528
-0.025553
-0.025553
-0.025553
-0.025553
-0.025578
-0.025578
-0.025578
-0.025553
-0.025553
-0.025553
-0.025528
-0.025528
-0.025455
-0.02543
-0.025405
-0.025405
-0.025405
-0.025381
-0.025381
-0.025405
-0.025405
-0.025405
-0.025405
-0.02543
-0.02543
-0.02543
-0.02543
-0.02543
-0.02543
-0.02543
-0.025455
-0.025455
-0.025455
-0.025455
-0.025479
-0.025479
-0.025479
-0.025504
-0.025504
-0.025528
-0.025528
-0.025553
-0.025578
-0.025578
-0.025602
-0.025602
-0.025627
-0.025627
-0.025627
-0.025651
-0.025651
-0.025651
-0.025701
-0.025701
-0.025725
-0.025725
-0.025725
-0.02575
-0.02575
-0.02575
-0.025775
-0.025775
-0.025775
-0.025775
-0.025775
-0.025775
-0.025775
-0.025775
-0.025775
-0.02575
-0.02575
-0.02575
-0.02575
-0.02575
-0.02575
-0.02575
-0.02575
-0.02575
-0.02575
-0.02575
-0.02575
-0.02575
-0.02575
-0.02575
-0.02575
-0.02575
-0.025775
-0.025799
-0.025824
-0.025873
-0.025898
-0.025947
-0.025947
-0.025873
-0.025848
-0.025824
-0.025824
-0.025824
-0.025824
-0.025848
-0.025873
-0.025873
-0.025848
-0.025873
-0.025922
-0.025996
-0.026021
-0.026045
-0.026045
-0.026021
-0.026021
-0.026021
-0.026021
-0.026021
-0.025996
-0.025996
-0.025996
-0.025996
-0.025971
-0.025971
-0.025971
-0.025971
-0.025971
-0.025971
-0.025996
-0.025996
-0.025996
-0.025996
-0.025996
-0.025996
-0.025996
-0.025996
-0.025996
-0.025996
-0.025996
-0.025971
-0.025971
-0.025971
-0.025971
-0.025947
-0.025947
-0.025947
-0.025922
-0.025922
-0.025922
-0.025922
-0.025922
-0.025922
-0.025922
-0.025922
-0.025922
-0.025922
-0.025922
-0.025922
-0.025922
-0.025922
-0.025922
-0.025922
-0.025922
-0.025947
-0.025947
-0.025947
-0.025947
-0.025947
-0.025947
-0.025947
-0.025922
-0.025922
-0.025922
-0.025947
-0.025947
-0.025947
-0.025971
-0.025971
-0.025971
-0.025971
-0.025971
-0.025971
-0.025971
-0.025971
-0.025996
-0.025996
-0.025996
-0.025996
-0.025996
-0.025996
-0.025996
-0.025996
-0.026021
-0.026021
-0.026021
-0.026021
-0.026021
-0.026045
-0.026045
-0.026045
-0.026045
-0.026045
-0.026045
-0.026045
-0.026045
-0.026045
-0.026045
-0.026045
-0.026045
-0.026045
-0.026045
-0.026045
-0.026045
-0.026045
-0.026045
-0.026045
-0.026045
-0.026045
-0.026045
-0.026045
-0.026045
-0.026045
-0.026045
-0.026045
-0.026045
-0.026021
-0.026045
-0.026045
-0.026045
-0.026045
-0.026045
-0.026045
-0.026045
-0.026045
-0.026045
-0.026045
-0.026045
-0.026045
-0.026045
-0.026045
-0.026045
-0.026045
-0.026045
-0.026045
-0.026045
-0.026045
-0.026045
-0.026021
-0.026045
-0.026021
-0.026021
-0.026021
-0.026021
-0.026021
-0.026021
-0.026021
-0.026021
-0.026021
-0.026021
-0.026021
-0.026021
-0.026021
-0.026021
-0.026021
-0.026021
-0.026021
-0.026021
-0.025996
-0.025996
-0.025996
-0.025996
-0.025996
-0.025971
-0.025971
-0.025971
-0.025971
-0.025971
-0.025947
-0.025947
-0.025947
-0.025947
-0.025947
-0.025947
-0.025922
-0.025922
-0.025922
-0.025922
-0.025898
-0.025898
-0.025898
-0.025898
-0.025898
-0.025873
-0.025873
-0.025873
-0.025873
-0.025848
-0.025873
-0.025848
-0.025848
-0.025848
-0.025848
-0.025848
-0.025824
-0.025824
-0.025824
-0.025799
-0.025799
-0.025799
-0.025775
-0.025775
-0.02575
-0.02575
-0.02575
-0.025725
-0.025701
-0.025701
-0.025676
-0.025676
-0.025676
-0.025651
-0.025651
-0.025651
-0.025627
-0.025627
-0.025627
-0.025602
-0.025602
-0.025578
-0.025578
-0.025578
-0.025553
-0.025553
-0.025553
-0.025528
-0.025528
-0.025504
-0.025479
-0.025479
-0.025455
-0.025455
-0.02543
-0.02543
-0.02543
-0.02543
-0.02543
-0.025405
-0.025405
-0.025405
-0.025405
-0.025405
-0.025405
-0.025405
-0.025405
-0.025405
-0.025405
-0.025405
-0.025405
-0.025405
-0.025405
-0.025405
-0.025405
-0.025405
-0.025405
-0.025405
-0.025405
-0.025405
-0.025405
-0.025405
-0.025405
-0.025405
-0.025381
-0.025381
-0.025381
-0.025381
-0.025356
-0.025307
-0.025307
-0.025307
-0.025282
-0.025282
-0.025282
-0.025282
-0.025282
-0.025282
-0.025258
-0.025258
-0.025258
-0.025282
-0.025282
-0.025282
-0.025307
-0.025307
-0.025331
-0.025356
-0.025356
-0.025381
-0.025381
-0.025405
-0.025405
-0.02543
-0.02543
-0.02543
-0.02543
-0.02543
-0.025405
-0.025405
-0.025405
-0.025405
-0.025381
-0.025405
-0.02543
-0.02543
-0.02543
-0.025455
-0.025479
-0.025381
-0.025307
-0.025282
-0.025233
-0.025208
-0.025184
-0.025184
-0.025184
-0.025184
-0.025184
-0.025184
-0.025184
-0.025184
-0.025233
-0.025282
-0.025307
-0.025331
-0.025331
-0.025331
-0.025356
-0.025356
-0.025356
-0.025381
-0.025381
-0.025405
-0.02543
-0.025455
-0.025455
-0.025479
-0.025479
-0.025504
-0.025504
-0.025504
-0.025504
-0.025504
-0.025504
-0.025479
-0.025479
-0.025479
-0.025479
-0.025455
-0.025455
-0.02543
-0.02543
-0.025405
-0.025405
-0.025381
-0.025356
-0.025331
-0.025307
-0.025282
-0.025233
-0.025208
-0.025159
-0.025134
-0.025134
-0.02511
-0.02511
-0.02511
-0.02511
-0.02511
-0.025085
-0.025085
-0.025085
-0.025061
-0.025061
-0.025061
-0.025085
-0.025085
-0.025085
-0.02511
-0.02511
-0.025134
-0.025134
-0.025159
-0.025159
-0.025184
-0.025184
-0.025208
-0.025208
-0.025233
-0.025233
-0.025258
-0.025258
-0.025282
-0.025282
-0.025307
-0.025331
-0.025356
-0.025381
-0.025405
-0.02543
-0.025455
-0.025455
-0.025479
-0.025504
-0.025504
-0.025528
-0.025553
-0.025553
-0.025578
-0.025602
-0.025602
-0.025627
-0.025651
-0.025651
-0.025676
-0.025676
-0.025676
-0.025676
-0.025676
-0.025676
-0.025676
-0.025676
-0.025651
-0.025651
-0.025651
-0.025651
-0.025627
-0.025627
-0.025602
-0.025602
-0.025602
-0.025602
-0.025602
-0.025602
-0.025602
-0.025602
-0.025578
-0.025578
-0.025578
-0.025578
-0.025578
-0.025578
-0.025578
-0.025578
-0.025578
-0.025553
-0.025553
-0.025553
-0.025528
-0.025528
-0.025528
-0.025504
-0.025479
-0.025479
-0.025479
-0.025479
-0.025479
-0.025479
-0.025479
-0.025479
-0.025504
-0.025504
-0.025504
-0.025528
-0.025528
-0.025528
-0.025553
-0.025553
-0.025602
-0.025602
-0.025627
-0.025627
-0.025651
-0.025651
-0.025651
-0.025676
-0.025676
-0.025676
-0.025701
-0.025701
-0.025701
-0.025701
-0.025676
-0.025676
-0.025676
-0.025676
-0.025676
-0.025676
-0.025651
-0.025651
-0.025651
-0.025651
-0.025651
-0.025627
-0.025627
-0.025627
-0.025602
-0.025602
-0.025602
-0.025578
-0.025553
-0.025553
-0.025528
-0.025504
-0.025504
-0.025479
-0.025455
-0.02543
-0.025405
-0.025405
-0.025405
-0.025405
-0.025405
-0.025405
-0.02543
-0.02543
-0.02543
-0.02543
-0.02543
-0.02543
-0.025455
-0.025455
-0.025455
-0.025479
-0.025479
-0.025479
-0.025479
-0.025479
-0.025479
-0.025504
-0.025504
-0.025504
-0.025504
-0.025504
-0.025504
-0.025504
-0.025504
-0.025504
-0.025479
-0.025479
-0.025479
-0.025455
-0.025455
-0.025455
-0.02543
-0.025405
-0.025381
-0.025356
-0.025307
-0.025282
-0.025282
-0.025282
-0.025282
-0.025258
-0.025258
-0.025258
-0.025258
-0.025282
-0.025282
-0.025282
-0.025282
-0.025307
-0.025307
-0.025307
-0.025331
-0.025331
-0.025331
-0.025356
-0.025356
-0.025381
-0.025381
-0.025405
-0.025405
-0.02543
-0.025455
-0.025479
-0.025479
-0.025504
-0.025528
-0.025528
-0.025553
-0.025553
-0.025578
-0.025578
-0.025602
-0.025627
-0.025627
-0.025651
-0.025701
-0.025701
-0.025725
-0.025725
-0.025725
-0.02575
-0.02575
-0.025775
-0.02575
-0.02575
-0.025775
-0.025799
-0.025824
-0.025848
-0.025873
-0.025898
-0.025898
-0.025922
-0.025947
-0.025898
-0.025824
-0.025799
-0.025775
-0.02575
-0.025725
-0.02575
-0.025775
-0.025775
-0.025775
-0.025775
-0.02575
-0.025775
-0.025824
-0.025848
-0.025848
-0.025848
-0.025824
-0.025824
-0.025799
-0.025799
-0.02575
-0.02575
-0.02575
-0.02575
-0.02575
-0.02575
-0.025775
-0.025775
-0.025775
-0.025799
-0.025799
-0.025824
-0.025824
-0.025824
-0.025824
-0.025824
-0.025848
-0.025848
-0.025848
-0.025848
-0.025848
-0.025824
-0.025824
-0.025824
-0.025824
-0.025824
-0.025824
-0.025824
-0.025848
-0.025824
-0.025824
-0.025824
-0.025824
-0.025824
-0.025824
-0.025824
-0.025824
-0.025824
-0.025824
-0.025799
-0.025799
-0.025799
-0.025799
-0.025799
-0.025824
-0.025824
-0.025824
-0.025848
-0.025848
-0.025848
-0.025873
-0.025873
-0.025873
-0.025873
-0.025873
-0.025873
-0.025873
-0.025873
-0.025873
-0.025873
-0.025873
-0.025873
-0.025873
-0.025873
-0.025898
-0.025898
-0.025898
-0.025898
-0.025922
-0.025922
-0.025922
-0.025922
-0.025947
-0.025947
-0.025947
-0.025947
-0.025947
-0.025947
-0.025947
-0.025947
-0.025971
-0.025971
-0.025971
-0.025971
-0.025971
-0.025971
-0.025971
-0.025996
-0.025996
-0.025996
-0.025996
-0.025996
-0.025996
-0.025996
-0.025996
-0.025996
-0.025996
-0.025996
-0.025996
-0.025996
-0.025996
-0.025996
-0.025996
-0.025996
-0.025996
-0.025971
-0.025971
-0.025971
-0.025971
-0.025971
-0.025971
-0.025971
-0.025971
-0.025971
-0.025971
-0.025971
-0.025971
-0.025971
-0.025971
-0.025971
