2018
6
28
9
41
51.467
-0.011029
-0.011029
-0.011029
-0.011029
-0.011029
-0.011004
-0.011004
-0.011004
-0.011004
-0.011004
-0.011004
-0.010979
-0.010979
-0.010979
-0.010979
-0.010979
-0.010955
-0.010955
-0.010979
-0.010979
-0.010955
-0.010955
-0.010955
-0.010955
-0.010955
-0.01093
-0.01093
-0.010906
-0.010906
-0.010881
-0.010856
-0.010832
-0.010807
-0.010807
-0.010832
-0.010856
-0.01093
-0.010955
-0.010979
-0.011004
-0.011053
-0.011078
-0.011053
-0.011029
-0.011004
-0.010979
-0.010979
-0.010955
-0.010906
-0.010906
-0.010881
-0.010881
-0.010856
-0.010856
-0.010832
-0.010832
-0.010832
-0.010832
-0.010807
-0.010807
-0.010832
-0.010832
-0.010807
-0.010807
-0.010807
-0.010807
-0.010807
-0.010807
-0.010807
-0.010807
-0.010807
-0.010832
-0.010807
-0.010807
-0.010807
-0.010832
-0.010832
-0.010832
-0.010807
-0.010807
-0.010807
-0.010807
-0.010807
-0.010807
-0.010782
-0.010782
-0.010782
-0.010807
-0.010782
-0.010782
-0.010782
-0.010782
-0.010782
-0.010758
-0.010758
-0.010758
-0.010758
-0.010758
-0.010758
-0.010733
-0.010733
-0.010733
-0.010733
-0.010733
-0.010709
-0.010709
-0.010709
-0.010709
-0.010709
-0.010709
-0.010684
-0.010684
-0.010684
-0.010684
-0.010684
-0.010659
-0.010684
-0.010684
-0.010659
-0.010659
-0.010635
-0.010635
-0.010635
-0.010635
-0.010635
-0.01061
-0.01061
-0.01061
-0.010635
-0.01061
-0.01061
-0.01061
-0.01061
-0.01061
-0.010586
-0.010586
-0.010586
-0.010586
-0.010586
-0.010586
-0.010561
-0.010561
-0.010561
-0.010561
-0.010561
-0.010536
-0.010536
-0.010536
-0.010561
-0.010536
-0.010536
-0.010536
-0.010536
-0.010536
-0.010536
-0.010512
-0.010512
-0.010512
-0.010512
-0.010512
-0.010512
-0.010512
-0.010487
-0.010487
-0.010512
-0.010512
-0.010512
-0.010487
-0.010487
-0.010487
-0.010487
-0.010487
-0.010487
-0.010487
-0.010487
-0.010487
-0.010487
-0.010487
-0.010462
-0.010462
-0.010487
-0.010487
-0.010462
-0.010462
-0.010462
-0.010462
-0.010462
-0.010462
-0.010462
-0.010462
-0.010462
-0.010462
-0.010438
-0.010438
-0.010438
-0.010462
-0.010438
-0.010438
-0.010438
-0.010438
-0.010413
-0.010413
-0.010413
-0.010413
-0.010413
-0.010413
-0.010413
-0.010413
-0.010413
-0.010413
-0.010413
-0.010389
-0.010413
-0.010413
-0.010389
-0.010389
-0.010389
-0.010389
-0.010389
-0.010389
-0.010389
-0.010389
-0.010389
-0.010389
-0.010389
-0.010389
-0.010389
-0.010389
-0.010389
-0.010389
-0.010364
-0.010364
-0.010364
-0.010364
-0.010364
-0.010364
-0.010339
-0.010364
-0.010364
-0.010339
-0.010339
-0.010315
-0.010339
-0.010339
-0.010339
-0.010315
-0.010315
-0.010315
-0.010339
-0.010339
-0.010339
-0.010315
-0.010339
-0.010339
-0.010339
-0.010339
-0.010339
-0.010339
-0.010339
-0.010339
-0.010339
-0.010315
-0.010339
-0.010339
-0.010339
-0.010315
-0.010315
-0.010315
-0.010315
-0.010315
-0.010315
-0.01029
-0.010315
-0.010315
-0.010315
-0.01029
-0.01029
-0.01029
-0.010315
-0.010315
-0.01029
-0.01029
-0.010241
-0.010241
-0.010216
-0.010216
-0.010216
-0.010216
-0.010241
-0.010315
-0.010339
-0.010364
-0.010389
-0.010389
-0.010413
-0.010438
-0.010438
-0.010438
-0.010438
-0.010438
-0.010438
-0.010413
-0.010389
-0.010364
-0.010339
-0.010339
-0.010315
-0.01029
-0.01029
-0.01029
-0.01029
-0.01029
-0.010266
-0.010266
-0.010266
-0.010266
-0.010266
-0.010266
-0.010241
-0.010241
-0.010241
-0.010241
-0.010241
-0.010241
-0.010241
-0.010216
-0.010216
-0.010241
-0.010241
-0.010216
-0.010216
-0.010216
-0.010216
-0.010216
-0.010216
-0.010216
-0.010216
-0.010216
-0.010216
-0.010216
-0.010216
-0.010216
-0.010216
-0.010216
-0.010216
-0.010192
-0.010216
-0.010216
-0.010216
-0.010216
-0.010192
-0.010192
-0.010216
-0.010216
-0.010216
-0.010192
-0.010192
-0.010216
-0.010192
-0.010192
-0.010192
-0.010192
-0.010192
-0.010216
-0.010216
-0.010216
-0.010192
-0.010216
-0.010216
-0.010216
-0.010216
-0.010216
-0.010216
-0.010216
-0.010216
-0.010192
-0.010192
-0.010192
-0.010216
-0.010216
-0.010192
-0.010192
-0.010192
-0.010192
-0.010216
-0.010192
-0.010192
-0.010192
-0.010192
-0.010216
-0.010192
-0.010192
-0.010192
-0.010192
-0.010192
-0.010192
-0.010167
-0.010167
-0.010192
-0.010192
-0.010167
-0.010167
-0.010167
-0.010142
-0.010142
-0.010167
-0.010167
-0.010167
-0.010142
-0.010142
-0.010167
-0.010167
-0.010167
-0.010142
-0.010167
-0.010167
-0.010167
-0.010167
-0.010142
-0.010142
-0.010167
-0.010167
-0.010167
-0.010142
-0.010167
-0.010167
-0.010167
-0.010167
-0.010142
-0.010142
-0.010167
-0.010167
-0.010167
-0.010142
-0.010142
-0.010142
-0.010142
-0.010142
-0.010142
-0.010142
-0.010142
-0.010142
-0.010142
-0.010142
-0.010142
-0.010142
-0.010142
-0.010142
-0.010142
-0.010142
-0.010118
-0.010142
-0.010142
-0.010142
-0.010142
-0.010142
-0.010118
-0.010142
-0.010142
-0.010142
-0.010118
-0.010118
-0.010118
-0.010142
-0.010118
-0.010118
-0.010118
-0.010118
-0.010118
-0.010118
-0.010093
-0.010093
-0.010118
-0.010118
-0.010093
-0.010093
-0.010093
-0.010093
-0.010093
-0.010093
-0.010093
-0.010069
-0.010069
-0.010093
-0.010093
-0.010093
-0.010069
-0.010069
-0.010069
-0.010093
-0.010069
-0.010069
-0.010069
-0.010069
-0.010069
-0.010044
-0.010044
-0.010044
-0.010044
-0.010044
-0.010044
-0.010044
-0.010044
-0.010044
-0.010044
-0.010044
-0.010044
-0.010044
-0.010044
-0.010069
-0.010069
-0.010044
-0.010044
-0.010044
-0.010069
-0.010044
-0.010044
-0.010044
-0.010044
-0.010044
-0.010044
-0.010044
-0.010044
-0.010019
-0.010019
-0.010019
-0.010019
-0.010019
-0.010019
-0.010019
-0.010019
-0.010019
-0.010019
-0.0099947
-0.0099947
-0.010019
-0.010019
-0.0099947
-0.0099947
-0.0099947
-0.0099947
-0.0099701
-0.0099455
-0.0099209
-0.0099209
-0.0099209
-0.0098962
-0.0098962
-0.0099209
-0.0099701
-0.010044
-0.010069
-0.010069
-0.010069
-0.010093
-0.010118
-0.010142
-0.010142
-0.010118
-0.010118
-0.010019
-0.010019
-0.0099947
-0.0099947
-0.0099701
-0.0099701
-0.0099701
-0.0099701
-0.0099701
-0.0099455
-0.0099455
-0.0099455
-0.0099455
-0.0099455
-0.0099455
-0.0099209
-0.0099455
-0.0099455
-0.0099209
-0.0099209
-0.0099209
-0.0099209
-0.0099455
-0.0099209
-0.0099209
-0.0099209
-0.0099209
-0.0099209
-0.0099209
-0.0099209
-0.0098962
-0.0099209
-0.0099209
-0.0099209
-0.0098962
-0.0098962
-0.0098962
-0.0099209
-0.0099209
-0.0098962
-0.0098962
-0.0098962
-0.0098962
-0.0098962
-0.0098962
-0.0098962
-0.0098716
-0.0098716
-0.0098962
-0.0098962
-0.0098962
-0.0098716
-0.0098716
-0.0098716
-0.0098716
-0.0098716
-0.0098716
-0.0098716
-0.0098716
-0.0098716
-0.0098716
-0.0098716
-0.009847
-0.009847
-0.0098716
-0.0098716
-0.009847
-0.009847
-0.009847
-0.0098716
-0.0098716
-0.009847
-0.009847
-0.009847
-0.0098716
-0.0098716
-0.009847
-0.009847
-0.009847
-0.009847
-0.009847
-0.0098716
-0.0098716
-0.009847
-0.009847
-0.009847
-0.009847
-0.009847
-0.009847
-0.009847
-0.009847
-0.009847
-0.009847
-0.009847
-0.009847
-0.009847
-0.009847
-0.009847
-0.009847
-0.0098224
-0.009847
-0.009847
-0.009847
-0.0098224
-0.0098224
-0.0098224
-0.0098224
-0.0098224
-0.0098224
-0.0098224
-0.0098224
-0.0098224
-0.0098224
-0.0098224
-0.0098224
-0.0098224
-0.0098224
-0.0098224
-0.0098224
-0.0098224
-0.0098224
-0.0098224
-0.0098224
-0.0098224
-0.0098224
-0.0098224
-0.0098224
-0.0098224
-0.0098224
-0.0098224
-0.0097978
-0.0097978
-0.0097978
-0.0098224
-0.0098224
-0.0097978
-0.0097978
-0.0097978
-0.0097978
-0.0097978
-0.0097978
-0.0097978
-0.0097978
-0.0097978
-0.0097978
-0.0097978
-0.0097978
-0.0097978
-0.0097978
-0.0097978
-0.0097978
-0.0097732
-0.0097732
-0.0097978
-0.0097978
-0.0097978
-0.0097978
-0.0097978
-0.0097978
-0.0097978
-0.0097978
-0.0097978
-0.0097978
-0.0097732
-0.0097732
-0.0097978
-0.0097978
-0.0097732
-0.0097732
-0.0097732
-0.0097732
-0.0097732
-0.0097732
-0.0097732
-0.0097732
-0.0097732
-0.0097732
-0.0097732
-0.0097732
-0.0097732
-0.0097732
-0.0097732
-0.0097732
-0.0097732
-0.0097732
-0.0097732
-0.0097732
-0.0097732
-0.0097485
-0.0097732
-0.0097732
-0.0097732
-0.0097732
-0.0097485
-0.0097485
-0.0097732
-0.0097732
-0.0097485
-0.0097485
-0.0097485
-0.0097239
-0.0097485
-0.0097485
-0.0097239
-0.0097239
-0.0097239
-0.0097239
-0.0097239
-0.0097239
-0.0097239
-0.0097485
-0.0097485
-0.0097485
-0.0097485
-0.0097485
-0.0097485
-0.0097485
-0.0097485
-0.0097485
-0.0097485
-0.0097485
-0.0097485
-0.0097485
-0.0097485
-0.0097485
-0.0097485
-0.0097485
-0.0097485
-0.0097239
-0.0097239
-0.0097485
-0.0097485
-0.0097239
-0.0097239
-0.0097239
-0.0097239
-0.0097485
-0.0097239
-0.0097239
-0.0097239
-0.0096993
-0.0096993
-0.0096993
-0.0096747
-0.0096501
-0.0096254
-0.0096254
-0.0096254
-0.0096501
-0.0096747
-0.0097239
-0.0097485
-0.0097732
-0.0097978
-0.0097978
-0.0098224
-0.0098224
-0.009847
-0.009847
-0.009847
-0.0098224
-0.0098224
-0.0097978
-0.0097978
-0.0097732
-0.0097485
-0.0097485
-0.0097239
-0.0097239
-0.0097239
-0.0096993
-0.0096993
-0.0096993
-0.0096993
-0.0096993
-0.0096993
-0.0096747
-0.0096993
-0.0096993
-0.0096993
-0.0096993
-0.0096747
-0.0096747
-0.0096747
-0.0096747
-0.0096993
-0.0096747
-0.0096747
-0.0096747
-0.0096747
-0.0096747
-0.0096747
-0.0096747
-0.0096747
-0.0096747
-0.0096747
-0.0096747
-0.0096747
-0.0096747
-0.0096747
-0.0096747
-0.0096747
-0.0096747
-0.0096747
-0.0096747
-0.0096747
-0.0096747
-0.0096747
-0.0096747
-0.0096747
-0.0096747
-0.0096747
-0.0096747
-0.0096747
-0.0096747
-0.0096747
-0.0096747
-0.0096501
-0.0096501
-0.0096501
-0.0096501
-0.0096501
-0.0096747
-0.0096747
-0.0096501
-0.0096501
-0.0096501
-0.0096747
-0.0096747
-0.0096501
-0.0096501
-0.0096501
-0.0096747
-0.0096747
-0.0096501
-0.0096501
-0.0096747
-0.0096747
-0.0096747
-0.0096501
-0.0096501
-0.0096747
-0.0096747
-0.0096747
-0.0096501
-0.0096501
-0.0096747
-0.0096747
-0.0096747
-0.0096747
-0.0096747
-0.0096747
-0.0096747
-0.0096747
-0.0096747
-0.0096747
-0.0096747
-0.0096747
-0.0096747
-0.0096747
-0.0096501
-0.0096501
-0.0096501
-0.0096501
-0.0096501
-0.0096501
-0.0096254
-0.0096501
-0.0096501
-0.0096501
-0.0096254
-0.0096254
-0.0096501
-0.0096501
-0.0096254
-0.0096254
-0.0096254
-0.0096254
-0.0096501
-0.0096254
-0.0096254
-0.0096254
-0.0096254
-0.0096501
-0.0096254
-0.0096254
-0.0096254
-0.0096254
-0.0096254
-0.0096254
-0.0096254
-0.0096254
-0.0096254
-0.0096501
-0.0096254
-0.0096254
-0.0096254
-0.0096254
-0.0096254
-0.0096254
-0.0096254
-0.0096254
-0.0096008
-0.0096008
-0.0096254
-0.0096254
-0.0096254
-0.0096254
-0.0096008
-0.0096008
-0.0096254
-0.0096254
-0.0096254
-0.0096008
-0.0096254
-0.0096254
-0.0096254
-0.0096008
-0.0096008
-0.0096254
-0.0096254
-0.0096254
-0.0096008
-0.0096008
-0.0096008
-0.0096008
-0.0096008
-0.0096008
-0.0096008
-0.0096008
-0.0096008
-0.0096008
-0.0096008
-0.0096008
-0.0096008
-0.0096008
-0.0096008
-0.0096008
-0.0096008
-0.0096008
-0.0096008
-0.0096008
-0.0096254
-0.0096254
-0.0096254
-0.0096008
-0.0096008
-0.0096254
-0.0096254
-0.0096254
-0.0096254
-0.0096008
-0.0096254
-0.0096254
-0.0096254
-0.0096008
-0.0096254
-0.0096254
-0.0096254
-0.0096254
-0.0096008
-0.0096008
-0.0096254
-0.0096254
-0.0096008
-0.0096008
-0.0096008
-0.0096254
-0.0096254
-0.0096008
-0.0096008
-0.0096008
-0.0096254
-0.0096254
-0.0096254
-0.0096254
-0.0096254
-0.0096501
-0.0096501
-0.0096501
-0.0096501
-0.0096254
-0.0096254
-0.0096254
-0.0096254
-0.0096254
-0.0096254
-0.0096254
-0.0096254
-0.0096501
-0.0096501
-0.0096254
-0.0096254
-0.0096254
-0.0096254
-0.0096254
-0.0096254
-0.0096254
-0.0096254
-0.0096254
-0.0096254
-0.0096254
-0.0096008
-0.0096008
-0.0096254
-0.0096254
-0.0096008
-0.0096008
-0.0095762
-0.0095762
-0.0095762
-0.0095516
-0.009527
-0.009527
-0.0095762
-0.0096008
-0.0096501
-0.0096747
-0.0096993
-0.0097239
-0.0097732
-0.0097978
-0.0097732
-0.0097732
-0.0097485
-0.0097239
-0.0097239
-0.0097239
-0.0096993
-0.0096501
-0.0096501
-0.0096501
-0.0096501
-0.0096254
-0.0096254
-0.0096254
-0.0096254
-0.0096254
-0.0096008
-0.0096008
-0.0096008
-0.0096008
-0.0096008
-0.0096008
-0.0096008
-0.0096008
-0.0096008
-0.0096008
-0.0096008
-0.0096008
-0.0096008
-0.0096008
-0.0096008
-0.0096008
-0.0095762
-0.0095762
-0.0095762
-0.0096008
-0.0096008
-0.0095762
-0.0096008
-0.0095762
-0.0095762
-0.0096008
-0.0096008
-0.0096008
-0.0096008
-0.0096008
-0.0096008
-0.0096008
-0.0096008
-0.0096008
-0.0096008
-0.0096008
-0.0096008
-0.0096008
-0.0095762
-0.0095762
-0.0096008
-0.0096008
-0.0096008
-0.0095762
-0.0095762
-0.0095762
-0.0096008
-0.0096008
-0.0095762
-0.0095762
-0.0096008
-0.0096008
-0.0096008
-0.0095762
-0.0095762
-0.0096008
-0.0096008
-0.0096008
-0.0095762
-0.0095762
-0.0096008
-0.0096008
-0.0096008
-0.0096008
-0.0096008
-0.0096008
-0.0096008
-0.0096008
-0.0096008
-0.0096008
-0.0096008
-0.0096008
-0.0096254
-0.0096254
-0.0096008
-0.0096008
-0.0096008
-0.0096254
-0.0096254
-0.0096254
-0.0096008
-0.0096008
-0.0096254
-0.0096254
-0.0096254
-0.0096254
-0.0096254
-0.0096254
-0.0096254
-0.0096254
-0.0096254
-0.0096254
-0.0096254
-0.0096501
-0.0096254
-0.0096254
-0.0096254
-0.0096254
-0.0096501
-0.0096254
-0.0096254
-0.0096254
-0.0096254
-0.0096501
-0.0096501
-0.0096501
-0.0096501
-0.0096501
-0.0096501
-0.0096501
-0.0096501
-0.0096501
-0.0096501
-0.0096501
-0.0096747
-0.0096747
-0.0096501
-0.0096501
-0.0096747
-0.0096747
-0.0096747
-0.0096747
-0.0096747
-0.0096747
-0.0096747
-0.0096747
-0.0096747
-0.0096747
-0.0096747
-0.0096747
-0.0096747
-0.0096747
-0.0096747
-0.0096747
-0.0096747
-0.0096747
-0.0096747
-0.0096747
-0.0096747
-0.0096747
-0.0096747
-0.0096747
-0.0096747
-0.0096747
-0.0096747
-0.0096747
-0.0096747
-0.0096747
-0.0096747
-0.0096747
-0.0096747
-0.0096747
-0.0096747
-0.0096747
-0.0096747
-0.0096747
-0.0096993
-0.0096993
-0.0096747
-0.0096747
-0.0096993
-0.0096993
-0.0096993
-0.0096993
-0.0096993
-0.0096993
-0.0096993
-0.0096993
-0.0096993
-0.0096993
-0.0096993
-0.0097239
-0.0097239
-0.0096993
-0.0096993
-0.0096993
-0.0097239
-0.0097239
-0.0097239
-0.0096993
-0.0097239
-0.0097239
-0.0096993
-0.0096993
-0.0096993
-0.0096993
-0.0096993
-0.0096993
-0.0096993
-0.0096993
-0.0096993
-0.0096993
-0.0096993
-0.0096993
-0.0096993
-0.0096747
-0.0096747
-0.0096747
-0.0096993
-0.0096993
-0.0096747
-0.0096747
-0.0096993
-0.0097239
-0.0097239
-0.0096993
-0.0097239
-0.0097239
-0.0097239
-0.0097239
-0.0097239
-0.0097239
-0.0097239
-0.0097485
-0.0097485
-0.0097485
-0.0097485
-0.0097485
-0.0097485
-0.0097485
-0.0097485
-0.0097485
-0.0097485
-0.0097732
-0.0097732
-0.0097732
-0.0097732
-0.0097732
-0.0097732
-0.0097732
-0.0097732
-0.0097732
-0.0097732
-0.0097732
-0.0097732
-0.0097732
-0.0097485
-0.0097239
-0.0097239
-0.0097239
-0.0097239
-0.0097485
-0.0097978
-0.009847
-0.0098716
-0.0098962
-0.0098962
-0.0099209
-0.0099455
-0.0099701
-0.0099701
-0.0099701
-0.0099455
-0.0099455
-0.0099455
-0.0099455
-0.0099209
-0.0098962
-0.0098962
-0.0098716
-0.0098716
-0.009847
-0.009847
-0.009847
-0.009847
-0.009847
-0.009847
-0.009847
-0.009847
-0.009847
-0.009847
-0.009847
-0.009847
-0.009847
-0.009847
-0.009847
-0.009847
-0.009847
-0.0098224
-0.009847
-0.009847
-0.009847
-0.009847
-0.0098224
-0.0098224
-0.009847
-0.009847
-0.0098224
-0.0098224
-0.0098224
-0.009847
-0.009847
-0.0098224
-0.0098224
-0.0098224
-0.009847
-0.009847
-0.009847
-0.0098224
-0.009847
-0.009847
-0.009847
-0.009847
-0.009847
-0.0098224
-0.009847
-0.009847
-0.009847
-0.009847
-0.0098224
-0.0098224
-0.009847
-0.009847
-0.009847
-0.009847
-0.009847
-0.009847
-0.009847
-0.009847
-0.009847
-0.009847
-0.009847
-0.009847
-0.009847
-0.009847
-0.009847
-0.009847
-0.009847
-0.009847
-0.009847
-0.009847
-0.009847
-0.009847
-0.009847
-0.009847
-0.009847
-0.0098716
-0.0098716
-0.0098716
-0.009847
-0.0098716
-0.0098716
-0.0098716
-0.0098716
-0.0098716
-0.0098716
-0.0098716
-0.0098716
-0.0098962
-0.0098716
-0.0098716
-0.0098716
-0.0098716
-0.0098716
-0.0098716
-0.0098716
-0.0098716
-0.0098962
-0.0098962
-0.0098716
-0.0098716
-0.0098716
-0.0098716
-0.0098962
-0.0098716
-0.0098716
-0.0098716
-0.0098716
-0.0098716
-0.0098716
-0.0098716
-0.0098716
-0.0098962
-0.0098962
-0.0098962
-0.0098716
-0.0098962
-0.0098962
-0.0098962
-0.0098962
-0.0098962
-0.0098962
-0.0098962
-0.0098962
-0.0098962
-0.0098962
-0.0098962
-0.0098962
-0.0098962
-0.0098962
-0.0098962
-0.0098962
-0.0098962
-0.0098962
-0.0098962
-0.0098962
-0.0098962
-0.0098962
-0.0098962
-0.0098962
-0.0098962
-0.0098962
-0.0098962
-0.0098962
-0.0098962
-0.0098962
-0.0098962
-0.0098962
-0.0098962
-0.0098962
-0.0098962
-0.0098962
-0.0098962
-0.0098962
-0.0099209
-0.0099209
-0.0099209
-0.0099209
-0.0099209
-0.0099209
-0.0099209
-0.0099209
-0.0099455
-0.0099455
-0.0099209
-0.0099455
-0.0099455
-0.0099455
-0.0099455
-0.0099455
-0.0099455
-0.0099455
-0.0099455
-0.0099455
-0.0099209
-0.0099209
-0.0099209
-0.0099455
-0.0099455
-0.0099209
-0.0099209
-0.0099455
-0.0099455
-0.0099455
-0.0099209
-0.0099209
-0.0099455
-0.0099455
-0.0099455
-0.0099209
-0.0099209
-0.0099209
-0.0099455
-0.0099455
-0.0099209
-0.0099209
-0.0099455
-0.0099455
-0.0099209
-0.0099209
-0.0099209
-0.0099209
-0.0099209
-0.0099209
-0.0099209
-0.0099209
-0.0099209
-0.0099209
-0.0099209
-0.0099455
-0.0099209
-0.0099209
-0.0099209
-0.0099209
-0.0099455
-0.0099209
-0.0099209
-0.0099209
-0.0099209
-0.0099455
-0.0099455
-0.0099209
-0.0099209
-0.0099209
-0.0099455
-0.0099209
-0.0099209
-0.0099209
-0.0099209
-0.0099209
-0.0099209
-0.0099209
-0.0099209
-0.0099209
-0.0099209
-0.0099209
-0.0099209
-0.0099209
-0.0099209
-0.0099209
-0.0098962
-0.0098962
-0.0098716
-0.009847
-0.009847
-0.0098224
-0.0098224
-0.009847
-0.0098716
-0.0099209
-0.0099701
-0.0099947
-0.0099947
-0.010019
-0.010019
-0.010044
-0.010069
-0.010069
-0.010044
-0.010044
-0.010044
-0.010044
-0.010019
-0.0099947
-0.0099701
-0.0099701
-0.0099455
-0.0099455
-0.0099209
-0.0099209
-0.0099209
-0.0099455
-0.0099209
-0.0099209
-0.0099209
-0.0099209
-0.0099209
-0.0099209
-0.0099209
-0.0099209
-0.0099209
-0.0099209
-0.0099209
-0.0099209
-0.0099209
-0.0099209
-0.0098962
-0.0099209
-0.0099209
-0.0099209
-0.0098962
-0.0098962
-0.0099209
-0.0099209
-0.0099209
-0.0098962
-0.0098962
-0.0099209
-0.0099209
-0.0099209
-0.0099209
-0.0099209
-0.0099209
-0.0099209
-0.0099209
-0.0099209
-0.0099209
-0.0099209
-0.0099209
-0.0099209
-0.0099209
-0.0099209
-0.0099209
-0.0099209
-0.0099209
-0.0099209
-0.0099209
-0.0099209
-0.0099209
-0.0099209
-0.0099209
-0.0099209
-0.0099209
-0.0099209
-0.0099209
-0.0099209
-0.0099209
-0.0099209
-0.0099209
-0.0099209
-0.0099455
-0.0099209
-0.0099209
-0.0099455
-0.0099455
-0.0099455
-0.0099455
-0.0099455
-0.0099455
-0.0099701
-0.0099701
-0.0099455
-0.0099455
-0.0099455
-0.0099701
-0.0099701
-0.0099455
-0.0099455
-0.0099455
-0.0099455
-0.0099455
-0.0099455
-0.0099455
-0.0099455
-0.0099455
-0.0099455
-0.0099455
-0.0099455
-0.0099455
-0.0099455
-0.0099455
-0.0099455
-0.0099455
-0.0099455
-0.0099455
-0.0099455
-0.0099701
-0.0099701
-0.0099455
-0.0099455
-0.0099455
-0.0099701
-0.0099701
-0.0099455
-0.0099455
-0.0099701
-0.0099701
-0.0099701
-0.0099701
-0.0099701
-0.0099701
-0.0099701
-0.0099701
-0.0099701
-0.0099701
-0.0099701
-0.0099701
-0.0099947
-0.0099701
-0.0099701
-0.0099701
-0.0099947
-0.0099947
-0.0099701
-0.0099701
-0.0099701
-0.0099701
-0.0099701
-0.0099701
-0.0099701
-0.0099701
-0.0099947
-0.0099701
-0.0099947
-0.0099701
-0.0099701
-0.0099701
-0.0099701
-0.0099947
-0.0099947
-0.0099701
-0.0099701
-0.0099701
-0.0099947
-0.0099947
-0.0099947
-0.0099701
-0.0099947
-0.0099947
-0.0099947
-0.0099947
-0.0099947
-0.0099947
-0.0099947
-0.0099947
-0.0099947
-0.0099947
-0.0099947
-0.0099947
-0.0099947
-0.0099947
-0.0099947
-0.0099947
-0.0099947
-0.0099947
-0.0099947
-0.0099947
-0.0099947
-0.0099947
-0.0099947
-0.0099947
-0.0099947
-0.0099947
-0.0099947
-0.0099947
-0.0099947
-0.0099947
-0.0099947
-0.0099947
-0.0099947
-0.0099947
-0.0099947
-0.0099947
-0.0099947
-0.0099947
-0.0099947
-0.0099947
-0.0099947
-0.0099947
-0.0099947
-0.0099947
-0.0099947
-0.0099947
-0.0099701
-0.0099701
-0.0099947
-0.0099947
-0.0099701
-0.0099701
-0.0099701
-0.0099701
-0.0099947
-0.0099947
-0.0099701
-0.0099701
-0.0099947
-0.0099947
-0.0099947
-0.0099947
-0.0099947
-0.010019
-0.010019
-0.010019
-0.010019
-0.010019
-0.010019
-0.010019
-0.010019
-0.010019
-0.010019
-0.010019
-0.0099947
-0.010019
-0.010019
-0.010019
-0.010019
-0.010019
-0.010019
-0.010019
-0.010019
-0.010019
-0.010019
-0.010019
-0.010019
-0.010019
-0.010019
-0.010019
-0.010019
-0.010019
-0.010019
-0.0099947
-0.0099701
-0.0099701
-0.0099701
-0.0099455
-0.0099455
-0.0099455
-0.0099947
-0.010044
-0.010069
-0.010093
-0.010118
-0.010167
-0.010192
-0.010192
-0.010192
-0.010167
-0.010142
-0.010142
-0.010118
-0.010118
-0.010093
-0.010069
-0.010044
-0.010044
-0.010044
-0.010044
-0.010044
-0.010019
-0.010044
-0.010044
-0.010044
-0.010019
-0.010019
-0.010019
-0.010044
-0.010044
-0.010044
-0.010044
-0.010044
-0.010044
-0.010044
-0.010044
-0.010044
-0.010044
-0.010044
-0.010044
-0.010044
-0.010044
-0.010044
-0.010044
-0.010044
-0.010044
-0.010044
-0.010044
-0.010044
-0.010044
-0.010044
-0.010044
-0.010044
-0.010044
-0.010044
-0.010044
-0.010044
-0.010044
-0.010044
-0.010044
-0.010044
-0.010044
-0.010044
-0.010044
-0.010044
-0.010044
-0.010044
-0.010044
-0.010044
-0.010044
-0.010044
-0.010044
-0.010044
-0.010044
-0.010044
-0.010044
-0.010044
-0.010044
-0.010044
-0.010044
-0.010044
-0.010044
-0.010044
-0.010044
-0.010044
-0.010069
-0.010069
-0.010069
-0.010069
-0.010069
-0.010069
-0.010069
-0.010069
-0.010069
-0.010069
-0.010093
-0.010069
-0.010069
-0.010069
-0.010069
-0.010069
-0.010069
-0.010069
-0.010069
-0.010069
-0.010093
-0.010069
-0.010069
-0.010069
-0.010069
-0.010069
-0.010069
-0.010069
-0.010069
-0.010069
-0.010069
-0.010069
-0.010069
-0.010069
-0.010069
-0.010069
-0.010069
-0.010069
-0.010069
-0.010069
-0.010069
-0.010069
-0.010069
-0.010069
-0.010069
-0.010069
-0.010069
-0.010093
-0.010069
-0.010069
-0.010069
-0.010069
-0.010093
-0.010093
-0.010069
-0.010069
-0.010069
-0.010093
-0.010069
-0.010069
-0.010069
-0.010069
-0.010093
-0.010093
-0.010093
-0.010069
-0.010093
-0.010093
-0.010093
-0.010093
-0.010069
-0.010093
-0.010093
-0.010093
-0.010069
-0.010069
-0.010069
-0.010093
-0.010093
-0.010069
-0.010093
-0.010069
-0.010069
-0.010069
-0.010093
-0.010093
-0.010093
-0.010093
-0.010093
-0.010093
-0.010093
-0.010093
-0.010093
-0.010093
-0.010093
-0.010093
-0.010093
-0.010093
-0.010093
-0.010118
-0.010118
-0.010093
-0.010093
-0.010118
-0.010118
-0.010118
-0.010118
-0.010093
-0.010118
-0.010118
-0.010118
-0.010118
-0.010118
-0.010118
-0.010118
-0.010118
-0.010118
-0.010118
-0.010118
-0.010118
-0.010118
-0.010118
-0.010118
-0.010118
-0.010118
-0.010118
-0.010118
-0.010118
-0.010118
-0.010093
-0.010093
-0.010093
-0.010093
-0.010093
-0.010093
-0.010093
-0.010093
-0.010093
-0.010093
-0.010093
-0.010093
-0.010093
-0.010093
-0.010093
-0.010118
-0.010118
-0.010118
-0.010118
-0.010118
-0.010118
-0.010118
-0.010142
-0.010142
-0.010118
-0.010118
-0.010142
-0.010142
-0.010142
-0.010118
-0.010118
-0.010118
-0.010118
-0.010118
-0.010118
-0.010118
-0.010118
-0.010118
-0.010118
-0.010118
-0.010118
-0.010118
-0.010118
-0.010118
-0.010118
-0.010118
-0.010118
-0.010093
-0.010093
-0.010093
-0.010069
-0.010044
-0.010044
-0.010044
-0.010044
-0.010093
-0.010142
-0.010167
-0.010192
-0.010216
-0.010216
-0.010241
-0.010266
-0.010266
-0.01029
-0.010266
-0.010266
-0.010241
-0.010241
-0.010216
-0.010216
-0.010142
-0.010142
-0.010142
-0.010118
-0.010142
-0.010142
-0.010142
-0.010118
-0.010118
-0.010118
-0.010142
-0.010142
-0.010142
-0.010118
-0.010118
-0.010142
-0.010142
-0.010118
-0.010118
-0.010118
-0.010142
-0.010142
-0.010118
-0.010118
-0.010118
-0.010118
-0.010142
-0.010118
-0.010118
-0.010118
-0.010118
-0.010142
-0.010118
-0.010118
-0.010118
-0.010118
-0.010118
-0.010118
-0.010118
-0.010118
-0.010118
-0.010118
-0.010118
-0.010118
-0.010118
-0.010118
-0.010118
-0.010118
-0.010118
-0.010118
-0.010118
-0.010118
-0.010118
-0.010118
-0.010118
-0.010118
-0.010118
-0.010118
-0.010118
-0.010118
-0.010118
-0.010118
-0.010142
-0.010142
-0.010118
-0.010118
-0.010142
-0.010142
-0.010142
-0.010142
-0.010142
-0.010142
-0.010142
-0.010142
-0.010142
-0.010142
-0.010142
-0.010142
-0.010142
-0.010142
-0.010142
-0.010167
-0.010142
-0.010142
-0.010167
-0.010167
-0.010167
-0.010142
-0.010142
-0.010167
-0.010167
-0.010167
-0.010142
-0.010142
-0.010167
-0.010167
-0.010167
-0.010142
-0.010142
-0.010167
-0.010167
-0.010167
-0.010142
-0.010142
-0.010167
-0.010167
-0.010167
-0.010142
-0.010142
-0.010167
-0.010167
-0.010167
-0.010142
-0.010142
-0.010142
-0.010167
-0.010142
-0.010142
-0.010142
-0.010142
-0.010167
-0.010167
-0.010142
-0.010142
-0.010142
-0.010142
-0.010142
-0.010142
-0.010142
-0.010142
-0.010142
-0.010142
-0.010142
-0.010142
-0.010142
-0.010142
-0.010142
-0.010142
-0.010142
-0.010142
-0.010142
-0.010142
-0.010142
-0.010142
-0.010142
-0.010142
-0.010142
-0.010142
-0.010142
-0.010142
-0.010142
-0.010167
-0.010167
-0.010142
-0.010142
-0.010142
-0.010167
-0.010142
-0.010142
-0.010142
-0.010142
-0.010142
-0.010167
-0.010167
-0.010142
-0.010142
-0.010142
-0.010142
-0.010142
-0.010142
-0.010142
-0.010142
-0.010142
-0.010142
-0.010142
-0.010142
-0.010142
-0.010142
-0.010142
-0.010142
-0.010142
-0.010142
-0.010142
-0.010167
-0.010142
-0.010142
-0.010142
-0.010142
-0.010142
-0.010142
-0.010142
-0.010142
-0.010142
-0.010142
-0.010142
-0.010142
-0.010142
-0.010142
-0.010142
-0.010142
-0.010142
-0.010142
-0.010118
-0.010142
-0.010142
-0.010142
-0.010118
-0.010118
-0.010142
-0.010142
-0.010142
-0.010142
-0.010142
-0.010142
-0.010142
-0.010142
-0.010142
-0.010142
-0.010142
-0.010167
-0.010167
-0.010142
-0.010142
-0.010167
-0.010167
-0.010167
-0.010142
-0.010142
-0.010142
-0.010167
-0.010167
-0.010167
-0.010142
-0.010167
-0.010167
-0.010167
-0.010142
-0.010142
-0.010142
-0.010167
-0.010142
-0.010142
-0.010142
-0.010142
-0.010118
-0.010118
-0.010118
-0.010093
-0.010069
-0.010069
-0.010069
-0.010069
-0.010093
-0.010142
-0.010192
-0.010216
-0.010241
-0.010241
-0.010266
-0.010266
-0.01029
-0.010315
-0.01029
-0.01029
-0.010266
-0.010266
-0.010241
-0.010241
-0.010192
-0.010192
-0.010167
-0.010167
-0.010167
-0.010142
-0.010142
-0.010142
-0.010142
-0.010142
-0.010142
-0.010142
-0.010142
-0.010142
-0.010142
-0.010142
-0.010118
-0.010118
-0.010118
-0.010118
-0.010118
-0.010118
-0.010118
-0.010118
-0.010118
-0.010118
-0.010118
-0.010118
-0.010118
-0.010118
-0.010118
-0.010118
-0.010118
-0.010118
-0.010142
-0.010142
-0.010118
-0.010118
-0.010118
-0.010118
-0.010142
-0.010118
-0.010118
-0.010118
-0.010142
-0.010142
-0.010118
-0.010118
-0.010118
-0.010142
-0.010142
-0.010118
-0.010118
-0.010118
-0.010118
-0.010118
-0.010118
-0.010118
-0.010118
-0.010118
-0.010118
-0.010142
-0.010142
-0.010118
-0.010118
-0.010118
-0.010142
-0.010142
-0.010118
-0.010118
-0.010142
-0.010142
-0.010142
-0.010142
-0.010142
-0.010142
-0.010142
-0.010142
-0.010142
-0.010142
-0.010142
-0.010142
-0.010142
-0.010142
-0.010142
-0.010142
-0.010142
-0.010142
-0.010142
-0.010142
-0.010142
-0.010142
