2018
6
28
9
36
41.025
-0.022968
-0.022944
-0.022944
-0.022919
-0.022944
-0.022919
-0.022894
-0.02287
-0.02282
-0.02282
-0.02287
-0.02287
-0.022894
-0.022894
-0.022894
-0.022894
-0.022919
-0.022919
-0.022919
-0.022919
-0.022944
-0.022944
-0.022944
-0.022944
-0.022944
-0.022944
-0.022944
-0.022944
-0.022968
-0.022968
-0.022968
-0.022944
-0.022968
-0.022944
-0.022944
-0.022944
-0.022919
-0.022919
-0.022919
-0.022919
-0.022919
-0.022919
-0.022894
-0.022894
-0.022894
-0.022894
-0.022894
-0.022894
-0.022894
-0.022894
-0.022894
-0.022919
-0.022919
-0.022894
-0.022894
-0.022894
-0.022894
-0.022894
-0.022894
-0.02287
-0.02287
-0.02287
-0.02287
-0.022894
-0.022894
-0.022894
-0.022894
-0.02287
-0.02287
-0.022845
-0.022845
-0.022845
-0.022845
-0.022845
-0.022845
-0.022845
-0.022845
-0.02282
-0.02282
-0.02282
-0.022771
-0.022771
-0.022771
-0.022771
-0.022771
-0.022771
-0.022771
-0.022771
-0.022771
-0.022771
-0.022771
-0.022771
-0.022771
-0.022796
-0.022796
-0.022796
-0.022796
-0.022796
-0.022796
-0.022796
-0.022796
-0.022796
-0.022796
-0.022796
-0.02282
-0.02282
-0.02282
-0.02282
-0.02282
-0.02282
-0.02282
-0.02282
-0.02282
-0.022845
-0.022845
-0.02287
-0.02287
-0.02287
-0.02287
-0.02287
-0.022894
-0.022894
-0.022894
-0.022894
-0.022894
-0.022894
-0.022894
-0.022894
-0.022894
-0.022894
-0.022919
-0.022919
-0.022894
-0.022919
-0.022919
-0.022919
-0.022919
-0.022919
-0.022919
-0.022919
-0.022944
-0.022944
-0.022944
-0.022944
-0.022944
-0.022944
-0.022944
-0.022944
-0.022944
-0.022944
-0.022944
-0.022944
-0.022944
-0.022944
-0.022944
-0.022944
-0.022944
-0.022944
-0.022944
-0.022944
-0.022968
-0.022968
-0.022968
-0.022968
-0.022968
-0.022968
-0.022968
-0.022968
-0.022993
-0.022993
-0.022993
-0.022993
-0.022993
-0.022993
-0.022993
-0.022993
-0.023017
-0.023017
-0.023017
-0.022993
-0.022993
-0.022993
-0.022993
-0.022993
-0.023017
-0.022993
-0.022993
-0.022993
-0.023017
-0.023017
-0.022993
-0.023017
-0.023017
-0.023017
-0.023017
-0.022993
-0.022993
-0.023017
-0.023017
-0.022993
-0.022993
-0.022993
-0.022993
-0.022968
-0.022993
-0.022993
-0.022993
-0.022993
-0.022993
-0.023017
-0.023017
-0.023017
-0.023017
-0.023017
-0.023017
-0.023017
-0.023017
-0.023017
-0.023017
-0.023017
-0.023017
-0.023017
-0.023017
-0.023017
-0.023017
-0.023017
-0.023017
-0.023042
-0.023042
-0.023067
-0.023091
-0.023116
-0.02314
-0.02314
-0.02314
-0.023165
-0.023165
-0.02314
-0.023165
-0.023165
-0.023165
-0.02314
-0.023116
-0.023091
-0.023042
-0.022993
-0.022968
-0.022968
-0.022944
-0.022919
-0.022944
-0.023042
-0.023091
-0.023116
-0.023116
-0.023116
-0.02314
-0.02314
-0.023116
-0.023091
-0.023042
-0.023017
-0.023017
-0.023042
-0.023067
-0.023067
-0.023067
-0.023067
-0.023067
-0.023067
-0.023091
-0.023116
-0.023116
-0.023116
-0.023116
-0.023116
-0.023116
-0.02314
-0.02314
-0.02314
-0.023116
-0.023116
-0.023116
-0.023091
-0.023091
-0.023091
-0.023067
-0.023067
-0.023067
-0.023067
-0.023067
-0.023042
-0.023042
-0.023042
-0.023042
-0.023042
-0.023042
-0.023042
-0.023042
-0.023042
-0.023042
-0.023042
-0.023042
-0.023042
-0.023042
-0.023042
-0.023042
-0.023042
-0.023067
-0.023067
-0.023067
-0.023067
-0.023067
-0.023042
-0.023042
-0.023042
-0.023042
-0.023042
-0.023042
-0.023042
-0.023042
-0.023042
-0.023042
-0.023042
-0.023042
-0.023042
-0.023042
-0.023017
-0.023017
-0.023017
-0.023017
-0.023017
-0.023017
-0.023017
-0.022993
-0.022993
-0.022993
-0.022993
-0.022993
-0.022993
-0.022993
-0.022993
-0.022993
-0.022993
-0.022993
-0.022993
-0.022993
-0.022968
-0.022968
-0.022968
-0.022968
-0.022968
-0.022968
-0.022968
-0.022968
-0.022968
-0.022993
-0.022968
-0.022993
-0.022993
-0.022993
-0.023017
-0.023017
-0.023017
-0.023017
-0.023017
-0.023017
-0.023017
-0.023017
-0.023017
-0.023017
-0.023017
-0.023017
-0.023017
-0.023017
-0.023017
-0.023017
-0.023017
-0.023017
-0.022993
-0.022993
-0.022993
-0.022993
-0.023017
-0.023017
-0.023017
-0.022993
-0.022993
-0.022993
-0.022993
-0.022993
-0.022993
-0.022993
-0.022993
-0.022993
-0.022993
-0.022993
-0.022993
-0.022993
-0.022993
-0.022968
-0.022968
-0.022968
-0.022968
-0.022968
-0.022993
-0.022993
-0.022993
-0.022993
-0.022993
-0.022993
-0.022993
-0.022993
-0.022993
-0.022993
-0.022993
-0.022993
-0.022993
-0.022993
-0.022993
-0.022993
-0.022993
-0.022993
-0.022993
-0.022993
-0.022993
-0.022993
-0.022993
-0.022993
-0.022993
-0.022993
-0.022993
-0.022993
-0.022993
-0.022993
-0.022993
-0.022993
-0.022993
-0.022993
-0.022993
-0.022993
-0.022993
-0.022993
-0.022993
-0.022993
-0.022993
-0.022993
-0.022968
-0.022968
-0.022968
-0.022968
-0.022993
-0.022993
-0.022993
-0.022968
-0.022968
-0.022968
-0.022968
-0.022968
-0.022944
-0.022944
-0.022944
-0.022944
-0.022944
-0.022944
-0.022944
-0.022944
-0.022944
-0.022944
-0.022944
-0.022944
-0.022944
-0.022944
-0.022944
-0.022944
-0.022944
-0.022944
-0.022944
-0.022944
-0.022968
-0.022968
-0.022944
-0.022944
-0.022944
-0.022944
-0.022944
-0.022944
-0.022919
-0.022919
-0.022944
-0.022944
-0.022944
-0.022919
-0.022919
-0.022919
-0.022944
-0.022919
-0.022919
-0.022894
-0.022845
-0.022796
-0.022747
-0.022722
-0.022722
-0.022722
-0.022697
-0.022697
-0.022771
-0.022845
-0.02287
-0.02287
-0.022894
-0.022894
-0.022919
-0.022919
-0.02287
-0.022845
-0.02282
-0.02282
-0.022845
-0.02287
-0.02287
-0.022894
-0.022894
-0.022894
-0.022919
-0.022919
-0.022919
-0.022919
-0.022919
-0.022944
-0.022944
-0.022944
-0.022944
-0.022944
-0.022944
-0.022944
-0.022944
-0.022919
-0.022919
-0.022919
-0.022919
-0.022919
-0.022894
-0.022894
-0.022894
-0.022894
-0.02287
-0.02287
-0.02287
-0.02287
-0.02287
-0.02287
-0.02287
-0.02287
-0.02287
-0.02287
-0.02287
-0.02287
-0.02287
-0.02287
-0.02287
-0.02287
-0.02287
-0.022845
-0.022845
-0.022845
-0.022845
-0.022845
-0.022845
-0.022845
-0.022845
-0.022845
-0.022845
-0.022845
-0.022845
-0.02282
-0.02282
-0.02282
-0.02282
-0.02282
-0.02282
-0.02282
-0.02282
-0.022796
-0.022796
-0.02282
-0.022796
-0.022796
-0.022796
-0.022796
-0.022796
-0.022771
-0.022771
-0.022796
-0.022796
-0.022796
-0.022771
-0.022771
-0.022771
-0.022771
-0.022771
-0.022771
-0.022771
-0.022771
-0.022771
-0.022771
-0.022771
-0.022771
-0.022771
-0.022771
-0.022796
-0.022796
-0.022796
-0.022796
-0.022796
-0.022771
-0.022771
-0.022771
-0.022796
-0.022796
-0.022796
-0.022796
-0.022796
-0.022796
-0.022796
-0.022796
-0.022796
-0.022796
-0.022796
-0.022796
-0.022771
-0.022771
-0.022796
-0.022796
-0.022796
-0.022771
-0.022771
-0.022771
-0.022771
-0.022771
-0.022771
-0.022771
-0.022771
-0.022771
-0.022771
-0.022747
-0.022747
-0.022747
-0.022747
-0.022747
-0.022747
-0.022747
-0.022747
-0.022747
-0.022747
-0.022747
-0.022747
-0.022747
-0.022747
-0.022747
-0.022747
-0.022747
-0.022747
-0.022747
-0.022747
-0.022747
-0.022747
-0.022747
-0.022747
-0.022747
-0.022747
-0.022747
-0.022747
-0.022747
-0.022747
-0.022747
-0.022747
-0.022747
-0.022747
-0.022771
-0.022771
-0.022771
-0.022771
-0.022771
-0.022771
-0.022771
-0.022771
-0.022771
-0.022747
-0.022747
-0.022747
-0.022747
-0.022747
-0.022722
-0.022722
-0.022722
-0.022722
-0.022722
-0.022722
-0.022722
-0.022722
-0.022697
-0.022722
-0.022697
-0.022697
-0.022697
-0.022697
-0.022697
-0.022722
-0.022697
-0.022697
-0.022722
-0.022697
-0.022697
-0.022697
-0.022697
-0.022697
-0.022697
-0.022722
-0.022722
-0.022722
-0.022722
-0.022722
-0.022722
-0.022722
-0.022722
-0.022722
-0.022722
-0.022722
-0.022722
-0.022722
-0.022722
-0.022697
-0.022722
-0.022722
-0.022722
-0.022722
-0.022722
-0.022722
-0.022722
-0.022722
-0.022722
-0.022722
-0.022722
-0.022722
-0.022722
-0.022722
-0.022697
-0.022722
-0.022722
-0.022722
-0.022722
-0.022722
-0.022722
-0.022697
-0.022673
-0.022648
-0.022599
-0.02255
-0.0225
-0.022525
-0.022599
-0.022673
-0.022673
-0.022697
-0.022697
-0.022722
-0.022747
-0.022722
-0.022697
-0.022673
-0.022648
-0.022648
-0.022648
-0.022673
-0.022673
-0.022673
-0.022673
-0.022673
-0.022697
-0.022722
-0.022722
-0.022722
-0.022722
-0.022722
-0.022722
-0.022747
-0.022747
-0.022747
-0.022747
-0.022747
-0.022747
-0.022747
-0.022747
-0.022747
-0.022722
-0.022722
-0.022722
-0.022722
-0.022697
-0.022697
-0.022697
-0.022697
-0.022697
-0.022697
-0.022697
-0.022673
-0.022697
-0.022697
-0.022697
-0.022673
-0.022697
-0.022697
-0.022697
-0.022697
-0.022697
-0.022697
-0.022697
-0.022697
-0.022697
-0.022697
-0.022697
-0.022697
-0.022673
-0.022697
-0.022697
-0.022697
-0.022697
-0.022673
-0.022673
-0.022673
-0.022673
-0.022673
-0.022673
-0.022673
-0.022673
-0.022673
-0.022648
-0.022648
-0.022623
-0.022623
-0.022623
-0.022623
-0.022623
-0.022623
-0.022623
-0.022623
-0.022599
-0.022599
-0.022623
-0.022623
-0.022623
-0.022623
-0.022599
-0.022599
-0.022599
-0.022599
-0.022599
-0.022599
-0.022599
-0.022599
-0.022623
-0.022623
-0.022623
-0.022599
-0.022623
-0.022623
-0.022623
-0.022623
-0.022648
-0.022648
-0.022648
-0.022648
-0.022648
-0.022648
-0.022648
-0.022673
-0.022648
-0.022673
-0.022673
-0.022673
-0.022673
-0.022673
-0.022673
-0.022673
-0.022673
-0.022673
-0.022697
-0.022697
-0.022697
-0.022697
-0.022697
-0.022697
-0.022697
-0.022697
-0.022697
-0.022722
-0.022722
-0.022697
-0.022697
-0.022697
-0.022722
-0.022722
-0.022722
-0.022722
-0.022722
-0.022722
-0.022722
-0.022722
-0.022722
-0.022722
-0.022722
-0.022722
-0.022722
-0.022722
-0.022722
-0.022722
-0.022722
-0.022722
-0.022722
-0.022722
-0.022722
-0.022722
-0.022722
-0.022722
-0.022722
-0.022747
-0.022722
-0.022722
-0.022722
-0.022722
-0.022722
-0.022722
-0.022722
-0.022722
-0.022722
-0.022722
-0.022722
-0.022722
-0.022722
-0.022747
-0.022747
-0.022747
-0.022747
-0.022747
-0.022747
-0.022747
-0.022747
-0.022747
-0.022747
-0.022747
-0.022747
-0.022747
-0.022747
-0.022747
-0.022747
-0.022747
-0.022747
-0.022747
-0.022747
-0.022722
-0.022747
-0.022747
-0.022722
-0.022722
-0.022722
-0.022722
-0.022722
-0.022747
-0.022747
-0.022747
-0.022747
-0.022747
-0.022747
-0.022722
-0.022722
-0.022722
-0.022722
-0.022747
-0.022722
-0.022747
-0.022747
-0.022747
-0.022747
-0.022747
-0.022722
-0.022747
-0.022747
-0.022747
-0.022747
-0.022747
-0.022747
-0.022747
-0.022747
-0.022747
-0.022747
-0.022747
-0.022747
-0.022747
-0.022747
-0.022747
-0.022747
-0.022747
-0.022747
-0.022747
-0.022747
-0.022747
-0.022722
-0.022722
-0.022722
-0.022722
-0.022722
-0.022697
-0.022697
-0.022648
-0.022599
-0.02255
-0.02255
-0.022525
-0.022525
-0.0225
-0.022525
-0.022574
-0.022648
-0.022673
-0.022697
-0.022697
-0.022722
-0.022747
-0.022747
-0.022722
-0.022673
-0.022648
-0.022648
-0.022673
-0.022673
-0.022673
-0.022673
-0.022673
-0.022722
-0.022722
-0.022722
-0.022747
-0.022747
-0.022747
-0.022747
-0.022747
-0.022771
-0.022771
-0.022771
-0.022771
-0.022771
-0.022747
-0.022747
-0.022747
-0.022747
-0.022747
-0.022722
-0.022722
-0.022697
-0.022697
-0.022697
-0.022697
-0.022673
-0.022673
-0.022673
-0.022673
-0.022673
-0.022673
-0.022673
-0.022673
-0.022673
-0.022697
-0.022697
-0.022697
-0.022697
-0.022697
-0.022697
-0.022697
-0.022673
-0.022673
-0.022697
-0.022697
-0.022697
-0.022697
-0.022697
-0.022673
-0.022673
-0.022673
-0.022673
-0.022673
-0.022697
-0.022673
-0.022673
-0.022673
-0.022648
-0.022673
-0.022673
-0.022648
-0.022648
-0.022648
-0.022623
-0.022648
-0.022648
-0.022623
-0.022623
-0.022623
-0.022623
-0.022623
-0.022623
-0.022623
-0.022599
-0.022599
-0.022623
-0.022623
-0.022623
-0.022623
-0.022623
-0.022623
-0.022623
-0.022648
-0.022623
-0.022623
-0.022648
-0.022648
-0.022648
-0.022648
-0.022648
-0.022648
-0.022648
-0.022648
-0.022648
-0.022648
-0.022648
-0.022648
-0.022648
-0.022648
-0.022648
-0.022648
-0.022673
-0.022673
-0.022673
-0.022648
-0.022673
-0.022673
-0.022673
-0.022673
-0.022673
-0.022673
-0.022673
-0.022673
-0.022673
-0.022673
-0.022673
-0.022673
-0.022673
-0.022673
-0.022673
-0.022673
-0.022673
-0.022673
-0.022673
-0.022673
-0.022673
-0.022673
-0.022673
-0.022673
-0.022673
-0.022673
-0.022648
-0.022648
-0.022673
-0.022648
-0.022648
-0.022648
-0.022648
-0.022648
-0.022648
-0.022648
-0.022648
-0.022648
-0.022648
-0.022648
-0.022648
-0.022648
-0.022648
-0.022648
-0.022623
-0.022623
-0.022623
-0.022623
-0.022648
-0.022623
-0.022623
-0.022623
-0.022623
-0.022648
-0.022648
-0.022648
-0.022648
-0.022648
-0.022648
-0.022648
-0.022648
-0.022648
-0.022623
-0.022623
-0.022623
-0.022648
-0.022648
-0.022648
-0.022648
-0.022648
-0.022648
-0.022623
-0.022623
-0.022623
-0.022623
-0.022623
-0.022623
-0.022623
-0.022623
-0.022623
-0.022623
-0.022623
-0.022623
-0.022623
-0.022623
-0.022623
-0.022648
-0.022648
-0.022623
-0.022623
-0.022623
-0.022623
-0.022623
-0.022623
-0.022623
-0.022623
-0.022623
-0.022648
-0.022648
-0.022648
-0.022648
-0.022648
-0.022648
-0.022648
-0.022648
-0.022648
-0.022648
-0.022648
-0.022648
-0.022648
-0.022648
-0.022648
-0.022648
-0.022648
-0.022648
-0.022648
-0.022648
-0.022648
-0.022648
-0.022648
-0.022648
-0.022648
-0.022623
-0.022623
-0.022648
-0.022648
-0.022648
-0.022648
-0.022648
-0.022648
-0.022623
-0.022623
-0.022574
-0.02255
-0.0225
-0.022451
-0.022377
-0.022402
-0.0225
-0.02255
-0.02255
-0.022574
-0.022599
-0.022623
-0.022623
-0.022599
-0.022574
-0.02255
-0.022525
-0.02255
-0.02255
-0.02255
-0.02255
-0.022574
-0.022574
-0.022599
-0.022599
-0.022599
-0.022623
-0.022623
-0.022623
-0.022623
-0.022623
-0.022648
-0.022648
-0.022623
-0.022623
-0.022623
-0.022623
-0.022623
-0.022623
-0.022623
-0.022599
-0.022599
-0.022599
-0.022599
-0.022599
-0.022599
-0.022574
-0.022574
-0.022574
-0.022574
-0.022574
-0.022574
-0.022574
-0.022574
-0.022574
-0.022574
-0.022574
-0.022574
-0.022574
-0.022574
-0.022574
-0.022574
-0.02255
-0.02255
-0.02255
-0.02255
-0.02255
-0.02255
-0.02255
-0.02255
-0.02255
-0.02255
-0.02255
-0.02255
-0.02255
-0.02255
-0.022525
-0.022525
-0.022525
-0.022525
-0.022525
-0.022525
-0.022525
-0.022525
-0.022525
-0.022525
-0.022525
-0.0225
-0.0225
-0.0225
-0.0225
-0.0225
-0.0225
-0.0225
-0.0225
-0.0225
-0.0225
-0.0225
-0.0225
-0.0225
-0.0225
-0.0225
-0.0225
-0.0225
-0.0225
-0.0225
-0.0225
-0.0225
-0.0225
-0.0225
-0.0225
-0.0225
-0.0225
-0.0225
-0.0225
-0.0225
-0.022525
-0.0225
-0.0225
-0.0225
-0.022525
-0.022525
-0.022525
-0.022525
-0.0225
-0.022525
-0.022525
-0.022525
-0.022525
-0.022525
-0.022525
-0.022525
-0.0225
-0.022525
-0.022525
-0.022525
-0.022525
-0.0225
-0.0225
-0.0225
-0.0225
-0.0225
-0.0225
-0.0225
-0.022476
-0.022476
-0.0225
-0.0225
-0.0225
-0.0225
-0.0225
-0.0225
-0.0225
-0.022476
-0.022476
-0.022476
-0.022476
-0.022476
-0.022476
-0.022476
-0.022476
-0.022476
-0.022476
-0.022476
-0.022476
-0.022476
-0.022476
-0.022476
-0.022476
-0.022476
-0.022476
-0.022476
-0.022476
-0.022476
-0.022476
-0.022476
-0.022476
-0.022476
-0.022476
-0.022476
-0.022476
-0.022476
-0.022476
-0.022476
-0.022476
-0.022476
-0.022476
-0.022476
-0.022476
-0.022476
-0.022476
-0.022476
-0.022476
-0.022476
-0.022476
-0.022476
-0.022476
-0.022476
-0.022476
-0.022451
-0.022451
-0.022451
-0.022451
-0.022451
-0.022451
-0.022451
-0.022451
-0.022451
-0.022451
-0.022451
-0.022451
-0.022427
-0.022427
-0.022427
-0.022451
-0.022451
-0.022451
-0.022451
-0.022451
-0.022427
-0.022427
-0.022427
-0.022427
-0.022427
-0.022427
-0.022451
-0.022451
-0.022451
-0.022451
-0.022451
-0.022451
-0.022451
-0.022451
-0.022451
-0.022451
-0.022451
-0.022451
-0.022451
-0.022451
-0.022451
-0.022451
-0.022451
-0.022451
-0.022451
-0.022451
-0.022451
-0.022451
-0.022451
-0.022451
-0.022451
-0.022451
-0.022451
-0.022451
-0.022451
-0.022451
-0.022451
-0.022451
-0.022451
-0.022451
-0.022427
-0.022402
-0.022377
-0.022328
-0.022279
-0.022254
-0.022254
-0.02223
-0.022205
-0.02223
-0.022303
-0.022377
-0.022377
-0.022402
-0.022402
-0.022427
-0.022427
-0.022427
-0.022402
-0.022377
-0.022353
-0.022353
-0.022353
-0.022377
-0.022377
-0.022402
-0.022427
-0.022427
-0.022427
-0.022427
-0.022451
-0.022451
-0.022451
-0.022451
-0.022451
-0.022451
-0.022476
-0.022451
-0.022451
-0.022451
-0.022451
-0.022451
-0.022451
-0.022451
-0.022451
-0.022451
-0.022451
-0.022427
-0.022427
-0.022427
-0.022427
-0.022427
-0.022427
-0.022427
-0.022427
-0.022427
-0.022427
-0.022427
-0.022427
-0.022427
-0.022427
-0.022427
-0.022427
-0.022427
-0.022427
-0.022427
-0.022427
-0.022427
-0.022427
-0.022427
-0.022427
-0.022402
-0.022402
-0.022402
-0.022427
-0.022402
-0.022402
-0.022402
-0.022427
-0.022427
-0.022402
-0.022402
-0.022402
-0.022402
-0.022402
-0.022402
-0.022402
-0.022402
-0.022402
-0.022402
-0.022377
-0.022377
-0.022377
-0.022377
-0.022377
-0.022377
-0.022377
-0.022377
-0.022377
-0.022377
-0.022377
-0.022377
-0.022377
-0.022377
-0.022377
-0.022377
-0.022377
-0.022377
-0.022353
-0.022353
-0.022353
-0.022377
-0.022377
-0.022377
-0.022377
-0.022377
-0.022377
-0.022377
-0.022377
-0.022377
-0.022377
-0.022377
-0.022377
-0.022377
-0.022377
-0.022377
-0.022377
-0.022402
-0.022402
-0.022402
-0.022402
-0.022402
-0.022402
-0.022402
-0.022402
-0.022402
-0.022402
-0.022377
-0.022402
-0.022402
-0.022402
-0.022402
-0.022402
-0.022377
-0.022402
-0.022402
-0.022402
-0.022377
-0.022377
-0.022402
-0.022402
-0.022402
-0.022402
-0.022402
-0.022377
-0.022377
-0.022377
-0.022402
-0.022377
-0.022377
-0.022377
-0.022402
-0.022402
-0.022377
-0.022377
-0.022377
-0.022377
-0.022377
-0.022377
-0.022377
-0.022377
-0.022377
-0.022377
-0.022377
-0.022377
-0.022377
-0.022377
-0.022377
-0.022377
-0.022377
-0.022377
-0.022377
-0.022377
-0.022377
-0.022377
-0.022377
-0.022377
-0.022377
-0.022377
-0.022377
-0.022377
-0.022377
-0.022377
-0.022377
-0.022377
-0.022377
-0.022377
-0.022377
-0.022377
-0.022377
-0.022353
-0.022353
-0.022353
-0.022353
-0.022353
-0.022353
-0.022353
-0.022353
-0.022377
-0.022377
-0.022377
-0.022377
-0.022377
-0.022353
-0.022353
-0.022353
-0.022353
-0.022353
-0.022353
-0.022353
-0.022353
-0.022353
-0.022353
-0.022353
-0.022353
-0.022353
-0.022353
-0.022328
-0.022328
-0.022353
-0.022353
-0.022353
-0.022353
-0.022353
-0.022353
-0.022328
-0.022328
-0.022328
-0.022353
-0.022353
-0.022353
-0.022353
-0.022328
-0.022353
-0.022353
-0.022353
-0.022353
-0.022328
-0.022328
-0.022328
-0.022328
-0.022328
-0.022328
-0.022328
-0.022328
-0.022328
-0.022328
-0.022328
-0.022328
-0.022328
-0.022328
-0.022328
-0.022328
-0.022328
-0.022328
-0.022156
-0.022131
-0.022107
-0.022107
-0.022057
-0.022057
-0.022107
-0.022205
-0.02223
-0.022254
-0.022279
-0.022279
-0.022303
-0.022303
-0.022279
-0.022254
-0.022205
-0.022205
-0.022205
-0.02223
-0.02223
-0.02223
-0.02223
-0.022254
-0.022254
-0.022279
-0.022279
-0.022303
-0.022303
-0.022303
-0.022303
-0.022303
-0.022303
-0.022303
-0.022303
-0.022303
-0.022303
-0.022303
-0.022303
-0.022303
-0.022279
-0.022279
-0.022279
-0.022279
-0.022279
-0.022279
-0.022279
-0.022279
-0.022279
-0.022279
-0.022279
-0.022254
-0.022254
-0.022254
-0.022254
-0.022279
-0.022279
-0.022279
-0.022279
-0.022279
-0.022279
-0.022279
-0.022279
-0.022279
-0.022279
-0.022279
-0.022279
-0.022279
-0.022279
-0.022279
-0.022279
-0.022279
-0.022279
-0.022254
-0.022254
-0.022254
-0.022254
-0.022254
-0.022254
-0.022254
-0.022254
-0.022254
-0.022254
-0.02223
-0.02223
-0.02223
-0.02223
-0.02223
-0.02223
-0.02223
-0.02223
-0.02223
-0.02223
-0.02223
-0.02223
-0.02223
-0.02223
-0.022205
-0.022205
-0.022205
-0.022205
-0.022205
-0.022205
-0.022205
-0.022205
-0.022205
-0.022205
-0.022205
-0.022205
-0.022205
-0.022205
-0.022205
-0.02223
-0.02223
-0.02223
-0.022205
-0.022205
-0.022205
-0.022205
-0.022205
-0.02223
-0.02223
-0.02223
-0.02223
-0.02223
-0.02223
-0.02223
-0.02223
-0.02223
-0.02223
-0.02223
-0.02223
-0.02223
-0.02223
-0.02223
-0.02223
-0.02223
-0.02223
-0.02223
-0.02223
-0.02223
-0.02223
-0.022254
-0.02223
-0.02223
-0.02223
-0.02223
-0.022254
-0.02223
-0.02223
-0.02223
-0.02223
-0.02223
-0.02223
-0.02223
-0.02223
-0.02223
-0.02223
-0.02223
-0.02223
-0.022254
-0.02223
-0.02223
-0.02223
-0.022254
-0.022254
-0.022254
-0.022254
-0.022254
-0.022254
-0.022254
-0.022254
-0.022254
-0.022254
-0.022254
-0.022254
-0.022254
-0.022254
-0.022254
-0.022254
-0.022254
-0.022254
-0.022254
-0.022254
-0.022254
-0.022254
-0.022254
-0.022254
-0.022254
-0.022254
-0.022254
-0.022254
-0.022254
-0.022254
-0.022254
-0.022254
-0.022254
-0.02223
-0.02223
-0.022254
-0.022254
-0.022254
-0.022254
-0.022254
-0.022254
-0.022254
-0.022254
-0.022254
-0.022254
-0.022254
-0.022254
-0.022254
-0.022254
-0.022254
-0.022254
-0.022254
-0.022254
-0.022254
-0.02223
-0.022254
-0.022254
-0.02223
-0.02223
-0.02223
-0.02223
-0.022254
-0.022254
-0.022254
-0.02223
-0.022254
-0.022254
-0.022254
-0.022254
-0.022254
-0.022254
-0.022254
-0.022254
-0.022254
-0.022254
-0.022254
-0.022254
-0.022254
-0.022254
-0.022254
-0.022254
-0.022254
-0.022254
-0.022254
-0.022254
-0.022254
-0.022254
-0.022254
-0.022254
-0.022254
-0.022254
-0.022254
-0.02223
-0.02223
-0.022205
-0.022156
-0.022107
-0.022082
-0.022057
-0.022033
-0.022008
-0.022008
-0.022033
-0.022107
-0.022156
-0.02218
-0.022205
-0.02223
-0.02223
-0.02223
-0.02223
-0.022205
-0.02218
-0.022156
-0.022156
-0.02218
-0.02218
-0.022205
-0.022205
-0.02223
-0.02223
-0.02223
-0.02223
-0.02223
-0.02223
-0.02223
-0.02223
-0.022254
-0.022254
-0.022254
-0.022254
-0.022254
-0.022254
-0.022254
-0.022254
-0.02223
-0.02223
-0.02223
-0.02223
-0.02223
-0.02223
-0.022205
-0.022205
-0.022205
-0.022205
-0.022205
-0.022205
-0.022205
-0.022205
-0.022205
-0.022205
-0.022205
-0.02218
-0.022205
-0.022205
-0.022205
-0.022205
-0.022205
-0.022205
-0.022205
-0.022205
-0.022205
-0.022205
-0.02218
-0.022205
-0.022205
-0.02218
-0.02218
-0.02218
-0.02218
-0.02218
-0.02218
-0.02218
-0.022156
-0.022156
-0.022156
-0.022156
-0.022156
-0.022156
-0.022156
-0.022156
-0.022156
-0.022156
-0.022156
-0.022156
-0.022156
-0.022156
-0.022156
-0.02218
-0.022205
-0.022254
-0.022279
-0.022303
-0.022328
-0.022353
-0.022377
-0.022648
-0.022747
-0.022845
-0.022919
-0.022993
-0.023067
-0.023116
-0.023165
-0.023214
-0.023264
-0.023288
-0.023337
-0.023362
-0.023411
-0.023436
-0.02346
-0.02351
-0.023534
-0.023584
-0.023608
-0.023657
-0.023707
-0.023756
-0.023781
-0.02383
-0.023854
-0.023904
-0.023928
-0.023977
-0.024002
-0.024027
-0.024051
-0.024076
-0.024101
-0.024125
-0.02415
-0.02415
-0.024174
-0.024199
-0.024199
-0.024248
-0.024273
-0.024273
-0.024273
-0.024297
-0.024297
-0.024297
-0.024297
-0.024297
-0.024297
-0.024297
-0.024297
-0.024297
-0.024322
-0.024322
-0.024297
-0.024297
-0.024297
-0.024322
-0.024322
-0.024322
-0.024322
-0.024347
-0.024347
-0.024347
-0.024347
-0.024347
-0.024347
-0.024371
-0.024371
-0.024371
-0.024396
-0.024421
-0.024445
-0.02447
-0.02447
-0.02447
-0.024494
-0.024494
-0.024494
-0.024519
-0.024544
-0.024544
-0.024544
-0.024544
-0.024544
-0.024544
-0.024544
-0.024544
-0.024568
-0.024568
-0.024568
-0.024544
-0.024568
-0.024568
-0.024568
-0.024568
-0.024544
-0.024544
-0.024568
-0.024568
-0.024568
-0.024568
-0.024568
-0.024568
-0.024568
-0.024568
-0.024568
-0.024568
-0.024568
-0.024568
-0.024568
-0.024568
-0.024568
-0.024568
-0.024568
-0.024568
-0.024568
-0.024568
-0.024568
-0.024544
-0.024544
-0.024544
-0.024544
-0.024544
-0.024544
-0.024544
-0.024544
-0.024544
-0.024544
-0.024544
-0.024544
-0.024519
-0.024544
-0.024544
-0.024544
-0.024544
-0.024544
-0.024544
-0.024544
-0.024544
-0.024544
-0.024544
-0.024568
-0.024544
-0.024544
-0.024544
-0.024544
-0.024544
-0.024544
-0.024519
-0.024519
-0.024519
-0.024494
-0.02447
-0.024396
-0.024347
-0.024322
-0.024322
-0.024297
-0.024396
-0.024445
-0.024445
-0.02447
-0.024494
-0.024519
-0.024494
-0.02447
-0.024445
-0.024396
-0.024396
-0.024421
-0.024421
-0.024421
-0.024421
-0.024421
-0.024445
-0.024445
-0.02447
-0.02447
-0.024494
-0.024494
-0.024494
-0.024519
-0.024519
-0.024544
-0.024544
-0.024544
-0.024544
-0.024544
-0.024568
-0.024568
-0.024568
-0.024568
-0.024568
-0.024568
-0.024568
-0.024568
-0.024544
-0.024544
-0.024519
-0.024544
-0.024544
-0.024544
-0.024519
-0.024519
-0.024544
-0.024544
-0.024544
-0.024544
-0.024544
-0.024544
-0.024544
-0.024544
-0.024544
-0.024544
-0.024544
-0.024544
-0.024544
-0.024544
-0.024519
-0.024519
-0.024519
-0.024519
-0.024519
-0.024519
-0.024519
-0.024519
-0.024519
-0.024494
-0.024494
-0.024519
-0.024519
-0.024494
-0.024494
-0.024494
-0.024494
-0.024494
-0.02447
-0.02447
-0.024445
-0.024445
-0.024445
-0.024445
-0.024445
-0.024445
-0.024445
-0.024421
-0.024421
-0.024421
-0.024421
-0.024421
-0.024421
-0.024421
-0.024421
-0.024421
-0.024421
-0.024396
-0.024396
-0.024396
-0.024396
-0.024396
-0.024396
-0.024396
-0.024396
-0.024396
-0.024396
-0.024396
-0.024396
-0.024396
-0.024396
-0.024396
-0.024396
-0.024396
-0.024396
-0.024396
-0.024396
-0.024396
-0.024396
-0.024396
-0.024371
-0.024371
-0.024371
-0.024371
-0.024371
-0.024371
-0.024371
-0.024371
-0.024347
-0.024347
-0.024347
-0.024347
-0.024347
-0.024347
-0.024347
-0.024347
-0.024347
-0.024347
-0.024347
-0.024347
-0.024347
-0.024347
-0.024322
-0.024322
-0.024322
-0.024322
-0.024322
-0.024297
-0.024297
-0.024297
-0.024297
-0.024297
-0.024273
-0.024273
-0.024273
-0.024273
-0.024273
-0.024273
-0.024273
-0.024273
-0.024273
-0.024248
-0.024248
-0.024273
-0.024248
-0.024248
-0.024248
-0.024248
-0.024248
-0.024248
-0.024248
-0.024248
-0.024248
-0.024248
-0.024248
-0.024248
-0.024248
-0.024248
-0.024224
-0.024248
-0.024224
-0.024224
-0.024224
-0.024224
-0.024224
-0.024199
-0.024199
-0.024199
-0.024199
-0.024199
-0.024174
-0.024174
-0.024174
-0.024174
-0.024174
-0.024174
-0.024174
-0.024174
-0.024174
-0.024174
