2018
6
28
9
47
13.187
0.024716
0.024642
0.024642
0.024691
0.024765
0.024716
0.024642
0.024618
0.024691
0.024741
0.024716
0.024618
0.024593
0.024667
0.024741
0.024691
0.024593
0.024568
0.024642
0.024716
0.024667
0.024593
0.024568
0.024642
0.024691
0.024667
0.024593
0.024568
0.024642
0.024691
0.024667
0.024568
0.024544
0.024618
0.024691
0.024642
0.024568
0.024544
0.024618
0.024667
0.024593
0.024667
0.024618
0.024519
0.024494
0.024568
0.024642
0.024618
0.024519
0.024494
0.024568
0.024618
0.024593
0.024519
0.024494
0.024544
0.024618
0.024593
0.024519
0.024494
0.024544
0.024618
0.024593
0.024519
0.02447
0.024544
0.024618
0.024593
0.024519
0.02447
0.024544
0.024593
0.024568
0.024494
0.024445
0.024519
0.024593
0.024568
0.02447
0.024445
0.02447
0.024421
0.024494
0.024568
0.024544
0.02447
0.024421
0.024494
0.024568
0.024544
0.02447
0.024421
0.02447
0.024544
0.024544
0.024445
0.024421
0.02447
0.024544
0.024519
0.024421
0.024396
0.024445
0.024519
0.024519
0.024421
0.024371
0.024445
0.024519
0.024494
0.024421
0.024371
0.024445
0.024519
0.024519
0.024421
0.024396
0.024445
0.024519
0.024519
0.024494
0.024494
0.024421
0.024371
0.024421
0.024494
0.024494
0.024396
0.024347
0.024396
0.02447
0.02447
0.024371
0.024322
0.024371
0.024445
0.024445
0.024371
0.024322
0.024371
0.024445
0.024445
0.024371
0.024322
0.024371
0.024445
0.024445
0.024371
0.024322
0.024371
0.02447
0.024494
0.024421
0.024371
0.024421
0.024519
0.024494
0.024421
0.024347
0.024347
0.024174
0.024199
0.024297
0.024297
0.024224
0.024174
0.024199
0.024273
0.024273
0.024199
0.024125
0.024174
0.024273
0.024273
0.024224
0.024199
0.024248
0.024347
0.024371
0.024297
0.024248
0.024297
0.024371
0.024396
0.024297
0.024248
0.024297
0.024371
0.024396
0.024297
0.024248
0.024273
0.024371
0.024371
0.024297
0.024224
0.024273
0.024371
0.024371
0.024297
0.024371
0.024297
0.024224
0.024273
0.024347
0.024371
0.024297
0.024248
0.024273
0.024347
0.024371
0.024297
0.024224
0.024248
0.024347
0.024371
0.024273
0.024224
0.024248
0.024322
0.024347
0.024273
0.024224
0.024248
0.024322
0.024347
0.024273
0.024199
0.024248
0.024322
0.024347
0.024273
0.024199
0.024224
0.024322
0.024347
0.024273
0.024199
0.024224
0.024322
0.024224
0.024322
0.024347
0.024273
0.024199
0.024224
0.024297
0.024347
0.024273
0.024199
0.024224
0.024297
0.024347
0.024273
0.024199
0.024199
0.024297
0.024322
0.024248
0.024174
0.024174
0.024273
0.024297
0.024248
0.02415
0.024174
0.024273
0.024297
0.024224
0.02415
0.024174
0.024273
0.024297
0.024248
0.02415
0.024174
0.024273
0.024297
0.024248
0.02415
0.024224
0.02415
0.02415
0.024248
0.024297
0.024248
0.02415
0.024174
0.024248
0.024297
0.024224
0.02415
0.02415
0.024248
0.024273
0.024224
0.02415
0.02415
0.024224
0.024273
0.024224
0.02415
0.02415
0.024248
0.024297
0.024224
0.02415
0.02415
0.024248
0.024297
0.024224
0.02415
0.02415
0.024224
0.024297
0.024224
0.02415
0.02415
0.024224
0.024297
0.024297
0.024224
0.02415
0.02415
0.024224
0.024273
0.024224
0.024125
0.024125
0.024199
0.024273
0.024224
0.024125
0.024125
0.024224
0.024273
0.024224
0.024125
0.024125
0.024199
0.024248
0.024199
0.024125
0.024101
0.024199
0.024248
0.024199
0.024101
0.024101
0.024174
0.024248
0.024199
0.024101
0.024101
0.024174
0.024248
0.024199
0.024101
0.024101
0.024174
0.024076
0.024174
0.024248
0.024199
0.024125
0.024101
0.024199
0.024248
0.024224
0.024125
0.024125
0.024199
0.024248
0.024224
0.024125
0.024101
0.024174
0.024224
0.024199
0.024101
0.024076
0.02415
0.024224
0.024174
0.024076
0.024076
0.02415
0.024199
0.024174
0.024101
0.024076
0.02415
0.024199
0.024174
0.024101
0.024076
0.02415
0.024199
0.024174
0.024101
0.024174
0.024076
0.024051
0.02415
0.024224
0.024224
0.02415
0.024125
0.024199
0.024273
0.024224
0.024125
0.024101
0.024125
0.024174
0.024101
0.023977
0.023928
0.024002
0.024076
0.024051
0.023977
0.023953
0.024002
0.024076
0.024051
0.023953
0.023904
0.023977
0.024076
0.024076
0.024002
0.024002
0.024101
0.024174
0.024174
0.024076
0.024051
0.024125
0.024199
0.024125
0.024199
0.024174
0.024101
0.024051
0.024125
0.024199
0.024174
0.024101
0.024051
0.024125
0.024199
0.024174
0.024101
0.024051
0.024101
0.024174
0.024174
0.024076
0.024051
0.024101
0.024174
0.024174
0.024076
0.024051
0.024125
0.024199
0.024174
0.024101
0.024051
0.024101
0.024174
0.024174
0.024101
0.024051
0.024101
0.024199
0.024174
0.024101
0.024051
0.024101
0.024051
0.024101
0.024199
0.024174
0.024101
0.024051
0.024101
0.024199
0.024174
0.024101
0.024051
0.024101
0.024199
0.024199
0.024101
0.024051
0.024101
0.024174
0.024174
0.024101
0.024051
0.024101
0.024174
0.024199
0.024101
0.024051
0.024101
0.024174
0.024174
0.024101
0.024027
0.024076
0.024174
0.024174
0.024076
0.024027
0.024076
0.02415
0.02415
0.02415
0.02415
0.024076
0.024027
0.024076
0.02415
0.02415
0.024076
0.024027
0.024076
0.02415
0.02415
0.024076
0.024002
0.024051
0.02415
0.02415
0.024076
0.024002
0.024051
0.024125
0.02415
0.024051
0.024002
0.024051
0.024125
0.02415
0.024076
0.024002
0.024051
0.024125
0.02415
0.024076
0.024002
0.024051
0.024125
0.02415
0.024076
0.024002
0.024051
0.024002
0.024027
0.024125
0.02415
0.024076
0.024002
0.024027
0.024125
0.02415
0.024076
0.024002
0.024051
0.024125
0.02415
0.024076
0.024002
0.024051
0.024125
0.02415
0.024076
0.024002
0.024051
0.024125
0.02415
0.024076
0.024002
0.024027
0.024125
0.02415
0.024076
0.024002
0.024051
0.024125
0.02415
0.024101
0.024027
0.024051
0.024125
0.02415
0.024076
0.02415
0.024076
0.024002
0.024027
0.024125
0.02415
0.024076
0.024002
0.024027
0.024125
0.02415
0.024101
0.024027
0.024027
0.024125
0.02415
0.024076
0.024002
0.024027
0.024125
0.02415
0.024076
0.024002
0.024027
0.024101
0.02415
0.024101
0.024027
0.024051
0.024125
0.024174
0.024101
0.024027
0.024051
0.024125
0.024174
0.024101
0.024027
0.024051
0.024125
0.024027
0.024125
0.02415
0.024076
0.024002
0.024027
0.024101
0.02415
0.024076
0.024002
0.024027
0.024101
0.024125
0.024076
0.024002
0.024002
0.024076
0.024125
0.024076
0.024002
0.024002
0.024101
0.02415
0.024101
0.024027
0.024051
0.024174
0.024224
0.02415
0.024076
0.024051
0.024125
0.024125
0.024051
0.023928
0.023904
0.023953
0.024002
0.023953
0.023879
0.023953
0.023854
0.023854
0.023928
0.023977
0.023953
0.023879
0.023904
0.024027
0.024101
0.024051
0.023977
0.023977
0.024076
0.024125
0.024076
0.024002
0.024002
0.024101
0.02415
0.024101
0.024002
0.024002
0.024076
0.02415
0.024101
0.024002
0.024002
0.024076
0.02415
0.024101
0.024002
0.024002
0.024076
0.024125
0.024076
0.024002
0.024002
0.024076
0.02415
0.024076
0.02415
0.024101
0.024027
0.024002
0.024076
0.024125
0.024101
0.024027
0.024002
0.024076
0.024125
0.024076
0.024002
0.023977
0.024051
0.024125
0.024076
0.024002
0.024002
0.024076
0.02415
0.024101
0.024027
0.024027
0.024101
0.02415
0.024101
0.024027
0.024027
0.024101
0.02415
0.024125
0.024027
0.024002
0.024076
0.02415
0.024101
0.024027
0.024002
0.024027
0.024002
0.024076
0.024125
0.024101
0.024002
0.023977
0.024051
0.024125
0.024101
0.024027
0.024002
0.024051
0.024125
0.024101
0.024002
0.023977
0.024051
0.024125
0.024101
0.024002
0.023977
0.024051
0.024125
0.024101
0.024002
0.023977
0.024051
0.024125
0.024101
0.024002
0.023977
0.024051
0.024125
0.024101
0.024002
0.023977
0.024051
0.024125
0.024101
0.024101
0.024076
0.024002
0.023977
0.024027
0.024101
0.024076
0.023977
0.023953
0.024027
0.024076
0.024076
0.023977
0.023953
0.024027
0.024101
0.024076
0.024002
0.023977
0.024027
0.024101
0.024076
0.024002
0.023977
0.024027
0.024101
0.024101
0.024002
0.023977
0.024051
0.024125
0.024101
0.024002
0.023977
0.024027
0.024101
0.024101
0.024002
0.023953
0.024027
0.023953
0.024027
0.024101
0.024101
0.024002
0.023977
0.024027
0.024101
0.024101
0.024027
0.023977
0.024051
0.024125
0.024101
0.024027
0.023977
0.024027
0.024101
0.024101
0.024002
0.023953
0.024027
0.024101
0.024076
0.024002
0.023953
0.024027
0.024101
0.024101
0.024002
0.023953
0.024027
0.024101
0.024101
0.024002
0.023953
0.024002
0.024101
0.024101
0.024027
0.024027
0.023977
0.024027
0.024101
0.024101
0.024027
0.023977
0.024002
0.024101
0.024101
0.024027
0.023953
0.024002
0.024076
0.024076
0.024002
0.023953
0.024002
0.024101
0.024101
0.024002
0.023953
0.024002
0.024076
0.024076
0.024002
0.023953
0.024002
0.024076
0.024076
0.024002
0.023953
0.024002
0.024076
0.024076
0.024002
0.023953
0.024002
0.024101
0.024101
0.024101
0.024125
0.024051
0.024002
0.024076
0.02415
0.024174
0.024076
0.024027
0.024051
0.024101
0.024076
0.023977
0.023879
0.023879
0.023953
0.023977
0.023904
0.02383
0.023879
0.023953
0.023953
0.023879
0.02383
0.023854
0.023928
0.023953
0.023904
0.023879
0.023928
0.024027
0.024076
0.024002
0.023953
0.023977
0.024076
0.024076
0.024027
0.023953
0.023977
0.023953
0.023977
0.024076
0.024101
0.024027
0.023953
0.024002
0.024076
0.024101
0.024027
0.023953
0.024002
0.024076
0.024101
0.024027
0.023953
0.024002
0.024076
0.024101
0.024051
0.023977
0.024002
0.024076
0.024101
0.024027
0.023977
0.024002
0.024076
0.024101
0.024051
0.023977
0.024002
0.024076
0.024101
0.024051
0.023977
0.024002
0.024076
0.024125
0.024051
0.024125
0.024076
0.023977
0.024002
0.024101
0.024125
0.024051
0.023977
0.024002
0.024076
0.024125
0.024051
0.024002
0.024002
0.024101
0.024125
0.024076
0.024002
0.024002
0.024101
0.024125
0.024076
0.023977
0.024002
0.024076
0.024125
0.024051
0.023977
0.024002
0.024076
0.024101
0.024051
0.023977
0.023977
0.024076
0.024101
0.024051
0.023977
0.023977
0.024076
0.023977
0.024076
0.024125
0.024051
0.023977
0.023977
0.024076
0.024101
0.024051
0.023977
0.023977
0.024076
0.024125
0.024051
0.023977
0.023977
0.024076
0.024101
0.024051
0.023977
0.023977
0.024051
0.024101
0.024051
0.023953
0.023977
0.024051
0.024101
0.024027
0.023953
0.023977
0.024051
0.024101
0.024051
0.023977
0.023977
0.024051
0.024101
0.024051
0.023977
0.023953
0.023953
0.024027
0.024076
0.024027
0.023953
0.023953
0.024027
0.024076
0.024027
0.023953
0.023953
0.024027
0.024076
0.024027
0.023953
0.023953
0.024027
0.024076
0.024027
0.023953
0.023928
0.024027
0.024076
0.024027
0.023953
0.023953
0.024027
0.024076
0.024051
0.023953
0.023953
0.024027
0.024076
0.024051
0.023953
0.023953
0.024027
0.024076
0.024051
0.024076
0.024051
0.023953
0.023953
0.024027
0.024076
0.024027
0.023953
0.023928
0.024027
0.024076
0.024027
0.023953
0.023953
0.024002
0.024076
0.024051
0.023953
0.023953
0.024027
0.024076
0.024051
0.023977
0.023953
0.024027
0.024101
0.024076
0.023977
0.023953
0.024027
0.024101
0.024076
0.023977
0.023953
0.024027
0.024076
0.024051
0.023953
0.023928
0.024002
0.023928
0.024002
0.024076
0.024051
0.023953
0.023928
0.024002
0.024076
0.024051
0.023977
0.023953
0.024002
0.024076
0.024051
0.023953
0.023928
0.024002
0.024076
0.024051
0.023953
0.023928
0.024027
0.024101
0.024101
0.024027
0.024002
0.024051
0.024125
0.024101
0.024002
0.023928
0.023977
0.024002
0.023953
0.023854
0.023805
0.023854
0.023928
0.023928
0.023854
0.023904
0.02383
0.023781
0.023854
0.023953
0.023953
0.023879
0.023879
0.023953
0.024027
0.024027
0.023928
0.023904
0.023977
0.024051
0.024027
0.023953
0.023904
0.023953
0.024051
0.024027
0.023953
0.023904
0.023953
0.024027
0.024027
0.023953
0.023904
0.023953
0.024027
0.024027
0.023953
0.023904
0.023953
0.024051
0.024051
0.023977
0.023928
0.023977
0.024051
0.023977
0.024051
0.024051
0.023977
0.023928
0.023977
0.024051
0.024051
0.023977
0.023928
0.023977
0.024051
0.024051
0.023977
0.023928
0.023977
0.024051
0.024051
0.023977
0.023928
0.023977
0.024051
0.024051
0.023977
0.023928
0.023977
0.024051
0.024051
0.023977
0.023928
0.023977
0.024051
0.024051
0.023977
0.023928
0.023977
0.024051
0.024051
0.023977
0.023928
0.023977
0.023928
0.023977
0.024051
0.024051
0.023977
0.023928
0.023977
0.024051
0.024051
0.023977
0.023904
0.023953
0.024027
0.024051
0.023977
0.023904
0.023953
0.024027
0.024027
0.023977
0.023904
0.023953
0.024027
0.024027
0.023953
0.023904
0.023928
0.024002
0.024027
0.023953
0.023879
0.023928
0.024002
0.024027
0.023953
0.023879
0.023904
0.024002
0.024027
0.024002
0.024002
0.023928
0.023879
0.023904
0.024002
0.024002
0.023953
0.023879
0.023904
0.024002
0.024027
0.023953
0.023879
0.023904
0.024002
0.024027
0.023928
0.023879
0.023904
0.023977
0.024027
0.023953
0.023879
0.023928
0.024002
0.024027
0.023953
0.023879
0.023904
0.024002
0.024002
0.023928
0.023879
0.023904
0.023977
0.024002
0.023953
0.023879
0.023904
0.023854
0.023904
0.023977
0.024002
0.023953
0.023879
0.023904
0.023977
0.024002
0.023928
0.023854
0.023879
0.023953
0.024002
0.023928
0.023879
0.023879
0.023977
0.024002
0.023928
0.023854
0.023879
0.023977
0.024002
0.023953
0.023879
0.023879
0.023977
0.024002
0.023953
0.023879
0.023904
0.023977
0.024002
0.023953
0.023879
0.023904
0.023977
0.024027
0.023977
0.024027
0.023953
0.023904
0.023904
0.023977
0.024027
0.023977
0.023904
0.023904
0.023977
0.024027
0.023953
0.023879
0.023879
0.023953
0.024002
0.023953
0.023854
0.023879
0.023953
0.024002
0.023953
0.023854
0.023879
0.023953
0.024002
0.023953
0.023854
0.023879
0.023953
0.024002
0.023928
0.023854
0.023879
0.023953
0.024002
0.023953
0.023854
0.023879
0.023953
0.023879
0.023977
0.024051
0.024002
0.023953
0.023953
0.024027
0.024051
0.024002
0.023879
0.023879
0.023928
0.023928
0.023854
0.023756
0.023756
0.02383
0.023904
0.023854
0.023781
0.023756
0.02383
0.023879
0.02383
0.023756
0.023756
0.02383
0.023904
0.023879
0.02383
0.02383
0.023928
0.023977
0.023953
0.023879
0.023854
0.023928
0.023977
0.023953
0.023879
0.023953
0.023879
0.023854
0.023953
0.024002
0.023953
0.023879
0.023854
0.023953
0.024002
0.023953
0.023879
0.023879
0.023953
0.024002
0.023977
0.023904
0.023879
0.023953
0.024002
0.023977
0.023904
0.023879
0.023953
0.024027
0.024002
0.023904
0.023904
0.023977
0.024027
0.024002
0.023904
0.023904
0.023953
0.024027
0.023977
0.023904
0.023879
0.023953
0.024027
0.023953
0.024027
0.023977
0.023904
0.023879
0.023953
0.024027
0.023977
0.023904
0.023879
0.023953
0.024002
0.023977
0.023904
0.023879
0.023953
0.024027
0.024002
0.023904
0.023879
0.023953
0.024002
0.023977
0.023904
0.023879
0.023928
0.024002
0.023977
0.023904
0.023879
0.023928
0.024002
0.023977
0.023904
0.023879
0.023928
0.024002
0.024002
0.023904
0.023879
0.023904
0.023879
0.023953
0.024027
0.024002
0.023904
0.023879
0.023928
0.024002
0.023977
0.023904
0.023879
0.023928
0.024002
0.023977
0.023904
0.023854
0.023904
0.023977
0.023977
0.023904
0.023854
0.023904
0.023977
0.023977
0.023904
0.023854
0.023904
0.023977
0.023977
0.023879
0.023854
0.023904
0.023977
0.023953
0.023879
0.02383
0.023879
0.023953
0.023953
0.023953
0.023953
0.023879
0.02383
0.023879
0.023953
0.023953
0.023879
0.02383
0.023879
0.023953
0.023953
0.023879
0.023805
0.023854
0.023953
0.023953
0.023854
0.023805
0.023854
0.023953
0.023953
0.023879
0.02383
0.023879
0.023953
0.023953
0.023854
0.023805
0.023879
0.023953
0.023953
0.023879
0.02383
0.023854
0.023953
0.023953
0.023879
0.02383
0.023879
0.02383
0.023854
0.023953
0.023953
0.023854
0.023805
0.023854
0.023928
0.023953
0.023879
0.023805
0.023854
0.023928
0.023928
0.023854
0.023805
0.023854
0.023928
0.023953
0.023879
0.02383
0.023854
0.023928
0.023953
0.023879
0.02383
0.023879
0.023953
0.023953
0.023879
0.02383
0.023854
0.023953
0.023953
0.023879
0.02383
0.023854
0.023953
0.023953
0.023879
0.023953
0.023854
0.023805
0.02383
0.023904
0.023928
0.023854
0.023805
0.02383
0.023904
0.023928
0.023854
0.023781
0.02383
0.023904
0.023928
0.023854
0.023781
0.02383
0.023904
0.023928
0.023854
0.023805
0.02383
0.023953
0.023977
0.023928
0.023879
0.023904
0.023977
0.024002
0.023928
0.02383
0.02383
0.023879
0.023879
0.023781
0.023707
0.023707
0.023805
0.023731
0.023805
0.02383
0.023756
0.023682
0.023707
0.023781
0.023854
0.023805
0.023756
0.023805
0.023904
0.023928
0.023854
0.023805
0.02383
0.023904
0.023953
0.023879
0.023805
0.02383
0.023904
0.023953
0.023904
0.02383
0.023854
0.023928
0.023953
0.023904
0.02383
0.02383
0.023928
0.023953
0.023904
0.02383
0.02383
0.023928
0.023953
0.023904
0.02383
0.023904
0.02383
0.02383
0.023904
0.023928
0.023879
0.023805
0.02383
0.023904
0.023953
0.023879
0.023805
0.023805
0.023904
0.023953
0.023904
0.023805
0.02383
0.023904
0.023953
0.023904
0.023805
0.02383
0.023904
0.023953
0.023904
0.023805
0.02383
0.023904
0.023953
0.023904
0.02383
0.02383
0.023904
0.023953
0.023904
0.02383
0.02383
0.023904
0.023953
0.023904
0.02383
0.02383
0.023904
0.023953
0.023904
0.023805
0.023805
0.023879
0.023928
0.023879
0.023805
0.023805
0.023879
0.023928
0.023879
0.023805
0.023805
0.023879
0.023928
0.023879
0.023781
0.023781
0.023854
0.023904
0.023854
0.023781
0.023781
0.023854
0.023904
0.023879
0.023781
0.023781
0.023854
0.023904
0.023854
0.023781
0.023781
0.023854
0.023904
0.02383
0.023904
0.023854
0.023781
0.023756
0.023854
0.023904
0.023854
0.023781
0.023756
0.02383
0.023879
0.023854
0.023781
0.023756
0.02383
0.023904
0.023879
0.023781
0.023781
0.023854
0.023904
0.023879
0.023781
0.023781
0.02383
0.023904
0.023879
0.023805
0.023781
0.023854
0.023904
0.023879
0.023805
0.023781
0.023854
0.023904
0.023879
0.023805
0.023781
0.023805
0.023781
0.02383
0.023904
0.023879
0.023805
0.023781
0.02383
0.023904
0.023879
0.023781
0.023756
0.02383
0.023904
0.023879
0.023805
0.023781
0.02383
0.023904
0.023879
0.023805
0.023781
0.02383
0.023904
0.023879
0.023805
0.023781
0.02383
0.023904
0.023879
0.023805
0.023781
0.02383
0.023904
0.023904
0.023805
0.023781
0.023854
0.023904
0.023904
0.023928
0.023904
0.023805
0.023781
0.023854
0.023928
0.023904
0.02383
0.023781
0.02383
0.023904
0.023904
0.023805
0.023781
0.02383
0.023904
0.023879
0.023805
0.023756
0.02383
0.023879
0.023879
0.023805
0.023756
0.02383
0.023904
0.023879
0.023805
0.023781
0.02383
0.023904
0.023904
0.023805
0.023781
0.02383
0.023904
0.023879
0.023805
0.023756
0.023805
0.023781
0.02383
0.023928
0.023928
0.023879
0.023854
0.023904
0.023977
0.023953
0.023879
0.023805
0.023805
0.023879
0.02383
0.023731
0.023657
0.023707
0.023781
0.023805
0.023731
0.023682
0.023707
0.023781
0.023781
0.023707
0.023633
0.023682
0.023781
0.023781
0.023731
0.023707
0.023756
0.023854
0.023879
0.023805
0.023756
0.023805
0.023879
0.023879
0.023805
0.023756
0.023805
0.023879
0.023879
0.023805
0.023756
0.023781
0.023854
0.023879
0.023805
0.023756
0.023781
0.023854
0.023879
0.023805
0.023731
0.023781
0.023854
0.023879
0.023781
0.023731
0.023756
0.023854
0.023879
0.023805
0.023756
0.023781
0.023854
0.023879
0.02383
0.023756
0.023805
0.023879
0.023879
0.02383
0.023781
0.023805
0.023879
0.023904
0.02383
0.023904
0.02383
0.023756
0.023781
0.023879
0.023904
0.02383
0.023756
0.023781
0.023879
0.023904
0.02383
0.023756
0.023781
0.023854
0.023879
0.02383
0.023756
0.023781
0.023854
0.023879
0.02383
0.023756
0.023781
0.023854
0.023879
0.02383
0.023756
0.023781
0.023854
0.023879
0.02383
0.023756
0.023781
0.023854
0.023879
0.023805
0.023756
0.023756
0.023854
0.023756
0.023854
0.023879
0.023805
0.023731
0.023756
0.02383
0.023879
0.023805
0.023756
0.023756
0.02383
0.023879
0.023805
0.023731
0.023756
0.02383
0.023879
0.023805
0.023756
0.023756
0.02383
0.023879
0.02383
0.023756
0.023756
0.02383
0.023879
0.023805
0.023756
0.023756
0.02383
0.023879
0.02383
0.023756
0.023756
0.02383
0.023879
0.02383
0.023756
0.023805
0.023756
0.023756
0.02383
0.023879
0.02383
0.023756
0.023756
0.02383
0.023879
0.023805
0.023756
0.023756
0.02383
0.023879
0.02383
0.023756
0.023756
0.02383
0.023879
0.02383
0.023756
0.023756
0.02383
0.023879
0.02383
0.023756
0.023756
0.02383
0.023879
0.02383
0.023756
0.023756
0.02383
0.023854
0.02383
0.023756
0.023756
0.02383
0.023879
0.02383
0.023879
0.02383
0.023756
0.023756
0.023805
0.023854
0.02383
0.023731
0.023731
0.023805
0.023854
0.023805
0.023731
0.023731
0.023805
0.023854
0.023805
0.023731
0.023731
0.023805
0.023854
0.02383
0.023756
0.023756
0.02383
0.023879
0.02383
0.023756
0.023731
0.023805
0.023854
0.02383
0.023731
0.023731
0.023781
0.023854
0.023805
0.023731
0.023707
0.023707
0.023781
0.023854
0.02383
0.023731
0.023707
0.023781
0.023854
0.023805
0.023731
0.023707
0.023781
0.023854
0.023805
0.023731
0.023707
0.023781
0.023854
0.02383
0.023756
0.023731
0.023805
0.023879
0.023879
0.023805
0.023781
0.023854
0.023904
0.023854
0.023756
0.023707
0.023731
0.023781
0.023731
0.023633
0.023608
0.023682
0.023756
0.023731
0.023657
0.023707
0.023608
0.023584
0.023657
0.023731
0.023731
0.023682
0.023682
0.023756
0.02383
0.023805
0.023731
0.023707
0.023756
0.02383
0.023805
0.023731
0.023707
0.023781
0.02383
0.02383
0.023756
0.023707
0.023756
0.02383
0.02383
0.023756
0.023731
0.023781
0.023854
0.02383
0.023756
0.023707
0.023781
0.023854
0.02383
0.023756
0.023707
0.023756
0.02383
0.023756
0.02383
0.02383
0.023731
0.023707
0.023756
0.02383
0.02383
0.023756
0.023707
0.023756
0.02383
0.02383
0.023756
0.023707
0.023756
0.02383
0.02383
0.023756
0.023707
0.023756
0.02383
0.02383
0.023756
0.023707
0.023756
0.02383
0.02383
0.023756
0.023707
0.023756
0.02383
0.02383
0.023756
0.023707
0.023756
0.02383
0.02383
0.023756
0.023707
0.023756
0.023707
0.023756
0.02383
0.02383
0.023756
0.023707
0.023756
0.02383
0.02383
0.023756
0.023707
0.023731
0.02383
0.02383
0.023756
0.023707
0.023731
0.02383
0.02383
0.023756
0.023707
0.023756
0.02383
0.02383
0.023756
0.023707
0.023731
0.02383
0.02383
0.023756
0.023707
0.023731
0.023805
0.023805
0.023756
0.023682
0.023731
0.023805
0.023805
0.023781
0.023805
0.023731
0.023682
0.023707
0.023781
0.023805
0.023731
0.023657
0.023707
0.023781
0.023805
0.023731
0.023657
0.023707
0.023781
0.023805
0.023731
0.023657
0.023707
0.023781
0.023805
0.023731
0.023682
0.023707
0.023781
0.023805
0.023731
0.023682
0.023707
0.023781
0.023781
0.023731
0.023657
0.023682
0.023756
0.023781
0.023731
0.023682
0.023707
0.023657
0.023682
0.023781
0.023805
0.023731
0.023682
0.023682
0.023756
0.023805
0.023731
0.023682
0.023707
0.023781
0.023805
0.023756
0.023682
0.023707
0.023781
0.023805
0.023756
0.023682
0.023682
0.023781
0.023805
0.023731
0.023657
0.023682
0.023756
0.023805
0.023731
0.023682
0.023682
0.023756
0.023781
0.023731
0.023657
0.023657
0.023731
0.023781
0.023731
0.023781
0.023731
0.023657
0.023682
0.023756
0.023805
0.023756
0.023682
0.023682
0.023756
0.023805
0.023756
0.023682
0.023682
0.023756
0.023805
0.023756
0.023657
0.023682
0.023756
0.023781
0.023731
0.023657
0.023682
0.023731
0.023781
0.023731
0.023657
0.023657
0.023731
0.023756
0.023731
0.023657
0.023657
0.023731
0.023781
0.023731
0.023657
0.023633
0.023731
0.02383
0.023805
0.023731
0.023731
0.023805
0.02383
0.023781
0.023657
0.023633
0.023682
0.023707
0.023633
0.023534
0.023534
0.023608
0.023682
0.023633
0.023559
0.023534
0.023608
0.023657
0.023608
0.02351
0.02351
0.023608
0.023682
0.023657
0.023608
0.023608
0.023707
0.023756
0.023707
0.023633
0.023633
0.023707
0.023756
0.023731
0.023657
0.023633
0.023707
