2018
6
28
9
40
59.507
-0.011743
-0.011743
-0.011767
-0.011792
-0.011767
-0.011743
-0.011743
-0.011767
-0.011792
-0.011767
-0.011767
-0.011767
-0.011792
-0.011792
-0.011767
-0.011767
-0.011767
-0.011792
-0.011816
-0.011792
-0.011767
-0.011767
-0.011792
-0.011792
-0.011792
-0.011767
-0.011767
-0.011792
-0.011816
-0.011792
-0.011767
-0.011767
-0.011792
-0.011816
-0.011816
-0.011792
-0.011767
-0.011816
-0.011816
-0.011816
-0.011816
-0.011816
-0.011792
-0.011792
-0.011816
-0.011816
-0.011816
-0.011792
-0.011792
-0.011816
-0.011816
-0.011816
-0.011792
-0.011792
-0.011816
-0.011841
-0.011816
-0.011792
-0.011792
-0.011816
-0.011841
-0.011816
-0.011816
-0.011792
-0.011816
-0.011841
-0.011816
-0.011792
-0.011792
-0.011816
-0.011841
-0.011816
-0.011792
-0.011792
-0.011816
-0.011841
-0.011816
-0.011792
-0.011792
-0.011792
-0.011792
-0.011816
-0.011816
-0.011792
-0.011792
-0.011792
-0.011816
-0.011841
-0.011816
-0.011792
-0.011792
-0.011816
-0.011841
-0.011841
-0.011816
-0.011816
-0.011841
-0.011866
-0.011841
-0.011841
-0.011841
-0.011841
-0.011866
-0.011841
-0.011816
-0.011816
-0.011841
-0.011866
-0.011841
-0.011816
-0.011841
-0.011866
-0.011866
-0.011866
-0.011841
-0.011816
-0.011866
-0.011866
-0.011841
-0.011792
-0.011693
-0.011669
-0.011669
-0.011644
-0.011644
-0.011669
-0.011718
-0.011767
-0.01189
-0.012013
-0.012063
-0.012038
-0.012038
-0.012013
-0.012013
-0.011964
-0.011915
-0.011915
-0.01189
-0.011915
-0.01189
-0.011866
-0.011841
-0.011866
-0.01189
-0.011866
-0.011841
-0.011841
-0.011866
-0.01189
-0.011866
-0.011841
-0.011841
-0.011866
-0.01189
-0.01189
-0.011866
-0.011841
-0.011866
-0.01189
-0.011866
-0.011866
-0.011866
-0.011841
-0.011816
-0.011841
-0.011866
-0.011866
-0.011841
-0.011816
-0.011841
-0.011866
-0.011866
-0.011816
-0.011816
-0.011841
-0.011866
-0.011866
-0.011841
-0.011816
-0.011841
-0.011866
-0.011866
-0.011841
-0.011816
-0.011841
-0.011866
-0.011866
-0.011841
-0.011816
-0.011841
-0.011866
-0.011866
-0.011841
-0.011816
-0.011841
-0.011866
-0.011866
-0.011841
-0.011816
-0.011841
-0.011816
-0.011841
-0.011866
-0.011866
-0.011816
-0.011816
-0.011841
-0.011841
-0.011866
-0.011841
-0.011816
-0.011841
-0.011866
-0.011866
-0.011841
-0.011841
-0.011841
-0.011866
-0.011866
-0.011841
-0.011841
-0.011866
-0.01189
-0.01189
-0.011866
-0.011866
-0.011866
-0.01189
-0.01189
-0.01189
-0.011866
-0.011866
-0.011915
-0.011915
-0.01189
-0.011866
-0.01189
-0.011915
-0.011915
-0.011915
-0.01189
-0.01189
-0.011866
-0.01189
-0.011915
-0.011915
-0.01189
-0.011866
-0.01189
-0.011915
-0.011915
-0.01189
-0.011866
-0.01189
-0.011939
-0.011915
-0.01189
-0.01189
-0.011915
-0.011915
-0.011915
-0.011915
-0.01189
-0.011915
-0.011939
-0.011939
-0.011915
-0.01189
-0.011915
-0.011939
-0.011939
-0.011915
-0.011915
-0.011915
-0.011939
-0.011939
-0.011939
-0.011915
-0.011915
-0.011915
-0.011939
-0.011939
-0.011964
-0.011939
-0.011915
-0.011939
-0.011964
-0.011964
-0.011939
-0.011915
-0.011939
-0.011964
-0.011964
-0.011939
-0.011915
-0.011939
-0.011964
-0.011964
-0.011939
-0.011915
-0.011939
-0.011964
-0.011989
-0.011964
-0.011939
-0.011964
-0.011989
-0.011989
-0.011939
-0.011939
-0.011939
-0.011964
-0.011964
-0.011964
-0.011964
-0.011964
-0.011964
-0.011989
-0.011964
-0.011989
-0.011964
-0.011939
-0.011939
-0.011964
-0.011989
-0.011964
-0.011939
-0.011939
-0.011964
-0.011964
-0.011964
-0.011939
-0.011939
-0.011964
-0.011964
-0.011939
-0.011939
-0.011939
-0.011964
-0.011964
-0.011964
-0.011939
-0.011939
-0.011964
-0.011989
-0.011964
-0.011939
-0.011964
-0.011989
-0.011989
-0.011989
-0.011964
-0.011964
-0.011989
-0.012013
-0.011989
-0.011964
-0.011989
-0.012013
-0.012013
-0.012013
-0.012013
-0.011989
-0.011989
-0.012013
-0.012038
-0.012013
-0.011989
-0.011989
-0.012013
-0.012013
-0.012013
-0.011989
-0.011989
-0.011989
-0.011989
-0.011939
-0.01189
-0.011866
-0.011841
-0.011866
-0.011866
-0.011792
-0.011767
-0.011816
-0.011866
-0.011915
-0.011989
-0.012112
-0.012186
-0.012235
-0.01221
-0.012161
-0.012136
-0.012112
-0.012112
-0.012087
-0.012038
-0.012013
-0.012013
-0.011989
-0.012013
-0.012013
-0.012013
-0.011989
-0.011989
-0.012013
-0.012038
-0.012013
-0.011989
-0.011989
-0.012013
-0.012013
-0.012013
-0.011989
-0.011989
-0.012013
-0.012013
-0.011989
-0.011964
-0.011964
-0.011989
-0.011989
-0.011989
-0.011964
-0.011964
-0.011989
-0.011989
-0.011989
-0.011964
-0.011964
-0.011989
-0.011989
-0.011989
-0.011964
-0.011964
-0.011989
-0.011989
-0.011989
-0.011989
-0.011964
-0.011939
-0.011939
-0.011964
-0.011989
-0.011964
-0.011939
-0.011939
-0.011964
-0.011964
-0.011964
-0.011939
-0.011939
-0.011964
-0.011964
-0.011964
-0.011964
-0.011939
-0.011964
-0.011989
-0.011964
-0.011939
-0.011939
-0.011964
-0.011989
-0.011964
-0.011939
-0.011939
-0.011964
-0.011964
-0.011964
-0.011964
-0.011939
-0.011964
-0.011989
-0.011964
-0.011939
-0.011939
-0.011964
-0.011964
-0.011989
-0.012013
-0.011989
-0.011964
-0.011964
-0.011989
-0.012013
-0.012013
-0.011989
-0.011989
-0.012013
-0.012013
-0.012013
-0.011989
-0.011989
-0.011989
-0.012013
-0.012013
-0.011989
-0.011989
-0.012013
-0.012038
-0.012013
-0.011989
-0.011989
-0.012013
-0.012013
-0.012013
-0.011989
-0.011989
-0.012013
-0.012038
-0.012038
-0.012013
-0.011989
-0.012038
-0.012038
-0.012038
-0.012013
-0.012013
-0.012013
-0.012038
-0.012063
-0.012063
-0.012038
-0.012038
-0.012038
-0.012063
-0.012063
-0.012063
-0.012038
-0.012063
-0.012063
-0.012063
-0.012038
-0.012038
-0.012063
-0.012063
-0.012063
-0.012063
-0.012038
-0.012063
-0.012087
-0.012063
-0.012063
-0.012063
-0.012063
-0.012087
-0.012087
-0.012038
-0.012038
-0.012063
-0.012087
-0.012087
-0.012063
-0.012038
-0.012063
-0.012087
-0.012087
-0.012087
-0.012063
-0.012063
-0.012063
-0.012087
-0.012087
-0.012063
-0.012063
-0.012063
-0.012087
-0.012087
-0.012063
-0.012038
-0.012063
-0.012087
-0.012087
-0.012063
-0.012038
-0.012063
-0.012087
-0.012087
-0.012063
-0.012063
-0.012063
-0.012087
-0.012087
-0.012063
-0.012038
-0.012063
-0.012087
-0.012087
-0.012063
-0.012038
-0.012063
-0.012087
-0.012087
-0.012063
-0.012038
-0.012063
-0.012087
-0.012087
-0.012087
-0.012087
-0.012063
-0.012063
-0.012112
-0.012112
-0.012087
-0.012087
-0.012087
-0.012112
-0.012112
-0.012087
-0.012087
-0.012087
-0.012112
-0.012112
-0.012112
-0.012087
-0.012087
-0.012112
-0.012112
-0.012112
-0.012087
-0.012112
-0.012136
-0.012136
-0.012112
-0.012087
-0.012087
-0.012112
-0.012112
-0.012112
-0.012063
-0.012063
-0.012063
-0.012038
-0.011989
-0.011915
-0.011939
-0.011866
-0.011939
-0.012013
-0.012087
-0.01221
-0.01226
-0.012309
-0.012333
-0.012309
-0.01226
-0.012186
-0.012186
-0.012186
-0.012186
-0.012136
-0.012112
-0.012112
-0.012136
-0.012136
-0.012112
-0.012087
-0.012087
-0.012112
-0.012112
-0.012087
-0.012087
-0.012087
-0.012112
-0.012112
-0.012112
-0.012087
-0.012087
-0.012112
-0.012112
-0.012087
-0.012063
-0.012087
-0.012112
-0.012087
-0.012087
-0.012112
-0.012063
-0.012038
-0.012063
-0.012087
-0.012087
-0.012063
-0.012063
-0.012063
-0.012087
-0.012087
-0.012063
-0.012038
-0.012038
-0.012087
-0.012087
-0.012063
-0.012038
-0.012038
-0.012063
-0.012063
-0.012063
-0.012038
-0.012038
-0.012063
-0.012087
-0.012063
-0.012038
-0.012038
-0.012038
-0.012063
-0.012038
-0.012013
-0.012013
-0.012038
-0.012063
-0.012013
-0.012013
-0.012013
-0.012038
-0.012013
-0.012038
-0.012063
-0.012038
-0.012013
-0.012013
-0.012038
-0.012063
-0.012038
-0.012038
-0.012038
-0.012038
-0.012063
-0.012038
-0.012038
-0.012038
-0.012063
-0.012063
-0.012063
-0.012038
-0.012038
-0.012063
-0.012087
-0.012063
-0.012038
-0.012038
-0.012063
-0.012087
-0.012063
-0.012038
-0.012038
-0.012063
-0.012087
-0.012063
-0.012063
-0.012063
-0.012087
-0.012087
-0.012063
-0.012063
-0.012087
-0.012063
-0.012063
-0.012087
-0.012087
-0.012087
-0.012063
-0.012063
-0.012087
-0.012087
-0.012087
-0.012063
-0.012063
-0.012087
-0.012112
-0.012087
-0.012087
-0.012087
-0.012112
-0.012136
-0.012112
-0.012087
-0.012087
-0.012112
-0.012136
-0.012136
-0.012112
-0.012112
-0.012112
-0.012136
-0.012112
-0.012112
-0.012087
-0.012136
-0.012136
-0.012136
-0.012112
-0.012112
-0.012136
-0.012136
-0.012112
-0.012136
-0.012136
-0.012112
-0.012112
-0.012112
-0.012136
-0.012136
-0.012112
-0.012112
-0.012136
-0.012136
-0.012136
-0.012112
-0.012112
-0.012112
-0.012161
-0.012136
-0.012112
-0.012112
-0.012136
-0.012161
-0.012136
-0.012112
-0.012112
-0.012136
-0.012161
-0.012136
-0.012112
-0.012112
-0.012136
-0.012161
-0.012136
-0.012136
-0.012112
-0.012136
-0.012161
-0.012161
-0.012136
-0.012136
-0.012112
-0.012136
-0.012161
-0.012136
-0.012112
-0.012112
-0.012136
-0.012136
-0.012136
-0.012136
-0.012112
-0.012136
-0.012136
-0.012136
-0.012112
-0.012112
-0.012112
-0.012136
-0.012136
-0.012112
-0.012112
-0.012136
-0.012136
-0.012161
-0.012136
-0.012112
-0.012136
-0.012161
-0.012161
-0.012136
-0.012136
-0.012161
-0.012186
-0.012161
-0.012161
-0.012136
-0.012161
-0.012161
-0.012161
-0.012136
-0.012161
-0.012161
-0.012136
-0.012161
-0.012186
-0.012186
-0.012161
-0.012161
-0.012161
-0.012186
-0.012186
-0.012161
-0.012136
-0.012136
-0.012136
-0.012087
-0.012038
-0.012013
-0.012013
-0.012038
-0.012013
-0.011939
-0.011939
-0.011989
-0.012087
-0.012136
-0.012235
-0.012333
-0.012383
-0.012407
-0.012383
-0.012333
-0.012284
-0.01226
-0.012284
-0.012235
-0.01221
-0.012186
-0.01221
-0.01221
-0.012161
-0.012186
-0.012186
-0.012161
-0.012161
-0.012161
-0.012186
-0.012186
-0.012161
-0.012136
-0.012161
-0.012186
-0.012186
-0.012161
-0.012161
-0.012161
-0.012161
-0.012186
-0.012161
-0.012136
-0.012161
-0.012161
-0.012161
-0.012136
-0.012136
-0.012136
-0.012161
-0.012161
-0.012136
-0.012136
-0.012136
-0.012161
-0.012161
-0.012136
-0.012112
-0.012112
-0.012136
-0.012136
-0.012136
-0.012112
-0.012112
-0.012112
-0.012136
-0.012136
-0.012136
-0.012112
-0.012112
-0.012112
-0.012136
-0.012136
-0.012112
-0.012087
-0.012112
-0.012136
-0.012136
-0.012112
-0.012087
-0.012112
-0.012136
-0.012136
-0.012112
-0.012087
-0.012112
-0.012136
-0.012136
-0.012112
-0.012087
-0.012112
-0.012136
-0.012136
-0.012112
-0.012112
-0.012112
-0.012136
-0.012136
-0.012136
-0.012112
-0.012112
-0.012161
-0.012161
-0.012161
-0.012161
-0.012136
-0.012136
-0.012136
-0.012186
-0.012186
-0.012161
-0.012136
-0.012136
-0.012161
-0.012186
-0.012161
-0.012136
-0.012136
-0.012161
-0.012186
-0.012161
-0.012136
-0.012161
-0.012186
-0.012186
-0.012161
-0.012161
-0.012161
-0.012186
-0.012186
-0.012161
-0.012161
-0.012161
-0.012186
-0.012186
-0.012186
-0.012161
-0.012161
-0.012186
-0.01221
-0.012186
-0.012161
-0.012186
-0.012186
-0.012186
-0.01221
-0.01221
-0.01221
-0.012186
-0.012186
-0.01221
-0.012235
-0.01221
-0.012186
-0.012186
-0.01221
-0.012235
-0.01221
-0.012186
-0.012186
-0.01221
-0.012235
-0.01221
-0.01221
-0.01221
-0.01221
-0.012235
-0.01221
-0.01221
-0.01221
-0.012235
-0.012235
-0.01221
-0.01221
-0.01221
-0.012235
-0.012235
-0.01221
-0.01221
-0.01221
-0.012235
-0.012235
-0.012235
-0.01226
-0.012235
-0.012235
-0.012235
-0.012235
-0.01226
-0.012235
-0.01221
-0.01221
-0.01226
-0.01226
-0.01226
-0.012235
-0.012235
-0.01226
-0.01226
-0.01226
-0.012235
-0.012235
-0.01226
-0.01226
-0.01226
-0.01221
-0.012235
-0.01226
-0.012284
-0.01226
-0.012235
-0.012235
-0.012235
-0.01226
-0.012235
-0.01221
-0.01221
-0.012235
-0.01226
-0.012235
-0.01221
-0.01221
-0.012235
-0.012235
-0.01226
-0.012235
-0.012235
-0.012235
-0.01226
-0.01226
-0.01226
-0.012235
-0.012235
-0.01226
-0.012284
-0.01226
-0.012235
-0.012235
-0.01226
-0.012284
-0.012284
-0.01226
-0.01226
-0.012284
-0.012284
-0.012284
-0.01226
-0.01226
-0.01226
-0.012284
-0.012284
-0.01226
-0.01226
-0.012284
-0.012284
-0.012284
-0.01226
-0.01226
-0.012284
-0.01226
-0.012235
-0.012186
-0.012161
-0.012063
-0.012063
-0.012087
-0.012136
-0.012186
-0.01226
-0.012383
-0.012481
-0.012481
-0.012456
-0.012407
-0.012407
-0.012383
-0.012333
-0.012309
-0.012284
-0.012284
-0.012284
-0.012284
-0.01226
-0.012235
-0.01226
-0.01226
-0.01226
-0.012235
-0.012235
-0.012235
-0.01226
-0.01226
-0.012235
-0.012235
-0.012235
-0.01226
-0.01226
-0.012235
-0.01221
-0.012235
-0.01226
-0.012235
-0.01221
-0.012235
-0.01221
-0.012186
-0.01221
-0.012235
-0.012235
-0.01221
-0.01221
-0.01221
-0.012235
-0.012235
-0.01221
-0.01221
-0.01221
-0.012235
-0.01221
-0.01221
-0.012186
-0.01221
-0.01221
-0.01221
-0.012186
-0.012186
-0.01221
-0.01221
-0.01221
-0.012186
-0.012161
-0.012186
-0.01221
-0.01221
-0.012186
-0.012186
-0.012186
-0.01221
-0.01221
-0.012186
-0.012161
-0.012186
-0.01221
-0.012186
-0.012186
-0.012186
-0.012161
-0.012161
-0.012186
-0.012186
-0.012161
-0.012161
-0.012186
-0.01221
-0.01221
-0.012186
-0.012161
-0.012186
-0.01221
-0.012186
-0.012186
-0.012161
-0.012186
-0.01221
-0.01221
-0.012186
-0.012186
-0.012186
-0.01221
-0.01221
-0.01221
-0.012186
-0.01221
-0.01221
-0.012235
-0.01221
-0.012186
-0.01221
-0.012235
-0.012235
-0.01221
-0.01221
-0.01221
-0.01221
-0.01221
-0.012235
-0.012235
-0.01221
-0.01221
-0.01221
-0.01226
-0.01226
-0.012235
-0.01221
-0.012235
-0.01226
-0.01226
-0.012235
-0.01221
-0.012235
-0.01226
-0.01226
-0.012235
-0.012235
-0.012235
-0.01226
-0.012284
-0.01226
-0.01226
-0.01226
-0.012284
-0.012284
-0.01226
-0.01226
-0.01226
-0.012284
-0.012284
-0.01226
-0.01226
-0.01226
-0.012284
-0.012284
-0.012284
-0.012309
-0.012284
-0.01226
-0.012284
-0.012309
-0.012309
-0.012284
-0.01226
-0.01226
-0.012309
-0.012309
-0.012284
-0.01226
-0.012284
-0.012309
-0.012309
-0.012284
-0.012284
-0.012284
-0.012284
-0.012309
-0.012284
-0.01226
-0.012284
-0.012309
-0.012309
-0.012284
-0.012284
-0.012284
-0.012309
-0.012309
-0.012284
-0.01226
-0.012284
-0.012309
-0.012309
-0.012284
-0.012284
-0.012284
-0.012309
-0.012284
-0.012309
-0.012309
-0.012309
-0.012284
-0.012284
-0.012309
-0.012309
-0.012309
-0.012284
-0.012284
-0.012309
-0.012309
-0.012284
-0.012284
-0.012309
-0.012309
-0.012309
-0.012309
-0.012284
-0.012309
-0.012333
-0.012333
-0.012333
-0.012309
-0.012333
-0.012358
-0.012358
-0.012333
-0.012333
-0.012358
-0.012358
-0.012383
-0.012358
-0.012358
-0.012358
-0.012383
-0.012407
-0.012383
-0.012358
-0.012383
-0.012383
-0.012407
-0.012407
-0.012407
-0.012383
-0.012407
-0.012407
-0.012432
-0.012407
-0.012383
-0.012383
-0.012407
-0.012432
-0.012407
-0.012358
-0.012358
-0.012358
-0.012333
-0.012284
-0.012235
-0.012235
-0.01226
-0.012235
-0.012186
-0.012186
-0.012235
-0.012309
-0.012407
-0.012506
-0.012555
-0.01258
-0.012604
-0.01258
-0.012555
-0.012506
-0.012481
-0.012481
-0.012481
-0.012456
-0.012432
-0.012432
-0.012407
-0.012407
-0.012432
-0.012432
-0.012432
-0.012432
-0.012432
-0.012456
-0.012456
-0.012456
-0.012432
-0.012432
-0.012456
-0.012456
-0.012432
-0.012432
-0.012432
-0.012432
-0.012456
-0.012432
-0.012407
-0.012407
-0.012432
-0.012432
-0.012432
-0.012407
-0.012383
-0.012407
-0.012407
-0.012407
-0.012383
-0.012383
-0.012407
-0.012407
-0.012383
-0.012383
-0.012383
-0.012383
-0.012358
-0.012383
-0.012383
-0.012383
-0.012358
-0.012358
-0.012383
-0.012383
-0.012383
-0.012358
-0.012358
-0.012383
-0.012407
-0.012383
-0.012358
-0.012358
-0.012383
-0.012407
-0.012383
-0.012358
-0.012383
-0.012383
-0.012407
-0.012383
-0.012383
-0.012383
-0.012407
-0.012407
-0.012407
-0.012383
-0.012383
-0.012383
-0.012407
-0.012407
-0.012407
-0.012407
-0.012432
-0.012432
-0.012432
-0.012407
-0.012432
-0.012432
-0.012456
-0.012456
-0.012456
-0.012432
-0.012432
-0.012456
-0.012481
-0.012456
-0.012432
-0.012432
-0.012456
-0.012456
-0.012456
-0.012432
-0.012407
-0.012432
-0.012456
-0.012432
-0.012407
-0.012407
-0.012432
-0.012432
-0.012432
-0.012407
-0.012407
-0.012407
-0.012432
-0.012407
-0.012383
-0.012383
-0.012407
-0.012407
-0.012407
-0.012383
-0.012383
-0.012407
-0.012432
-0.012407
-0.012432
-0.012407
-0.012383
-0.012383
-0.012407
-0.012432
-0.012407
-0.012407
-0.012407
-0.012407
-0.012432
-0.012432
-0.012407
-0.012407
-0.012407
-0.012432
-0.012432
-0.012407
-0.012407
-0.012407
-0.012432
-0.012432
-0.012407
-0.012407
-0.012432
-0.012432
-0.012432
-0.012407
-0.012407
-0.012432
-0.012456
-0.012432
-0.012407
-0.012407
-0.012432
-0.012456
-0.012456
-0.012432
-0.012407
-0.012432
-0.012407
-0.012432
-0.012456
-0.012456
-0.012432
-0.012432
-0.012456
-0.012456
-0.012456
-0.012432
-0.012432
-0.012456
-0.012481
-0.012481
-0.012456
-0.012456
-0.012481
-0.012481
-0.012481
-0.012456
-0.012456
-0.012481
-0.012481
-0.012481
-0.012456
-0.012456
-0.012456
-0.012481
-0.012481
-0.012456
-0.012456
-0.012456
-0.012481
-0.012481
-0.012456
-0.012456
-0.012481
-0.012481
-0.012481
-0.012456
-0.012481
-0.012456
-0.012456
-0.012481
-0.012506
-0.012506
-0.012481
-0.012481
-0.012481
-0.012506
-0.012481
-0.012481
-0.012456
-0.012481
-0.012506
-0.012506
-0.012481
-0.012456
-0.012481
-0.012506
-0.012506
-0.012481
-0.012481
-0.012481
-0.012506
-0.012506
-0.012481
-0.012456
-0.012481
-0.012506
-0.012506
-0.012481
-0.012456
-0.012481
-0.012506
-0.012506
-0.012481
-0.012456
-0.012481
-0.012506
-0.012358
-0.012358
-0.012333
-0.012309
-0.012284
-0.01226
-0.012284
-0.012333
-0.012383
-0.012432
-0.01253
-0.012653
-0.012678
-0.012678
-0.012653
-0.012629
-0.01258
-0.012555
-0.01253
-0.012506
-0.012506
-0.012506
-0.012506
-0.012481
-0.012456
-0.012456
-0.012481
-0.012481
-0.012456
-0.012456
-0.012456
-0.012481
-0.012481
-0.012456
-0.012456
-0.012456
-0.012481
-0.012481
-0.012456
-0.012432
-0.012407
-0.012432
-0.012456
-0.012432
-0.012407
-0.012407
-0.012407
-0.012432
-0.012432
-0.012407
-0.012383
-0.012407
-0.012407
-0.012407
-0.012407
-0.012383
-0.012383
-0.012407
-0.012407
-0.012383
-0.012383
-0.012383
-0.012407
-0.012407
-0.012383
-0.012358
-0.012383
-0.012383
-0.012383
-0.012383
-0.012358
-0.012383
-0.012383
-0.012383
-0.012383
-0.012358
-0.012358
-0.012383
-0.012383
-0.012358
-0.012383
-0.012358
-0.012333
-0.012333
-0.012383
-0.012358
-0.012358
-0.012333
-0.012333
-0.012358
-0.012383
-0.012358
-0.012333
-0.012358
-0.012358
-0.012358
-0.012358
-0.012333
-0.012333
-0.012358
-0.012383
-0.012358
-0.012358
-0.012358
-0.012383
-0.012383
-0.012358
-0.012358
-0.012358
-0.012383
-0.012383
-0.012358
-0.012358
-0.012358
-0.012383
-0.012407
-0.012383
-0.012358
-0.012383
-0.012383
-0.012383
-0.012383
-0.012407
-0.012383
-0.012358
-0.012358
-0.012383
-0.012407
-0.012383
-0.012383
-0.012383
-0.012407
-0.012407
-0.012407
-0.012383
-0.012383
-0.012407
-0.012407
-0.012383
-0.012383
-0.012383
-0.012407
-0.012407
-0.012407
-0.012383
-0.012383
-0.012407
-0.012407
-0.012407
-0.012383
-0.012383
-0.012407
-0.012432
-0.012407
-0.012383
-0.012407
-0.012407
-0.012432
-0.012407
-0.012407
-0.012407
-0.012407
-0.012407
-0.012407
-0.012432
-0.012407
-0.012407
-0.012407
-0.012407
-0.012432
-0.012407
-0.012407
-0.012407
-0.012407
-0.012432
-0.012407
-0.012407
-0.012407
-0.012407
-0.012432
-0.012407
-0.012407
-0.012407
-0.012407
-0.012432
-0.012407
-0.012407
-0.012407
-0.012407
-0.012432
-0.012407
-0.012383
-0.012383
-0.012407
-0.012432
-0.012407
-0.012383
-0.012383
-0.012407
-0.012407
-0.012407
-0.012407
-0.012407
-0.012383
-0.012383
-0.012407
-0.012432
-0.012407
-0.012383
-0.012383
-0.012407
-0.012407
-0.012407
-0.012383
-0.012383
-0.012407
-0.012407
-0.012407
-0.012383
-0.012383
-0.012407
-0.012407
-0.012407
-0.012383
-0.012383
-0.012407
-0.012407
-0.012407
-0.012383
-0.012383
-0.012407
-0.012432
-0.012432
-0.012407
-0.012407
-0.012432
-0.012432
-0.012432
-0.012407
-0.012407
-0.012407
-0.012432
-0.012456
-0.012432
-0.012407
-0.012407
-0.012432
-0.012456
-0.012456
-0.012432
-0.012432
-0.012432
-0.012456
-0.012456
-0.012432
-0.012432
-0.012432
-0.012456
-0.012456
-0.012432
-0.012407
-0.012407
-0.012383
-0.012358
-0.012284
-0.01226
-0.012284
-0.012309
-0.01226
-0.01221
-0.012235
-0.012309
-0.012383
-0.012481
-0.012555
-0.012604
-0.012653
-0.012653
-0.012629
-0.012555
-0.012506
-0.012456
-0.012456
-0.012456
-0.012481
-0.012456
-0.012432
-0.012407
-0.012432
-0.012456
-0.012456
-0.012432
-0.012407
-0.012432
-0.012456
-0.012456
-0.012432
-0.012432
-0.012432
-0.012456
-0.012432
-0.012407
-0.012407
-0.012432
-0.012456
-0.012432
-0.012407
-0.012407
-0.012432
-0.012432
-0.012432
-0.012407
-0.012407
-0.012407
-0.012432
-0.012432
-0.012407
-0.012407
-0.012407
-0.012432
-0.012407
-0.012432
-0.012432
-0.012407
-0.012407
-0.012407
-0.012432
-0.012432
-0.012407
-0.012407
-0.012407
-0.012432
-0.012432
-0.012407
-0.012407
-0.012432
-0.012456
-0.012432
-0.012407
-0.012407
-0.012407
-0.012432
-0.012432
-0.012407
-0.012407
-0.012407
-0.012432
-0.012432
-0.012407
-0.012383
-0.012407
-0.012432
-0.012407
-0.012383
-0.012383
-0.012407
-0.012432
-0.012407
-0.012383
-0.012383
-0.012383
-0.012407
-0.012432
-0.012432
-0.012407
-0.012407
-0.012432
-0.012432
-0.012432
-0.012432
-0.012407
-0.012432
-0.012456
-0.012456
-0.012432
-0.012432
-0.012432
-0.012456
-0.012456
-0.012432
-0.012407
-0.012432
-0.012456
-0.012456
-0.012432
-0.012432
-0.012432
-0.012456
-0.012481
-0.012456
-0.012432
-0.012456
-0.012481
-0.012481
-0.012456
-0.012432
-0.012456
-0.012481
-0.012481
-0.012456
-0.012481
-0.012481
-0.012481
-0.012506
-0.012506
-0.012481
-0.012481
-0.012481
-0.012506
-0.012506
-0.012506
-0.012481
-0.012481
-0.012506
-0.012506
-0.012481
-0.012481
-0.012506
-0.01253
-0.01253
-0.012506
-0.012481
-0.012481
-0.012506
-0.012506
-0.012506
-0.012506
-0.012506
-0.012506
-0.01253
-0.012506
-0.012506
-0.012506
-0.01253
-0.01253
-0.012506
-0.012506
-0.012506
-0.01253
-0.01253
-0.01253
-0.01253
-0.012506
-0.012506
-0.012506
-0.01253
-0.01253
-0.012506
-0.012506
-0.012506
-0.012506
-0.01253
-0.012506
-0.012481
-0.012506
-0.012506
-0.01253
-0.012506
-0.012506
-0.012506
-0.01253
-0.01253
-0.01253
-0.012506
-0.012506
-0.01253
-0.01253
-0.012506
-0.012481
-0.012506
-0.01253
-0.01253
-0.012506
-0.012481
-0.012481
-0.012506
-0.01253
-0.012506
-0.012481
-0.012506
-0.012481
-0.012481
-0.012506
-0.01253
-0.012506
-0.012481
-0.012506
-0.012506
-0.01253
-0.012506
-0.012506
-0.012506
-0.01253
-0.01253
-0.01253
-0.012506
-0.012506
-0.01253
-0.012555
-0.01253
-0.012506
-0.012506
-0.01253
-0.012555
-0.01253
-0.012506
-0.012506
-0.01253
-0.01253
-0.01253
-0.012506
-0.012506
-0.01253
-0.012555
-0.01253
-0.012506
-0.01253
-0.012555
-0.012555
-0.01253
-0.012456
-0.012407
-0.012383
-0.012383
-0.012383
-0.012358
-0.012309
-0.012284
-0.012333
-0.012407
-0.012456
-0.01253
-0.012629
-0.012727
-0.012752
-0.012727
-0.012678
-0.012653
-0.012629
-0.012604
-0.01258
-0.012555
-0.01253
-0.012555
-0.012555
-0.01253
-0.012506
-0.012506
-0.012506
-0.01253
-0.012506
-0.012506
-0.012506
-0.01253
-0.01253
-0.01253
-0.012506
-0.012506
-0.012506
-0.01253
-0.01253
-0.012506
-0.012481
-0.012481
-0.012506
-0.012506
-0.012506
-0.012481
-0.012481
-0.012506
-0.012506
-0.012506
-0.012481
-0.012481
-0.012481
-0.012506
-0.012481
-0.012481
-0.012456
-0.012481
-0.012506
-0.012481
-0.012481
-0.012456
-0.012481
-0.012506
-0.012481
-0.012481
-0.012456
-0.012481
-0.012506
-0.012481
-0.012456
-0.012456
-0.012481
-0.012506
-0.012481
-0.012456
-0.012456
-0.012481
-0.012456
-0.012481
-0.012481
-0.012481
-0.012456
-0.012456
-0.012481
-0.012481
-0.012481
-0.012456
-0.012456
-0.012481
-0.012481
-0.012481
-0.012456
-0.012456
-0.012481
-0.012481
-0.012481
-0.012456
-0.012456
-0.012481
-0.012481
-0.012481
-0.012456
-0.012456
-0.012481
-0.012506
-0.012506
-0.012481
-0.012481
-0.012506
-0.012506
-0.012506
-0.012481
-0.012481
-0.012506
-0.012506
-0.012506
-0.012481
-0.01253
-0.012506
-0.012506
-0.012506
-0.01253
-0.012506
-0.012506
-0.012481
-0.012506
-0.01253
-0.012506
-0.012506
-0.012481
-0.012506
-0.01253
-0.01253
-0.012506
-0.012506
-0.01253
-0.012555
-0.012555
-0.01253
-0.01253
-0.01253
-0.012555
-0.012555
-0.01253
-0.01253
-0.012555
-0.012555
-0.012555
-0.012555
-0.01253
-0.012555
-0.01258
-0.012555
-0.01253
-0.01253
-0.012555
-0.01258
-0.012555
-0.01258
-0.012555
-0.012555
-0.01253
-0.012555
-0.01258
-0.012555
-0.01253
-0.01253
-0.012555
-0.012555
-0.012555
-0.012555
-0.01253
-0.012555
-0.01258
-0.01258
-0.012555
-0.01253
-0.012555
-0.01258
-0.012555
-0.012555
-0.01253
-0.012555
-0.01258
-0.01258
-0.012555
-0.012555
-0.012555
-0.01258
-0.01258
-0.012555
-0.012555
-0.012555
-0.01258
-0.01258
-0.012555
-0.012555
-0.012555
-0.012555
-0.012555
-0.01258
-0.01258
-0.012555
-0.012555
-0.01258
-0.01258
-0.01258
-0.012555
-0.012555
-0.012555
-0.01258
-0.01258
-0.012555
-0.012555
-0.012555
-0.01258
-0.01258
-0.012555
-0.01253
-0.01253
-0.01258
-0.01258
-0.012555
-0.01253
-0.012555
-0.01258
-0.01258
-0.012555
-0.012555
-0.01258
-0.012604
-0.012604
-0.01258
-0.012555
-0.01258
-0.012604
-0.012604
-0.012629
-0.012604
-0.01258
-0.012604
-0.012629
-0.012629
-0.012604
-0.012604
-0.012604
-0.012629
-0.012629
-0.012604
-0.012604
-0.012604
-0.012629
-0.012629
-0.012604
-0.012604
-0.012604
-0.012629
-0.012629
-0.012604
-0.01258
-0.012555
-0.012555
-0.01253
-0.012456
-0.012432
-0.012456
-0.012456
-0.012432
-0.012407
-0.012432
-0.012506
-0.01258
-0.012653
-0.012752
-0.012776
-0.012801
-0.012801
-0.012678
-0.012678
-0.012678
-0.012653
-0.012629
-0.012629
-0.012629
-0.012629
-0.012604
-0.012604
-0.012604
-0.012604
-0.012629
-0.012604
-0.01258
-0.012604
-0.012629
-0.012629
-0.012604
-0.01258
-0.012604
-0.012629
-0.012629
-0.012604
-0.01258
-0.01258
-0.012604
-0.012604
-0.012604
-0.01258
-0.01258
-0.012604
-0.012604
-0.012604
-0.01258
-0.01258
-0.012604
-0.012604
-0.012604
-0.01258
