2018
6
28
9
42
20.964
-0.025208
-0.025184
-0.025159
-0.025208
-0.025233
-0.025258
-0.025233
-0.025208
-0.025233
-0.025258
-0.025282
-0.025258
-0.025233
-0.025258
-0.025282
-0.025282
-0.025258
-0.025258
-0.025258
-0.025307
-0.025307
-0.025282
-0.025258
-0.025282
-0.025307
-0.025307
-0.025282
-0.025258
-0.025282
-0.025307
-0.025331
-0.025307
-0.025282
-0.025282
-0.025331
-0.025331
-0.025307
-0.025282
-0.025307
-0.025331
-0.025307
-0.025331
-0.025307
-0.025307
-0.025356
-0.025381
-0.025381
-0.025381
-0.025356
-0.025381
-0.025381
-0.025405
-0.025356
-0.025331
-0.025307
-0.025307
-0.025307
-0.025258
-0.025233
-0.025258
-0.025307
-0.025331
-0.025307
-0.025307
-0.025331
-0.025381
-0.025405
-0.025381
-0.025356
-0.025356
-0.025356
-0.025381
-0.025356
-0.025331
-0.025331
-0.025356
-0.025381
-0.025356
-0.025331
-0.025331
-0.025307
-0.025331
-0.025356
-0.025331
-0.025307
-0.025307
-0.025331
-0.025331
-0.025331
-0.025307
-0.025307
-0.025356
-0.025356
-0.025331
-0.025307
-0.025331
-0.025356
-0.025356
-0.025331
-0.025307
-0.025307
-0.025331
-0.025356
-0.025331
-0.025307
-0.025307
-0.025331
-0.025331
-0.025331
-0.025307
-0.025307
-0.025331
-0.025356
-0.025331
-0.025307
-0.025331
-0.025356
-0.025381
-0.025356
-0.025331
-0.025356
-0.025331
-0.025331
-0.025381
-0.025381
-0.025381
-0.025356
-0.025356
-0.025381
-0.025405
-0.025381
-0.025356
-0.025356
-0.025405
-0.025405
-0.025405
-0.025381
-0.025381
-0.025405
-0.02543
-0.025405
-0.025381
-0.025381
-0.025405
-0.02543
-0.025405
-0.025405
-0.025405
-0.02543
-0.02543
-0.02543
-0.025405
-0.025405
-0.02543
-0.025455
-0.02543
-0.025405
-0.025405
-0.02543
-0.025455
-0.025455
-0.025479
-0.025455
-0.02543
-0.02543
-0.025455
-0.025479
-0.025479
-0.02543
-0.02543
-0.025479
-0.025504
-0.025479
-0.025455
-0.025455
-0.025479
-0.025504
-0.025479
-0.025455
-0.025455
-0.025479
-0.025504
-0.025504
-0.025479
-0.025479
-0.025504
-0.025528
-0.025504
-0.025479
-0.025479
-0.025504
-0.025528
-0.025504
-0.025479
-0.025479
-0.025504
-0.025528
-0.025528
-0.025479
-0.025479
-0.025504
-0.025504
-0.025528
-0.025553
-0.025553
-0.025528
-0.025528
-0.025553
-0.025553
-0.025553
-0.025528
-0.025504
-0.025528
-0.025553
-0.025553
-0.025528
-0.025528
-0.025553
-0.025578
-0.025553
-0.025528
-0.025528
-0.025553
-0.025578
-0.025578
-0.025553
-0.025553
-0.025578
-0.025602
-0.025578
-0.025553
-0.025553
-0.025578
-0.025602
-0.025578
-0.025553
-0.025553
-0.025578
-0.025578
-0.025578
-0.025578
-0.025553
-0.025553
-0.025553
-0.025578
-0.025578
-0.025553
-0.025528
-0.025553
-0.025578
-0.025553
-0.025528
-0.025504
-0.025528
-0.025553
-0.025553
-0.025528
-0.025504
-0.025528
-0.025578
-0.025553
-0.025553
-0.025528
-0.025578
-0.025602
-0.025602
-0.025578
-0.025553
-0.025602
-0.025627
-0.025627
-0.025602
-0.025578
-0.025602
-0.025651
-0.025627
-0.025602
-0.025602
-0.025627
-0.025651
-0.025627
-0.025651
-0.025651
-0.025602
-0.025602
-0.025627
-0.025651
-0.025651
-0.025627
-0.025602
-0.025627
-0.025651
-0.025651
-0.025627
-0.025602
-0.025627
-0.025651
-0.025651
-0.025602
-0.025578
-0.025602
-0.025627
-0.025651
-0.025627
-0.025627
-0.025676
-0.025701
-0.025701
-0.025701
-0.025676
-0.025676
-0.025701
-0.025701
-0.025651
-0.025627
-0.025602
-0.025602
-0.025602
-0.025553
-0.025553
-0.025602
-0.025627
-0.025651
-0.025701
-0.025701
-0.025676
-0.025651
-0.025651
-0.025676
-0.025676
-0.025651
-0.025627
-0.025651
-0.025676
-0.025676
-0.025651
-0.025627
-0.025651
-0.025676
-0.025676
-0.025651
-0.025627
-0.025627
-0.025676
-0.025676
-0.025651
-0.025627
-0.025651
-0.025676
-0.025676
-0.025651
-0.025627
-0.025627
-0.025676
-0.025676
-0.025651
-0.025627
-0.025627
-0.025651
-0.025676
-0.025651
-0.025651
-0.025627
-0.025627
-0.025627
-0.025651
-0.025651
-0.025627
-0.025602
-0.025627
-0.025651
-0.025651
-0.025627
-0.025602
-0.025627
-0.025651
-0.025651
-0.025627
-0.025602
-0.025627
-0.025651
-0.025651
-0.025627
-0.025602
-0.025627
-0.025651
-0.025651
-0.025627
-0.025602
-0.025627
-0.025651
-0.025676
-0.025651
-0.025627
-0.025627
-0.025676
-0.025676
-0.025651
-0.025627
-0.025651
-0.025651
-0.025651
-0.025676
-0.025701
-0.025676
-0.025651
-0.025676
-0.025701
-0.025725
-0.025701
-0.025676
-0.025676
-0.025725
-0.025725
-0.025701
-0.025676
-0.025701
-0.025725
-0.025725
-0.025701
-0.025676
-0.025701
-0.025725
-0.02575
-0.025725
-0.025701
-0.025725
-0.02575
-0.02575
-0.02575
-0.025725
-0.025725
-0.02575
-0.025775
-0.02575
-0.025725
-0.025725
-0.025775
-0.025775
-0.02575
-0.025799
-0.025775
-0.02575
-0.02575
-0.025775
-0.025799
-0.025775
-0.02575
-0.02575
-0.025775
-0.025799
-0.025775
-0.02575
-0.02575
-0.025775
-0.025799
-0.025775
-0.02575
-0.02575
-0.025775
-0.025799
-0.025775
-0.02575
-0.025775
-0.025799
-0.025799
-0.025799
-0.025775
-0.025775
-0.025799
-0.025824
-0.025799
-0.025775
-0.025775
-0.025799
-0.025824
-0.025799
-0.025775
-0.025775
-0.025799
-0.025775
-0.025799
-0.025824
-0.025799
-0.025775
-0.025775
-0.025799
-0.025824
-0.025824
-0.025799
-0.025799
-0.025824
-0.025824
-0.025824
-0.025799
-0.025799
-0.025824
-0.025848
-0.025824
-0.025799
-0.025799
-0.025824
-0.025848
-0.025824
-0.025799
-0.025799
-0.025824
-0.025848
-0.025824
-0.025799
-0.025799
-0.025824
-0.025848
-0.025824
-0.025799
-0.025799
-0.025824
-0.025824
-0.025799
-0.025775
-0.025824
-0.025799
-0.025799
-0.025824
-0.025848
-0.025848
-0.025824
-0.025824
-0.025848
-0.025873
-0.025873
-0.025848
-0.025848
-0.025873
-0.025898
-0.025873
-0.025848
-0.025848
-0.025873
-0.025898
-0.025898
-0.025873
-0.025848
-0.025873
-0.025898
-0.025898
-0.025873
-0.025873
-0.025898
-0.025922
-0.025898
-0.025873
-0.025873
-0.025873
-0.025898
-0.025898
-0.025873
-0.025873
-0.025898
-0.025922
-0.025873
-0.025898
-0.025898
-0.025873
-0.025873
-0.025922
-0.025971
-0.025971
-0.025947
-0.025922
-0.025971
-0.025971
-0.025947
-0.025922
-0.025898
-0.025898
-0.025898
-0.025848
-0.025799
-0.025799
-0.025824
-0.025873
-0.025873
-0.025848
-0.025848
-0.025898
-0.025947
-0.025971
-0.025922
-0.025922
-0.025922
-0.025947
-0.025922
-0.025898
-0.025873
-0.025898
-0.025922
-0.025922
-0.025898
-0.025873
-0.025873
-0.025873
-0.025898
-0.025922
-0.025898
-0.025873
-0.025873
-0.025898
-0.025922
-0.025898
-0.025873
-0.025873
-0.025898
-0.025922
-0.025922
-0.025873
-0.025873
-0.025898
-0.025922
-0.025922
-0.025898
-0.025873
-0.025873
-0.025898
-0.025898
-0.025873
-0.025848
-0.025873
-0.025898
-0.025898
-0.025873
-0.025848
-0.025873
-0.025898
-0.025898
-0.025873
-0.025848
-0.025873
-0.025898
-0.025898
-0.025898
-0.025873
-0.025848
-0.025873
-0.025898
-0.025898
-0.025873
-0.025848
-0.025873
-0.025898
-0.025898
-0.025873
-0.025873
-0.025873
-0.025898
-0.025898
-0.025873
-0.025873
-0.025873
-0.025898
-0.025898
-0.025873
-0.025873
-0.025898
-0.025922
-0.025922
-0.025898
-0.025873
-0.025898
-0.025922
-0.025922
-0.025898
-0.025898
-0.025898
-0.025947
-0.025947
-0.025922
-0.025898
-0.025898
-0.025947
-0.025947
-0.025971
-0.025922
-0.025898
-0.025922
-0.025947
-0.025947
-0.025922
-0.025922
-0.025922
-0.025971
-0.025971
-0.025947
-0.025947
-0.025947
-0.025996
-0.025996
-0.025971
-0.025947
-0.025947
-0.025996
-0.025996
-0.025971
-0.025947
-0.025971
-0.025996
-0.025996
-0.025971
-0.025971
-0.025971
-0.025996
-0.026021
-0.025996
-0.025971
-0.025971
-0.026021
-0.026021
-0.025996
-0.025971
-0.025971
-0.025996
-0.026021
-0.026045
-0.026021
-0.025996
-0.025996
-0.026021
-0.026045
-0.026021
-0.025996
-0.025996
-0.026045
-0.026045
-0.026021
-0.025996
-0.026021
-0.026045
-0.026045
-0.026021
-0.025996
-0.026021
-0.026045
-0.026045
-0.026021
-0.025996
-0.025996
-0.026045
-0.026045
-0.026021
-0.025996
-0.026021
-0.026045
-0.026045
-0.026021
-0.025996
-0.026021
-0.026045
-0.02607
-0.026045
-0.026021
-0.026045
-0.026021
-0.026021
-0.026045
-0.02607
-0.026045
-0.026021
-0.026021
-0.026045
-0.02607
-0.026045
-0.026021
-0.026021
-0.026045
-0.026045
-0.026021
-0.025996
-0.025996
-0.026021
-0.026045
-0.026021
-0.025996
-0.025996
-0.026021
-0.026045
-0.026021
-0.026021
-0.026021
-0.026045
-0.026095
-0.02607
-0.026045
-0.026045
-0.026095
-0.026119
-0.026095
-0.026045
-0.026045
-0.026095
-0.026119
-0.026095
-0.026119
-0.026095
-0.02607
-0.02607
-0.026119
-0.026119
-0.026095
-0.02607
-0.02607
-0.026095
-0.026119
-0.026095
-0.02607
-0.02607
-0.026095
-0.026119
-0.026119
-0.02607
-0.02607
-0.026119
-0.026119
-0.026119
-0.026095
-0.02607
-0.026095
-0.026095
-0.026095
-0.02607
-0.026095
-0.026144
-0.026193
-0.026168
-0.026144
-0.026144
-0.026168
-0.026193
-0.026168
-0.026144
-0.026119
-0.026021
-0.026021
-0.026045
-0.026095
-0.026095
-0.02607
-0.02607
-0.026144
-0.026168
-0.026168
-0.026144
-0.026144
-0.026144
-0.026168
-0.026144
-0.026095
-0.026095
-0.026119
-0.026144
-0.026144
-0.026095
-0.026095
-0.026119
-0.026144
-0.026144
-0.026119
-0.026095
-0.026119
-0.026144
-0.026119
-0.026095
-0.026095
-0.026119
-0.026144
-0.026119
-0.026095
-0.02607
-0.026095
-0.026144
-0.026119
-0.026119
-0.026095
-0.026095
-0.026095
-0.026144
-0.026119
-0.026095
-0.02607
-0.026095
-0.026119
-0.026119
-0.026095
-0.02607
-0.026095
-0.026119
-0.026119
-0.02607
-0.02607
-0.026095
-0.026119
-0.026119
-0.026095
-0.02607
-0.026095
-0.026119
-0.026119
-0.026095
-0.02607
-0.026095
-0.026119
-0.026119
-0.026095
-0.02607
-0.026095
-0.026119
-0.026119
-0.026095
-0.02607
-0.026095
-0.026119
-0.026144
-0.026144
-0.026095
-0.026095
-0.026119
-0.026144
-0.026144
-0.026095
-0.026095
-0.026119
-0.026144
-0.026144
-0.026119
-0.026095
-0.026119
-0.026144
-0.026144
-0.026119
-0.026119
-0.026144
-0.026168
-0.026168
-0.026119
-0.026119
-0.026144
-0.026168
-0.026168
-0.026144
-0.026144
-0.026168
-0.026193
-0.026193
-0.026168
-0.026144
-0.026168
-0.026193
-0.026193
-0.026168
-0.026144
-0.026168
-0.026168
-0.026193
-0.026218
-0.026218
-0.026193
-0.026168
-0.026193
-0.026218
-0.026218
-0.026193
-0.026168
-0.026193
-0.026218
-0.026218
-0.026193
-0.026193
-0.026193
-0.026242
-0.026242
-0.026218
-0.026193
-0.026218
-0.026242
-0.026242
-0.026218
-0.026193
-0.026218
-0.026242
-0.026242
-0.026218
-0.026193
-0.026218
-0.026242
-0.026267
-0.026242
-0.026218
-0.026242
-0.026267
-0.026267
-0.026242
-0.026242
-0.026218
-0.026242
-0.026267
-0.026267
-0.026242
-0.026242
-0.026242
-0.026267
-0.026292
-0.026242
-0.026242
-0.026242
-0.026292
-0.026292
-0.026267
-0.026242
-0.026242
-0.026292
-0.026292
-0.026267
-0.026242
-0.026267
-0.026292
-0.026292
-0.026267
-0.026242
-0.026267
-0.026292
-0.026292
-0.026267
-0.026242
-0.026267
-0.026292
-0.026292
-0.026267
-0.026242
-0.026267
-0.026267
-0.026267
-0.026267
-0.026267
-0.026242
-0.026218
-0.026218
-0.026267
-0.026267
-0.026242
-0.026242
-0.026267
-0.026292
-0.026316
-0.026292
-0.026267
-0.026267
-0.026316
-0.026316
-0.026292
-0.026292
-0.026292
-0.026316
-0.026341
-0.026316
-0.026292
-0.026292
-0.026341
-0.026341
-0.026316
-0.026292
-0.026316
-0.026341
-0.026341
-0.026316
-0.026292
-0.026292
-0.026341
-0.026341
-0.026316
-0.026292
-0.026292
-0.026292
-0.026292
-0.026341
-0.026341
-0.026316
-0.026292
-0.026267
-0.026316
-0.026341
-0.026316
-0.026316
-0.026341
-0.02639
-0.026415
-0.02639
-0.026365
-0.026365
-0.02639
-0.02639
-0.026365
-0.026316
-0.026292
-0.026292
-0.026292
-0.026242
-0.026218
-0.026218
-0.026292
-0.026316
-0.026292
-0.026292
-0.026316
-0.026365
-0.02639
-0.026365
-0.026341
-0.026341
-0.026365
-0.026365
-0.026341
-0.026341
-0.026341
-0.026292
-0.026292
-0.026341
-0.026341
-0.026316
-0.026292
-0.026292
-0.026316
-0.026341
-0.026316
-0.026292
-0.026292
-0.026316
-0.026341
-0.026316
-0.026267
-0.026292
-0.026316
-0.026316
-0.026292
-0.026267
-0.026267
-0.026292
-0.026316
-0.026292
-0.026267
-0.026267
-0.026292
-0.026316
-0.026292
-0.026267
-0.026267
-0.026292
-0.026316
-0.026292
-0.026267
-0.026267
-0.026292
-0.026242
-0.026292
-0.026292
-0.026292
-0.026267
-0.026267
-0.026292
-0.026316
-0.026292
-0.026267
-0.026267
-0.026292
-0.026316
-0.026292
-0.026267
-0.026267
-0.026316
-0.026316
-0.026316
-0.026292
-0.026292
-0.026316
-0.026341
-0.026316
-0.026292
-0.026292
-0.026316
-0.026341
-0.026341
-0.026316
-0.026292
-0.026316
-0.026341
-0.026341
-0.026292
-0.026292
-0.026341
-0.026341
-0.026341
-0.026292
-0.026341
-0.026316
-0.026316
-0.026341
-0.026365
-0.026341
-0.026316
-0.026316
-0.026341
-0.026365
-0.026341
-0.026316
-0.026316
-0.026341
-0.026365
-0.026365
-0.026341
-0.026316
-0.026365
-0.02639
-0.026365
-0.026341
-0.026341
-0.026365
-0.02639
-0.02639
-0.026365
-0.026365
-0.02639
-0.026415
-0.02639
-0.026365
-0.026365
-0.02639
-0.026415
-0.02639
-0.026365
-0.026365
-0.02639
-0.026415
-0.02639
-0.026415
-0.026415
-0.02639
-0.02639
-0.026415
-0.026439
-0.026439
-0.02639
-0.02639
-0.026415
-0.026439
-0.026439
-0.02639
-0.02639
-0.026415
-0.026439
-0.026439
-0.026415
-0.02639
-0.026415
-0.026439
-0.026439
-0.026415
-0.02639
-0.026415
-0.026439
-0.026439
-0.026415
-0.02639
-0.026415
-0.026439
-0.026439
-0.026415
-0.026415
-0.026439
-0.026464
-0.026464
-0.026415
-0.026415
-0.026439
-0.026415
-0.026439
-0.026464
-0.026464
-0.026439
-0.026415
-0.026439
-0.026488
-0.026464
-0.026439
-0.026415
-0.026439
-0.026464
-0.026464
-0.026439
-0.026439
-0.026439
-0.026488
-0.026464
-0.026439
-0.026415
-0.026439
-0.026464
-0.026439
-0.026415
-0.02639
-0.026415
-0.026439
-0.026439
-0.026415
-0.02639
-0.026415
-0.026464
-0.026464
-0.026439
-0.026439
-0.026464
-0.026488
-0.026488
-0.026513
-0.026513
-0.026488
-0.026464
-0.026488
-0.026513
-0.026538
-0.026513
-0.026488
-0.026513
-0.026538
-0.026538
-0.026513
-0.026488
-0.026513
-0.026538
-0.026538
-0.026513
-0.026488
-0.026513
-0.026538
-0.026562
-0.026513
-0.026488
-0.026513
-0.026538
-0.026538
-0.026538
-0.026513
-0.026513
-0.026538
-0.026538
-0.026488
-0.026488
-0.026513
-0.026538
-0.026562
-0.026562
-0.026562
-0.026562
-0.026562
-0.026562
-0.026612
-0.026587
-0.026538
-0.026488
-0.026464
-0.026488
-0.026488
-0.026439
-0.026464
-0.026488
-0.026513
-0.026538
-0.026538
-0.026538
-0.026587
-0.026612
-0.026612
-0.026562
-0.026538
-0.026538
-0.026562
-0.026562
-0.026562
-0.026513
-0.026538
-0.026562
-0.026562
-0.026538
-0.026513
-0.026538
-0.026562
-0.026562
-0.026538
-0.026513
-0.026538
-0.026562
-0.026562
-0.026538
-0.026562
-0.026538
-0.026513
-0.026513
-0.026562
-0.026562
-0.026538
-0.026513
-0.026513
-0.026562
-0.026562
-0.026538
-0.026513
-0.026538
-0.026562
-0.026562
-0.026538
-0.026513
-0.026513
-0.026562
-0.026562
-0.026538
-0.026513
-0.026538
-0.026562
-0.026562
-0.026538
-0.026513
-0.026538
-0.026562
-0.026562
-0.026538
-0.026513
-0.026513
-0.026538
-0.026562
-0.026538
-0.026513
-0.026538
-0.026562
-0.026538
-0.026562
-0.026587
-0.026562
-0.026538
-0.026538
-0.026587
-0.026587
-0.026562
-0.026538
-0.026538
-0.026587
-0.026587
-0.026562
-0.026538
-0.026538
-0.026587
-0.026587
-0.026587
-0.026538
-0.026562
-0.026587
-0.026612
-0.026587
-0.026562
-0.026562
-0.026587
-0.026612
-0.026587
-0.026538
-0.026562
-0.026587
-0.026612
-0.026587
-0.026562
-0.026562
-0.026587
-0.026612
-0.026587
-0.026562
-0.026612
-0.026587
-0.026587
-0.026612
-0.026636
-0.026636
-0.026587
-0.026612
-0.026636
-0.026661
-0.026636
-0.026612
-0.026612
-0.026636
-0.026661
-0.026661
-0.026636
-0.026636
-0.026661
-0.026685
-0.026661
-0.026636
-0.026636
-0.026661
-0.026685
-0.026661
-0.026636
-0.026636
-0.026661
-0.026685
-0.026661
-0.026636
-0.026636
-0.026661
-0.026685
-0.026661
-0.026636
-0.026636
-0.026661
-0.026685
-0.026661
-0.026685
-0.026685
-0.026636
-0.026636
-0.026685
-0.02671
-0.026685
-0.026636
-0.026636
-0.026685
-0.02671
-0.026685
-0.026661
-0.026661
-0.026685
-0.02671
-0.026685
-0.026661
-0.026661
-0.026685
-0.02671
-0.02671
-0.026685
-0.026661
-0.026685
-0.02671
-0.026685
-0.026661
-0.026661
-0.026685
-0.02671
-0.026685
-0.026661
-0.026661
-0.026685
-0.02671
-0.02671
-0.026685
-0.026685
-0.026685
-0.026685
-0.02671
-0.026735
-0.02671
-0.026661
-0.026661
-0.026685
-0.02671
-0.026685
-0.026661
-0.026636
-0.026661
-0.026685
-0.026685
-0.026661
-0.026661
-0.026685
-0.02671
-0.02671
-0.02671
-0.02671
-0.02671
-0.026735
-0.026735
-0.02671
-0.02671
-0.026735
-0.026759
-0.026759
-0.026735
-0.02671
-0.026735
-0.026759
-0.026759
-0.026735
-0.02671
-0.026735
-0.026759
-0.026759
-0.026759
-0.026759
-0.026735
-0.02671
-0.026735
-0.026759
-0.026759
-0.026735
-0.02671
-0.026735
-0.026759
-0.026759
-0.026735
-0.02671
-0.02671
-0.026735
-0.026735
-0.026735
-0.026735
-0.026759
-0.026808
-0.026833
-0.026784
-0.026784
-0.026808
-0.026833
-0.026833
-0.026784
-0.026759
-0.026759
-0.026759
-0.026735
-0.026685
-0.026661
-0.026685
-0.026735
-0.026759
-0.026735
-0.02671
-0.026759
-0.026784
-0.026784
-0.026808
-0.026784
-0.026759
-0.026735
-0.026759
-0.026784
-0.026784
-0.026759
-0.026735
-0.026759
-0.026784
-0.026784
-0.026735
-0.02671
-0.026735
-0.026759
-0.026759
-0.026735
-0.02671
-0.026735
-0.026759
-0.026759
-0.026735
-0.02671
-0.02671
-0.026759
-0.026759
-0.026735
-0.02671
-0.026735
-0.026759
-0.026759
-0.026735
-0.02671
-0.026735
-0.026759
-0.026759
-0.026735
-0.026759
-0.026735
-0.02671
-0.026735
-0.026759
-0.026759
-0.026735
-0.02671
-0.026735
-0.026759
-0.026759
-0.026735
-0.02671
-0.026735
-0.026759
-0.026759
-0.026759
-0.026735
-0.026735
-0.026759
-0.026759
-0.026735
-0.026735
-0.026735
-0.026759
-0.026784
-0.026759
-0.026735
-0.026735
-0.026784
-0.026784
-0.026759
-0.026735
-0.026759
-0.026784
-0.026784
-0.026784
-0.026759
-0.026759
-0.026784
-0.026808
-0.026784
-0.026759
-0.026784
-0.026808
-0.026808
-0.026784
-0.026759
-0.026784
-0.026808
-0.026808
-0.026808
-0.026784
-0.026784
-0.026808
-0.026833
-0.026808
-0.026784
-0.026808
-0.026833
-0.026833
-0.026808
-0.026784
-0.026808
-0.026833
-0.026858
-0.026833
-0.026808
-0.026808
-0.026833
-0.026858
-0.026833
-0.026808
-0.026808
-0.026858
-0.026858
-0.026833
-0.026808
-0.026833
-0.026858
-0.026858
-0.026882
-0.026858
-0.026833
-0.026833
-0.026882
-0.026882
-0.026858
-0.026833
-0.026858
-0.026882
-0.026882
-0.026858
-0.026833
-0.026858
-0.026882
-0.026882
-0.026858
-0.026858
-0.026858
-0.026882
-0.026907
-0.026882
-0.026858
-0.026858
-0.026882
-0.026907
-0.026882
-0.026858
-0.026858
-0.026882
-0.026907
-0.026882
-0.026858
-0.026858
-0.026882
-0.026907
-0.026882
-0.026833
-0.026858
-0.026858
-0.026858
-0.026882
-0.026882
-0.026882
-0.026858
-0.026858
-0.026882
-0.026907
-0.026882
-0.026858
-0.026858
-0.026882
-0.026907
-0.026882
-0.026858
-0.026858
-0.026882
-0.026907
-0.026882
-0.026858
-0.026858
-0.026882
-0.026907
-0.026882
-0.026858
-0.026858
-0.026858
-0.026882
-0.026858
-0.026833
-0.026833
-0.026833
-0.026858
-0.026833
-0.026808
-0.026808
-0.026833
-0.026858
-0.026858
-0.026907
-0.026882
-0.026858
-0.026858
-0.026907
-0.026932
-0.026907
-0.026882
-0.026882
-0.026932
-0.026932
-0.026932
-0.026907
-0.026907
-0.026932
-0.026932
-0.026932
-0.026907
-0.026907
-0.026932
-0.026956
-0.026932
-0.026907
-0.026907
-0.026932
-0.026956
-0.026932
-0.026907
-0.026907
-0.026932
-0.026956
-0.026956
-0.026932
-0.026907
-0.026956
-0.026956
-0.026932
-0.026882
-0.026882
-0.026932
-0.026956
-0.026981
-0.027005
-0.027005
-0.026981
-0.026956
-0.026981
-0.027005
-0.026981
-0.026907
-0.026882
-0.026882
-0.026882
-0.026858
-0.026833
-0.026858
-0.026907
-0.026907
-0.026932
-0.026932
-0.026932
-0.026981
-0.027005
-0.026981
-0.026932
-0.026907
-0.026932
-0.026956
-0.026932
-0.026907
-0.026907
-0.026932
-0.026932
-0.026932
-0.026907
-0.026907
-0.026932
-0.026956
-0.026932
-0.026907
-0.026932
-0.026907
-0.026882
-0.026907
-0.026932
-0.026932
-0.026907
-0.026882
-0.026907
-0.026932
-0.026932
-0.026907
-0.026882
-0.026907
-0.026932
-0.026932
-0.026907
-0.026882
-0.026907
-0.026932
-0.026932
-0.026882
-0.026882
-0.026907
-0.026932
-0.026907
-0.026882
-0.026882
-0.026907
-0.026932
-0.026932
-0.026882
-0.026882
-0.026907
-0.026932
-0.026932
-0.026882
-0.026882
-0.026907
-0.026932
-0.026907
-0.026932
-0.026907
-0.026882
-0.026882
-0.026907
-0.026932
-0.026932
-0.026882
-0.026882
-0.026907
-0.026932
-0.026932
-0.026907
-0.026882
-0.026907
-0.026932
-0.026932
-0.026907
-0.026907
-0.026932
-0.026956
-0.026956
-0.026907
-0.026907
-0.026932
-0.026956
-0.026956
-0.026907
-0.026907
-0.026932
-0.026956
-0.026956
-0.026932
-0.026907
-0.026932
-0.026956
-0.026956
-0.026932
-0.026907
-0.026932
-0.026932
-0.026956
-0.026981
-0.026981
-0.026956
-0.026932
-0.026956
-0.026981
-0.027005
-0.026981
-0.026956
-0.026981
-0.027005
-0.027005
-0.026981
-0.026956
-0.026981
-0.027005
-0.027005
-0.026981
-0.026981
-0.026981
-0.02703
-0.02703
-0.027005
-0.026981
-0.026981
-0.02703
-0.02703
-0.027005
-0.026981
-0.027005
-0.02703
-0.02703
-0.027005
-0.026981
-0.027005
-0.02703
-0.02703
-0.02703
-0.02703
-0.027005
-0.026981
-0.027005
-0.02703
-0.027055
-0.02703
-0.027005
-0.02703
-0.027055
-0.027055
-0.02703
-0.027005
-0.02703
-0.027055
-0.027079
-0.02703
-0.027005
-0.02703
-0.027055
-0.027055
-0.02703
-0.02703
-0.02703
-0.027079
-0.027079
-0.027055
-0.02703
-0.02703
-0.027079
-0.027079
-0.027055
-0.02703
-0.02703
-0.027055
-0.027079
-0.027055
-0.02703
-0.02703
-0.02703
-0.02703
-0.027079
-0.027079
-0.027055
-0.02703
-0.02703
-0.027055
-0.027055
-0.02703
-0.027005
-0.027005
-0.02703
-0.02703
-0.027005
-0.026981
-0.026981
-0.027005
-0.02703
-0.027005
-0.026981
-0.027005
-0.02703
-0.027055
-0.027055
-0.02703
-0.02703
-0.027079
-0.027079
-0.027079
-0.027055
-0.027055
-0.027079
-0.027104
-0.027079
-0.027055
-0.027079
-0.027104
-0.027129
-0.027104
-0.027104
-0.027079
-0.027104
-0.027129
-0.027129
-0.027104
-0.027079
-0.027104
-0.027129
-0.027129
-0.027104
-0.027079
-0.027104
-0.027129
-0.027129
-0.027104
-0.027079
-0.027104
-0.027104
-0.027104
-0.027104
-0.027079
-0.027104
-0.027129
-0.027178
-0.027153
-0.027129
-0.027153
-0.027178
-0.027178
-0.027153
-0.027129
-0.027129
-0.027153
-0.027129
-0.027079
-0.02703
-0.02703
-0.027055
-0.027079
-0.027129
-0.027153
-0.027153
-0.027129
-0.027153
-0.027178
-0.027178
-0.027129
-0.027104
-0.027104
-0.027129
-0.027153
-0.027129
-0.027104
-0.027104
-0.027129
-0.027129
-0.027129
-0.027079
-0.027079
-0.027104
-0.027129
-0.027104
-0.027079
-0.027079
-0.027104
-0.027129
-0.027104
-0.027079
-0.027079
-0.027104
-0.027129
-0.027104
-0.027079
-0.027079
-0.027104
-0.027129
-0.027104
-0.027079
-0.027079
-0.027079
-0.027079
-0.027104
-0.027129
-0.027104
-0.027079
-0.027079
-0.027104
-0.027129
-0.027104
-0.027079
-0.027079
-0.027104
-0.027129
-0.027104
-0.027079
-0.027079
-0.027104
-0.027129
-0.027104
-0.027079
-0.027079
-0.027104
-0.027129
-0.027104
-0.027079
-0.027079
-0.027104
-0.027129
-0.027104
-0.027079
-0.027079
-0.027104
-0.027129
-0.027104
-0.027079
-0.027079
-0.027104
-0.027129
-0.027129
-0.027153
-0.027129
-0.027104
-0.027104
-0.027129
-0.027153
-0.027129
-0.027104
-0.027104
-0.027129
-0.027153
-0.027129
-0.027104
-0.027104
-0.027129
-0.027153
-0.027153
-0.027129
-0.027104
-0.027153
-0.027153
-0.027153
-0.027129
-0.027129
-0.027153
-0.027178
-0.027178
-0.027153
-0.027153
-0.027178
-0.027202
-0.027178
-0.027153
-0.027153
-0.027178
-0.027202
-0.027202
-0.027178
-0.027178
-0.027202
-0.027178
-0.027202
-0.027227
-0.027227
-0.027178
-0.027178
-0.027202
-0.027227
-0.027202
-0.027178
-0.027178
-0.027202
-0.027227
-0.027227
-0.027178
-0.027178
-0.027202
-0.027227
-0.027227
-0.027202
-0.027202
-0.027227
-0.027252
-0.027227
-0.027202
-0.027202
-0.027227
-0.027252
-0.027252
-0.027202
-0.027202
-0.027227
-0.027252
-0.027252
-0.027202
-0.027202
-0.027227
-0.027252
-0.027252
-0.027202
-0.027252
-0.027202
-0.027202
-0.027227
-0.027252
-0.027252
-0.027227
-0.027202
-0.027227
-0.027252
-0.027252
-0.027227
-0.027202
-0.027227
-0.027252
-0.027252
-0.027227
-0.027202
-0.027227
-0.027252
-0.027252
-0.027227
-0.027227
-0.027252
-0.027276
-0.027276
-0.027227
-0.027227
-0.027252
-0.027276
-0.027276
-0.027252
-0.027227
-0.027227
-0.027252
-0.027252
-0.027227
-0.027202
-0.027227
-0.027252
-0.027252
-0.027252
-0.027227
-0.027227
-0.027252
-0.027301
-0.027276
-0.027252
-0.027252
-0.027276
-0.027301
-0.027301
-0.027276
-0.027252
-0.027276
-0.027325
-0.027325
-0.027301
-0.027276
-0.027301
-0.027325
-0.027325
-0.027301
-0.027301
-0.027301
-0.027325
-0.027325
-0.027301
-0.027276
-0.027301
-0.027325
-0.027325
-0.027301
-0.027301
-0.027325
-0.02735
-0.02735
-0.027301
-0.027301
-0.027325
-0.027276
-0.027325
-0.02735
-0.02735
-0.02735
-0.02735
-0.027375
-0.027424
-0.027424
-0.027399
-0.027375
-0.027375
-0.027424
-0.027399
-0.02735
-0.027301
-0.027276
-0.027301
-0.027276
-0.027252
-0.027276
-0.027301
-0.027325
-0.02735
-0.02735
-0.027375
-0.027399
-0.027424
-0.027424
-0.027375
-0.02735
-0.02735
-0.027399
-0.027399
-0.02735
-0.02735
-0.02735
-0.027399
-0.027399
-0.027375
-0.02735
-0.02735
-0.02735
-0.027375
-0.027375
-0.02735
-0.02735
-0.02735
-0.027375
-0.027399
-0.027375
-0.02735
-0.027375
-0.027399
-0.027399
-0.027375
-0.02735
-0.027375
-0.027424
-0.027424
-0.027399
-0.027375
-0.027375
-0.027399
-0.027424
-0.027399
-0.027375
-0.027375
-0.027424
-0.027424
-0.027399
-0.027375
-0.027399
-0.027424
-0.027424
-0.027399
-0.027375
-0.027399
-0.027424
-0.027424
-0.027424
-0.027424
-0.027399
-0.027375
-0.027399
-0.027424
-0.027424
-0.027424
-0.027399
-0.027399
-0.027449
-0.027449
-0.027449
-0.027424
-0.027449
-0.027473
-0.027498
-0.027473
-0.027449
-0.027449
-0.027498
-0.027498
-0.027473
-0.027449
-0.027449
-0.027498
-0.027498
-0.027473
-0.027449
-0.027449
-0.027473
-0.027473
-0.027449
-0.027424
-0.027449
-0.027473
-0.027473
-0.027449
-0.027449
-0.027449
